599 441 1470 686 1087 1484 381 361 1682 1307 336 1910 1087 1307 1424 1443 1434 1470 1762 1470
1470 686 1087 1369 381 361 578 1307 1675 1910 1087 1560 1424 1443 1434 1470 1762 1470 686 1087
462 1470 27 1470 686 1087 1307 381 361 578 1307 131 1910 1087 1560 1424 1443 844 1470 396
131 1470 396 578 642 309 1470 844 1470 396 1087 1369 309 599 1087 642 1675 1443 462 1470
1560 642 336 1443 462 1470 27 1470 686 1087 1307 381 361 578 1307 131 1910 1087 1560 1424
1675 1443 462 1470 27 1470 441 1470 619 1757 441 1470 686 1087 1484 381 361 578 1307 1675
1757 441 1470 686 1300 1424 381 361 1682 1307 336 1910 1087 1307 1424 1443 1434 1470 1762 1470
1470 1762 1470 619 1757 441 1470 686 1087 1369 381 361 1682 1307 336 1910 1087 1307 1424 1443
441 1470 686 1087 1369 381 361 1682 1307 1675 1910 1087 1300 1424 1443 1434 1470 1762 1470 686
1470 1434 1470 396 1087 1484 309 1910 1560 642 1675 1443 462 1470 27 1470 441 1470 619 1757
1470 396 1560 642 336 1443 462 1470 27 1470 686 1087 1307 381 361 578 1307 131 1910 1087
1369 381 361 1682 1307 1675 1910 1087 1300 1424 1443 1434 1470 1762 1470 686 1087 1300 309 1443
1560 1424 1443 1434 1470 1762 1470 686 1087 1484 309 1443 619 1757 396 578 1560 1424 1910 619
1424 381 361 1682 1307 1675 1910 1087 1300 1424 1443 1434 1470 1762 1470 686 1087 1484 309 1443
642 309 1443 686 578 1307 309 1470 1434 1470 396 1087 1484 309 1910 1560 642 1675 1443 462
686 578 1560 309 1470 1434 1470 396 1087 1369 309 599 1087 642 1675 1443 462 1470 27 1470
619 1762 1470 441 1470 686 1087 1369 381 361 1682 1307 336 1910 1087 1307 1424 1443 1434 1470
619 1757 1762 1470 441 1470 686 1087 1484 381 361 578 1307 336 1910 1087 1307 1424 1443 1434
1560 642 336 1443 462 1470 27 1470 686 1087 1307 381 361 578 1307 131 1910 1087 1560 1424
599 27 1470 619 1757 1762 1470 441 599 441 1470 396 1300 642 381 361 1682 1307 336 1910
1443 1434 1470 396 1087 642 1424 1443 844 1470 1434 1470 396 1087 642 309 1443 686 578 642
381 361 1682 1307 336 1910 1087 1307 1424 1443 1434 1470 1762 1470 686 1087 1484 309 1443 599
1369 336 1443 844 1470 396 578 1560 1424 1443 1762 1470 1434 1470 396 1087 642 309 1443 686
1307 381 361 578 1307 131 1910 1087 1560 1424 1443 844 1470 396 1087 1369 336 1443 844 1470
396 578 1087 1424 1470 441 1470 619 1757 441 1470 686 1087 1369 381 361 578 1307 1675 1910
396 1087 642 309 1443 686 578 1484 309 1470 1434 1470 396 1087 1560 309 1910 1087 642 1675
1560 1424 1443 116 1470 396 578 1484 1434 1443 131 1470 396 578 642 309 1470 844 1470 396
1443 131 1470 396 578 642 309 1470 844 1470 396 1087 1369 309 599 1087 642 1675 1443 462
578 1307 336 1910 1087 1484 1424 1443 1434 1470 396 1087 1307 336 1443 844 1470 396 578 642
441 1470 686 1560 642 381 361 578 1307 336 1910 1087 1307 1424 1443 1434 1470 1762 1470 686
599 619 1757 441 1470 686 1300 1424 381 361 1682 1307 336 1910 1087 1307 1424 1443 1434 1470
1087 1307 1424 1443 1434 1470 1762 1470 686 1087 1307 309 1443 396 578 1560 1424 1910 619 1757
1307 1675 1910 1087 1560 1424 1443 1434 1470 1762 1470 686 1087 1484 309 1443 396 578 1484 1424
1470 1434 1470 396 1087 1484 309 1910 1560 642 1675 1443 462 1470 27 1470 619 1757 1762 1470
1087 1307 336 1443 1434 1470 396 1087 642 1424 1443 844 1470 1434 1470 396 1087 642 309 1443
1470 441 1470 619 1757 441 1470 686 1087 1484 381 361 578 1307 336 1910 1087 1307 1424 1443
578 1307 1675 1910 1087 1560 1424 1443 1434 1470 396 1087 1307 336 1443 1434 1470 396 1087 642
381 361 578 1307 336 1910 1087 1484 1424 1443 1434 1470 396 1087 1307 336 1443 844 1470 396
396 1087 642 1424 1675 1470 1560 844 1470 396 1087 642 309 1443 686 1087 1484 1424 1470 1434
1443 844 1470 396 578 642 1424 131 1470 1470 1434 1470 396 1087 642 309 1443 686 578 1307
1424 1443 844 1470 396 1087 1307 336 1443 1434 1470 396 1087 642 1424 1307 1470 1560 844 1470
1470 619 1757 441 1470 686 1087 1369 381 361 578 1307 1675 1910 1087 1560 1424 1443 1434 1470
441 1470 686 1087 1484 381 361 578 1307 1675 1910 1087 1560 1424 1443 1434 1470 1762 1470 686
1434 1470 396 1087 1484 309 1910 1560 642 1675 1443 462 1470 27 1470 441 1470 619 1757 441
336 1443 462 1470 27 1470 686 1087 1307 381 361 578 1307 131 1910 1087 1560 1424 1443 844
1470 686 1087 1307 381 361 578 1307 131 1910 1087 1560 1424 1443 844 1470 396 1087 1369 336
1470 686 578 1307 1675 1910 1087 1560 1424 1443 1434 1470 396 1087 1307 336 1443 1434 1470 396
441 1470 686 1087 1484 381 361 578 1307 1675 1910 1087 1560 1424 1443 1434 1470 1762 1470 686
1443 462 1470 27 1470 441 1470 619 1757 441 1470 396 1087 1484 381 361 578 1307 1675 1910
27 1470 844 1470 619 1757 441 1470 686 1087 1484 381 361 578 1307 1675 1910 1087 1560 1424
1434 1470 396 1087 642 309 1443 686 578 1484 309 1470 1434 1470 396 1087 1560 309 1910 1087
396 578 642 309 1470 844 1470 396 1087 1369 309 599 1087 642 1675 1443 462 1470 27 1470
1424 1443 1434 1470 1762 1470 686 1087 1307 309 1443 619 1757 396 578 1560 1424 1910 619 1757
1757 441 1470 441 1470 441 1470 619 1757 1762 1470 441 1470 686 1560 642 381 361 578 1307
1087 1369 309 599 1087 642 1675 1443 462 1470 27 1470 619 1757 844 1470 441 1470 686 1087
396 1087 1369 309 599 1087 642 1675 1443 462 1470 27 1470 619 1757 844 1470 441 1470 686
1470 1560 396 578 642 1424 1443 116 1470 844 1470 396 578 1560 309 1443 686 578 1560 309
1757 1762 1470 441 1470 396 1560 642 381 361 578 1307 1675 1910 1087 1560 1424 1443 1434 1470
1470 441 599 441 1470 396 1300 642 381 361 1682 1307 336 1910 1087 1307 1424 1443 1434 1470
1470 1762 1470 686 1087 1307 309 1443 396 578 1087 1424 1910 619 1757 396 578 1369 1424 1910
1470 1762 1470 686 1087 1307 309 1443 686 1682 1300 381 1910 619 1757 599 1682 642 1424 1910
1434 1470 396 1087 1369 309 599 1087 642 1675 1443 462 1470 27 1470 619 1757 441 1470 441
1675 1443 462 1470 27 1470 619 1757 441 1470 441 1470 686 1087 1484 381 361 578 1307 336
1087 1484 381 361 578 1307 336 1910 1087 1307 1424 1443 1434 1470 1762 1470 686 1087 1484 309
396 1087 1484 336 844 1470 1560 396 578 642 1424 1443 116 1470 844 1470 396 578 1560 309
1675 1910 1087 1560 1424 1443 1434 1470 396 1087 1307 336 1443 844 1470 396 1087 642 1424 116
1087 1560 1424 1443 844 1470 396 1087 1369 336 1443 844 1470 396 578 1560 1424 1443 462 1470
686 1560 642 381 361 578 1307 336 1910 1087 1307 1424 1443 1434 1470 1762 1470 686 1087 1307
1470 396 1087 1369 309 1910 1560 642 1675 1443 462 1470 27 1470 396 578 1560 1424 1470 441
642 1424 1443 116 1470 1434 1470 396 578 1560 309 1443 686 578 642 1424 1470 844 1470 396
1369 381 361 1682 1307 336 1910 1087 1307 1424 1443 1434 1470 1762 1470 599 1087 1307 309 1443
441 1470 686 1560 642 381 361 578 1307 336 1910 1087 1307 1424 1443 1434 1470 1762 1470 686
844 1470 396 1087 1307 336 1443 1434 1470 396 1087 642 1424 1443 844 1470 1434 1470 396 1087
578 1307 131 1910 1087 1560 1424 1443 844 1470 396 1087 1369 336 1443 844 1470 396 578 1560
599 1682 1307 1675 1910 1087 1300 1424 1443 1434 1470 1762 1470 686 1087 1307 309 1443 686 1682
599 1087 642 1675 1443 462 1470 27 1470 619 1757 441 1470 441 1470 686 1560 642 381 361
1307 336 1910 1087 1307 1424 1443 1434 1470 1762 1470 686 1087 1307 309 1443 619 1757 396 578
1470 396 578 1560 309 1443 686 578 642 1424 1470 844 1470 396 1087 1369 309 1910 1560 642
441 1470 686 1087 1369 381 599 578 1369 336 1910 1087 1307 1424 1443 1434 1470 1762 1470 686
396 578 1087 1424 1470 441 1470 619 1757 441 1470 686 1087 1369 381 361 578 1307 1675 1910
1560 309 1443 686 578 642 1424 1470 844 1470 396 1087 1369 309 1910 1560 642 1675 1443 462
1470 619 1757 441 1470 396 578 1484 1424 1470 441 1470 619 1757 441 1470 686 1087 1484 381
578 1307 1675 1910 1087 1560 1424 1443 1434 1470 396 1087 1307 336 1443 1434 1470 396 1087 642
441 1470 619 1757 441 1470 441 1470 441 1470 619 1757 1762 1470 441 1470 396 1560 642 381
1300 381 599 1682 1307 1675 1910 1087 1300 1424 1443 1434 1470 1762 1470 686 1087 1307 309 1443
1307 336 1443 1470 1470 396 578 1560 1424 1443 462 1470 396 578 1484 1434 1443 131 1470 396
686 578 1307 1675 1910 1087 1560 1424 1443 1434 1470 396 1087 1307 336 1443 844 1470 396 1087
1910 1087 1484 1424 1443 844 1470 396 1087 1307 336 1443 844 1470 396 578 642 1424 131 1470
686 578 1484 309 1470 844 1470 396 1087 1560 309 1910 1087 642 1675 1443 462 1470 27 1470
1300 642 381 361 1682 1307 336 1910 1087 1307 1424 1443 1434 1470 1762 1470 686 1087 1307 309
462 1470 396 1560 642 336 1443 462 1470 27 1470 686 1087 1307 381 361 578 1307 131 1910
578 1560 309 1470 1434 1470 396 1087 1369 309 599 1087 642 1675 1443 462 1470 27 1470 619
1470 686 1560 642 381 361 578 1307 336 1910 1087 1307 1424 1443 1434 1470 1762 1470 686 1087
1675 1443 462 1470 27 1470 619 1757 441 1470 441 1470 686 1560 642 381 361 578 1307 336
396 578 642 309 1470 844 1470 396 1087 1369 309 599 1087 642 1675 1443 462 1470 27 1470
1910 1087 1307 1424 1443 1434 1470 1762 1470 686 1087 1484 309 1443 599 1682 1307 1424 1910 619
1560 642 336 1443 462 1470 27 1470 686 1087 1307 381 361 578 1307 131 1910 1087 1560 1424
1470 441 1470 686 1087 1307 381 361 1682 1307 1675 1910 1087 1300 1424 1443 1434 1470 1762 1470
1757 441 1470 686 1087 1484 381 361 578 1307 1675 1910 1087 1560 1424 1443 1434 1470 1762 1470
336 1910 1087 1307 1424 1443 1434 1470 1762 1470 686 1087 1307 309 1443 396 578 1560 1424 1910
578 1484 1424 1470 441 1470 619 1757 441 1470 686 1087 1484 381 361 578 1307 336 1910 1087
1910 1087 1560 1424 1443 1434 1470 1762 1470 686 1087 1484 309 1443 619 1757 396 578 1560 1424
686 578 1484 309 1470 844 1470 396 1087 1560 309 1910 1087 642 1675 1443 462 1470 27 1470
1307 1424 1443 1434 1470 1762 1470 686 1087 1307 309 1443 396 578 1560 1424 1910 619 1757 396
396 578 1560 1424 1470 441 1470 686 578 1369 381 1470 686 578 1307 1675 1910 1087 1560 1424
131 1470 1470 1434 1470 396 1087 642 309 1443 686 578 1307 309 1470 1434 1470 396 1087 1484
381 361 578 1307 336 1910 1087 1307 1424 1443 1434 1470 1762 1470 686 1087 1307 309 1443 619
441 1470 619 1757 441 1470 686 1087 1484 381 361 578 1307 336 1910 1087 1307 1424 1443 1434
309 1910 1560 642 1675 1443 462 1470 27 1470 396 578 1087 1424 1470 441 1470 619 1757 441
578 1307 336 1910 1087 642 1424 1443 1434 1470 396 1087 1307 336 1443 1434 1470 396 578 1560
396 1087 642 309 1443 686 578 1307 309 1470 1434 1470 396 1087 1484 309 1910 1560 642 1675
642 309 1470 1434 1470 396 1087 1369 309 599 1087 642 1675 1443 462 1470 27 1470 619 1757
686 1087 1484 381 361 578 1307 336 1910 1087 1307 1424 1443 1434 1470 1762 1470 686 1087 1307
1424 1443 844 1470 686 1087 1307 336 1443 1434 1470 396 578 1560 1424 1443 116 1470 396 578
1910 1087 1560 1424 1443 844 1470 396 1087 1484 336 844 1470 1300 396 578 642 1424 1443 116
642 1424 1443 844 1470 396 1087 1307 336 1443 1470 1470 396 578 1560 1424 1443 116 1470 396
578 1307 1675 1910 1087 1560 1424 1443 1434 1470 1762 1470 686 1087 1484 309 1443 396 578 1484
381 361 578 1307 1675 1910 1087 1560 1424 1443 1434 1470 1762 1470 686 1087 1484 309 1443 396
1470 441 1470 686 1087 1484 381 361 578 1307 336 1910 1087 1307 1424 1443 1434 1470 1762 1470
1762 1470 686 1560 642 336 1443 462 1910 396 578 1560 1424 1470 441 1470 686 578 1369 381
1087 1300 1424 1443 1434 1470 1762 1470 686 1087 1307 309 1443 686 1682 1300 381 1910 619 1757
1443 1434 1470 396 1087 1307 336 1443 1434 1470 396 1087 642 1424 1443 844 1470 1434 1470 396
1307 1424 1443 1434 1470 1762 1470 686 1087 1307 309 1443 619 1757 396 578 1560 1424 1910 619
1087 1484 381 361 1682 1307 336 1910 1087 1307 1424 1443 1434 1470 1762 1470 686 1087 1484 309
381 361 1682 1307 1675 1910 1087 1300 1424 1443 1434 1470 1762 1470 686 1087 1484 309 1443 619
619 1757 1762 1470 441 599 441 1470 686 1300 642 381 361 1682 1307 336 1910 1087 1307 1424
1484 336 1910 1087 1484 1424 1443 1434 1470 396 1087 1307 336 1443 1434 1470 396 578 642 1424
1434 1470 396 1087 1369 309 599 1087 642 1675 1443 462 1470 27 1470 619 1757 441 1470 441
1307 381 361 578 1307 131 1910 1087 1560 1424 1443 844 1470 396 1087 1369 336 1443 844 1470
1424 381 361 1682 1307 1675 1910 1087 1300 1424 1443 1434 1470 1762 1470 686 1087 1484 309 1443
396 1087 1369 381 361 578 1307 1675 1910 1087 1560 1424 1443 1434 1470 1762 1470 686 1087 1484
396 1087 642 309 1443 686 1087 1087 1424 1470 1434 1470 396 1087 1484 309 1910 1560 642 1675
642 1675 1443 462 1470 27 1470 396 578 1087 1424 1470 441 1470 619 1757 441 1470 686 1087
1087 1307 1424 1443 1434 1470 1762 1470 686 1087 1484 309 1443 396 1682 1307 1424 1910 619 1757
1470 619 1757 441 1470 396 1087 1484 381 361 578 1307 336 1910 1087 1307 1424 1443 1434 1470
1470 396 1087 1484 309 1910 1560 642 1675 1443 462 1470 27 1470 619 1757 1762 1470 27 1470
361 578 1307 1675 1910 1087 1560 1424 1443 1434 1470 1762 1470 686 1087 1484 309 1443 396 578
1560 642 336 1443 462 1470 27 1470 686 1087 1307 381 361 578 1307 131 1910 1087 1560 1424
1470 396 578 1560 1424 1443 462 1470 396 578 1484 1434 1443 131 1470 396 578 642 309 1470
1443 686 1087 1087 1424 1470 1434 1470 396 1087 1484 309 1910 1560 642 1675 1443 462 1470 27
1443 462 1470 27 1470 686 1087 1307 381 361 578 1307 131 1910 1087 1560 1424 1443 844 1470
441 1470 619 1757 441 1470 441 1470 441 1470 619 1757 1762 1470 441 1470 396 1560 642 381
1087 1369 381 599 578 1369 336 1910 1087 1307 1424 1443 1434 1470 1762 1470 686 1087 116 309
116 1470 1434 1470 396 578 1560 309 1443 686 578 642 1424 1470 844 1470 396 1087 1369 309
336 1443 1434 1470 396 1087 642 1424 1443 844 1470 1434 1470 396 1087 642 309 1443 686 578
642 1675 1443 462 1470 27 1470 441 1470 619 1757 441 1470 686 1087 1484 381 361 578 1307
1484 336 1910 1087 1484 1424 1443 1434 1470 396 1087 1307 336 1443 1434 1470 396 578 642 1424
1470 686 1087 1369 381 599 578 1369 336 1910 1087 1307 1424 1443 1434 1470 1762 1470 686 1087
462 1470 27 1470 619 1757 441 1470 441 1470 686 1560 642 381 361 578 1307 336 1910 1087
462 1470 27 1470 686 1087 1307 381 361 578 1307 131 1910 1087 1560 1424 1443 844 1470 396
1087 1307 336 1443 844 1470 396 1087 642 1424 1307 1470 1910 844 1470 396 1087 642 309 1443
27 1470 599 1682 642 1424 1470 441 1470 441 1470 686 1087 1307 381 361 1682 1307 1675 1910
396 1369 116 1443 844 1470 1762 1470 686 1560 642 336 1443 462 1910 396 578 1560 1424 1470
686 578 1307 1675 1910 1087 1560 1424 1443 1434 1470 396 1087 1307 336 1443 844 1470 396 1087
1087 1484 381 361 578 1307 1675 1910 1087 1560 1424 1443 1434 1470 1762 1470 686 1087 1484 309
441 1470 441 1470 686 1560 642 381 361 578 1307 336 1910 1087 1307 1424 1443 1434 1470 1762
1470 686 1087 1484 381 361 578 1307 1675 1910 1087 1560 1424 1443 1434 1470 1762 1470 686 1087
1470 686 1300 642 381 361 1682 1307 336 1910 1087 1307 1424 1443 1434 1470 1762 1470 686 1087
642 1675 1443 462 1470 27 1470 619 1757 1762 1470 27 1470 686 1087 1484 381 361 578 1307
1910 1087 1560 1424 1443 1434 1470 1762 1470 686 1087 1484 309 1443 619 1757 396 578 1560 1424
309 1443 686 578 642 1424 1470 844 1470 396 1087 1369 309 1910 1560 642 1675 1443 462 1470
1470 396 1087 642 309 1443 686 578 642 309 1470 1434 1470 396 1087 1369 309 599 1087 642
578 1560 309 1443 686 578 1560 309 1470 1434 1470 396 1087 1369 309 599 1087 642 1675 1443
361 578 1307 336 1910 1087 1307 1424 1443 1434 1470 1762 1470 686 1087 1307 309 1443 619 1757
309 1443 686 578 642 1424 1470 844 1470 396 1087 1369 309 1910 1560 642 1675 1443 462 1470
1470 441 599 441 1470 396 1300 642 381 361 1682 1307 336 1910 1087 1307 1424 1443 1434 1470
1307 1424 1443 1434 1470 1762 1470 686 1087 1307 309 1443 619 1757 396 578 1560 1424 1910 619
1470 396 1087 1369 309 599 1087 642 1675 1443 462 1470 27 1470 619 1757 441 1470 441 1470
1757 441 1470 686 1300 1424 381 361 1682 1307 336 1910 1087 1307 1424 1443 1434 1470 1762 1470
619 1757 844 1470 441 1470 686 1087 1484 381 361 578 1307 336 1910 1087 1307 1424 1443 1434
1443 844 1470 1434 1470 396 1087 642 309 1443 686 578 642 309 1470 1434 1470 396 1087 1369
462 1470 27 1470 619 1757 441 1470 441 1470 686 1087 1484 381 361 578 1307 336 1910 1087
1470 619 1757 441 1470 686 1087 1484 381 361 578 1307 1675 1910 1087 1560 1424 1443 1434 1470
309 1443 686 1087 1087 1424 1470 1434 1470 396 1087 1484 309 1910 1560 642 1675 1443 462 1470
578 1307 1675 1910 1087 1560 1424 1443 1434 1470 396 1087 1307 336 1443 1434 1470 396 1087 642
599 619 1757 441 1470 686 1300 1424 381 361 1682 1307 1675 1910 1087 1560 1424 1443 1434 1470
578 1307 131 1910 1087 1560 1424 1443 844 1470 396 1087 1369 336 1443 844 1470 396 578 1560
309 1910 1560 642 1675 1443 462 1470 27 1470 441 1470 619 1757 441 1470 686 1087 1484 381
599 619 1757 441 1470 686 1300 1424 381 361 1682 1307 1675 1910 1087 1560 1424 1443 1434 1470
27 1470 599 1682 642 1424 1470 441 1470 441 1470 686 1087 1307 381 361 1682 1307 1675 1910
1560 1424 1443 844 1470 396 1087 1307 336 1443 844 1470 396 1087 642 1424 1307 1470 1560 844
1762 1470 441 1470 686 1087 1369 381 361 1682 1307 336 1910 1087 1307 1424 1443 1434 1470 1762
441 1470 686 1560 642 381 361 578 1307 336 1910 1087 1307 1424 1443 1434 1470 1762 1470 686
1470 1434 1470 396 1087 642 309 1443 686 578 1484 309 1470 1434 1470 396 1087 1560 309 1910
1087 642 309 1443 686 578 1307 309 1470 1434 1470 396 1087 1484 309 1910 1560 642 1675 1443
1087 1484 381 361 578 1307 1675 1910 1087 1560 1424 1443 1434 1470 1762 1470 686 1087 1484 309
27 1470 686 1087 1307 381 361 578 1307 131 1910 1087 1560 1424 1443 844 1470 396 1087 1369
642 309 1443 686 578 642 309 1470 1434 1470 396 1087 1369 309 599 1087 642 1675 1443 462
1434 1470 396 1087 1369 309 599 1087 642 1675 1443 462 1470 27 1470 619 1757 441 1470 441
1470 441 1470 686 578 1369 381 1470 686 578 1307 1675 1910 1087 1560 1424 1443 844 1470 396
1484 336 844 1470 1560 396 578 642 1424 1443 116 1470 844 1470 396 578 1560 309 1443 686
1307 1675 1910 1087 1560 1424 1443 1434 1470 1762 1470 686 1087 1484 309 1443 396 578 1484 1424
116 1470 844 1470 396 578 1560 309 1443 686 578 1560 309 1470 1434 1470 686 1087 1369 309
1470 441 1470 686 1087 1484 381 361 578 1307 336 1910 1087 1307 1424 1443 1434 1470 1762 1470
619 1757 1762 1470 441 1470 686 1560 642 381 361 578 1307 1675 1910 1087 1560 1424 1443 1434
1369 381 361 1682 1307 336 1910 1087 1307 1424 1443 1434 1470 1762 1470 599 1087 1307 309 1443
1470 396 1560 642 336 1443 462 1470 27 1470 686 1087 1307 381 361 578 1307 131 1910 1087
1757 441 1470 686 1087 1369 381 361 1682 1307 336 1910 1087 1307 1424 1443 1434 1470 1762 1470
578 642 1424 1443 336 1470 844 1470 396 578 1560 309 1443 686 578 1560 309 1470 1434 1470
686 1300 642 381 361 1682 1307 336 1910 1087 1307 1424 1443 1434 1470 1762 1470 686 1087 1307
441 1470 441 1470 441 1470 619 1757 1762 1470 441 1470 686 1560 642 381 361 578 1307 1675
686 578 642 309 1470 1434 1470 396 1087 1369 309 599 1087 642 1675 1443 462 1470 27 1470
1443 1434 1470 396 578 1560 1424 1443 462 1470 396 578 1484 1434 1443 131 1470 396 578 642
1470 441 1470 686 1300 1424 381 361 1682 1307 1675 1910 1087 1300 1424 1443 1434 1470 1762 1470
1762 1470 619 1757 441 1470 686 1087 1369 381 361 1682 1307 336 1910 1087 1307 1424 1443 1434
1087 1369 309 599 1087 642 1675 1443 462 1470 27 1470 619 1757 844 1470 441 1470 686 1087
1470 27 1470 619 1757 441 1470 441 1470 686 1087 1484 381 361 578 1307 336 1910 1087 1307
1910 1087 1560 1424 1443 844 1470 396 1087 1307 336 1443 1434 1470 396 1087 642 1424 1443 844
1307 336 1910 1087 1307 1424 1443 1434 1470 1762 1470 686 1087 1484 309 1443 599 1682 1307 1424
441 1470 686 1087 1484 381 361 578 1307 1675 1910 1087 1560 1424 1443 1434 1470 1762 1470 686
1470 1762 1470 686 1087 1307 309 1443 396 578 1087 1424 1910 619 1757 396 578 1369 1424 1910
1434 1470 396 1087 1484 309 1910 1560 642 1675 1443 462 1470 27 1470 441 1470 619 1757 441
381 1470 686 578 1307 1675 1910 1087 1560 1424 1443 844 1470 396 1087 1307 336 1443 1434 1470
1470 619 1757 441 1470 686 1087 1369 381 361 1682 1307 336 1910 1087 1307 1424 1443 1434 1470
1560 1424 1443 844 1470 396 1087 1307 336 1443 1434 1470 396 1087 642 1424 1443 844 1470 1434
1470 27 1470 396 578 1087 1424 1470 441 1470 619 1757 441 1470 686 1087 1369 381 361 578
1369 116 1443 844 1470 1762 1470 686 1560 642 336 1443 462 1910 396 578 1560 1424 1470 441
1910 1087 1484 1424 1443 844 1470 396 1087 1307 336 1443 1434 1470 396 578 642 1424 1443 116
336 1443 844 1470 396 578 1560 1424 1443 1762 1470 1434 1470 396 1087 642 309 1443 686 578
396 1087 1484 309 1910 1560 642 1675 1443 462 1470 27 1470 619 1757 1762 1470 27 1470 686
381 361 1682 1307 336 1910 1087 1307 1424 1443 1434 1470 1762 1470 686 1087 1307 309 1443 619
1434 1443 131 1470 396 578 642 309 1470 844 1470 396 1087 1369 309 599 1087 642 1675 1443
1443 462 1470 27 1470 619 1757 1762 1470 441 1470 686 1087 1484 381 361 578 1307 336 1910
1910 1560 642 1675 1443 462 1470 27 1470 396 578 1087 1424 1470 441 1470 619 1757 441 1470
441 1470 686 1087 1484 381 361 578 1307 336 1910 1087 1307 1424 1443 1434 1470 1762 1470 686
686 578 1369 381 1470 686 578 1307 1675 1910 1087 1560 1424 1443 844 1470 396 1087 1307 336
1443 844 1470 396 578 642 1424 131 1470 1470 1434 1470 396 1087 642 309 1443 686 578 1307
642 1424 1675 1470 1560 844 1470 396 1087 642 309 1443 686 1087 1484 1424 1470 1434 1470 396
1470 27 1470 396 578 1087 1424 1470 441 1470 619 1757 441 1470 686 1087 1369 381 361 578
1307 1470 1560 844 1470 396 1087 642 309 1443 686 1087 1484 1424 1470 1434 1470 396 1087 1484
1443 462 1470 27 1470 441 1470 619 1757 441 1470 686 1087 1484 381 361 578 1307 1675 1910
844 1470 396 1087 1307 336 1443 1434 1470 396 1087 642 1424 1307 1470 1560 844 1470 396 1087
1424 1443 1434 1470 1762 1470 686 1087 1307 309 1443 619 1757 396 578 1560 1424 1910 619 1757
1757 441 1470 686 1087 1369 381 361 578 1307 1675 1910 1087 1560 1424 1443 1434 1470 1762 1470
1470 396 578 642 309 1470 844 1470 396 1087 1369 309 599 1087 642 1675 1443 462 1470 27
642 1424 1443 116 1470 844 1470 396 578 1560 309 1443 686 578 1560 309 1470 1434 1470 686
27 1470 619 1757 1762 1470 441 599 441 1470 396 1300 642 381 361 1682 1307 336 1910 1087
1470 396 1087 1560 309 1910 1087 642 1675 1443 462 1470 27 1470 844 1470 619 1757 441 1470
578 642 1424 1470 844 1470 396 1087 1369 309 1910 1560 642 1675 1443 462 1470 27 1470 396
1560 1424 1443 844 1470 396 1087 1307 336 1443 1434 1470 396 1087 642 1424 1443 844 1470 1434
1470 686 1087 1484 381 361 578 1307 1675 1910 1087 1560 1424 1443 1434 1470 1762 1470 686 1087
441 1470 686 1300 1424 381 361 1682 1307 336 1910 1087 1307 1424 1443 1434 1470 1762 1470 686
381 361 578 1307 336 1910 1087 1307 1424 1443 1434 1470 1762 1470 686 1087 1307 309 1443 619
1443 686 578 1307 309 1470 1434 1470 396 1087 1484 309 1910 1560 642 1675 1443 462 1470 27
462 1470 27 1470 619 1757 441 1470 441 1470 686 1087 1484 381 361 578 1307 336 1910 1087
1470 441 1470 686 1300 1424 381 361 1682 1307 1675 1910 1087 1300 1424 1443 1434 1470 1762 1470
1087 1560 1424 1443 844 1470 396 1087 1484 336 844 1470 1910 396 578 642 1424 1443 116 1470
1424 1443 844 1470 686 1087 1307 336 1443 1434 1470 396 578 1560 1424 1443 116 1470 396 578
1470 1434 1470 396 1087 642 309 1443 686 578 1484 309 1470 1434 1470 396 1087 1560 309 1910
1470 686 1087 1484 381 361 1682 1307 336 1910 1087 1307 1424 1443 1434 1470 1762 1470 686 1087
844 1470 396 1087 1369 309 599 1087 642 1675 1443 462 1470 27 1470 844 1470 619 1757 441
1910 1087 1560 1424 1443 844 1470 396 1087 1307 336 1443 1434 1470 396 1087 642 1424 1443 844
1910 1560 642 1675 1443 462 1470 27 1470 396 578 1087 1424 1470 441 1470 619 1757 441 1470
578 1369 381 1470 686 578 1307 1675 1910 1087 1560 1424 1443 1434 1470 396 1087 1307 336 1443
1443 844 1470 396 1087 642 1424 1307 1470 1560 844 1470 396 1087 642 309 1443 686 1087 1484
1470 686 1087 1484 381 361 578 1307 336 1910 1087 1307 1424 1443 1434 1470 1762 1470 686 1087
441 1470 686 1087 1307 381 361 1682 1307 1675 1910 1087 1300 1424 1443 1434 1470 1762 1470 686
1369 381 1470 686 578 1307 1675 1910 1087 1560 1424 1443 844 1470 396 1087 1307 336 1443 1434
1087 1484 1424 1443 844 1470 396 1087 1307 336 1443 1434 1470 396 578 642 1424 1443 116 1470
1757 441 1470 441 1470 686 1560 642 381 361 578 1307 336 1910 1087 1307 1424 1443 1434 1470
619 1757 441 1470 686 1087 1484 381 361 578 1307 1675 1910 1087 1560 1424 1443 1434 1470 1762
578 1560 1424 1470 441 1470 686 578 1369 381 1470 686 578 1307 1675 1910 1087 1560 1424 1443
1087 1484 309 1910 1560 642 1675 1443 462 1470 27 1470 619 1757 1762 1470 441 1470 686 1087
1470 1470 1434 1470 396 1087 642 309 1443 686 578 1307 309 1470 1434 1470 396 1087 1484 309
844 1470 462 1470 686 1560 642 336 1443 462 1910 396 578 1560 1424 1470 441 1470 686 578
1470 686 1087 1369 381 361 1682 1307 336 1910 1087 1307 1424 1443 1434 1470 1762 1470 599 1087
441 1470 686 1087 1484 381 361 578 1307 336 1910 1087 1307 1424 1443 1434 1470 1762 1470 686
1307 1675 1910 1087 1300 1424 1443 1434 1470 1762 1470 686 1087 1307 309 1443 686 1682 1300 381
1470 27 1470 686 1087 1307 381 361 578 1307 131 1910 1087 1560 1424 1443 844 1470 396 1087
1470 396 1087 1369 309 599 1087 642 1675 1443 462 1470 27 1470 619 1757 441 1470 441 1470
1484 381 361 578 1307 1675 1910 1087 1560 1424 1443 1434 1470 1762 1470 686 1087 1484 309 1443
336 1443 844 1470 396 578 1560 1424 1443 462 1470 396 578 1484 1434 1443 131 1470 396 578
1087 1369 309 599 1087 642 1675 1443 462 1470 27 1470 441 1470 619 1757 441 1470 396 1087
336 1910 1087 1307 1424 1443 1434 1470 1762 1470 686 1087 1307 309 1443 396 578 1560 1424 1910
1470 686 1560 642 336 1443 462 1910 396 578 1560 1424 1470 441 1470 686 578 1369 381 1470
1560 396 578 642 1424 1443 116 1470 1434 1470 396 578 1560 309 1443 686 578 1560 309 1470
441 1470 686 1087 1484 381 361 578 1307 1675 1910 1087 1560 1424 1443 1434 1470 1762 1470 686
1757 441 1470 441 1470 686 1560 642 381 361 578 1307 336 1910 1087 1307 1424 1443 1434 1470
309 1910 1560 642 1675 1443 462 1470 27 1470 619 1757 1762 1470 441 1470 686 1087 1484 381
1470 1434 1470 396 1087 1560 309 1910 1087 642 1675 1443 462 1470 27 1470 441 1470 619 1757
686 1300 1424 381 361 1682 1307 336 1910 1087 1307 1424 1443 1434 1470 1762 1470 686 1087 1484
441 1470 619 1757 441 1470 686 1087 1369 381 361 578 1307 1675 1910 1087 1560 1424 1443 1434
1470 1434 1470 396 1087 642 309 1443 686 578 642 309 1470 1434 1470 396 1087 1369 309 599
1470 441 1470 619 1757 441 1470 686 1087 1484 381 361 578 1307 336 1910 1087 1307 1424 1443
27 1470 844 1470 619 1757 441 1470 686 1087 1484 381 361 578 1307 1675 1910 1087 1560 1424
1910 1087 1560 1424 1443 1434 1470 1762 1470 686 1087 1484 309 1443 396 578 1560 1424 1910 619
686 578 1307 309 1470 1434 1470 396 1087 1484 309 1910 1560 642 1675 1443 462 1470 27 1470
1470 441 1470 686 1560 642 381 361 578 1307 1675 1910 1087 1560 1424 1443 1434 1470 1762 1470
578 1560 309 1443 686 578 642 1424 1470 844 1470 396 1087 1369 309 1910 1560 642 1675 1443
441 1470 441 1470 686 1300 1424 381 361 1682 1307 1675 1910 1087 1300 1424 1443 1434 1470 1762
1762 1470 441 1470 686 1087 1369 381 361 1682 1307 336 1910 1087 1307 1424 1443 1434 1470 1762
1560 1424 1443 844 1470 396 1087 1307 336 1443 844 1470 396 1087 642 1424 1307 1470 1560 844
309 1443 686 578 1560 309 1470 1434 1470 396 1087 1369 309 599 1087 642 1675 1443 462 1470
578 1307 309 1470 1434 1470 396 1087 1484 309 1910 1470 642 1675 1443 462 1470 27 1470 844
396 1087 1369 309 599 1087 642 1675 1443 462 1470 27 1470 619 1757 844 1470 441 1470 686
1434 1470 1762 1470 686 1087 1307 309 1443 396 578 116 1424 1910 619 1757 396 578 1369 1424
1470 1434 1470 396 578 1560 309 1443 686 578 642 1424 1470 844 1470 396 1087 1369 309 1910
1087 1484 381 361 578 1307 336 1910 1087 1307 1424 1443 1434 1470 1762 1470 686 1087 1484 309
1757 441 1470 686 1087 1369 381 361 578 1307 1675 1910 1087 1560 1424 1443 1434 1470 1762 1470
642 1675 1443 462 1470 27 1470 619 1757 441 1470 441 1470 686 1560 642 381 361 578 1307
1484 381 361 578 1307 1675 1910 1087 1560 1424 1443 1434 1470 1762 1470 686 1087 1484 309 1443
1087 1307 381 361 578 1307 131 1910 1087 1560 1424 1443 844 1470 396 1087 1369 336 1443 844
599 619 1757 441 1470 686 1087 1369 381 361 1682 1307 1675 1910 1087 1560 1424 1443 1434 1470
116 1443 844 1470 462 1470 686 1560 642 336 1443 462 1910 396 578 1560 1424 1470 441 1470
1087 1484 381 361 578 1307 1675 1910 1087 1560 1424 1443 1434 1470 1762 1470 686 1087 1484 309
361 578 1307 336 1910 1087 1307 1424 1443 1434 1470 1762 1470 686 1087 1307 309 1443 396 578
642 1424 1470 844 1470 396 1087 1369 309 1910 1560 642 1675 1443 462 1470 27 1470 396 578
381 361 1682 1307 1675 1910 1087 1300 1424 1443 1434 1470 1762 1470 686 1087 1484 309 1443 619
462 1470 396 1560 642 336 1443 462 1470 27 1470 686 1087 1307 381 361 578 1307 131 1910
599 441 1470 686 1300 642 381 361 1682 1307 336 1910 1087 1307 1424 1443 1434 1470 1762 1470
1762 1470 441 1470 396 1560 642 381 361 578 1307 1675 1910 1087 1560 1424 1443 1434 1470 1762
1470 686 578 1369 381 1470 686 578 1307 1675 1910 1087 1560 1424 1443 844 1470 396 1087 1307
1470 619 1757 441 1470 396 578 1484 1424 1470 441 1470 619 1757 441 1470 686 1087 1484 381
1443 462 1470 27 1470 619 1757 441 1470 441 1470 686 1560 642 381 361 578 1307 336 1910
1484 336 1910 1087 1484 1424 1443 1434 1470 396 1087 1307 336 1443 1434 1470 396 578 642 1424
1307 1675 1910 1087 1560 1424 1443 1434 1470 396 1087 1307 336 1443 1434 1470 396 1087 642 1424
1675 1910 1087 1560 1424 1443 1434 1470 396 1087 1307 336 1443 844 1470 396 1087 642 1424 116
1434 1470 1762 1470 686 1087 1307 309 1443 686 1682 1300 381 1910 619 1757 599 1682 642 1424
599 1087 642 1675 1443 462 1470 27 1470 441 1470 619 1757 441 1470 396 1087 1484 381 361
619 1757 441 1470 686 1087 1369 381 361 1682 1307 336 1910 1087 1307 1424 1443 1434 1470 1762
1470 396 1087 1369 309 599 1087 642 1675 1443 462 1470 27 1470 619 1757 441 1470 441 1470
336 1443 844 1470 396 578 1560 1424 1443 462 1470 396 578 1484 1434 1443 131 1470 396 578
1470 441 1470 686 578 1369 381 1470 686 578 1307 1675 1910 1087 1560 1424 1443 844 1470 396
309 1470 1434 1470 396 1087 1560 309 1910 1087 642 1675 1443 462 1470 27 1470 844 1470 619
396 578 1484 1424 1470 441 1470 619 1757 441 1470 686 1087 1484 381 361 578 1307 336 1910
1484 381 361 578 1307 336 1910 1087 1307 1424 1443 1434 1470 1762 1470 686 1087 1484 309 1443
1369 309 599 1087 642 1675 1443 462 1470 27 1470 619 1757 844 1470 441 1470 686 1087 1484
619 1762 1470 441 1470 686 1087 1369 381 361 1682 1307 336 1910 1087 1307 1424 1443 1434 1470
396 1087 642 381 361 578 1307 336 1910 1087 1484 1424 1443 844 1470 396 1087 1307 336 1443
1470 462 1470 686 1560 642 336 1443 462 1910 396 578 1560 1424 1470 441 1470 686 578 1369
1307 336 1910 1087 1484 1424 1443 1434 1470 396 1087 1307 336 1443 844 1470 396 578 642 1424
619 1757 1762 1470 441 1470 686 1087 1484 381 361 578 1307 336 1910 1087 1307 1424 1443 1434
1443 1434 1470 396 1087 642 1424 1443 844 1470 1434 1470 396 1087 642 309 1443 686 578 642
1307 336 1443 1434 1470 396 1087 642 1424 1443 844 1470 1434 1470 396 1087 642 309 1443 686
1470 686 1087 1307 336 1443 1434 1470 396 578 642 1424 1443 116 1470 1434 1470 396 578 1560
1470 686 1087 1484 381 361 578 1307 1675 1910 1087 1560 1424 1443 1434 1470 1762 1470 686 1087
1443 844 1470 396 1087 1307 336 1443 1434 1470 396 578 642 1424 1443 116 1470 1434 1470 396
361 578 1307 336 1910 1087 642 1424 1443 1434 1470 396 1087 1307 336 1443 844 1470 396 578
1443 462 1470 27 1470 396 578 1560 1424 1470 441 1470 619 1757 441 1470 686 1087 1369 381
361 578 1307 131 1910 1087 1560 1424 1443 1434 1470 396 1087 1484 336 844 1470 1300 396 578
361 1682 1307 1675 1910 1087 1300 1424 1443 1434 1470 1762 1470 686 1087 1484 309 1443 619 1757
642 381 361 578 1307 336 1910 1087 642 1424 1443 844 1470 686 1087 1307 336 1443 844 1470
1470 396 1087 1369 336 1443 844 1470 396 578 1560 1424 1443 462 1470 1434 1470 396 1087 642
686 1560 642 336 1443 462 1910 396 578 1560 1424 1470 441 1470 686 578 1369 381 1470 686
1307 309 1470 1434 1470 396 1087 1484 309 1910 1560 642 1675 1443 462 1470 27 1470 441 1470
1369 381 599 578 1369 336 1910 1087 1307 1424 1443 1434 1470 1762 1470 686 1087 1087 309 1443
619 1757 844 1470 441 1470 686 1087 1484 381 361 578 1307 336 1910 1087 1307 1424 1443 1434
1560 1424 1443 462 1470 1434 1470 396 1087 642 309 1443 686 578 1484 309 1470 1434 1470 396
1470 396 1087 642 309 1443 686 1087 1484 1424 1470 1434 1470 396 1087 1484 309 1910 1560 642
1424 381 361 1682 1307 336 1910 1087 1307 1424 1443 1434 1470 1762 1470 686 1087 1484 309 1443
1910 1087 1560 1424 1443 844 1470 396 1087 1307 336 1443 844 1470 396 1087 642 1424 1307 1470
1910 1087 1560 1424 1443 844 1470 396 1087 1307 336 1443 1434 1470 396 1087 642 1424 1443 844
1470 844 1470 396 1087 1369 309 1910 1560 642 1675 1443 462 1470 27 1470 396 578 1560 1424
396 1087 1484 309 1910 1560 642 1675 1443 462 1470 27 1470 619 1757 1762 1470 27 1470 686
686 1560 642 381 361 578 1307 1675 1910 1087 1560 1424 1443 844 1470 686 1087 1307 336 1443
1470 396 1087 1484 309 1910 1560 642 1675 1443 462 1470 27 1470 844 1470 619 1757 441 1470
441 1470 686 1087 1369 381 361 1682 1307 336 1910 1087 1307 1424 1443 1434 1470 1762 1470 599
441 1470 686 1087 1369 381 361 578 1307 1675 1910 1087 1560 1424 1443 1434 1470 1762 1470 686
844 1470 396 578 1560 1424 1443 462 1470 1434 1470 396 1087 642 309 1443 686 578 1484 309
1470 844 1470 619 1757 441 1470 686 1087 1484 381 361 578 1307 1675 1910 1087 1560 1424 1443
844 1470 686 1087 1307 336 1443 844 1470 396 578 1560 1424 1443 462 1470 396 578 1484 1434
686 578 1307 309 1470 1434 1470 396 1087 1484 309 1910 1560 642 1675 1443 462 1470 27 1470
1470 396 1087 1369 309 599 1087 642 1675 1443 462 1470 27 1470 844 1470 619 1757 441 1470
336 1443 844 1470 396 578 642 1424 131 1470 1470 1434 1470 396 1087 642 309 1443 686 578
1307 381 361 1682 1307 1675 1910 1087 1300 1424 1443 1434 1470 1762 1470 686 1087 1484 309 1443
642 1424 1443 116 1470 844 1470 396 578 1560 309 1443 686 578 1560 309 1470 1434 1470 686
441 1470 686 1087 1484 381 361 578 1307 1675 1910 1087 1560 1424 1443 1434 1470 1762 1470 686
1470 396 578 1087 1424 1470 441 1470 619 1757 441 1470 686 1087 1369 381 361 578 1307 1675
1560 1424 1443 844 1470 396 1087 1307 336 1443 1434 1470 396 1087 642 1424 1443 844 1470 1434
844 1470 396 1087 642 1424 1307 1470 1560 844 1470 396 1087 642 309 1443 686 1087 1484 1424
1443 844 1470 686 1087 1307 336 1443 1434 1470 396 578 1560 1424 1443 462 1470 396 578 1484
1424 1470 441 1470 686 578 1369 381 1470 686 578 1307 1675 1910 1087 1560 1424 1443 1434 1470
441 1470 686 1087 1369 381 599 578 1369 336 1910 1087 1307 1424 1443 1434 1470 1762 1470 686
1087 642 309 1443 686 1087 1087 1424 1470 1434 1470 396 1087 1484 309 1910 1560 642 1675 1443
1470 599 1682 642 1424 1470 441 1470 441 1470 686 1087 1307 381 361 1682 1307 1675 1910 1087
1307 336 1443 844 1470 396 578 642 1424 131 1470 1470 1434 1470 396 1087 642 309 1443 686
1424 1443 462 1470 396 578 1484 1434 1443 131 1470 396 578 642 309 1470 844 1470 396 1087
1424 1307 1470 1560 844 1470 396 1087 642 309 1443 686 1087 1484 1424 1470 1434 1470 396 1087
309 599 1087 642 1675 1443 462 1470 27 1470 619 1757 441 1470 441 1470 686 1560 642 381
1560 642 381 361 578 1307 336 1910 1087 642 1424 1443 844 1470 686 1087 1307 336 1443 844
1484 1424 1443 844 1470 396 1087 1307 336 1443 1434 1470 396 578 642 1424 1443 116 1470 1434
1560 642 1675 1443 462 1470 27 1470 619 1757 1762 1470 27 1470 686 1087 1484 381 361 578
1560 1424 1443 116 1470 396 578 1484 1434 1443 131 1470 396 578 642 309 1470 844 1470 396
309 1470 1434 1470 396 1087 1560 309 1910 1087 642 1675 1443 462 1470 27 1470 844 1470 619
1675 1443 462 1470 27 1470 441 1470 619 1757 441 1470 686 1087 1484 381 361 578 1307 1675
441 1470 686 1087 1484 381 361 578 1307 1675 1910 1087 1560 1424 1443 1434 1470 1762 1470 686
1087 1484 336 844 1470 1560 396 578 642 1424 1443 116 1470 844 1470 396 578 1560 309 1443
1443 462 1470 396 578 1484 1434 1443 131 1470 396 578 642 309 1470 844 1470 396 1087 1369
1443 1434 1470 396 1087 1307 336 1443 844 1470 396 578 642 1424 131 1470 1470 1434 1470 396
1434 1470 396 1087 1484 309 1910 1560 642 1675 1443 462 1470 27 1470 441 1470 619 1757 441
1910 1087 1560 1424 1443 1434 1470 1762 1470 686 1087 1484 309 1443 619 1757 396 578 1560 1424
1443 462 1470 27 1470 686 1087 1307 381 361 578 1307 131 1910 1087 1560 1424 1443 844 1470
1443 462 1470 27 1470 441 1470 619 1757 441 1470 686 1087 1484 381 361 578 1307 1675 1910
619 1757 1762 1470 441 1470 686 1087 1484 381 361 578 1307 336 1910 1087 1307 1424 1443 1434
441 1470 619 1757 1762 1470 441 1470 686 1560 642 381 361 578 1307 1675 1910 1087 1560 1424
686 1560 642 381 361 578 1307 1675 1910 1087 1560 1424 1443 844 1470 686 1087 1307 336 1443
578 1484 1424 1470 441 1470 619 1757 441 1470 686 1087 1484 381 361 578 1307 336 1910 1087
396 1087 1369 381 361 578 1307 1675 1910 1087 1560 1424 1443 1434 1470 1762 1470 686 1087 1484
396 578 1560 1424 1443 116 1470 396 578 1484 1434 1443 131 1470 396 578 642 309 1470 844
1470 844 1470 619 1757 441 1470 686 1087 1484 381 361 578 1307 1675 1910 1087 1560 1424 1443
1307 336 1443 1434 1470 396 578 642 1424 1443 116 1470 1434 1470 396 578 1560 309 1443 686
1470 396 1087 1484 309 1910 1560 642 1675 1443 462 1470 27 1470 619 1757 1762 1470 27 1470
578 1307 1675 1910 1087 1560 1424 1443 1434 1470 1762 1470 686 1087 1484 309 1443 619 1757 396
441 599 441 1470 396 1300 642 381 361 1682 1307 336 1910 1087 1307 1424 1443 1434 1470 1762
686 1560 642 381 361 578 1307 1675 1910 1087 1560 1424 1443 1434 1470 1762 1470 686 1087 1484
1307 336 1443 844 1470 396 1087 642 1424 1307 1470 1910 844 1470 396 1087 642 309 1443 686
1560 642 336 1443 462 1910 396 578 1560 1424 1470 441 1470 686 578 1369 381 1470 686 578
1424 1470 441 1470 441 1470 686 1087 1307 381 361 1682 1307 1675 1910 1087 1300 1424 1443 1434
1470 1762 1470 686 1087 1307 309 1443 396 578 1087 1424 1910 619 1757 396 578 1369 1424 1910
844 1470 396 1087 1369 309 599 1087 642 1675 1443 462 1470 27 1470 844 1470 619 1757 441
1443 462 1470 27 1470 686 1087 1307 381 361 578 1307 131 1910 1087 1560 1424 1443 844 1470
578 1484 1424 1470 441 1470 619 1757 441 1470 686 1087 1484 381 361 578 1307 336 1910 1087
686 1560 642 381 361 578 1307 1675 1910 1087 1560 1424 1443 1434 1470 1762 1470 686 1087 1484
1470 396 1087 1369 309 599 1087 642 1675 1443 462 1470 27 1470 619 1757 441 1470 441 1470
642 309 1443 686 578 1484 309 1470 1434 1470 396 1087 1560 309 1910 1087 642 1675 1443 462
642 309 1470 844 1470 396 1087 1369 309 599 1087 642 1675 1443 462 1470 27 1470 844 1470
381 361 578 1307 1675 1910 1087 1560 1424 1443 1434 1470 1762 1470 686 1087 1484 309 1443 619
1087 1307 336 1443 1470 1470 396 578 1560 1424 1443 116 1470 396 578 1484 1434 1443 131 1470
441 1470 686 1300 1424 381 361 1682 1307 1675 1910 1087 1300 1424 1443 1434 1470 1762 1470 686
1087 1560 1424 1443 844 1470 396 1087 1369 336 1443 844 1470 396 578 1560 1424 1443 462 1470
578 1484 1424 1470 441 1470 619 1757 441 1470 686 1087 1484 381 361 578 1307 336 1910 1087
309 1470 1434 1470 396 1087 1369 309 599 1087 642 1675 1443 462 1470 27 1470 619 1757 844
1087 1484 381 361 578 1307 1675 1910 1087 1560 1424 1443 1434 1470 1762 1470 686 1087 1484 309
844 1470 396 1087 642 309 1443 686 1087 1087 1424 1470 1434 1470 396 1087 1484 309 1910 1560
309 1470 1434 1470 396 1087 1369 309 599 1087 642 1675 1443 462 1470 27 1470 619 1757 844
599 462 1470 27 1470 441 1470 619 1757 441 1470 441 1470 441 1470 619 1757 1762 1470 441
309 1910 1087 642 1675 1443 462 1470 27 1470 441 1470 619 1757 441 1470 686 1087 1484 381
1470 396 578 1560 309 1443 686 578 1560 309 1470 1434 1470 686 1087 1369 309 599 1087 642
1560 396 578 642 1424 1443 116 1470 1434 1470 396 578 1560 309 1443 686 578 1560 309 1470
1470 599 1682 642 1424 1470 441 1470 441 1470 686 1087 1307 381 361 1682 1307 1675 1910 1087
441 1470 619 1757 441 1470 686 1087 1369 381 361 578 1307 1675 1910 1087 1560 1424 1443 1434
1470 396 1087 1369 309 599 1087 642 1675 1443 462 1470 27 1470 619 1757 441 1470 441 1470
578 1560 1424 1470 441 1470 686 578 1369 381 1470 686 578 1307 1675 1910 1087 1560 1424 1443
1443 1434 1470 396 1087 642 1424 1443 844 1470 1434 1470 396 1087 642 309 1443 686 578 642
1484 1424 1470 1434 1470 396 1087 1484 309 1910 1560 642 1675 1443 462 1470 27 1470 619 1757
462 1470 27 1470 441 1470 619 1757 441 1470 396 1087 1484 381 361 578 1307 1675 1910 1087
1470 619 1757 441 1470 441 1470 686 1087 1484 381 361 578 1307 336 1910 1087 1307 1424 1443
381 361 578 1307 336 1910 1087 1484 1424 1443 1434 1470 396 1087 1307 336 1443 844 1470 396
1087 642 1424 1443 844 1470 396 1087 1307 336 1443 1470 1470 396 578 1560 1424 1443 116 1470
578 116 1424 1470 441 1470 619 1757 441 1470 686 1087 1369 381 361 578 1307 1675 1910 1087
844 1470 396 1087 1369 309 599 1087 642 1675 1443 462 1470 27 1470 844 1470 619 1757 441
1369 309 599 1087 642 1675 1443 462 1470 27 1470 619 1757 844 1470 441 1470 686 1087 1484
1470 686 1087 1484 381 361 578 1307 336 1910 1087 1307 1424 1443 1434 1470 1762 1470 686 1087
578 1560 309 1470 1434 1470 396 1087 1369 309 599 1087 642 1675 1443 462 1470 27 1470 619
578 1307 1675 1910 1087 1560 1424 1443 1434 1470 396 1087 1307 336 1443 1434 1470 396 1087 642
1087 1369 381 361 1682 1307 1675 1910 1087 1300 1424 1443 1434 1470 1762 1470 686 1087 1300 309
1434 1470 396 578 1560 1424 1443 462 1470 396 578 1484 1434 1443 131 1470 396 578 642 309
578 642 1424 131 1470 1470 1434 1470 396 1087 642 309 1443 686 578 1307 309 1470 1434 1470
381 361 578 1307 1675 1910 1087 1560 1424 1443 1434 1470 1762 1470 686 1087 1484 309 1443 396
642 1675 1443 462 1470 27 1470 619 1757 441 1470 441 1470 686 1087 1484 381 361 578 1307
1470 396 1087 1369 309 599 1087 642 1675 1443 462 1470 27 1470 619 1757 441 1470 441 1470
1470 844 1470 619 1757 441 1470 686 1087 1484 381 361 578 1307 1675 1910 1087 1560 1424 1443
619 1757 441 1470 686 1300 1424 381 361 1682 1307 336 1910 1087 1307 1424 1443 1434 1470 1762
396 578 642 1424 1443 116 1470 1434 1470 396 578 1560 309 1443 686 578 642 1424 1470 844
1560 642 1675 1443 462 1470 27 1470 441 1470 619 1757 441 1470 686 1087 1484 381 361 578
1470 1560 844 1470 396 1087 642 309 1443 686 1087 1484 1424 1470 1434 1470 396 1087 1484 309
441 1470 441 1470 686 1087 1307 381 361 1682 1307 1675 1910 1087 1300 1424 1443 1434 1470 1762
686 1087 1307 336 1443 1434 1470 396 578 642 1424 1443 116 1470 1434 1470 396 578 1560 309
309 1470 1434 1470 396 1087 1369 309 599 1087 642 1675 1443 462 1470 27 1470 619 1757 844
578 1307 131 1910 1087 1560 1424 1443 844 1470 396 1087 1369 336 1443 844 1470 396 578 1560
1910 1087 1560 1424 1443 1434 1470 1762 1470 686 1087 1484 309 1443 396 578 1560 1424 1910 619
1470 686 578 1369 381 1470 686 578 1307 1675 1910 1087 1560 1424 1443 844 1470 396 1087 1307
441 1470 441 1470 441 1470 619 1757 1762 1470 441 1470 686 1560 642 381 361 578 1307 1675
844 1470 396 1087 1369 336 1443 844 1470 396 578 1560 1424 1443 462 1470 1434 1470 396 1087
1087 1300 1424 1443 1434 1470 1762 1470 686 1087 1307 309 1443 686 1682 1300 381 1910 619 1757
599 1087 642 1675 1443 462 1470 27 1470 619 1757 441 1470 441 1470 686 1560 642 381 361
1087 642 1424 1443 844 1470 396 1087 1307 336 1443 1470 1470 396 578 1560 1424 1443 116 1470
619 1757 441 1470 441 1470 686 1560 642 381 361 578 1307 336 1910 1087 1307 1424 1443 1434
1307 131 1910 1087 1560 1424 1443 1434 1470 396 1087 1484 336 844 1470 1300 396 578 642 1424
1682 1307 336 1910 1087 1307 1424 1443 1434 1470 1762 1470 686 1087 1484 309 1443 599 1682 1307
1087 1424 1470 441 1470 619 1757 441 1470 686 1087 1369 381 361 578 1307 1675 1910 1087 1560
1484 1424 1470 441 1470 619 1757 441 1470 396 1087 1484 381 361 578 1307 336 1910 1087 1307
1434 1470 396 578 642 1424 1443 116 1470 1434 1470 396 578 1560 309 1443 686 578 642 1424
686 1087 1484 381 361 578 1307 1675 1910 1087 1560 1424 1443 1434 1470 1762 1470 686 1087 1484
1307 1424 1443 1434 1470 1762 1470 686 1087 1307 309 1443 396 578 1560 1424 1910 619 1757 396
1300 1424 381 361 1682 1307 1675 1910 1087 1300 1424 1443 1434 1470 1762 1470 686 1087 1484 309
1470 686 1560 642 381 361 578 1307 336 1910 1087 1307 1424 1443 1434 1470 1762 1470 686 1087
686 1087 1307 336 1443 1910 1470 396 578 1560 1424 1443 462 1470 396 578 1484 1434 1443 131
1307 336 1443 1470 1470 396 578 1560 1424 1443 462 1470 396 578 1484 1434 1443 131 1470 396
1443 1434 1470 396 1087 1307 336 1443 1434 1470 396 1087 642 1424 1443 844 1470 1434 1470 396
396 1087 1484 309 1910 1560 642 1675 1443 462 1470 27 1470 619 1757 1762 1470 27 1470 686
1470 1470 1434 1470 396 1087 642 309 1443 686 578 1307 309 1470 1434 1470 396 1087 1484 309
1470 441 599 441 1470 396 1300 642 381 361 1682 1307 336 1910 1087 1307 1424 1443 1434 1470
1434 1470 396 1087 1484 309 1910 1560 642 1675 1443 462 1470 27 1470 441 1470 619 1757 441
1910 1087 1560 1424 1443 1434 1470 1762 1470 686 1087 1484 309 1443 396 578 1560 1424 1910 619
1087 1560 1424 1443 844 1470 396 1087 1484 336 844 1470 1910 396 578 642 1424 1443 116 1470
1470 686 1300 1424 381 361 1682 1307 336 1910 1087 1307 1424 1443 1434 1470 1762 1470 686 1087
1910 1560 642 1675 1443 462 1470 27 1470 619 1757 1762 1470 27 1470 686 1087 1484 381 361
1470 441 1470 619 1757 1762 1470 441 1470 686 1560 642 381 361 578 1307 1675 1910 1087 1560
1757 441 1470 686 1087 1369 381 361 578 1307 1675 1910 1087 1560 1424 1443 1434 1470 1762 1470
619 1757 1762 1470 441 1470 686 1087 1484 381 361 578 1307 336 1910 1087 1307 1424 1443 1434
1087 1307 336 1443 844 1470 396 578 642 1424 131 1470 1470 1434 1470 396 1087 642 309 1443
396 1087 642 1424 1675 1470 1560 844 1470 396 1087 642 309 1443 686 1087 1484 1424 1470 1434
336 1443 462 1910 396 578 1560 1424 1470 441 1470 686 578 1369 381 1470 686 578 1307 1675
1470 1434 1470 396 1087 1369 309 599 1087 642 1675 1443 462 1470 27 1470 619 1757 844 1470
1424 1470 441 1470 619 1757 441 1470 686 1087 1369 381 361 578 1307 1675 1910 1087 1560 1424
1757 441 1470 686 1087 1369 381 361 1682 1307 1675 1910 1087 1300 1424 1443 1434 1470 1762 1470
578 1307 1675 1910 1087 1560 1424 1443 1434 1470 396 1087 1307 336 1443 1434 1470 396 1087 642
642 1675 1443 462 1470 27 1470 619 1757 441 1470 441 1470 686 1560 642 381 361 578 1307
1307 309 1470 1434 1470 396 1087 1484 309 1910 1560 642 1675 1443 462 1470 27 1470 441 1470
