1913 1913 941 941 941 941 995 1913 941 995 1058 1191 995 995 995 1191 995 995 995 1744
227 1717 1717 995 227 1717 1058 227 1717 227 227 1717 1058 1717 995 1717 1717 1717 1717 1717
227 1191 1058 1058 1058 1191 1058 1058 1058 1191 995 995 1191 1191 1191 995 995 1058 1058 1191
1191 995 1744 1191 1913 1913 941 478 478 995 941 1913 1913 941 941 478 193 193 767 1351
767 1351 767 767 1351 767 767 1351 1913 767 767 1351 1913 767 995 1351 941 995 1191 1913
995 227 227 227 1717 1717 227 227 227 1717 1717 227 995 1717 1058 1717 1058 1717 227 1717
1058 995 1191 995 995 995 1191 995 995 1191 995 995 1744 1744 1058 1058 1744 1191 995 1058
767 941 995 1913 767 995 1058 1191 995 995 995 1191 995 995 995 1191 995 995 1191 1191
941 941 941 995 1913 941 995 1058 1191 995 995 995 1191 995 995 995 1191 995 995 1191
1913 1191 941 941 478 1191 767 193 193 767 1351 767 767 1351 1351 767 767 1351 767 767
1717 1717 995 1717 1717 1717 1717 995 1058 1058 227 227 227 1717 995 227 227 1717 1717 1717
478 478 478 478 478 478 478 478 478 1519 1519 1519 1519 1519 1519 1519 1519 1519 1519 1519
478 478 478 478 478 478 478 478 478 478 478 478 1519 1519 1519 1519 1519 1519 1519 1519
1058 1191 1058 1058 1058 1191 1191 1058 995 1058 1191 1191 1191 995 995 995 995 1191 995 995
1519 1519 478 478 193 193 767 1351 941 995 1191 1913 1913 1913 1913 941 941 941 941 995
995 227 1191 1058 227 1191 1058 227 1191 1058 1191 767 1191 1191 1191 1191 1913 767 478 478
227 1191 1058 1058 995 1191 1191 995 995 995 995 995 1191 1191 995 1191 995 1191 1058 1058
227 1191 1191 1058 995 1191 1058 1191 1058 1191 995 1191 995 1191 995 1191 995 1058 1058 1191
1519 1519 1519 1519 1519 1519 1519 1519 1519 478 478 193 193 767 1351 941 995 1191 1913 1913
1351 1351 767 767 478 767 1351 767 767 767 767 767 767 767 1351 767 767 1351 1913 767
1519 1519 1519 1519 1519 1519 1519 1519 1519 1519 1519 1519 1519 478 478 193 193 767 1351 941
1058 1191 1058 995 1058 1191 995 995 1191 1191 995 1191 995 1058 1058 1191 1191 1058 1058 1058
941 995 1913 941 995 1058 1191 995 995 995 1191 995 995 995 1191 995 995 1191 1191 995
478 478 995 941 1191 1913 1191 1913 941 767 995 478 193 193 767 1351 767 767 1351 1351
1191 227 1058 1058 227 1191 1058 1191 1191 1191 1058 1191 995 1058 1191 995 995 227 227 227
1058 227 1191 1191 1058 1191 1058 1191 1058 1191 1058 227 227 1191 995 227 1191 995 1191 1191
767 767 478 478 1519 1519 1519 1519 1519 1519 1519 1519 1519 1519 1519 1519 1519 1519 1519 1519
995 995 227 1191 1058 995 995 1191 995 995 995 1191 995 995 1191 1191 1191 995 995 1058
1191 1058 1191 995 1191 995 1744 995 1058 995 1191 1191 1191 995 1058 1744 1744 1744 1744 995
227 1191 1058 1191 1191 1191 995 1191 1058 1351 1519 767 1058 1058 995 1058 1913 995 1351 767
941 1913 1913 941 941 193 193 767 1351 767 767 1351 1351 767 767 1351 767 767 1351 767
1913 1913 1913 1913 1913 941 941 941 941 995 1913 941 995 1058 1191 995 995 995 1191 995
1191 227 227 1191 1191 995 227 1191 1058 227 227 1191 227 227 1191 1717 995 1717 1191 1191
1913 1913 1913 995 941 941 941 941 1191 1191 1191 995 1191 1913 1913 941 995 767 1913 941
1913 1058 1058 1058 1191 1058 1058 1058 1191 1058 1058 1191 1191 1191 1058 995 1058 1058 1913 1191
1913 1913 1913 1913 941 941 941 941 995 1913 995 995 1058 1191 1058 995 995 1191 995 995
767 767 995 1913 767 1519 1913 1058 767 1351 767 767 767 1351 767 767 767 767 767 995
193 478 478 193 193 767 1351 941 995 1191 1913 1913 1913 1913 941 941 941 941 995 1913
767 1913 1191 767 1058 478 478 193 193 995 1191 941 995 1191 1191 1191 1191 1191 941 767
1191 1191 1058 1191 1058 1191 1058 1191 1058 227 227 1191 1191 995 227 1191 995 227 1191 1191
1913 1058 941 941 941 995 1913 1058 1058 1058 1191 1058 1058 1058 1191 1058 995 1191 1058 1058
1717 227 1717 227 1717 227 1717 227 227 1717 995 227 1717 1058 227 1717 1717 1717 995 1717
478 478 478 478 478 478 1519 1519 1519 1519 1519 1519 1519 1519 1519 1519 1519 1519 1519 1519
767 1058 767 767 767 767 767 767 767 767 767 767 767 767 478 478 767 767 767 767
1913 1058 1058 995 1191 1191 1058 1058 1058 767 767 1191 1191 1058 995 1058 227 1191 995 1191
1913 1191 1913 1913 941 995 767 1913 1913 767 941 995 1351 767 995 1191 1913 1913 1191 1913
1913 767 995 1191 1913 1191 1191 1913 1058 941 941 941 995 1913 941 995 1058 1191 1058 1058
1058 227 1191 1191 1191 1191 995 1191 1191 1191 1913 1913 941 478 478 478 995 941 1913 1913
478 478 995 767 1913 1191 767 767 193 193 767 1351 767 767 1351 1351 767 767 1351 767
1913 1913 941 1519 767 1744 995 995 995 1191 995 995 1913 1191 767 941 1744 1191 995 995
1191 1191 1191 995 1744 1191 1913 1913 941 478 478 995 941 1913 1913 941 941 478 193 193
1191 1058 227 227 1191 1191 995 227 227 1191 1058 227 1191 995 227 1191 995 1191 767 1191
1191 1191 995 1058 1744 1744 1744 1744 995 1191 1913 478 1913 1913 941 995 941 1191 1913 1744
1191 767 767 1351 1351 767 767 767 767 767 767 767 767 767 767 767 767 767 767 478
478 478 478 1519 1519 1519 1519 1519 1519 1519 1519 1519 1519 1519 1519 1519 1519 1519 1519 478
1058 767 1351 767 767 1351 767 767 1351 767 767 767 1351 767 767 1351 941 995 1191 1913
1058 1058 1191 1191 1058 995 1191 227 227 227 1191 1191 1058 1058 1058 1744 1191 995 995 1191
1351 767 767 1351 767 767 1351 767 767 1191 1191 767 767 1351 767 767 1351 767 995 1191
1744 1744 1744 1744 995 1191 1191 478 1913 1913 941 995 941 1191 1913 1744 941 941 1191 941
193 193 767 1351 941 995 1191 1913 1913 1913 1913 767 767 941 941 995 1913 767 995 1058
1351 767 767 1351 767 767 767 767 767 1351 767 1351 767 767 1351 1351 767 767 767 767
1519 1519 1519 1519 1519 1519 1519 1519 1519 1519 1519 1519 1519 478 478 193 193 767 1351 941
1191 995 1191 1191 1191 1913 1913 767 478 478 478 995 767 1913 1913 941 941 193 193 767
767 767 767 767 767 478 478 767 767 767 767 767 767 478 767 767 767 767 478 478
1191 1058 1058 995 1191 1058 1191 1058 227 1191 1058 1191 1058 1191 1058 227 1191 1191 995 227
1058 1191 1058 1058 1058 1191 1058 1058 1191 1058 995 1191 1191 227 227 1191 1191 995 227 227
995 1191 1058 1191 1058 1191 1058 1191 1058 1191 1058 1191 1058 227 1191 1191 995 227 1191 1058
767 1351 767 767 1191 1191 767 767 1351 767 767 1351 941 995 1191 1913 1913 1191 1913 941
1519 1519 1519 1519 1519 1519 1519 1519 1519 1519 478 478 193 193 767 1351 941 995 1191 1913
478 1519 1519 1519 1519 1519 1519 1519 1519 1519 1519 1519 1519 1519 1519 1519 1519 478 478 478
1191 1191 1191 227 1913 767 1913 767 1913 1191 941 941 767 1351 767 995 1191 1913 1191 1191
1519 1519 1519 1519 1519 1519 1519 1519 1519 1519 1519 1519 1519 1519 1519 1519 478 478 478 478
1519 1519 1519 1519 1519 1519 1519 478 478 193 193 767 1351 941 995 1351 1913 995 1913 1913
1058 1351 767 995 1191 1913 1913 1913 1913 941 941 767 941 995 1913 995 995 1058 1191 1058
995 941 1191 1913 1191 1191 941 767 767 767 193 193 767 1351 767 767 1351 1351 767 767
478 767 767 767 767 767 767 478 767 767 767 767 478 478 767 767 478 478 478 478
227 227 1191 1191 1058 995 1191 995 1191 995 1191 995 1191 995 1191 1191 995 995 1058 1191
1519 1519 1519 1519 1519 1519 1519 1519 1519 1519 767 1351 767 767 1058 478 478 193 193 767
1191 1058 1058 1058 1191 1058 1058 1058 1191 995 995 1191 1191 1058 995 1191 227 227 1191 1191
227 1191 1191 1058 227 227 1744 1191 995 995 1191 995 1191 995 1058 1058 1191 1191 995 1191
941 941 995 1913 767 995 227 1191 1058 1058 995 1191 1058 995 1058 1191 995 995 1191 1191
1191 227 227 1191 1191 1058 227 227 227 1191 1191 1058 995 227 1191 227 1191 227 1191 227
1058 995 1191 1058 1191 1058 227 1191 1058 1191 1191 1058 227 227 1191 1191 1191 1058 995 227
1058 1191 1058 1191 1058 1191 1058 227 1191 1191 995 227 1191 995 1191 1191 1191 995 1191 995
941 941 995 1913 1058 1058 995 1191 1058 1058 1058 1191 1058 995 1191 995 995 995 1191 1191
1058 227 227 227 1717 1191 1058 1913 227 1191 227 1191 1191 995 1191 995 1191 1058 227 1191
1058 1058 1058 1191 995 995 995 1191 995 995 1191 1191 995 767 1191 1058 1058 1058 1191 1191
478 478 478 478 478 478 478 1519 1519 1519 1519 1519 1519 1519 1519 1519 1519 1519 1519 1519
1058 1191 1058 1191 1058 1191 1058 227 1191 995 227 1191 995 227 1191 1191 1191 767 1191 1191
995 995 1058 1191 995 995 995 1191 995 995 995 1191 995 995 1191 1191 1191 995 995 1058
478 478 478 478 478 478 478 478 1519 1519 1519 1519 1519 1519 1519 1519 1519 1519 1519 1519
1191 1191 1058 995 227 227 1191 1191 1058 1191 1191 995 1191 1191 1191 1191 1913 1913 767 995
1351 767 767 767 767 1191 1191 767 767 1351 767 478 767 767 767 767 767 1351 767 767
1913 1913 1913 1913 767 767 767 767 995 1913 767 995 1058 1191 1058 995 995 1191 1058 1058
995 1913 941 995 227 1191 995 995 995 1191 995 995 995 1191 995 995 1191 1191 1191 995
478 478 478 478 478 478 478 478 478 478 478 478 478 478 1519 1519 1519 1519 1519 1519
1058 1058 1191 1058 995 1058 1191 995 995 1191 995 1191 995 1191 1058 1058 1191 1191 995 1058
227 1191 1058 1744 1744 995 1744 1191 1191 1913 1913 941 767 478 478 995 941 1191 1913 1191
1058 995 227 227 1191 1191 227 1191 1191 995 1191 1191 1744 1191 1913 1913 767 995 767 1913
1191 227 227 1191 1191 995 1191 767 1519 1058 1191 1191 1191 1191 995 1191 995 995 995 1191
1913 1913 941 941 941 941 995 1913 767 995 1058 1191 995 995 995 1191 995 995 995 1191
1058 1058 1058 1191 995 995 1191 1191 995 1191 995 1058 1058 1058 1191 1191 1058 1058 1058 1191
1519 1519 1519 1519 1519 1519 1519 1519 1519 1519 1519 1519 1519 1519 1519 1519 478 478 478 478
1191 1191 1913 1913 1191 767 767 1913 1191 767 767 767 1351 941 1913 1191 1913 1191 1191 1191
995 767 1351 941 995 1191 1913 1913 1191 1913 941 941 941 941 995 1913 941 995 1058 1191
995 227 227 1191 1191 1191 995 1191 1058 1191 1058 227 227 227 1058 1191 995 995 1191 1058
227 227 227 1191 1058 1058 1191 1058 995 1191 227 227 1191 1058 227 1058 1191 995 1191 1191
478 478 478 478 478 478 478 478 478 478 478 1519 1519 1519 1519 1519 1519 1519 1519 1519
478 1191 1058 995 1191 767 995 227 1191 1058 1058 1058 1191 1058 1058 1058 1191 1058 1058 1191
478 478 1191 995 995 995 1191 995 995 1191 1191 995 995 1191 1058 1058 1058 1191 1191 1058
1351 1351 767 1058 767 767 767 767 767 767 767 767 767 767 767 767 478 478 767 767
478 478 478 478 478 1519 1519 1519 1519 1519 1519 1519 1519 1519 1519 1519 1519 1519 1519 1519
1058 1058 1191 1191 1191 1058 995 1058 227 1191 1191 227 227 1058 1191 1191 995 1191 995 995
995 227 227 1717 1717 1717 995 1717 1191 1744 995 767 1351 478 478 767 1519 1519 1519 1519
1913 1191 227 227 227 1191 1191 1058 1058 995 1191 995 1191 995 1058 1191 1191 995 1191 995
995 193 193 767 1351 767 995 1351 478 995 767 767 767 767 995 478 767 767 1519 1913
1058 227 1913 1058 1744 995 1744 1744 1744 1744 1913 767 478 478 478 478 478 478 478 478
1058 227 1191 1191 995 995 227 1191 1058 1058 1191 1191 1191 995 1191 1191 1191 1913 1913 941
1913 1191 1191 995 1191 1191 1191 1913 1913 941 767 995 941 1913 1913 941 941 193 193 767
1519 1519 1519 1519 1519 1519 1519 1519 1519 1519 1519 1519 1519 1519 478 478 193 193 767 1351
1191 1191 227 227 227 1191 1191 1058 1191 1058 995 1058 1191 227 995 1191 1191 995 1191 1058
193 941 478 478 995 941 1913 1913 941 941 193 193 767 1351 767 767 1351 1351 767 767
767 1351 767 767 1351 1351 767 767 1351 767 767 1351 767 767 1351 767 767 767 1351 767
1519 478 478 193 193 767 1351 941 995 1191 1913 1913 1913 1913 941 941 941 941 995 1913
1191 1058 995 1058 1191 227 1058 1191 1191 1058 1191 1058 227 227 1191 995 1191 995 1058 1191
227 1058 1058 1191 1191 227 1191 1191 767 1191 1191 1191 1191 1191 1191 1191 767 767 1913 1191
478 478 478 478 478 478 478 478 1519 1519 1519 1519 1519 1519 1519 1519 1519 1519 1519 1519
478 478 193 193 767 1351 941 995 1191 1913 1913 1913 1913 941 941 941 941 995 1913 941
1191 1191 1913 1913 767 478 767 1351 767 1351 767 995 995 1191 1913 1191 941 767 478 478
1913 941 941 941 941 995 1913 941 995 1058 1191 995 995 995 1191 995 995 995 1191 995
1191 767 767 1351 767 767 1351 1913 767 767 1351 767 767 1351 941 995 1191 1913 1913 1913
478 478 478 478 478 478 1519 1519 1519 1519 1519 1519 1519 1519 1519 1519 1519 1519 1519 1519
478 478 1519 1519 1519 1519 1519 1519 1519 1519 1519 1519 1519 1519 1519 1519 1519 1519 478 478
478 478 478 478 478 478 1519 1519 1519 1519 1519 1519 1519 1519 1519 1519 1519 1519 1519 1519
995 1191 1191 227 1913 767 995 767 478 1191 1913 767 767 767 767 1351 767 767 767 767
1058 227 227 227 1191 1191 995 995 1191 995 1191 995 1191 995 1191 995 1191 995 1191 995
1191 1058 227 1191 1191 995 227 1191 995 1191 1191 1191 995 1191 995 1351 995 767 1058 227
1717 227 227 1717 1058 227 1717 227 227 1717 1717 1717 995 1717 1717 1717 1913 1913 767 1191
478 478 478 478 478 1519 1519 1519 1519 1519 1519 1519 1519 1519 1519 1519 1519 1519 1519 1519
1191 1058 1191 1191 1191 1191 995 1191 1191 1913 1913 941 478 478 995 941 1191 1913 1191 941
767 995 1913 995 995 1058 1191 1058 1058 1058 1191 1058 1058 995 1191 995 995 1191 1191 1058
941 941 941 995 1913 941 995 227 1191 1058 995 1058 1191 1058 995 995 1191 995 995 1191
1191 1058 1058 1058 1191 1058 995 1191 1191 995 1191 995 1058 1058 1191 1191 995 1058 1058 1058
941 478 478 478 995 941 1191 1913 1744 941 941 193 193 767 1351 767 767 1351 1351 767
193 1058 1191 941 1058 1191 1191 1191 1191 1191 941 767 941 941 995 1191 767 995 227 1191
767 1351 1351 767 1351 767 767 1351 767 767 767 1351 767 1351 767 767 767 767 767 767
1191 995 1058 1191 1058 1191 1191 1191 1191 995 1744 1191 1913 1913 941 767 478 478 995 767
1191 1744 995 767 1351 478 478 767 1519 1519 1519 1519 1519 1519 1519 1519 1519 1519 1519 1519
1351 767 1191 767 767 1351 767 767 1351 1913 767 767 1351 767 767 1351 941 995 1191 1913
1058 995 227 1191 1058 227 1191 1191 1191 1191 995 1191 1191 1191 1913 1913 941 478 478 478
941 941 941 941 995 1913 941 995 1058 1191 1058 1058 1058 1191 1058 1058 995 1191 1058 995
1519 1519 1519 1519 1519 1519 478 478 193 193 767 1351 941 995 1191 1913 1913 1913 1913 941
1191 1058 1191 1058 227 227 227 227 1191 1058 1058 1191 1058 995 1191 1058 1058 1191 1058 1058
478 478 478 995 941 1913 1913 767 941 767 767 193 193 767 1351 767 767 1351 767 941
767 941 995 1913 941 995 227 1191 1058 1058 995 1191 1058 1058 995 1191 995 995 1191 1191
767 1351 767 767 1351 767 767 767 1351 767 767 767 1351 767 767 1351 767 941 767 1351
1519 1519 1519 1519 1519 1519 1519 1519 1519 1519 478 478 193 193 767 1351 941 995 1191 1913
767 767 767 995 1913 767 995 227 1191 1058 1058 1058 1191 1058 1058 1058 1191 995 995 1191
1913 1913 941 941 1191 767 767 1351 1351 767 1058 767 767 767 767 767 767 767 767 767
1058 1058 1191 1058 995 995 1191 995 995 1191 1191 1191 995 995 1058 1058 1191 1191 995 1058
1058 1717 227 1717 1058 1717 1058 1717 1058 227 227 1717 1058 1058 1717 995 227 1717 1058 227
995 767 1351 941 995 1191 1913 1913 1191 1913 941 941 941 941 995 1913 941 995 1058 1191
478 478 478 478 478 1519 1519 1519 1519 1519 1519 1519 1519 1519 1519 1519 1519 1519 1519 1519
1058 995 1191 227 227 227 1191 1191 995 227 1058 1191 995 767 1191 995 1191 995 1191 995
1058 1058 1191 1058 1058 1058 1191 1058 1058 1191 1191 995 995 1191 227 1058 1191 1191 995 1191
1191 1058 1913 1191 1913 767 767 767 767 995 1913 995 1519 1058 1191 1058 995 1058 1191 1058
478 478 478 478 478 478 478 478 478 478 193 1519 478 1351 941 478 478 478 478 478
1191 1191 1191 1191 995 1191 1519 767 478 478 478 478 478 478 478 478 1191 767 1351 767
995 767 767 478 478 767 767 767 767 478 478 767 478 767 767 1351 941 995 1351 1913
1191 1191 1058 995 1191 1058 1191 1058 227 1191 1058 1191 1058 1191 1058 227 1191 1191 995 227
1519 1519 1519 1519 1519 1519 478 478 193 1913 767 1351 941 995 1191 1913 1913 1913 1913 941
1519 1519 1519 1519 1519 1519 1519 1519 1519 1519 1519 1519 1519 478 478 193 193 767 1351 941
1913 1058 1913 1913 767 767 767 767 995 1913 995 995 1058 1191 1058 1058 1058 1191 1058 1058
227 227 1191 1191 1191 1058 995 227 1191 1058 1717 1717 1717 1191 767 1717 1191 1913 1191 767
227 1913 1191 1191 1191 995 1191 1191 1913 1913 767 478 767 1351 767 1351 767 995 767 1191
1913 941 478 995 941 1913 1913 941 941 193 193 767 1351 767 767 1351 767 767 767 1351
767 1058 478 767 767 767 767 193 193 478 767 767 1351 767 767 1351 1351 767 767 1351
767 941 995 1351 767 995 1191 1913 1913 1913 1913 767 767 941 941 995 1913 767 1519 1058
767 767 767 1351 767 767 1191 1191 767 767 1351 767 767 1351 941 995 1191 1913 1913 1191
1058 1058 1058 1191 995 767 1519 1744 1191 995 1191 1058 1058 1191 1191 1519 1913 767 1519 1058
1519 1519 478 478 193 193 767 1351 941 995 1191 1913 1913 1913 1913 941 941 941 941 995
995 1913 995 767 1351 767 767 1351 1913 767 1351 767 193 193 767 1351 941 995 1351 1913
1519 1519 1519 1519 1519 1519 1519 1519 478 478 193 193 767 1351 941 995 1191 1913 1913 1913
1058 478 941 478 478 995 941 1191 478 1191 941 941 478 767 767 193 193 767 1351 767
1058 995 227 227 1191 1191 1058 227 227 227 1191 1191 1058 995 1191 995 1191 995 1191 1058
995 1913 995 995 227 1191 1058 1058 1058 1191 1058 1058 1058 1191 995 995 1191 1191 1191 995
1191 995 227 1191 1058 227 1191 1058 227 1191 1058 1191 767 1191 1191 1191 1191 1913 767 478
478 478 478 478 1519 1519 1519 1519 1519 1519 1519 1519 1519 1519 1519 1519 1519 1519 1519 1519
995 227 227 1191 1058 1191 1191 1191 995 1191 1191 1191 478 227 1913 941 478 478 995 941
1058 1913 1191 1191 995 1191 1191 1191 1913 1913 941 478 478 478 995 941 1913 1913 941 941
1913 1058 1058 1058 1191 995 995 995 1191 995 995 1191 1191 1191 995 995 1058 1058 1191 1191
478 478 767 767 767 478 767 478 478 478 478 478 767 478 478 478 478 478 478 478
1191 1191 995 1191 1191 227 1191 995 1058 1191 995 1191 1191 1913 941 478 478 1191 767 478
1191 1058 1191 1191 1058 1058 1913 227 227 1191 1191 1191 995 1191 1058 1191 1058 1058 1058 1058
1191 1058 1191 1058 1191 1058 227 1191 227 1191 1058 995 227 1191 1058 227 1191 1058 227 1191
1058 1191 1191 1191 1058 995 227 227 1191 1191 227 1191 995 1191 1191 1191 1913 1913 1913 767
478 193 193 767 1351 767 767 1351 1351 767 767 1351 767 767 1351 767 767 1351 767 767
767 767 767 767 767 767 767 767 767 767 767 767 767 767 767 767 767 478 767 767
1191 1058 1191 1058 1191 1058 1191 1058 1191 1058 1191 1058 227 1191 1058 995 1058 1191 1058 227
1519 1519 1519 1519 478 478 193 1913 767 1351 941 995 1191 1913 1913 1913 1913 941 941 941
995 941 1913 1913 941 941 193 193 767 1351 767 767 1351 1351 767 767 1351 767 767 1351
1058 995 1191 1058 995 995 1191 995 995 1191 1191 995 1191 995 1058 1058 1191 1191 995 1058
1913 995 995 1351 767 995 1191 1913 1913 1913 1913 941 941 941 941 995 1913 995 995 227
1191 1191 1058 995 1191 1058 227 1191 1191 1058 1191 1058 1191 1058 1191 995 1058 1058 1191 995
227 1191 1191 1058 1191 1058 1191 1058 1191 995 227 1191 995 227 1191 995 227 1191 1191 1191
1519 1519 1519 1519 1519 1519 1519 478 478 193 193 767 1351 941 995 1191 1913 1913 1913 1913
1058 1058 1191 1191 1191 1058 995 227 227 1191 1191 1058 227 227 227 1191 1191 995 995 1191
1519 1519 478 478 193 1913 767 1351 941 995 1191 1913 1913 1913 1913 941 941 941 941 995
1351 941 995 1191 1913 1913 1191 1913 941 941 767 941 995 1913 941 995 1058 1191 995 995
1191 995 1744 478 1744 1913 1913 941 478 478 995 941 1191 1913 1191 941 941 193 193 767
1058 1191 1058 1058 1058 1191 1058 1058 1191 1191 1191 1058 995 227 227 1191 1191 227 227 227
995 1058 1058 1191 1058 995 995 1191 995 995 995 1191 995 995 1191 1191 995 1191 995 1058
227 227 1913 1058 227 1717 227 227 1717 1717 1717 995 1717 1717 1717 1191 1913 767 1191 478
995 1351 941 995 1191 1913 1913 1913 1913 941 941 941 941 995 1913 941 995 1058 1191 995
1191 1058 1191 1058 1191 1058 1191 1058 1191 1058 227 1191 227 227 1191 995 1058 1191 995 1191
1191 1058 1058 1058 1191 1058 995 995 1191 995 995 1191 1191 1191 995 995 1058 1058 1191 1191
995 1191 227 227 227 1191 1191 227 227 227 1191 1191 995 995 1191 995 1191 995 1191 1058
1058 227 1913 1191 1191 1913 1191 1191 1191 1913 1913 767 478 478 995 941 1191 1913 1191 1191
1519 1519 1519 1519 1519 1519 1519 1519 1519 1519 1519 1519 1519 478 478 193 193 767 1351 941
1519 1519 1519 1519 1519 1519 1519 1519 1519 767 1351 767 767 1058 478 478 193 193 767 1191
227 1191 1058 995 995 1191 995 995 995 1191 995 995 1191 1191 1191 995 995 1058 1058 1191
1913 995 1191 1191 1191 1913 1913 941 478 478 478 995 941 1913 1913 941 941 767 767 193
1913 767 995 227 1191 1058 1058 1058 767 1191 1058 995 995 1191 995 995 1191 941 1191 995
941 1913 1191 941 941 767 1351 767 995 1191 1913 1913 1913 1913 941 941 941 941 995 1913
767 1351 767 767 1351 767 767 1351 1913 767 767 1351 995 767 1351 767 995 1191 1913 1913
478 478 478 478 478 478 478 478 478 478 478 1519 1519 1519 1519 1519 1519 1519 1519 1519
1191 1191 1058 1191 1191 995 1191 1191 1191 1191 1913 1913 767 995 767 1913 1191 941 767 1191
1058 1191 1058 1058 1191 1191 1058 1913 1191 1191 1191 1058 1191 995 227 1191 1191 995 1191 1351
227 1191 227 767 1191 767 1191 1191 1744 1744 1913 767 767 767 767 767 1191 767 767 767
1717 227 1717 227 1717 227 1717 227 1717 227 1717 1058 227 1717 995 227 1717 1058 227 1717
1913 1191 1913 1913 941 995 767 1913 1913 767 941 995 1351 767 995 1191 1913 1913 1191 1913
767 995 1913 995 995 227 1191 995 995 995 1191 995 995 995 1191 995 995 1191 1191 995
995 1913 995 995 1058 1191 995 995 995 1191 995 995 995 1191 995 995 1191 1191 1191 995
1351 1913 1913 1913 1913 941 941 941 941 995 1913 941 995 1058 1191 995 995 1058 1191 1058
478 478 767 478 767 767 1351 941 995 1351 1913 1913 1913 1913 941 941 941 941 995 1913
1519 1519 1519 1519 1519 1519 478 478 193 193 1058 1351 941 995 1191 1913 1913 1913 1913 941
1058 1058 1191 1058 1058 1191 941 1191 1058 1191 995 995 1191 1058 1058 1191 995 1191 1191 1191
1191 1058 1913 941 478 478 478 995 767 1191 1913 1191 1191 941 941 941 767 1351 941 995
478 995 767 1913 1913 767 941 1191 767 193 193 767 1351 767 767 1351 767 941 941 1351
767 995 1191 1913 1913 1191 1913 767 941 767 941 995 1913 995 995 1058 1191 1058 1058 1058
1058 1058 1191 1058 995 1191 1191 995 1191 995 1058 1058 1191 1191 995 1058 1058 1058 1191 1191
193 193 1191 1913 1913 1913 1913 941 941 941 941 995 1913 941 995 1058 1351 995 995 995
478 478 478 478 478 478 478 478 478 478 1519 1519 1519 1519 1519 1519 1519 1519 1519 1519
1913 995 1058 1058 1191 1058 995 995 1191 995 995 995 1191 995 995 1191 1191 995 1191 995
941 193 193 767 1351 767 767 1351 1351 767 767 1351 767 767 1351 767 767 1351 1913 767
1058 1191 1058 1191 1058 1191 1058 1191 1058 227 1191 227 1191 995 227 1191 1058 227 1191 1058
1913 1913 1913 941 941 941 941 995 1913 995 995 1058 1191 1058 995 1058 1191 995 995 995
227 1191 1191 1058 995 767 1191 1058 227 1191 1191 1191 995 1191 995 1058 1058 1191 1191 767
227 227 1191 1191 995 227 1191 1058 227 1191 1058 1191 1058 1191 995 1058 1191 227 1191 1191
478 478 478 478 478 767 478 478 478 478 478 478 478 478 478 478 478 478 478 478
995 227 1191 1191 995 1191 1351 1913 1913 941 995 767 1913 1191 767 767 995 1191 767 995
767 767 1191 1191 767 767 1351 767 767 767 1351 941 995 1191 1913 1191 1191 1913 941 941
1058 1058 1191 1058 1058 1058 1191 1058 995 1191 1191 1191 1058 995 1058 1058 1191 1191 995 1191
1191 1058 995 227 227 1191 995 1191 1058 1058 1058 1191 1191 995 995 1191 995 1191 995 1191
1058 995 227 1191 995 227 1191 1191 1191 767 1191 1191 1191 1913 1913 941 478 478 478 767
1519 1519 1519 1519 1519 1519 1519 1519 1519 478 478 193 193 767 1351 941 995 1191 1913 1913
1058 941 995 995 1351 941 995 1191 1913 1913 1913 1913 941 941 941 941 995 1913 941 995
1191 1058 227 1191 1191 1058 1191 1058 1191 995 1191 995 227 1191 995 227 1191 995 227 1191
478 478 478 478 478 478 1519 1519 1519 1519 1519 1519 1519 1519 1519 1519 1519 1519 1519 1519
767 1351 767 767 767 1351 767 767 767 1351 767 767 1351 1913 941 767 1351 767 767 1351
1191 1191 1191 1058 995 227 227 1191 1191 227 1191 995 1191 1191 1191 1913 1913 1913 767 995
1913 1913 1058 941 941 941 995 1913 1058 1058 995 1191 1058 1058 1058 1191 1058 995 1191 1058
1191 1913 1913 941 995 767 1913 1913 941 941 767 1351 941 995 1191 1913 1913 1913 1913 767
193 767 1351 941 995 1191 1913 1913 1913 1913 941 941 941 941 995 1913 941 995 1058 1191
767 767 767 941 995 1913 767 1191 227 1191 227 995 995 1191 995 995 995 1191 995 995
995 227 227 1191 1191 1058 227 227 227 1191 1191 995 995 1191 995 1191 995 1191 995 1191
995 1351 941 995 1191 1913 1913 1913 1913 941 941 941 1058 995 1913 941 995 1058 1191 227
478 478 478 478 478 478 478 478 478 478 478 1519 1519 1519 1519 1519 1519 1519 1519 1519
767 995 1191 1191 767 767 1351 1191 767 1351 1913 767 767 1351 941 995 1191 1913 1913 1913
227 1058 1058 1191 1058 1058 995 1191 1058 995 1191 1191 1191 227 1058 995 995 1191 1191 227
1913 995 995 227 1191 1058 1058 1058 1191 1058 995 1058 1191 1058 995 1191 1191 1191 995 995
227 227 1191 995 1191 1191 1913 1913 941 478 478 995 941 1913 1913 941 941 1191 941 193
1913 1913 1058 941 941 941 995 1913 941 995 227 1191 1058 1058 995 1191 1058 1058 995 1191
995 1191 1058 1913 1191 1913 941 941 941 941 995 1913 941 995 1058 1191 995 995 1058 1191
1913 1913 1913 1913 1913 941 941 941 941 995 1913 767 995 1058 1191 995 995 995 1191 995
227 1191 1191 1058 995 1191 1058 1191 1058 1191 1058 1191 1058 1191 1058 227 1191 227 1191 767
478 478 478 478 478 1519 1519 1519 1519 1519 1519 1519 1519 1519 1519 1519 1519 1519 1519 1519
1519 1519 1519 1519 1519 1519 1519 1519 1519 1519 1519 1519 1519 478 478 193 193 767 1351 941
1058 1191 1058 1058 1191 941 1191 1058 1191 995 995 1191 227 227 1191 995 1191 1191 1191 1191
478 995 941 1191 1913 1191 1913 941 767 767 767 193 193 767 1351 767 767 1351 1351 767
767 767 767 1058 478 478 193 193 767 767 1351 767 767 1351 1351 767 767 478 767 1351
1058 1058 1058 1191 1058 1058 1191 1191 1058 995 1191 227 227 1191 1191 995 995 227 1717 1058
1744 1058 1913 941 478 478 478 995 941 1913 1913 941 941 193 193 767 1351 767 767 1351
1191 1058 995 1058 227 1191 1191 1058 227 227 227 1744 1058 995 1191 1058 1191 1058 1191 1058
1058 1058 1191 1058 1058 995 1191 1058 1058 1191 995 1191 1191 995 1058 1191 995 1191 1191 1191
1519 1519 1519 1519 1519 1519 1519 1519 1519 1519 1519 1519 1519 1519 478 478 193 193 767 1351
1519 1519 1519 1519 1519 1519 1519 1519 1519 478 478 193 193 767 1351 941 995 1191 1913 1913
1519 1519 1519 1519 1519 1519 478 478 193 193 767 1351 941 995 1191 1913 1913 1913 1913 941
1058 227 767 767 1191 1191 1058 995 1058 227 1191 1058 1191 1058 227 1191 1058 1191 995 1191
1913 767 767 767 1351 767 995 1191 1913 1913 1191 1913 941 941 941 941 995 1913 767 995
767 1351 478 478 767 1519 1519 1519 1519 1519 1519 1519 1519 1519 1519 1519 1519 1519 1519 1519
478 478 478 478 478 478 1519 1519 1519 1519 1519 1519 1519 1519 1519 1519 1519 1519 1519 1519
1058 227 1717 1058 227 1717 1058 1717 995 1717 1717 1717 1717 1717 767 478 478 1191 478 478
995 1351 941 995 1191 1913 1913 1913 1913 941 941 941 941 995 1913 941 995 1058 1191 995
1058 1058 1191 995 995 995 1191 995 995 1191 1191 995 767 1191 1058 1058 1058 1191 1191 995
1058 995 1913 1191 767 941 478 478 767 767 1058 478 767 767 767 767 193 193 478 767
995 1913 767 995 1191 1913 1913 1913 1913 767 941 941 767 995 1913 767 995 227 1191 1058
1191 1191 995 1191 1191 1913 1913 941 478 995 767 1191 1913 1191 941 941 767 478 1351 767
767 767 941 767 1913 767 767 1058 1191 995 995 995 1191 995 995 995 1191 995 995 1191
227 1191 1058 1058 1191 1058 995 1191 227 227 1191 1058 227 1058 1191 995 1191 1191 1058 1913
1058 1058 1058 1191 1191 1058 1058 995 1191 1191 1058 1058 1058 767 767 1191 1191 1058 995 1058
1058 1191 1913 1191 1191 767 941 767 478 478 1191 1058 995 1191 941 995 1058 1191 1058 1058
1191 1058 1058 1058 1191 1058 1058 1191 1191 1191 1058 995 227 1058 1191 1191 995 1058 1058 227
1913 1191 1191 995 1191 1191 1191 478 1913 1913 941 478 478 995 941 1913 1913 941 941 193
1058 941 995 995 1351 941 995 1191 1913 1913 1913 1913 941 941 941 941 995 1913 941 995
941 995 1191 1913 1191 1191 1913 941 941 941 941 995 1913 941 995 1058 1191 995 995 995
1191 1058 1058 1058 1191 995 995 995 1191 995 995 1191 995 1191 995 1191 1058 1058 1191 1191
1913 1058 941 941 941 941 1191 1191 1191 995 1191 1913 1913 941 995 767 1913 941 995 227
1191 1058 227 1191 1913 941 941 941 941 995 1913 941 995 1058 1191 995 995 995 1191 995
995 941 1913 1913 941 941 193 193 767 1351 767 767 1351 1351 767 941 1351 941 767 1351
1058 227 1191 1191 1191 767 1191 1191 1191 1913 1913 941 478 478 478 995 767 1913 1913 767
1191 1191 227 227 227 1191 1191 1058 1191 1058 995 1058 1191 227 995 1191 1191 995 1191 1058
767 767 767 1913 767 767 227 1191 995 995 995 1191 995 995 995 1191 995 995 1191 1191
1191 1191 1058 1058 767 1191 1058 227 1191 1191 1191 995 1191 995 227 1058 1191 1191 767 227
995 767 767 767 767 1351 767 767 1351 1351 767 767 767 1351 767 1351 767 767 1351 767
941 941 995 1913 767 995 1058 1191 1058 1058 1058 1191 1191 1058 995 995 995 995 1191 1058
227 1717 227 1717 1058 227 227 1717 1717 995 227 1717 1058 227 1717 1058 227 1717 1058 1717
1191 1058 1058 1191 1191 1191 995 1191 1191 1191 1913 1913 941 478 478 478 995 941 1913 1351
1191 1058 1191 1058 227 1191 227 227 1191 995 227 1191 1058 1191 1191 1191 1191 767 1191 1191
1191 1058 1058 1058 1191 1058 1058 1058 1191 1058 1058 1191 1058 995 1191 1191 227 227 1191 1191
767 767 1351 1351 767 767 1351 767 767 767 1351 767 767 1351 767 767 767 767 767 767
767 1913 767 767 1351 767 995 767 1191 1913 1913 1913 1913 767 767 941 767 995 1913 767
1058 941 941 941 995 1913 767 995 227 1191 1058 1058 1058 1191 1058 1058 995 1191 1058 1058
1519 1519 1519 1519 1519 1519 1519 1519 1519 478 478 193 193 767 1351 941 995 1191 1913 1913
1058 1913 767 995 767 1913 941 995 227 1913 1191 767 767 1191 1058 1058 1058 1191 1058 1058
995 1351 478 478 1913 767 767 1351 767 995 1191 1913 1913 1913 1913 941 941 941 941 995
1913 1058 941 941 941 995 1913 941 995 227 1191 1058 1058 1058 1191 1058 1058 995 1191 1058
1058 1058 1058 1913 1191 1058 1058 1058 1191 1058 1058 1191 1058 995 1191 1191 1058 1058 1191 1191
1191 1058 995 1191 1058 1191 1058 1191 1058 1191 995 1191 995 1058 1191 1058 1058 1191 995 1058
1058 1191 1058 227 1191 227 227 1191 995 227 1191 1058 1191 1191 1191 1191 767 1191 1191 1058
995 995 227 1191 995 995 995 1191 995 995 995 1191 995 995 1191 1191 1191 995 995 1058
995 767 767 995 1913 767 995 1058 1191 995 995 995 1191 995 995 995 1191 995 995 1191
995 1913 941 995 227 767 1913 1058 1058 767 1913 1058 995 1191 995 995 995 1191 995 1191
941 995 1191 1058 1913 1191 1913 941 941 941 941 995 1913 995 995 1058 1191 995 995 995
995 1351 767 767 1351 767 995 1191 1913 1913 1191 1913 941 941 941 941 995 1913 767 995
1717 227 227 227 1717 1058 995 1717 1058 1717 1058 1717 1058 1717 1058 1717 1058 227 227 1717
478 478 478 478 1519 1519 1519 1519 1519 1519 1519 1519 1519 1519 1519 1519 1519 1519 1519 1519
995 1191 995 995 227 1191 1058 1058 1058 1191 1058 1058 1058 1191 1058 1058 1191 1058 1191 995
1519 1519 1519 478 478 193 1913 767 1351 941 995 1191 1913 1913 1913 1913 941 941 941 941
478 478 193 193 767 1351 941 995 1191 1913 1913 1913 1913 941 941 941 941 995 1913 941
1191 995 1191 1058 1191 1058 1191 1191 227 1058 1058 227 1191 1058 1191 1191 1191 995 1191 767
1058 1913 1191 1913 767 767 767 767 995 1913 767 995 227 1191 1058 995 1058 1191 1058 1058
995 1913 1058 1058 767 1913 1058 1058 1191 1058 995 995 1191 1058 1191 1191 995 995 995 1058
478 478 478 478 478 478 478 478 478 478 478 478 478 478 478 1519 1519 1519 1519 1519
1519 1519 1519 478 478 478 478 478 478 478 478 478 478 478 478 478 478 478 1519 1519
1058 1058 1191 1058 995 1191 1191 1058 995 1191 1058 1058 1058 1191 1191 1058 1058 1058 1744 1191
767 995 1351 767 767 767 1351 941 995 1191 1913 1913 1913 1913 941 941 941 941 995 1913
1913 995 767 1351 941 995 1191 1913 1913 1191 1913 941 941 941 941 995 1913 941 995 1058
1191 1058 1058 1058 1191 1058 1058 1191 1058 995 1191 1191 227 227 1191 1191 995 1191 1191 995
1519 1519 1519 1519 1519 1519 478 478 478 478 478 478 478 478 478 478 478 478 478 478
1913 995 767 1351 941 995 1191 1913 1913 1191 1913 941 941 941 941 995 1913 941 995 1058
478 478 478 478 478 478 478 478 478 1519 1519 1519 1519 1519 1519 1519 1519 1519 1519 1519
995 1744 1058 1191 1058 1744 995 1191 995 1744 995 1058 995 1191 1191 1191 995 1058 1744 1744
1191 1058 1058 1058 1191 995 995 1191 1191 995 1191 995 1058 1058 1191 1191 1058 1191 1191 995
1191 1058 1058 227 1191 227 1191 227 1191 227 1191 1058 1191 227 227 1191 1191 995 227 1191
227 1744 1191 1058 995 1191 1058 1191 995 1191 995 1191 995 1191 995 1058 1191 1058 1058 1191
227 1191 1058 1717 1058 1717 1191 995 1717 1717 1717 1717 995 1058 995 227 227 227 1191 995
478 1744 1913 1913 941 478 478 995 941 1191 1913 1191 941 941 193 193 767 1351 767 767
1058 1191 1191 1191 1191 767 1191 1191 1913 1913 941 478 478 995 941 1913 1351 941 941 767
227 1058 1058 1717 1058 1058 1717 1058 1717 995 1717 227 227 1717 1717 1058 227 227 1717 1717
767 767 767 1351 767 767 767 1351 941 995 1191 1913 1913 1191 1913 941 941 941 941 995
995 1191 227 227 1913 1913 941 941 941 941 995 1913 941 995 227 1191 1058 1058 995 1191
1191 1058 1058 1058 1191 1058 1058 1058 1191 1058 995 1191 995 995 1191 1191 1058 1058 1191 1191
1191 1058 995 1058 227 1191 1191 1058 227 227 227 1744 1058 995 1191 1058 1191 1058 1191 1058
1191 1058 1058 1191 995 1191 995 1191 227 227 1191 1191 995 227 1058 1191 1191 995 995 767
1058 1351 941 995 1191 1058 1913 1913 1913 767 941 941 941 995 1913 995 995 227 1351 1058
941 995 941 1913 1191 941 941 478 767 478 1351 767 767 767 767 767 767 767 1058 478
1191 995 227 1191 1058 227 1191 1191 1191 995 1191 1191 1191 1913 1913 767 478 478 478 995
1191 1191 1058 1191 1191 995 1191 1191 1191 1191 1913 1913 767 995 767 1913 1913 941 767 767
1058 1913 1913 1913 1913 1913 941 941 767 941 995 1913 995 995 1058 1191 1058 1058 1058 1191
767 1351 767 767 1351 1351 767 767 478 767 1351 767 767 767 767 767 767 767 1351 767
995 227 227 1191 1191 1058 227 227 227 1191 1191 995 995 1191 995 1191 995 1191 995 1191
478 478 478 478 478 478 478 478 478 478 478 478 478 1519 1519 1519 1519 1519 1519 1519
767 1351 767 767 1351 1191 767 767 1351 767 767 1351 941 995 1191 1913 1913 1913 1913 767
1058 1058 1191 1191 995 1191 995 1058 1058 1058 1191 1191 1058 1058 1058 1191 1191 995 995 1191
1717 227 227 1717 1717 227 227 227 1717 1717 1058 1058 995 1717 1058 1717 1058 1717 1058 1717
227 1191 1191 1058 995 1191 1058 227 1191 1191 995 1191 995 1191 995 1191 995 1058 1191 995
767 1913 1913 941 941 767 1351 941 995 1191 1913 1913 1913 1913 941 941 941 941 995 1913
1913 941 995 1191 227 1913 1913 1913 941 941 941 941 995 1913 941 995 1058 1191 1058 1058
1058 1913 1191 1191 1913 1191 227 227 1058 1191 1191 995 1191 1191 1191 1191 227 1191 767 1913
227 995 227 1717 1191 1058 227 1191 227 1191 1058 1717 995 1717 1717 995 1717 1717 1717 1717
1191 1913 1913 941 478 478 478 995 767 1191 1913 1744 941 941 193 193 767 1351 767 767
1058 1191 1058 1191 1058 1191 1058 227 1191 227 1191 995 227 1191 1058 227 1191 1058 227 1191
767 767 767 767 767 478 478 767 767 767 767 478 478 767 478 767 767 1351 941 995
995 995 1351 941 995 1191 1913 1913 1913 1913 941 941 941 941 995 1913 941 995 1058 1191
995 767 767 767 767 1351 767 767 1351 1351 767 767 767 1351 767 1351 767 767 1351 767
995 1191 1058 1191 1058 227 1191 1191 1058 1191 995 1058 1058 1191 1191 1519 1058 1058 1191 1058
1191 1058 1058 995 1191 1058 1058 1191 1058 1191 1191 1058 227 1191 995 1191 1191 1191 995 227
767 1351 1351 767 767 1351 767 767 1351 767 767 1351 1191 767 767 1351 767 767 1351 941
1191 995 1191 1191 1913 1913 941 478 478 1519 941 1191 478 1191 941 941 478 767 767 193
227 1191 1191 1058 1058 1058 1191 1191 1058 995 227 1191 227 1191 227 1191 227 1191 1058 1191
1191 1058 1191 995 1058 1191 227 1191 1191 995 1191 1191 1191 941 1191 767 767 1351 767 767
1191 1191 995 227 1191 1058 227 1191 1058 227 1191 1058 1744 995 1744 1191 1191 1191 1191 767
767 767 767 767 767 767 767 767 767 767 767 478 767 767 767 767 767 767 478 478
1191 1191 227 227 1191 1191 1058 1191 1191 995 1191 1191 1191 1191 227 1913 767 995 767 1913
1351 767 767 1351 1913 767 767 1351 1913 767 767 767 1351 1351 767 767 767 767 767 1351
1058 1913 1913 941 941 941 767 995 1913 995 995 1058 1191 1058 995 995 1191 995 995 995
1519 1519 1519 1519 1519 1519 1519 1519 1519 1519 1519 1519 1519 1519 1519 478 478 193 193 767
1191 1191 1913 1913 767 478 767 1351 767 1351 767 995 995 1191 1913 1191 941 767 478 478
227 227 1744 1191 1058 995 1191 1058 1191 995 1191 995 1191 995 1191 995 1058 1191 1058 1058
1744 995 767 1351 478 478 767 1519 1519 1519 1519 1519 1519 1519 1519 1519 1519 1519 1519 1519
767 941 995 1913 941 995 1058 1191 995 995 995 1191 995 995 995 1191 995 995 1191 1191
1913 767 941 995 1351 767 995 1191 1913 1913 1191 1913 941 941 941 941 995 1913 941 995
767 767 1351 767 767 1351 767 767 767 1351 1913 767 767 1351 941 995 1191 1913 1913 1191
941 941 941 941 995 1913 941 995 1058 1191 995 995 995 1191 995 995 995 1191 995 995
1191 995 227 1191 1058 227 1191 1058 1058 1191 1058 1191 995 1191 1191 1191 1191 1913 767 478
995 1351 1913 767 1351 767 193 193 767 1351 767 995 1351 995 995 995 767 767 767 995
1191 227 1191 1191 1191 995 1191 1191 1191 478 1913 1913 941 478 478 995 941 1913 1913 941
1058 1058 1191 1058 995 995 1191 995 995 1191 1191 1191 995 995 1058 1058 1191 1191 995 1058
767 478 767 767 767 767 767 767 767 767 1058 478 478 193 193 767 767 1351 767 767
1519 1519 1519 1519 1519 1519 1519 478 478 193 193 767 1351 941 995 1351 1913 1913 1913 1913
478 478 478 478 478 478 478 478 478 478 478 1519 1519 1519 1519 1519 1519 1519 1519 1519
995 941 1913 1913 941 941 193 193 767 1351 767 767 1351 767 767 767 1351 767 1191 767
1913 995 995 1351 941 995 1191 1913 1913 1913 1913 941 941 941 941 995 1913 941 995 1058
193 193 478 767 767 1351 767 767 1351 1351 767 767 1351 767 767 767 767 767 1351 767
941 995 767 1913 1191 767 767 767 1191 767 995 1191 1191 1191 1191 1191 941 941 941 767
1058 227 1191 1058 478 1191 1191 995 1191 1191 1191 1191 1913 941 767 1351 941 767 1351 1913
767 767 767 767 767 767 767 767 767 767 767 767 767 478 767 767 767 767 767 1191
1913 1913 1913 1913 941 941 767 767 995 1913 995 995 1058 1191 1058 1058 1058 1191 1058 1058
1191 1058 995 227 227 1191 1191 227 1191 1191 995 1191 1191 1744 1191 1913 1913 767 995 767
1058 1058 1191 1191 1191 1058 995 227 227 1191 1191 1058 1058 1058 1744 1191 995 995 995 1191
227 1191 1191 227 1191 1191 1191 1191 1191 1191 1191 1913 1191 941 1191 767 1913 1191 767 1191
478 478 478 478 478 478 478 478 478 478 1519 1519 1519 1519 1519 1519 1519 1519 1519 1519
1191 1058 1058 1058 1191 1058 995 1191 1191 995 1191 995 1058 1058 1191 1191 995 1058 1058 1058
227 1191 1058 227 1191 1191 1191 995 1191 1191 1191 1913 1913 941 941 995 941 1913 1191 941
478 1519 1519 1519 1519 1519 1519 1519 1519 1519 1519 1519 1519 1519 1519 1519 1519 478 478 478
1913 1913 1913 941 941 941 941 995 1913 767 1519 1058 1351 995 995 995 478 478 1191 995
227 227 227 1717 1717 227 227 227 1717 1717 227 995 1717 1058 1717 1058 1717 1058 1717 227
478 478 478 478 478 478 478 478 478 478 478 478 478 478 1519 1519 1519 1519 1519 1519
1058 227 227 227 1191 1191 1058 995 1191 1058 1191 995 1191 995 1191 995 1191 995 227 1191
1913 1058 1913 941 478 478 995 767 1913 1913 941 941 478 193 193 767 1351 767 767 1351
995 1351 767 767 1744 1191 1191 1191 1351 767 767 1913 941 1191 767 767 1351 767 767 1351
1913 227 1191 1058 227 1191 227 1191 995 227 1191 1058 227 1191 1058 227 1191 1058 1191 767
1058 1058 1058 1191 1058 1058 1191 1058 995 1191 1191 227 227 1191 1191 1058 1058 1058 1191 1191
995 1351 941 995 1191 1913 1191 1191 1913 941 941 941 941 995 1913 941 995 1058 1191 995
1519 1519 1519 1519 478 478 193 1913 767 1351 941 995 1191 1913 1913 1913 1913 941 941 941
478 478 193 193 767 1351 941 995 1191 1913 1913 1913 1913 941 941 941 941 995 1913 941
478 478 478 478 478 478 478 478 478 478 478 478 478 1519 1519 1519 1519 1519 1519 1519
1913 941 941 193 193 767 1351 767 767 1351 1351 767 941 1351 941 767 1351 767 767 1351
1191 1191 227 1191 1191 995 1191 1191 1191 1191 1913 1913 941 995 767 1913 1913 941 941 767
1058 1058 1058 1191 1191 1058 1058 1058 1058 995 1191 995 995 1191 1191 1191 1191 1058 995 995
1191 227 227 1191 1191 1058 227 227 1744 1191 995 767 1191 995 1191 995 1058 1058 1191 1191
478 478 478 478 478 478 478 478 1519 1519 1519 1519 1519 1519 1519 1519 1519 1519 1519 1519
767 767 767 767 1351 767 767 1351 767 478 767 767 478 478 478 767 767 478 478 1519
1519 1519 1519 1519 1519 1519 1519 1519 1519 1519 478 478 193 193 767 1351 941 995 1191 1913
1058 1058 1058 1191 1058 1058 1058 1191 995 1058 1191 1191 995 1191 995 1058 1058 1191 1191 1058
478 995 941 1913 1913 941 941 193 193 767 1351 767 767 1351 1351 767 767 1351 767 767
1058 1058 1191 1191 995 1191 995 1058 1058 1191 1191 1058 1058 1058 1191 1191 995 995 995 1191
1191 1058 995 1191 1058 1191 1058 1191 995 1191 1058 1191 995 1058 1191 1058 1058 1191 995 1058
1191 1058 1191 995 1058 1191 1058 995 227 227 227 227 1191 995 1191 1191 1191 1191 941 478
767 767 767 478 767 767 767 767 767 767 478 478 767 767 767 767 767 767 478 767
1717 1913 1191 995 478 478 1351 767 1058 767 767 1058 995 767 1191 1191 941 941 478 478
1191 227 227 1191 1191 995 227 1191 1058 227 227 1191 227 227 1191 1717 995 1717 1191 1191
1913 1913 941 941 941 941 995 1913 995 995 1058 1191 995 995 995 1191 1191 995 995 995
995 1191 1191 995 1058 227 227 227 227 1191 995 1058 1191 995 995 1191 995 1191 995 1058
227 1191 1058 995 995 1191 995 995 995 1191 995 995 1191 1191 995 995 1191 1058 1058 1058
1058 995 227 227 1191 1191 1058 227 1191 1191 995 1191 1191 1191 1191 1058 227 995 227 1191
1191 1058 227 1191 995 227 1191 1058 227 227 1191 227 1191 995 227 1191 767 1191 1191 1191
1913 1913 941 941 767 941 995 1913 767 995 227 1191 995 995 995 1191 995 995 995 1191
1913 767 995 1191 1913 1913 1913 1913 941 941 941 941 995 1913 995 995 1058 1191 1058 1058
227 1191 227 1191 1058 227 1191 1519 1191 1191 1191 1191 1519 767 478 478 478 478 478 478
1191 941 941 478 767 478 1351 767 767 767 767 767 767 767 1058 478 478 193 193 767
1191 1191 1058 1058 995 1191 1058 1191 995 1191 995 1191 995 1191 995 1058 1191 1191 995 1058
1058 1191 1058 995 995 1191 995 995 1191 1191 995 1191 995 1058 1058 1191 1191 995 1058 1058
1058 1058 1191 1058 1058 1191 1191 1191 1058 995 1058 227 1191 1191 1058 1058 1058 1191 1191 1058
1191 1058 1191 1058 1191 995 1191 995 227 1191 995 1058 1058 1191 1058 1191 1191 1191 995 1191
227 227 1191 995 1191 1191 1913 1913 941 478 478 995 941 1913 1913 941 941 1191 941 193
227 1058 1058 1191 1351 767 767 1191 995 995 995 1191 995 995 1191 941 1191 995 1191 995
767 1351 767 767 767 1351 767 767 1351 941 995 1191 1913 1913 1913 1913 941 941 941 941
1058 1191 1058 995 995 1191 995 995 1191 1191 1191 995 995 1058 1058 1191 1191 995 1058 1058
1744 1191 1058 995 1191 1058 1191 995 1191 995 1191 995 1191 995 1058 1191 1058 1058 1191 995
478 478 478 478 478 478 478 478 1519 1519 1519 1519 1519 1519 1519 1519 1519 1519 1519 1519
1058 1191 1191 1191 1058 767 227 227 1191 1191 227 1191 1191 995 1191 1191 1191 1191 1913 1913
1351 478 478 478 478 767 1191 767 995 1191 1913 1191 1191 941 941 767 478 478 1191 1058
1913 995 995 1058 1191 1058 1058 1058 1191 1058 995 995 1191 995 995 1191 1191 995 995 1191
941 1913 1191 1191 941 941 767 767 1351 941 995 1191 1913 1913 1913 1913 941 941 941 941
1191 1191 995 1744 1191 1913 1913 941 478 478 478 995 767 1191 1913 1191 1191 941 941 767
227 227 227 1191 1191 995 995 1191 995 1191 995 1191 995 1191 995 1191 995 1191 995 1058
1058 227 1191 227 227 1191 995 227 1191 1058 1191 1191 1191 1191 767 1191 1191 1058 1913 767
1191 1058 995 1191 1191 227 227 1191 1191 1058 1191 1191 995 1191 1191 1191 1191 227 1913 767
767 767 767 767 767 767 1191 1191 1191 1191 767 1519 767 1519 767 1913 767 767 767 767
1519 1519 1519 1519 1519 1519 1519 1519 478 478 193 193 767 1351 941 995 1351 1913 1913 1913
1351 1351 767 767 1351 767 767 1351 767 767 1351 767 767 767 1351 767 767 1351 767 995
1519 1519 1519 1519 1519 1519 1519 1519 1519 1519 478 478 193 193 767 1351 941 995 1191 1913
995 227 227 1191 1191 1058 227 227 1191 1191 995 995 995 1191 995 1191 995 1191 995 1191
995 1191 1058 1191 1058 227 1191 1058 1191 1191 1058 227 227 1191 1191 1191 1058 995 227 1191
995 995 227 1191 1058 1058 1058 1191 1058 1058 995 1191 1058 995 1191 1191 1191 995 995 1058
1191 1058 1191 1058 227 1191 1191 995 1191 1191 227 1191 995 1058 1191 995 1191 1191 1913 767
1519 1519 1519 1519 1519 1519 1519 478 478 478 478 478 478 478 478 478 478 478 478 478
1191 1058 1191 1058 1191 1058 227 1191 1191 995 227 1191 1058 227 227 1191 227 227 1191 1191
767 767 1351 1351 767 767 1351 767 767 1351 767 767 1351 767 941 767 1351 767 767 1351
227 1717 1717 227 1058 995 1717 1058 1717 1058 1717 1058 1717 1058 1717 1058 227 227 1717 1717
1519 1519 1519 1519 478 478 193 193 767 1351 941 995 1191 1913 1913 1913 1913 941 941 941
227 1191 1191 995 1191 1191 227 1191 995 1058 1191 995 1191 1191 1913 941 478 478 1191 767
1058 227 227 227 1717 1191 1058 1913 227 1191 227 1191 1191 995 1191 995 1191 1058 227 1191
995 227 1191 1058 1058 1058 1191 1058 995 1058 1191 995 995 1191 1191 1191 995 995 1058 1058
767 1351 767 767 1351 1351 767 767 1351 767 767 1351 767 767 1351 1913 767 767 1351 767
478 478 478 478 478 478 478 1519 1519 1519 1519 1519 1519 1519 1519 1519 1519 1519 1519 1519
478 478 478 478 478 478 478 478 478 478 478 1519 1519 1519 1519 1519 1519 1519 1519 1519
1058 227 1191 227 1191 1058 1717 1058 1717 1191 995 1717 1717 1717 1717 995 1058 995 227 227
