739 1519 1219 1069 93 1260 1260 788 781 739 1219 1219 93 1214 739 1519 1219 93 1260 788
1219 93 739 1219 1219 93 1697 895 781 1755 1593 895 1593 263 263 1755 1593 739 1599 1219
1219 721 1214 788 1593 739 799 799 93 1214 788 1593 739 1519 1219 93 1214 895 1593 788
93 1849 799 1219 93 1214 788 781 739 1599 1219 93 1214 788 781 739 1519 1219 1069 93
93 739 799 1219 93 1697 895 781 1755 781 263 263 895 781 1755 781 739 799 1219 1183
781 739 1599 1219 93 739 1219 1219 93 1697 895 781 1755 781 739 1519 1219 721 781 1755
871 1313 1849 299 871 1313 717 1183 609 1069 609 603 871 1553 1313 1697 603 1865 871 1313
1849 299 871 1313 717 1183 609 1069 609 603 871 1553 1313 1697 603 1865 871 1313 603 263
1519 799 788 1214 93 1593 739 1519 1219 93 1593 788 1593 739 1599 1219 93 739 1219 1219
1599 1219 93 1214 788 781 739 1519 1219 1069 93 1260 1260 788 781 739 1219 1219 93 1214
609 603 299 1553 1183 603 1865 1553 1313 1849 299 1553 1313 717 1183 609 1069 609 603 299
1865 1553 1313 609 1183 609 1183 609 603 299 1553 1183 603 1865 871 1313 1849 871 1553 1313
609 603 871 1553 1183 603 1865 871 1313 1849 871 871 1313 717 1183 609 1069 609 603 299
1219 721 895 1260 1260 788 1593 739 1219 1219 93 1214 739 799 1219 93 1593 788 1593 739
1214 788 1593 739 799 799 93 1214 788 1593 739 1519 1219 93 1214 895 1593 788 1593 739
739 1519 1219 93 781 788 781 739 1599 1219 93 739 1219 1219 93 1697 895 781 1755 781
739 799 1219 1183 739 1519 799 93 1849 1599 799 721 1214 788 1593 739 799 799 93 1214
1313 1849 299 871 1313 717 1183 609 1069 609 603 871 1553 1313 1697 603 1865 871 1313 603
1849 1599 799 721 1214 788 1593 1069 1593 739 1599 799 93 1697 739 1519 799 721 781 263
799 1183 739 1519 799 93 1849 1599 799 93 1260 788 1593 1069 1593 739 1599 1219 93 739
1183 603 1865 871 1313 1849 299 871 1313 717 1183 609 1069 609 603 299 1553 1313 1697 263
263 1183 609 1183 609 603 1553 1553 1183 603 1865 871 1313 1849 299 1553 1313 717 1183 609
1599 1219 93 739 799 799 93 1697 895 1593 1755 1593 895 1593 263 263 1755 1593 739 799
1219 93 1214 739 1519 1219 93 781 788 781 739 1599 799 93 739 1219 1219 93 1697 895
781 1755 781 739 799 1219 1183 739 1519 799 93 1849 1599 799 721 1214 788 781 739 799
1519 799 721 781 1755 1593 263 263 1755 1593 739 799 1219 1183 739 1519 799 93 1849 1599
788 781 739 1519 1219 93 1214 895 1593 788 1593 739 1519 799 93 1214 739 1519 1219 93
609 603 1553 1553 1183 603 1865 871 1313 1849 299 1553 1313 717 1183 609 1069 609 603 299
788 781 739 799 1219 93 1214 739 1519 1219 93 1593 788 1593 739 1599 1219 93 739 1219
1599 1219 93 1214 788 781 739 1519 1219 1069 93 1260 1260 788 781 739 1219 1219 93 1214
1183 739 1519 799 93 1849 799 1219 93 1214 788 1593 1069 1593 739 1599 799 93 1697 739
1260 739 799 1219 1183 739 1519 799 93 1849 1599 799 721 1214 788 1593 1069 1593 739 1599
1755 739 1519 799 93 1849 1599 1219 721 1214 788 1593 739 1599 1219 93 788 1260 1260 739
739 1599 1219 93 1214 788 781 739 1519 1219 1069 93 1260 1260 788 781 739 1219 1219 93
1219 1183 739 1519 799 93 1849 1599 1219 93 1214 788 781 739 799 1219 93 1214 788 1593
799 1219 93 1214 788 781 739 1219 1219 93 1214 895 781 788 781 739 1219 1219 93 1214
717 1183 609 1069 609 603 299 1553 1313 609 603 1865 1553 1183 603 263 263 603 1865 1553
799 1219 93 1214 895 781 788 781 739 1519 1219 93 1214 739 1519 1219 93 781 788 1593
263 1183 609 1183 609 1183 609 603 1553 1553 1183 603 1865 871 1313 1849 299 871 1313 717
739 1519 1219 93 1214 895 781 788 781 739 1519 799 93 1214 739 1519 1219 93 1593 788
1260 788 781 739 1219 1219 93 1214 739 1519 1219 93 1260 788 781 739 1599 1219 93 739
1214 788 781 1755 1260 739 1219 1219 93 1697 895 1260 739 1519 1219 721 781 1755 781 739
1219 93 1214 895 781 788 781 739 799 1219 93 1214 739 1519 1219 93 781 788 1593 739
1219 1219 93 1214 739 1519 1219 93 1593 788 1593 739 1599 799 93 739 1219 1219 93 1697
1519 799 93 1849 799 1219 93 1214 788 1593 1069 1593 739 1599 1219 93 1697 739 1519 1219
739 1519 1219 788 1214 93 1593 739 1519 1219 93 1593 788 1593 739 1599 1219 93 739 1219
1593 895 1593 263 263 1755 1593 739 799 799 1183 739 1519 799 93 1849 799 799 93 1214
1599 1219 721 1214 788 781 739 1599 1219 93 788 1260 1260 739 799 1219 93 1214 895 1593
739 799 1219 1183 739 1519 799 93 1849 1599 799 721 1214 788 1593 739 799 799 93 1214
721 895 1260 1260 788 1593 739 1219 1219 93 1214 739 799 1219 93 1593 788 1593 739 1599
739 799 1219 93 1214 788 781 739 1219 1219 93 1214 895 781 788 781 739 1219 1219 93
1519 1219 93 781 788 781 739 1599 1219 93 739 799 1219 93 1697 895 781 1755 781 895
788 781 739 799 1219 93 739 799 1219 93 1697 895 781 1755 781 263 263 895 1593 1755
781 788 781 739 1599 1219 93 739 799 799 93 1697 895 781 1755 781 895 781 263 263
1219 93 739 799 799 93 1697 895 1593 1755 1593 895 1593 263 263 1755 1593 739 799 1219
1849 1599 799 93 1214 788 1593 1069 1593 739 799 1219 93 1697 263 263 739 1519 799 721
1519 799 93 1849 799 1219 93 1214 788 1593 1069 1593 739 1599 1219 93 1697 739 1519 1219
1214 788 781 739 1599 1219 93 788 1260 1260 739 799 1219 93 1214 895 781 788 781 739
781 1755 781 739 1519 1219 895 781 739 1519 799 93 1849 1599 799 93 1214 788 781 739
781 1755 1260 263 263 895 781 1755 781 739 799 799 1183 739 1519 799 93 1849 1599 799
721 1214 1755 781 739 1519 1219 788 1214 93 1593 739 1519 1219 93 781 788 781 739 1599
739 1519 1219 93 781 788 781 739 1599 1219 93 739 1219 1219 93 1697 895 781 1755 781
1755 781 739 799 1219 1183 739 1519 799 93 1849 1599 1219 93 1260 788 781 1069 781 739
93 781 788 781 739 1599 1219 93 739 1219 1219 93 1697 895 781 1755 781 895 781 263
263 1183 609 1183 609 603 1553 1553 1183 603 1865 871 1313 1849 299 1553 1313 717 1183 609
263 1183 609 603 871 1553 1183 603 1865 871 1313 1849 871 871 1313 717 1183 609 1069 609
799 1219 93 1214 788 781 739 1219 1219 93 1214 895 781 788 781 739 1219 1219 93 1214
1219 93 1214 739 1519 1219 93 1593 788 1593 739 799 1219 93 739 799 1219 93 1697 895
799 1219 93 1697 895 781 1755 1260 263 263 895 781 1755 781 739 799 799 1183 739 1519
93 1214 739 799 799 93 1593 788 1593 739 1599 799 93 739 799 1219 93 1697 895 1593
781 739 1519 799 93 1214 739 1519 1219 93 781 788 1593 739 1599 1219 93 739 1219 1219
93 1260 788 781 739 1599 1219 93 739 799 1219 93 1697 895 781 1755 781 895 781 263
263 1755 1593 739 1519 799 721 1593 1755 1593 263 263 1755 1260 739 799 1219 1183 739 1519
1599 1219 93 739 799 1219 93 1697 895 1593 1755 1593 895 1593 263 263 1755 1593 739 1599
788 1593 739 799 799 93 1214 788 1593 739 1519 1219 93 1214 895 1593 788 1593 739 799
1593 739 1519 1219 93 1214 739 1519 1219 93 1593 788 1593 739 799 1219 93 739 1219 1219
1214 788 781 739 1219 1219 93 1214 895 1593 788 1593 739 1219 1219 93 1214 739 1519 1219
1849 1599 799 93 1214 788 781 739 1599 799 93 1214 788 781 739 1219 1219 721 1755 1260
93 1214 739 799 799 93 1593 788 1593 739 1599 799 93 739 799 1219 93 1697 895 1593
739 1219 1219 1183 739 1519 799 93 1849 1599 1219 93 1214 788 781 739 799 1219 93 1214
93 1849 1599 1219 721 1214 788 1593 739 799 799 93 1214 788 1593 739 1519 1219 93 1214
739 1519 1219 93 781 788 781 739 1599 1219 93 739 1219 1219 93 1697 895 781 1755 781
895 781 1755 781 895 1593 263 263 1755 1593 739 799 799 1183 739 1519 799 93 1849 799
1593 263 263 1755 1260 739 799 1219 1183 739 1519 799 93 1849 1599 799 721 1214 788 1593
609 603 299 1553 1183 603 1865 1553 1313 1849 299 1553 1313 717 1183 609 1069 609 603 299
799 1183 739 1519 799 93 1849 1599 1219 93 1214 788 781 1069 781 739 1599 1219 93 1697
1214 739 1519 1219 93 781 788 781 739 1599 1219 93 739 1219 1219 93 1697 895 781 1755
1214 788 781 739 1219 1219 93 1214 895 1593 788 1593 739 1219 1219 93 1214 739 1519 1219
799 93 1214 788 1593 739 1519 1219 93 1214 895 1593 788 1593 739 799 1219 93 1214 739
609 263 263 1183 609 603 1553 1553 1183 603 1865 871 1313 1849 299 1553 1313 717 1183 609
93 781 788 781 739 1599 1219 93 739 799 1219 93 1697 895 781 1755 781 895 781 263
263 895 781 1755 1593 739 799 799 1183 739 1519 799 93 1849 1599 799 93 1260 788 1593
781 263 263 1755 781 895 781 1755 781 263 263 895 781 1755 781 739 1219 1219 1183 739
1214 788 781 739 1519 1219 1069 93 1260 1260 788 1593 739 1219 1219 93 1214 739 1519 1219
1599 1219 93 739 799 799 93 1697 895 781 1755 1593 895 781 263 263 1755 1593 739 799
1593 739 799 799 1183 739 1519 799 93 1849 1599 799 93 1260 788 1593 1069 1593 739 1599
263 1183 609 603 1553 1553 1183 603 1865 871 1313 1849 299 871 1313 717 1183 609 1069 609
1519 799 93 1849 1599 1219 93 1214 788 1593 1069 1593 739 799 1219 93 1697 263 263 739
1519 799 93 1849 1599 799 93 1214 788 1593 1069 1593 739 1599 1219 93 1697 263 263 739
781 1755 781 895 781 263 263 1755 781 739 1599 1219 1183 739 1519 799 93 1849 1599 1219
739 1519 1219 93 1214 739 1519 1219 93 1593 788 1593 739 799 1219 93 739 799 1219 93
93 1214 788 781 739 1219 1219 93 1214 895 781 788 781 739 1219 1219 93 1214 739 1519
1697 895 781 1755 781 895 781 263 263 1755 1593 739 799 799 1183 739 1519 799 93 1849
1219 1183 739 1519 1219 93 1849 1599 799 93 1214 788 781 1069 781 739 1599 799 93 1697
1219 93 781 788 781 739 1599 1219 93 739 1219 1219 93 1697 895 781 1755 781 739 1519
1219 93 1214 739 799 1219 93 1593 788 1593 739 1599 799 93 739 799 1219 93 1697 895
895 781 263 263 1755 781 739 1599 1219 1183 739 1519 799 93 1849 1599 799 93 1214 788
739 1519 1219 895 1593 739 1519 799 93 1849 1599 799 93 1214 788 1593 739 1599 799 93
603 1865 871 1313 1849 299 871 1313 717 1183 609 1069 609 603 871 1553 1313 1697 603 1865
799 1219 1183 739 1519 799 93 1849 1599 799 721 1214 788 1593 1069 1593 739 1599 1219 93
1599 1219 93 788 1260 1260 739 799 1219 93 1214 895 1593 788 781 739 1519 1219 93 1214
1553 1183 603 1865 871 1313 1849 299 1553 1313 717 1183 609 1069 609 603 299 1553 1313 1697
739 1519 1219 93 781 788 781 739 1599 799 93 739 1219 1219 93 1697 895 781 1755 781
1553 1183 603 1865 871 1313 1849 299 1553 1313 717 1183 609 1069 609 603 299 1553 1313 1697
1599 799 93 739 1219 799 93 1697 895 781 1755 781 263 263 895 781 1755 781 739 1219
263 895 781 1755 781 739 1219 1219 1183 739 1519 799 93 1849 1599 799 93 1214 788 1593
1553 1183 603 1865 871 1313 1849 871 871 1313 717 1183 609 1069 609 603 299 1553 1313 1697
93 1214 788 781 739 1599 799 93 1214 788 781 739 1219 1219 721 1755 1260 1260 788 781
788 781 739 1599 799 93 739 1219 1219 93 1697 895 781 1755 781 263 263 895 781 1755
93 1214 739 799 799 93 1593 788 1593 739 1599 799 93 739 799 1219 93 1697 895 1593
895 1593 263 263 1755 1593 739 799 799 1183 739 1519 799 93 1849 1599 799 93 1260 788
1755 781 739 1519 799 721 781 1755 781 263 263 1755 781 739 799 1219 1183 739 1519 799
603 1553 1553 1183 603 1865 871 1313 1849 299 871 1313 717 1183 609 1069 609 603 871 1553
799 93 1697 895 781 1755 781 895 781 263 263 1755 781 739 799 799 1183 739 1519 799
788 781 739 799 1219 93 1214 739 1519 1219 93 1593 788 1593 739 1599 1219 93 739 1219
1553 609 1183 609 603 299 1553 1183 603 1865 871 1313 1849 871 1553 1313 717 1183 609 1069
1599 799 1183 739 1519 799 93 1849 1599 799 93 1214 788 781 1069 781 739 1599 1219 93
1219 1183 739 1519 799 93 1849 1599 1219 93 1214 788 781 739 799 1219 93 1214 788 1593
799 93 1849 799 1219 93 1214 788 1593 1069 1593 739 1599 1219 93 1697 739 1519 799 721
781 739 1519 1219 93 1214 895 781 788 781 739 1519 799 93 1214 739 1519 1219 93 1593
739 799 799 93 1697 895 781 1755 781 895 1593 263 263 1755 781 739 799 799 1183 739
1849 799 1219 93 1214 788 1593 1069 1593 739 1599 799 93 1697 739 1519 799 721 1260 263
93 1849 1599 1219 93 1214 788 781 739 799 1219 93 1214 788 781 739 1219 1219 93 1214
609 263 263 1183 609 603 871 1553 1183 603 1865 871 1313 1849 871 871 1313 717 1183 609
739 799 1219 1183 739 1519 799 721 1849 1599 1219 93 1214 788 1593 739 799 1219 93 1214
1849 1599 799 93 1214 788 781 739 1599 799 93 1214 788 781 739 1219 1219 721 1755 1260
1219 1183 739 1519 799 93 1849 1599 799 721 1214 788 1593 1069 781 739 1599 1219 93 1697
1260 1755 1260 739 1599 1219 1183 739 1519 1219 93 1849 1599 799 93 1214 788 781 1069 781
1183 609 603 1553 1553 1183 603 1865 871 1313 1849 299 871 1313 717 1183 609 1069 609 603
609 603 299 1553 1183 603 1865 1553 1313 1849 299 1553 1313 717 1183 609 1069 609 603 299
1219 1219 1183 739 1519 799 93 1849 1599 1219 93 1214 788 781 739 799 1219 93 1214 788
1219 721 1214 1755 781 739 1519 1219 788 1214 93 1593 739 1519 1219 93 781 788 1593 739
717 1183 609 1069 609 603 299 1553 1313 609 603 1865 1553 1183 603 263 263 603 1865 1553
1849 299 871 1313 717 1183 609 1069 609 603 871 1553 1313 1697 603 1865 871 1313 603 263
93 1214 739 799 799 93 1593 788 1593 739 1599 799 93 739 799 1219 93 1697 895 1593
1599 799 1183 739 1519 799 93 1849 1599 799 93 1214 788 781 1069 781 739 1599 1219 93
93 1849 1599 1219 93 1214 788 781 739 799 1219 93 1214 788 781 739 1519 1219 721 1214
739 1599 1219 93 739 799 1219 93 1697 895 781 1755 781 895 781 263 263 1755 1593 739
1593 739 799 1219 1183 739 1519 799 93 1849 1599 799 721 1214 788 1593 739 799 799 93
895 781 788 781 739 799 1219 93 1214 739 1519 1219 93 781 788 781 739 1599 1219 93
1260 739 1599 1219 1183 739 1519 799 93 1849 799 1219 93 1214 788 781 739 1599 1219 93
1183 739 1519 799 93 1849 799 1219 93 1214 788 1593 739 1599 1219 93 1214 788 1593 739
739 799 1219 93 1214 788 1593 739 1519 1219 93 1214 895 1593 788 781 739 1519 799 93
1593 263 263 1755 1260 739 799 1219 1183 739 1519 799 93 1849 1599 799 721 1214 788 1593
93 1849 1599 1219 721 1214 788 781 739 1599 1219 93 788 1260 1260 739 799 1219 93 1214
93 1849 1599 799 93 1214 788 1593 1069 1593 739 1599 1219 93 1697 263 263 739 1519 799
799 1219 93 1214 788 781 739 1519 1219 721 1214 1755 781 739 1519 1219 788 1214 93 1593
1219 1183 739 1519 799 93 1849 1599 1219 721 1214 788 1593 739 799 799 93 1214 788 1593
1214 739 799 799 93 781 788 781 739 1599 799 93 739 799 1219 93 1697 895 1593 1755
1219 93 1697 895 781 1755 781 895 781 263 263 1755 1593 739 1599 1219 1183 739 1519 799
1755 1260 263 263 895 781 1755 781 739 799 799 1183 739 1519 799 93 1849 1599 799 93
1219 93 1260 788 781 739 1599 1219 93 739 1219 1219 93 1697 895 781 1755 781 895 781
1755 781 895 781 263 263 1755 781 895 781 1755 781 263 263 895 781 1755 781 739 1219
1755 781 895 781 263 263 1755 781 739 799 799 1183 739 1519 799 93 1849 1599 799 93
1214 788 1593 739 799 799 93 1214 788 1593 739 1519 1219 93 1214 895 1593 788 1593 739
1593 739 799 1219 1183 739 1519 799 93 1849 1599 799 721 1214 788 1593 739 799 799 93
799 93 1849 799 1219 93 1214 788 1593 1069 1593 739 1599 1219 93 1697 739 1519 799 721
781 1755 1260 739 1219 1219 93 1697 895 739 739 1519 1219 721 781 1755 781 739 1519 1219
739 1519 1219 721 1593 1755 1593 739 1519 1219 895 1593 739 1519 799 93 1849 1599 799 93
1755 781 739 1219 1219 1183 739 1519 799 93 1849 1599 1219 93 1214 788 781 1069 781 739
739 799 799 1183 739 1519 799 93 1849 799 799 93 1214 788 1593 1069 1593 739 1599 1219
609 603 299 1553 1183 603 1865 871 1313 1849 299 1553 1313 717 1183 609 1069 609 603 871
1214 895 781 788 1593 739 1519 1219 93 1214 739 1519 1219 93 1593 788 1593 739 799 1219
1849 1599 1219 721 1214 788 1593 739 799 799 93 1214 788 1593 739 1519 1219 93 1214 895
1219 895 781 739 1519 799 93 1849 1599 799 93 1214 788 781 739 1599 799 93 1214 788
739 799 1219 93 1214 788 781 739 1519 1219 721 1214 1755 781 739 1519 1219 788 1214 93
93 781 788 781 739 1599 1219 93 739 799 1219 93 1697 895 781 1755 781 895 781 263
895 781 739 1219 1219 93 1697 895 781 1755 781 739 799 1219 1183 739 1519 799 93 1849
1849 1599 799 721 1214 788 1593 1069 1593 739 1599 799 93 1697 739 1519 799 721 781 263
739 799 1219 93 1214 895 1593 788 1593 739 1519 1219 93 1214 739 1519 1219 93 1593 788
1219 721 781 1755 1593 739 1519 1219 895 1593 739 1519 799 93 1849 1599 799 93 1214 788
1069 93 1260 1260 788 781 739 1219 1219 93 1214 739 1519 1219 93 1260 788 781 739 1599
799 799 93 1697 895 781 1755 781 263 263 895 781 1755 781 739 1219 1219 1183 739 1519
1599 799 93 739 799 1219 93 1697 895 1593 1755 1260 263 263 895 781 1755 1593 739 799
1260 739 1599 1219 1183 739 1519 799 93 1849 799 1219 93 1214 788 781 739 1599 1219 93
1214 788 781 739 1599 1219 93 788 1260 1260 739 799 1219 93 1214 895 781 788 781 739
721 781 1755 781 263 263 1755 1260 739 799 1219 1183 739 1519 799 93 1849 1599 799 721
1553 1183 603 1865 871 1313 1849 299 1553 1313 717 1183 609 1069 609 603 299 1553 1313 1697
1849 1599 799 93 1214 788 1593 1069 1593 739 799 1219 93 1697 263 263 739 1519 799 721
895 1260 739 1519 1219 721 1593 1755 1593 739 1519 1219 895 1593 739 1519 799 93 1849 1599
609 603 1553 1553 1183 603 1865 871 1313 1849 299 871 1313 717 1183 609 1069 609 603 871
895 781 1755 781 895 781 263 263 1755 781 739 799 799 1183 739 1519 799 93 1849 1599
788 781 739 1519 1219 721 1214 1755 781 739 1519 1219 788 1214 93 781 739 1519 1219 93
1219 721 1214 788 781 739 1599 1219 93 788 1260 1260 739 799 1219 93 1214 895 781 788
781 1755 781 739 799 1219 1183 739 1519 799 93 1849 1599 799 93 1260 788 781 1069 781
1219 93 781 788 781 739 1599 1219 93 739 1219 1219 93 1697 895 781 1755 781 739 1519
1697 895 781 1755 1260 263 263 895 781 1755 781 739 799 799 1183 739 1519 799 93 1849
603 299 1553 1183 603 1865 871 1313 1849 871 1553 1313 717 1183 609 1069 603 603 871 1553
609 1183 609 603 299 1553 1183 603 1865 871 1313 1849 871 1553 1313 717 1183 609 1069 609
895 781 739 1519 799 93 1849 1599 799 93 1214 788 781 739 1599 799 93 1214 788 1593
788 781 739 1599 799 93 739 1219 1219 93 1697 895 781 1755 781 263 263 895 781 1755
1260 788 781 739 1219 1219 93 1214 739 1519 1219 93 1260 788 781 739 1599 1219 93 739
739 799 1219 93 1697 895 781 1755 781 739 1519 1219 721 781 1755 781 263 263 1755 781
895 781 788 781 739 1219 1219 93 1214 739 1519 1219 93 781 788 781 739 1599 799 93
788 781 739 1599 1219 93 1214 788 781 739 1519 1219 1069 93 1260 1260 788 781 739 1219
788 781 739 1519 1219 93 1214 739 1519 1219 93 1593 788 1593 739 799 1219 93 739 1219
721 895 1260 1260 788 1593 739 1219 1219 93 1214 739 799 1219 93 1593 788 1593 739 1599
1519 799 93 1849 1599 799 93 1214 788 1593 1069 1593 739 1599 1219 93 1697 263 263 739
721 1214 788 781 739 799 1219 93 1214 788 781 739 1519 1219 93 1214 895 781 788 1593
1219 93 739 1219 1219 93 1697 895 781 1755 1593 895 1593 263 263 1755 1593 739 1599 1219
1219 93 1214 788 781 739 799 1219 93 1214 788 781 739 1219 1219 93 1214 895 781 788
1260 1755 1260 739 1599 1219 1183 739 1519 1219 93 1849 1599 799 93 1214 788 781 1069 781
93 1849 1599 1219 721 1214 788 1593 739 799 799 93 1214 788 1593 739 1519 1219 93 1214
1260 1260 788 781 739 1219 1219 93 1214 739 1519 1219 93 1260 788 781 739 1599 1219 93
739 799 799 93 1697 895 781 1755 781 263 263 895 781 1755 781 739 1219 1219 1183 739
739 1519 799 93 1849 799 1219 93 1214 788 1593 1069 1593 739 1599 1219 93 1697 739 1519
1755 781 739 799 1219 1183 739 1519 799 93 1849 1599 1219 93 1214 788 781 1069 781 739
1553 609 1183 609 603 299 1553 1183 603 1865 871 1313 1849 871 1553 1313 717 1183 609 1069
1214 788 781 739 1219 1219 721 1755 1260 1260 788 1593 739 1219 1219 93 1214 739 799 1219
739 1219 1219 1183 739 1519 799 93 1849 1599 799 93 1214 788 1593 1069 1593 739 1599 1219
93 1697 895 781 1755 1260 263 263 895 781 1755 781 739 799 799 1183 739 1519 799 93
1214 788 781 739 1219 1219 93 1214 895 1593 788 1593 739 1219 1219 93 1214 739 1519 1219
1183 739 1519 799 93 1849 1599 1219 93 1214 788 1593 1069 1593 739 799 1219 93 1697 263
895 781 263 263 1755 781 895 781 1755 781 263 263 895 781 1755 781 739 1219 1219 1183
1593 739 1519 1219 93 1214 739 1519 1219 93 1593 788 1593 739 799 1219 93 739 1219 1219
781 739 1599 1219 93 739 799 1219 93 1697 895 781 1755 781 895 781 263 263 1755 1593
263 263 1183 609 603 871 1553 1183 603 1865 871 1313 1849 871 871 1313 717 1183 609 1069
1849 1599 1219 721 1214 788 1593 739 799 1219 93 1214 788 1593 739 1519 1219 93 1214 895
739 799 799 1183 739 1519 799 721 1849 1599 799 93 1260 788 1593 1069 1593 739 1599 1219
1519 799 93 1849 1599 1219 93 1214 788 1593 739 799 1219 93 1214 788 1593 739 1519 1219
1553 1183 603 1865 871 1313 1849 871 871 1313 717 1183 609 1069 609 603 299 1553 1313 1697
1183 603 1865 871 1313 1849 299 871 1313 717 1183 609 1069 609 603 299 1553 1313 1697 263
1599 799 1183 739 1519 1219 93 1849 1599 799 93 1214 788 781 1069 781 739 1599 799 93
721 1214 788 1593 1069 1593 739 1599 799 93 1697 739 1519 799 721 1260 263 263 739 1519
93 739 799 799 93 1697 895 781 1755 781 895 781 263 263 1755 781 739 799 799 1183
1593 739 799 1219 1183 739 1519 799 93 1849 1599 799 721 1214 788 1593 739 799 799 93
781 788 781 739 1219 1219 93 1214 739 1519 1219 93 781 788 781 739 1599 799 93 739
93 1214 739 799 799 93 1593 788 1593 739 1599 799 93 739 799 1219 93 1697 895 1593
1849 1599 1219 721 1214 788 1593 739 799 1219 93 1214 788 1593 739 1519 1219 93 1214 895
93 1214 739 1519 1219 93 1260 788 781 739 1599 1219 93 739 1219 1219 93 1697 895 781
1260 739 1599 1219 1183 739 1519 1553 93 1849 1599 799 93 1214 788 781 1069 1593 739 1599
799 1183 739 1519 799 93 1849 1599 799 93 1260 788 1593 1069 1593 739 1599 1219 93 739
1183 609 603 1553 1553 1183 603 1865 871 1313 1849 299 871 1313 717 1183 609 1069 609 603
93 788 1260 1260 739 799 1219 93 1214 895 1593 788 1593 739 1519 1219 93 1214 739 1519
1260 263 263 1755 781 739 1519 799 721 1593 1755 1593 263 263 1755 1260 739 799 1219 1183
895 781 739 1219 1219 93 1697 895 781 1755 781 739 799 1219 1183 739 1519 799 93 1849
263 263 1755 781 739 1599 1219 1183 739 1519 799 93 1849 1599 799 93 1214 788 1593 1069
1755 781 895 781 263 263 1755 781 739 799 799 1183 739 1519 799 93 1849 1599 799 93
263 263 1183 609 603 1553 1553 1183 603 1865 871 1313 1849 299 1553 1313 717 1183 609 1069
1519 799 93 1849 799 1219 93 1214 788 1593 1069 1593 739 1599 1219 93 1697 739 1519 1219
1599 799 93 1214 788 1593 1069 1593 739 799 1219 93 1697 263 263 739 1519 799 721 781
788 781 739 799 1219 93 739 799 1219 93 1697 895 781 1755 781 263 263 895 1593 1755
1219 1219 93 1697 895 781 1755 781 739 799 1219 1183 739 1519 799 93 1849 1599 1219 721
609 1183 609 603 871 1553 1183 603 1865 871 1313 1849 299 871 1313 609 1183 609 1069 609
1214 788 781 739 1599 799 93 1214 788 781 739 1219 1219 721 1755 1260 1260 788 781 739
1183 739 1519 799 93 1849 799 1219 93 1214 788 1593 1069 1593 739 1599 799 93 1697 739
781 739 1519 799 93 1214 739 1519 1219 93 781 788 1593 739 1599 1219 93 739 1219 1219
1219 93 1214 788 781 739 1519 1219 1069 93 1260 1260 788 781 739 1219 1219 93 1214 739
871 1313 1849 299 871 1313 717 1183 609 1069 609 603 871 1553 1313 1697 603 1865 871 1313
263 1755 1260 739 799 1219 1183 739 1519 799 93 1849 1599 799 721 1214 788 1593 1069 1593
1183 609 603 1553 1553 1183 603 1865 871 1313 1849 299 871 1313 717 1183 609 1069 609 603
1219 93 739 799 1219 93 1697 895 781 1755 781 739 1519 1219 721 781 1755 781 263 263
739 1519 799 721 781 1755 1593 263 263 1755 1593 739 799 1219 1183 739 1519 799 93 1849
1755 781 739 799 1219 1183 739 1519 799 93 1849 799 1219 93 1214 788 781 1069 781 739
1599 1219 93 739 799 799 93 1697 895 781 1755 1593 895 781 263 263 1755 1593 739 799
1755 781 895 781 263 263 1755 781 739 799 799 1183 739 1519 799 93 1849 1599 799 93
93 1849 1599 799 721 1214 788 781 1069 781 739 1599 799 93 1697 739 1519 799 721 781
1219 721 781 1755 1593 739 1519 1219 895 1593 739 1519 799 93 1849 1599 799 93 1214 788
799 93 1849 1599 1219 721 1214 788 1593 739 1599 1219 93 788 1260 1260 739 799 1219 93
1599 799 93 1214 788 1593 1069 1593 739 799 1219 93 1697 263 263 739 1519 799 721 781
739 799 1219 93 1697 895 781 1755 1260 263 263 895 781 1755 781 739 799 799 1183 739
609 1183 609 603 299 1553 1183 603 1865 871 1313 1849 871 1553 1313 717 1183 609 1069 609
1593 739 799 1219 93 1214 788 1593 739 1519 1219 93 1214 895 1593 788 1593 739 1519 1219
799 799 93 1697 895 781 1755 781 263 263 895 781 1755 781 739 1219 1219 1183 739 1519
739 1219 1219 93 1697 895 781 1755 1593 739 799 1219 1183 739 1519 799 93 1849 1599 1219
1219 93 1214 739 1519 1219 93 1593 788 1593 739 799 1219 93 739 799 1219 93 1697 895
799 1219 93 739 799 1219 93 1697 895 1593 1755 1593 263 263 895 1593 1755 1593 739 799
1219 1183 739 1519 799 93 1849 1599 1219 93 1214 788 781 739 799 1219 93 1214 788 1593
1214 788 781 739 799 1219 93 1214 788 781 739 1219 1219 93 1214 895 781 788 781 739
93 739 799 799 93 1697 895 781 1755 781 895 781 263 263 1755 781 739 799 799 1183
1593 1069 1593 739 1599 799 93 1697 739 1519 799 721 1260 263 263 739 1519 799 721 781
739 799 1219 1183 739 1519 799 93 1849 1599 799 721 1214 788 1593 739 799 799 93 1214
603 1553 1553 1183 603 1865 871 1313 1849 299 1553 1313 717 1183 609 1069 609 603 299 1553
263 263 1183 609 603 1553 1553 1183 603 1865 871 1313 1849 299 1553 1313 717 1183 609 1069
1219 93 739 799 799 93 1697 895 781 1755 1593 895 1593 263 263 1755 781 739 799 1219
1313 717 1183 609 1069 609 603 299 1553 1313 609 603 1865 1553 1183 603 263 263 603 1865
609 1183 609 603 299 1553 1183 603 1865 1553 1313 1849 299 1553 1313 717 1183 609 1069 609
1599 799 1183 739 1519 1219 93 1849 1599 799 93 1214 788 781 1069 781 739 1599 799 93
1599 1219 93 739 799 1219 93 1697 895 1593 1755 1593 895 1593 263 263 1755 1593 739 1599
895 781 788 781 739 799 1219 93 1214 739 1519 1219 93 781 788 781 739 1599 1219 93
1519 799 93 1214 739 1519 1219 93 1593 788 1593 739 1599 1219 93 739 799 1219 93 1697
1553 1183 603 1865 871 1313 1849 299 871 1313 717 1183 609 1069 609 603 871 1553 1313 1697
895 781 1755 781 895 781 263 263 1755 781 739 1599 1219 1183 739 1519 799 93 1849 1599
1599 1219 93 739 799 799 93 1697 895 1593 1755 1593 895 1593 263 263 1755 1593 739 799
263 1755 781 739 1599 1219 1183 739 1519 799 93 1849 1599 799 93 1214 788 781 1069 1593
1849 1599 1219 721 1214 788 1593 739 799 799 93 1214 788 1593 739 1519 1219 93 1214 895
895 781 1755 781 739 799 1219 1183 739 1519 799 93 1849 1599 799 721 1214 788 781 1069
1219 721 781 1755 1593 739 1519 1219 895 1593 739 1519 799 93 1849 1599 799 93 1214 788
263 1183 609 603 871 1553 1183 603 1865 871 1313 1849 871 871 1313 717 1183 609 1069 609
263 263 1183 609 1183 609 603 1553 1553 1183 603 1865 871 1313 1849 299 1553 1313 717 1183
1599 799 1183 739 1519 799 93 1849 1599 799 93 1214 788 781 1069 781 739 1599 1219 93
799 93 1214 788 1593 1069 1593 739 799 1219 93 1697 263 263 739 1519 799 721 781 263
1219 1183 739 1519 799 93 1849 1599 1219 93 1214 788 781 739 799 1219 93 1214 788 1593
1755 781 263 263 895 781 1755 781 739 1219 1219 1183 739 1519 799 93 1849 1599 799 93
739 1519 1219 93 781 788 781 739 1599 799 93 739 1219 1219 93 1697 895 781 1755 781
1219 93 739 799 799 93 1697 895 781 1755 1593 895 1593 263 263 1755 781 739 799 1219
781 739 1599 1219 93 1214 788 781 739 1519 1219 1069 93 1260 1260 788 781 739 1219 1219
781 788 781 739 1599 1219 93 739 1219 1219 93 1697 895 781 1755 781 895 781 263 263
739 1519 1219 93 1214 895 781 788 781 739 1519 799 93 1214 739 1519 1219 93 1593 788
1593 739 1219 1219 93 1214 739 799 1219 93 1593 788 1593 739 1599 799 93 739 799 1219
781 1755 781 739 1219 1219 1183 739 1519 799 93 1849 1599 799 93 1214 788 781 1069 781
739 1519 799 93 1849 1599 1219 93 1214 788 1593 739 799 1219 93 1214 788 1593 739 1519
93 1214 739 1519 1219 93 781 788 781 739 1599 1219 93 739 1219 1219 93 1697 895 781
1219 1219 93 1214 739 1519 1219 93 1260 788 781 739 1599 1219 93 739 799 1219 93 1697
781 739 799 1219 93 1214 739 1519 1219 93 1593 788 1593 739 1599 1219 93 739 1219 1219
1219 93 739 1219 1219 93 1697 895 781 1755 1593 895 1593 263 263 1755 1593 739 1599 1219
739 799 1219 1183 739 1519 799 93 1849 1599 799 93 1214 788 1593 1069 1593 739 1599 1219
93 1849 1599 799 93 1214 788 781 739 1599 799 93 1214 788 781 739 1219 1219 721 1755
799 1219 93 1214 788 1593 739 1519 1219 93 1214 895 1593 788 781 739 1519 799 93 1214
799 799 1183 739 1519 799 93 1849 799 799 93 1214 788 1593 1069 781 739 1599 799 93
721 1214 1755 781 739 1519 1219 788 1214 93 1593 739 1519 1219 93 781 788 781 739 1599
1214 739 799 799 93 781 788 781 739 1599 799 93 739 799 1219 93 1697 895 1593 1755
1260 263 263 895 781 1755 1593 739 799 799 1183 739 1519 799 93 1849 1599 799 93 1260
263 263 895 781 1755 1593 739 799 1219 1183 739 1519 799 93 1849 1599 799 721 1214 788
1219 93 739 799 1219 93 1697 895 781 1755 781 739 1519 1219 721 781 1755 781 263 263
799 93 1214 788 781 739 1219 1219 721 1755 1260 1260 788 781 739 1219 1219 93 1214 739
1219 1219 93 1697 895 781 1755 781 739 799 1219 1183 739 1519 799 93 1849 1599 1219 721
1599 799 93 1214 788 781 739 1599 799 93 1214 788 781 739 1219 1219 721 1755 1260 1260
299 1553 1183 603 1865 1553 1313 1849 299 1553 1313 717 1183 609 1069 609 603 299 1553 1313
1593 263 263 1755 1260 739 799 1219 1183 739 1519 799 93 1849 1599 799 721 1214 788 1593
788 781 739 1519 1219 721 1214 1755 781 739 1519 1219 788 1214 93 781 739 1519 1219 93
739 799 1219 1183 739 1519 799 93 1849 1599 799 721 1214 788 1593 1069 781 739 1599 799
1219 93 1214 739 799 1219 93 1593 788 1593 739 1599 799 93 739 799 1219 93 1697 895
781 739 1219 1219 721 895 1260 1260 788 781 739 1219 1219 93 1214 739 799 1219 93 1593
1219 93 781 788 781 739 1599 799 93 739 1219 799 93 1697 895 781 1755 781 263 263
609 603 871 1553 1183 603 1865 871 1313 1849 299 871 1313 609 1183 609 1069 609 603 299
781 788 781 739 1519 799 93 1214 739 1519 1219 93 781 788 781 739 1599 1219 93 739
93 1214 788 781 739 1519 1219 1069 93 1260 1260 788 1593 739 1219 1219 93 1214 739 1519
1519 799 93 1849 1599 1219 93 1214 788 1593 739 799 1219 93 1214 788 1593 739 1519 1219
1553 1183 603 1865 871 1313 1849 871 1553 1313 717 1183 609 1069 609 603 871 1553 1313 1697
263 1755 781 739 799 1219 1183 739 1519 799 93 1849 1599 1219 93 1260 788 1593 1069 1593
1219 1219 93 1214 739 1519 1219 93 1260 788 781 739 1599 1219 93 739 799 1219 93 1697
1183 739 1519 799 93 1849 1599 1219 93 1214 788 1593 739 799 1219 93 1214 788 1593 739
263 1755 781 895 781 1755 781 263 263 895 781 1755 781 739 1219 1219 1183 739 1519 799
739 1519 1219 721 1214 895 1593 739 1519 1219 788 1214 93 1593 739 1519 1219 93 1593 788
1183 609 1183 609 263 263 1183 609 603 871 1553 1183 603 1865 871 1313 1849 871 871 1313
799 799 1183 739 1519 799 93 1849 1599 799 93 1260 788 1593 1069 1593 739 1599 1219 93
1755 781 263 263 1755 1260 739 799 1219 1183 739 1519 799 93 1849 1599 799 721 1214 788
609 1183 609 263 263 1183 609 603 871 1553 1183 603 1865 871 1313 1849 871 871 1313 717
781 739 1599 1219 93 1214 788 781 739 1519 1219 1069 93 1260 1260 788 781 739 1219 1219
781 895 781 263 263 1755 781 895 781 1755 781 263 263 895 781 1755 781 739 1219 1219
1755 781 263 263 895 781 1755 781 739 1219 1219 1183 739 1519 799 93 1849 1599 799 93
1313 609 1183 609 1183 609 603 299 1553 1183 603 1865 871 1313 1849 871 1553 1313 717 1183
739 1519 1219 721 1593 1755 1593 739 1519 1219 895 1593 739 1519 799 93 1849 1599 799 93
93 788 1260 1260 739 799 1219 93 1214 895 1593 788 1593 739 1519 1219 93 1214 739 1519
1214 788 781 739 1219 1219 721 1755 1260 1260 788 1593 739 1219 1219 93 1214 739 799 1219
1849 1599 1219 721 1214 788 1593 739 799 799 93 1214 788 1593 739 1519 1219 93 1214 895
93 1214 788 781 739 799 1219 93 1214 788 781 739 1519 1219 721 1214 1755 781 739 1519
1593 895 1593 263 263 1755 1593 739 799 799 1183 739 1519 799 93 1849 799 799 93 1214
1755 781 739 1519 799 721 781 1755 1593 263 263 1755 1260 739 799 1219 1183 739 1519 799
1865 871 1313 1849 299 871 1313 717 1183 609 1069 609 603 871 1553 1313 1697 603 1865 871
739 1219 1219 1183 739 1519 799 93 1849 1599 1219 93 1214 788 1593 1069 1593 739 799 1219
93 1697 895 781 1755 781 739 1519 1219 721 781 1755 781 263 263 1755 781 739 799 1219
1553 1183 603 1865 871 1313 1849 871 1553 1313 717 1183 609 1069 609 603 871 1553 1313 1697
788 1214 93 781 739 1519 1219 93 781 788 781 739 1599 1219 93 739 1219 1219 93 1697
1214 739 1519 1219 93 781 788 781 739 1599 1219 93 739 1219 1219 93 1697 895 781 1755
1214 788 781 739 1219 1219 721 1755 1260 1260 788 1593 739 1219 1219 93 1214 739 799 1219
93 781 788 781 739 1599 1219 93 739 799 1219 93 1697 895 781 1755 781 895 781 263
1553 1183 603 1865 1553 1313 1849 299 1553 1313 717 1183 609 1069 609 603 299 1553 1313 609
781 739 799 1219 93 1214 788 781 739 1219 1219 93 1214 895 781 788 781 739 1219 1219
1219 1183 739 1519 1219 93 1849 1599 799 93 1214 788 781 1069 781 739 1599 799 93 1697
739 1519 1219 721 1214 895 1593 739 1519 1219 788 1214 93 1593 739 1519 1219 93 1593 788
799 799 93 1214 788 1593 1069 1593 739 1599 799 93 1697 739 1519 799 721 1260 263 263
739 799 1219 93 1697 895 781 1755 781 895 781 263 263 1755 781 739 1599 1219 1183 739
895 1260 739 1519 1219 721 1593 1755 1593 739 1519 1219 895 1593 739 1519 799 93 1849 1599
1214 788 781 739 799 1219 93 1214 788 781 739 1519 1219 93 1214 895 781 788 1593 739
781 739 799 1219 93 1214 788 781 739 1519 1219 721 1214 1755 781 739 1519 1219 788 1214
263 895 781 1755 781 739 1219 1219 1183 739 1519 799 93 1849 1599 799 93 1214 788 1593
1183 609 1183 609 1183 609 603 1553 1553 1183 603 1865 871 1313 1849 299 871 1313 717 1183
263 1755 781 739 799 1219 1183 739 1519 799 93 1849 799 1219 93 1214 788 1593 1069 1593
1593 739 799 1219 93 1214 788 1593 739 1519 1219 93 1214 895 1593 788 1593 739 1519 1219
1849 299 871 1313 717 1183 609 1069 609 603 871 1553 1313 1697 603 1865 871 1313 603 263
263 1755 1593 739 1519 799 721 1593 1755 1593 263 263 1755 1260 739 799 1219 1183 739 1519
1219 1183 739 1519 799 93 1849 1599 799 721 1214 788 781 1069 781 739 1599 799 93 1697
263 1183 609 603 1553 1553 1183 603 1865 871 1313 1849 299 1553 1313 717 1183 609 1069 609
1183 739 1519 799 93 1849 799 1219 93 1214 788 1593 739 1599 1219 93 1214 788 1593 739
1219 1183 739 1519 799 93 1849 1599 1219 93 1214 788 781 739 799 1219 93 1214 788 1593
609 603 1553 1553 1183 603 1865 871 1313 1849 299 871 1313 717 1183 609 1069 609 603 871
739 1599 1219 93 739 1219 1219 93 1697 895 781 1755 781 739 1519 1219 721 781 1755 781
603 299 1553 1183 603 1865 1553 1313 1849 299 1553 1313 717 1183 609 1069 609 603 299 1553
1599 1219 721 1214 788 1593 739 799 1219 93 1214 788 1593 739 1519 1219 93 1214 895 1593
1849 1599 1219 721 1214 788 1593 739 799 799 93 1214 788 1593 739 1519 1219 93 1214 895
93 1214 788 781 739 1519 1219 93 1214 895 1593 788 1593 739 1519 799 93 1214 739 1519
799 1219 93 1214 788 781 739 1219 1219 93 1214 895 781 788 781 739 1219 1219 93 1214
781 739 1599 1219 93 1214 788 781 739 1519 1219 1069 93 1260 1260 788 781 739 1219 1219
739 799 799 93 1697 895 1593 1755 1593 895 1593 263 263 1755 1593 739 799 799 1183 739
739 1599 1219 93 739 1219 1219 93 1697 895 781 1755 781 895 781 263 263 1755 1593 739
1183 603 1865 871 1313 1849 871 1553 1313 717 1183 609 1069 609 603 871 1553 1313 1697 263
609 603 871 1553 1183 603 1865 871 1313 1849 299 871 1313 609 1183 609 1069 609 603 299
739 1599 1219 93 788 1260 1260 739 799 1219 93 1214 895 781 788 781 739 1519 1219 93
739 1519 1219 93 1214 739 1519 1219 93 1593 788 1593 739 799 1219 93 739 799 1219 93
739 1219 1219 93 1214 739 1519 1219 93 1260 788 1593 739 1599 1219 93 739 799 1219 93
739 1219 1755 1214 788 781 1755 1260 739 1219 1219 93 1697 895 739 739 1519 1219 721 1593
263 1755 1260 739 799 1219 1183 739 1519 799 93 1849 1599 799 721 1214 788 1593 1069 1593
609 1183 609 603 871 1553 1183 603 1865 871 1313 1849 299 871 1313 609 1183 609 1069 609
1865 1553 1313 1849 299 1553 1313 717 1183 609 1069 609 603 299 1553 1313 609 603 1865 1553
781 739 1219 1219 93 1214 739 1519 1219 93 781 788 1593 739 1599 799 93 739 1219 1219
781 1755 781 895 781 263 263 1755 781 739 799 799 1183 739 1519 799 93 1849 1599 1219
788 781 739 799 1219 93 1214 788 781 739 1519 1219 721 1214 1755 781 739 1519 1219 788
1599 1219 721 1214 788 781 739 1599 1219 93 788 1260 1260 739 799 1219 93 1214 895 1593
799 1219 93 1697 895 781 1755 781 895 781 263 263 1755 781 739 1599 1219 1183 739 1519
895 1593 263 263 1755 1593 739 799 799 1183 739 1519 799 93 1849 1599 799 93 1260 788
93 1214 739 1519 1219 93 781 788 781 739 1599 799 93 739 1219 1219 93 1697 895 781
93 1214 788 781 739 799 1219 93 1214 788 781 739 1219 1219 93 1214 1755 781 788 781
1593 895 1593 263 263 1755 1593 739 799 799 1183 739 1519 799 93 1849 799 799 93 1214
1697 895 781 1755 781 895 781 263 263 1755 781 739 799 799 1183 739 1519 799 93 1849
781 739 1519 1219 93 1214 895 781 788 781 739 799 1219 93 1214 739 1519 1219 93 1593
739 1519 799 721 781 1755 1593 263 263 1755 1593 739 799 1219 1183 739 1519 799 93 1849
603 1553 1553 1183 603 1865 871 1313 1849 299 1553 1313 717 1183 609 1069 609 603 299 1553
781 739 1219 1219 93 1697 895 781 1755 781 739 799 1219 1183 739 1519 799 93 1849 1599
263 263 1755 781 895 781 1755 781 263 263 895 781 1755 781 739 1219 1219 1183 739 1519
1553 1183 603 1865 871 1313 1849 871 871 1313 717 1183 609 1069 609 603 299 1553 1313 1697
1219 1069 93 1260 1260 788 781 739 1219 1219 93 1214 739 1519 1219 93 1260 788 781 739
739 1219 1219 1183 739 1519 799 93 1849 1599 1219 93 1214 788 781 739 799 1219 93 1214
93 1849 1599 1219 721 1214 788 781 739 1599 1219 93 788 1260 1260 739 799 1219 93 1214
1219 93 1214 788 781 739 799 1219 93 1214 788 781 739 1519 1219 721 1214 1755 781 739
1599 799 1183 739 1519 799 93 1849 1599 799 93 1214 788 781 1069 781 739 1599 1219 93
781 788 781 739 799 1219 93 1214 739 1519 1219 93 1593 788 781 739 1599 1219 93 739
799 93 1697 895 781 1755 781 895 1593 263 263 1755 1593 739 799 799 1183 739 1519 799
93 1214 788 781 739 1219 1219 93 1214 895 781 788 781 739 1219 1219 93 1214 739 1519
1599 1219 93 739 799 799 93 1697 895 781 1755 1593 895 781 263 263 1755 1593 739 799
1599 1219 721 1214 788 1593 739 799 799 93 1214 788 1593 739 1519 1219 93 1214 895 1593
1755 781 263 263 895 781 1755 781 739 1219 1219 1183 739 1519 799 93 1849 1599 799 93
799 721 781 1755 781 263 263 1755 781 739 799 1219 1183 739 1519 799 93 1849 1599 1219
1260 1755 1260 739 1599 1219 1183 739 1519 1219 93 1849 1599 799 93 1214 788 781 1069 781
1219 93 1214 739 1519 1219 93 1260 788 781 739 1599 1219 93 739 1219 1219 93 1697 895
739 1519 1219 93 1214 895 1593 788 781 739 799 1219 93 1214 739 1519 1219 93 1593 788
895 781 1755 781 263 263 895 781 1755 1593 739 799 1219 1183 739 1519 799 93 1849 1599
1697 895 781 1755 781 895 781 263 263 1755 781 739 799 799 1183 739 1519 799 93 1849
1599 799 721 1214 788 1593 1069 1593 739 1599 799 93 1697 739 1519 799 721 1260 263 263
1553 1183 603 1865 871 1313 1849 299 871 1313 717 1183 609 1069 609 603 871 1553 1313 1697
1219 93 1214 739 1519 1219 93 1260 788 781 739 1599 1219 93 739 1219 1219 93 1697 895
1599 1219 721 1214 788 1593 739 799 799 93 1214 788 1593 739 1519 1219 93 1214 895 1593
799 721 781 1755 781 263 263 1755 781 739 799 1219 1183 739 1519 799 93 1849 1599 1219
895 781 1755 781 895 781 263 263 1755 781 739 799 799 1183 739 1519 799 93 1849 1599
799 1219 1183 739 1519 799 93 1849 1599 799 721 1214 788 1593 1069 1593 739 1599 1219 93
1219 93 788 1260 1260 739 799 1219 93 1214 895 1593 788 1593 739 1519 1219 93 1214 739
1599 799 93 1214 788 1593 1069 1593 739 799 1219 93 1697 263 263 739 1519 799 721 781
93 739 799 1219 93 1697 895 781 1755 1260 263 263 895 781 1755 781 739 799 799 1183
1553 1313 1849 299 1553 1313 717 1183 609 1069 609 603 299 1553 1313 609 603 1865 1553 1183
1755 781 895 781 263 263 1755 781 739 799 799 1183 739 1519 799 93 1849 799 799 93
1593 739 1219 1219 93 1214 739 799 1219 93 1593 788 1593 739 1599 799 93 739 799 1219
93 781 739 1519 1219 93 781 788 781 739 1599 1219 93 739 1219 1219 93 1697 895 781
609 263 263 1183 609 603 1553 1553 1183 603 1865 871 1313 1849 299 1553 1313 717 1183 609
1599 1219 93 739 799 1219 93 1697 895 1593 1755 1593 895 1593 263 263 1755 1593 739 1599
1519 1219 93 1214 739 1519 1219 93 1593 788 1593 739 799 1219 93 739 799 1219 93 1697
788 781 739 799 1219 93 1214 739 1519 1219 93 1593 788 1593 739 1599 1219 93 739 1219
781 739 799 1219 1183 739 1519 799 93 1849 1599 799 721 1214 788 781 1069 781 739 1599
1183 609 1069 609 603 299 1553 1313 609 603 1865 1553 1183 603 263 263 603 1865 1553 1313
609 263 263 1183 609 1183 609 1183 609 603 1553 1553 1183 603 1865 871 1313 1849 299 871
799 1219 1183 739 1519 799 93 1849 1599 799 721 1214 788 1593 739 799 799 93 1214 788
739 1519 1219 93 781 788 781 739 1599 1219 93 739 1219 1219 93 1697 895 781 1755 781
739 895 1219 93 1697 895 739 739 1519 1219 721 1593 1755 781 739 1519 1219 895 1593 739
1755 781 739 799 799 1183 739 1519 799 93 1849 1599 799 93 1260 788 781 1069 781 739
1219 93 1697 895 781 1755 1260 263 263 895 781 1755 781 739 799 799 1183 739 1519 799
799 93 1849 1599 1219 721 1214 788 1593 739 1599 1219 93 788 1260 1260 739 799 1219 93
739 1519 799 93 1849 1599 799 93 1214 788 1593 739 1599 799 93 1214 788 1593 739 1219
895 781 1755 781 895 1593 263 263 1755 1593 739 799 799 1183 739 1519 799 93 1849 799
1219 1183 739 1519 799 93 1849 1599 1219 93 1214 788 781 739 799 1219 93 1214 788 1593
1183 609 263 263 1183 609 1183 609 1183 609 603 1553 1553 1183 603 1865 871 1313 1849 299
1219 1183 739 1519 799 93 1849 1599 1219 93 1214 788 781 739 799 1219 93 1214 788 1593
1219 721 1214 788 1593 739 799 799 93 1214 788 1593 739 1519 1219 93 1214 895 1593 788
1260 739 799 1219 1183 739 1519 799 721 1849 1599 1219 93 1214 788 781 739 799 1219 93
603 1553 1553 1183 603 1865 871 1313 1849 299 871 1313 717 1183 609 1069 609 603 871 1553
788 781 739 1599 1219 93 739 1219 1219 93 1697 895 781 1755 781 895 781 263 263 1755
781 1755 781 739 799 1219 1183 739 1519 799 93 1849 1599 799 721 1214 788 781 1069 781
1313 609 1183 609 1183 609 603 299 1553 1183 603 1865 871 1313 1849 871 1553 1313 717 1183
1214 93 781 739 1519 1219 93 781 788 781 739 1599 1219 93 739 1219 1219 93 1697 895
1214 739 1519 1219 93 781 788 781 739 799 1219 93 739 1219 1219 93 1697 895 781 1755
1553 1183 603 1865 871 1313 1849 871 871 1313 717 1183 609 1069 609 603 299 1553 1313 1697
739 1219 1219 1183 739 1519 799 93 1849 1599 1219 93 1214 788 781 739 799 1219 93 1214
1214 788 781 1755 1260 739 1219 1219 93 1697 895 1260 739 1519 1219 721 781 1755 781 739
1219 93 781 788 781 739 799 1219 93 739 799 1219 93 1697 895 781 1755 781 263 263
93 739 799 1219 93 1697 895 781 1755 781 895 781 263 263 1755 781 739 1599 1219 1183
603 1553 1553 1183 603 1865 871 1313 1849 299 1553 1313 717 1183 609 1069 609 603 299 1553
93 1849 1599 799 93 1214 788 781 739 1599 799 93 1214 788 781 739 1219 1219 721 1755
895 781 1755 781 895 1593 263 263 1755 1593 739 799 799 1183 739 1519 799 93 1849 799
1553 1553 1183 603 1865 871 1313 1849 299 1553 1313 717 1183 609 1069 609 603 299 1553 1313
1219 1219 93 1697 895 781 1755 781 739 799 1219 1183 739 1519 799 93 1849 1599 1219 721
299 1553 1183 603 1865 871 1313 1849 871 1553 1313 717 1183 609 1069 609 603 871 1553 1313
721 895 1260 1260 788 1593 739 1219 1219 93 1214 739 799 1219 93 1593 788 1593 739 1599
263 895 781 1755 781 739 1219 1219 1183 739 1519 799 93 1849 1599 1219 93 1214 788 1593
1219 93 1214 739 1519 1219 93 781 788 781 739 1599 799 93 739 1219 1219 93 1697 895
721 895 1260 1260 788 1593 739 1219 1219 93 1214 739 799 1219 93 1593 788 1593 739 1599
1849 1599 1219 721 1214 788 1593 739 799 799 93 1214 788 1593 739 1519 1219 93 1214 895
1755 781 739 1599 1219 1183 739 1519 799 93 1849 1599 799 93 1214 788 781 1069 781 739
895 781 1755 1260 263 263 895 781 1755 781 739 799 799 1183 739 1519 799 93 1849 1599
1849 1599 1219 93 1214 788 781 739 799 1219 93 1214 788 781 739 1219 1219 93 1214 1755
739 1519 799 93 1849 799 1219 93 1214 788 1593 739 1599 1219 93 1214 788 1593 739 1519
263 1183 609 603 1553 1553 1183 603 1865 871 1313 1849 299 871 1313 717 1183 609 1069 609
