421 421 421 55 299 55 497 204 168 202 44 44 358 44 299 55 55 204 204 106
168 202 44 44 358 44 299 55 106 356 356 453 318 318 497 119 168 202 44 44
358 44 299 55 106 356 356 453 318 318 497 119 168 202 44 44 358 44 324 119
497 119 168 202 44 44 358 44 324 119 460 132 324 119 114 114 114 114 114 114
421 55 299 497 119 168 202 44 44 358 44 299 55 106 356 356 318 318 318 497
488 51 252 24 95 318 24 95 90 90 90 90 90 477 81 488 51 477 252 81
55 497 119 168 202 44 44 202 44 299 55 55 204 204 106 128 356 128 356 453
497 119 168 202 44 44 358 44 299 55 55 204 204 106 128 356 128 356 453 453
55 95 98 98 98 98 98 477 81 252 51 477 252 81 252 51 477 81 252 252
202 44 44 358 44 299 55 106 128 356 128 356 453 318 318 497 119 168 202 44
453 318 318 497 119 168 202 44 44 306 306 44 324 119 460 132 324 119 81 8
114 114 114 114 114 114 240 24 24 95 55 55 299 456 456 456 456 456 456 456
8 8 318 24 24 95 55 95 90 90 90 90 90 168 81 488 51 477 252 81
204 114 132 114 114 24 24 95 240 55 95 90 90 90 90 90 477 8 488 51
356 128 356 453 318 453 497 119 168 202 44 44 358 44 324 119 460 132 324 119
421 55 299 497 119 168 202 44 44 358 44 299 55 106 356 356 453 318 453 497
95 299 55 393 24 55 95 98 98 98 98 98 168 81 488 51 477 252 81 488
356 453 318 318 497 119 168 202 44 44 358 358 44 324 119 460 132 324 119 81
24 24 453 95 95 90 90 90 90 90 477 8 488 51 477 252 8 8 488 51
356 421 421 55 299 497 119 168 202 44 44 358 44 299 55 106 356 356 453 453
132 324 119 81 8 8 24 24 240 95 55 95 90 90 90 90 90 168 81 306
252 252 51 252 24 95 240 24 95 90 90 90 90 90 477 81 488 51 477 252
119 168 202 44 44 358 44 324 119 460 132 324 119 81 81 81 240 24 24 95
456 456 456 456 456 456 456 456 456 55 306 393 306 358 240 393 240 306 306 240
168 202 44 44 306 306 44 324 119 460 132 324 119 81 81 81 24 24 453 95
114 318 24 24 95 299 55 55 95 90 90 90 90 90 477 8 488 51 477 252
497 119 168 202 44 44 358 44 299 55 106 356 356 453 318 318 497 119 168 358
356 318 318 318 497 119 168 202 44 44 306 306 44 324 119 460 324 119 114 132
95 240 240 393 240 306 306 240 306 393 306 95 393 393 240 306 306 393 456 456
44 299 55 106 356 356 453 318 318 497 119 168 202 44 44 358 44 324 119 460
453 90 306 306 453 477 8 8 488 51 477 252 8 8 488 51 8 8 477 252
44 44 358 44 299 55 106 356 356 318 318 318 497 119 168 202 44 44 358 306
453 393 453 90 306 306 453 477 8 8 488 51 477 252 8 8 488 51 8 8
240 306 306 240 456 456 456 456 456 456 456 456 456 456 95 90 90 90 306 393
81 318 90 24 95 299 55 393 24 55 95 98 98 98 98 98 168 81 488 44
477 81 81 51 477 252 306 306 51 306 95 55 240 24 95 299 55 128 356 24
90 90 168 81 306 51 477 252 81 81 488 240 477 252 488 240 252 24 95 299
24 95 55 95 90 90 90 90 90 477 8 252 51 477 252 8 8 488 51 477
356 421 421 55 299 497 119 168 358 44 44 358 44 299 55 106 106 356 356 453
421 421 55 299 497 119 168 358 44 44 358 44 299 55 106 356 356 453 453 453
81 488 51 477 252 81 81 488 51 477 252 252 51 252 24 95 299 55 240 240
306 240 306 477 81 81 51 477 252 306 306 51 252 95 106 240 24 95 299 55
55 497 119 168 202 44 44 358 44 299 55 106 128 356 128 356 453 318 453 497
24 240 95 55 95 90 90 90 90 90 168 81 488 51 477 252 81 81 306 477
90 98 98 477 81 488 51 477 252 81 81 252 51 477 252 252 51 252 24 95
324 204 114 132 114 114 318 24 24 95 299 55 55 95 90 90 90 90 90 477
299 55 106 128 356 128 356 453 318 453 497 119 168 202 44 44 358 44 324 119
456 456 456 456 306 240 306 306 306 240 240 393 240 306 306 240 306 393 306 306
51 477 252 306 306 51 306 95 106 240 24 95 299 55 128 356 24 240 95 90
299 55 106 356 356 453 318 453 497 119 168 358 44 44 358 44 324 119 460 132
128 356 421 421 421 421 55 299 55 497 119 168 202 44 44 358 44 299 55 55
421 421 55 299 55 497 119 168 202 44 44 358 44 299 55 55 204 204 106 356
119 460 324 119 114 132 114 114 318 24 24 95 299 55 55 95 90 90 90 90
240 24 24 95 55 55 299 456 456 456 456 456 456 456 456 456 456 55 306 168
460 132 324 119 81 8 8 24 24 240 95 55 95 90 90 90 90 90 168 81
168 202 44 240 358 44 299 55 106 356 356 453 318 318 497 119 168 202 44 44
356 453 318 497 119 168 202 44 44 358 44 324 119 460 132 324 119 81 8 8
90 90 90 90 90 477 8 488 44 477 252 81 8 252 51 477 252 488 51 252
252 24 95 240 240 24 95 90 90 90 90 90 477 81 81 488 51 477 252 81
44 44 358 44 299 55 106 356 356 453 453 453 497 119 168 202 44 44 358 44
106 356 356 453 318 497 119 168 202 44 44 358 44 324 119 460 132 324 119 81
119 460 132 324 119 114 114 114 453 24 24 95 55 95 90 90 90 90 90 477
356 421 421 421 55 299 497 119 168 202 44 44 358 44 299 55 106 356 356 453
44 202 44 324 119 460 132 324 119 114 114 114 114 114 114 453 24 24 95 55
324 119 114 114 114 318 24 24 95 55 95 90 90 90 90 90 477 8 488 51
132 114 114 24 24 95 240 55 55 299 456 456 456 456 456 456 456 456 456 456
55 106 356 356 318 318 318 497 119 168 202 44 44 306 306 44 324 119 460 324
356 421 421 421 421 55 299 55 497 119 168 202 44 44 358 44 299 55 55 204
202 44 44 306 306 44 324 119 460 324 119 114 132 114 114 318 24 24 95 299
456 456 456 456 456 456 456 456 456 306 240 306 306 306 240 240 393 240 306 306
114 114 114 318 24 24 95 55 95 90 90 90 90 90 477 8 488 51 477 252
497 119 168 202 44 44 358 306 44 324 119 460 132 324 119 81 81 81 453 90
81 81 8 81 8 81 453 24 24 95 55 55 299 456 299 456 456 456 456 456
240 24 95 299 55 128 356 24 240 95 90 90 90 90 90 168 81 81 306 51
44 299 55 106 356 356 453 453 453 497 119 168 358 44 44 358 44 324 119 460
240 90 24 95 55 95 98 98 98 98 98 477 81 488 51 477 252 81 81 488
168 202 44 44 358 44 324 119 460 132 324 119 114 114 114 114 114 114 453 24
453 55 299 497 119 168 202 44 44 306 306 44 324 119 460 132 324 119 81 81
421 55 299 497 119 168 358 44 44 358 44 299 55 106 356 356 453 318 318 497
356 128 356 421 421 421 421 55 299 55 497 119 168 202 44 44 358 44 299 55
356 318 318 453 497 119 168 202 44 44 358 44 324 119 460 132 324 119 81 81
44 358 44 299 55 106 356 356 453 318 318 497 119 168 202 44 44 358 358 44
106 356 356 453 318 318 497 119 168 202 44 44 358 44 324 119 460 132 324 119
456 456 456 456 456 456 456 306 240 306 306 306 240 240 393 240 306 306 240 306
98 477 81 252 51 477 252 81 488 51 477 81 252 252 51 252 24 95 240 24
453 497 119 168 358 44 44 358 44 324 119 460 132 324 119 81 81 81 453 90
95 453 55 95 90 90 90 90 90 477 8 488 51 477 252 8 488 477 8 477
114 114 114 114 114 240 24 24 95 55 55 299 456 456 456 456 456 456 456 456
44 44 358 44 324 119 460 132 324 119 114 114 114 55 24 24 453 95 95 90
24 95 240 24 95 90 90 90 90 90 477 81 488 51 477 252 81 81 488 44
453 453 453 497 119 168 358 44 44 358 44 324 119 460 132 324 119 81 81 81
44 44 358 44 299 55 106 356 356 318 318 318 497 119 168 202 44 44 358 306
299 55 106 128 356 128 356 453 318 453 497 119 168 202 44 44 358 44 324 119
204 114 114 114 114 132 114 114 24 24 95 240 55 55 299 456 456 456 456 456
55 299 456 299 456 456 456 456 456 456 456 456 456 306 240 306 306 306 240 240
497 119 168 358 44 44 358 44 299 55 106 356 356 318 318 318 497 119 168 358
358 44 299 55 106 356 356 453 318 318 497 119 168 202 44 44 358 358 44 324
240 240 393 240 306 306 240 358 393 306 95 393 393 240 306 306 393 456 456 456
44 44 306 306 44 324 119 460 132 324 119 81 81 81 318 24 24 95 299 55
204 393 306 393 393 240 306 95 306 240 306 240 393 240 306 306 240 240 24 306
119 168 202 44 44 306 306 44 324 119 460 324 119 114 114 114 114 132 114 114
421 421 421 421 55 299 55 497 119 168 202 44 44 358 44 299 55 106 128 356
456 456 456 456 456 95 90 90 90 90 90 168 81 81 488 51 477 252 306 393
44 358 44 324 119 460 132 324 119 114 114 114 240 24 24 95 55 95 90 90
204 393 306 393 393 240 306 95 306 240 306 240 393 240 306 306 240 240 24 306
55 299 497 119 168 202 44 44 358 44 299 55 106 356 356 453 453 453 497 119
299 55 106 356 356 453 318 318 497 119 168 202 44 44 358 358 44 324 119 460
299 55 106 356 356 453 318 318 497 119 168 202 44 44 358 44 324 119 460 132
8 477 488 488 51 252 24 95 240 81 95 90 90 90 90 90 477 81 488 44
90 90 477 8 488 51 477 252 8 488 477 8 477 51 252 252 252 51 252 95
90 24 95 299 55 55 95 98 98 98 98 98 477 81 488 51 477 252 81 488
119 460 132 324 119 81 81 81 240 90 24 95 55 95 98 98 90 98 98 477
128 356 453 318 453 497 119 168 202 44 44 358 44 324 119 460 132 324 119 114
119 460 324 119 114 132 114 114 24 24 95 240 55 95 90 90 90 90 90 477
358 44 324 119 460 132 324 119 114 114 114 453 24 24 95 55 95 90 90 90
306 358 240 393 240 306 306 240 456 456 456 456 456 456 456 456 456 456 306 393
90 90 90 90 90 477 8 252 51 477 252 8 252 51 8 477 488 252 51 252
240 306 306 240 306 393 306 95 240 393 240 306 306 393 456 456 456 456 456 456
128 356 453 318 453 497 119 168 202 44 44 358 44 324 119 460 132 324 119 114
55 55 299 456 456 456 456 456 456 456 456 456 456 55 306 240 306 358 240 393
98 90 98 98 477 81 488 51 477 252 81 81 252 51 477 252 252 51 252 24
106 453 24 95 299 55 128 356 24 240 95 90 90 90 90 90 477 81 81 306
240 95 55 95 90 90 90 90 90 168 81 488 51 477 252 81 81 306 477 477
318 318 497 119 168 202 44 240 358 44 324 119 460 132 324 119 114 114 114 318
81 252 252 51 252 24 95 240 24 95 90 90 90 90 90 477 81 488 51 477
81 393 240 306 306 240 306 477 81 81 477 477 252 306 306 51 306 95 106 453
106 106 356 356 318 318 55 299 497 119 168 358 44 44 358 44 324 119 460 132
119 168 202 44 44 358 44 324 119 460 132 324 119 81 8 8 24 24 453 95
456 456 456 456 456 95 90 90 90 90 90 168 81 81 488 51 477 252 306 393
306 24 240 81 81 393 240 306 306 240 306 477 81 81 477 477 252 306 306 51
497 119 168 202 44 44 358 306 44 324 119 460 132 324 119 81 81 81 453 90
114 114 114 453 24 24 95 55 55 299 456 456 456 456 456 456 456 456 456 456
55 456 456 456 456 456 456 456 456 456 306 240 306 306 306 240 240 393 240 306
44 44 306 306 44 299 55 106 356 356 318 318 453 497 119 168 202 44 44 358
456 456 456 456 456 55 306 393 306 204 240 393 240 306 306 240 456 456 456 456
497 119 168 358 44 44 358 44 299 55 106 356 356 453 318 318 497 119 168 202
393 306 240 306 240 393 240 306 306 240 240 24 306 393 306 306 240 393 240 306
81 81 51 477 252 306 306 51 306 95 55 240 24 95 299 55 128 356 24 240
55 299 497 119 168 202 44 44 306 306 44 324 119 460 324 119 114 114 114 114
456 456 456 456 456 456 456 456 456 306 240 306 306 306 240 240 393 240 306 306
306 393 306 204 393 393 240 306 306 240 456 456 456 456 456 456 456 456 456 456
106 356 356 318 318 55 299 497 119 168 358 44 44 358 44 324 119 460 132 324
318 453 497 119 168 202 44 44 358 44 324 119 460 132 324 119 81 81 81 453
8 488 51 8 8 477 252 488 51 252 24 95 240 240 24 95 90 90 90 90
497 119 168 202 44 44 358 44 324 119 460 132 324 119 81 8 8 24 24 453
44 358 44 324 119 460 132 324 119 114 114 114 318 24 24 95 55 95 90 90
90 90 477 8 488 51 477 252 8 488 51 8 477 252 252 51 252 24 95 240
456 456 456 456 456 456 456 456 95 90 90 90 306 393 306 358 240 393 240 90
128 356 453 318 453 497 119 168 202 44 44 358 44 324 119 460 132 324 119 81
497 119 168 358 44 44 358 44 299 55 106 356 356 453 318 318 318 55 299 497
299 55 106 356 356 453 318 318 497 119 168 202 44 44 358 358 44 324 119 460
252 51 477 252 81 488 51 477 81 252 252 51 252 24 95 240 24 95 90 90
81 240 24 24 95 55 55 299 456 299 456 456 456 456 456 456 456 456 456 306
358 44 44 358 44 299 55 106 356 356 453 318 318 497 119 168 202 44 44 358
119 168 202 44 44 358 44 324 119 460 132 324 119 81 8 8 453 24 24 95
356 421 421 421 421 55 299 55 497 119 168 202 44 44 358 44 299 55 106 128
421 421 421 421 55 299 55 497 204 168 202 44 44 358 44 299 55 55 204 204
456 456 456 456 456 456 456 456 456 456 95 90 90 90 306 393 306 358 240 393
421 421 55 299 497 119 168 202 44 44 358 44 299 55 106 356 356 453 318 318
356 128 356 421 421 421 421 55 299 55 497 119 168 202 44 44 358 44 299 55
44 306 306 44 299 55 106 356 356 318 318 453 497 119 168 202 44 44 358 44
106 128 356 128 356 453 453 453 55 299 453 497 119 168 202 44 44 358 44 324
51 477 306 306 393 306 24 240 81 81 393 240 306 306 240 306 477 81 81 477
356 128 356 421 421 421 421 55 299 55 497 119 168 202 44 44 358 44 299 55
202 44 44 306 306 44 324 119 460 132 324 119 81 8 8 318 24 24 95 95
421 421 55 299 55 497 119 168 202 44 44 358 44 299 55 106 128 356 128 356
24 24 95 55 55 299 456 456 456 456 456 456 456 456 456 456 55 306 168 306
55 106 356 356 453 318 453 497 119 168 202 44 44 358 44 324 119 460 132 324
119 168 202 44 44 358 44 299 55 106 128 356 128 356 453 318 318 497 119 168
324 119 460 132 324 119 114 114 114 55 24 24 453 95 95 90 90 90 90 90
44 44 358 44 324 119 460 132 324 119 114 114 114 55 24 24 453 95 95 90
106 356 356 318 318 318 497 119 168 202 44 44 306 306 44 324 119 460 324 119
358 44 324 119 460 132 324 119 81 8 8 318 24 24 95 55 95 90 90 90
497 119 168 202 44 44 358 44 324 119 460 132 324 119 81 8 8 453 24 24
324 119 460 132 324 119 81 81 81 453 90 90 95 55 95 98 98 98 98 98
393 240 306 306 240 456 456 456 456 456 456 456 456 456 456 306 393 306 306 240
204 106 128 356 128 356 453 240 453 55 299 453 497 119 168 202 44 44 358 44
119 114 114 114 453 24 24 95 55 95 90 90 90 90 90 477 8 488 51 477
477 252 81 488 51 81 477 252 252 51 252 24 95 299 55 453 24 477 204 168
358 44 299 55 106 356 356 453 318 318 497 119 168 202 44 44 358 44 324 119
24 95 240 240 24 95 90 90 90 90 90 477 81 81 488 51 477 252 81 81
8 81 8 81 453 24 24 95 55 55 299 456 299 456 456 456 456 456 456 456
119 460 132 324 119 114 114 114 55 24 24 453 95 95 90 90 90 90 90 477
55 95 90 90 90 90 90 477 8 488 51 477 252 8 8 488 51 477 252 252
453 453 453 497 119 168 358 44 44 358 44 324 119 460 132 324 119 81 81 81
119 460 132 324 119 114 114 114 114 114 114 240 24 24 95 55 55 299 456 456
306 306 393 456 456 456 456 456 456 456 456 456 456 95 90 90 90 90 90 168
306 358 240 393 240 306 306 240 456 456 456 456 456 456 456 456 456 456 306 393
106 356 356 453 318 453 497 119 168 202 44 44 358 44 324 119 460 132 324 119
119 460 132 324 119 81 81 8 81 8 81 453 24 24 95 55 55 55 456 55
421 421 55 299 497 119 168 202 44 44 358 44 299 55 106 356 356 453 318 453
44 44 358 44 299 55 106 356 356 453 453 453 497 119 168 202 44 44 358 44
8 8 318 24 24 95 95 90 90 90 90 90 477 81 306 51 477 306 81 306
456 456 456 456 456 456 456 456 456 95 90 90 90 90 90 168 81 81 306 51
453 318 453 318 55 299 497 119 168 202 44 44 306 306 44 324 119 460 324 204
324 119 114 114 114 240 24 24 95 55 95 90 90 90 90 90 477 8 306 51
306 95 55 240 24 95 299 55 128 356 24 240 95 90 90 90 90 90 168 81
252 24 95 318 81 95 90 90 90 90 90 477 8 488 51 477 252 81 81 252
324 119 460 132 324 119 81 81 81 24 24 453 95 106 95 299 55 240 240 24
393 240 306 358 306 240 306 240 393 240 306 306 240 240 24 306 393 306 306 453
456 456 456 456 456 55 306 393 306 204 240 393 240 306 306 240 456 456 456 456
456 456 456 306 393 306 358 240 306 240 393 240 306 358 306 240 306 240 393 240
456 456 456 55 306 393 306 358 240 393 240 306 306 240 456 456 456 456 456 456
240 306 240 393 240 306 306 240 240 24 306 393 306 306 453 393 240 306 306 240
90 90 90 90 90 477 8 488 51 477 252 8 252 477 8 477 51 252 252 252
324 119 460 132 324 119 81 81 8 81 8 81 453 24 24 95 55 55 55 456
306 24 240 81 81 393 240 306 306 240 306 477 81 81 477 477 252 306 306 51
81 81 81 453 90 24 95 299 55 55 95 98 98 98 98 98 477 81 488 51
421 55 299 497 119 168 202 44 44 358 44 299 55 106 356 356 453 318 318 497
119 81 8 8 318 24 24 95 95 90 90 90 90 90 477 81 306 51 477 306
460 132 324 119 114 114 114 114 114 114 453 24 24 95 55 55 55 456 456 456
456 456 456 456 456 95 90 90 90 90 90 168 81 81 488 51 477 252 306 393
356 421 421 55 299 497 119 168 202 44 44 358 44 299 55 106 356 356 453 318
90 477 8 488 51 477 252 8 8 488 51 477 252 252 51 252 24 95 299 55
55 95 90 90 90 90 90 168 81 488 51 477 252 81 81 306 477 477 488 488
356 356 421 421 421 55 299 497 119 168 202 44 240 358 44 299 55 106 356 356
453 497 119 168 202 44 44 358 358 44 324 119 460 132 324 119 81 81 81 453
421 421 55 299 497 119 168 202 44 44 358 44 299 55 106 356 356 453 453 453
456 456 456 456 456 456 456 456 456 95 90 90 90 90 90 168 81 81 306 51
55 106 356 356 318 318 453 453 497 119 168 202 44 44 306 358 44 324 119 460
90 90 90 90 168 81 488 51 477 252 81 81 306 477 477 488 488 44 488 240
202 44 44 358 44 324 119 460 132 324 119 81 81 8 81 8 81 453 24 24
119 460 132 324 119 114 114 114 240 24 24 95 55 95 90 90 90 90 90 168
318 24 24 95 55 95 90 90 90 90 90 168 81 488 51 477 252 81 81 488
55 299 497 119 168 202 44 44 358 44 299 55 106 356 356 453 318 453 497 119
421 421 421 55 299 55 497 119 168 202 44 44 358 44 299 55 106 128 356 128
81 95 90 90 90 90 90 477 81 81 488 51 477 252 81 81 306 477 81 81
252 8 8 488 51 8 8 477 252 252 51 252 24 95 240 240 81 95 90 90
318 24 24 95 299 55 55 95 90 90 90 90 90 477 8 488 51 477 252 8
24 95 55 95 90 90 90 90 90 477 8 252 51 477 252 8 8 488 51 477
318 453 318 55 299 497 119 168 202 44 44 306 306 44 324 119 460 324 204 81
132 324 119 81 81 8 81 8 81 453 24 24 95 55 55 55 456 55 456 456
132 324 119 114 114 114 453 24 24 95 55 95 90 90 90 90 90 477 8 488
421 421 421 421 55 299 55 497 204 168 202 44 44 358 44 299 55 55 204 204
453 318 453 497 119 168 202 44 44 358 44 324 119 460 132 324 119 114 114 114
114 114 114 114 240 24 24 95 55 55 299 456 456 456 456 456 456 456 456 456
24 95 240 240 24 95 90 90 90 90 90 477 81 81 488 51 477 252 81 81
44 44 306 306 44 299 55 106 356 356 318 318 453 497 119 168 202 44 44 358
252 51 252 24 95 240 24 95 90 90 90 90 90 477 81 488 51 477 252 81
24 95 55 55 299 456 456 456 456 456 456 456 456 456 456 55 306 393 306 358
453 453 55 299 497 119 168 202 44 44 306 306 44 324 119 460 132 324 119 81
453 453 453 497 119 168 358 44 44 358 44 324 119 460 132 324 119 81 81 81
8 477 252 252 51 252 24 95 240 240 81 95 90 90 90 90 90 477 81 81
252 306 306 51 306 95 106 240 24 95 299 55 128 356 24 240 95 90 90 90
114 132 114 114 24 24 95 240 55 55 299 456 456 456 456 456 456 456 456 456
55 299 456 299 456 456 456 456 456 456 456 456 456 306 240 306 306 306 240 240
356 421 421 421 55 299 497 119 168 202 44 44 358 44 299 55 106 356 356 453
488 51 477 252 81 81 488 51 477 252 252 51 252 24 95 240 24 95 90 90
95 55 95 98 98 98 98 98 477 81 488 51 477 252 81 81 488 51 477 252
497 119 168 202 44 44 358 44 299 55 106 356 356 453 318 318 497 119 168 202
356 421 421 421 421 55 299 55 497 119 168 202 44 44 358 44 299 55 55 204
456 456 456 55 306 393 306 358 240 393 240 306 306 240 456 456 456 456 456 456
306 240 306 393 306 204 393 393 240 306 306 393 456 456 456 456 456 456 456 456
456 456 456 456 456 55 306 393 306 204 240 393 240 306 306 240 456 456 456 456
358 44 44 358 44 299 55 106 356 356 318 318 318 497 119 168 358 44 240 358
44 358 44 299 55 106 356 356 453 318 453 497 119 168 358 44 44 358 44 324
421 55 299 55 497 119 168 202 44 44 358 44 299 55 55 204 204 106 128 356
299 55 106 356 356 453 318 453 497 119 168 202 44 44 358 44 324 119 460 132
393 240 306 306 240 306 393 306 95 240 393 240 306 306 393 456 456 456 456 456
114 240 24 24 95 55 95 90 90 90 90 90 477 8 488 51 477 252 8 8
55 497 119 168 202 44 44 202 44 299 55 55 204 204 106 128 356 128 356 453
128 356 128 356 453 318 453 497 119 168 202 44 44 358 44 324 119 460 132 324
456 456 95 90 90 90 90 306 393 306 306 240 393 240 90 306 306 240 477 8
114 132 114 114 318 24 24 95 299 55 55 95 90 90 90 90 90 477 8 488
44 44 358 44 324 119 460 132 324 119 114 114 114 318 24 24 95 55 95 90
356 128 356 453 453 453 55 299 453 497 119 168 202 44 240 358 44 324 119 460
456 456 456 456 456 456 456 456 456 306 393 306 306 240 306 240 393 240 306 358
119 168 202 44 44 358 44 299 55 55 204 204 106 128 356 128 356 453 453 453
90 90 90 477 8 252 51 477 252 8 8 252 51 477 252 252 51 252 24 95
119 460 324 119 114 114 114 114 132 114 114 24 24 95 453 55 55 299 456 456
44 358 44 299 55 106 356 356 240 453 497 119 168 202 44 44 358 44 324 119
306 306 240 456 456 456 456 456 456 456 456 456 456 95 90 90 90 306 393 306
204 204 106 128 356 128 356 453 318 453 318 55 299 497 119 168 202 44 44 358
421 421 55 299 497 119 168 358 44 44 358 44 299 55 106 356 356 318 318 318
119 168 202 44 44 358 44 299 55 106 356 356 453 318 318 497 119 168 202 44
421 421 421 421 55 299 55 497 119 168 202 44 44 358 44 299 55 55 204 204
90 90 90 90 90 168 81 488 51 477 252 81 81 252 240 477 252 488 240 252
24 24 95 55 95 90 90 90 90 90 168 81 488 51 477 252 81 81 488 240
356 128 356 421 421 421 421 55 299 55 497 119 168 202 44 44 358 44 299 55
306 24 240 81 81 393 240 306 306 240 306 477 81 81 477 477 252 306 306 51
477 252 488 51 252 24 95 240 240 81 95 90 90 90 90 90 477 81 81 488
168 202 44 44 358 44 324 119 460 132 324 119 114 114 114 114 114 114 453 24
393 24 55 95 98 98 98 98 98 168 81 488 44 477 252 81 488 51 81 477
356 356 421 421 421 421 421 421 55 299 497 119 168 358 44 240 358 44 299 55
358 44 324 119 460 132 324 119 81 8 8 24 24 318 95 55 95 90 90 90
44 324 119 460 132 324 119 114 114 114 55 24 24 453 95 95 90 90 90 90
55 497 119 168 202 44 44 202 44 299 55 106 128 356 128 356 453 318 453 497
119 168 358 44 44 358 44 299 55 106 356 356 453 318 318 318 55 299 497 204
55 204 204 106 128 356 128 356 453 318 453 318 55 299 497 119 168 202 44 44
95 90 90 90 90 90 477 81 81 488 44 477 252 81 81 81 81 306 477 477
119 168 202 44 44 306 306 44 324 119 460 324 119 114 132 114 114 318 24 24
240 306 477 81 81 51 477 252 306 306 51 252 95 106 240 24 95 299 55 128
90 90 90 168 81 81 306 51 477 252 306 393 306 306 240 81 81 393 240 306
306 393 306 204 393 393 240 306 306 240 456 456 456 456 456 456 456 456 456 456
306 393 306 204 240 393 240 90 306 306 240 90 477 8 8 488 51 477 252 8
44 44 358 44 324 119 460 132 324 119 114 114 114 114 114 114 453 24 24 95
90 90 90 90 90 168 81 306 51 477 252 81 306 240 81 477 488 488 44 252
81 488 51 477 252 81 488 51 81 477 252 252 51 252 24 95 299 55 453 24
202 44 240 358 44 324 119 460 132 324 119 114 114 114 318 24 24 95 55 95
456 456 456 95 90 90 90 306 393 306 358 240 393 240 90 306 306 240 90 477
106 128 356 128 356 453 318 318 497 119 168 202 44 44 358 44 324 119 460 132
421 421 55 299 497 119 168 358 44 44 306 306 44 299 55 106 356 356 453 453
119 81 8 8 318 24 24 95 95 90 90 90 90 90 477 81 306 51 477 306
456 456 456 456 456 456 456 456 55 306 393 306 306 240 393 240 306 306 240 456
95 55 95 98 98 98 98 98 477 81 252 51 477 252 81 252 51 477 81 252
356 128 356 421 421 421 421 55 299 55 497 119 168 202 44 44 358 44 299 55
306 95 55 240 24 95 299 55 128 356 24 240 95 90 90 90 90 90 168 81
456 456 456 55 306 393 306 204 240 393 240 306 306 240 456 456 456 456 456 456
460 132 324 119 81 81 81 24 24 453 95 55 95 98 90 98 98 98 168 81
55 95 90 90 90 90 90 168 81 488 51 477 252 81 81 488 240 477 488 488
98 98 98 98 168 81 488 44 477 252 81 252 51 81 477 252 252 51 252 24
356 356 421 421 55 299 497 119 168 358 44 44 358 44 299 55 106 356 356 453
98 98 98 98 98 477 81 252 51 477 252 81 252 51 477 81 252 252 51 252
44 358 44 324 119 460 132 324 119 114 114 114 453 24 24 95 55 95 90 90
119 168 202 44 44 358 44 299 55 106 128 356 128 356 453 318 453 497 119 168
44 299 55 106 356 356 453 318 318 497 119 168 202 44 44 358 44 324 119 460
421 421 55 299 497 119 168 202 44 44 358 44 299 55 106 356 356 453 318 318
168 81 488 51 477 252 81 81 306 477 477 252 488 44 488 240 24 95 240 24
168 358 44 44 306 306 44 299 55 106 356 356 318 318 453 497 119 168 202 44
456 456 456 456 55 306 393 306 204 240 393 240 306 306 240 456 456 456 456 456
358 358 356 356 421 421 55 299 497 119 168 358 44 44 358 44 299 55 106 356
51 477 81 252 252 51 252 24 95 240 24 95 90 90 90 90 90 477 81 488
488 252 51 252 24 95 318 24 95 90 90 90 90 90 477 81 488 51 477 252
299 497 119 168 202 44 44 358 44 299 55 106 356 356 453 318 453 497 119 168
168 358 44 44 358 44 299 55 106 106 356 356 318 318 55 299 497 119 168 358
421 421 55 299 497 119 168 358 44 44 358 44 299 55 106 356 356 318 318 318
356 421 421 421 421 55 299 55 497 119 168 202 44 44 358 44 299 55 55 204
55 306 393 306 204 240 393 240 306 306 240 456 456 456 456 456 456 456 456 456
90 90 90 90 477 8 81 488 44 477 252 81 81 8 81 306 51 477 252 252
44 324 119 460 132 324 119 114 114 114 55 24 24 453 95 95 90 90 90 90
119 81 81 8 81 8 81 453 24 24 95 55 55 299 456 55 456 456 456 456
456 456 456 95 90 90 90 90 90 168 81 81 488 51 477 252 306 477 306 306
202 44 44 306 306 44 324 119 460 132 324 119 81 81 81 24 24 453 95 106
98 477 81 488 51 477 252 81 81 252 51 477 252 252 51 252 24 95 240 24
90 90 90 90 477 8 488 51 477 252 8 8 488 51 477 252 252 51 252 24
456 456 456 456 456 55 306 393 306 358 240 393 240 306 306 240 456 456 456 456
252 24 95 318 81 95 90 90 90 90 90 477 8 488 51 477 252 81 81 252
324 119 460 132 324 119 81 81 81 453 90 24 95 299 55 393 24 55 95 98
358 44 299 55 106 356 356 453 453 497 119 168 202 44 44 358 44 324 119 460
456 456 456 95 90 90 90 90 306 393 306 306 240 393 240 90 306 306 240 477
119 168 358 44 44 358 44 299 55 106 106 356 356 318 318 55 299 497 119 168
358 44 324 119 460 132 324 119 81 8 8 24 24 318 95 55 95 90 90 90
393 240 306 306 240 456 456 456 456 456 456 456 456 456 456 95 90 90 90 306
90 306 306 453 477 8 8 488 51 477 252 8 8 488 51 8 8 477 252 252
119 168 202 44 44 358 44 299 55 106 356 356 453 318 318 318 497 119 168 202
477 252 81 488 51 81 477 252 252 51 252 24 95 299 55 453 24 477 204 168
106 128 356 128 356 453 318 240 497 119 168 202 44 44 358 44 324 119 460 132
114 114 114 453 24 24 95 55 55 299 456 456 456 456 456 456 456 456 456 456
55 306 393 306 204 240 393 240 306 306 240 456 456 456 456 456 456 456 456 456
497 119 168 202 44 44 358 44 299 55 106 356 356 318 318 318 497 119 168 358
202 44 44 358 44 324 119 460 132 324 119 81 81 81 318 24 24 95 55 95
106 356 356 318 318 55 299 497 119 168 358 44 44 358 44 324 119 460 132 324
356 128 356 453 318 453 497 119 168 202 44 44 358 44 324 119 460 132 324 119
168 202 44 44 358 44 299 55 55 204 204 106 128 356 128 356 453 453 453 55
421 55 299 497 119 168 358 44 44 358 44 299 55 106 356 356 453 318 453 453
477 252 8 8 488 51 8 8 477 252 252 51 252 24 95 240 240 24 95 90
497 119 168 202 44 44 358 44 299 55 106 356 356 453 318 497 119 168 202 44
356 421 421 55 299 497 119 168 358 44 44 358 44 299 55 106 356 356 453 318
55 204 204 106 128 356 128 356 453 318 453 318 55 299 497 119 168 202 44 44
44 202 44 324 119 460 132 324 119 114 114 114 114 114 114 453 24 24 95 55
202 44 44 358 44 299 55 106 356 356 453 453 453 497 119 168 202 44 44 358
119 168 202 44 44 358 44 299 55 106 356 356 318 318 318 497 119 168 202 44
119 114 114 114 114 114 114 240 24 24 95 55 55 299 456 456 456 456 456 456
306 240 306 240 393 240 306 306 240 240 24 306 393 306 306 240 393 240 306 306
81 81 81 240 90 24 95 55 95 98 98 90 98 98 477 81 488 51 477 252
51 477 252 252 51 252 24 95 240 24 95 90 90 90 90 90 477 81 488 44
421 55 299 497 119 168 202 44 44 358 44 299 55 106 356 356 453 318 318 497
488 51 477 252 8 488 51 8 477 488 252 51 252 24 95 240 24 95 90 90
95 299 55 55 95 98 98 98 98 98 477 81 488 51 477 252 81 488 51 81
119 168 202 44 44 358 44 324 119 460 132 324 119 81 8 8 24 24 453 95
456 456 456 456 456 456 456 456 456 456 55 306 393 306 204 240 393 240 306 306
119 114 114 114 318 24 24 95 55 95 90 90 90 90 90 477 8 488 51 477
358 44 324 119 460 132 324 119 81 81 81 453 90 90 95 55 95 98 98 98
240 306 306 240 456 456 456 456 456 456 456 456 456 456 306 393 306 306 240 306
90 306 393 306 204 240 393 240 90 306 306 240 90 477 8 8 488 51 477 252
356 356 318 318 453 497 119 168 202 44 44 358 44 324 119 460 132 324 119 81
90 306 306 453 477 8 8 488 51 477 252 8 8 488 51 8 8 477 252 252
356 453 318 453 497 119 168 202 44 44 358 44 324 119 460 132 324 119 81 8
44 44 358 44 299 55 106 356 356 453 318 318 497 119 168 202 44 44 358 358
393 393 393 240 306 95 306 240 306 240 393 240 306 306 240 240 24 306 393 306
168 202 44 44 306 306 44 324 119 460 132 324 119 81 8 8 318 24 24 95
456 456 456 456 456 456 456 95 90 90 90 90 90 168 81 81 488 51 477 252
252 252 51 252 24 95 240 24 95 90 90 90 90 90 477 81 488 44 477 252
51 306 95 106 240 24 95 299 55 128 356 24 393 95 90 90 90 90 90 168
393 306 358 240 393 240 306 306 240 456 456 456 456 456 456 456 456 456 456 306
90 90 95 55 95 98 98 98 98 98 477 81 252 51 477 252 81 488 51 477
456 456 306 240 306 306 95 240 240 393 240 306 306 240 306 393 306 95 393 393
324 119 460 324 119 114 132 114 114 318 24 24 95 299 55 55 95 90 90 90
453 497 119 168 202 44 44 358 44 324 119 460 132 324 119 114 114 114 114 114
306 306 44 324 119 460 324 119 114 132 114 114 24 24 95 240 55 95 90 90
453 318 453 497 119 168 202 44 44 358 44 324 119 460 132 324 119 81 81 81
453 318 318 497 119 168 202 44 44 306 306 44 324 119 460 132 324 119 81 8
460 132 324 119 81 81 81 24 24 453 95 106 95 299 55 240 240 24 55 299
51 252 24 95 240 24 95 90 90 90 90 90 477 81 488 44 477 252 81 81
168 358 44 44 358 44 324 119 460 132 324 119 114 114 114 55 24 24 453 95
453 497 119 168 202 44 44 358 44 324 119 460 132 324 119 81 81 81 453 90
453 497 119 168 202 44 44 306 306 44 324 119 460 324 204 114 132 114 114 24
114 114 114 318 24 24 95 55 95 90 90 90 90 90 477 8 488 51 477 252
456 456 456 456 456 456 456 456 456 456 306 393 306 306 240 306 240 393 240 306
488 51 252 24 95 240 240 24 95 90 90 90 90 90 477 81 81 488 44 477
456 456 456 456 456 456 456 456 456 456 55 306 393 306 358 240 393 240 306 306
356 453 318 453 453 497 119 168 202 44 44 306 306 44 324 119 460 324 204 114
51 477 252 306 306 51 306 95 106 240 24 95 299 55 128 356 24 240 95 90
8 488 51 477 252 8 8 488 51 477 252 252 51 252 24 95 299 55 240 24
95 90 90 90 90 90 168 81 488 51 477 252 81 81 306 477 477 488 488 44
202 44 44 358 44 324 119 460 132 324 119 81 81 81 24 24 453 95 55 95
421 421 421 421 55 299 55 497 204 168 202 44 44 358 44 299 55 55 204 204
81 81 81 453 90 24 95 299 55 55 95 98 98 98 98 98 477 81 488 51
453 453 453 497 119 168 358 44 44 358 44 324 119 460 132 324 119 81 81 81
356 356 421 421 55 299 497 119 168 358 44 44 358 44 299 55 106 356 356 453
55 106 356 356 318 318 318 497 119 168 202 44 44 306 306 44 324 119 460 324
421 55 299 497 119 168 358 44 44 358 44 299 55 106 356 356 453 318 318 497
95 90 90 90 90 90 477 8 488 51 477 252 8 8 488 51 477 252 252 51
299 497 119 168 202 44 44 358 44 299 55 106 356 356 453 318 497 119 168 202
252 252 51 252 24 95 240 24 95 90 90 90 90 90 477 81 488 51 477 252
24 24 95 55 55 299 456 456 456 456 456 456 456 456 456 456 55 306 168 306
358 44 299 55 106 356 356 453 318 453 497 119 168 358 44 44 358 44 324 119
51 306 95 106 240 24 95 299 55 128 356 24 393 95 90 90 90 90 90 168
90 90 95 55 95 98 98 98 98 98 477 81 252 51 477 252 81 488 51 477
168 202 44 44 306 306 44 324 119 460 132 324 119 81 8 8 318 24 24 95
81 8 8 318 24 24 95 55 95 90 90 90 90 90 168 81 306 51 477 252
44 44 306 306 44 324 119 460 324 119 114 132 114 114 318 24 24 95 299 55
488 51 477 252 81 81 488 51 477 252 252 51 252 24 95 240 24 95 90 90
119 460 132 324 119 81 81 8 81 8 81 453 24 24 95 55 55 55 456 55
497 119 168 202 44 240 358 44 324 119 460 132 324 119 114 114 114 318 24 24
128 356 421 421 421 421 55 299 55 497 119 168 202 44 44 358 44 299 55 106
98 168 81 488 51 477 252 81 488 51 81 477 252 252 51 252 24 95 299 55
114 55 24 24 453 95 95 90 90 90 90 90 477 8 488 51 477 252 8 8
44 358 44 299 55 106 356 356 453 318 453 497 119 168 202 44 44 358 44 324
98 98 98 98 168 81 488 44 477 252 81 252 51 81 477 252 252 51 252 24
358 306 44 324 119 460 132 324 119 81 81 81 453 24 24 95 299 55 393 24
168 202 44 44 358 44 324 119 460 132 324 119 81 81 81 24 24 453 95 55
324 119 114 114 114 240 24 24 95 55 95 90 90 90 90 90 477 8 306 51
114 114 114 114 240 24 24 95 55 55 299 456 456 456 456 456 456 456 456 456
456 456 456 456 456 456 456 456 456 95 90 90 90 306 393 306 358 240 393 240
44 324 119 460 132 324 119 81 8 8 24 24 318 95 55 95 90 90 90 90
356 356 453 318 318 497 119 168 202 44 44 358 358 44 324 119 460 132 324 119
90 90 90 168 81 81 306 51 477 252 306 393 306 306 240 81 81 393 240 306
90 90 90 90 90 477 8 252 51 477 252 8 8 252 51 477 252 252 51 252
318 24 24 95 299 55 55 95 90 90 90 90 90 477 8 488 51 477 252 8
477 8 8 488 51 477 252 8 8 488 51 8 8 477 252 252 51 252 24 95
55 24 24 453 95 95 90 90 90 90 90 477 8 488 51 477 252 8 8 488
132 324 119 81 81 81 240 90 24 95 55 95 98 98 90 98 98 477 81 488
306 306 44 299 55 106 356 356 318 318 453 497 119 168 202 44 44 358 44 324
24 95 95 90 90 90 90 90 477 81 306 51 477 252 81 306 240 81 477 252
358 44 44 358 44 299 55 106 356 356 318 318 318 497 119 168 358 44 240 358
95 299 55 128 356 24 240 95 90 90 90 90 90 168 81 81 488 51 24 252
453 497 119 168 202 44 44 306 306 44 324 119 460 324 204 114 132 114 114 24
393 393 240 306 358 306 240 306 240 393 240 306 306 240 240 24 306 393 306 306
81 81 318 90 24 95 299 55 393 24 55 95 98 98 98 98 98 168 81 488
95 90 90 90 90 306 393 306 306 240 393 240 90 306 306 240 477 8 8 488
456 456 456 456 456 456 456 456 456 456 55 306 393 306 358 240 393 240 306 306
81 318 90 24 95 299 55 393 24 55 95 98 98 98 98 98 168 81 488 44
453 318 318 497 119 168 202 44 44 358 44 324 119 460 132 324 119 114 114 114
168 202 44 44 358 44 299 55 106 356 356 453 318 318 497 119 168 202 44 44
168 202 44 44 358 44 324 119 460 132 324 119 81 8 8 318 24 24 95 55
453 477 8 8 488 51 477 252 8 8 488 51 8 8 477 252 488 51 252 24
299 55 106 356 356 453 318 318 497 119 168 202 44 44 358 44 324 119 460 132
98 98 98 168 81 488 51 477 252 81 81 252 51 477 252 252 51 252 24 95
356 356 453 453 453 497 119 168 202 44 44 358 44 324 119 460 132 324 119 114
356 421 421 421 421 55 299 55 497 119 168 202 44 44 358 44 299 55 106 128
98 477 81 488 51 477 252 81 488 51 81 306 252 252 51 252 24 95 240 24
356 356 453 318 318 497 119 168 202 44 44 358 44 324 119 460 132 324 119 114
453 24 24 95 55 95 90 90 90 90 90 477 8 252 51 477 252 8 8 488
324 204 114 132 114 114 318 24 24 95 299 55 55 95 90 90 90 90 90 477
356 356 318 318 318 497 119 168 202 44 240 358 44 324 119 460 132 324 119 114
252 51 477 252 81 488 51 477 81 252 252 51 252 24 95 240 24 95 90 90
324 119 81 8 8 318 24 24 95 55 95 90 90 90 90 90 168 81 306 51
55 299 497 119 168 202 44 44 358 44 299 55 106 356 356 453 453 453 497 119
119 460 132 324 119 81 8 8 24 24 240 95 55 95 90 90 90 90 90 168
456 456 456 95 90 90 90 90 306 393 306 306 240 393 240 90 306 306 240 477
306 44 324 119 460 324 119 114 132 114 114 24 24 95 240 55 95 90 90 90
356 356 453 318 318 497 119 168 202 44 44 358 44 324 119 460 132 324 119 81
90 168 81 81 306 51 477 306 306 393 306 306 240 81 81 393 240 306 306 240
421 421 55 299 55 497 119 168 202 44 44 358 44 299 55 55 204 204 106 356
55 106 356 356 318 318 453 497 119 168 202 44 44 358 44 324 119 460 132 324
24 24 240 95 55 95 90 90 90 90 90 168 81 488 51 477 252 81 81 306
318 24 24 95 299 55 55 95 90 90 90 90 90 477 8 488 51 477 252 8
421 421 55 299 497 119 168 358 44 44 358 44 299 55 106 356 356 453 318 453
202 44 44 358 44 324 119 460 132 324 119 81 8 8 24 24 453 95 55 95
55 95 90 90 90 90 90 477 8 252 51 477 252 8 488 51 8 477 488 252
119 81 8 8 318 24 24 95 55 95 90 90 90 90 90 168 81 306 51 477
24 240 81 81 393 240 306 306 240 306 477 81 81 477 477 252 306 306 51 306
44 44 202 44 299 55 106 128 356 128 356 453 318 318 497 119 168 202 44 44
453 318 453 318 55 299 497 119 168 202 44 44 306 306 44 324 119 460 324 204
95 55 55 299 456 456 456 456 456 456 456 456 456 456 55 306 240 306 358 240
55 106 356 356 453 318 453 497 119 168 202 44 44 358 44 324 119 460 132 324
324 119 460 132 324 119 81 81 81 453 90 24 95 299 55 55 95 98 98 98
306 24 240 81 81 393 240 306 306 240 306 477 81 81 477 477 252 306 306 51
453 95 95 90 90 90 90 90 477 8 488 51 477 252 8 8 488 51 477 252
132 324 119 114 114 114 318 24 24 95 55 95 90 90 90 90 90 477 8 488
98 98 98 98 168 81 488 44 477 252 81 252 51 81 477 252 252 51 252 24
55 106 356 356 318 318 318 497 119 168 358 44 240 358 44 324 119 460 132 324
95 299 55 55 95 90 90 90 90 90 477 8 488 51 477 252 8 488 51 8
456 456 456 456 456 456 306 393 306 306 240 306 240 393 240 306 358 306 240 306
456 456 456 95 90 90 90 90 306 393 306 306 240 393 240 90 306 306 240 477
240 306 306 393 456 456 456 456 456 456 456 456 456 456 95 90 90 90 90 90
356 356 421 421 55 299 497 119 168 358 44 44 358 44 299 55 106 356 356 318
55 95 90 90 90 90 90 168 81 488 51 477 252 81 81 306 477 477 488 488
356 356 318 318 55 299 497 119 168 358 44 44 358 44 324 119 460 132 324 119
