624 624 624 719 1113 719 613 1938 741 1475 1362 1362 1475 1281 1113 719 719 1242 1242 664
741 1475 1362 1362 1609 1362 1113 719 664 1934 1934 1546 1546 1546 613 1938 741 1475 1281 1362
1609 1281 1113 719 664 1934 1934 1546 1546 1546 613 1938 741 1475 1281 1362 1609 1362 26 1065
613 1938 741 1475 1281 1362 1609 1362 26 1065 1925 1851 26 1239 1237 1237 1237 1237 1237 1237
624 719 1113 613 1938 741 1475 1281 1362 1609 1281 1113 719 664 1934 1934 1546 1546 1546 613
376 412 376 1156 387 1546 1156 387 32 32 32 32 32 1243 1196 466 412 412 376 1196
719 613 1065 741 1475 1362 1362 1475 1281 1113 719 719 1242 1242 664 1934 1934 1934 1934 1546
613 1065 741 1475 1362 1362 1475 1281 1113 767 767 1242 1242 664 1934 1934 1934 1934 1546 1546
719 387 32 32 32 32 32 1243 1196 376 412 412 376 1196 376 412 1243 1196 376 376
1475 1281 1362 1609 1362 1113 767 664 1934 1934 1934 1934 1546 1546 1546 613 1938 741 1475 1281
1546 1546 1546 613 1938 741 1475 1281 1362 1609 1609 1362 26 1065 1925 1851 26 1938 1196 1196
1237 1237 1237 1237 1237 1237 1546 1156 1156 387 767 767 1113 1232 1232 1232 1232 1232 1232 1232
1196 1196 1546 1156 1156 387 767 387 32 32 32 32 32 1243 1196 466 412 1243 376 1196
1239 1237 1851 1237 1237 1156 1156 387 1546 767 387 32 32 32 32 32 1243 1196 466 412
1934 1934 1934 1546 1546 1546 613 1938 741 1475 1281 1362 1475 1281 26 1065 1925 1851 26 1938
624 719 1113 613 1065 741 1475 1362 1362 1609 1362 1113 719 664 1934 1934 1546 1546 1546 613
387 1113 719 1546 1156 719 387 32 32 32 32 32 1243 1196 466 412 412 376 1196 376
1934 1546 1546 1546 613 1938 741 1475 1281 1362 1609 1609 1362 26 1065 1925 1851 26 1938 1196
1156 1156 1546 387 387 32 32 32 32 32 1243 1196 466 412 412 376 1196 1196 466 412
1934 624 624 719 1113 613 1239 741 1475 1281 1362 1609 1281 1113 719 664 1934 1934 1546 1546
1851 26 1938 1196 1196 1196 1156 1156 1546 387 767 387 32 32 32 32 32 1243 1196 466
376 376 412 376 1156 387 1546 1156 387 32 32 32 32 32 1243 1196 466 412 1243 376
1239 741 1475 1362 1362 1609 1281 26 1065 1925 1851 26 1938 1196 1196 1196 1546 1156 1156 387
169 169 169 169 169 169 169 169 169 719 112 181 112 112 1061 181 1061 112 112 1061
741 1475 1362 1362 1609 1609 1362 26 1065 1925 1851 26 1938 1196 1196 1196 1156 1156 1546 387
1237 1546 1156 1156 387 1113 719 719 387 32 32 32 32 32 1243 1196 466 412 412 376
613 1239 742 1475 1362 1362 1609 1362 1113 719 664 1934 1934 1546 1546 1546 613 1239 741 1475
1934 1546 1546 1546 613 1065 741 1475 1281 1362 1609 1609 1362 26 1065 1925 26 1239 1237 1851
112 1061 1061 181 1061 112 112 1061 112 1061 112 112 1061 181 1061 112 112 1061 169 169
1281 1113 719 664 1934 1934 1546 1546 1546 613 1065 741 1475 1281 1362 1609 1281 26 1065 1925
1546 1156 1339 1339 1546 1243 1196 1196 466 412 412 376 1196 1196 376 412 1196 1196 1243 376
1281 1362 1609 1281 1113 719 664 1934 1934 1546 1546 1546 613 1065 741 1475 1281 1362 1609 1609
1546 181 1546 32 1339 1339 1546 1243 1196 1196 466 412 412 376 1196 1196 376 412 1196 1196
1061 112 112 1061 169 169 169 169 169 169 169 169 169 169 387 32 32 32 1339 1061
1196 1546 1156 1156 387 1113 719 1546 1156 719 387 32 32 32 32 32 1243 1196 466 412
412 1196 1196 1243 412 1339 1339 1339 412 1339 387 1934 1546 1156 387 1113 719 1934 1934 1156
32 32 1243 1196 466 412 1243 376 1196 1196 376 412 1243 376 376 412 376 1156 387 1113
1156 387 767 387 32 32 32 32 32 1243 1196 466 412 412 376 1196 1196 376 412 1243
1934 624 624 719 1113 613 1938 741 1475 1362 1362 1609 1281 1113 719 664 664 1934 1934 1546
624 624 719 1113 613 1938 741 1475 1362 1362 1609 1362 1113 719 664 1934 1934 1546 1546 1546
1196 466 412 412 376 1196 1237 376 412 742 376 376 412 376 1156 387 1113 767 1546 1546
1339 1546 1339 1243 742 1196 1243 412 1339 1339 1339 412 1339 387 1934 1546 1156 387 1113 719
719 613 1938 741 1475 1281 1362 1609 1362 1113 767 664 1934 1934 1934 1934 1546 1546 1546 613
1156 1546 387 719 387 32 32 32 32 32 1243 1196 466 412 1243 376 1196 1196 466 412
32 32 32 1243 1196 466 412 412 376 1196 1196 376 412 1243 376 376 412 376 1156 387
26 1239 1237 1851 1237 1237 1546 1156 1156 387 1113 767 767 387 32 32 32 32 32 1243
1113 767 664 1934 1934 1934 1934 1546 1546 1546 613 1938 741 1475 1281 1362 1475 1281 26 1938
169 169 169 169 112 1061 112 112 112 1061 1061 181 1061 112 112 1061 112 1061 112 112
1243 412 1339 1339 1339 412 1339 387 1934 1546 1156 387 1113 719 1934 1934 1156 1546 1609 32
1113 719 664 1934 1934 1546 1546 1546 613 1239 741 1475 1362 1362 1609 1281 26 1065 1925 1851
1934 1934 624 624 624 624 719 1113 719 613 1938 741 1475 1362 1362 1475 1281 1113 719 719
624 624 719 1113 719 613 1938 741 1475 1362 1362 1475 1281 1113 719 719 1242 1242 664 1934
1065 1925 26 1239 1237 1851 1237 1237 1546 1156 1156 387 1113 719 719 387 32 32 32 32
1061 26 1156 387 719 719 1113 169 169 169 169 169 169 169 169 169 169 719 112 1061
1925 1851 26 1938 1196 1196 1196 1156 1156 1546 387 767 387 32 32 32 32 32 1243 1196
741 1475 1362 1362 1609 1362 1113 719 664 1934 1934 1546 1546 1546 613 1938 741 1475 1281 1362
1934 1546 1546 613 1938 741 1475 1281 1362 1609 1362 26 1065 1925 1851 26 1938 1196 1196 1196
32 32 32 32 32 1243 1196 466 412 412 376 1196 1196 376 412 1243 376 376 412 376
376 1156 387 1546 1546 1196 387 32 32 32 32 32 1243 1196 1196 466 412 1243 376 1196
1281 1362 1609 1281 1113 719 664 1934 1934 1546 1546 1546 613 1065 741 1475 1281 1362 1609 1362
664 1934 1934 1546 1546 613 1938 741 1475 1281 1362 1609 1362 26 1065 1925 1851 26 1938 1196
1065 1925 1851 26 1938 1196 1237 1237 1546 1156 1156 387 767 387 32 32 32 32 32 1243
1934 624 624 624 719 1113 613 1239 741 1475 1281 1362 1609 1281 1113 719 664 1934 1934 1546
1362 1609 1362 26 1065 1925 1851 26 1239 1237 1237 1237 1237 1237 1237 1546 1156 1156 387 767
26 1938 1237 1237 1237 1546 1156 1156 387 719 387 32 32 32 32 32 1243 1196 376 412
1851 1237 1237 1242 1156 387 1546 719 719 1113 1232 1232 1232 1232 1232 1232 1232 1232 1232 1232
767 664 1934 1934 1546 1546 1546 613 1065 741 1475 1281 1362 1609 1609 1362 26 1065 1925 26
1934 624 624 624 624 719 1113 719 613 1065 741 1475 1362 1362 1475 1281 1113 719 719 1242
1475 1281 1362 1609 1609 1362 26 1065 1925 26 1239 1237 1851 1237 1237 1546 1156 1156 387 1113
169 169 169 169 169 169 169 169 169 112 1061 112 112 112 1061 1061 181 1061 112 112
1237 1237 1237 1546 1156 1156 387 719 387 32 32 32 32 32 1243 1196 376 412 412 376
613 1938 741 1475 1281 1362 1609 1609 1362 26 1065 1925 1851 26 1938 1196 1196 1196 1546 1156
1196 1196 1237 1196 1237 1196 1546 26 1156 387 719 767 1113 1232 1113 1232 1232 1232 1232 1232
1546 1156 387 1113 719 1934 1934 1156 1546 387 32 32 32 32 32 1243 1196 1196 466 412
1281 1113 719 664 1934 1934 1546 1546 1546 613 1239 741 1475 1362 1362 1609 1281 26 1065 1925
1546 1156 1156 387 767 387 32 32 32 32 32 1243 1196 466 412 412 376 1196 1196 376
741 1475 1281 1362 1609 1362 26 1065 1925 1851 26 1239 1237 1237 1237 1237 1237 1237 1546 1156
1546 719 1113 613 1938 741 1475 1362 1362 1609 1609 1362 26 1065 1925 1851 26 1938 1196 1196
624 719 1113 613 1938 741 1609 1281 1362 1609 1281 1113 719 664 1934 1934 1546 1546 1546 613
1934 1239 1934 624 624 624 624 719 1113 719 613 1938 741 1475 1281 1362 1475 1281 1113 719
1934 1546 1546 1546 613 1938 741 1475 1362 1362 1609 1362 26 1065 1925 1851 26 1938 1196 1196
1362 1609 1362 1113 719 664 1934 1934 1546 1546 1546 613 1938 741 1475 1281 1362 1609 1609 1362
664 1934 1934 1546 1546 1546 613 1239 741 1475 1281 1362 1609 1281 26 1065 1925 1851 26 1938
169 169 169 169 169 169 169 112 1061 112 112 112 1061 1061 181 1061 112 112 1061 112
32 1243 1196 376 412 412 376 1196 376 412 1243 1196 376 376 412 376 1156 387 1546 1156
1546 613 1239 741 1475 1362 1362 1609 1281 26 1065 1925 1851 26 1938 1196 1196 1196 1546 1156
387 1546 767 387 32 32 32 32 32 1243 1196 466 412 412 376 1196 376 1243 1196 1243
1237 1237 1237 1237 1237 1546 1156 1156 387 767 767 1113 1232 1232 1232 1232 1232 1232 1232 1232
1281 1362 1609 1281 26 1065 1925 1851 26 1938 1237 1237 1237 767 1156 1156 1546 387 387 32
1156 387 1546 1156 387 32 32 32 32 32 1243 1196 466 1362 412 376 1196 1196 466 412
1546 1546 1546 613 1239 741 1475 1362 1362 1609 1281 26 1065 1925 1851 26 1938 1196 1196 1196
1281 1362 1609 1281 1113 719 664 1934 1934 1546 1546 1546 613 1065 741 1475 1281 1362 1609 1609
1113 767 664 1934 1934 1934 1934 1546 1546 1546 613 1938 741 1475 1281 1362 1475 1281 26 1938
1239 1237 1237 1237 1237 1851 1237 1237 1156 1156 387 1546 719 719 1113 1232 1232 1232 1232 1232
719 1113 169 1113 169 169 169 169 169 169 169 169 169 112 1061 112 112 112 1061 1061
613 1239 741 1609 1362 1362 1609 1281 1113 719 664 1934 1934 1546 1546 1546 613 1938 741 1475
1609 1281 1113 719 664 1934 1934 1546 1546 1546 613 1938 741 1475 1281 1362 1609 1609 1362 26
1061 1061 181 1061 112 112 1061 112 1061 112 112 1061 181 1061 112 112 1061 169 169 169
1281 1362 1609 1609 1362 26 1065 1925 1851 26 1938 1196 1196 1196 1546 1156 1156 387 1113 719
181 1061 181 181 181 1061 112 181 112 1061 112 1061 181 1061 112 112 1061 1061 181 112
1938 741 1475 1281 1281 1609 1609 1362 26 1065 1925 26 1239 1237 1237 1237 1237 1851 1237 1237
624 624 624 624 719 1113 719 613 1938 741 1475 1281 1362 1609 1362 1113 767 664 1934 1934
1232 1232 1232 1232 1232 387 32 32 32 32 32 1243 1196 1232 466 412 412 1339 1339 412
1362 1609 1362 26 1065 1925 1851 26 1239 1237 1237 1237 1546 1156 1156 387 767 387 1156 32
181 1061 181 181 181 1061 112 181 112 1061 112 1061 181 1061 112 112 1061 1061 181 112
767 1113 613 1239 741 1475 1281 1362 1609 1281 1113 767 664 1934 1934 1546 1546 1546 613 1239
1113 719 664 1934 1934 1546 1546 1546 613 1938 741 1475 1281 1362 1609 1609 1362 26 1065 1925
1113 719 664 1934 1934 1546 1546 1546 613 1239 741 1475 1281 1362 1609 1281 26 1065 1925 1851
1196 1243 376 376 412 376 1156 387 1546 1196 387 32 32 32 32 32 1243 1196 466 412
32 32 1243 1196 466 412 412 376 1196 376 1243 1196 1243 412 376 376 376 412 376 387
1156 1156 387 1113 719 719 387 32 32 32 32 32 1243 1196 466 412 412 376 1196 376
1065 1925 1851 26 1938 1196 1196 1196 1546 1156 1156 387 767 387 32 32 32 32 32 1243
1934 1934 1546 1546 1546 613 1938 741 1475 1281 1362 1609 1362 26 1065 1925 1851 26 1938 1237
1065 1925 26 1239 1237 1851 1237 1237 1156 1156 387 1546 767 387 32 32 32 32 32 1243
1609 1281 26 1065 1925 1851 26 1938 1237 1237 1237 1546 1156 1156 387 767 387 32 32 32
112 181 1061 181 1061 112 112 1061 169 169 169 169 169 169 169 169 169 169 112 1061
32 32 32 32 32 1243 1196 466 412 412 376 1196 376 412 1196 1243 376 376 412 376
1061 112 112 1061 112 1061 112 112 1061 181 1061 112 112 1061 169 169 169 169 169 169
1934 1934 1546 1546 1546 613 1938 741 1475 1281 1362 1609 1362 26 1065 1925 1851 26 1938 1237
719 719 1113 169 169 169 169 169 169 169 169 169 169 719 112 1061 112 112 1061 181
32 32 32 32 1243 1196 466 412 412 376 1196 1196 376 412 1243 376 376 412 376 1156
1934 1546 1156 387 1113 719 1934 1934 1156 1546 387 32 32 32 32 32 1243 1196 1196 466
1546 387 719 387 32 32 32 32 32 1243 1196 466 412 1243 376 1196 1196 466 412 1243
1546 1546 613 1938 741 1609 1362 1362 1609 1281 26 1065 1925 1851 26 1065 1237 1237 1237 1546
1196 376 376 412 376 1156 387 1546 1156 387 32 32 32 32 32 1243 1196 466 412 1243
742 181 1061 1339 1339 1061 1339 1339 181 181 1243 1339 1339 1339 1339 412 1339 1609 1934 1061
664 664 1934 1934 1546 1546 719 1113 613 1938 741 1475 1281 1362 1609 1281 26 1065 1925 1851
1065 741 1475 1281 1362 1609 1281 26 1065 1925 1851 26 1938 1196 1196 1196 1156 1156 1546 387
1232 1232 1232 1232 1232 387 32 32 32 32 32 1243 1196 1232 466 412 412 1339 1339 412
1339 1339 1061 181 181 181 1061 1339 1339 1061 1339 1339 181 181 181 1339 1339 1339 1339 412
613 1938 741 1475 1281 1362 1609 1609 1362 26 1065 1925 1851 26 1938 1196 1196 1196 1546 1156
1237 1237 1237 1546 26 1156 387 719 719 1113 1232 1232 1232 1232 1232 1232 1232 1232 1232 1232
719 169 169 169 169 169 169 169 169 169 112 1061 112 112 112 1061 1061 181 1061 112
1281 1362 1609 1609 1362 1113 719 664 1934 1934 1546 1546 1546 613 1938 741 1475 1362 1362 1609
169 169 169 169 169 719 112 1061 112 112 1061 181 1061 112 112 1061 169 169 169 169
613 1065 741 1475 1281 1362 1609 1281 1113 719 664 1934 1934 1546 1546 1546 613 1065 741 1475
181 112 1061 112 1061 181 1061 112 1339 1061 1061 181 1339 181 112 181 1061 181 1061 112
1196 1196 1243 412 1339 1339 1339 412 1339 387 1934 1546 1156 387 1113 719 1934 1934 1156 1546
767 1113 613 1938 741 1475 1281 1281 1609 1609 1362 26 1065 1925 26 1239 1237 1237 1237 1237
169 169 169 169 169 169 169 169 169 112 1061 112 112 112 1061 1061 181 1061 112 112
112 1061 112 112 1061 181 1061 112 112 1061 169 169 169 169 169 169 169 169 169 169
664 1934 1934 1546 1546 719 1113 613 1938 741 1475 1281 1362 1609 1281 26 1065 1925 1851 26
1546 1546 613 1239 741 1609 1281 1362 1609 1281 26 1065 1925 1851 26 1239 1196 1196 1196 1546
1196 376 412 1196 1196 1243 376 376 412 376 1156 387 1546 1546 1196 387 32 32 32 32
613 1065 741 1475 1281 1362 1609 1281 26 1065 1925 1851 26 1938 1196 1196 1196 1156 1156 1546
1281 1609 1281 26 1065 1925 1851 26 1938 1237 1237 1237 1546 1156 1156 387 719 387 32 32
32 32 1243 1196 466 412 412 376 1196 376 412 1196 1243 376 376 412 376 1156 387 1546
169 169 169 169 169 169 169 169 387 32 32 32 1339 1061 112 112 1061 181 1061 32
1934 1934 1546 1546 1546 613 1938 741 1475 1281 1362 1475 1281 26 1065 1925 1851 26 1938 1196
613 1938 741 1475 1362 1362 1609 1362 1113 767 664 1934 1934 1546 1546 1546 1546 719 1113 613
1113 719 664 1934 1934 1546 1546 1546 613 1938 741 1475 1281 1362 1609 1609 1362 26 1065 1925
376 412 412 376 1196 376 412 1243 1196 376 376 412 376 1156 387 1546 1156 387 32 32
1196 1546 26 1156 387 719 719 1113 1232 1113 1232 1232 1232 1232 1232 1232 1232 1232 1232 1339
1609 1281 1362 1609 1281 1113 719 664 1934 1934 1546 1546 1546 613 1065 741 1475 1281 1362 1609
1938 741 1475 1281 1362 1609 1281 26 1065 1925 1851 26 1938 1196 1196 1196 1546 1156 1156 387
1934 624 624 624 624 719 1113 719 613 1938 741 1475 1281 1362 1475 1281 1113 719 664 1934
624 624 624 624 719 1113 719 613 1938 741 1475 1362 1362 1475 1281 1113 719 719 1242 1242
169 169 169 169 169 169 169 169 169 169 387 32 32 32 1339 1061 112 112 1061 181
624 624 719 1113 613 1938 741 1475 1362 1362 1609 1281 1113 719 664 1934 1934 1546 1546 1546
1934 1239 1934 624 624 624 624 719 1113 719 613 1065 741 1475 1362 1362 1475 1281 1113 719
1362 1609 1609 1362 1113 719 664 1934 1934 1546 1546 1546 613 1938 741 1475 1362 1362 1609 1362
664 1934 1934 1934 1934 1546 1546 1546 767 1113 1546 613 1938 741 1475 1362 1362 1609 1281 26
412 412 1339 1339 1061 1339 1339 1061 181 181 181 1061 1339 1339 1061 1339 1339 181 181 1243
1934 1239 1934 624 624 624 624 719 1113 719 613 1938 741 1475 1281 1362 1475 1281 1113 719
1475 1281 1362 1609 1609 1362 26 1065 1925 1851 26 1938 1196 1196 1196 1546 1156 1156 387 387
624 624 719 1113 719 613 1938 741 1475 1281 1362 1609 1362 1113 767 664 1934 1934 1934 1934
26 1156 1339 719 719 1113 169 169 169 169 169 169 169 169 169 169 719 112 1061 112
767 664 1934 1934 1546 1546 1546 613 1239 741 1475 1281 1362 1609 1281 26 1065 1925 1851 26
1938 741 1475 1281 1362 1475 1281 1113 719 664 1934 1934 1934 1934 1546 1546 1546 613 1938 741
26 1065 1925 1851 26 1938 1237 1237 1237 767 1156 1156 1546 387 387 32 32 32 32 32
1281 1362 1609 1281 26 1065 1925 1851 26 1938 1237 1237 1237 767 1156 1156 1546 387 387 32
664 1934 1934 1546 1546 1546 613 1065 741 1475 1281 1362 1609 1609 1362 26 1065 1925 26 1239
1609 1281 26 1938 1925 1851 26 1938 1196 1196 1196 1546 1156 1156 387 767 387 32 32 32
613 1239 741 1475 1281 1362 1609 1281 26 1065 1925 1851 26 1938 1196 1196 1196 1546 1156 1156
26 1065 1925 1851 26 1938 1196 1196 1196 1546 1156 1156 387 719 387 32 32 32 32 32
181 1061 112 112 1061 169 169 169 169 169 169 169 169 169 169 112 1061 112 112 1061
1242 664 1934 1934 1934 1934 1546 1546 1546 767 1113 1546 613 1938 742 1475 1362 1362 1609 1281
1938 1237 1237 1237 1546 1156 1156 387 767 387 32 32 32 32 32 1243 1196 376 412 412
412 376 1196 376 412 1196 742 376 376 412 376 1156 387 1113 719 1546 1156 613 1938 741
1609 1281 1113 719 664 1934 1934 1546 1546 1546 613 1938 741 1475 1281 1362 1609 1362 26 1065
1156 387 1546 1546 1196 387 32 32 32 32 32 1243 1196 1196 466 412 1243 376 1196 1196
1196 1196 1237 1196 1546 26 1156 387 719 719 1113 1232 1113 1232 1232 1232 1232 1232 1232 1232
1065 1925 1851 26 1938 1237 1237 1237 767 1156 1156 1546 387 387 32 32 32 32 32 1243
767 387 1156 32 32 32 32 1243 1196 466 412 412 376 1196 1196 376 412 1243 376 376
1546 1546 1546 613 1239 741 1475 1362 1362 1609 1281 26 1065 1925 1851 26 1938 1196 1196 1196
1065 1925 1851 26 1239 1237 1237 1237 1237 1237 1237 1546 1156 1156 387 767 767 1113 1232 1232
112 112 1061 169 169 169 169 169 169 169 169 169 169 387 1232 1232 1232 1232 1232 1243
112 181 1061 181 1061 112 112 1061 169 169 169 169 169 169 169 169 169 169 112 1061
664 1934 1934 1546 1546 1546 613 1938 741 1475 1281 1362 1609 1281 26 1065 1925 1851 26 1938
1065 1925 1851 26 1938 1196 1196 1237 1237 1237 1237 1546 1156 1156 387 719 767 1113 1232 1113
624 624 719 1113 613 1239 741 1475 1362 1362 1609 1281 1113 719 664 1934 1934 1546 1546 1546
1281 1362 1609 1281 1113 719 664 1934 1934 1546 1546 1546 613 1065 741 1475 1281 1362 1609 1362
1196 1196 1546 1156 1156 387 387 32 32 32 32 32 1243 1196 466 412 1243 376 1196 376
1232 1232 1232 1232 1232 1232 1232 1232 1232 387 32 32 32 32 32 1243 1232 1232 466 412
1546 1546 1546 1546 719 1113 613 1938 741 1475 1281 1281 1609 1609 1362 26 1065 1925 26 1239
26 1239 1237 1237 1237 1546 1156 1156 387 767 387 32 32 32 32 32 1243 1196 466 412
376 387 1934 1546 1156 387 1113 719 1934 1934 1156 1546 387 32 32 32 32 32 1243 1196
376 1156 387 1546 1156 387 32 32 32 32 32 1243 1196 466 1281 412 376 1196 1196 376
26 1065 1925 1851 26 1938 1196 1196 1196 1156 1156 1546 387 1934 387 1113 719 1546 1546 1156
181 1061 112 181 112 1061 112 1061 181 1061 112 112 1061 1061 181 112 181 112 181 1061
169 169 169 169 169 719 112 1061 112 112 1061 181 1061 112 112 1061 169 169 169 169
169 169 169 112 181 112 112 1061 112 1061 181 1061 112 112 112 1061 112 1061 181 1061
169 169 169 719 112 1061 112 112 1061 181 1061 112 112 1061 169 169 169 169 169 169
1061 112 1061 181 1061 112 1609 1061 1061 181 1339 181 112 181 1061 181 1061 112 112 1061
32 32 32 32 32 1243 1196 466 412 412 376 1196 1609 1243 1196 1243 412 376 376 376
26 1065 1925 1851 26 1938 1196 1196 1237 1237 1237 1237 1546 1156 1156 387 767 767 1113 1232
1339 1339 1061 181 181 181 1061 1339 1339 1061 1339 1339 181 181 181 1339 1339 1339 1339 412
1196 1196 1196 1546 1156 1156 387 1113 719 767 387 32 32 32 32 32 1243 1196 466 412
624 719 1113 613 1938 741 1475 1362 1362 1609 1281 1113 719 664 1934 1934 1546 1546 1546 613
1938 1196 1196 1196 1546 1156 1156 387 387 32 32 32 32 32 1243 1196 466 412 1243 376
1925 1851 26 1938 1237 1237 1237 1237 1237 1237 1546 1156 1156 387 719 719 1113 1232 1232 1232
1232 1232 1232 1232 1232 387 32 32 32 32 32 1243 1196 1232 466 412 412 1339 1339 412
1934 624 624 719 1113 613 1239 741 1475 1362 1362 1609 1281 1113 719 664 1934 1934 1546 1546
32 1243 1196 466 412 412 376 1196 1196 376 412 1243 376 376 412 376 1156 387 1113 767
719 387 32 32 32 32 32 1243 1196 466 412 1243 376 1196 1196 466 412 1243 376 376
1934 1934 624 624 624 719 1113 613 1065 741 1475 1362 1281 1609 1362 1113 719 664 1934 1934
1546 613 1938 741 1475 1281 1362 1609 1609 1362 26 1065 1925 1851 26 1938 1196 1196 1196 1546
624 624 719 1113 613 1239 741 1475 1281 1362 1609 1281 1113 719 664 1934 1934 1546 1546 1546
1232 1232 1232 1232 1232 1232 1232 1232 1232 387 32 32 32 32 32 1243 1232 1232 466 412
767 664 1934 1934 1546 1546 1546 1546 613 1938 741 1475 1281 1362 1609 1609 1281 26 1065 1925
32 32 32 32 1243 1196 466 412 1243 376 1196 1196 1609 412 1243 376 376 412 376 1546
1475 1281 1362 1475 1281 26 1065 1925 1851 26 1938 1196 1196 1237 1237 1237 1196 1546 1156 1156
1065 1925 1851 26 1239 1237 1237 1237 1546 1156 1156 387 767 387 32 32 32 32 32 1243
1546 1156 1156 387 767 387 32 32 32 32 32 1243 1196 466 412 1243 376 1196 1196 376
719 1113 613 1065 741 1475 1362 1362 1609 1362 1113 719 664 1934 1934 1546 1546 1546 613 1938
624 624 624 719 1113 719 613 1938 741 1475 1281 1362 1475 1281 1113 719 664 1934 1934 1934
1156 387 32 32 32 32 32 1243 1196 1196 466 412 412 376 1196 1196 466 412 1196 1196
376 1196 1196 376 412 1196 1196 1243 376 376 412 376 1156 387 1546 1546 1196 387 32 32
1546 1156 1156 387 1113 719 719 387 32 32 32 32 32 1243 1196 466 412 412 376 1196
1156 387 767 387 32 32 32 32 32 1243 1196 466 412 412 376 1196 1196 376 412 1243
1546 1546 1546 719 1113 613 1938 741 1475 1281 1281 1609 1609 1362 26 1065 1925 26 1239 1237
1851 26 1938 1196 1196 1237 1196 1237 1237 1546 1156 1156 387 719 719 1113 1232 1113 1232 1232
1851 26 1239 1237 1237 1237 1546 1156 1156 387 767 387 32 32 32 32 32 1243 1196 466
624 624 624 624 719 1113 719 613 1938 741 1475 1362 1362 1475 1281 1113 719 719 1242 1242
1546 1546 1546 613 1938 741 1475 1281 1362 1609 1362 26 1065 1925 1851 26 1239 1237 1237 1237
1237 1237 1237 1237 1546 1156 1156 387 767 767 1113 1232 1232 1232 1232 1232 1232 1232 1232 1232
1156 387 1546 1546 1196 387 32 32 32 32 32 1243 1196 1196 466 412 1243 376 1196 1196
1281 1362 1609 1609 1362 1113 719 664 1934 1934 1546 1546 1546 613 1938 741 1475 1362 1362 1609
376 412 376 1156 387 1546 1156 387 32 32 32 32 32 1243 1196 466 412 1243 376 1196
1156 387 719 719 1113 1232 1232 1232 1232 1232 1232 1232 1232 1232 1232 719 1339 1339 112 112
1546 1546 719 1113 613 1938 741 1475 1362 1362 1609 1609 1362 26 1065 1925 1851 26 1938 1196
1546 1546 1546 613 1239 741 1475 1362 1362 1609 1281 26 1065 1925 1851 26 1938 1196 1196 1196
1196 1243 376 376 412 376 1156 387 1546 1546 1196 387 32 32 32 32 32 1243 1196 1196
1339 1339 1339 412 1339 387 1934 1546 1156 387 1113 719 1934 1934 1156 1546 1609 32 32 32
1237 1851 1237 1237 1156 1156 387 1546 719 719 1113 1232 1232 1232 1232 1232 1232 1232 1232 1232
719 1113 169 1113 169 169 169 169 169 169 169 169 169 112 1061 112 112 112 1061 1061
1934 624 624 624 719 1113 613 1065 741 1475 1362 1281 1609 1362 1113 719 664 1934 1934 1546
466 412 412 376 1196 1196 376 412 1243 376 376 412 376 1156 387 1546 1156 387 32 32
387 767 387 32 32 32 32 32 1243 1196 466 412 412 376 1196 1196 376 412 1243 376
613 1239 741 1475 1362 1362 1609 1281 1113 719 664 1934 1934 1546 1546 1546 613 1938 741 1475
1934 624 624 624 624 719 1113 719 613 1938 741 1475 1362 1362 1475 1281 1113 719 719 1242
169 169 169 719 112 1243 112 112 1061 181 1061 112 112 1061 169 169 169 169 169 169
112 1061 112 1061 112 112 1061 181 1061 112 112 1061 169 169 169 169 169 169 169 169
169 169 169 169 169 719 112 1061 112 112 1061 181 1061 112 112 1061 169 169 169 169
1609 1362 1362 1609 1281 1113 719 664 1934 1934 1546 1546 1546 613 1938 741 1475 1362 1362 1609
1362 1609 1362 1113 719 664 1934 1934 1546 1546 1546 613 1239 741 1475 1362 1362 1609 1281 26
624 719 1113 719 613 1938 741 1475 1362 1362 1475 1281 1113 719 719 1242 1242 664 1934 1934
1113 719 664 1934 1934 1546 1546 1546 613 1239 741 1475 1281 1362 1609 1281 26 1065 1925 1851
181 1061 112 112 1061 112 1061 112 112 1061 181 1061 112 112 1061 169 169 169 169 169
1237 1546 1156 1156 387 767 387 1156 32 32 32 32 1243 1196 466 412 412 376 1196 1196
719 613 1065 741 1475 1362 1362 1475 1281 1113 719 719 1242 1242 664 1934 1934 1934 1934 1546
1934 1934 1934 1934 1546 1546 1546 613 1938 741 1475 1281 1362 1475 1281 26 1065 1925 1851 26
1232 1232 1609 32 32 32 32 1339 1061 1339 181 1061 181 1061 32 112 112 1061 1243 1196
1237 1851 1237 1237 1546 1156 1156 387 1113 767 767 387 32 32 32 32 32 1243 1196 466
1362 1362 1609 1281 26 1065 1925 1851 26 1938 1237 1237 1237 1546 1156 1156 387 719 387 32
1934 1934 1934 1546 1546 1546 719 1113 1546 613 1938 741 1475 1362 1362 1609 1281 26 1065 1925
169 169 169 169 169 169 169 169 169 112 1362 112 112 1061 112 1061 181 1061 112 112
1065 741 1475 1362 1362 1609 1281 1113 767 719 1242 1242 664 1934 1934 1934 1934 1546 1546 1546
32 32 32 1243 1196 376 412 412 376 1196 1196 376 412 1243 376 376 412 376 1156 387
1065 1925 26 1239 1237 1237 1237 1237 1851 1237 1237 1156 1156 387 1546 719 719 1113 1232 1232
1362 1609 1281 1113 719 664 1934 1934 1546 1546 613 1938 741 1475 1281 1281 1609 1281 26 1065
112 112 1061 169 169 169 169 169 169 169 169 169 169 387 32 32 32 112 1061 112
1242 1242 664 1934 1934 1934 1934 1546 1546 1546 1546 767 1113 613 1938 741 1475 1281 1281 1609
624 624 719 1113 613 1239 741 1609 1362 1362 1609 1281 1113 719 664 1934 1934 1546 1546 1546
1065 741 1475 1362 1362 1609 1281 1113 719 664 1934 1934 1546 1546 1546 613 1239 742 1475 1281
624 624 624 624 719 1113 719 613 1065 741 1475 1362 1362 1475 1281 1113 719 719 1242 1242
32 32 32 32 32 1243 1196 466 412 1243 376 1196 1196 376 412 1243 376 376 412 376
1156 1156 387 767 387 32 32 32 32 32 1243 1196 466 412 1243 376 1196 1196 376 412
1934 1934 1934 624 624 624 624 719 1113 719 613 1938 741 1475 1281 1362 1609 1362 1113 767
1339 1339 1061 181 181 181 1061 1339 1339 1061 1339 1339 181 181 181 1339 1339 1339 1339 412
412 376 376 412 376 1156 387 1546 1546 1196 387 32 32 32 32 32 1243 1196 1196 466
741 1475 1281 1362 1609 1362 26 1065 1925 1851 26 1239 1237 1237 1237 1237 1237 1237 1546 1156
1546 1156 767 387 32 32 32 32 32 1243 1196 466 412 412 376 1196 376 412 1196 1243
1934 1934 624 624 624 624 624 624 719 1113 613 1065 741 1475 1281 1281 1609 1281 1113 719
1609 1281 26 1065 1925 1851 26 1938 1196 1196 1196 1156 1156 1546 387 767 387 32 32 32
1281 26 1065 1925 1851 26 1938 1237 1237 1237 767 1156 1156 1546 387 387 32 32 32 32
719 613 1938 741 1475 1281 1362 1475 1281 1113 719 664 1934 1934 1934 1934 1546 1546 1546 613
1938 741 1475 1362 1362 1609 1362 1113 719 664 1934 1934 1546 1546 1546 1546 719 1113 613 1938
767 1242 1242 664 1934 1934 1934 1934 1546 1546 1546 1546 767 1113 613 1938 741 1475 1281 1281
387 32 32 32 32 32 1243 1196 1196 466 412 1243 376 1196 1196 1196 1196 376 412 1243
1065 741 1475 1281 1362 1609 1609 1362 26 1065 1925 26 1239 1237 1851 1237 1237 1546 1156 1156
1546 1339 1243 742 1196 1243 412 1339 1339 1339 412 1339 387 1934 1546 1156 387 1113 719 1934
32 32 32 1243 742 181 1339 412 412 1339 1339 1061 1339 1339 1061 1156 1156 181 1061 1339
112 1061 112 112 1061 181 1061 112 112 1061 169 169 169 169 169 169 169 169 169 169
1339 1061 1339 1339 1061 181 1061 32 1339 1339 1061 32 1243 1196 1196 466 412 412 1339 1196
1362 1362 1609 1281 26 1065 1925 1851 26 1938 1237 1237 1237 1237 1237 1237 1546 1156 1156 387
32 32 32 32 32 1243 1196 466 412 1243 376 1196 1609 1546 1196 1243 376 376 412 376
1196 466 412 412 376 1196 376 412 1196 1243 376 376 412 376 1156 387 1113 719 1546 1156
1475 1362 1362 1609 1281 26 1065 1925 1851 26 1938 1237 1237 1237 1546 1156 1156 387 719 387
169 169 169 181 32 32 32 1339 1061 112 112 1061 181 1061 32 112 112 1061 32 1243
664 1934 1934 1934 1934 1546 1546 1546 613 1938 741 1475 1281 1362 1475 1281 26 1065 1925 1851
624 624 719 1113 613 1065 741 1475 1281 1362 1609 1609 1362 1113 719 664 1934 1934 1546 1546
1938 1196 1196 1196 1546 1156 1156 387 387 32 32 32 32 32 1243 1196 466 412 1243 376
169 169 169 169 169 169 169 169 719 112 741 112 112 1061 181 1061 112 112 1061 169
387 719 387 32 32 32 32 32 1243 1196 376 412 412 376 1196 376 412 1243 1196 376
1934 1239 1934 624 624 624 624 719 1113 719 613 1938 741 1475 1281 1362 1475 1281 1113 719
376 387 1934 1546 1156 387 1113 719 1934 1934 1156 1546 387 32 32 32 32 32 1243 1196
169 169 169 719 112 1061 112 112 1061 181 1061 112 112 1061 169 169 169 169 169 169
1925 1851 26 1938 1196 1196 1196 1156 1156 1546 387 767 387 32 32 32 32 32 1243 1196
767 387 32 32 32 32 32 1243 1196 466 412 1243 376 1196 1196 376 412 1243 376 376
32 32 32 32 1243 1196 466 412 412 376 1196 376 412 1196 1243 376 376 412 376 1156
1934 1934 624 624 719 1113 613 1938 741 1475 1281 1362 1609 1281 1113 719 664 1934 1934 1546
32 32 32 32 32 1243 1196 376 412 412 376 1196 376 412 1243 1196 376 376 412 376
1362 1609 1281 26 1065 1925 1851 26 1938 1237 1237 1237 1546 1156 1156 387 767 387 32 32
1938 741 1475 1281 1362 1609 1362 1113 767 664 1934 1934 1239 1934 1546 1546 1546 613 1938 741
1281 1113 719 664 1934 1934 1546 1546 1546 613 1239 741 1475 1281 1362 1609 1281 26 1065 1925
624 624 719 1113 613 1239 741 1475 1362 1362 1609 1281 1113 719 664 1934 1934 1546 1546 1546
1243 1196 466 412 1243 376 1196 1196 1609 412 1243 376 1339 412 376 1546 1156 387 1546 1156
741 1475 1281 1362 1609 1609 1362 1113 719 664 1934 1934 1546 1546 1546 613 1938 741 1475 1362
169 169 169 169 719 112 1061 112 112 1061 181 1061 112 112 1061 169 169 169 169 169
1339 1339 1934 1934 624 624 719 1113 613 1938 741 1609 1281 1362 1609 1281 1113 719 664 1934
412 1243 1196 376 376 412 376 1156 387 1546 1156 387 32 32 32 32 32 1243 1196 466
376 376 412 376 1156 387 1546 1196 387 32 32 32 32 32 1243 1196 466 412 412 376
1113 613 1239 742 1475 1362 1362 1609 1362 1113 719 664 1934 1934 1546 1546 1546 613 1239 741
741 1475 1362 1362 1609 1281 1113 719 664 664 1934 1934 1546 1546 719 1113 613 1938 741 1475
624 624 719 1113 613 1239 741 1609 1362 1362 1609 1281 1113 719 664 1934 1934 1546 1546 1546
1934 624 624 624 624 719 1113 719 613 1065 741 1475 1362 1362 1475 1281 1113 719 719 1242
719 112 1061 112 112 1061 181 1061 112 112 1061 169 169 169 169 169 169 169 169 169
32 32 32 32 1243 1196 1196 466 412 1243 376 1196 1196 1196 1196 376 412 1243 376 376
1281 26 1065 1925 1851 26 1938 1237 1237 1237 767 1156 1156 1546 387 387 32 32 32 32
1938 1196 1196 1237 1196 1237 1196 1546 26 1156 387 719 719 1113 1232 1113 1232 1232 1232 1232
169 169 1232 387 32 32 32 32 32 1243 742 1196 1339 412 412 1339 1339 1061 1339 1339
1475 1362 1362 1609 1609 1362 26 1065 1925 1851 26 1938 1196 1196 1196 1156 1156 1546 387 1934
32 1243 1196 466 412 412 376 1196 1196 376 412 1243 376 376 412 376 1156 387 1546 1156
32 32 32 32 1243 1196 466 412 412 376 1196 1196 466 412 1243 376 376 412 376 1156
169 169 169 169 169 719 112 1061 112 112 1061 181 1061 112 112 1061 169 169 169 169
376 1156 387 1546 1156 387 32 32 32 32 32 1243 1196 466 1281 412 376 1196 1196 376
26 1065 1925 1851 26 1938 1196 1196 1196 1546 1156 1156 387 1113 719 1546 1156 719 387 32
1609 1281 1113 719 664 1934 1934 1546 1546 613 1938 741 1475 1281 1281 1609 1281 26 1065 1925
1232 1232 1232 1609 32 32 32 32 1339 1061 112 181 1061 181 1061 32 112 112 1061 1243
1938 741 1475 1362 1362 1609 1281 1113 719 664 664 1934 1934 1546 1546 719 1113 613 1938 741
1609 1281 26 1065 1925 1851 26 1938 1196 1196 1196 1156 1156 1546 387 767 387 32 32 32
181 1061 112 112 1061 169 169 169 169 169 169 169 169 169 169 387 32 32 32 1339
1156 1339 1339 1546 1243 1196 1196 466 412 412 376 1196 1196 376 412 1196 1196 412 376 376
1065 741 1609 1362 1362 1609 1362 1113 719 664 1934 1934 1546 1546 1546 1546 613 1938 741 1475
412 376 1196 376 412 1196 742 376 376 412 376 1156 387 1113 719 1546 1156 613 1938 741
664 1934 1934 1934 1934 1546 1546 1546 613 1938 741 1475 1281 1362 1609 1362 26 1065 1925 1851
1237 1237 1237 1546 26 1156 387 719 719 1113 1232 1232 1232 1232 1232 1232 1232 1232 1232 1232
719 112 1061 112 112 1061 181 1061 112 112 1061 169 169 169 169 169 169 169 169 169
613 1938 741 1475 1362 1362 1609 1281 1113 719 664 1934 1934 1546 1546 1546 613 1938 741 1475
1475 1281 1362 1609 1281 26 1065 1925 1851 26 1938 1196 1196 1196 1546 1156 1156 387 767 387
664 1934 1934 1546 1546 719 1113 613 1938 741 1475 1281 1362 1609 1281 26 1065 1925 1851 26
1934 1934 1934 1546 1546 1546 613 1938 741 1475 1281 1362 1609 1362 26 1065 1925 1851 26 1239
741 1475 1362 1362 1609 1281 1113 719 719 1242 1242 664 1934 1934 1934 1934 1546 1546 1546 719
624 767 1113 613 1938 741 1609 1362 1362 1609 1362 1113 767 664 1934 1934 1546 1546 1546 1546
412 376 1196 1196 376 412 1196 1196 1243 376 376 412 376 1156 387 1546 1546 1196 387 32
613 1065 741 1609 1281 1362 1609 1281 1113 719 664 1934 1934 1546 1546 613 1938 742 1475 1281
1934 624 624 719 1113 613 1938 741 1609 1281 1362 1609 1281 1113 719 664 1934 1934 1546 1546
767 1242 1242 664 1934 1934 1934 1934 1546 1546 1546 1546 767 1113 613 1938 741 1475 1281 1281
1362 1609 1281 26 1065 1925 1851 26 1938 1237 1237 1237 1237 1237 1237 1546 1156 1156 387 767
1475 1281 1362 1609 1281 1113 719 664 1934 1934 1546 1546 1546 613 1065 741 1475 1281 1362 1609
1938 741 1475 1281 1362 1609 1281 1113 719 664 1934 1934 1546 1546 1546 613 1065 741 1475 1281
1065 1237 1237 1237 1237 1237 1237 1546 1156 1156 387 767 767 1113 1232 1232 1232 1232 1232 1232
112 1061 112 1061 181 1061 112 1609 1061 1061 181 1339 181 112 181 1061 181 1061 112 112
1196 1196 1196 1546 1156 1156 387 767 387 32 32 32 32 32 1243 1196 466 412 412 376
412 1243 376 376 412 376 1156 387 1546 1156 387 32 32 32 32 32 1243 1196 466 412
624 767 1113 613 1239 741 1475 1362 1362 1609 1281 1113 719 664 1934 1934 1546 1546 1546 613
376 412 412 376 1196 376 412 1196 1243 376 376 412 376 1156 387 1546 1156 387 32 32
387 1113 719 719 387 32 32 32 32 32 1243 1196 466 412 412 376 1196 376 412 1196
1065 741 1475 1281 1362 1609 1281 26 1065 1925 1851 26 1938 1196 1196 1196 1156 1156 1546 387
169 169 169 169 169 169 169 169 169 169 719 112 1061 112 112 1061 181 1061 112 112
1938 1237 1237 1237 1546 1156 1156 387 719 387 32 32 32 32 32 1243 1196 376 412 412
1609 1281 26 1065 1925 1851 26 1938 1196 1196 1196 1546 1156 1156 387 719 387 32 32 32
1061 112 112 1061 169 169 169 169 169 169 169 169 169 169 112 1061 112 112 1061 112
32 1339 1061 1339 1339 1061 181 1061 32 1339 1339 1061 32 1243 1196 1196 466 412 412 1339
1934 1934 1546 1546 1546 613 1938 741 1475 1362 1362 1609 1362 26 1065 1925 1851 26 1938 1196
1156 1339 1339 1546 1243 1196 1196 466 412 412 376 1196 1196 376 412 1196 1196 412 376 376
1934 1546 1546 1546 613 1239 741 1475 1281 1362 1609 1281 26 1065 1925 1851 26 1938 1196 1196
1362 1362 1609 1362 1113 719 664 1934 1934 1546 1546 1546 613 1938 741 1475 1281 1362 1609 1609
181 181 181 1061 112 181 112 1061 112 1061 181 1061 112 112 1061 1061 181 112 181 112
741 1475 1281 1362 1609 1609 1362 26 1065 1925 1851 26 1938 1196 1196 1196 1546 1156 1156 387
1232 1232 1232 1232 1232 1232 1232 387 32 32 32 32 32 1243 1232 1232 466 412 412 376
376 376 412 376 1156 387 1546 1156 387 32 32 32 32 32 1243 1196 466 412 1243 376
412 376 387 1934 1546 1156 387 1113 719 1934 1934 1156 1546 387 32 32 32 32 32 1243
1061 112 112 1061 181 1061 112 112 1061 169 169 169 169 169 169 169 169 169 169 112
1156 1156 387 719 387 32 32 32 32 32 1243 1196 376 412 412 376 1196 376 412 1243
169 181 112 1061 112 112 112 1061 1061 181 1061 112 112 1061 112 181 112 112 1061 181
26 1065 1925 26 1239 1237 1851 1237 1237 1546 1156 1156 387 1113 719 719 387 32 32 32
1546 613 1938 741 1475 1281 1362 1609 1362 26 1065 1925 1851 26 1239 1237 1237 1237 1237 1237
1609 1609 1281 26 1065 1925 26 1239 1237 1851 1237 1237 1156 1156 387 1546 767 387 32 32
1546 1546 1546 613 1938 741 1475 1362 1362 1609 1362 26 1065 1925 1851 26 1239 1196 1196 1196
1546 1546 1546 613 1938 741 1475 1281 1362 1609 1609 1362 26 1065 1925 1851 26 1938 1196 1196
1925 1851 26 1938 1196 1196 1196 1156 1156 1546 387 1934 387 1113 719 1546 1546 1156 719 1113
412 376 1156 387 1546 1156 387 32 32 32 32 32 1243 1196 466 412 1243 376 1196 1237
741 1475 1281 1362 1609 1281 26 1065 1925 1851 26 1938 1237 1237 1237 767 1156 1156 1546 387
1546 613 1938 741 1475 1281 1362 1609 1281 26 1065 1925 1851 26 1239 1196 1196 1196 1546 1156
1546 613 1938 741 1475 1281 1362 1609 1609 1281 26 1065 1925 26 1239 1237 1851 1237 1237 1156
1237 1237 1237 1546 1156 1156 387 719 387 32 32 32 32 32 1243 1196 376 412 412 376
169 169 169 169 169 169 169 169 169 169 112 1362 112 112 1061 112 1061 181 1061 112
376 412 376 1156 387 1546 1546 1196 387 32 32 32 32 32 1243 1196 1196 466 412 1243
169 169 169 169 169 169 169 169 169 169 767 112 1061 112 112 1061 181 1061 112 112
1934 1546 1546 1546 1546 613 1938 741 1475 1281 1362 1609 1609 1281 26 1065 1925 26 1239 1237
1243 412 1339 1339 1339 412 1339 387 1934 1546 1156 387 1113 719 1934 1934 1156 1546 1609 32
1196 376 412 412 376 1196 1196 376 412 1243 376 376 412 376 1156 387 1113 767 1546 1156
387 32 32 32 32 32 1243 1196 466 412 1243 376 1196 1196 466 412 1243 376 376 412
1475 1362 1362 1609 1362 26 1065 1925 1851 26 1938 1196 1196 1196 1156 1156 1546 387 767 387
624 624 624 624 719 1113 719 613 1938 741 1475 1362 1362 1475 1281 1113 719 719 1242 1242
1196 1196 1196 1546 1156 1156 387 1113 719 767 387 32 32 32 32 32 1243 1196 466 412
1546 1546 1546 613 1239 741 1475 1362 1362 1609 1281 26 1065 1925 1851 26 1938 1196 1196 1196
1934 1934 624 624 719 1113 613 1938 741 1475 1362 1281 1609 1362 1113 719 664 1934 1934 1546
767 664 1934 1934 1546 1546 1546 613 1065 741 1475 1281 1362 1609 1609 1362 26 1065 1925 26
624 719 1113 613 1938 741 1609 1281 1362 1609 1281 1113 719 664 1934 1934 1546 1546 1546 613
387 32 32 32 32 32 1243 1196 466 412 412 376 1196 1196 466 412 1243 376 376 412
1113 613 1065 741 1609 1281 1362 1609 1281 1113 719 664 1934 1934 1546 1546 613 1938 741 1475
376 376 412 376 1156 387 1546 1156 387 32 32 32 32 32 1243 1196 466 412 1243 376
26 1156 1339 719 719 1113 169 169 169 169 169 169 169 169 169 169 719 112 1061 112
1609 1362 1113 719 664 1934 1934 1546 1546 1546 613 1938 741 1475 1362 1362 1609 1281 26 1065
412 376 387 1934 1546 1156 387 1113 719 1934 1934 1156 1546 387 32 32 32 32 32 1243
1156 1156 387 719 387 32 32 32 32 32 1243 1196 376 412 412 376 1196 376 412 1243
741 1475 1281 1362 1609 1609 1362 26 1065 1925 1851 26 1938 1196 1196 1196 1546 1156 1156 387
1196 1196 1196 1546 1156 1156 387 767 387 32 32 32 32 32 1243 1196 466 412 1243 376
1281 1362 1609 1609 1362 26 1065 1925 26 1239 1237 1851 1237 1237 1546 1156 1156 387 1113 767
466 412 412 376 1196 1196 376 412 1243 376 376 412 376 1156 387 1546 1156 387 32 32
1065 1925 1851 26 1938 1196 1196 1237 1237 1237 1237 1546 1156 1156 387 719 767 1113 1232 1113
613 1938 741 1475 1362 1362 1609 1281 26 1065 1925 1851 26 1065 1237 1237 1237 1546 1156 1156
1934 1934 624 624 624 624 719 1113 719 613 1938 741 1475 1281 1362 1609 1362 1113 767 664
32 1243 1196 466 412 412 376 1196 376 412 1196 742 376 376 412 376 1156 387 1113 719
1237 767 1156 1156 1546 387 387 32 32 32 32 32 1243 1196 466 412 412 376 1196 1196
1362 1609 1281 1113 719 664 1934 1934 1546 1546 1546 613 1239 742 1475 1281 1362 1609 1281 26
32 32 32 32 1243 1196 466 412 412 376 1196 376 412 1196 1243 376 376 412 376 1156
1609 1609 1362 26 1065 1925 1851 26 1938 1196 1196 1196 1546 1156 1156 387 1113 719 1546 1156
741 1475 1362 1362 1609 1362 26 1065 1925 1851 26 1938 1196 1196 1196 1156 1156 1546 387 767
26 1239 1237 1237 1237 1546 1156 1156 387 767 387 32 32 32 32 32 1243 1196 466 412
1237 1237 1237 1237 1546 1156 1156 387 767 767 1113 1232 1232 1232 1232 1232 1232 1232 1232 1232
169 169 169 169 169 169 169 169 169 387 32 32 32 1339 1061 112 112 1061 181 1061
1281 26 1938 1925 1851 26 1938 1196 1196 1196 1156 1156 1546 387 719 387 32 32 32 32
1934 1934 1546 1546 1546 613 1938 741 1475 1281 1362 1609 1609 1362 26 1065 1925 1851 26 1938
32 32 32 1243 742 181 1339 412 412 1339 1339 1061 1339 1339 1061 1156 1156 181 1061 1339
32 32 32 32 32 1243 1196 376 412 412 376 1196 1196 376 412 1243 376 376 412 376
1546 1156 1156 387 1113 719 719 387 32 32 32 32 32 1243 1196 466 412 412 376 1196
1243 1196 1196 466 412 412 376 1196 1196 376 412 1196 1196 1243 376 376 412 376 1156 387
767 1156 1156 1546 387 387 32 32 32 32 32 1243 1196 466 412 412 376 1196 1196 466
1851 26 1938 1196 1196 1196 1546 1156 1156 387 767 387 32 32 32 32 32 1243 1196 466
1609 1609 1362 1113 719 664 1934 1934 1546 1546 1546 613 1938 741 1475 1362 1362 1609 1362 26
1156 387 387 32 32 32 32 32 1243 1196 466 412 1243 376 1196 376 412 1196 1243 376
1609 1362 1362 1609 1281 1113 719 664 1934 1934 1546 1546 1546 613 1938 741 1475 1362 1362 1609
387 1113 719 1934 1934 1156 1546 387 32 32 32 32 32 1243 1196 1196 466 412 1243 376
1546 613 1938 741 1475 1281 1362 1609 1609 1281 26 1065 1925 26 1239 1237 1851 1237 1237 1156
181 181 1061 112 181 112 1061 112 1061 181 1061 112 112 1061 1061 181 112 181 112 181
1196 1196 1546 1156 1156 387 1113 719 1546 1156 719 387 32 32 32 32 32 1243 1196 466
1609 32 32 32 32 1339 1061 1339 181 1061 181 1061 32 1339 1339 1061 1243 1196 1196 466
169 169 169 169 169 169 169 169 169 169 767 112 1061 112 112 1061 181 1061 112 112
1196 1546 1156 1156 387 1113 719 1546 1156 719 387 32 32 32 32 32 1243 1196 466 412
1546 1546 1546 613 1938 741 1475 1281 1362 1609 1362 26 1065 1925 1851 26 1239 1237 1237 1237
741 1475 1362 1362 1609 1362 1113 719 664 1934 1934 1546 1546 1546 613 1938 741 1475 1281 1362
741 1475 1281 1362 1609 1362 26 1065 1925 1851 26 1938 1196 1196 1196 1546 1156 1156 387 767
1546 1243 1196 1196 466 412 412 376 1196 1196 376 412 1196 1196 1243 376 376 412 376 1156
1113 719 664 1934 1934 1546 1546 1546 613 1938 741 1475 1281 1362 1609 1362 26 1065 1925 1851
32 32 32 1243 1196 466 412 412 376 1196 1196 376 412 742 376 376 412 376 1156 387
1934 1934 1546 1546 1546 613 1239 741 1475 1362 1362 1609 1362 26 1065 1925 1851 26 1938 1237
1934 624 624 624 624 719 1113 719 613 1938 741 1475 1281 1362 1609 1362 1113 767 664 1934
32 1243 1196 466 412 412 376 1196 376 412 1196 742 376 376 412 376 1156 387 1546 1156
1934 1934 1546 1546 1546 613 1938 741 1475 1281 1362 1609 1362 26 1065 1925 1851 26 1239 1237
1546 1156 1156 387 767 387 32 32 32 32 32 1243 1196 466 412 412 376 1196 1196 376
26 1239 1237 1851 1237 1237 1546 1156 1156 387 1113 767 767 387 32 32 32 32 32 1243
1934 1934 1546 1546 1546 613 1938 741 1475 1362 1362 1609 1281 26 1065 1925 1851 26 1938 1237
376 412 412 376 1196 376 412 1243 1196 376 376 412 376 1156 387 1546 1156 387 32 32
26 1938 1196 1196 1196 1546 1156 1156 387 767 387 32 32 32 32 32 1243 1196 466 412
767 1113 613 1239 741 1475 1281 1362 1609 1281 1113 767 664 1934 1934 1546 1546 1546 613 1239
1938 1925 1851 26 1938 1196 1196 1196 1156 1156 1546 387 767 387 32 32 32 32 32 1243
1232 1232 1232 1609 32 32 32 32 1339 1061 112 181 1061 181 1061 32 112 112 1061 1243
1609 1281 26 1065 1925 26 1239 1237 1851 1237 1237 1156 1156 387 1546 767 387 32 32 32
1934 1934 1546 1546 1546 613 1239 741 1475 1281 1362 1609 1281 26 1065 1925 1851 26 1938 1196
32 1243 181 181 1339 1061 412 1339 1339 1061 1339 112 1061 181 181 181 1061 112 112 1061
624 624 719 1113 719 613 1938 741 1475 1362 1362 1475 1281 1113 719 719 1242 1242 664 1934
767 664 1934 1934 1546 1546 1546 613 1938 741 1475 1362 1362 1609 1362 26 1065 1925 1851 26
1156 1156 1546 387 719 387 32 32 32 32 32 1243 1196 466 412 1243 376 1196 1196 466
1546 1156 1156 387 1113 719 719 387 32 32 32 32 32 1243 1196 466 412 412 376 1196
624 624 719 1113 613 1065 741 1475 1281 1362 1609 1281 1113 719 664 1934 1934 1546 1546 1546
1475 1281 1362 1609 1281 26 1938 1925 1851 26 1938 1196 1196 1196 1156 1156 1546 387 767 387
719 387 32 32 32 32 32 1243 1196 376 412 412 376 1196 376 412 1196 1243 376 376
1938 1196 1196 1196 1546 1156 1156 387 767 387 32 32 32 32 32 1243 1196 466 412 1243
1339 1061 181 181 181 1061 1339 1339 1061 1339 1339 181 181 181 412 1339 1339 1339 412 1339
1281 1362 1475 1281 1113 719 664 1934 1934 1934 1934 1546 1546 1546 613 1938 741 1475 1281 1362
1546 1546 1546 1546 719 1113 613 1938 741 1475 1281 1281 1609 1609 1362 26 1065 1925 26 1239
1339 719 719 1113 169 169 169 169 169 169 169 169 169 169 719 112 1061 112 112 1061
767 664 1934 1934 1546 1546 1546 613 1938 741 1475 1281 1362 1609 1281 26 1065 1925 1851 26
26 1065 1925 1851 26 1938 1196 1196 1196 1546 1156 1156 387 1113 719 719 387 32 32 32
1339 1339 1061 181 181 181 1061 1339 1339 1061 1339 1339 181 181 181 1339 1339 1339 1339 412
1546 387 387 32 32 32 32 32 1243 1196 466 412 412 376 1196 1196 466 412 1243 376
1851 26 1938 1237 1237 1237 1546 1156 1156 387 719 387 32 32 32 32 32 1243 1196 466
32 32 32 32 1243 1196 466 412 412 376 1196 376 412 1196 1243 376 376 412 376 1156
767 664 1934 1934 1546 1546 1546 613 1938 741 1475 1362 1362 1609 1281 26 1065 1925 1851 26
387 1113 719 719 387 32 32 32 32 32 1243 1196 466 412 412 376 1196 376 412 1196
169 169 169 169 169 169 112 1061 112 112 1061 112 1061 181 1061 112 112 112 1061 112
1232 1232 1232 1609 32 32 32 32 1339 1061 112 181 1061 181 1061 32 112 112 1061 1243
1061 112 112 1061 169 169 169 169 169 169 169 169 169 169 387 1232 1232 1232 1232 1232
1934 1934 624 624 719 1113 613 1239 741 1475 1362 1362 1609 1281 1113 719 664 1934 1934 1546
719 387 32 32 32 32 32 1243 1196 466 412 1243 376 1196 1196 466 412 1243 376 376
1934 1934 1546 1546 719 1113 613 1938 741 1475 1281 1362 1609 1281 26 1065 1925 1851 26 1938
