1042 2059 2059 2059 2059 4822 4822 4822 4822 4822 4822 4822 1962 1962 3910 1962 4822 4822 2059 1214
357 357 357 357 357 357 357 357 357 357 357 357 357 357 357 357 357 357 357 357
1042 1042 113 113 113 817 1839 817 113 1042 1042 1839 4158 1839 1839 817 1042 1042 113 1839
2134 1013 817 181 1042 2134 1042 2303 1042 181 455 3294 4575 3294 1214 1214 1214 1214 2059 2059
3294 2303 181 2134 3910 3956 181 3294 1397 360 3956 3956 360 1962 2059 1214 1214 1042 1042 1042
1397 1397 360 3956 3956 3956 3956 3956 360 1397 3956 1434 360 1214 1214 1214 1214 1214 1214 2059
2059 113 2990 2990 2990 2990 2990 2990 2990 2990 2990 2990 2990 2990 2990 2990 2990 2990 2990 2990
817 1042 113 1042 817 113 817 1839 817 113 113 113 817 113 113 1042 1839 817 113 113
3585 1013 3956 4575 181 2134 2134 181 3585 2303 3956 181 2134 1013 3956 181 2134 2303 3956 181
4315 4315 4315 4315 4315 4315 4315 4315 4315 4315 4315 4315 4315 4315 4315 4315 4315 4315 4315 1292
3956 1397 3956 1434 360 360 1214 4822 1397 360 3956 3956 3956 360 3956 1397 3956 1434 360 1214
181 3585 3585 181 3585 1013 181 3585 1013 181 3585 2303 3956 181 3585 1013 3956 181 2134 1232
1962 1962 3910 1962 4822 4822 4822 1214 1042 2990 2990 2990 2990 2990 2990 2990 2990 2990 2990 2990
181 2438 1013 3956 181 181 455 455 181 455 2303 181 455 1013 181 455 2303 181 455 2134
3956 1434 1397 1397 360 3956 3956 360 1214 1214 1214 1214 1214 1214 1214 1214 2059 2059 1962 1962
2438 181 2438 1013 181 3585 1013 3956 181 3585 2303 3956 181 3585 1013 3956 181 3294 2134 3956
817 817 817 817 817 817 817 817 817 817 817 817 817 1042 1042 817 817 817 817 1042
4822 1214 4822 4822 4822 4822 1214 1042 1042 1042 1214 1042 1042 1042 3910 3910 3294 1434 455 3294
181 181 3585 3585 181 3585 2303 181 3585 1013 4575 3585 2303 3956 181 3585 2303 3956 181 2134
817 817 1042 1042 1042 1042 1042 1042 817 817 2059 2059 1042 1042 1042 1042 1042 1042 1839 1839
113 113 113 1839 1839 817 113 113 113 4158 1839 1839 1839 1042 817 113 113 1839 1839 817
3956 455 3956 2438 1013 3956 181 181 455 455 181 3585 2303 181 455 1013 181 455 2303 3956
113 113 113 1839 1839 817 113 113 1042 4158 1839 1839 1839 817 1042 1042 1042 817 1839 817
181 2134 1013 3956 181 181 455 2134 181 455 3294 181 455 1013 181 455 1214 1214 2303 1232
1042 2059 2059 2059 2059 4822 4822 4822 4822 4822 4822 2059 1962 3910 1962 4822 4822 4822 1214 1042
357 357 357 357 357 357 357 357 357 357 357 357 357 357 357 357 357 357 357 357
4315 4315 4315 4315 4315 4315 4315 4315 4315 4315 4315 4315 4315 4315 4315 4315 4315 4315 4315 4315
4575 2438 3956 2438 1013 3956 181 3956 2438 455 181 455 1013 181 455 1013 181 455 2303 181
1042 2059 2059 2059 2059 4822 4822 4822 4822 4822 2059 1962 4822 3910 1962 4822 4822 4822 1214 1042
3585 181 3585 1013 181 3585 1013 181 3585 2303 3956 181 3585 1013 3956 181 2134 1214 1232 1232
113 113 1839 1839 4158 4158 817 817 1042 1042 1042 1042 1042 1042 1839 1839 1839 1839 817 817
1214 1397 360 1214 4822 3956 3956 360 3956 1397 3956 1434 1397 1397 360 3956 3956 360 3956 360
360 1434 1397 1434 1397 360 817 817 817 817 817 817 817 1214 817 4822 817 817 1042 1042
1042 2059 2059 1962 1962 4822 4822 4822 4822 4822 4822 4822 4822 4822 2115 4822 4822 4822 817 817
817 1042 1042 2059 2990 2990 2990 2990 2990 2990 2990 2990 2990 2990 2990 2990 2990 2990 2990 2990
817 817 1214 2059 2990 2990 2990 2990 2990 1042 2059 2990 2990 2990 2990 2990 2990 2990 2990 2990
1232 1232 1232 2303 4575 2438 3956 3585 1214 1013 3956 181 181 3585 3585 181 3585 2303 181 3585
1013 3956 181 181 2438 2438 181 2438 1013 181 455 1013 181 455 2303 181 455 1214 1013 4575
357 357 357 357 357 357 357 4315 4315 357 357 357 357 4315 357 357 357 357 357 357
2134 2134 4575 2134 817 1214 1042 3910 181 2134 1214 1214 1013 4575 3294 1214 3910 4575 2134 1214
4315 1214 817 1214 817 1214 1214 1214 2059 2059 4822 4822 4822 4822 4822 4822 4822 4822 4822 817
1214 1214 1214 1397 1214 4822 3956 3956 1214 4822 3956 360 3956 1434 360 360 1397 360 3956 3956
1013 181 3585 1013 181 3585 1013 2303 181 2134 2134 2303 4575 2134 3956 3585 181 2134 1013 3956
4822 3910 3910 3294 181 455 1214 1214 1013 3956 4575 1434 455 455 181 455 1214 1214 3294 4575
2059 1397 1214 1214 1214 2059 2059 4822 4822 4822 4822 4822 4822 4822 4822 4822 4822 4822 4822 1214
4315 4315 4315 4315 4315 4315 4315 4315 4315 4315 4315 4315 4315 4315 4315 4315 4315 4315 4315 4315
1962 3910 3910 1214 1214 1042 1042 1042 1042 1962 2059 2059 2059 4822 4822 3910 3910 2059 1434 1397
2059 3956 1397 3956 1434 1397 1397 360 3956 3956 360 1214 1214 1214 1214 1214 1214 1214 1214 2059
113 113 113 113 1042 817 817 817 817 817 817 1042 817 1839 1839 4158 4158 1839 1839 2990
817 817 1214 1214 4822 1214 4822 4822 4822 1214 4822 1214 4822 817 817 817 817 817 817 2059
2438 181 2438 1013 181 455 1013 181 455 2303 181 455 3585 2303 3956 3585 4575 2134 181 2134
3910 3910 2059 817 1042 1042 1214 1214 1214 2990 2990 2990 2990 2990 2990 2990 2990 2990 2990 2990
1013 1013 4575 2438 3956 181 2134 455 1013 3956 181 181 455 455 181 2134 2303 181 455 1013
113 113 113 817 817 817 817 817 817 1839 1839 817 817 1839 1839 4158 4158 1839 1839 817
2059 2059 4822 4822 4822 4822 4822 4822 4822 1962 1962 4822 3910 1962 4822 1214 1214 1214 2990 2990
2438 4575 2438 1013 4575 2438 1013 4575 455 2303 3956 4575 2438 1232 1013 3956 181 3294 2438 3956
1013 181 2438 2438 1013 3956 4575 2438 3294 3956 2134 1013 3956 181 181 2134 2134 181 2134 1013
817 817 817 817 817 817 817 817 817 817 817 817 1042 1042 817 817 817 817 1042 1042
1042 1042 1042 1232 3910 1962 3294 181 2438 1214 1232 1013 3956 4575 1434 2134 2134 181 3294 1232
1214 2059 2059 2059 4822 4822 4822 4822 4822 4822 4822 4822 4822 4822 4822 4822 1962 1962 2059 817
2438 1214 1013 3956 181 181 455 455 1214 181 455 1214 3294 1214 1214 181 2134 4822 1013 181
2059 1042 3910 1042 2059 2059 2059 2059 4822 4822 4822 4822 1962 1962 3910 1962 4822 4822 4822 4822
2438 2438 1013 181 3585 4575 2438 3956 2134 1013 3956 4575 1434 2438 2134 181 2134 1013 181 2134
4315 4315 4315 4315 4315 4315 4315 4315 4315 4315 181 2438 3956 2438 4315 3956 181 181 2438 2438
2438 1013 4575 3294 2303 4575 2438 1214 1214 1214 1013 181 4575 3294 455 3956 455 1214 2990 2990
360 3956 360 1214 1214 1962 181 1397 3956 1434 360 1397 360 3956 3956 360 3956 1397 3956 1434
1042 2059 2059 1214 1214 1214 1962 2059 2059 4158 4822 4822 4822 4822 4822 4822 4822 4822 4822 4822
3956 360 1434 1397 3956 1434 360 1397 1397 360 3956 3956 3956 360 3956 1397 3956 1434 360 817
4315 4315 4315 4315 4315 4315 4315 4315 4315 4315 4575 1962 4315 4575 2438 3956 2438 4315 3956 181
2059 1214 4822 817 1214 4822 4822 1214 817 4822 4822 4822 4822 817 1042 1042 817 817 817 817
1962 1962 1397 1962 2059 2059 4822 4822 4822 4822 4822 4822 4822 4822 4822 4822 4822 4822 4822 4822
4315 4315 4315 4315 4315 4315 4315 4315 4315 4315 4315 817 3910 3910 3910 3910 1214 1042 1042 1214
3956 3585 1013 3956 181 181 455 455 181 455 2303 181 455 1013 181 455 2303 181 455 2303
1962 1962 3910 1962 4822 4822 4822 817 1042 2059 1042 2990 2990 2990 2990 2990 2990 2990 2990 2990
2438 1013 181 455 1013 181 455 2303 181 455 455 2303 3956 455 4575 2134 181 2134 1013 3956
4315 4315 4315 4315 4315 4315 4315 4315 4575 4575 4575 4575 2438 3956 2438 1013 3956 1434 181 2438
2059 817 1214 1214 2059 2059 4822 4822 4822 4822 4822 4822 4822 4822 4822 4822 4822 4822 1214 1042
3956 4575 2438 2303 3956 181 455 1214 1214 1214 1214 3294 3956 181 3294 2134 3956 2438 1214 3910
360 1397 1434 360 3956 3956 360 1214 1214 1214 1214 1214 1214 1214 1214 2059 2059 2990 2990 2059
2438 181 2438 1013 3956 181 181 2134 2134 181 2134 2303 3956 181 2134 1013 3956 181 2134 2303
4315 4315 4315 4315 4315 4315 4315 4315 4315 4315 4315 4315 4315 4315 4315 4315 4315 4315 4315 181
4575 3294 2438 3956 2438 817 2990 2990 4315 2990 3910 817 4315 4315 4315 4315 4315 4315 4315 4315
817 817 1042 4158 1214 1214 1214 2059 2059 4822 4822 4822 4822 4822 4822 4822 4822 4822 817 1042
4315 4315 4315 4315 4315 4315 4315 357 357 4315 4315 357 357 4315 4315 357 357 4315 4315 357
455 1013 3956 181 181 455 455 181 455 2303 181 455 1013 181 455 2303 181 455 455 3910
1214 1214 1042 1214 1214 1214 2059 2059 2059 2059 3910 3910 1214 4822 1214 4822 2059 2059 2059 2059
1042 1214 1214 1214 1214 1214 1214 1214 1214 1214 1214 1214 4822 4822 3910 3910 3294 1434 2134 1214
4315 4315 4315 4315 4315 4315 4315 4315 4315 4315 4315 4315 4315 4315 4315 4315 4315 4315 4315 4315
1013 3956 181 1434 2438 455 181 455 1013 181 2438 1013 181 455 2303 181 455 1013 181 3294
2438 1013 3956 181 2134 1013 3956 181 2134 2303 3956 181 1013 1013 2438 3956 3956 2438 1013 3956
2059 2059 4822 4822 4822 4822 4822 4822 4822 4822 4822 1214 1042 1214 1214 1214 1214 1042 2059 1042
360 2438 181 2438 1013 3956 181 2134 1013 3956 4575 455 2303 3956 181 455 1214 1214 1214 1214
1214 2059 2059 1962 1962 1214 4822 4822 4822 4822 4822 4822 4822 4822 1839 4822 4822 1214 4822 2059
817 817 817 817 817 817 817 817 817 817 817 817 817 817 817 817 817 817 817 817
1962 3956 2438 3956 1434 2438 3294 2438 3956 3956 2438 3956 2438 3956 181 3294 1397 2438 3956 3956
2438 1013 181 2438 2438 2303 4575 2134 3956 3585 181 455 1013 3956 181 181 3585 3585 181 2134
181 2438 2438 1013 4575 3294 3956 455 3956 2438 1013 3956 181 181 455 455 181 455 2303 181
2438 2438 181 2438 1013 181 455 1013 181 2438 2303 181 2438 2134 2303 3956 2134 4575 3294 181
1214 1214 1214 1214 2059 2059 2059 2059 1397 360 3956 3956 360 3956 360 3956 1434 360 1397 360
1214 4822 4822 1214 4822 4822 4822 1214 1214 1214 1214 1214 1214 2059 2059 2990 4315 4315 4315 2990
2438 1013 181 2438 2438 1013 3956 4575 2438 3294 3956 2134 1013 3956 181 181 2134 2134 181 2134
3910 3956 1434 360 3910 2134 817 817 1042 1042 1042 1042 1042 1042 1434 1397 1434 1434 1397 1397
1042 1042 1214 1042 1042 3910 4575 2134 181 455 1013 3956 181 181 455 455 181 455 3294 181
1042 817 817 817 1214 1042 1042 2059 2059 1214 1214 1214 1214 1042 817 1042 817 1042 1042 817
2059 1042 1042 2059 2059 2059 2059 4822 4822 4822 4822 4822 1962 1962 4822 3910 1962 4822 4822 4822
3910 817 113 113 817 817 2990 2990 2990 2990 2990 2990 2990 2990 2990 2990 2990 2990 2990 2990
4575 1013 4575 2438 181 2438 1013 3956 181 1434 2134 2438 4575 3294 2303 181 455 1013 1434 4575
360 1962 2059 1042 817 1042 1042 1042 1042 1042 1042 1434 3294 1434 1434 3294 3910 1434 3956 360
1042 817 817 817 817 1042 1042 817 817 1042 1042 1042 1839 2059 817 1042 1042 1042 1839 1839
2303 4575 4575 2438 4575 1013 4575 2438 3956 455 1013 3956 181 1434 455 455 181 2438 1013 181
4158 2990 1839 2990 2990 2990 2990 2990 2990 2990 2990 817 817 1042 1042 1042 1042 1839 1839 1042
4315 2990 4315 2990 4575 4575 1214 4575 4575 2438 1434 2438 1013 3956 4575 1434 455 2438 181 2438
817 817 2115 817 817 817 817 817 817 1042 113 817 817 1042 1042 113 817 1042 1042 113
817 817 817 1042 1042 2059 2059 817 817 817 817 1042 1042 1042 1042 1042 1042 817 817 1042
1042 1214 1042 2059 1042 2059 2059 1214 1214 1214 2059 2059 4822 4822 4822 4822 4822 4822 4822 4822
4315 4315 4315 4315 4315 4575 4575 4575 4575 2438 181 2438 1013 3956 181 1434 455 2438 181 2438
4315 4315 4315 4315 4315 4315 4315 4315 4315 4315 4315 4315 4315 4315 4315 4315 4315 4315 4315 4315
2990 2990 2990 1214 3910 3910 3910 3910 2059 1214 1042 1042 1962 1962 2990 2990 4315 2990 2990 2990
1214 4822 4822 4822 4822 4822 817 817 817 1214 1214 1214 1042 1042 2059 2059 1042 1042 1214 1214
1434 3910 3294 360 1434 360 817 4158 1214 1214 1214 1214 1214 1214 1214 2059 2059 4822 1214 4822
1397 1434 200 360 817 817 817 817 817 817 817 817 817 817 817 817 817 817 817 1042
3956 1434 1013 1013 2438 3956 3956 2438 1962 1962 1013 4575 2438 3956 455 1013 3956 181 3956 2134
1962 1962 3910 1962 4822 4822 4822 4822 4822 1214 1214 1214 2059 2990 2990 2990 2990 2990 1042 2059
817 1434 200 1397 817 817 817 817 817 817 817 817 817 817 817 817 817 817 817 817
181 455 2438 181 2438 1013 181 455 1013 3956 4575 455 2303 3956 4575 1013 455 1962 1013 181
4315 4315 4315 4315 4315 4315 4315 4315 4315 4315 1962 3956 4315 3956 1434 2438 4315 3956 3956 2438
181 2438 1013 3956 181 181 2134 2134 181 2134 1013 181 3585 1013 181 3585 1013 2303 181 2134
113 1839 1839 4158 4158 817 817 1042 1042 1042 1042 1042 1042 1839 1839 1839 1839 817 817 1042
1397 1013 3956 2438 3956 1434 2438 2438 3294 2438 3956 3956 3956 3956 2438 3956 2438 3956 1434 3294
1962 3910 1962 4822 4822 4822 4822 4822 1214 1214 1214 2059 2990 2990 2990 2990 2990 1042 2059 2990
2059 2059 1214 1214 1214 2059 2059 4822 4822 4822 4822 4822 4822 4822 4822 3910 1962 3294 4822 3956
1042 1042 1042 1042 817 1232 1042 1042 2059 3910 3910 3294 1434 455 1013 1434 4575 1434 455 2134
1013 4575 2438 2303 4575 2134 2303 4575 3294 1214 1042 1042 1042 1214 1214 1214 1214 2059 2059 1962
2438 3956 3956 2438 181 2438 3956 181 2438 2438 2438 3956 3956 455 1013 181 2438 455 3956 2438
2990 2059 2059 1042 1042 2990 2990 2990 2990 2990 2990 2990 2990 2990 2990 2990 2990 2990 2990 2990
2059 2059 2059 4822 4822 4822 4822 4822 4822 2059 1962 3910 1962 4822 4822 4822 1214 1042 2059 1042
1214 1214 2059 1214 2059 2990 2990 2990 2990 2990 2990 2990 2990 2990 2990 2990 4315 2990 2059 1214
1042 1042 1013 4575 455 1042 2303 3956 4575 455 3294 3956 4575 3294 1214 1214 1214 1214 2059 2059
1042 817 817 3910 1962 3910 3910 1042 1042 1214 1214 1042 1042 1962 2059 2059 1434 3294 1434 1434
2990 2990 2990 2990 2990 2990 2990 2059 2059 1042 1214 2990 2990 2990 2990 2990 2990 2990 2990 2990
817 1397 1397 360 3956 3956 1434 360 3956 1397 3956 1397 1397 817 1214 1042 1042 2059 2059 1042
4575 2438 3956 3585 181 3585 1013 3956 181 1434 2134 455 181 2134 2303 181 2134 1013 181 2134
357 357 357 357 357 357 357 357 357 357 357 357 357 357 357 357 357 357 357 357
4315 4315 4315 4315 4315 4315 4315 4315 4315 4315 4315 4315 4315 4315 4315 4315 4315 4315 4315 4315
200 1397 817 817 817 817 817 817 817 817 817 817 817 817 817 817 817 817 817 817
817 1042 1042 4158 4158 1042 1042 1962 1962 181 3294 3956 1434 3294 1397 3956 360 3956 3956 360
4315 4315 4315 4315 4315 4315 4315 4315 4315 2059 1042 4315 4315 4315 4315 4315 4315 4315 4315 4315
181 360 3910 181 2134 1214 3910 1434 3294 2134 3956 455 1397 1214 1214 1214 1214 1214 1214 1214
4822 4822 4822 4822 4822 4822 1962 1962 3910 1962 4822 4822 2059 1214 2059 2990 2990 2990 2990 2990
1042 1042 1214 2059 3910 4575 2438 3956 2438 2303 3956 181 1434 455 455 181 2438 2303 181 2134
1042 1397 1434 3910 3294 3294 1434 360 4158 1214 1214 1214 2059 2059 4822 4822 4822 4822 1214 4822
1232 113 1962 1962 2303 4575 2438 181 2438 1013 3956 181 1434 455 2438 181 2438 2303 181 2438
181 360 3910 4575 360 1042 3910 1434 3294 3294 3956 455 1397 1214 1214 1214 1214 1214 1214 1214
2059 2059 1214 1962 1042 1042 1962 3910 3910 2059 2059 2059 1962 1962 3910 1962 2059 1962 4822 4822
113 113 113 113 113 1042 1839 1839 1839 1839 817 817 1042 1042 1042 1042 1042 1042 1839 1839
1214 1214 4822 4822 4822 4822 4822 4822 817 1042 1042 1214 1042 2059 1042 2059 1214 1214 1214 2059
360 3956 360 1214 1214 817 1214 1214 1214 1214 1214 1397 3910 3956 1397 3956 1434 360 1397 1397
2059 3910 1434 3910 3294 1214 1214 1042 1042 1962 2059 1214 1214 1214 1214 2059 2059 4822 4822 4822
1013 4575 4575 1013 4575 2438 3956 455 1013 3956 181 1434 2134 455 181 455 1013 181 455 1013
1214 1214 1042 1042 2059 2059 1214 1214 1214 2059 2059 4822 4822 4822 4822 4822 4822 4822 4822 4822
181 2438 1013 1232 3956 4575 181 2438 2438 181 2438 1013 181 2438 1013 181 2438 2303 181 2438
1013 3956 181 2134 4158 4158 1013 3956 181 2134 2303 3956 817 1214 1232 1232 1232 1232 1232 1232
1962 1214 1214 4822 4822 4822 4822 4822 4822 4822 1839 4822 4822 817 4822 2059 1042 1214 1214 1042
1042 817 817 817 1042 1042 4158 4158 1042 1042 1962 1962 1434 360 3956 1434 3294 1397 1434 360
4315 4315 4315 4315 4315 4315 4315 4315 4315 4315 4315 4315 4315 4315 4315 4315 4315 4315 4315 4315
360 3910 181 360 1397 1434 3294 360 3956 360 1214 1214 1214 1214 1214 1214 1214 1214 1397 1397
360 817 817 817 1214 1214 1214 1214 1214 1397 3910 3956 1397 3956 1434 360 1397 1397 360 3956
817 1042 817 817 1042 1042 817 817 1042 1042 1042 1839 2059 817 1042 1042 1042 1839 1839 817
2990 2990 2990 2990 2990 2990 2990 2990 2990 2990 2990 2990 817 817 1042 1042 1042 1042 1042 1042
3956 360 817 1214 817 1214 1214 1214 1214 1214 1397 3910 1962 2059 1434 1397 3956 1434 360 1397
1042 1042 1232 1232 1232 3910 4575 3294 181 2438 1013 3956 181 1434 2134 2438 181 2438 1013 181
360 3910 181 4575 3294 1397 360 3956 3956 360 1962 2059 817 1214 1042 1042 1042 1042 1042 1042
2074 2059 1962 4822 3910 1962 4822 4822 4822 817 1042 1042 2990 1839 2990 2990 2990 2990 2990 2990
1214 1214 4822 4822 4822 4822 4822 4822 817 817 1214 2059 2990 2990 2990 2990 2990 2990 2990 2990
1013 1434 181 1434 2134 2438 4575 3294 2303 181 455 1013 1434 4575 455 2303 1434 181 3294 2134
1397 1434 360 3956 3956 360 1214 1214 1214 1214 1214 1214 1214 1214 2059 2059 2990 2990 2059 2059
2438 1013 3956 4575 455 3294 3956 2438 1013 3956 181 1434 2438 455 181 455 1013 181 455 1013
1042 1042 1042 1042 1042 2059 4158 1839 817 1042 1042 1042 1839 817 1042 2990 1042 1042 1839 817
3910 3910 1214 1042 1042 2059 2990 2990 2990 2990 2990 2990 2990 2990 2990 2990 2990 2990 2990 2990
1042 817 1042 1042 1042 1839 2059 817 1042 1042 1042 1839 1839 817 1042 1042 1042 1839 4158 1839
3910 181 4575 3294 2438 3956 2438 1214 4315 4315 4315 4315 3910 1214 4315 4315 4315 4315 4315 4315
3956 360 817 1214 1962 181 1397 3956 1434 360 1397 360 3956 3956 360 3956 1397 3956 1434 1397
817 817 1042 1042 1042 1042 1042 1042 1839 1839 817 817 1042 1042 1042 1042 1042 1042 2059 2059
1839 4158 1042 113 113 113 4158 1839 1839 1839 1042 817 113 113 2990 1839 817 817 817 1042
2059 2059 4822 4822 4822 4822 1962 1962 3910 1962 4822 4822 4822 4822 4822 1214 2059 1042 2990 2990
357 357 357 357 357 357 357 357 357 357 357 357 357 357 357 357 357 357 357 357
455 3956 3956 360 3956 360 3956 1434 3294 4822 4822 1397 455 3956 3956 455 3956 3294 3956 1434
3956 3956 360 3956 360 3956 1434 3294 1214 4822 1397 455 3956 3956 360 1214 4822 3956 360 3956
1042 817 1042 1839 817 817 1042 1042 1042 2059 817 1042 1042 1042 817 817 1839 817 817 1042
1434 3294 817 1042 1042 1042 4158 817 1214 1214 1214 2059 2059 4822 4822 1962 2059 4822 4822 4822
2990 817 817 113 1042 1042 1042 1042 1042 1839 1839 1839 1839 1839 1839 817 817 113 1042 1042
1962 1042 1042 1042 1042 1962 1962 4575 4575 3910 3910 2059 2059 2059 2059 2059 2059 1962 1962 1962
1042 113 1042 757 1839 1042 1042 1042 1042 1839 817 1042 817 1042 1042 1839 817 817 1042 1839
1042 113 1042 1042 1042 1042 1962 1962 3910 4575 3294 181 455 1013 3956 181 1434 455 2134 181
817 817 817 1042 1042 2059 2059 817 817 817 817 1042 1042 1042 1042 1042 1042 817 817 1042
3956 2438 4575 1013 181 2134 1013 3956 181 1434 2438 2134 181 455 1013 3956 181 2134 1013 1434
2074 4822 4822 2059 1962 3910 1962 4822 4822 4822 1214 1042 2990 2990 2990 2990 2990 2990 2990 2990
181 2438 1013 3956 181 1434 2438 455 181 2438 2303 181 455 1013 181 455 2303 181 455 1232
817 817 817 817 817 817 817 817 817 817 817 817 817 817 817 817 817 817 817 817
4315 4315 4315 4315 4315 4315 4315 4315 4315 4315 4315 4315 1962 1962 4315 4315 1434 2438 181 2438
817 817 1042 1042 1042 817 1042 1042 1042 817 1042 1042 1042 1839 817 1042 1042 1042 2059 1839
2059 4822 4822 4822 4822 4822 4822 4822 4822 4822 1214 1214 1214 1042 1214 1214 1042 1042 2059 2059
4315 4315 4315 4315 4315 4315 2990 1962 4315 4315 4575 2990 3910 1214 1042 1042 2059 4315 4315 4315
1434 1434 3294 817 1214 1042 1042 1962 1962 1214 1214 1214 1214 2059 2059 4822 4822 4822 4822 4822
360 1962 2059 1042 817 1042 1042 1042 1042 1042 1042 1434 3294 1434 1434 3294 3910 1434 3956 360
1434 2438 4822 1214 1013 3956 181 1434 2134 2134 181 455 1214 1214 1042 3910 181 2134 1214 1214
1042 1042 817 113 1042 817 817 817 817 817 817 817 817 817 817 817 817 817 817 817
181 1434 2134 2134 4575 3585 2303 181 3585 1013 4575 2134 2303 181 2134 2134 2303 3956 3585 4575
4575 2438 1013 181 2438 1013 1013 4575 2134 2303 4575 2438 2438 1962 1013 1434 455 4575 2438 1434
181 2438 1013 1013 4575 2438 3956 181 2134 455 1013 3956 181 181 455 455 181 2134 1013 181
1042 1042 817 817 1042 1042 1962 1962 1962 181 3294 3956 1434 360 1397 360 3956 3956 360 181
1962 3910 1962 4822 4822 4822 4822 4822 817 2059 1042 2990 2990 2990 2990 2990 2990 2990 2990 2990
2438 1232 1013 3956 181 181 3585 3585 181 3585 2303 181 3585 1013 181 3585 2303 3956 181 3585
2438 2438 181 2438 1013 181 455 1013 181 2134 2303 181 2134 2134 2303 3956 455 4575 2438 3956
1397 1397 817 1214 1214 1214 1214 1214 2059 2059 2059 2059 4822 4822 4822 4822 1397 3956 1434 4822
3910 1962 1042 1042 2059 2059 2059 2059 4822 4822 4822 4822 1962 1962 3910 1962 4822 4822 4822 4822
2438 1013 3956 3585 4575 2438 3956 455 1013 3956 181 181 2438 455 181 455 1013 181 455 1013
3956 3956 360 3956 1397 3956 1397 3294 1214 4822 4822 4822 1397 360 3956 3956 360 3956 1397 3956
113 113 4158 4158 817 817 1042 1042 113 1042 1042 1042 1839 1839 817 817 1042 1042 1042 1042
817 1042 2059 2059 4822 4822 4822 4822 4822 1962 1962 4822 4822 4822 4822 4822 4822 817 4822 1042
181 1434 2134 2438 817 181 455 817 3910 1214 1214 181 2134 4822 1013 181 2134 1214 1214 3910
1214 1962 2059 2059 2059 4822 4822 4822 4822 4822 4822 1397 3956 3956 3956 360 3956 1434 360 360
2990 4315 2990 2990 2990 4315 2990 2990 2990 3910 3910 2990 3910 1214 1042 1042 2990 2990 4315 2990
1434 3294 360 1434 360 1214 4158 1214 1214 1214 1214 1214 1214 1214 2059 2059 2059 4822 4822 4822
1042 1397 1434 3910 3294 3294 1434 360 4158 1214 1214 1214 2059 2059 4822 4822 4822 4822 1214 4822
1042 817 1042 1042 817 817 817 2115 817 1042 1042 1042 4158 817 1042 1042 1042 2059 2115 817
1434 2438 2438 4575 2438 2303 4575 2134 1013 4575 2134 2303 4575 2134 2303 4575 3294 2059 1232 1232
113 113 113 1042 817 817 817 817 2990 2990 817 817 1042 817 4158 4158 1839 1839 1839 1839
357 357 357 357 357 357 357 357 357 357 357 357 357 357 357 357 357 357 357 357
1214 4822 4822 4822 4822 4822 1214 1214 1214 1042 1214 1214 1042 1042 2059 2059 1214 1214 1214 2059
1013 4575 3585 2303 181 2134 455 1013 3956 3585 4575 2438 3956 455 1013 3956 181 181 455 455
4315 4315 4315 4315 4315 4315 4315 4315 4315 2059 2059 1042 1214 4315 4315 4315 4315 4315 4315 4315
1214 1214 1214 4822 4822 4822 4822 4822 4822 4822 4822 3910 3910 3294 3956 360 4822 1214 3910 3956
3956 3956 360 1214 4822 1434 1397 3956 1434 1397 4822 4822 1397 360 3956 3956 360 1214 4822 3956
3956 181 181 2438 2438 181 2134 1013 181 455 1013 181 2438 2303 181 2134 2134 2303 3956 2134
2990 4315 2990 2990 2990 4315 2990 2990 1042 1042 3910 3910 2990 3910 817 817 1042 1042 1042 1042
4315 4315 4315 4315 4315 4315 4315 4315 4315 4315 4315 4315 4315 4315 4315 4315 4315 4315 4315 4315
1962 3910 1962 2059 2059 4822 4822 4822 4822 4822 4822 4822 4822 4822 1214 1042 2059 2990 2990 2990
2438 2438 181 3585 1013 3956 181 2134 1013 3956 181 2134 2303 3956 181 3585 1013 3294 1013 3956
2990 1042 817 817 817 2990 2990 4315 2990 3910 1214 1214 1214 2059 2059 4822 4822 4822 1214 4822
4315 4315 4315 4315 4315 4315 4315 4315 4315 4315 4315 4315 4315 4315 4315 4315 4315 4315 4315 4315
1962 1962 3910 3910 3910 3910 1962 1962 1962 1962 2059 1962 1962 1962 1962 3910 1962 1962 4822 4822
2438 1013 4575 3294 3956 455 3956 455 1013 3956 181 181 455 455 181 455 2303 181 455 1013
1214 4822 3910 3910 3294 181 2134 4822 1214 3294 3956 181 1434 455 2134 181 2134 1214 1214 1232
181 1434 2438 2134 181 2438 2303 181 2134 1013 1214 181 1042 2134 1042 2303 1232 181 2134 2303
1397 1397 360 817 817 3956 1434 3956 360 3956 1397 3956 1434 1397 1042 1042 2059 2059 1042 1042
1042 817 817 2059 1962 1962 2059 4822 4822 4822 4822 2990 4822 4822 4822 4822 4822 4822 1214 4822
3956 2438 4575 2438 181 2438 1013 3956 181 181 2438 2438 181 455 2303 3956 181 2134 1013 3956
2990 817 817 3910 3910 3910 3910 817 817 1042 1042 1042 1042 817 817 2990 2990 2990 2990 2990
1214 4822 817 817 1042 1042 817 817 817 817 1042 1042 2059 2059 817 1214 817 817 1042 1042
4315 4315 4315 4315 4315 4315 4315 2059 2059 4315 4315 4315 4315 1214 1214 4315 4315 4315 4315 4315
3956 1434 1397 3294 1434 1434 360 1214 817 1214 1214 1397 1214 1214 1214 2059 2059 4822 4822 4822
113 113 817 817 1839 1042 817 113 113 113 817 1839 817 113 1042 1042 1839 4158 1839 1839
181 2438 1214 817 1214 3910 3956 4575 3294 2438 3956 455 1214 2990 2990 4315 2990 3910 1214 4315
1434 2438 1397 2438 3956 3956 2438 3956 3294 3956 1434 3294 1397 455 3956 3956 3956 455 1397 1397
1434 1397 1397 360 3956 3956 360 1397 181 360 360 3956 360 1214 1214 1214 1214 1214 1214 817
4575 1013 181 3585 1013 3956 181 3956 2134 3585 181 2134 1013 181 3585 1013 181 3585 1013 2303
817 1397 360 817 1214 3956 3956 360 181 1397 3956 1434 360 1214 4822 1214 4822 1214 1214 1214
1397 360 3910 3956 1434 360 1962 360 817 817 1042 1042 1042 1042 1042 1042 1434 1397 1434 1434
2990 2990 4315 4315 4315 4315 4315 4315 4315 4315 2059 2059 1042 817 4315 4315 4315 4315 4315 4315
2438 181 3585 1013 181 3585 1013 181 3585 2303 181 2134 455 1013 3956 3585 4575 2134 3956 455
360 3956 1214 4822 360 3956 181 360 4822 4822 1397 360 3956 3956 360 3956 360 3956 1434 360
3910 4575 360 3910 1434 3294 817 1214 1214 1214 2059 2059 4822 4822 4822 4822 4822 4822 1214 4822
4575 1013 1434 2438 1013 3956 4575 1434 2134 2134 4575 2134 1013 4575 2134 1013 4575 2134 2303 4575
2990 2990 2990 3910 3910 3910 3910 1214 1042 1042 2990 2990 2990 2990 2990 2990 2990 2990 2990 2990
181 2438 1013 4575 2438 2059 2303 3956 181 2438 1013 3956 4575 3294 2438 3956 455 1214 3294 1214
1042 1042 113 2059 1962 2303 4575 2438 181 2438 1013 3956 181 1434 455 2134 181 2438 2303 181
181 2438 2438 1013 3956 4575 455 3294 3956 2438 1013 3956 181 1434 455 455 181 455 1013 181
4315 4315 4315 4315 4315 4315 4315 4315 4315 4315 4315 4315 4315 4315 2059 1962 1214 1214 4315 4315
1434 1397 3956 1434 3294 1397 3956 360 3956 3956 360 817 1214 1214 1214 1214 1214 1214 1214 2059
2990 817 1214 1214 3910 1962 2990 3910 1214 1042 1042 2059 2990 2990 4315 2990 2990 2990 2990 2990
1214 817 2059 2059 1962 1962 4822 4822 4822 4822 4822 4822 4822 4822 4822 2115 4822 4822 1214 817
113 113 113 1839 4158 817 113 113 113 2115 1839 1839 817 113 1042 1042 1839 2990 2990 2990
817 1042 817 1839 817 1042 1042 1042 817 1042 1042 1042 1839 817 1042 1042 1042 2059 1839 4158
2438 1013 3956 181 1434 2438 2134 181 455 2303 181 3585 1013 4575 455 2303 181 2134 1013 181
3910 4575 2134 3910 3910 3294 2059 817 1042 1042 1042 1214 1214 1214 1214 2059 1962 1962 2059 4822
3956 360 1434 1397 1434 1397 3294 1214 1214 1214 1214 1214 1214 2059 2059 2059 2059 4822 4822 4822
3956 181 2134 3910 181 4575 3294 817 1042 1042 1042 1962 2059 1214 1214 1214 1214 2059 1839 2059
1042 1397 1434 3910 3294 3294 1434 360 4158 1214 1214 1214 2059 2059 4822 4822 4822 4822 1214 4822
113 1042 1839 2059 817 817 1042 1042 1839 1839 817 817 1042 1042 4158 1839 1839 817 817 817
3956 4575 181 2438 2438 4575 2438 1013 181 2438 1013 4575 455 2303 3956 181 2438 1232 1013 3956
1042 2059 2059 1042 1042 817 817 817 817 1042 1042 1042 1042 1042 1042 817 817 1042 1042 1042
2438 1013 181 2438 2303 181 2438 4315 4315 4315 2990 4315 4315 4315 4315 4315 4315 4315 4315 4315
181 2438 1013 3956 181 455 2303 3956 181 2438 1013 3956 181 3294 2438 3956 455 3294 1214 1214
2059 817 1042 1042 1214 1214 1214 2990 2990 2990 2990 2990 2990 2990 2990 2990 2990 2990 2990 2990
817 1042 1042 2059 2059 1042 1042 817 817 817 817 1042 1042 1042 1042 1042 1042 817 817 1042
817 817 817 817 817 817 817 817 817 817 817 817 817 817 817 1042 1042 1042 1042 817
3956 181 181 2134 2134 181 3294 2303 181 2134 1013 3956 181 2134 2303 3956 181 2134 2303 3956
2059 1214 1214 1214 2059 1397 2059 4822 4822 4315 2990 4315 2990 4822 4822 4822 4822 4822 4822 4822
1214 2059 4315 4315 4315 4315 4315 4315 4315 4315 4315 4315 4315 4315 4315 4315 4315 4315 4315 4315
817 817 817 817 817 817 817 817 817 817 817 817 817 1042 1042 1042 4158 817 1042 1042
4315 4315 4315 4315 4315 4315 4315 4315 4315 4315 4315 4315 4315 4315 4315 4315 4315 4315 2438 3956
1397 1434 1397 3294 3294 1434 360 4158 1214 1214 1214 2059 2059 4822 4822 4822 4822 1214 4822 1214
2438 181 3585 1013 3956 181 2134 1013 3956 181 2134 2303 3956 181 3585 1013 3294 2303 3956 181
1013 3956 4575 181 2438 2438 181 455 1214 1214 1013 4575 455 1013 4575 455 2303 4575 455 1214
357 357 357 357 357 357 357 357 357 357 357 357 357 357 357 357 357 357 357 357
1214 1214 1214 1214 1214 1214 1214 2059 2059 1962 1962 2059 2059 4822 4822 4822 4822 4822 4822 4822
1042 1042 817 1214 1214 1214 3956 3956 360 1434 1397 3956 1434 360 1397 1397 360 3956 1434 1434
113 1013 181 2438 1013 3956 181 2438 2303 3956 181 455 1013 4575 455 1214 1214 1214 1214 2059
1434 1397 360 3956 360 1214 1214 1214 1214 1214 1214 1214 1214 3910 3910 1962 2059 1434 360 3956
1214 1214 2059 2990 2990 2990 2990 2059 2990 2990 2990 2990 2990 2990 4315 2990 2990 2990 2990 4315
2990 2990 2990 2990 2990 4315 3910 3910 3910 1214 1042 1042 2990 2990 4315 2990 2990 2990 4315 2990
2990 2990 2990 2990 2990 2990 2990 2990 2990 2990 2990 2059 2059 1042 1042 2990 2990 2990 2990 2990
1397 2438 3956 3956 2438 3956 2438 3956 3956 2438 1397 2438 3956 3956 2438 4315 4315 4315 4315 4315
4315 4315 4315 4315 4315 4315 4315 4315 4315 4315 4315 817 3910 3910 3910 3910 1214 1042 1042 1214
2303 181 2438 2134 1013 3956 2134 4575 2438 181 2134 1013 3956 4575 1434 2134 2134 181 2134 1013
2990 2990 2990 3294 181 2438 4575 3294 2990 2990 1962 1962 2990 2990 1397 1397 1214 1214 1232 1042
817 817 817 817 1214 817 1042 1042 2059 2059 1042 1042 1214 1214 817 1214 1042 1042 1042 1042
1434 3585 3585 181 3585 1013 181 455 1013 181 455 2303 3956 181 3585 2303 2303 3956 181 2134
181 2438 1013 3956 181 181 2438 2438 181 2438 1013 3956 181 3585 1013 3956 4575 2134 2303 3956
2134 181 2438 1013 3956 181 2134 1013 1397 1013 3956 4575 2134 2303 3956 1214 1214 1232 1232 1232
817 113 1042 1042 817 1042 1042 1042 1839 817 1042 1042 1042 2059 1839 4158 817 1042 1042 1042
181 2438 4315 4315 4315 4315 3910 3956 181 3294 2438 3956 2438 1214 4315 4315 4315 4315 4315 1214
4575 2438 3956 2438 1013 3956 181 181 2134 2134 181 3585 2303 181 455 1013 181 2134 2303 3956
4315 4315 4315 4315 4315 4315 4315 4315 4315 4315 4315 4315 4315 4315 4315 4315 4315 4315 4315 4315
4822 817 1042 4158 1042 1042 817 1042 1042 1042 817 1042 1042 1042 2059 3910 3910 3294 1434 2134
4315 4315 4315 4315 4315 4575 4575 4575 4575 2438 181 2438 1013 3956 181 1434 455 2438 181 2438
1397 1434 360 360 1434 360 817 1397 1214 1214 1214 2059 2059 4822 4822 4822 4822 4822 4822 1214
2438 1013 181 2438 1013 181 2438 2303 3956 181 2438 4315 4315 4315 4315 2438 3956 3956 2438 2438
817 1214 1214 1042 1214 1214 1042 1042 2059 2059 1214 1214 1214 2059 2059 4822 4822 4822 4822 4822
1397 3956 3956 360 360 3956 3956 360 3956 1434 360 1397 360 3956 3956 360 1214 4822 3956 360
1042 817 2059 2059 4822 817 1214 4822 4822 4822 4822 4822 4822 1214 4822 4822 817 1042 1042 1042
2990 2990 2990 2990 2990 2990 2990 3910 3910 3910 1214 1042 1042 2990 2990 2990 2990 2990 2990 4315
1042 1042 2059 817 1042 1042 1042 817 817 1839 817 817 1042 1042 1042 817 1839 817 1042 1042
4315 4315 4315 4315 4315 2990 4315 1962 1962 1962 3910 1962 2059 4822 4822 4822 4822 4822 4822 4822
181 2438 1013 181 2438 1013 181 2438 2303 3956 181 2438 1013 3956 181 3294 2059 1214 1214 1214
3956 1434 360 817 817 817 817 817 817 817 817 817 817 817 1214 817 817 817 817 817
2059 2059 2059 1397 360 4822 4822 4822 4822 3956 3956 360 181 1397 3956 1434 360 4822 4822 1397
181 2134 1013 3956 181 181 455 2134 181 455 3294 181 455 1013 181 455 1214 1214 2303 1232
113 113 113 1839 817 113 113 113 1839 1839 817 1042 1042 1042 1839 1839 1839 817 1042 113
4315 4315 4315 4315 4315 4315 4315 4315 4315 4315 4315 4315 4315 4315 4315 4315 4315 4315 4315 4315
360 1042 181 360 3910 181 360 1397 181 3294 360 3956 455 817 1214 1214 1214 1214 1214 1042
2990 2990 2990 2990 2990 1214 3910 3910 3910 3910 2059 1214 1042 1042 1962 1962 2990 2990 4315 4315
1962 1962 4575 4575 4575 4575 1962 1962 1962 1962 1962 1962 1962 4575 1962 4575 1434 1962 1962 4822
2059 3910 1214 2059 1042 3910 1042 2059 2059 2059 2059 4822 4822 4822 4822 1962 1962 3910 1962 4822
2059 817 817 1042 817 1042 817 817 817 817 1839 817 1042 1042 1042 4158 817 1042 1042 1042
4315 4315 4575 4575 1962 4575 181 2438 3956 455 1013 3956 181 3956 455 455 3956 455 2303 181
4822 4822 817 1042 2059 1042 2990 2990 2990 2990 2990 2990 2990 2990 2990 2990 2990 2059 2990 2990
1042 1214 1042 1042 1042 1042 1042 1042 3910 3910 3294 181 455 2303 3956 181 181 2134 2134 181
360 3956 3956 3956 360 181 1397 3956 1434 3294 1214 1214 1042 1042 2059 2059 1042 1042 2059 2059
1397 1434 3956 360 360 3956 1214 1214 1214 1214 1214 1214 1214 1214 2059 2059 1962 1962 2990 2990
4315 4315 4315 1214 817 1214 817 1214 1214 1214 2059 2059 4822 4822 4822 4822 4822 4822 4822 4822
2990 2059 2059 4822 4822 1214 4822 4822 4822 4822 4822 4822 4822 4822 4822 4822 4822 4822 4822 1214
3585 181 3585 1013 181 3585 1013 181 3585 2303 3956 181 3585 1013 3956 181 2134 1214 1232 1232
360 817 817 817 1214 817 1214 817 4822 817 4822 817 817 1042 1042 1042 1042 1397 1397 360
1042 817 817 817 1042 1042 817 817 1042 1042 1839 817 817 1042 1042 2059 1839 817 817 1042
1397 1397 360 3956 3956 3956 360 1434 1397 3956 1434 3294 1214 1214 1214 1214 1214 1214 2059 2059
4315 4315 4315 4315 4315 4315 4315 4315 4315 4315 4315 4315 4315 4315 4315 4315 4315 4315 4315 181
817 817 817 817 817 817 817 817 817 817 817 113 1042 817 817 1042 1042 113 817 1042
1042 817 817 2059 2059 4822 4822 4822 4822 4822 4822 4822 4822 4822 1214 1042 817 1214 1214 817
4158 2059 1214 4822 4315 2990 4315 2990 4822 4822 4822 4822 4822 4822 4822 4822 4822 4822 817 817
4575 4575 4575 1013 2438 1962 1962 2303 181 2438 3956 455 1013 3956 181 3956 455 455 181 455
1232 1013 4575 2438 181 3585 1013 3956 181 181 2438 3585 181 2438 2303 181 3585 1013 4575 2438
817 113 113 113 1042 1042 1042 1839 1839 817 817 113 113 1042 1042 1042 1042 1839 1839 4158
4575 2303 4575 4575 1013 4575 2438 1434 455 1013 3956 181 1434 455 2438 181 2438 1013 181 455
357 357 357 357 357 357 357 357 357 357 357 357 357 357 357 357 357 357 357 357
1042 817 817 817 1042 817 817 817 817 817 817 817 817 817 817 817 817 817 1042 1042
817 817 817 817 817 817 817 817 817 817 817 817 817 1042 817 817 1042 817 817 817
1962 3910 2059 2059 4822 4822 1214 4822 4822 4822 4822 4822 4822 4822 4822 4822 4822 4822 4822 4822
1013 181 2438 2303 181 2438 1962 1962 4575 181 3294 1434 1434 2438 1013 2134 3956 3956 2134 181
817 817 1397 1397 3956 1397 360 817 817 817 1214 817 4822 817 817 1042 1042 1042 1042 1397
4315 4315 4315 4315 2059 1042 4315 4315 4315 2990 4315 4315 4315 4315 4315 4315 4315 4315 4315 4315
817 817 817 1214 817 817 1042 1042 1042 1042 1042 1042 817 1214 2059 2059 1042 817 1042 1042
360 3956 1397 3956 1434 1397 1397 360 3956 3956 3956 360 4158 1397 817 817 817 817 817 817
817 817 817 817 817 817 817 817 817 817 817 817 817 817 817 817 817 817 817 817
4575 4575 1013 4575 3294 181 2134 1013 3956 181 1434 2134 455 181 2134 2303 181 2134 1013 3956
1042 1042 1232 1232 1232 3910 4575 3294 181 2438 1013 3956 181 1434 2134 2438 181 2438 1013 181
1397 360 1214 1214 1214 4822 3956 3956 360 3956 1397 3956 1434 360 4822 4822 3910 360 3956 3956
1434 3956 360 360 3956 1214 1214 1214 1214 1214 1214 1214 1214 2059 2059 1962 1962 2990 2990 2059
817 817 817 817 817 817 817 817 817 817 817 817 817 817 817 817 817 817 817 817
357 357 357 357 357 357 357 357 357 357 357 357 357 357 357 357 357 357 357 357
2059 4822 1214 4822 4822 4822 1962 1962 4822 4822 4822 4822 4822 4822 817 4822 1042 1214 1214 1042
1962 1042 1042 1042 1962 3910 3910 2059 2059 2059 1962 1962 3910 1962 2059 4822 4822 4822 4822 4822
1042 1042 1042 1214 1042 1042 3910 3910 2134 181 455 1013 3956 181 181 455 455 181 455 3294
817 1042 1042 1042 2059 817 1042 1042 1042 817 817 1839 817 817 1042 1042 1042 817 1839 817
817 1042 1839 1042 817 817 817 1042 1042 817 817 1042 1042 1839 817 817 1042 1042 2059 1839
3910 1962 2990 3910 1214 1042 1042 2059 2990 2990 2990 2990 2990 2990 2990 2990 2990 2990 2990 2990
360 3956 3956 360 3956 360 3956 1434 3294 4822 4822 1397 455 3956 3956 360 1214 4822 3956 360
2990 4315 2990 2990 2990 4315 2990 2990 1042 1042 3910 3910 2990 3910 817 817 1042 1042 1042 1042
2990 4315 4315 2059 1214 1214 2990 4315 2990 2990 2990 4315 2990 4315 2990 4315 2990 4315 2990 1042
1214 1214 1214 1042 1214 1214 1214 2059 2059 2059 2059 3910 3910 1214 4822 1214 4822 2059 2059 2059
2438 181 455 1013 3956 181 181 455 455 181 455 2303 1214 181 455 1232 1232 1013 4575 455
1042 2059 1042 2059 2059 2059 2059 4822 4822 4822 4822 2059 1962 3910 1962 4822 4822 4822 4822 4822
817 1042 1042 817 1042 1839 817 817 1042 1042 1042 2059 817 1042 1042 1042 817 817 1839 1042
817 817 817 817 817 817 817 817 817 817 817 817 817 817 1042 817 817 817 817 817
3910 1214 1042 1042 1962 2059 2059 2990 2990 2990 2990 2990 2990 2990 2990 2990 2990 2990 2990 2990
4822 4822 4822 4822 4822 4822 1214 1042 1042 1214 1042 2059 1042 2059 1214 1214 1214 2059 2059 4822
3956 1397 3956 1434 1397 1397 360 3956 3956 360 3956 360 3956 1434 360 1214 4822 1214 1214 1214
4822 4822 1214 4822 4822 4822 4822 1214 1042 1042 1042 1214 1042 1042 1042 3910 3910 3294 1434 455
113 113 113 113 113 1042 1839 1839 1839 1839 1839 1839 817 817 1042 1042 1042 1042 1042 1042
817 817 1214 1214 4822 4822 1214 4822 817 817 1214 3910 1962 3294 3956 3294 1042 1042 3910 3956
1042 2059 2059 2059 2059 4822 4822 4822 4822 4822 2059 1962 4822 3910 1962 4822 4822 4822 1214 1042
3956 360 360 3956 1214 1214 1214 1214 1214 1214 1214 1214 2059 2059 1962 1962 2990 2990 2059 2059
3956 3956 3956 3956 360 1397 3956 1434 3294 1214 1214 1214 1214 1214 1214 2059 2059 2059 2059 4822
1013 4575 4575 1013 4575 2438 181 455 1013 3956 4575 1434 455 2438 4575 455 1013 181 455 1013
4575 2438 1397 1434 3294 2438 3956 455 1214 1397 1214 1214 1214 1214 1214 1214 1214 2059 2059 2059
181 3585 1013 181 3585 2303 181 2134 455 2303 3956 3585 4575 2438 3956 455 1013 3956 181 3956
357 357 357 357 357 357 357 357 357 357 357 357 357 357 357 357 357 357 357 357
1397 1214 817 1214 817 1214 1214 1214 2059 2059 4822 4822 4822 4822 4822 4822 4822 4822 4822 1214
4315 4315 4315 4315 4315 4315 4315 4315 4315 4315 4315 4315 4315 4315 4315 4315 4315 4315 4315 4315
3910 3910 3910 2059 2059 2059 1962 2059 1962 1962 1962 1962 3910 1962 1962 1962 4822 4822 4822 4822
360 817 4158 817 817 817 1042 817 1214 1214 2059 2059 2059 4822 4822 4822 4822 4822 1214 1214
1042 113 113 113 1042 1042 1042 1839 1839 1839 1839 1839 1839 817 817 1042 1042 113 1042 1042
1042 817 1042 1042 817 817 360 1397 360 817 817 3956 1434 3956 360 3956 1397 3956 1434 1397
1397 3956 1434 360 360 1214 4822 1397 360 3956 3956 3956 360 3956 1397 3956 1434 360 1214 1214
4315 4315 4315 4315 4315 4315 4315 4315 4315 4315 4315 4315 4315 4315 4315 4315 817 4315 4315 4315
357 357 357 357 357 357 357 357 357 357 357 357 357 357 357 357 357 357 357 357
113 113 113 1839 1839 1839 1839 1839 1839 817 817 1042 1042 1042 1042 1042 1042 2990 2990 4158
1042 113 113 817 817 817 817 817 817 1042 1042 1042 1042 1042 1042 817 817 1042 1042 1042
2059 4158 1214 1214 4822 4822 4822 4822 4822 4822 4822 1214 1214 1214 1042 1214 1214 1042 1042 2059
3956 360 3956 1397 3956 1434 1397 1397 360 3956 3956 3956 360 1397 1397 817 1214 817 817 817
1962 4575 4575 4575 3910 1962 1962 1962 1962 1962 1962 1962 1962 1962 3910 1962 1962 1962 4822 4822
1042 1042 817 817 2059 2059 1042 1042 1042 1042 1042 1042 1839 1839 4158 4158 1214 1214 1042 1042
1962 1013 4575 2438 3956 3585 1013 3956 181 3956 2134 455 181 3585 1013 3956 181 455 1013 3956
2059 1214 1214 1214 1214 1214 1214 2059 2059 2059 2059 1397 360 2059 1962 3956 3956 3956 360 1434
2438 1232 1013 3956 181 181 3585 3585 181 3585 2303 181 3585 1013 181 3585 2303 3956 181 3585
817 817 817 817 817 817 817 817 1042 1042 817 817 817 817 113 1042 1042 817 113 1042
3910 3910 1214 1042 1042 1962 1962 2059 2990 2990 2990 2990 2990 2990 2990 2990 2990 2990 2990 2990
2059 1962 1962 2990 2990 2059 2059 4822 4822 4822 4822 4822 4822 4822 4822 4822 4822 4822 4822 4822
1013 4575 1013 181 2134 1013 181 181 181 2438 2438 4575 2438 2303 181 2134 1013 2059 1962 181
1434 2438 1397 2438 3956 3956 2438 3956 3294 3956 1434 3294 1397 455 3956 3956 3956 455 1397 1397
817 1042 817 817 817 1042 817 2990 2990 3910 2990 2990 2990 2990 4315 2990 2990 2990 2990 2990
817 817 1434 200 1397 817 817 817 817 817 817 817 817 817 817 817 817 817 817 817
1214 4822 1214 1214 1214 1214 1214 1214 2059 2059 2990 4315 4315 4315 2990 4315 2990 2990 2990 4315
1042 2059 1042 2990 2990 2990 2990 2990 2990 2990 2990 2990 2990 2990 2059 2990 2990 2990 2990 2990
4315 4315 4315 4315 4315 4315 4315 2990 4315 1962 1962 1962 3910 1962 2059 4822 4822 4822 4822 4822
113 113 113 113 113 1839 1839 817 817 113 1042 113 1042 113 1042 1839 1839 1839 1839 1839
1214 4822 3910 3910 3294 181 2134 4822 1214 3294 3956 181 1434 455 2134 181 2134 1214 1214 1232
2134 3910 4575 2134 1013 1214 181 1042 2134 1042 2303 1042 181 455 3294 4575 3294 1214 1214 1214
113 113 113 113 113 1839 1839 2990 1839 2990 1839 2990 2990 2990 2990 2990 2990 817 817 113
1042 1042 1042 1042 1042 2059 2059 181 1397 3956 1434 1397 1397 360 3956 3956 360 1214 1214 1214
1214 1042 1042 2059 2990 2059 2990 1214 1214 2990 2990 2990 2990 2990 2990 2990 2990 2990 2990 2990
2438 4575 2438 1013 4575 2438 1013 4575 2438 2303 4575 2438 1013 181 4575 3294 2438 3956 2438 1232
4575 2438 3910 1434 4575 3294 817 1042 1042 1042 1214 1214 1214 1214 2059 1962 2059 2059 4822 4822
360 1397 1397 3910 3956 181 3294 2134 3956 1434 455 1214 1214 1214 1214 1214 1214 1214 1214 1397
113 1042 1042 1042 1962 2059 2990 2990 2990 2990 2990 2990 2990 2990 2990 2990 2990 2990 2990 2990
1434 360 3956 3956 360 817 1214 1214 1214 1214 1214 1214 1214 2059 2059 2990 2990 2059 2059 4822
4575 4575 1013 4575 1013 181 2134 1013 3956 181 1434 2134 2134 181 3585 1013 181 455 1013 181
1434 1397 1397 360 3956 3956 360 1397 181 360 360 3956 360 1214 1214 1214 1214 1214 1214 817
181 360 2303 181 2134 1214 3294 181 3294 2134 3956 455 1397 1214 1214 1214 1214 1214 1214 1214
3956 181 360 3910 1434 360 1042 1214 1214 1214 2059 2059 4822 4822 4822 4822 4822 4822 4822 1214
4315 4315 4315 4315 4315 4315 4315 4315 2059 2059 1214 1214 4315 4315 4315 4315 4315 4315 4315 4315
113 2059 1042 2059 2059 1214 1214 1214 2059 2059 4822 4822 4822 4822 4822 4822 4822 4822 4822 4822
817 1214 4822 4822 1214 4822 1214 4822 4822 817 1042 1042 1042 817 1042 1042 1042 3910 3910 3294
2059 2059 1214 1214 1214 2059 2059 2059 4158 4822 4822 4822 4822 4822 4822 4822 4822 4822 4822 4822
1042 1042 1042 1962 3910 3910 2059 2059 2059 1962 1962 3910 1962 2059 4822 4822 4822 4822 4822 4822
357 357 357 357 357 357 357 357 357 357 357 357 357 357 357 357 357 357 357 357
817 817 817 817 817 817 817 817 817 817 817 817 817 817 817 817 817 817 817 817
360 1434 1397 3956 1397 360 1397 360 3956 3956 360 4822 4822 1434 1397 3956 1434 1397 4822 4822
4315 4315 4315 4315 4315 4315 4315 4315 4315 4315 4315 4315 4315 4315 4315 4315 4315 4315 4315 4315
3910 817 817 1042 1042 1042 1042 817 817 2990 2990 2990 2990 2990 2990 2990 2990 2990 2990 2990
4315 4315 4315 4315 4315 4315 4315 4315 4315 4315 4315 4315 4315 4315 4315 4315 4315 4315 4315 1292
4315 2990 4315 4315 4315 4315 2990 4315 2990 4315 2990 4315 4315 4315 3910 4315 3910 1214 1042 1042
1434 3910 3294 360 1434 360 817 4158 1214 1214 1214 1214 1214 1214 1214 2059 2059 4822 1214 4822
3956 4575 1434 2438 2438 4575 2438 1013 181 2438 1013 1013 4575 455 2303 181 2438 2134 1962 3294
1232 1232 1232 2303 4575 1013 181 2438 1013 3956 181 1434 2438 2438 181 2438 2303 181 2438 1013
360 1042 817 1962 181 1397 3956 1434 360 1397 360 3956 3956 360 3956 1397 3956 1434 1397 1397
4575 1434 2438 2438 181 2438 1013 3956 181 2134 1013 3956 4575 455 2303 3956 181 455 1214 1214
3956 2438 2438 181 2438 1013 181 455 1013 181 2134 2303 181 3585 2303 3956 181 2134 2438 2438
3956 1397 3956 1434 360 360 1397 360 3956 3956 3956 3956 360 3956 1397 3956 1434 1397 1214 1214
2059 1042 817 1214 1214 1042 1042 4158 4158 1042 1042 1962 1962 1434 360 3956 1434 3294 1397 1434
817 1042 817 1042 1042 817 817 1042 1042 1042 817 1042 1042 1042 1839 2059 817 1042 1042 1042
1214 4822 4822 4822 4822 2059 1962 3910 1962 4822 4822 4822 1214 1042 2059 1042 2990 2990 2990 2990
360 3910 3910 3294 2059 817 1042 1042 1042 1214 1214 1214 1214 2059 1962 1962 2059 4822 4822 4822
3910 3910 1214 2059 2059 2059 2059 4822 4822 4822 4822 4822 4822 4822 1962 1962 3910 1962 4822 4822
4315 2990 3910 1042 4315 4315 4315 2990 4315 4315 4315 4315 3910 817 817 817 817 1962 3910 817
1042 1962 181 1397 3956 1434 360 1397 360 3956 3956 360 3956 1397 3956 1434 3294 1397 360 3956
1013 4575 1013 181 2134 1013 3956 181 181 2134 2134 181 2134 2303 3956 181 2134 1013 3956 181
4315 4315 4315 4315 4315 4315 4315 4315 4315 4315 1214 1214 1214 3910 3910 2990 3910 817 1042 1042
1042 817 817 113 1042 817 817 817 817 817 817 817 817 1042 1042 1042 1042 1042 1042 817
1962 3910 3910 817 1042 1042 3910 2990 2990 2990 2990 2990 2990 2990 2990 2990 2990 2990 2990 2990
4315 4315 4315 4315 4315 4315 4315 4315 4315 4315 4315 4315 4315 4315 4315 4315 4315 4315 4315 4315
4315 4315 4315 4315 4315 2059 4315 4315 4315 4315 4315 4315 4315 4315 4315 4315 4315 4315 4315 4315
4575 3910 3910 817 1042 1042 2059 2990 2990 2990 2990 2990 2990 2990 2990 2990 2990 2990 2990 2990
1962 817 4822 1214 4822 4822 2059 817 817 817 1042 1042 817 1839 817 1042 1042 1042 817 1042
1042 817 1042 1042 1042 817 1042 1042 1042 2059 4158 1839 817 1042 1042 1042 1839 817 1042 2990
1214 1214 1214 1214 1962 1962 4822 4822 4822 4822 4822 2059 817 817 1214 1042 1042 817 2990 817
4822 1214 1214 1214 2059 2990 2990 2990 2990 2059 2990 2990 2990 2990 2990 2990 2990 2990 2990 2990
1042 817 1042 1042 2059 2059 4158 1214 1214 1214 2059 2059 4822 4822 4822 4822 4822 4822 4822 4822
3956 3956 2438 181 3294 3956 1434 3294 1397 2438 3956 3956 455 1013 181 2438 2438 3956 2438 1214
1013 181 2438 1013 1013 4575 455 2303 181 2438 2438 2059 1013 1434 455 4575 2438 1434 455 1013
1042 3910 3956 4575 3294 3294 3956 1434 3294 1214 1214 1214 1214 1397 1214 1214 1214 2059 2059 4822
4315 4315 4315 4315 4315 4315 4315 4315 4315 4315 4315 4315 4315 4315 2059 1962 1214 1214 4315 4315
817 817 817 817 817 1042 817 817 1042 817 817 1042 1042 1042 817 1042 1042 1042 1839 2059
3294 3956 1434 3294 817 1042 1042 1042 4158 1214 1214 1214 1214 2059 2059 4822 4822 1962 1962 4822
3294 3956 1434 2438 1013 2438 3956 3956 2438 3956 2438 3956 1434 2438 3294 2438 3956 3956 455 1013
1962 1214 4822 4822 4822 4822 4822 4822 1214 2059 2990 2990 2990 2990 2990 2990 2990 2990 2990 2990
817 817 817 817 817 817 817 817 817 817 817 1042 113 1042 817 1042 1042 1042 817 1042
817 817 817 817 817 817 817 817 817 817 817 817 1042 1042 817 817 817 817 817 817
2059 2059 4315 4315 4315 4315 4315 4315 4315 4315 4315 4315 4315 4315 2059 1962 1214 1042 4315 4315
2990 2990 3910 3910 3910 3910 2059 1214 1042 1042 1214 4822 1214 2990 2990 2990 2990 2990 2990 2990
1042 817 1042 817 817 817 817 817 817 817 817 817 817 817 817 817 1042 1042 1042 1042
1214 4822 1214 4822 4822 3910 3910 3294 3956 455 4822 1214 3294 3956 181 181 455 2134 181 2134
3910 3956 4575 3294 3294 3956 1434 2438 1214 1214 1214 1214 1397 1214 1214 1214 2059 2059 4822 4822
1042 817 2059 2059 4822 4822 4822 1214 4822 4822 4822 4822 4822 4822 4822 4822 1214 817 817 1042
4315 4315 4315 4315 4315 4315 4315 4315 4315 4315 4315 4315 4315 4315 4315 4315 4315 4315 4315 4315
817 1042 817 817 817 1042 817 2990 2990 3910 2990 2990 2990 2990 4315 2990 2990 2990 2990 2990
2990 2059 1042 2990 2990 2990 2990 2990 2990 2990 2990 2990 2990 2990 2990 2990 2990 2990 2990 2990
1042 2059 2990 2059 2990 3910 1214 2990 2990 2990 2990 2990 2990 2990 2990 2990 2990 2990 2990 2990
1013 181 3585 4575 2438 181 2134 1013 3956 4575 1434 2134 2134 4575 2134 2303 181 2134 1013 4575
