78 78 78 494 494 494 1656 1883 1776 1232 1615 1615 1232 1615 494 494 494 514 514 766
1776 1232 1615 1615 1232 1615 494 494 766 594 594 1923 1923 1923 1656 1883 1776 1232 1615 1615
1232 1615 494 494 766 594 594 1923 1923 1923 1656 1883 1776 289 1615 1615 289 1615 1656 1883
1656 1883 1776 1232 1615 1615 1232 1615 1656 1883 78 514 1656 1883 168 168 168 168 168 168
78 494 494 1656 1883 1776 1232 1615 1615 1232 1615 494 494 766 594 594 1923 1923 1923 1656
559 206 559 1710 49 1817 1644 49 204 204 204 204 204 813 168 1273 206 813 559 168
494 1656 1883 1776 1232 1615 1615 1232 1615 494 494 494 514 1656 766 594 594 594 594 1817
1656 1883 1776 1232 1615 1615 1232 1615 494 494 494 514 1656 766 594 594 594 594 1817 1817
494 49 204 204 204 204 204 813 168 1273 206 813 559 168 559 206 813 168 559 559
1232 1615 1615 1232 1615 494 494 766 594 594 594 594 1923 1923 1923 1656 1883 1776 1232 1615
1923 1923 1923 1656 1883 1776 1232 1615 1615 289 289 1615 1656 1883 78 514 1656 1883 168 168
168 168 168 168 168 168 1923 1710 1710 49 494 494 494 1624 1624 1624 1624 1624 1624 1624
168 168 1817 1710 1710 49 494 49 204 204 204 204 204 813 168 1273 206 813 559 168
1883 168 514 168 168 1710 1710 49 1817 494 49 204 204 204 204 204 813 1644 1273 206
594 594 594 1923 1923 1923 1656 1883 1776 1232 1615 1615 1232 1615 1656 1883 78 514 1656 1883
78 494 494 1656 1883 1776 1232 1615 1615 1232 1615 494 494 766 594 594 1923 1923 1923 1656
49 494 494 1817 1710 494 49 204 204 204 204 204 813 168 1273 206 813 559 168 559
594 1923 1923 1923 1656 1883 1776 1232 1615 1615 289 289 1615 1656 1883 78 514 1656 1883 168
1710 1710 1817 49 49 204 204 204 204 204 813 1644 1273 206 813 559 1644 1644 1273 206
594 78 78 494 494 1656 1883 1776 1232 1615 1615 1232 1615 494 494 766 594 594 1923 1923
514 1656 1883 168 168 168 1710 1710 1923 49 494 49 1710 1710 1710 1710 1710 813 168 1273
559 559 206 559 1710 49 1817 1710 49 204 204 204 204 204 813 168 1273 206 813 559
1883 1776 1232 1615 1615 1232 1615 1656 1883 78 514 1656 1883 168 168 168 1923 1710 1710 49
1624 1624 1624 1624 1624 1624 1624 1624 1624 494 123 1817 123 78 1817 78 1817 123 123 1817
1776 289 1615 1615 289 289 1615 1656 1883 78 514 1656 1883 168 168 168 1710 1710 1923 49
168 1817 1710 1710 49 494 494 494 49 204 204 204 204 204 813 1644 1273 206 813 559
1656 1883 1776 1232 1615 1615 1232 1615 494 494 766 594 594 1923 1923 1923 1656 1883 1776 1232
594 1923 1923 1923 1656 1883 1776 289 1615 1615 289 289 1615 1656 1883 78 1656 1883 168 514
78 1817 1817 78 1817 123 123 1817 123 1817 123 78 1817 78 1817 123 123 1817 1624 1624
1615 494 494 766 594 594 1923 1923 1923 1656 1883 1776 289 1615 1615 289 1615 1656 1883 78
1817 204 123 123 1817 813 1644 1644 1273 206 813 559 1644 1644 559 206 1644 1644 813 559
1615 1615 1232 1615 494 494 766 594 594 1923 1923 1923 1656 1883 1776 289 1615 1615 289 289
1817 1817 1817 204 123 123 1817 813 1644 1644 1273 206 813 559 1644 1644 559 206 1644 1644
1817 123 123 1817 1710 1624 1624 1624 1624 1624 1710 1710 1710 1710 49 204 204 204 559 1817
168 1817 1710 1710 49 494 494 1817 1710 494 49 204 204 204 204 204 813 168 1273 206
813 168 168 813 1817 559 559 559 206 559 49 594 1817 1710 49 494 494 594 594 1710
1710 1710 813 168 1273 206 813 559 168 168 559 206 813 559 559 206 559 1710 49 514
1710 49 494 49 204 204 204 204 204 813 1644 1273 206 813 559 1644 1644 559 206 813
594 78 78 494 494 1656 1883 1776 1232 1615 1615 1232 1615 494 494 766 766 594 594 1923
78 78 494 494 1656 1883 1776 1232 1615 1615 1232 1615 494 494 766 594 594 1923 1923 1923
168 1273 206 206 559 168 168 559 206 813 559 559 206 559 1710 49 494 494 1817 1817
123 1817 559 813 168 168 813 1817 559 559 559 206 559 49 594 1817 1710 49 494 494
494 1656 1883 1776 1232 1615 1615 1232 1615 494 494 766 594 594 594 594 1923 1923 1923 1656
1710 1817 49 494 49 204 204 1710 204 204 813 168 1273 206 813 559 168 168 1273 206
204 204 204 813 168 1273 206 813 559 168 168 559 206 813 559 559 206 559 1710 49
1656 1883 168 514 168 168 1923 1710 1710 49 494 494 494 49 204 204 204 204 204 813
494 494 766 594 594 594 594 1923 1923 1923 1656 1883 1776 1232 1615 1615 1232 1615 1656 1883
1624 1624 1624 1624 1232 1817 123 123 78 1817 1817 78 1817 123 123 1817 123 1817 123 123
1817 1817 559 559 559 206 559 49 594 1817 1710 49 494 494 594 594 1710 1817 49 1710
494 494 766 594 594 1923 1923 1923 1656 1883 1776 1232 1615 1615 1232 1615 1656 1883 78 514
594 594 78 78 78 78 494 494 494 1656 1883 1776 1232 1615 1615 1232 1615 494 494 494
78 78 494 494 494 1656 1883 1776 1232 1615 1615 1232 1615 494 494 494 1656 514 766 594
1883 78 1656 1883 168 514 168 168 1923 1710 1710 49 494 494 494 49 204 204 204 204
1817 1624 1710 49 494 494 494 1624 1624 1624 1624 1624 1624 1624 1624 1624 1624 494 123 1817
78 514 1656 1883 168 168 168 1710 1710 1923 49 494 49 1710 1710 1710 1710 1710 813 168
1776 1232 1615 1615 1232 1615 494 494 766 594 594 1923 1923 1923 1656 1883 1776 289 1615 1615
594 1923 1923 1656 1883 1776 289 1615 1615 1232 1615 1656 1883 78 514 1656 1883 168 168 168
204 204 204 204 204 813 168 1273 206 813 559 168 168 559 206 813 559 559 206 559
559 1710 49 1817 1817 1710 49 204 204 204 204 204 813 168 168 1273 206 813 559 168
1615 1615 1232 1615 494 494 766 594 594 1923 1923 1923 1656 1883 1776 1232 1615 1615 1232 1615
766 594 594 1923 1923 1656 1883 1776 289 1615 1615 1232 1615 1656 1883 78 514 1656 1883 168
1883 78 514 1656 1883 168 168 168 1923 1710 1710 49 494 49 204 204 204 204 204 813
594 78 78 78 494 494 1656 1883 1776 1232 1615 1615 1232 1615 494 494 766 594 594 1817
1615 1232 1615 1656 1883 78 514 1656 1883 168 168 168 168 168 168 1923 1710 1710 49 494
1656 1883 168 168 168 1923 1710 1710 49 494 49 204 204 204 204 204 813 1644 1273 206
514 168 168 1710 1710 49 1817 494 494 494 1624 1624 1624 1624 1624 1624 1624 1624 1624 1624
494 766 594 594 1923 1923 1923 1656 1883 1776 289 1615 1615 289 289 1615 1656 1883 78 1656
594 78 78 78 78 494 494 494 1656 1883 1776 1232 1615 1615 1232 1615 494 494 494 514
289 1615 1615 289 289 1615 1656 1883 78 1656 1883 168 514 168 168 1923 1710 1710 49 494
1624 1624 1624 1624 1624 1624 1624 1624 1624 1232 1817 123 123 49 1817 1817 78 1817 123 123
168 168 168 1817 1710 1710 49 494 49 204 204 204 204 204 813 1644 1273 206 813 559
1656 1883 1776 1232 1615 1615 1232 123 1615 1656 1883 78 514 1656 1883 168 168 168 1923 1710
168 168 168 168 168 168 1817 1710 1710 49 494 494 494 1624 494 1624 1624 1624 1624 1624
1817 1710 49 494 494 594 594 1710 1817 49 204 204 204 204 204 813 168 168 1273 206
1615 494 494 766 594 594 1923 1923 1923 1656 1883 1776 1232 1615 1615 1232 1615 1656 1883 78
1817 1710 1710 49 494 49 204 204 204 204 204 813 168 1273 206 813 559 168 168 559
1776 1232 1615 1615 1232 1615 1656 1883 78 514 1656 1883 168 168 168 168 168 168 1923 1710
1923 494 494 1656 1883 1776 289 1615 1615 289 289 1615 1656 1883 78 514 1656 1883 168 168
78 494 494 1656 1883 1776 1232 1615 1615 1232 1615 494 494 766 594 594 1923 1923 1923 1656
594 594 594 78 78 78 78 494 494 494 1656 1883 1776 1232 1615 1615 1232 1615 494 494
594 1923 1923 1923 1656 1883 1776 289 1615 1615 1232 1615 1656 1883 78 514 1656 1883 168 168
1615 1232 1615 494 494 766 594 594 1923 1923 1923 1656 1883 1776 1232 1615 1615 289 289 1615
766 594 594 1923 1923 1923 1656 1883 1776 1232 1615 1615 1232 1615 1656 1883 78 514 1656 1883
1624 1624 1624 1624 1624 1624 1624 1232 1817 123 123 78 1817 1817 78 1817 123 123 1817 123
204 813 168 1273 206 813 559 168 559 206 813 168 559 559 206 559 1710 49 1817 1710
1923 1656 1883 1776 1232 1615 1615 1232 1615 1656 1883 78 514 1656 1883 168 168 168 1923 1710
49 1817 494 49 204 204 204 204 204 813 1644 1273 206 813 559 1644 559 813 168 813
168 168 168 168 168 1923 1710 1710 49 494 494 494 1624 1624 1624 1624 1624 1624 1624 1624
1615 1615 1232 1615 1656 1883 78 514 1656 1883 168 168 168 494 1710 1710 1923 49 49 1710
1710 49 1817 1710 49 204 204 204 204 204 813 168 1273 206 813 559 168 168 1273 206
1923 1923 1923 1656 1883 1776 1232 1615 1615 1232 1615 1656 1883 78 514 1656 1883 168 168 168
1615 1615 1232 1615 494 494 766 594 594 1923 1923 1923 1656 1883 1776 289 1615 1615 289 289
494 494 766 594 594 594 594 1923 1923 1923 1656 1883 1776 1232 1615 1615 1232 1615 1656 1883
1883 168 168 168 168 514 168 168 1710 1710 49 1817 494 494 494 1624 1624 1624 1624 1624
494 494 1624 494 1624 1624 1624 1624 1624 1624 1624 1624 1624 1232 1817 123 123 123 1817 1817
1656 1883 1776 1232 1615 1615 1232 1615 494 494 766 594 594 1923 1923 1923 1656 1883 1776 1232
1232 1615 494 494 766 594 594 1817 1923 1923 1656 1883 1776 289 1615 1615 289 289 1615 1656
1817 1817 78 1817 123 123 1817 123 1817 123 78 1817 78 1817 123 123 1817 1624 1624 1624
1615 1615 1232 123 1615 1656 1883 78 514 1656 1883 168 168 168 1923 1710 1710 49 494 494
78 1817 1710 1817 78 1817 123 78 123 1817 123 1817 78 1817 123 1232 1817 1817 1710 1273
1883 1776 1232 1615 1615 1232 289 1615 1656 1883 78 1656 1883 168 168 168 168 514 168 168
78 78 78 78 494 494 494 1656 1883 1776 1232 1615 1615 1232 1615 494 494 766 594 594
1624 1624 1624 1624 1624 49 204 204 204 204 204 813 168 168 1273 206 813 559 1273 813
1615 1232 1615 1656 1883 78 514 1656 1883 168 168 168 1923 1710 1710 49 494 49 1710 204
78 1817 1710 1817 78 1817 123 78 123 1817 123 1817 78 1817 123 1232 1817 1817 1710 1273
494 494 1656 1883 1776 1232 1615 1615 1232 1615 494 494 766 594 594 1923 1923 1923 1656 1883
494 494 766 594 594 1923 1923 1923 1656 1883 1776 289 1615 1615 289 289 1615 1656 1883 78
494 494 766 594 594 1923 1923 1923 1656 1883 1776 1232 1615 1615 1232 1615 1656 1883 78 514
1644 813 1232 559 206 559 1710 49 1817 1644 49 204 204 204 204 204 813 168 1273 206
204 204 813 1644 1273 206 813 559 1644 559 813 168 813 206 559 559 559 206 559 49
1710 1710 49 494 494 494 49 204 204 204 204 204 813 168 1273 206 813 559 168 559
1883 78 514 1656 1883 168 168 168 1817 1710 1710 49 494 49 204 204 204 204 204 813
594 594 1923 1923 1923 1656 1883 1776 1232 1615 1615 1232 1615 1656 1883 78 514 1656 1883 168
1883 78 1656 1883 168 514 168 168 1710 1710 49 1817 494 49 204 204 204 204 204 813
1232 1615 1656 1883 78 514 1656 1883 168 168 168 1923 1710 1710 49 494 49 1710 204 204
123 123 1817 78 1817 123 123 1817 1624 1624 1624 1624 1624 1624 1624 1624 1624 1624 1232 1817
204 204 204 204 204 813 1644 1273 206 813 559 1644 559 206 1644 813 559 559 206 559
1817 123 123 1817 123 1817 123 78 1817 78 1817 123 123 1817 1624 1624 1624 1624 1624 1624
594 594 1923 1923 1923 1656 1883 1776 1232 1615 1615 1232 1615 1656 1883 78 514 1656 1883 168
494 494 494 1624 1624 1624 1624 1624 1624 1624 1624 1624 1624 494 123 1817 123 123 1817 78
204 204 204 204 813 168 1273 206 813 559 168 168 559 206 813 559 559 206 559 1710
594 1817 1710 49 494 494 594 594 1710 1817 49 204 204 204 204 204 813 168 168 1273
1817 49 494 49 1710 204 1710 204 204 813 168 1273 206 813 559 168 168 1273 206 813
1923 1923 1656 1883 1776 1232 1615 1615 1232 1615 1656 1883 78 514 1656 1883 168 168 168 1923
168 559 559 206 559 1710 49 1817 1710 49 204 204 204 204 204 813 168 1273 206 813
168 1817 1817 123 123 1817 559 813 168 168 813 1817 559 559 559 206 559 49 594 1817
766 766 594 594 1923 1923 494 494 1656 1883 1776 1232 1615 1615 289 1615 1656 1883 78 514
1883 1776 1232 1615 1615 1232 1615 1656 1883 78 514 1656 1883 168 168 168 1710 1710 1923 49
1624 1624 1624 1624 1624 49 204 204 204 204 204 813 168 168 1273 206 813 559 1273 813
123 78 1817 168 168 1817 1817 123 123 1817 559 813 168 168 813 1817 559 559 559 206
1656 1883 1776 1232 1615 1615 1232 123 1615 1656 1883 78 514 1656 1883 168 168 168 1923 1710
168 168 168 1817 1710 1710 49 494 494 494 1624 1624 1624 1624 1624 1624 1624 1624 1624 1624
494 1624 1624 1624 1624 1624 1624 1624 1624 1624 1232 1817 123 123 49 1817 1817 1817 1817 123
1615 1615 123 123 1615 494 494 766 594 594 1923 1923 1817 1656 1883 1776 289 1615 1615 1232
1624 1624 1624 1624 1624 494 1232 1817 123 1883 1817 78 1817 123 123 1817 1710 1624 1624 1624
1656 1883 1776 1232 1615 1615 1232 1615 494 494 766 594 594 1923 1923 1923 1656 1883 1776 289
78 123 1817 123 1817 78 1817 123 1232 1817 1817 1710 289 813 123 78 1817 78 1817 123
168 168 1923 1817 559 559 559 206 559 49 594 1817 1710 49 494 494 594 594 1710 1817
494 494 1656 1883 1776 1232 1615 1615 1232 289 1615 1656 1883 78 1656 1883 168 168 168 168
1624 1624 1624 1624 1624 1624 1624 1624 1624 1232 1817 123 123 49 1817 1817 78 1817 123 123
1232 1817 123 123 1817 78 1817 123 123 1817 1710 1710 1710 1710 1624 1624 1710 1710 1710 1710
766 594 594 1923 1923 494 494 1656 1883 1776 1232 1615 1615 289 1615 1656 1883 78 514 1656
1923 1923 1656 1883 1776 1232 1615 1615 1232 1615 1656 1883 78 514 1656 1883 168 168 168 1923
1644 559 206 1644 1644 813 559 559 206 559 1710 49 1817 1817 1710 49 204 204 204 204
1656 1883 1776 1232 1615 1615 1232 1615 1656 1883 78 514 1656 1883 168 168 168 1710 1710 1923
1615 1232 1615 1656 1883 78 514 1656 1883 168 168 168 1923 1710 1710 49 494 49 1710 1710
204 204 813 1644 1273 206 813 559 1644 559 206 1644 813 559 559 206 559 1710 49 1817
1624 1624 1624 1710 1710 1710 1710 1710 49 204 204 204 559 1817 123 123 1817 78 1817 204
594 594 1923 1923 1923 1656 1883 1776 1232 1615 1615 1232 1615 1656 1883 78 514 1656 1883 168
1656 1883 1776 1232 1615 1615 1232 1615 494 494 766 594 594 1923 1923 1923 1923 494 494 1656
494 494 766 594 594 1923 1923 1923 1656 1883 1776 289 1615 1615 289 289 1615 1656 1883 78
559 206 813 559 168 559 206 813 168 559 559 206 559 1710 49 1817 1710 49 204 204
168 1817 1624 1710 49 494 494 494 1624 494 1624 1624 1624 1624 1624 1624 1624 1624 1624 1232
1232 1615 1615 1232 1615 494 494 766 594 594 1923 1923 1923 1656 1883 1776 289 1615 1615 289
1883 1776 1232 1615 1615 1232 1615 1656 1883 78 514 1656 1883 168 168 168 1923 1710 1710 49
594 78 78 78 78 494 494 494 1656 1883 1776 1232 1615 1615 1232 1615 494 494 766 594
78 78 78 78 494 494 494 1656 1883 1776 1232 1615 1615 1232 1615 494 494 494 514 514
1710 1624 1624 1624 1710 1710 1710 1624 1624 1710 49 204 204 204 559 1817 123 123 1817 78
78 78 494 494 1656 1883 1776 1232 1615 1615 1232 1615 494 494 766 594 594 1923 1923 1923
594 594 594 78 78 78 78 494 494 494 1656 1883 1776 1232 1615 1817 1232 1615 494 494
1615 123 123 1615 494 494 766 594 594 1923 1923 1817 1656 1883 1776 289 1615 1615 1232 1615
766 594 594 594 594 1923 1817 1817 494 494 1817 1656 1883 1776 1232 1615 1615 1232 1615 1656
206 206 559 1273 1817 123 78 1817 168 168 78 1817 123 123 1817 559 813 168 168 813
594 594 594 78 78 78 78 494 494 494 1656 1883 1776 1232 1615 1615 1232 1615 494 494
1232 1615 1615 123 289 1615 1656 1883 78 514 1656 1883 168 168 168 1923 1710 1710 49 49
78 78 494 494 494 1656 1883 1776 1232 1615 1615 1232 1615 494 494 766 594 594 594 594
1624 1710 49 494 494 494 1624 1624 1624 1624 1624 1624 1624 1624 1624 1624 494 123 1817 123
494 766 594 594 1923 1923 1923 1656 1883 1776 1232 1615 1615 1232 1615 1656 1883 78 514 1656
1883 1776 1232 1615 1615 1232 1615 494 494 766 594 594 594 594 1923 1923 1923 1656 1883 1776
1656 1883 78 514 1656 1883 168 168 168 494 1710 1710 1817 49 49 204 204 204 204 204
1615 1615 1232 1615 1656 1883 78 514 1656 1883 168 168 168 494 1710 1710 1923 49 49 1710
766 594 594 1923 1923 1923 1656 1883 1776 289 1615 1615 289 289 1615 1656 1883 78 1656 1883
1232 1615 1656 1883 78 514 1656 1883 168 168 168 1817 1710 1710 49 494 49 1710 1710 204
1656 1883 1776 1232 1615 1615 1232 1615 1656 1883 78 514 1656 1883 168 168 168 1923 1710 1710
1656 1883 78 514 1656 1883 168 168 168 1923 1710 1710 49 494 49 1710 204 204 204 204
78 1817 123 123 1817 1710 1624 1624 1624 1624 1624 1624 1624 1624 1624 1232 1817 123 78 1817
1656 766 594 594 594 594 1923 1817 1817 494 494 1923 1656 1883 1776 1232 1615 1615 1232 1615
1883 168 168 168 1817 1710 1710 49 494 49 204 204 204 204 204 813 1644 1273 206 813
206 559 168 559 206 168 813 559 559 206 559 1710 49 494 494 1923 1710 1656 1883 1776
1232 1615 494 494 766 594 594 1923 1923 1923 1656 1883 1776 289 1615 1615 289 1615 1656 1883
1710 49 1817 1817 1710 49 204 204 204 204 204 813 168 168 1273 206 813 559 168 168
168 168 168 168 1817 1710 1710 49 494 494 494 1624 494 1624 1624 1624 1624 1624 1624 1624
1883 78 514 1656 1883 168 168 168 494 1710 1710 1817 49 49 204 204 204 204 204 813
494 49 204 204 204 204 204 813 1644 1273 206 813 559 1644 1644 559 206 813 559 559
1923 1923 1923 1656 1883 1776 1232 1615 1615 1232 1615 1656 1883 78 514 1656 1883 168 168 168
1883 78 514 1656 1883 168 168 168 168 168 168 1923 1710 1710 49 494 494 494 1624 1624
123 123 1817 1624 1624 1624 1624 1624 1624 1624 1624 1624 1624 49 204 204 204 204 204 813
123 123 1817 78 1817 123 123 1817 1624 1624 1624 1624 1624 1624 1624 1624 1624 1624 1232 1817
766 594 594 1923 1923 1923 1656 1883 1776 289 1615 1615 289 1615 1656 1883 78 514 1656 1883
1883 78 514 1656 1883 168 168 168 168 168 168 1923 1710 1710 49 494 494 494 1624 494
78 78 494 494 1656 1883 1776 1232 1615 1615 1232 1615 494 494 766 594 594 1817 1923 1923
1615 1615 1232 1615 494 494 766 594 594 1923 1923 1923 1656 1883 1776 1232 1615 1615 1232 1615
168 168 1817 1710 1710 49 49 204 204 204 204 204 813 168 1273 206 813 559 168 559
1624 1624 1624 1624 1624 1624 1624 1624 1624 49 204 204 204 204 204 813 168 168 1273 206
1923 1923 1923 1923 494 494 1656 1883 1776 1232 1615 1615 1232 289 1615 1656 1883 78 1656 1883
1656 1883 168 168 168 1923 1710 1710 49 494 49 204 204 204 204 204 813 1644 1273 206
559 49 594 1817 1710 49 494 494 594 594 1710 1817 49 204 204 204 204 204 813 168
559 1710 49 1817 1644 49 204 204 204 204 204 813 168 1273 206 813 559 168 168 559
1656 1883 78 514 1656 1883 168 168 168 1710 1710 1923 49 594 49 494 494 1923 1923 1710
78 1817 123 78 123 1817 123 1817 78 1817 123 1232 1817 1817 1710 1273 813 123 78 1817
1624 1624 1624 1624 1624 494 1232 1817 123 1883 1817 78 1817 123 123 1817 1710 1624 1624 1624
1624 1624 1624 1232 1817 123 78 1817 1710 1817 78 1817 123 78 123 1817 123 1817 78 1817
1624 1624 1624 494 123 1817 123 78 1817 78 1817 123 123 1817 1624 1624 1624 1624 1624 1624
1817 123 1817 78 1817 123 1232 1817 1817 1710 289 813 123 78 1817 78 1817 123 123 1817
204 204 204 204 204 813 1644 1273 206 813 559 1644 559 813 168 813 813 559 559 559
1656 1883 78 514 1656 1883 168 168 168 168 168 168 1923 1710 1710 49 494 494 494 1624
123 78 1817 168 168 1817 1817 123 123 1817 559 813 168 168 813 1817 559 559 559 206
168 168 168 1817 1710 1710 49 494 494 494 49 204 204 204 204 204 813 168 1273 206
78 494 494 1656 1883 1776 1232 1615 1615 1232 1615 494 494 766 594 594 1923 1923 1923 1656
1883 168 168 168 1817 1710 1710 49 49 204 204 204 204 204 813 168 1273 206 813 559
78 514 1656 1883 168 168 168 168 168 168 1817 1710 1710 49 494 494 494 1624 1624 1624
1624 1624 1624 1624 1624 49 204 204 204 204 204 813 168 168 1273 206 813 559 1273 813
594 78 78 494 494 1656 1883 1776 1232 1615 1615 1232 1615 494 494 766 594 594 1817 1923
204 813 1644 1273 206 813 559 1644 1644 559 206 813 559 559 206 559 1710 49 494 494
494 49 1710 204 1710 204 204 813 168 1273 206 813 559 168 168 1273 206 813 559 559
594 594 78 78 78 494 494 1656 1883 1776 1232 1615 1615 1232 1615 494 494 766 594 594
1923 1656 1883 1776 1232 1615 1615 289 123 1615 1656 1883 78 514 1656 1883 168 168 168 1923
78 78 494 494 1656 1883 1776 1232 1615 1615 1232 1615 494 494 766 594 594 1923 1923 1923
1624 1624 1624 1624 1624 1624 1624 1624 1624 49 204 204 204 204 204 813 168 168 1273 206
494 766 594 594 1923 1923 1923 1923 1656 1883 1776 289 1615 1615 289 289 1615 1656 1883 78
204 1710 204 204 813 168 1273 206 813 559 168 168 1273 206 813 559 559 206 559 1817
1232 1615 1615 1232 1615 1656 1883 78 514 1656 1883 168 168 168 168 168 168 1923 1710 1710
1883 78 514 1656 1883 168 168 168 1923 1710 1710 49 494 49 1710 204 204 204 204 813
1817 1710 1710 49 494 49 204 204 204 204 204 813 168 1273 206 813 559 168 168 559
494 494 1656 1883 1776 1232 1615 1615 1232 1615 494 494 766 594 594 1923 1923 1923 1656 1883
78 78 78 494 494 494 1656 1883 1776 1232 1615 1615 1232 1615 494 494 766 594 594 594
1644 49 204 204 204 204 204 813 168 168 1273 206 813 559 168 168 559 206 168 168
559 1644 1644 1273 206 1644 1644 813 559 559 206 559 1710 49 1817 1817 1644 49 204 204
1817 1710 1710 49 494 494 494 49 204 204 204 204 204 813 1644 1273 206 813 559 1644
1710 49 494 49 204 204 204 204 204 813 1644 1273 206 813 559 1644 1644 559 206 813
1923 1923 1923 494 494 1656 1883 1776 1232 1615 1615 1232 289 1615 1656 1883 78 1656 1883 168
514 1656 1883 168 168 168 168 168 168 1923 1710 1710 49 494 494 494 1624 494 1624 1624
514 1656 1883 168 168 168 1817 1710 1710 49 494 49 204 204 204 204 204 813 1644 1273
78 78 78 78 494 494 494 1656 1883 1776 1232 1615 1615 1232 1615 494 494 494 514 514
1923 1923 1923 1656 1883 1776 1232 1615 1615 1232 1615 1656 1883 78 514 1656 1883 168 168 168
168 168 168 168 1923 1710 1710 49 494 494 494 1624 1624 1624 1624 1624 1624 1624 1624 1624
1710 49 1817 1817 1710 49 204 204 204 204 204 813 168 168 1273 206 813 559 168 168
1615 1615 123 123 1615 494 494 766 594 594 1923 1923 1817 1656 1883 1776 289 1615 1615 1232
559 206 559 1710 49 1817 1710 49 204 204 204 204 204 813 168 1273 206 813 559 168
1710 49 494 494 494 1624 1624 1624 1624 1624 1624 1624 1624 1624 1624 494 1273 1776 123 123
1923 1923 494 494 1656 1883 1776 289 1615 1615 289 289 1615 1656 1883 78 514 1656 1883 168
1923 1923 1923 1656 1883 1776 1232 1615 1615 1232 1615 1656 1883 78 514 1656 1883 168 168 168
1644 813 559 559 206 559 1710 49 1817 1817 1644 49 204 204 204 204 204 813 168 168
559 559 559 206 559 49 594 1817 1710 49 494 494 514 594 1710 1817 49 1710 204 204
168 514 168 168 1710 1710 49 1817 494 494 494 1624 1624 1624 1624 1624 1624 1624 1624 1624
494 494 1624 494 1624 1624 1624 1624 1624 1624 1624 1624 1624 1232 1817 123 123 123 1817 1817
594 78 78 78 494 494 1656 1883 1776 1232 1615 1615 1232 1615 494 1644 766 594 594 1923
1273 206 813 559 168 168 559 206 813 559 559 206 559 1710 49 1817 1710 49 204 204
49 494 49 204 204 204 204 204 813 168 1273 206 813 559 168 168 559 206 813 559
1656 1883 1776 1232 1615 1615 1232 1615 494 494 766 594 594 1923 1923 1923 1656 1883 1776 1232
594 78 78 78 78 494 494 494 1656 1883 1776 1232 1615 1615 1232 1615 494 494 494 514
1624 1624 1624 494 1273 1776 123 78 1817 78 1817 123 123 1817 1624 1624 1624 1624 1624 1624
123 1817 123 1817 123 78 1817 78 1817 123 123 1817 1624 1624 1624 1624 1624 1624 1624 1624
1624 1624 1624 1624 1624 494 1232 1817 123 1883 1817 78 1817 123 123 1817 1710 1624 1624 1624
1232 1615 1615 1232 1615 494 494 766 594 594 1923 1923 1923 1656 1883 1776 1232 1615 1817 1232
1615 1232 1615 494 494 766 594 594 1923 1923 1923 1656 1883 1776 1232 1615 1615 1232 1615 1656
78 494 494 494 1656 1883 1776 1232 1615 1615 1232 1615 494 494 494 1656 514 766 594 594
494 494 766 594 594 1923 1923 1923 1656 1883 1776 1232 1615 1615 1232 1615 1656 1883 78 514
78 1817 123 123 1817 1232 1817 123 78 1817 78 1817 123 123 1817 1624 1624 1624 1624 1624
168 1817 1710 1710 49 494 49 204 204 204 204 204 813 1644 1273 206 813 559 1644 1644
494 1656 1883 1776 1232 1615 1615 1232 1615 494 494 494 514 1656 766 594 594 594 594 1817
594 594 594 594 1923 1923 1923 1656 1883 1776 1232 1615 1615 1232 1615 1656 1883 78 514 1656
1624 1624 49 204 204 204 204 1710 1817 123 1710 1817 1710 1817 204 123 123 1817 813 1644
168 514 168 168 1817 1710 1710 49 494 494 494 49 204 204 204 204 204 813 1644 1273
1615 1615 1232 1615 1656 1883 78 514 1656 1883 168 168 168 1923 1710 1710 49 494 49 1710
594 594 594 1923 1923 1817 494 494 1923 1656 1883 1776 1232 1615 1615 1232 1615 1656 1883 78
1624 1624 1624 1624 1624 1624 1624 1624 1624 1232 1817 123 78 1817 1710 1817 78 1817 123 78
1883 1776 1232 1615 1615 1232 1615 494 494 494 1656 1656 766 594 594 594 594 1817 1817 1817
204 204 204 813 1644 1273 206 813 559 1644 1644 559 206 813 559 559 206 559 1710 49
1883 78 1656 1883 168 168 168 168 514 168 168 1710 1710 49 1923 494 494 494 1624 1624
1615 1232 1615 494 494 766 594 594 1923 1923 1656 1883 1776 289 1615 1615 1232 1615 1656 1883
123 123 1817 1710 1624 1624 1624 1624 1624 1624 1710 1710 1710 49 204 204 204 559 1817 123
1656 1656 766 594 594 594 594 1923 1923 1817 1923 494 494 1656 1883 1776 1232 1615 1615 1232
78 78 494 494 1656 1883 1776 1232 1615 1615 1232 1615 494 494 766 594 594 1923 1923 1923
1883 1776 1232 1615 1615 1232 1615 494 494 766 594 594 1923 1923 1923 1656 1883 1776 1232 1615
78 78 78 78 494 494 494 1656 1883 1776 1232 1615 1615 1232 1615 494 494 494 514 514
204 204 204 204 204 813 168 1273 206 813 559 168 168 559 206 813 559 559 206 559
1710 1710 49 494 49 204 204 204 204 204 813 168 1273 206 813 559 168 168 559 206
594 594 594 78 78 78 78 494 494 494 1656 1883 1776 1232 1615 1615 1232 1615 494 494
123 78 1817 168 168 1817 1817 123 123 1817 559 813 168 168 813 1817 559 559 559 206
813 559 559 206 559 1710 49 1817 1817 1710 49 204 204 204 204 204 813 168 168 1273
1776 1232 1615 1615 1232 1615 1656 1883 78 514 1656 1883 168 168 168 168 168 168 1923 1710
1817 1710 494 49 204 204 204 204 204 813 168 1273 206 813 559 168 559 206 168 813
594 594 78 78 78 78 78 78 494 494 1656 1883 1776 1232 1615 1615 1232 1615 494 494
1232 1615 1656 1883 78 514 1656 1883 168 168 168 1710 1710 1923 49 494 49 1710 1710 1710
1615 1656 1883 78 514 1656 1883 168 168 168 494 1710 1710 1817 49 49 204 204 204 204
494 1656 1883 1776 1232 1615 1615 1232 1615 494 494 766 594 594 594 594 1923 1923 1923 1656
1883 1776 1232 1615 1615 1232 1615 494 494 766 594 594 1923 1923 1923 1923 494 494 1656 1883
494 1656 1656 766 594 594 594 594 1923 1923 1817 1923 494 494 1656 1883 1776 1232 1615 1615
49 204 204 204 204 204 813 168 168 1273 206 813 559 168 168 168 168 289 206 813
1883 1776 289 1615 1615 289 289 1615 1656 1883 78 1656 1883 168 514 168 168 1923 1710 1710
1817 559 813 168 168 813 1817 559 559 559 206 559 49 594 1817 1710 49 494 494 514
204 204 204 813 168 168 1273 206 813 559 1273 813 123 1710 1817 168 168 1817 1817 123
1232 1817 123 123 1817 78 1817 123 123 1817 1710 1710 1710 1710 1624 1624 1710 1710 1710 1710
559 1817 123 123 1817 78 1817 204 123 123 1817 204 813 1644 1644 1273 206 813 559 1644
1615 1615 1232 1615 1656 1883 78 514 1656 1883 168 168 168 168 168 168 1923 1710 1710 49
204 204 204 204 204 813 168 1273 206 813 559 168 559 206 168 813 559 559 206 559
1644 1273 206 813 559 168 559 206 168 813 559 559 206 559 1710 49 494 494 1817 1710
1232 1615 1615 1232 1615 1656 1883 78 514 1656 1883 168 168 168 1923 1710 1710 49 494 49
1710 1710 1710 49 204 204 204 1232 1817 123 1710 1817 78 1817 204 123 123 1817 204 813
766 594 594 594 594 1923 1923 1923 1656 1883 1776 1232 1615 1615 1232 1615 1656 1883 78 514
78 78 494 494 1656 1883 1776 1232 1615 1615 289 123 1615 494 494 766 594 594 1923 1923
1883 168 168 168 1817 1710 1710 49 49 204 204 204 204 204 813 168 1273 206 813 559
1624 1624 1624 1624 1624 1624 1624 1624 494 123 1817 123 78 1817 78 1817 123 123 1817 1624
49 494 49 204 204 204 204 204 813 168 1273 206 813 559 168 559 206 813 168 559
594 594 594 78 78 78 78 494 494 494 1656 1883 1776 1232 1615 1615 1232 1615 494 494
559 49 594 1817 1710 49 494 494 594 594 1710 1817 49 204 204 204 204 204 813 168
1624 1624 1624 494 1232 1817 123 123 1817 78 1817 123 123 1817 1710 1624 1624 1624 1624 1624
78 514 1656 1883 168 168 168 1710 1710 1817 49 494 49 1710 204 204 204 204 813 168
494 49 1710 204 204 204 204 813 168 1273 206 813 559 168 168 559 206 813 559 559
204 204 204 204 813 168 1273 206 813 559 168 559 206 168 813 559 559 206 559 1710
594 594 78 78 494 494 1656 1883 1776 1232 1615 1615 1232 1615 494 494 766 594 594 1817
204 204 204 204 204 813 168 1273 206 813 559 168 559 206 813 168 559 559 206 559
1615 1232 1615 1656 1883 78 514 1656 1883 168 168 168 1923 1710 1710 49 494 49 1710 1710
1883 1776 1232 1615 1615 1232 1615 494 494 766 594 594 594 594 1923 1923 1923 1656 1883 1776
1615 494 494 766 594 594 1923 1923 1923 1656 1883 1776 1232 1615 1615 1232 1615 1656 1883 78
78 78 494 494 1656 1883 1776 1232 1615 1615 1232 1615 494 494 766 594 594 1817 1923 1923
813 168 1273 206 813 559 168 168 559 206 813 559 559 206 559 1817 1710 49 1817 1710
1776 1232 1615 1615 289 123 1615 494 494 766 594 594 1923 1923 1817 1656 1883 1776 289 1615
1624 1624 1624 1624 494 1232 1817 123 1883 1817 78 1817 123 123 1817 1710 1624 1624 1624 1624
559 1232 594 594 78 78 494 494 1656 1883 1776 1232 1615 1615 1232 1615 494 494 766 594
206 813 168 559 559 206 559 1710 49 1817 1710 49 204 204 204 204 204 813 168 1273
1232 559 206 559 1710 49 1817 1644 49 204 204 204 204 204 813 168 1273 206 813 559
494 1656 1883 1776 1232 1615 1615 1232 1615 494 494 766 594 594 1923 1923 1923 1656 1883 1776
1776 1232 1615 1615 1232 1615 494 494 766 766 594 594 1923 1923 494 494 1656 1883 1776 1232
78 78 494 494 1656 1883 1776 1232 1615 1615 1232 1615 494 494 766 594 594 1923 1923 1923
594 78 78 78 78 494 494 494 1656 1883 1776 1232 1615 1615 1232 1615 494 494 494 514
494 123 1817 123 123 1817 78 1817 123 123 1817 1624 1624 1624 1624 1624 1624 1624 1624 1624
204 204 204 204 813 168 168 1273 206 813 559 168 168 168 168 289 206 813 559 559
1615 1656 1883 78 514 1656 1883 168 168 168 494 1710 1710 1817 49 49 204 204 204 204
1883 168 168 168 168 168 168 1923 1710 1710 49 494 494 494 1624 494 1624 1624 1624 1624
1624 1624 1624 49 204 204 204 204 204 813 168 168 1273 206 813 559 1273 813 123 1710
289 1615 1615 289 289 1615 1656 1883 78 514 1656 1883 168 168 168 1710 1710 1923 49 594
204 813 168 1273 206 813 559 168 168 559 206 813 559 559 206 559 1710 49 1817 1710
204 204 204 204 813 1644 1273 206 813 559 1644 1644 1273 206 813 559 559 206 559 1710
1624 1624 1624 1624 1624 494 1273 1776 123 78 1817 78 1817 123 123 1817 1624 1624 1624 1624
559 1710 49 1817 1644 49 204 204 204 204 204 813 168 1273 206 813 559 168 168 559
1656 1883 78 514 1656 1883 168 168 168 1923 1710 1710 49 494 494 1817 1710 494 49 1710
1232 1615 494 494 766 594 594 1923 1923 1656 1883 1776 289 1615 1615 1232 1615 1656 1883 78
1624 1624 1624 49 204 204 204 204 1710 1817 123 1710 1817 1710 1817 204 123 123 1817 813
1883 1776 1232 1615 1615 1232 1615 494 494 766 766 594 594 1923 1923 494 494 1656 1883 1776
1232 1615 1656 1883 78 514 1656 1883 168 168 168 1710 1710 1923 49 494 49 1710 1710 1710
78 1817 123 123 1817 1710 1624 1624 1624 1624 1710 1710 1710 1710 1710 49 204 204 204 559
204 123 123 1817 813 1644 1644 1273 206 813 559 1644 1644 559 206 1644 1644 813 559 559
1883 1776 1232 1615 1615 1232 1615 494 494 766 594 594 1923 1923 1923 1923 1656 1883 1776 289
206 559 168 559 206 168 813 559 559 206 559 1710 49 494 494 1923 1710 1656 1883 1776
766 594 594 594 594 1923 1923 1923 1656 1883 1776 1232 1615 1615 1232 1615 1656 1883 78 514
168 168 168 1817 1710 1710 49 494 494 494 1624 1624 1624 1624 1624 1624 1624 1624 1624 1624
494 1232 1817 123 123 1817 78 1817 123 123 1817 1710 1710 1624 1624 1624 1624 1624 1624 1624
1656 1883 1776 1232 1615 1615 1232 1615 494 494 766 594 594 1923 1923 1923 1656 1883 1776 289
1232 1615 1615 1232 1615 1656 1883 78 514 1656 1883 168 168 168 1923 1710 1710 49 494 49
766 594 594 1923 1923 494 494 1656 1883 1776 1232 1615 1615 289 1615 1656 1883 78 514 1656
594 594 594 1923 1923 1923 1656 1883 1776 1232 1615 1615 1232 1615 1656 1883 78 514 1656 1883
1776 1232 1615 1615 1232 1615 494 494 494 1656 1656 766 594 594 594 594 1817 1817 1817 494
78 494 494 1656 1883 1776 1232 1615 1615 1232 1615 494 494 766 594 594 1923 1923 1923 1923
813 559 1644 1644 1273 206 1644 1644 813 559 559 206 559 1710 49 1817 1817 1710 49 204
1656 1883 1776 289 1615 1615 1232 1615 494 494 766 594 594 1817 1923 1656 1883 1776 289 1615
594 78 78 494 494 1656 1883 1776 1232 1615 1615 1232 1615 494 494 766 594 594 1923 1923
494 1656 1656 766 594 594 594 594 1923 1923 1817 1923 494 494 1656 1883 1776 1232 1615 1615
1615 1232 1615 1656 1883 78 514 1656 1883 168 168 168 168 168 168 1923 1710 1710 49 494
1232 1615 1615 1232 1615 494 494 766 594 594 1923 1923 1923 1656 1883 1776 1232 1615 1615 1232
1883 1776 1232 1615 1615 1232 1615 494 494 766 594 594 1923 1923 1923 1656 1883 1776 289 1615
1883 168 168 168 168 168 168 1923 1710 1710 49 494 494 494 1624 1624 1624 1624 1624 1624
123 1817 123 1817 78 1817 123 1232 1817 1817 1710 123 813 123 78 1817 78 1817 123 123
1644 168 168 1817 1710 1710 49 494 49 204 204 204 204 204 813 168 1273 206 813 559
206 813 559 559 206 559 1710 49 1817 1710 49 204 204 204 204 204 813 168 1273 206
78 494 494 1656 1883 1776 1232 1615 1615 1232 1615 494 494 766 594 594 1817 1923 1923 1656
1273 206 813 559 1644 559 206 1644 813 1232 559 206 559 1710 49 1817 1710 49 204 204
49 494 494 494 49 204 204 204 204 204 813 168 1273 206 813 559 168 559 206 168
1883 1776 1232 1615 1615 1232 1615 1656 1883 78 514 1656 1883 168 168 168 1710 1710 1923 49
1624 1624 1624 1624 1624 1624 1624 1624 1624 1624 494 1232 1817 123 123 1817 78 1817 123 123
1883 168 168 168 1923 1710 1710 49 494 49 204 204 204 204 204 813 1644 1273 206 813
1232 1615 1656 1883 78 514 1656 1883 168 168 168 1923 1710 1710 49 494 49 1710 204 204
1817 123 123 1817 1624 1624 1624 1624 1624 1624 1624 1624 1624 1624 1232 1817 123 78 1817 1710
204 559 1817 123 123 1817 78 1817 204 123 123 1817 204 813 1644 1644 1273 206 813 559
594 594 1923 1923 1923 1656 1883 1776 289 1615 1615 1232 1615 1656 1883 78 514 1656 1883 168
204 123 123 1817 813 1644 1644 1273 206 813 559 1644 1644 559 206 1644 1644 813 559 559
594 1923 1923 1923 1656 1883 1776 1232 1615 1615 1232 1615 1656 1883 78 514 1656 1883 168 168
1615 1615 1232 1615 494 494 766 594 594 1923 1923 1923 1656 1883 1776 1232 1615 1615 289 289
1710 1817 78 1817 123 78 123 1817 123 1817 78 1817 123 1232 1817 1817 1710 1273 813 123
1776 1232 1615 1615 289 289 1615 1656 1883 78 514 1656 1883 168 168 168 1923 1710 1710 49
1624 1624 1624 1624 1624 1624 1624 49 204 204 204 204 204 813 168 168 1273 206 813 559
559 559 206 559 1710 49 1817 1710 49 204 204 204 204 204 813 168 1273 206 813 559
206 559 49 594 1817 1710 49 494 494 594 594 1710 1817 49 1710 204 204 204 204 813
1776 123 123 1817 78 1817 123 123 1817 1624 1624 1624 1624 1624 1624 1624 1624 1624 1624 1232
1710 1710 49 494 49 204 204 204 204 204 813 168 1273 206 813 559 168 559 206 813
1624 1624 1232 1817 123 123 78 1817 1817 78 1817 123 123 1817 1232 1817 123 78 1817 78
1656 1883 78 1656 1883 168 514 168 168 1923 1710 1710 49 494 494 494 49 1710 204 204
1923 1656 1883 1776 1232 1615 1615 1232 1615 1656 1883 78 514 1656 1883 168 168 168 168 168
289 289 1615 1656 1883 78 1656 1883 168 514 168 168 1710 1710 49 1817 494 49 1710 204
1923 1923 1923 1656 1883 1776 289 1615 1615 1232 1615 1656 1883 78 514 1656 1883 168 168 168
1923 1923 1923 1656 1883 1776 1232 1615 1615 289 289 1615 1656 1883 78 514 1656 1883 168 168
78 514 1656 1883 1644 168 168 1710 1710 1923 49 594 49 494 494 1923 1923 1710 494 494
206 559 1710 49 1817 1710 49 204 204 204 204 204 813 168 1273 206 813 559 168 168
1776 1232 1615 1615 1232 1615 1656 1883 78 514 1656 1883 168 168 168 494 1710 1710 1923 49
1923 1656 1883 1776 289 1615 1615 289 1615 1656 1883 78 514 1656 1883 168 168 168 1923 1710
1923 1656 1883 1776 289 1615 1615 289 289 1615 1656 1883 78 1656 1883 168 514 168 168 1710
168 168 168 1817 1710 1710 49 494 49 204 204 204 204 204 813 1644 1273 206 813 559
1624 1624 1624 1624 1624 1624 1624 1624 1624 1624 1232 1817 123 78 1817 1710 1817 78 1817 123
559 206 559 1710 49 1817 1817 1710 49 204 204 204 204 204 813 168 168 1273 206 813
1624 1624 1624 1624 1624 1624 1624 1624 1624 1624 494 123 1817 123 78 1817 78 1817 123 123
594 1923 1923 1923 1923 1656 1883 1776 289 1615 1615 289 289 1615 1656 1883 78 1656 1883 168
1817 1817 559 559 559 206 559 49 594 1817 1710 49 494 494 594 594 1710 1817 49 1710
1644 1273 206 813 559 1644 1644 559 206 813 559 559 206 559 1710 49 494 494 1817 1710
49 1710 204 1710 204 204 813 168 1273 206 813 559 168 168 1273 206 813 559 559 206
1232 1615 1615 1232 1615 1656 1883 78 514 1656 1883 168 168 168 1710 1710 1923 49 494 49
78 78 78 78 494 494 494 1656 1883 1776 1232 1615 1615 1232 1615 494 494 494 514 514
168 168 168 1817 1710 1710 49 494 494 494 49 204 204 204 204 204 813 168 1273 206
1923 1923 1923 1656 1883 1776 1232 1615 1615 1232 1615 1656 1883 78 514 1656 1883 168 168 168
594 594 78 78 494 494 1656 1883 1776 1232 1615 1615 1232 1615 494 494 766 594 594 1923
494 766 594 594 1923 1923 1923 1656 1883 1776 289 1615 1615 289 289 1615 1656 1883 78 1656
78 494 494 1656 1883 1776 1232 1615 1615 1232 1615 494 494 766 594 594 1923 1923 1923 1656
49 204 204 204 204 204 813 1644 1273 206 813 559 1644 1644 1273 206 813 559 559 206
494 1656 1883 1776 289 1615 1615 1232 1615 494 494 766 594 594 1817 1923 1656 1883 1776 289
559 559 206 559 1710 49 1817 1710 49 204 204 204 204 204 813 168 1273 206 813 559
1624 1710 49 494 494 494 1624 1624 1624 1624 1624 1624 1624 1624 1624 1624 494 123 1817 123
1232 1615 494 494 766 594 594 1923 1923 1923 1656 1883 1776 1232 1615 1615 1232 1615 1656 1883
206 559 49 594 1817 1710 49 494 494 594 594 1710 1817 49 1710 204 204 204 204 813
1710 1710 49 494 49 204 204 204 204 204 813 168 1273 206 813 559 168 559 206 813
1776 1232 1615 1615 289 289 1615 1656 1883 78 514 1656 1883 168 168 168 1923 1710 1710 49
168 168 168 1817 1710 1710 49 494 49 204 204 204 204 204 813 168 1273 206 813 559
1615 1615 289 289 1615 1656 1883 78 1656 1883 168 514 168 168 1923 1710 1710 49 494 494
1273 206 813 559 168 168 559 206 813 559 559 206 559 1710 49 1817 1710 49 204 204
1883 78 514 1656 1883 168 168 168 168 168 168 1923 1710 1710 49 494 494 494 1624 494
1656 1883 1776 1232 1615 1615 1232 1615 1656 1883 78 514 1656 1883 168 168 168 1923 1710 1710
594 594 78 78 78 78 494 494 494 1656 1883 1776 1232 1615 1615 1232 1615 494 494 766
1710 813 168 1273 206 813 559 168 559 206 168 813 559 559 206 559 1710 49 494 494
168 494 1710 1710 1817 49 49 204 204 204 204 204 813 1644 1273 206 813 559 1644 1644
1615 1232 1615 494 494 766 594 594 1817 1923 1923 1656 1883 1776 1232 1615 1615 1232 1615 1656
204 204 204 204 813 168 1273 206 813 559 168 559 206 168 813 559 559 206 559 1710
1232 123 1615 1656 1883 78 514 1656 1883 168 168 168 1923 1710 1710 49 494 494 1817 1710
1776 1232 1615 1615 1232 1615 1656 1883 78 514 1656 1883 168 168 168 1710 1710 1923 49 494
1656 1883 168 168 168 1923 1710 1710 49 494 49 204 204 204 204 204 813 1644 1273 206
168 168 168 168 1923 1710 1710 49 494 494 494 1624 1624 1624 1624 1624 1624 1624 1624 1624
1624 1624 1624 1710 1710 1710 1710 1710 1710 49 204 204 204 559 1817 123 123 1817 78 1817
1615 1656 1883 78 514 1656 1883 168 168 168 1710 1710 1923 49 494 49 1710 1710 1710 1710
594 594 1923 1923 1923 1656 1883 1776 1232 1615 1615 289 123 1615 1656 1883 78 514 1656 1883
204 204 204 813 168 168 1273 206 813 559 1273 813 123 1710 1817 168 168 1817 1817 123
204 204 204 204 204 813 1644 1273 206 813 559 1644 1644 559 206 813 559 559 206 559
1817 1710 1710 49 494 494 494 49 204 204 204 204 204 813 1644 1273 206 813 559 1644
813 1644 1644 1273 206 813 559 1644 1644 559 206 1644 1644 813 559 559 206 559 1710 49
494 1710 1710 1817 49 49 204 204 204 204 204 813 1644 1273 206 813 559 1644 1644 1273
514 1656 1883 168 168 168 1817 1710 1710 49 494 49 204 204 204 204 204 813 168 1273
123 123 1615 494 494 766 594 594 1817 1923 1817 1656 1883 1776 289 1615 1615 289 1615 1656
1710 49 49 204 204 204 204 204 813 168 1273 206 813 559 168 559 206 168 813 559
1232 1615 1615 1232 1615 494 494 766 594 594 1923 1923 1923 1656 1883 1776 1232 1615 1817 1232
49 494 494 594 594 1710 1817 49 204 204 204 204 204 813 168 168 1273 206 813 559
1923 1656 1883 1776 289 1615 1615 289 289 1615 1656 1883 78 1656 1883 168 514 168 168 1710
1817 78 1817 123 78 123 1817 123 1817 78 1817 123 1232 1817 1817 1710 1273 813 123 78
168 168 1817 1710 1710 49 494 494 1817 1710 494 49 204 204 204 204 204 813 168 1273
49 204 204 204 204 1710 1817 123 1710 1817 1710 1817 204 123 123 1817 813 1644 1644 1273
1624 1624 1624 1624 1624 1624 1624 1624 1624 1624 494 123 1817 123 78 1817 78 1817 123 123
168 1817 1710 1710 49 494 494 1817 1710 494 49 204 204 204 204 204 813 168 1273 206
1923 1923 1923 1656 1883 1776 289 1615 1615 289 1615 1656 1883 78 514 1656 1883 168 168 168
1776 1232 1615 1615 1232 1615 494 494 766 594 594 1923 1923 1923 1656 1883 1776 1232 1615 1615
1776 1232 1615 1615 1232 1615 1656 1883 78 514 1656 1883 168 168 168 1923 1710 1710 49 494
1817 813 1644 1644 1273 206 813 559 1644 1644 559 206 1644 1644 813 559 559 206 559 1710
494 494 766 594 594 1923 1923 1923 1656 1883 1776 289 1615 1615 289 1615 1656 1883 78 514
204 204 204 813 168 1273 206 813 559 168 168 559 206 813 559 559 206 559 1710 49
594 594 1923 1923 1923 1656 1883 1776 1232 1615 1615 1232 1615 1656 1883 78 514 1656 1883 168
594 78 78 78 78 494 494 494 1656 1883 1776 1232 1615 1615 1232 1615 494 494 766 594
204 813 168 1273 206 813 559 168 559 206 168 813 559 559 206 559 1710 49 1817 1710
594 594 1923 1923 1923 1656 1883 1776 289 1615 1615 289 1615 1656 1883 78 514 1656 1883 168
1817 1710 1710 49 494 49 204 204 204 204 204 813 1644 1273 206 813 559 1644 1644 559
1656 1883 168 514 168 168 1923 1710 1710 49 494 494 494 49 204 204 204 204 204 813
594 594 1923 1923 1923 1656 1883 1776 1232 1615 1615 1232 1615 1656 1883 78 514 1656 1883 168
559 206 813 559 168 559 206 813 168 559 559 206 559 1710 49 1817 1710 49 204 204
1656 1883 168 168 168 1817 1710 1710 49 494 49 204 204 204 204 204 813 168 1273 206
494 494 1656 1883 1776 1232 1615 1615 1232 1615 494 494 766 594 594 1923 1923 1923 1656 1883
1883 78 514 1656 1883 168 168 168 1710 1710 1923 49 494 49 1710 1710 1710 1710 1710 813
1624 1624 1624 49 204 204 204 204 1710 1817 123 1710 1817 1710 1817 204 123 123 1817 813
289 1615 1656 1883 78 1656 1883 168 514 168 168 1710 1710 49 1817 494 49 204 204 204
594 594 1923 1923 1923 1656 1883 1776 1232 1615 1615 1232 1615 1656 1883 78 514 1656 1883 168
204 813 168 168 1273 206 813 559 1273 1817 123 78 1817 168 168 1817 1817 123 123 1817
78 78 494 494 494 1656 1883 1776 1232 1615 1615 1232 1615 494 494 494 1656 514 766 594
494 766 594 594 1923 1923 1817 1656 1883 1776 289 1615 1615 1232 1615 1656 1883 78 514 1656
1710 1710 1817 49 494 49 204 204 204 204 204 813 168 1273 206 813 559 168 168 1273
1817 1710 1710 49 494 494 494 49 204 204 204 204 204 813 1644 1273 206 813 559 1644
78 78 494 494 1656 1883 1776 1232 1615 1615 289 1615 494 494 766 594 594 1923 1923 1923
1232 1615 1615 1232 1615 1656 1883 78 514 1656 1883 168 168 168 1710 1710 1923 49 494 49
494 49 204 204 204 204 204 813 1644 1273 206 813 559 1644 559 206 1644 813 559 559
1883 168 168 168 1817 1710 1710 49 494 49 204 204 204 204 204 813 168 1273 206 813
78 1817 168 168 1817 1817 123 123 1817 559 813 168 168 813 1817 559 559 559 206 559
1615 1615 1232 1615 494 1644 766 594 594 594 594 1923 1923 1923 1656 1883 1776 1232 1615 1615
1923 1923 1923 1923 494 494 1656 1883 1776 1232 1615 1615 1232 289 1615 1656 1883 78 1656 1883
49 494 494 494 1624 1624 1624 1624 1624 1624 1624 1624 1624 1624 494 123 1817 123 123 1817
494 766 594 594 1923 1923 1923 1656 1883 1776 289 1615 1615 289 1615 1656 1883 78 514 1656
1656 1883 78 514 1656 1883 168 168 168 1923 1710 1710 49 494 494 494 49 204 204 204
123 78 1817 168 168 1817 1817 123 123 1817 559 813 168 168 813 1817 559 559 559 206
1817 49 49 204 204 204 204 204 813 1644 1273 206 813 559 1644 1644 1273 206 813 559
514 1656 1883 168 168 168 1923 1710 1710 49 494 49 204 204 204 204 204 813 1644 1273
204 204 204 204 813 168 1273 206 813 559 168 559 206 168 813 559 559 206 559 1710
494 766 594 594 1923 1923 1923 1656 1883 1776 1232 1615 1615 1232 1615 1656 1883 78 514 1656
49 494 494 494 49 204 204 204 204 204 813 1644 1273 206 813 559 1644 559 206 1644
1624 1624 1624 1624 1624 1624 1232 1817 123 78 1817 1710 1817 78 1817 123 78 123 1817 123
1624 1624 1624 49 204 204 204 204 1710 1817 123 1710 1817 1710 1817 204 123 123 1817 813
1817 123 123 1817 1624 1624 1624 1624 1624 1624 1624 1624 1624 1624 49 204 204 204 204 204
594 594 78 78 494 494 1656 1883 1776 1232 1615 1615 1232 1615 494 494 766 594 594 1923
494 49 1710 204 1710 204 204 813 168 1273 206 813 559 168 168 1273 206 813 559 559
594 594 1923 1923 494 494 1656 1883 1776 1232 1615 1615 289 1615 1656 1883 78 514 1656 1883
