1956 368 994 994 1956 368 1916 1190 1366 1190 794 1303 1556 1411 1646 1303 565 233 1646 1303
368 1916 1190 1366 261 612 1812 1556 1411 385 1812 703 822 1646 1812 1556 741 1812 1530 1021
261 1366 261 612 1812 1556 1411 385 1812 703 822 1646 1812 1556 741 1812 1530 1021 1737 1812
1021 1737 1355 1530 1021 1737 1355 1530 1530 1737 1556 873 1355 1530 612 1861 1355 1530 739 1861
1956 368 994 994 1956 368 1916 1190 1366 261 612 1315 1556 1411 385 1355 1556 822 385 1315
1315 1556 612 1737 1556 873 1315 703 739 1861 1315 1530 739 1861 1315 703 739 1861 1315 703
1366 261 739 1315 1556 1411 385 1315 1530 233 385 1315 1556 741 1315 1556 1021 1737 1315 703
1556 822 385 542 822 1841 385 542 1556 741 542 1556 1021 1737 542 1556 1021 1737 542 1556
101 1956 368 1916 261 1366 261 612 1315 1556 1411 1841 1355 1556 822 1841 1355 1556 741 1355
994 1190 1366 1190 1916 101 101 1956 368 261 1539 1539 1504 1616 1916 261 1366 1875 1616 1875
1956 368 1916 1190 1366 1190 612 1355 1530 1411 385 1355 1530 233 1646 1355 1556 741 1355 1556
1556 1411 1646 1355 1530 233 1646 1355 1556 741 1355 1530 1021 1737 1355 1530 1366 1021 1737 1355
1355 97 741 1355 97 1021 1737 1355 703 443 1504 443 1504 1021 1737 1355 1530 271 1737 97
261 1366 101 261 271 1315 97 1411 385 1355 97 822 385 1355 97 741 1355 97 1021 1737
1355 1530 271 1737 97 873 1355 97 794 1861 1355 703 443 1504 1539 1504 97 741 1315 703
385 542 822 1841 385 542 1556 741 542 1556 1021 1737 542 1556 1021 1737 542 1556 612 1737
101 101 1956 368 1916 261 1366 1190 612 1315 1556 1411 1841 1355 1556 822 1841 1315 1556 741
385 1812 703 822 1646 1812 1556 741 1812 1530 1021 1737 1812 1556 1021 1737 1812 1530 385 1737
1315 1556 1021 1737 1315 1556 612 1737 1556 873 1355 1556 612 1861 1355 1556 739 1861 1315 1556
1355 1556 1411 1841 1355 1556 822 1841 542 1556 741 1355 1556 1021 1737 1355 1556 1366 1021 1737
1355 1556 741 1355 703 1021 1737 542 703 1021 1737 1355 1556 612 1737 1556 873 1355 1556 612
1315 1556 1411 1841 542 1556 822 1841 1355 1556 612 1861 1315 1556 1021 1737 1355 1556 1021 1737
1021 1737 1303 565 1021 1737 1303 565 794 1737 1556 873 1303 565 794 1861 1303 565 794 1861
1303 565 1021 1737 1303 565 612 1737 1556 873 1303 565 794 1861 1303 565 794 1861 1303 565
1556 1411 1646 1303 565 233 1646 1303 1556 741 1303 565 1021 1737 1303 565 1021 1737 1303 565
1021 1737 1355 1530 271 1737 97 873 1355 97 794 1861 1355 703 443 1504 1539 1504 97 741
1366 101 101 1956 368 994 994 1956 368 1916 261 1366 261 612 1315 1556 1411 1646 1355 1556
261 1539 1539 1616 1616 1916 261 1366 1875 1616 1875 1616 1190 612 1315 1556 1411 1841 1315 703
1841 542 1556 741 1355 1556 1021 1737 1355 1556 1366 1021 1737 1355 1556 739 1737 443 1504 1539
1504 1916 1190 101 261 612 1355 1556 1411 1841 1355 1556 822 1841 542 1556 741 1355 1556 1021
1504 443 1504 1916 1190 101 261 612 1355 1556 1411 1841 1355 1556 822 1841 542 1556 741 1355
1812 1530 1021 1737 1812 1556 1021 1737 1812 1530 385 1737 1556 873 1812 1556 794 1812 1812 1556
1530 1366 1021 1737 1355 1556 1646 1737 1556 873 1355 1556 612 1861 1355 1530 739 1861 1355 1556
1956 368 1916 261 1190 612 1355 1556 1411 1646 1355 1530 233 1646 1355 1556 741 1355 1530 1021
1021 1737 1315 1556 1021 1737 1355 1556 612 1737 1556 873 1355 1556 612 1861 1355 1556 739 1861
101 1956 368 1190 271 1355 271 1411 385 1355 1530 233 385 1303 271 741 1355 101 1021 1737
101 101 1956 368 1916 261 261 1190 612 1355 1556 1411 1646 1355 1530 233 1646 1355 1556 741
741 1355 703 1021 1737 542 703 1021 1737 1355 1556 612 1737 1556 873 1355 1556 612 1861 1355
1190 1916 261 1366 101 261 271 1861 97 1411 385 1355 97 822 385 1355 97 741 1355 97
994 1190 1366 1916 101 101 1956 368 1916 1190 1366 261 612 1315 1530 1411 385 1355 1530 233
565 233 1646 1303 1556 741 1303 565 1021 1737 1303 565 1021 1737 1303 565 794 1737 1556 873
994 101 1190 101 101 1956 368 1916 261 1190 612 1315 1556 1411 1646 1355 1530 233 1646 1303
822 1646 1303 1556 741 1355 1530 1021 1737 542 1530 1021 1737 1366 1355 1530 612 1737 1556 873
1355 1530 1021 1737 1355 1530 1021 1737 1355 1530 612 1737 1556 873 1355 1530 794 1861 1303 1530
1556 1021 1737 1355 1556 1021 1737 1355 1556 612 1737 1556 873 1355 1556 612 1861 1355 1556 739
1956 368 1916 1190 1366 1190 612 1355 1530 1411 385 1355 1530 233 1646 1355 1556 741 1355 1556
1916 1366 101 101 1956 368 994 994 1956 368 1916 261 1366 261 612 1315 1556 1411 385 1355
1737 1556 741 1812 1556 739 1861 1812 1556 739 1861 1812 1556 739 1861 1812 1556 739 1861 1812
443 1504 443 1504 1021 1737 1355 1530 271 1737 97 873 1355 97 794 1861 1355 703 443 1504
1841 1355 1556 822 1841 542 1556 741 1355 1556 1021 1737 1355 1556 1366 1021 1737 1355 1556 739
1530 233 1646 1355 1556 741 1355 1530 1021 1737 1355 1530 1366 1021 1737 1355 1556 1646 1737 1556
741 1355 1556 1021 1737 1355 1556 1021 1737 1355 1556 612 1737 1556 873 1355 1556 612 1861 1355
1355 1556 739 1737 443 1504 1539 1504 1556 873 1355 1556 612 1861 1355 1556 443 1504 1539 1504
1021 1737 1355 1530 612 1737 1556 873 1355 1530 612 1861 1355 1530 1916 261 794 1861 1355 1530
1355 1556 1646 1737 1556 873 1355 1556 612 1861 1355 1530 739 1861 1355 1556 739 1861 1355 1530
1556 873 1355 1530 612 1861 1355 1556 739 1861 1355 703 739 1861 1355 1530 739 1861 1355 1556
233 1646 1303 1556 741 542 1530 1021 1737 542 1530 1021 1737 1355 1530 612 1737 1556 873 1355
1556 1411 1646 1355 1556 822 1646 1355 1556 741 1355 703 1021 1737 542 703 1021 1737 1355 1556
1190 1916 1366 101 101 1956 368 1916 1190 1190 612 1861 1556 1411 385 1355 703 822 1646 1355
1411 1841 1737 1556 822 1841 1355 1530 741 1355 1556 1021 1737 1355 1556 612 1737 1355 1556 612
873 1355 1530 1916 261 612 1861 1355 1556 1539 1616 1556 741 542 1556 1539 1616 1556 741 1812
1956 368 1916 1190 1366 261 612 1812 1556 1411 385 1812 703 822 1646 1812 1556 741 1812 1530
741 1355 1530 1021 1737 1355 1530 1021 1737 1355 1530 612 1737 1556 873 1355 1530 612 1861 1303
1355 1530 233 1646 1355 1530 741 1355 1556 1021 1737 1355 1530 1021 1737 1355 1530 1530 1737 1530
1556 1411 1646 1303 565 233 1646 1303 1556 741 1303 565 1021 1737 1303 565 1021 1737 1303 565
1916 101 101 1956 368 1916 261 1366 1190 612 1315 1556 1411 1841 1355 1556 822 1841 1315 1556
1916 1366 101 101 1956 368 994 994 1956 368 1916 261 1366 261 794 1315 1556 1411 1646 1303
1556 1411 385 1355 703 822 1646 1303 1556 741 1355 1530 1021 1737 542 1530 1021 1737 1366 1355
233 1646 1355 1530 741 1355 1556 1021 1737 1355 1530 1021 1737 1355 1530 1530 1737 1556 873 1355
1355 1530 1411 1646 1355 1530 233 1646 1303 1556 741 1355 1530 1021 1737 1355 1530 1021 1737 1355
1504 1916 1190 101 261 612 1355 1556 1411 1841 1355 1556 822 1841 542 1556 741 1355 1556 1021
271 1315 97 1411 385 1355 97 822 385 1355 97 741 1355 97 1021 1737 1355 703 443 1504
565 1021 1737 1303 565 794 1737 1556 873 1303 565 794 1861 1303 565 794 1861 1303 565 794
741 542 1556 1021 1737 542 1556 1021 1737 542 1556 612 1737 1556 873 542 1556 794 542 542
794 1861 1355 703 443 1504 1539 1504 97 741 1355 703 443 1504 1539 1504 97 741 1355 97
1916 1190 1190 612 1861 1556 1411 385 1355 703 822 1646 1355 1556 741 1355 1530 1021 1737 542
1916 261 1366 261 612 1315 1556 1411 385 1355 1556 822 385 1355 1556 741 1355 703 1021 1737
1021 1737 1303 565 794 1737 1556 873 1303 565 794 1861 1303 565 794 1861 1303 565 794 1861
994 1190 1366 1916 101 101 1956 368 1916 261 1366 261 612 1315 1556 1411 385 1315 1530 233
1411 1841 1355 1556 822 1841 542 1556 741 1355 1556 1021 1737 1355 1556 1366 1021 1737 1355 1556
1355 1530 1021 1737 1355 1530 612 1737 1556 873 1355 1530 612 1861 1355 1530 1916 261 612 1861
1366 101 261 271 1315 97 1411 385 1355 97 822 385 1355 97 741 1355 97 1021 1737 1355
741 1355 1556 1021 1737 1355 1556 1366 1021 1737 1355 1556 739 1737 443 1504 1539 1504 1556 873
101 1956 368 1916 1190 1190 612 1315 1556 1411 385 1355 703 822 1646 1303 1556 741 1355 1530
1366 1916 101 101 1956 368 994 994 1956 368 1916 1190 101 1190 612 1355 1556 1366 1411 1646
994 1956 368 1916 261 1366 1190 612 1303 1556 1411 1646 1303 565 233 1646 1303 1556 741 1303
1021 1737 1355 1556 1021 1737 542 1556 612 1737 1556 873 1355 1556 612 1861 1355 1556 739 1861
1190 994 994 101 1190 101 101 1956 368 1916 261 261 612 1315 1556 1411 1646 1355 1530 233
1355 1530 1021 1737 1355 1530 1530 1737 1556 873 1355 1530 612 1861 1355 1530 739 1861 1355 1530
1916 261 1366 261 612 1315 1556 1411 1841 1861 703 822 1646 1355 1556 741 1355 1556 1021 1737
1366 1411 1646 1355 1556 822 385 1355 1556 873 1355 703 1021 1737 1355 1530 443 261 1616 1916
1303 1556 741 1355 1556 1021 1737 1355 1556 1021 1737 1315 1556 612 1737 1556 873 1355 1556 612
1190 1916 261 1366 101 261 271 1861 97 1411 385 1355 97 822 385 1355 97 741 1355 97
1411 385 1355 1556 822 385 1355 1556 741 1355 703 1021 1737 542 703 1021 1737 1355 1556 612
1556 822 1841 1355 1556 612 1861 1315 1556 1021 1737 1355 1556 1021 1737 1315 1556 612 1737 1556
1737 1812 1530 385 1737 1556 741 1812 1556 612 1861 1812 1556 739 1861 1812 1556 739 1812 1812
822 385 1355 97 741 1355 97 1021 1737 1355 703 443 1504 443 1504 1021 1737 1355 1530 271
368 994 994 1956 368 1916 1190 1366 1190 612 1315 1556 1411 1646 1355 1556 822 1646 1303 1556
1355 1556 612 1861 1315 1556 1021 1737 1355 1556 1021 1737 1315 1556 612 1737 1556 873 1355 1556
794 1861 1355 703 443 1504 1539 1504 97 741 1355 703 443 1504 1539 1504 97 741 1355 97
703 1916 1190 1366 1190 1737 1355 703 271 1737 1190 873 1355 1530 612 1861 1355 703 794 1861
1737 1315 703 612 1737 1315 1556 612 1737 1556 873 1315 703 739 1861 1315 1530 739 1861 1315
1315 1556 1411 385 1355 1556 822 385 1355 1556 741 1355 703 1021 1737 542 703 1021 1737 1355
612 1355 1556 1366 1411 1646 1355 1556 822 385 1355 1556 873 1355 703 1021 1737 1355 1530 443
1355 1556 1021 1737 1355 1556 612 1737 1556 873 1355 1556 612 1861 1355 1556 739 1861 1355 1556
1812 1530 385 1737 1556 741 1812 1556 612 1861 1812 1556 739 1861 1812 1556 739 1812 1812 1556
1556 741 1355 703 1021 1737 542 703 1021 1737 1355 1556 612 1737 1556 873 1355 1556 612 1861
1737 1366 1355 1530 612 1737 1556 873 1355 1530 739 1861 1355 1530 739 1861 1355 703 739 1861
1411 385 1355 1530 233 1646 1355 1530 741 1355 1556 1021 1737 1355 1530 1021 1737 1355 1530 1530
1315 1556 1411 1646 1355 1530 233 1646 1303 1556 741 542 1530 1021 1737 542 1530 1021 1737 1355
1875 1616 1875 1616 1190 612 1315 1556 1411 1841 1315 703 822 1841 1355 1556 741 1315 1530 1021
1646 1355 1556 741 1355 703 1021 1737 542 703 1021 1737 1355 1556 612 1737 1556 873 1355 1530
1355 1556 822 385 1355 1556 741 1355 703 1021 1737 542 703 1021 1737 1355 1556 612 1737 1556
1737 1556 873 1355 1556 612 1861 1355 1556 739 1861 1355 703 739 1861 542 1530 739 1861 1355
703 1021 1737 1355 1530 443 1190 1616 1916 1021 1737 542 1530 612 1737 1539 1504 1556 873 1355
101 101 1956 368 1916 1190 1190 612 1315 1556 1411 385 1355 703 822 1646 1303 1556 741 1355
1366 1916 101 101 1956 368 1916 1190 1366 261 612 1315 1530 1411 385 1355 1530 233 1646 1355
101 1956 368 261 1916 261 1190 612 542 1556 822 385 542 822 1841 385 542 1556 741 542
1841 1737 1556 822 1841 1355 1530 741 1355 1556 1021 1737 1355 1556 612 1737 1355 1556 612 1315
1190 1916 1366 101 101 1956 368 994 994 1956 368 1916 261 1366 261 612 1315 1556 1411 385
385 1315 1530 233 385 1315 1556 741 1315 1556 1021 1737 1315 703 612 1737 1315 1556 612 1737
1190 1366 1916 101 101 1956 368 1916 1190 1366 261 612 1315 1556 1411 385 1315 1530 233 385
261 1366 261 612 1315 1556 1411 1841 542 1556 822 1841 1355 1556 612 1861 1315 1556 1021 1737
368 994 994 1956 368 1916 1190 1366 1190 612 1315 1556 1411 1646 1355 1556 822 1646 1303 1556
1366 1916 101 101 1956 368 1916 261 1366 261 612 1315 1556 1411 1841 1355 1556 822 1841 1315
1411 1646 1355 1530 233 1646 1303 1556 741 542 1530 1021 1737 542 1530 1021 1737 1355 1530 1530
822 1841 385 542 1556 741 542 1556 1021 1737 542 1556 1021 1737 542 1556 612 1737 1556 873
97 1021 1737 1355 703 443 1504 443 1504 1021 1737 1355 1530 271 1737 97 873 1355 97 794
1411 385 1355 1530 233 1646 1355 1530 741 1355 1556 1021 1737 1355 1530 1021 1737 1355 1530 1530
1021 1737 1812 1530 385 1737 1556 741 1812 1556 739 1861 1812 1556 739 1861 1812 1556 739 1812
1841 1315 703 822 1841 1355 1556 741 1315 1530 1021 1737 1315 703 443 1504 443 1504 1021 1737
1315 1556 1021 1737 1355 1556 1021 1737 542 1556 612 1737 1556 873 1355 1556 612 1861 1315 1556
822 1841 1355 1556 612 1861 1315 1556 1021 1737 1355 1556 1021 1737 1315 1556 612 1737 1556 873
542 1556 741 542 1556 1021 1737 542 1556 1021 1737 542 1556 612 1737 1556 873 542 1556 794
1530 271 1737 97 873 1355 97 794 1861 1355 703 443 1504 1539 1504 97 741 1355 703 443
1556 1411 1646 1303 565 233 1646 1303 1556 741 1303 565 1021 1737 1303 565 1021 1737 1303 565
101 1956 368 1916 1190 1366 1190 612 1315 1556 1411 1841 542 1556 822 1841 1355 1556 612 1861
101 101 1956 368 994 994 1956 368 1916 261 1366 261 794 1315 1556 1411 1646 1303 565 233
1875 1616 1190 612 1315 1556 1411 1841 1315 703 822 1841 1355 1556 741 1315 1530 1021 1737 1315
1916 1366 101 101 1956 368 1916 1190 1190 612 1315 1556 1411 1841 1737 1556 822 1841 1355 1530
1530 1021 1737 1366 1355 1530 612 1737 1556 873 1355 1530 739 1861 1355 1530 739 1861 1315 703
1956 368 1916 261 1366 1190 612 1861 1556 1411 1646 1355 1556 822 1646 1355 1556 741 1355 703
1190 612 1315 1556 1411 1841 1315 703 822 1841 1355 1556 741 1315 1530 1021 1737 1315 703 612
1366 101 101 1956 368 994 994 1956 368 1916 261 1366 261 794 1315 1556 1411 1646 1303 565
1021 1737 1303 565 1021 1737 1303 565 794 1737 1556 873 1303 565 794 1861 1303 565 794 1861
97 741 1355 97 1021 1737 1355 703 443 1504 443 1504 1021 1737 1355 1530 271 1737 97 873
1355 1530 1021 1737 1355 1530 612 1737 1556 873 1355 1530 794 1861 1355 1530 739 1861 1355 1556
612 1315 1556 1411 1646 1355 1556 822 1646 1355 1556 741 1355 703 1021 1737 542 703 1021 1737
443 1504 1875 1504 1916 1190 101 1190 612 1355 1556 1411 1841 1355 1556 822 1841 542 1556 741
703 822 1841 1355 1556 741 1315 1530 1021 1737 1315 703 443 1504 443 1504 1021 1737 1315 703
101 1956 368 1916 1190 1366 1190 612 1315 1556 1411 1841 542 1556 822 1841 1355 1556 612 1861
1556 1021 1737 1355 1556 1021 1737 1355 1556 612 1737 1556 873 1355 1556 612 1861 1355 1556 739
261 1916 1190 1190 612 542 1556 822 385 542 822 1841 385 542 1556 741 542 1556 1021 1737
1355 1366 612 1355 1530 1411 1646 1355 1530 233 1646 1355 1530 741 1355 1530 1021 1737 1355 1530
97 1021 1737 1355 703 443 1504 443 1504 1021 1737 1355 1530 271 1737 97 873 1355 97 794
1530 1366 1021 1737 1355 1556 1646 1737 1556 873 1355 1556 612 1861 1355 1530 739 1861 1355 1556
1315 1556 612 1737 1556 873 1315 703 739 1861 1315 1530 739 1861 1315 703 739 1861 1315 703
1841 1315 1556 822 1841 1355 1556 612 1861 1315 1556 1021 1737 1355 1556 1021 1737 1315 1556 612
1737 1916 261 1556 873 1355 703 612 1861 1355 1530 443 1504 1539 1504 1556 741 1315 703 739
1355 1530 1366 1021 1737 1355 1556 1646 1737 1556 873 1355 1556 612 1861 1355 1530 739 1861 1355
1303 565 1021 1737 1303 565 1021 1737 1303 565 794 1737 1556 873 1303 565 794 1861 1303 565
542 1530 1021 1737 542 1530 1021 1737 1355 1530 612 1737 1556 873 1355 1530 612 1861 1303 1530
1737 1315 1556 612 1737 1556 873 1355 1556 612 1861 1355 1556 739 1861 1315 1556 739 1861 1315
368 1916 1190 1190 612 1315 1556 1411 1841 1737 1556 822 1841 1355 1530 741 1355 1556 1021 1737
1956 368 1916 1190 1366 261 612 1812 1556 1411 385 1812 703 822 1646 1812 1556 741 1812 1530
1737 1556 873 1355 1530 739 1861 1355 1530 739 1861 1315 703 739 1861 1355 1530 739 1861 1315
994 994 1190 1366 1190 1916 101 101 1956 368 261 1875 1539 1504 1616 1916 261 1366 1875 1616
1021 1737 1355 703 443 1504 443 1504 1021 1737 1355 1530 271 1737 97 873 1355 97 794 1861
1190 612 1355 1530 1411 385 1355 1530 233 1646 1355 1530 741 1355 1556 1021 1737 1355 1530 1021
612 1315 1556 1411 1646 1355 1556 822 1646 1355 1556 741 1355 703 1021 1737 542 703 1021 1737
1556 873 1355 703 612 1861 1355 1530 443 1504 1539 1504 1556 741 1315 703 739 1861 542 703
1303 1556 741 1355 1530 1021 1737 542 1530 1021 1737 1366 1355 1530 612 1737 1556 873 1355 1530
1556 1411 1646 1355 1530 233 1646 1355 1556 741 1355 1530 1021 1737 1355 1530 1366 1021 1737 1355
1190 1916 1366 101 101 1956 368 1916 261 1190 612 1315 1556 1411 1841 1737 97 822 1841 1355
101 1956 368 1916 1190 1366 1190 612 1355 1530 1411 385 1355 1530 233 1646 1355 1556 741 1355
368 1916 261 261 612 1315 1556 1411 1646 1355 1530 233 1646 1355 1556 741 542 1530 1021 1737
1841 1355 1556 822 1841 1315 1556 741 1355 1556 1021 1737 1355 1556 1021 1737 1315 1556 612 1737
1916 1190 1916 261 1366 101 261 271 1861 97 1411 385 1355 97 822 385 1355 97 741 1355
994 1956 368 1916 261 1366 1190 612 1355 1556 1411 1646 1355 1556 822 1646 1355 1556 741 1355
1556 741 1355 1556 1021 1737 1355 1556 1021 1737 1315 1556 612 1737 1556 873 1355 1556 612 1861
1556 1411 385 1355 1556 822 385 1355 1556 741 1355 703 1021 1737 542 703 1021 1737 1355 1556
873 1315 1530 1021 1737 1355 703 1875 1504 1875 1504 1021 1737 1355 703 612 1737 1916 261 1556
1956 368 1916 261 1366 1190 612 1315 1556 1411 1841 1861 703 822 1646 1355 1556 741 1355 1556
101 101 1956 368 1190 443 1504 1875 1504 1916 1190 101 261 612 1355 1556 1411 1841 1355 1556
1916 261 1190 612 1315 1556 1411 1556 1737 1556 822 1556 1355 1530 741 1355 1556 1021 1737 1355
612 1315 1556 1411 385 1355 1556 822 385 1355 1556 741 1355 703 1021 1737 542 703 1021 1737
1556 873 1315 1530 1021 1737 1355 703 1875 1504 1875 1504 1021 1737 1355 703 612 1737 1916 261
703 822 1646 1303 1556 741 1355 1530 1021 1737 542 1530 1021 1737 1366 1355 1530 612 1737 1556
612 1355 1556 1411 1841 1355 1556 822 1841 542 1556 741 1355 1556 1021 1737 1355 1556 1366 1021
1556 1411 1841 1355 1556 822 1841 542 1556 741 1355 1556 1021 1737 1355 1556 1366 1021 1737 1355
1556 1021 1737 1355 1556 612 1737 542 1556 612 1355 1366 612 1315 1556 1411 1646 1355 1530 233
612 1355 1556 1411 1841 1355 1556 822 1841 542 1556 741 1355 1556 1021 1737 1355 1556 1366 1021
1556 822 385 1355 1556 741 1355 703 1021 1737 542 703 1021 1737 1355 1556 612 1737 1556 873
1737 1355 1556 612 1355 1366 612 1355 1556 1411 1646 1355 1530 233 1646 1355 1556 741 1355 1530
1411 385 1355 1556 822 385 1355 1556 741 1355 703 1021 1737 542 703 1021 1737 1355 1556 612
97 1021 1737 1355 703 443 1504 443 1504 1021 1737 1355 1530 271 1737 97 873 1355 97 794
703 443 1504 443 1504 1021 1737 1355 1530 271 1737 97 873 1355 97 794 1861 1355 703 443
1411 1841 1861 703 822 1646 1303 1556 741 1355 1556 1021 1737 1355 1556 1021 1737 1315 1556 612
1315 703 822 1841 1355 1556 741 1315 1530 1021 1737 1315 703 443 1504 443 1504 1021 1737 1315
1021 1737 1355 1530 1530 1737 1556 873 1355 1530 612 1861 1355 1530 739 1861 1355 1530 739 1861
1355 1530 1021 1737 1355 1530 612 1737 1556 873 1355 1530 612 1861 1355 1530 1916 261 612 1861
1355 1530 233 1646 1355 1556 741 1355 1530 1021 1737 1355 1530 1366 1021 1737 1355 1556 1530 1737
542 1530 612 1737 1539 1504 1556 873 1355 1530 1916 261 612 1861 1355 1556 1539 1504 1556 741
1737 1556 873 1355 1556 612 1861 1355 1556 739 1861 1355 703 739 1861 542 1530 739 1861 1355
101 101 1956 368 1916 1190 1190 612 1315 1556 1411 1646 1355 1530 233 1646 1303 1556 741 542
1530 1021 1737 1812 1556 1021 1737 1812 1530 385 1737 1556 873 1812 1556 739 1812 1812 1556 739
612 1315 1556 1411 385 1355 703 822 1646 1303 1556 741 1355 1530 1021 1737 542 1530 1021 1737
1315 1556 1411 1646 1355 1556 822 1646 1355 1556 741 1355 703 1021 1737 542 703 1021 1737 1355
385 1737 1556 741 1812 1556 739 1861 1812 1556 739 1861 1812 1556 739 1861 1812 1556 739 1812
1737 542 703 1021 1737 1355 1556 612 1737 1556 873 1355 1556 612 1861 1355 1556 739 1861 1355
873 1355 1556 612 1861 1355 1556 443 1504 1539 1504 1556 741 1355 1556 1916 261 739 1861 1355
1021 1737 1812 1556 1021 1737 1812 1530 385 1737 1556 873 1812 1556 739 1812 1812 1556 739 1812
101 101 1956 368 1916 261 1190 612 1355 1556 1411 1646 1355 1530 233 1646 1355 1556 741 1355
1315 1556 1411 1841 542 1556 822 1841 1355 1556 612 1861 1315 1556 1021 1737 1355 1556 1021 1737
703 1875 1504 1875 1504 1021 1737 1355 703 612 1737 1916 261 1556 873 1355 703 612 1861 1315
1956 368 1916 1190 1916 261 1366 101 261 271 1861 97 1411 385 1355 97 822 385 1355 97
271 1315 97 1411 385 1355 97 822 385 1355 97 741 1355 97 1021 1737 1355 703 443 1504
1812 703 822 1646 1812 1556 741 1812 1530 1021 1737 1812 1556 1021 1737 1812 1530 385 1737 1556
1315 1556 1411 1841 1315 703 822 1841 1355 1556 741 1315 1530 1021 1737 1355 703 443 1504 443
1021 1737 1303 565 1021 1737 1303 565 794 1737 1556 873 1303 565 794 1861 1303 565 794 1861
1355 1530 271 1737 97 873 1355 97 794 1861 1355 703 443 1504 1539 1504 97 741 1315 703
994 1190 1366 1916 101 101 1956 368 1916 261 1366 261 612 1355 612 1411 1646 1355 1530 233
1530 1021 1737 1355 703 1875 1504 1875 1504 1021 1737 1355 703 612 1737 1916 261 1556 873 1355
1556 741 1355 1556 1021 1737 1355 1556 1366 1021 1737 1355 1556 739 1737 443 1504 1539 1504 1556
542 1556 1021 1737 542 1556 612 1737 1556 873 542 1556 794 542 542 1530 739 542 542 1530
1556 1411 1841 1861 703 822 1646 1303 1556 741 1355 1556 1021 1737 1355 1556 1021 1737 1315 1556
994 1190 1366 1916 101 101 1956 368 1366 1916 261 261 612 542 1556 822 385 542 822 1841
1737 1355 1556 1646 1737 1556 873 1355 1556 612 1861 1355 1530 739 1861 1355 1556 739 1861 1355
994 1190 1366 1190 1916 101 101 1956 368 261 1539 1539 1504 1616 1916 261 1366 1875 1616 1875
261 261 261 612 1355 1556 1411 1646 1355 1530 233 1646 1355 1556 741 1355 1530 1021 1737 1355
1916 261 1366 261 612 1315 1556 1411 1841 1355 1556 822 1841 1355 1556 741 1355 1556 1021 1737
1021 1737 1315 1556 612 1737 1556 873 1315 703 739 1861 1315 1530 739 1861 1315 703 739 1861
101 1956 368 1916 261 1190 612 1315 1556 1411 1646 1355 1530 233 1646 1303 1556 741 542 1530
1190 1366 1916 101 101 1956 368 1916 1190 1366 261 612 1355 1530 1411 385 1355 1530 233 1646
233 1646 1303 1556 741 1355 1530 1021 1737 1355 1530 1021 1737 1355 1530 612 1737 1556 873 1355
1355 1530 233 385 1303 1556 741 1355 703 1021 1737 542 703 1916 1190 1366 1190 1737 1355 703
368 1916 1190 1366 1190 612 1355 1530 1411 385 1355 1530 233 1646 1355 1530 741 1355 1556 1021
1916 261 1366 261 612 1315 1556 1411 1841 542 1556 822 1841 1355 1556 612 1861 1315 1556 1021
1556 612 1737 1556 873 1355 1530 612 1861 1355 1556 739 1861 1355 703 739 1861 1355 1530 739
1556 822 1841 1355 1530 741 1355 1556 1021 1737 1355 1556 612 1737 1355 1556 612 1315 1366 612
1737 1315 703 612 1737 1916 261 1556 873 1355 703 612 1861 1315 1530 443 1504 1539 1504 1556
385 1812 703 822 1646 1812 1556 741 1812 1530 1021 1737 1812 1556 1021 1737 1812 1530 385 1737
97 822 385 1355 97 741 1355 97 1021 1737 1355 703 443 1504 443 1504 1021 1737 1355 1530
1916 1190 101 261 612 1355 1556 1366 1411 1646 1355 1556 822 385 1355 1556 873 1355 703 1021
385 542 822 1841 385 542 1556 741 542 1556 1021 1737 542 1556 1021 1737 542 1556 612 1737
1916 261 1366 261 612 1812 1556 1411 385 1812 703 822 1646 1812 1556 741 1812 1530 1021 1737
994 1190 1366 1916 101 101 1956 368 1916 261 1366 261 612 1315 1556 1411 1841 1355 1556 822
101 1956 368 994 994 1956 368 1916 1190 1366 1190 612 1315 1556 1411 1646 1355 1556 822 1646
1556 1411 1841 542 1556 822 1841 1355 1556 612 1861 1315 1556 1021 1737 1355 1556 1021 1737 1315
822 1646 1812 1556 741 1812 1530 1021 1737 1812 1556 1021 1737 1812 1530 385 1737 1556 873 1812
1190 1366 261 612 1355 1530 1411 385 1355 1530 233 1646 1355 1530 741 1355 1556 1021 1737 1355
1556 741 1355 1530 1021 1737 1355 1530 1366 1021 1737 1355 1556 1646 1737 1556 873 1355 1556 612
1556 822 1841 1355 1556 741 1355 1556 1021 1737 1355 1556 1021 1737 1355 1556 612 1737 1556 873
1737 97 873 1355 97 794 1861 1355 703 443 1504 1539 1504 97 741 1355 703 443 1504 1539
1190 612 1315 1556 1411 1841 1861 703 822 1646 1303 1556 741 1355 1556 1021 1737 1355 1556 1021
542 1556 741 542 1556 1021 1737 542 1556 1021 1737 542 1556 612 1737 1556 873 542 1556 794
1021 1737 1355 1530 1530 1737 1556 873 1355 1530 612 1861 1303 1530 739 1861 1355 1530 739 1861
1841 385 542 1556 741 542 1556 1021 1737 542 1556 1021 1737 542 1556 612 1737 1556 873 542
1303 1556 741 1355 1530 1021 1737 1355 1530 1021 1737 1355 1530 612 1737 1556 873 1355 1530 612
1616 1916 1021 1737 542 1530 612 1737 1539 1504 1556 873 1355 1530 1916 1190 794 1861 1355 1556
703 1021 1737 542 703 1021 1737 1355 1556 612 1737 1556 873 1355 1556 612 1861 1355 1556 739
741 1355 1556 1021 1737 1355 1556 1366 1021 1737 1355 1556 739 1737 443 1504 1539 1504 1556 873
994 994 1956 368 1916 261 1366 261 612 1315 1556 1411 385 1355 1556 822 385 1315 1556 741
1366 1875 1616 1875 1616 1190 612 1315 1556 1411 1841 1315 703 822 1841 1355 1556 741 1315 1530
1366 1916 101 101 1956 368 1916 1190 1190 612 1355 1556 1411 1646 1355 1530 233 1646 1355 1556
1411 1646 1355 1556 822 1646 1355 1556 741 1355 703 1021 1737 542 703 1021 1737 1355 1556 612
1841 1315 1556 741 1355 1556 1021 1737 1355 1556 1021 1737 1355 1556 612 1737 1556 873 1355 1556
101 1956 368 994 994 1956 368 1916 1190 1366 1190 612 1812 1556 1411 385 1812 703 822 1646
261 1366 261 612 1315 1556 1411 1841 1355 1556 822 1841 1315 1556 741 1355 1556 1021 1737 1315
1916 1190 1366 1190 1737 1355 703 271 1737 1190 873 1355 1530 612 1861 1355 703 794 1861 1355
703 822 1841 1355 1556 741 1315 1530 1021 1737 1315 703 443 1504 443 1504 1021 1737 1315 703
1916 1366 101 101 1956 368 1916 1190 1190 612 1315 1556 1411 1841 1737 1556 822 1841 1355 1530
1355 1556 612 1861 1315 1556 1021 1737 1355 1556 1021 1737 1315 1556 612 1737 1556 873 1355 1556
822 385 1355 97 741 1355 97 1021 1737 1355 703 443 1504 443 1504 1021 1737 1355 1530 271
1021 1737 1355 1530 612 1737 1556 873 1355 1530 612 1861 1355 1530 1916 261 794 1861 1355 1530
1556 739 1737 443 1616 1539 1504 1556 873 1355 1556 612 1861 1355 1556 443 1504 1539 1504 1556
994 1190 1366 1916 101 101 1956 368 1916 261 1366 261 612 1315 1556 1411 1841 1861 703 822
542 1556 1021 1737 542 1556 1021 1737 542 1556 612 1737 1556 873 542 1556 794 542 542 1530
1411 1646 1355 1530 233 1646 1303 1556 741 542 1530 1021 1737 542 1530 1021 1737 1355 1530 1530
1190 612 1355 1530 1411 385 1355 1530 233 1646 1355 1530 741 1355 1556 1021 1737 1355 1530 1021
1737 1315 703 612 1737 1916 261 1556 873 1355 703 612 1861 1315 1530 443 1504 1539 1504 1556
1315 1556 741 1315 1556 1021 1737 1315 703 1021 1737 1315 1556 612 1737 1556 873 1315 703 739
1411 1646 1355 1530 233 1646 1303 1556 741 1355 1530 1021 1737 1355 1530 1021 1737 1355 1530 612
1539 1616 1556 873 1355 1556 612 1861 1355 1556 443 1504 1539 1504 1556 741 1355 1556 1916 261
1841 1737 1556 822 1841 1355 1530 741 1355 1556 1021 1737 1355 1556 612 1737 1355 1556 612 1315
1737 542 1556 1021 1737 542 1556 612 1737 1556 873 542 1556 794 542 542 1530 739 542 542
1021 1737 1355 1556 612 1737 1556 873 1355 1530 612 1861 1355 1556 739 1861 1355 703 739 1861
1411 385 1812 703 822 1646 1812 1556 741 1812 1530 1021 1737 1812 1556 1021 1737 1812 1530 385
1556 873 1315 1530 1021 1737 1355 703 1875 1504 1875 1504 1021 1737 1355 703 612 1737 1916 261
741 1355 703 1021 1737 542 703 1916 1190 1366 1190 1737 1355 703 271 1737 1190 873 1355 1530
1355 1530 1411 385 1355 1530 233 1646 1355 1530 741 1355 1556 1021 1737 1355 1530 1021 1737 1355
1737 1355 1556 1366 1021 1737 1355 1556 385 1737 443 1504 1539 1504 1556 873 1355 1556 739 1861
565 233 1646 1303 1556 741 1303 565 1021 1737 1303 565 1021 1737 1303 565 794 1737 1556 873
1956 368 1916 261 1366 261 612 1303 1556 1411 1646 1303 565 233 1646 1303 1556 741 1303 565
1411 1841 1355 1556 822 1841 542 1556 741 1355 1556 1021 1737 1355 1556 1366 1021 1737 1355 1556
1530 233 385 1303 1556 741 1355 703 368 1737 542 703 1916 1190 1366 1190 1737 1355 703 271
261 1366 261 612 1812 1556 1411 385 1812 703 822 1646 1812 1556 741 1812 1530 1021 1737 1812
1355 1556 741 1355 1530 1021 1737 1355 1530 1366 1021 1737 1355 1556 1646 1737 1556 873 1355 1556
1556 822 1841 1355 1530 741 1355 1556 1021 1737 1355 1556 612 1737 1355 1556 612 1315 1366 612
1021 1737 1303 565 794 1737 1556 873 1303 565 794 1861 1303 565 794 1861 1303 565 794 1861
542 1556 822 385 542 822 1841 385 542 1556 741 542 1556 1021 1737 542 1556 1021 1737 542
1556 1021 1737 1355 1556 1021 1737 1355 1556 612 1737 1556 873 1355 1556 612 1861 1355 1556 739
1315 97 1411 385 1355 97 822 385 1355 97 741 1355 97 1021 1737 1355 703 443 1504 443
1355 1530 1021 1737 1355 1530 1366 1021 1737 1355 1556 1646 1737 1556 873 1355 1556 612 1861 1355
1646 1303 1556 741 1355 1556 1021 1737 1355 1556 1021 1737 1315 1556 612 1737 1556 873 1355 1556
1303 565 1021 1737 1303 565 612 1737 1556 873 1303 565 794 1861 1303 565 794 1861 1303 565
1646 1303 1556 741 1355 1530 1021 1737 542 1530 1021 1737 1366 1355 1530 612 1737 1556 873 1355
1556 873 1355 1530 612 1861 1355 1556 739 1861 1355 703 739 1861 1355 1530 739 1861 1355 1556
101 101 1956 368 994 994 1956 368 1916 261 1366 261 612 1315 1556 1411 385 1355 97 822
368 1916 1190 1916 261 1366 101 261 271 1315 97 1411 385 1355 97 822 385 1355 97 741
1021 1737 1355 1556 612 1737 1556 873 1355 1556 612 1861 1355 1556 739 1861 1355 1556 739 1861
1355 1556 1646 1737 1556 873 1355 1556 612 1861 1355 1530 739 1861 1355 1556 739 1861 1355 1530
97 741 1355 97 1021 1737 1355 703 443 1504 443 1504 1021 1737 1355 1530 271 1737 97 873
1916 261 1366 261 612 1315 1556 1411 385 1315 1530 233 385 1315 1556 741 1315 1556 1021 1737
368 1916 1190 101 261 612 1355 1556 1366 1411 1646 1355 1556 822 385 1355 1556 873 1355 703
1190 1366 1916 101 101 1956 368 1916 261 1366 261 612 1315 1556 1411 1841 1861 703 822 1646
612 1315 1556 1411 1646 1355 1530 233 1646 1303 1556 741 542 1530 1021 1737 542 1530 1021 1737
994 994 1956 368 1916 1190 101 1190 612 1355 1556 1366 1411 1646 1355 1556 822 385 1303 1556
612 1737 1556 873 1355 1556 612 1861 1355 1556 739 1861 1315 1556 739 1861 1315 1556 739 1861
1556 612 1737 1556 873 1355 1530 612 1861 1355 1556 739 1861 1355 703 739 1861 1355 1530 739
1956 368 1916 261 1366 261 612 1303 1556 1411 1646 1303 565 233 1646 1303 1556 741 1303 565
368 1916 1190 1916 261 1366 101 261 271 1315 97 1411 385 1355 97 822 385 1355 97 741
994 1190 1916 1366 101 101 1956 368 994 994 1956 368 1916 261 1366 1190 612 1315 1556 1411
1021 1737 1355 1556 739 1737 443 1504 1539 1504 1556 873 1355 1556 612 1861 1355 1556 443 1504
1737 542 1530 1021 1737 1355 1530 1530 1737 1556 873 1355 1530 612 1861 1303 1530 739 1861 1315
1956 368 1916 261 1366 261 612 1315 1556 1411 1841 1355 1556 822 1841 1355 1556 741 1355 1556
703 1021 1737 542 703 1021 1737 1355 1556 612 1737 1556 873 1355 1556 612 1861 1355 1556 739
1530 385 1737 1556 741 1812 1556 612 1861 1812 1556 739 1861 1812 1556 739 1861 1812 1556 739
1556 741 542 1530 1021 1737 542 1530 1021 1737 1355 1530 1530 1737 1556 873 1355 1530 612 1861
1315 703 1021 1737 1315 1556 612 1737 1556 873 1315 703 739 1861 1315 1530 739 1861 1315 703
1366 1916 101 101 1956 368 1916 1190 1190 612 1355 1556 1411 1646 1355 1530 233 1646 1355 1556
1366 101 101 1956 368 1916 1190 1190 612 1315 1556 1411 385 1355 703 822 1646 1303 1556 741
994 1956 368 1916 261 1366 1190 612 1303 1556 1411 1646 1303 565 233 1646 1303 1556 741 1303
1366 1916 101 101 1956 368 1916 261 1366 261 612 1315 1556 1411 1841 1355 1556 822 1841 1315
1021 1737 1315 703 612 1737 1916 261 1556 873 1355 703 612 1861 1315 1530 443 1504 1539 1504
1530 233 385 1315 1556 741 1315 1556 1021 1737 1315 703 612 1737 1315 1556 612 1737 1556 873
368 1916 1190 1190 612 1315 1556 1411 1841 1737 1556 822 1841 1355 1530 741 1355 1556 1021 1737
1355 1556 741 1355 1530 1021 1737 1355 1530 1366 1021 1737 1355 1556 1646 1737 1556 873 1355 1556
368 994 994 1956 368 1916 1190 1366 1190 612 1812 1556 1411 385 1812 703 822 1646 1812 1556
1021 1737 1355 1530 1021 1737 1355 1530 1021 1737 1556 873 1355 1530 612 1861 1303 1530 1916 261
1021 1737 542 1556 612 1737 1556 873 1355 1556 612 1861 1355 1556 739 1861 1315 1556 739 1861
703 1021 1737 1315 1556 612 1737 1556 873 1315 703 739 1861 1315 1530 739 1861 1315 703 739
101 1956 368 1916 1190 1190 612 1315 1556 1411 385 1355 703 822 1646 1303 1556 741 1355 1530
1737 542 703 1021 1737 1355 1556 612 1737 1556 873 1355 1530 612 1861 1355 1556 739 1861 1355
1556 822 385 1355 1556 741 1355 703 1021 1737 542 703 1021 1737 1355 1556 612 1737 1556 873
1616 1539 1616 1556 873 1355 1556 612 1861 1355 1556 443 1504 1539 1504 1556 741 1355 1556 1916
233 385 1315 1556 741 1315 1556 1021 1737 1315 703 612 1737 1315 1556 612 1737 1556 873 1315
1190 1366 1916 101 101 1956 368 1916 261 1366 261 612 1355 612 1411 1646 1355 1530 233 1646
1366 1916 101 101 1956 368 1366 1916 261 261 612 542 1556 822 385 542 822 1841 385 542
1315 1556 1411 1841 1737 1556 822 1841 1355 1530 741 1355 1556 1021 1737 1355 1556 612 1737 1355
1355 1556 612 1861 1355 1556 443 1504 1539 1504 1556 741 1355 1556 1916 261 612 1861 1355 1556
1556 1021 1737 1315 1556 612 1737 1556 873 1355 1556 612 1861 1355 1556 739 1861 1315 1556 739
1355 1530 1411 385 1355 1530 233 1646 1355 1530 741 1355 1556 1021 1737 1355 1530 1021 1737 1355
1355 1530 1021 1737 1355 1530 1021 1737 1355 1530 612 1737 1556 873 1355 1530 612 1861 1303 1530
1916 261 1556 873 1355 703 612 1861 1355 1530 443 1504 1539 1504 1556 741 1315 703 739 1861
1556 612 1737 1556 873 1315 703 739 1861 1315 1530 739 1861 1315 703 739 1861 1315 703 739
1956 368 1916 1190 1190 612 1861 1556 1411 385 1355 703 822 1646 1303 1556 741 1355 1530 1021
1737 1355 703 1875 1504 1875 1504 1021 1737 1355 703 612 1737 1916 261 1556 873 1355 703 612
1315 1556 1411 1841 1861 703 822 1646 1303 1556 741 1355 1556 1021 1737 1355 1556 1021 1737 1315
385 1355 1556 741 1355 703 1021 1737 542 703 1021 1737 1355 1556 612 1737 1556 873 1355 1556
1366 1916 101 101 1956 368 994 994 1956 368 1916 1190 101 1190 612 1355 1556 1366 1411 1646
233 1646 1355 1556 741 1355 1530 1021 1737 1355 1530 1021 1737 1355 1530 612 1737 1556 873 1355
101 1956 368 1916 261 1366 1190 612 1315 1556 1411 1841 1861 703 822 1646 1355 1556 741 1355
368 1916 1190 1190 612 1861 1556 1411 385 1355 703 822 1646 1355 1556 741 1355 1530 1021 1737
368 1916 261 1366 261 612 1303 1556 1411 1646 1303 565 233 1646 1303 1556 741 1303 565 1021
1556 1021 1737 1315 1556 612 1737 1556 873 1355 1556 612 1861 1355 1556 739 1861 1315 1556 739
1956 368 261 1539 1539 1616 1616 1916 261 1366 1875 1616 1875 1616 1190 612 1315 1556 1411 1841
1916 101 101 1956 368 1916 1190 1190 612 1355 1556 1411 1646 1355 1530 233 1646 1355 1556 741
612 1812 1556 1411 385 1812 703 822 1646 1812 1556 741 1812 1530 1021 1737 1812 1556 1021 1737
1916 261 261 612 1315 1556 1411 1646 1355 1530 233 1646 1355 1556 741 542 1530 1021 1737 542
1355 1556 612 1861 1355 1556 443 1504 1539 1504 1556 741 1355 1556 1916 261 612 1861 1355 1556
1355 1530 1021 1737 1355 703 1875 1504 1875 1504 1021 1737 1355 703 612 1737 1916 261 1556 873
1411 385 1355 97 822 385 1355 97 741 1355 97 1021 1737 1355 703 443 1504 443 1504 1021
1190 612 1315 1556 1411 1841 1737 1556 822 1841 1355 1530 741 1355 1556 1021 1737 1355 1556 612
1303 1556 1411 1646 1303 565 233 1646 1303 1556 741 1303 565 1021 1737 1303 565 1021 1737 1303
703 1021 1737 1355 1556 612 1737 1556 873 1355 1556 612 1861 1355 1556 739 1861 1355 703 739
1841 1355 1556 741 1315 1530 1021 1737 1355 703 443 1504 443 1504 1021 1737 1315 703 612 1737
1411 385 1355 703 822 1646 1303 1556 741 1355 1530 1021 1737 542 1530 1021 1737 1366 1355 1530
612 1737 1556 873 1355 1556 612 1861 1355 1556 739 1861 1315 1556 739 1861 1315 1556 739 1861
1556 1021 1737 1812 1530 385 1737 1556 873 1812 1556 739 1861 1812 1556 739 1861 1812 1556 739
1366 1916 101 101 1956 368 1916 261 1366 261 612 1315 1556 1411 1841 1355 1556 822 1841 1315
1303 1556 741 1355 1530 1021 1737 1355 1530 1021 1737 1355 1530 612 1737 1556 873 1355 1530 794
1355 1530 1021 1737 1355 703 1875 1504 1875 1504 1021 1737 1355 703 612 1737 1916 261 1556 873
994 1190 1366 1190 1916 101 101 1956 368 261 1539 1539 1504 1616 1916 261 1366 1875 1616 1875
612 542 1556 822 385 542 822 1841 385 542 1556 741 542 1556 1021 1737 542 1556 1021 1737
1366 261 612 1303 1556 1411 1646 1303 565 233 1646 1303 1556 741 1303 565 1021 1737 1303 565
1411 385 1355 1530 233 1646 1355 1530 741 1355 1556 1021 1737 1355 1530 1021 1737 1355 1530 1530
1190 1366 1916 101 101 1956 368 994 994 1956 368 1916 1190 1366 1190 612 1812 1556 1411 385
794 1861 1355 703 443 1504 1539 1504 97 741 1355 703 443 1504 1539 1504 97 741 1355 97
1737 443 1616 1539 1616 1556 873 1355 1556 612 1861 1355 1556 443 1504 1539 1504 1556 741 1355
368 994 994 1956 368 1916 1190 101 1190 612 1355 1556 1366 1411 1646 1355 1556 822 385 1303
1556 741 1355 1530 1021 1737 1355 1530 1021 1737 1355 1530 612 1737 1556 873 1355 1530 794 1861
739 1737 443 1616 1539 1504 1556 873 1355 1556 612 1861 1355 1556 443 1504 1539 1504 1556 741
443 1504 1916 1190 101 261 612 1355 1556 1411 1841 1355 1556 822 1841 542 1556 741 1355 1556
368 1916 261 1366 261 612 1315 1556 1411 1841 1355 1556 822 1841 1355 1556 741 1355 1556 1021
1355 1530 1021 1737 1355 1530 1530 1737 1556 873 1355 1530 612 1861 1355 1530 739 1861 1355 1530
612 1812 1556 1411 385 1812 703 822 1646 1812 1556 741 1812 1530 1021 1737 1812 1556 1021 1737
368 1916 1190 1916 261 1366 101 261 271 1315 97 1411 385 1355 97 822 385 1355 97 741
1190 612 1315 1556 1411 1841 1737 1556 822 1841 1355 1530 741 1355 1556 1021 1737 1355 1556 612
1916 1366 101 101 1956 368 1190 443 1504 1875 1504 1916 1190 101 261 612 1355 1556 1411 1841
1530 1021 1737 1355 1530 1530 1737 1556 873 1355 1530 612 1861 1355 1530 739 1861 1355 1530 739
703 1021 1737 542 703 1021 1737 1355 1556 612 1737 1556 873 1355 1530 612 1861 1355 1556 739
1355 1530 1021 1737 1355 1530 1366 1021 1737 1355 1556 1646 1737 1556 873 1355 1556 612 1861 1355
1841 542 1556 741 1355 1556 1021 1737 1355 1556 1366 1021 1737 1355 1556 739 1737 443 1504 1539
233 1646 1303 1556 741 1303 565 1021 1737 1303 565 1021 1737 1303 565 794 1737 1556 873 1303
741 1315 1556 1021 1737 1315 703 1021 1737 1315 1556 612 1737 1556 873 1315 703 739 1861 1315
368 1916 1190 1190 612 1315 1556 1411 1841 1737 1556 822 1841 1355 1530 741 1355 1556 1021 1737
1315 1556 1411 385 1355 703 822 1646 1303 1556 741 1355 1530 1021 1737 542 1530 1021 1737 1366
101 1956 368 1916 261 261 1190 612 1355 1556 1411 1646 1355 1530 233 1646 1355 1556 741 1355
1956 368 1190 443 1504 1875 1504 1916 1190 101 261 612 1355 1556 1411 1841 1355 1556 822 1841
1411 1841 1737 1556 822 1841 1355 1530 741 1355 1556 1021 1737 1355 1556 612 1737 1355 1556 612
1841 1315 1556 822 1841 1355 1556 612 1861 1315 1556 1021 1737 1355 1556 1021 1737 1315 1556 612
1737 1812 1556 1021 1737 1812 1530 385 1737 1556 873 1812 1556 739 1861 1812 1556 739 1812 1812
873 1355 97 794 1861 1355 703 443 1504 1539 1504 97 741 1355 703 443 1504 1539 1504 97
1556 1411 1841 1861 703 822 1646 1303 1556 741 1355 1556 1021 1737 1355 1556 1021 1737 1315 1556
1355 1556 1021 1737 1355 1530 1021 1737 1355 1530 1530 1737 1530 873 1355 1530 612 1861 1355 1530
1021 1737 542 703 1021 1737 1355 1556 612 1737 1556 873 1355 1556 612 1861 1355 1556 739 1861
1355 1556 1021 1737 1355 1556 1021 1737 1355 1556 612 1737 1556 873 1355 1556 612 1861 1355 1556
1190 271 1315 97 1411 385 1355 97 822 385 1355 97 741 1355 97 1021 1737 1355 703 443
233 1646 1303 1556 741 1355 1530 1021 1737 1355 1530 1021 1737 1355 1530 612 1737 1556 873 1355
101 1956 368 1916 1190 1366 1190 612 1315 1556 1411 1841 542 1556 822 1841 1355 1556 612 1861
1190 1366 1916 101 101 1956 368 994 994 1956 368 1916 1190 1366 1190 612 1812 1556 1411 385
741 1315 1556 1021 1737 1315 703 1021 1737 1315 1556 612 1737 1556 873 1315 703 739 1861 1315
1190 612 1355 1530 1411 385 1355 1530 233 1646 1355 1530 741 1355 1556 1021 1737 1355 1530 1021
542 1556 612 1737 1556 873 542 1556 794 542 542 1530 739 542 542 1530 739 542 542 1556
1190 101 261 612 1355 1556 1366 1411 1646 1355 1556 822 385 1355 1556 873 1355 703 1021 1737
1315 1556 1021 1737 1315 1556 612 1737 1556 873 1355 1556 612 1861 1355 1556 739 1861 1315 1556
1411 1841 1355 1556 822 1841 1315 1556 741 1355 1556 1021 1737 1355 1556 1021 1737 1315 1556 612
542 1530 1021 1737 1355 1530 1530 1737 1556 873 1355 1530 612 1861 1303 1530 739 1861 1315 1530
542 1556 741 542 1556 1021 1737 542 1556 1021 1737 542 1556 612 1737 1556 873 542 1556 794
994 1956 368 1916 261 1366 1190 612 1355 1556 1411 1646 1355 1556 822 1646 1355 1556 741 1355
873 1355 703 612 1861 1355 1530 443 1504 1539 1504 1556 741 1315 703 739 1861 542 703 443
271 1737 97 873 1355 97 794 1861 1355 703 443 1504 1539 1504 97 741 1355 703 443 1504
1530 385 1737 1556 741 1812 1556 612 1861 1812 1556 739 1861 1812 1556 739 1861 1812 1556 739
1861 703 822 1646 1303 1556 741 1355 1556 1021 1737 1315 1556 1021 1737 1355 1556 612 1737 1556
101 261 612 1355 1556 1366 1411 1646 1355 1556 822 385 1355 1556 873 1355 703 1021 1737 1355
1355 1556 741 1355 703 1021 1737 542 703 1916 1190 1366 1190 1737 1355 703 271 1737 1190 873
1556 1411 1646 1355 1556 822 1646 1355 1556 741 1355 703 1021 1737 542 703 1021 1737 1355 1556
1539 1504 1556 873 1355 1530 1916 1190 612 1861 1355 1556 1875 1504 1556 741 542 1556 1539 1504
1411 1646 1355 1530 233 1646 1303 1556 741 542 1530 1021 1737 542 1530 1021 1737 1355 1530 1530
101 1956 368 1916 1190 1366 261 612 1315 1556 1411 385 1315 1530 233 385 1315 1556 741 1315
1737 1355 1556 612 1737 1556 873 1355 1556 612 1861 1355 1556 739 1861 1355 703 739 1861 542
1556 1021 1737 1315 703 1021 1737 1315 1556 612 1737 1556 873 1315 703 739 1861 1315 1530 739
1355 703 612 1737 1916 261 1556 873 1355 703 612 1861 1315 1530 443 1504 1539 1504 1556 873
1861 703 822 1646 1303 1556 741 1355 1556 1021 1737 1315 1556 1021 1737 1355 1556 612 1737 1556
1916 101 101 1956 368 1916 261 261 1190 612 1315 1556 1411 1841 1861 703 822 1646 1315 1556
1355 1530 1021 1737 1355 1530 612 1737 1556 873 1355 1530 794 1861 1355 1530 739 1861 1355 1556
1504 443 1504 1021 1737 1355 1530 271 1737 97 873 1355 97 794 1861 1355 703 443 1504 1539
1737 97 873 1355 97 794 1861 1355 703 443 1504 1539 1504 97 741 1355 703 443 1504 1539
994 101 1190 101 101 1956 368 1916 261 1190 612 1315 1556 1411 1646 1355 1530 233 1646 1303
1355 1556 612 1861 1315 1556 1021 1737 1355 1556 1021 1737 1315 1556 612 1737 1556 873 1355 1556
1916 261 261 261 612 1355 1556 1411 1646 1355 1530 233 1646 1355 1556 741 1355 1530 1021 1737
741 542 1530 1021 1737 542 1530 1021 1737 1355 1530 1530 1737 1556 873 1355 1530 612 1861 1303
1021 1737 542 1530 1021 1737 1355 1530 612 1737 1556 873 1355 1530 612 1861 1303 1530 739 1861
1021 1737 1355 1556 612 1737 1556 873 1355 1530 612 1861 1355 1556 739 1861 1355 703 739 1861
1366 1190 1737 1355 703 271 1737 1190 873 1355 1530 612 1861 1355 703 794 1861 1355 1530 794
1190 1366 1916 101 101 1956 368 1916 1190 1366 261 612 1315 1556 1411 385 1315 1530 233 385
1556 1411 385 1315 1530 233 385 1315 1556 741 1315 1556 612 1737 1315 703 612 1737 1315 1556
368 1916 1190 1916 261 1366 101 261 271 1315 97 1411 385 1355 97 822 385 1355 97 741
1366 1190 1916 101 101 1956 368 261 1539 1539 1504 1616 1916 261 1366 1875 1616 1875 1616 1190
1646 1355 1556 741 1355 703 1021 1737 542 703 1021 1737 1355 1556 612 1737 1556 873 1355 1530
1021 1737 1315 703 1021 1737 1315 1556 612 1737 1556 873 1315 703 739 1861 1315 1530 739 1861
703 1916 1190 1366 1190 1737 1355 703 271 1737 1190 873 1355 1530 612 1861 1355 703 794 1861
1504 1556 873 1355 1530 1916 1190 612 1861 1355 1556 1539 1504 1556 741 542 1556 1539 1504 1556
1021 1737 542 1530 1021 1737 1366 542 1530 612 1737 1556 873 1355 1530 739 1861 1355 1530 739
1556 741 1812 1530 1021 1737 1812 1556 1021 1737 1812 1530 385 1737 1556 873 1812 1556 612 1812
261 1366 261 612 1861 1556 1411 1646 1355 1556 822 1646 1355 1556 741 1355 703 1021 1737 542
741 1355 1556 1021 1737 1355 1556 1021 1737 1355 1556 612 1737 1556 873 1355 1556 612 1861 1355
1646 1355 1530 233 1646 1303 1556 741 542 1530 1021 1737 542 1530 1021 1737 1355 1530 1530 1737
233 385 1355 1556 741 1355 703 368 1737 542 703 1916 1190 1366 1190 1737 1355 703 271 1737
612 1315 1556 1411 385 1355 1556 822 385 1355 1556 741 1355 703 1021 1737 542 703 1021 1737
1530 385 1737 1556 741 1812 1556 612 1861 1812 1556 739 1861 1812 1556 739 1861 1812 1556 739
1190 1916 1366 101 101 1956 368 261 443 1504 1875 1504 1916 1190 101 261 612 1355 1556 1411
1355 1556 1411 385 1355 1530 233 385 1303 1556 741 1355 703 1021 1737 542 703 1916 1190 1366
1737 1355 1530 443 261 1616 1916 1021 1737 542 1530 612 1737 1539 1504 1556 873 1355 1530 1916
101 101 1956 368 1916 261 261 1190 612 1355 1556 1411 1646 1355 1530 233 1646 1355 1556 741
1021 1737 1355 1530 1366 1021 1737 1355 1556 1646 1737 1556 873 1355 1556 612 1861 1355 1530 739
1737 1355 1556 612 1737 1556 873 1355 1530 612 1861 1355 1556 739 1861 1355 703 739 1861 1355
1812 703 822 1646 1812 1556 741 1812 1530 1021 1737 1812 1556 1021 1737 1812 1530 385 1737 1556
612 1355 1556 1411 385 1355 1530 233 385 1303 1556 741 1355 703 1021 1737 542 703 1916 1190
703 1021 1737 1355 1556 612 1737 1556 873 1355 1556 612 1861 1355 1556 739 1861 1355 703 739
443 1504 1021 1737 1355 1530 271 1737 97 873 1355 97 794 1861 1355 703 443 1504 1539 1504
1366 101 101 1956 368 261 443 1504 1875 1504 1916 261 101 261 612 1355 1556 1411 1841 1355
1021 1737 1355 1530 1021 1737 1355 1530 1530 1737 1556 873 1355 1530 612 1861 1355 1530 739 1861
1841 1861 703 822 1646 1355 1556 741 1355 1556 1021 1737 1315 1556 1021 1737 1355 1556 612 1737
1366 261 612 1315 1556 1411 1841 1355 1556 822 1841 1315 1556 741 1355 1556 1021 1737 1315 1556
1366 101 101 1956 368 261 443 1504 1875 1504 1916 261 101 261 612 1355 1556 1411 1841 1355
1315 1556 1411 1841 1315 703 822 1841 1355 1556 741 1315 1530 1021 1737 1355 703 443 1504 443
1355 1530 443 261 1616 1916 1021 1737 542 1530 612 1737 1539 1504 1556 873 1355 1530 1916 261
542 1530 612 1737 1539 1504 1556 873 1355 1530 1916 261 612 1861 1355 1556 1539 1504 1556 741
101 101 1956 368 1916 1190 1366 1190 612 1315 1556 1411 385 1315 1530 233 385 1315 1556 741
261 1556 873 1355 703 612 1861 1355 1530 443 1504 1539 1504 1556 741 1315 703 739 1861 542
1366 101 101 1956 368 1916 1190 1190 612 1315 1556 1411 385 1355 703 822 1646 1303 1556 741
994 1956 368 1916 1190 1916 261 1366 101 261 271 1861 97 1411 385 1355 97 822 385 1355
101 101 1956 368 1916 261 1190 612 1355 1556 1411 1646 1355 1530 233 1646 1355 1556 741 1355
1916 101 101 1956 368 1916 261 261 1190 612 1315 1556 1411 1841 1861 703 822 1646 1315 1556
741 1355 1530 1021 1737 542 1530 1021 1737 1366 1355 1530 612 1737 1556 873 1355 1530 612 1861
1021 1737 1355 1556 1021 1737 1355 1556 612 1737 1556 873 1355 1556 612 1861 1355 1556 739 1861
994 994 1956 368 1916 1190 1366 1190 612 1355 1556 1411 1646 1355 1556 822 1646 1355 1556 741
1956 368 1916 1190 1366 261 612 1812 1556 1411 385 1812 703 822 1646 1812 1556 741 1812 1530
