64 362 99 107 386 25 386 64 253 335 298 385 253 335 125 370 204 386 350 386
362 335 107 386 25 386 64 253 335 298 385 253 99 125 370 204 386 350 386 49
335 99 88 385 362 335 298 228 253 335 298 87 25 386 350 386 296 253 125 298
253 335 298 87 25 386 385 253 99 298 87 261 386 25 386 296 253 99 298 87
296 362 335 125 228 253 335 298 87 25 386 385 253 335 298 87 25 386 385 253
348 298 386 350 386 49 362 350 386 64 253 335 88 385 362 335 298 228 253 335
253 99 298 87 296 253 335 107 386 25 386 64 253 348 298 385 369 335 125 370
204 386 350 386 261 386 49 362 350 386 64 253 348 88 385 362 335 125 228 253
115 49 362 350 115 64 335 335 88 385 362 335 125 228 253 335 298 87 25 115
87 25 386 296 253 335 298 87 25 386 385 362 335 298 87 261 386 296 362 335
350 386 261 386 49 362 350 386 261 386 350 386 49 362 261 386 350 386 64 335
298 87 25 386 385 253 348 298 125 347 347 296 362 99 298 87 261 386 25 386
362 99 298 386 25 386 64 253 335 107 385 369 335 125 370 204 386 350 386 296
296 362 99 298 386 25 386 64 253 335 107 385 369 335 125 370 204 386 350 386
298 87 25 386 385 253 335 298 87 25 386 296 362 335 298 87 261 386 25 386
228 253 335 298 87 25 386 350 386 296 253 335 107 370 296 362 335 298 370 49
350 115 64 253 335 88 385 362 335 298 228 253 335 298 87 25 115 350 115 64
99 107 386 25 386 64 253 335 298 385 253 335 125 370 204 386 350 386 261 386
348 228 253 335 298 87 25 386 385 253 348 298 125 347 347 296 362 99 298 87
296 253 335 88 296 362 335 298 228 253 335 298 87 25 386 350 386 296 253 335
298 87 25 386 385 253 335 298 87 25 386 385 253 99 298 87 261 386 25 386
25 87 348 386 64 362 99 107 386 25 386 64 253 335 298 385 253 335 125 370
348 386 64 362 99 107 386 25 386 64 253 335 298 385 253 335 125 370 204 386
49 362 350 386 296 253 335 88 385 362 335 125 228 253 335 298 87 25 386 350
370 204 386 350 386 64 253 335 88 385 362 335 298 228 253 335 298 87 25 386
386 296 362 335 298 386 350 386 64 362 335 88 386 296 362 335 125 228 253 335
296 335 261 87 25 386 261 347 64 369 99 298 370 204 386 296 362 335 298 386
386 385 253 99 298 125 347 347 25 386 296 253 99 298 87 296 253 335 107 386
253 335 298 87 25 386 385 253 335 298 87 25 386 296 362 335 298 87 261 386
335 298 385 369 335 125 370 204 386 350 386 49 362 261 386 261 386 64 253 348
64 253 335 88 385 362 335 125 228 253 335 298 87 25 115 350 115 64 253 335
115 64 335 369 88 385 362 335 298 228 253 335 298 87 25 115 350 115 64 253
49 362 261 386 296 335 99 298 370 204 386 350 386 64 253 335 88 385 362 335
64 335 335 88 385 362 335 125 228 253 335 298 87 25 115 350 115 64 253 335
362 261 386 350 386 64 253 348 88 385 362 335 298 228 253 335 298 87 25 386
335 298 87 25 115 350 115 64 253 335 298 87 64 362 369 88 64 49 362 64
335 125 370 204 386 350 386 261 386 49 362 350 386 64 253 348 88 385 362 335
253 335 298 87 25 386 385 253 99 298 87 261 386 25 386 296 253 99 298 87
253 335 125 370 204 386 350 386 261 386 49 362 350 386 64 253 348 88 385 362
386 350 386 49 362 350 386 64 253 125 88 385 362 335 298 228 253 335 298 87
385 369 335 125 370 204 386 350 386 296 362 335 298 386 350 386 49 362 350 386
253 335 88 385 362 335 125 228 253 335 298 87 25 386 350 386 296 253 335 298
335 88 385 362 335 298 228 253 335 298 87 25 386 350 386 64 253 348 298 370
386 25 386 296 362 335 298 87 296 362 99 298 386 25 386 64 253 335 107 385
253 335 298 385 253 335 125 370 204 386 350 386 261 386 49 362 350 386 64 253
115 49 362 350 115 64 253 335 88 385 362 335 298 228 253 335 298 87 25 115
88 385 362 335 125 228 253 335 298 87 25 386 350 386 296 253 335 298 370 49
253 335 107 385 369 335 125 370 204 386 350 386 296 362 335 298 386 350 386 49
298 25 347 347 296 362 99 298 87 261 386 25 386 296 362 335 298 87 296 362
204 386 350 386 49 362 261 386 350 386 296 253 348 88 385 362 335 298 228 253
115 64 253 335 88 385 362 335 125 228 253 335 298 87 25 115 350 228 64 253
385 362 335 125 228 253 335 298 87 25 115 350 228 64 253 348 298 64 49 362
386 25 386 296 362 335 298 87 296 362 99 298 386 25 386 64 253 335 107 385
25 386 385 253 335 298 87 25 386 385 253 99 298 87 261 386 25 386 296 253
385 362 335 125 228 253 335 298 87 25 115 350 115 64 253 335 298 87 64 362
386 49 362 350 386 261 386 350 386 49 362 261 386 350 386 64 335 99 88 385
296 335 261 87 25 386 261 347 64 369 99 298 370 204 386 296 362 335 298 386
370 204 386 350 386 49 362 261 386 350 386 64 335 99 88 385 362 335 298 228
350 386 296 253 348 88 385 362 335 125 228 253 335 298 87 25 386 350 386 296
335 298 228 253 335 298 87 25 386 385 253 335 298 87 25 386 385 362 335 298
350 115 64 253 335 88 385 362 335 125 228 253 335 298 87 25 115 350 115 64
88 385 362 335 298 228 253 335 298 87 25 115 350 115 64 253 335 298 64 49
88 385 362 335 125 228 253 335 298 87 25 115 350 115 64 253 335 298 87 64
350 386 261 386 350 386 49 362 261 386 350 386 296 335 99 88 385 362 335 125
64 362 99 107 386 25 386 64 253 335 298 385 253 335 125 370 204 386 350 386
261 386 49 362 350 386 296 253 348 88 385 362 335 125 228 253 335 298 87 25
385 362 335 298 228 253 335 298 87 25 386 385 253 335 298 87 25 386 385 362
362 335 125 228 253 335 298 87 25 386 350 386 296 253 335 298 370 49 362 296
296 362 335 107 386 25 386 64 253 335 298 385 369 335 125 370 204 386 350 386
335 99 88 385 362 335 298 228 253 335 298 87 25 386 296 253 335 298 87 25
362 350 386 296 253 335 88 385 362 335 125 228 253 335 298 87 25 386 350 386
253 99 88 385 362 335 298 228 253 348 298 87 25 386 64 253 335 298 87 25
49 362 350 115 64 253 335 88 385 362 335 125 228 253 335 298 87 25 115 350
335 298 386 350 386 64 362 335 88 386 296 362 335 125 228 253 335 298 87 25
87 25 386 385 253 335 298 87 25 386 385 253 99 298 125 347 347 25 386 296
386 296 362 335 298 386 350 386 64 362 335 88 386 296 362 335 125 228 253 335
370 204 386 350 386 49 362 261 386 350 386 296 253 348 88 385 362 335 298 228
25 386 64 253 335 298 385 369 335 125 370 204 386 350 386 49 362 261 386 261
335 298 385 369 335 125 370 204 386 350 386 49 362 261 386 261 386 64 253 348
335 298 87 25 386 385 253 335 298 87 25 386 385 253 99 298 87 261 386 25
370 204 386 296 362 335 298 386 350 386 64 362 335 88 386 296 362 335 125 228
253 99 88 385 362 335 298 228 253 348 298 87 25 386 64 253 335 298 87 25
49 362 350 386 296 362 348 298 386 350 386 49 362 350 386 64 253 335 88 385
88 385 362 335 125 228 253 335 298 87 25 386 385 253 335 298 87 25 386 385
298 87 296 362 335 107 386 25 386 64 253 335 298 385 253 99 125 370 204 386
25 386 64 253 348 298 385 369 335 125 370 204 386 350 386 49 362 261 386 261
362 350 115 64 253 335 88 385 362 335 298 228 253 335 298 87 25 115 350 115
362 350 115 64 335 335 88 385 362 335 125 228 253 335 298 87 25 115 350 115
370 204 386 350 386 261 386 49 362 350 386 296 253 348 88 385 362 335 125 228
125 228 253 335 298 87 25 386 350 386 296 253 335 298 370 49 362 296 362 335
362 261 386 350 386 64 253 348 88 385 362 335 298 228 253 335 298 87 25 386
298 370 204 386 296 362 335 298 386 350 386 64 362 335 88 386 296 362 335 125
204 386 350 386 296 362 335 298 386 350 386 49 362 350 386 64 253 335 88 385
87 261 386 25 386 296 362 335 298 87 296 362 335 107 386 25 386 64 253 335
204 386 350 386 261 386 49 362 350 386 261 386 350 386 49 362 261 386 261 386
350 115 350 115 64 335 335 88 385 362 335 125 228 253 335 298 87 25 115 350
296 362 335 125 228 253 335 298 87 25 386 385 253 335 298 87 25 386 385 253
386 25 386 296 362 335 298 87 296 362 99 298 386 25 386 64 253 335 107 385
385 253 99 298 125 347 347 25 386 296 253 99 298 87 296 253 335 107 386 25
228 253 335 298 87 25 386 350 386 64 253 335 298 370 49 362 296 362 335 298
348 88 385 362 335 125 228 253 335 298 87 25 386 350 386 296 253 335 298 370
386 350 386 49 362 350 386 64 253 125 88 385 362 335 298 228 253 335 298 87
386 64 253 348 88 385 362 335 298 228 253 335 298 87 25 386 350 386 296 253
386 64 253 335 88 385 362 335 298 228 253 335 298 87 25 386 385 253 335 298
296 362 335 298 87 261 386 296 362 335 25 87 298 386 64 362 99 107 386 25
362 335 107 386 25 386 64 253 335 298 385 253 99 125 370 204 386 350 386 49
362 335 298 228 253 335 298 87 25 386 385 253 335 298 87 25 386 385 362 335
115 64 335 335 88 385 362 335 125 228 253 335 298 87 25 115 350 115 64 253
385 253 348 298 125 347 347 296 362 99 298 87 261 386 25 386 296 362 335 298
385 253 335 298 87 25 386 385 253 99 298 125 347 347 25 386 296 253 99 298
87 25 386 385 253 348 298 125 347 347 296 362 99 298 87 261 386 25 386 296
362 335 298 228 253 335 298 87 25 386 350 386 296 253 335 107 370 296 362 335
335 99 88 385 362 335 298 228 253 335 298 87 25 115 350 115 64 253 335 298
296 253 335 298 87 25 386 385 362 99 196 125 347 253 25 386 296 253 99 298
125 370 204 386 350 386 296 362 335 298 386 350 386 49 362 350 386 64 253 335
298 370 204 386 296 362 335 298 386 350 386 64 362 335 88 386 296 362 335 125
385 362 99 196 125 347 253 25 386 296 253 99 298 87 296 362 335 107 347 25
25 386 296 253 335 298 87 25 386 385 362 335 298 87 261 386 296 362 335 25
296 335 99 88 385 362 335 298 228 253 335 298 87 25 386 296 253 125 298 87
261 386 49 362 350 386 296 253 348 88 385 362 335 125 228 253 335 298 87 25
386 350 386 64 362 335 88 386 296 362 335 125 228 253 335 298 87 25 386 385
350 115 64 335 335 88 385 362 335 125 228 253 335 298 87 25 115 350 115 64
362 335 298 228 253 335 298 87 25 386 350 386 296 253 335 298 370 49 362 296
253 335 298 87 25 386 385 253 335 298 87 25 386 385 253 99 298 125 347 347
261 386 64 335 99 88 385 362 335 125 228 253 335 298 87 25 386 350 386 296
87 25 386 350 386 296 253 335 107 370 296 362 335 298 386 49 362 296 362 335
115 350 115 64 335 335 88 385 362 335 125 228 253 335 298 87 25 115 350 115
253 99 125 370 204 386 350 386 49 362 261 386 350 386 64 335 99 88 385 362
25 347 347 296 362 99 298 87 261 386 25 386 296 362 335 298 87 296 362 335
107 386 25 386 64 253 335 298 385 253 99 125 370 204 386 350 386 49 362 261
99 298 87 261 386 25 386 296 362 335 298 87 296 362 99 298 386 25 386 64
335 298 87 25 386 385 362 335 298 87 261 386 25 386 296 253 99 298 87 296
204 386 350 386 261 386 49 362 350 386 64 253 348 88 385 362 335 125 228 253
253 335 298 87 25 386 385 253 335 298 87 25 386 296 362 335 298 87 261 386
296 362 335 298 87 261 386 296 362 335 25 87 298 386 64 362 99 107 386 25
335 298 228 253 335 298 87 25 386 385 253 335 298 87 25 386 385 362 335 298
204 386 350 386 64 253 335 88 385 362 335 298 228 253 335 298 87 25 386 385
49 362 350 386 64 253 335 88 385 362 335 125 228 253 335 298 87 25 386 350
64 253 348 298 385 369 99 125 370 204 386 350 386 261 386 49 362 350 386 296
298 87 261 386 25 386 296 362 335 298 87 296 362 335 107 386 25 386 64 253
99 88 385 362 335 298 228 253 335 298 87 25 386 350 386 296 253 125 298 370
350 115 64 335 335 88 385 362 335 125 228 253 335 298 87 25 115 350 115 64
386 296 362 335 298 386 350 386 49 362 350 386 296 253 335 88 385 362 335 125
386 350 386 296 362 335 298 386 350 386 49 362 350 386 64 253 335 88 385 362
386 350 386 261 386 49 362 350 386 261 386 350 386 49 362 261 386 350 386 64
347 347 25 386 296 253 99 298 87 296 253 369 107 386 25 386 64 253 348 298
335 99 88 385 362 335 298 228 253 335 298 87 25 386 350 386 296 253 125 298
107 386 25 386 64 253 335 298 385 369 335 125 370 204 386 350 386 49 362 261
298 87 261 386 25 386 296 362 335 298 87 296 362 335 107 386 25 386 64 253
386 350 386 64 362 335 88 386 296 362 335 125 228 253 335 298 87 25 386 385
261 386 25 386 296 362 335 298 87 296 362 335 107 386 25 386 64 253 335 298
296 253 335 88 385 362 335 125 228 253 335 298 87 25 386 350 386 296 253 348
88 385 362 335 298 228 253 335 298 87 25 115 350 115 64 253 348 298 370 64
87 296 362 348 107 386 25 386 64 253 335 298 385 369 99 125 370 204 386 350
99 298 87 261 386 25 386 296 253 99 298 87 296 362 335 107 386 25 386 64
99 107 386 25 386 64 253 335 298 385 253 335 125 370 204 386 350 386 261 386
350 386 64 253 348 88 385 362 335 125 228 253 335 298 87 25 386 350 386 296
335 99 298 370 204 386 350 386 64 253 335 88 385 362 335 298 228 253 335 298
335 335 88 385 362 335 298 228 253 335 298 87 25 115 350 115 64 253 348 298
335 88 385 362 335 298 115 253 335 298 87 25 115 350 115 64 253 348 107 64
385 369 335 125 370 204 386 350 386 296 362 335 298 386 350 386 49 362 350 386
261 87 25 386 261 347 296 369 99 298 370 204 386 296 362 335 298 386 350 386
350 115 64 362 99 298 115 350 115 350 115 64 253 335 88 385 362 335 125 228
261 386 49 362 350 386 64 253 348 88 385 362 335 125 228 253 335 298 87 25
386 350 386 261 386 49 362 350 386 296 253 335 88 385 362 335 125 228 253 335
348 298 385 369 99 125 370 204 386 350 386 261 386 49 362 350 386 64 253 348
296 253 348 88 385 362 335 125 228 253 335 298 87 25 386 350 386 296 253 335
386 350 386 296 362 335 298 386 350 386 49 362 350 386 64 253 335 88 385 362
385 362 99 196 125 347 253 25 386 296 253 99 298 87 296 362 335 107 347 25
370 204 386 350 386 49 362 261 386 350 386 64 335 99 88 385 362 335 298 228
350 347 49 362 261 386 350 386 64 253 348 88 385 362 335 298 228 253 335 298
115 49 362 350 115 64 335 335 88 385 362 335 125 228 253 335 298 87 25 115
335 298 87 25 386 385 253 335 298 87 25 386 385 253 99 298 87 261 386 25
385 362 335 298 228 253 335 298 87 25 386 350 386 296 253 335 107 370 296 362
296 335 99 88 385 362 335 298 228 253 335 298 87 25 386 296 253 125 298 87
25 386 385 253 99 298 87 261 386 25 386 296 253 99 298 87 296 362 335 107
350 386 64 253 335 88 385 362 335 298 228 253 335 298 87 25 386 350 386 296
350 386 296 253 335 88 385 362 335 125 228 253 335 298 87 25 386 350 386 296
64 253 335 88 385 362 335 125 228 253 335 298 87 25 115 350 115 64 253 335
386 385 253 335 298 87 25 386 385 362 335 298 87 261 386 25 386 296 253 99
386 64 253 335 298 385 253 335 125 370 204 386 350 386 261 386 49 362 350 386
335 88 385 362 335 298 228 253 335 298 87 25 115 350 115 64 253 348 298 370
370 204 386 350 386 261 386 49 362 350 386 64 253 348 88 385 362 335 125 228
87 261 386 25 386 296 362 335 298 87 296 362 335 107 386 25 386 64 253 335
386 296 335 99 298 370 204 386 350 386 64 253 335 88 385 362 335 298 228 253
385 369 99 125 370 204 386 350 386 261 386 49 362 350 386 296 253 335 88 385
87 25 386 385 253 348 298 125 347 347 296 362 99 298 87 261 386 25 386 296
99 196 125 347 253 25 386 296 253 99 298 87 296 362 335 107 347 25 386 64
362 348 298 386 350 386 49 362 350 386 64 253 335 88 385 362 335 298 228 253
362 335 298 386 350 386 49 362 350 386 64 253 335 88 385 362 335 125 228 253
348 298 87 25 386 296 253 335 298 87 25 386 385 362 99 99 125 296 253 25
253 99 298 87 261 386 25 386 296 253 99 298 87 296 362 335 107 386 25 386
253 335 88 385 362 335 125 228 253 335 298 87 25 115 350 115 64 253 335 298
196 115 350 115 64 253 335 88 385 362 335 298 228 253 335 298 87 25 115 350
385 369 99 125 370 204 386 350 386 261 386 49 362 350 386 296 253 348 88 385
296 362 335 298 87 261 386 296 362 335 25 87 298 386 64 362 99 107 386 25
347 64 253 99 88 385 362 335 298 228 253 348 298 87 25 386 64 253 335 298
386 296 362 335 298 87 296 362 99 298 386 25 386 64 253 335 107 385 369 335
125 370 204 386 350 386 261 386 49 362 350 386 296 253 348 88 385 362 335 125
88 385 362 335 125 228 253 335 298 87 25 386 350 386 296 253 335 298 370 49
228 253 348 298 87 25 386 296 253 335 298 87 25 386 385 362 99 298 87 261
253 348 88 385 362 335 125 228 253 335 298 87 25 386 350 386 296 253 335 298
386 64 253 348 298 385 369 335 125 370 204 386 350 386 49 362 261 386 261 386
296 348 298 228 253 348 298 87 25 386 296 253 335 298 87 25 386 385 362 99
25 386 296 253 335 298 87 25 386 296 362 99 298 87 261 386 25 386 296 362
25 386 385 253 335 298 87 25 386 385 253 99 298 87 261 386 25 386 296 253
64 253 99 88 385 362 335 298 228 253 348 298 87 25 386 64 253 335 298 87
228 253 335 298 87 25 386 350 386 64 253 335 298 370 49 362 296 362 335 298
115 49 362 350 115 64 335 335 88 385 362 335 125 228 253 335 298 87 25 115
253 335 298 87 25 386 350 386 296 253 335 107 370 296 362 335 298 386 49 362
386 350 386 64 335 99 88 385 362 335 298 228 253 335 298 87 25 386 350 386
99 88 385 362 335 298 228 253 335 298 87 25 386 296 253 335 298 87 25 386
88 385 362 335 298 228 253 335 298 87 25 386 296 253 335 298 87 25 386 385
99 298 370 204 386 350 386 64 253 335 88 385 362 335 298 228 253 335 298 87
335 99 88 385 362 335 298 228 253 335 298 87 25 386 350 386 296 253 125 298
87 296 362 335 107 386 25 386 64 253 335 298 385 369 335 125 370 204 386 350
335 107 347 25 386 64 253 348 298 385 369 99 125 370 204 386 350 386 261 386
107 386 25 386 64 253 335 298 385 253 99 125 370 204 386 350 386 49 362 261
298 228 253 348 298 87 25 386 64 253 335 298 87 25 386 385 362 99 196 125
350 115 64 253 335 88 385 362 335 125 228 253 335 298 87 25 115 350 115 64
350 386 49 362 261 386 350 386 64 335 99 88 385 362 335 125 228 253 335 298
99 125 347 253 25 386 296 253 99 298 87 296 362 335 107 347 25 386 64 253
115 64 253 335 88 385 362 335 125 228 253 335 298 87 25 115 350 115 64 253
369 335 125 370 204 386 350 386 49 362 261 386 350 386 296 253 348 88 385 362
335 125 228 253 335 298 87 25 386 385 253 335 298 87 25 386 385 253 99 298
335 298 87 25 386 350 386 64 253 335 298 370 49 362 296 362 335 298 386 49
362 335 298 386 350 386 49 362 350 386 64 253 335 88 385 362 335 125 228 253
386 350 386 296 253 335 107 370 296 362 335 298 386 49 362 296 362 335 298 386
386 25 386 64 253 335 298 385 253 99 125 370 204 386 350 386 49 362 261 386
253 335 88 385 362 335 125 228 253 335 298 87 25 115 350 115 64 253 335 298
350 386 49 362 350 386 64 253 335 88 385 362 335 125 228 253 335 298 87 25
261 386 350 386 64 335 99 88 385 362 335 298 228 253 335 298 87 25 386 350
296 204 386 350 386 261 386 49 362 350 386 261 386 350 386 49 362 261 386 261
204 386 350 386 296 362 335 298 386 350 386 49 362 350 386 64 253 335 88 385
298 228 253 348 298 87 25 386 64 253 335 298 87 25 386 385 362 99 196 125
88 385 362 335 298 228 253 335 298 87 25 386 385 253 335 298 87 25 386 385
386 64 335 99 88 385 362 335 298 228 253 335 298 87 25 386 350 386 296 253
350 386 261 386 49 362 350 386 64 253 348 88 385 362 335 125 228 253 335 298
25 386 385 253 99 298 125 347 347 25 386 296 253 99 298 87 296 253 335 107
386 64 253 335 107 385 369 335 125 370 204 386 350 386 296 362 335 298 386 350
335 107 386 88 386 64 253 348 298 385 369 335 125 370 204 386 350 228 49 362
385 362 335 125 228 253 335 298 87 25 386 350 386 296 253 335 298 370 296 362
261 386 49 362 350 386 261 386 350 386 49 362 261 386 350 386 64 335 99 88
87 25 386 385 253 348 298 125 347 347 296 362 99 298 87 261 386 25 386 296
347 261 347 296 253 335 88 296 362 335 298 228 253 335 298 87 25 386 350 386
253 335 298 87 25 386 385 253 335 298 87 25 386 296 362 335 298 87 261 386
386 296 253 335 298 87 25 386 296 362 99 298 87 261 386 25 386 296 362 335
386 296 253 99 298 87 296 362 335 107 347 25 386 64 253 348 298 385 369 99
386 296 253 348 88 385 362 335 298 228 253 335 298 87 25 386 350 386 64 253
335 88 385 362 335 125 228 253 335 298 87 25 115 350 115 64 253 348 298 370
386 49 362 350 386 296 253 348 88 385 362 335 125 228 253 335 298 87 25 386
350 115 64 335 99 88 385 362 335 298 228 253 335 298 87 25 115 350 115 64
253 348 88 385 362 335 298 228 253 335 298 87 25 386 350 386 64 253 348 298
87 296 362 99 298 386 25 386 64 253 335 107 385 369 335 125 370 204 386 350
296 253 335 88 385 362 335 125 228 253 335 298 87 25 386 350 386 296 253 335
386 49 362 350 386 64 253 335 88 385 362 335 298 228 253 335 298 87 25 386
362 335 125 228 253 335 298 87 25 386 385 253 335 298 87 25 386 385 253 99
125 370 204 386 350 386 49 362 261 386 350 386 296 253 348 88 385 362 335 298
335 107 386 88 386 64 253 348 298 385 369 335 125 370 204 386 350 228 49 362
335 261 87 25 386 261 347 64 369 99 298 370 204 386 296 362 335 298 386 350
362 99 298 87 261 386 25 386 296 362 335 298 87 296 362 99 298 386 25 386
385 369 335 125 370 204 386 350 386 49 362 261 386 350 386 64 253 348 88 385
87 261 386 296 362 335 25 87 298 386 64 362 99 107 386 25 386 64 253 335
87 25 386 296 253 335 298 87 25 386 296 362 99 298 87 261 386 25 386 296
88 385 362 335 125 228 253 335 298 87 25 115 350 228 64 253 348 298 64 49
386 350 386 64 335 99 88 385 362 335 125 228 253 335 298 87 25 386 350 386
204 386 350 386 296 362 335 298 386 350 386 49 362 350 386 64 253 335 88 385
362 335 107 386 25 386 64 253 335 298 385 369 335 125 370 204 386 350 386 49
298 87 25 386 385 253 335 298 87 25 386 385 253 99 298 87 261 386 25 386
386 296 362 335 125 228 253 335 298 87 25 386 385 253 335 298 87 25 386 385
335 298 87 25 386 385 362 335 298 87 261 386 25 386 296 253 99 298 87 296
298 385 253 335 125 370 204 386 350 386 261 386 49 362 350 386 64 253 348 88
385 253 335 125 370 204 386 350 386 261 386 49 362 350 386 64 253 348 88 385
386 350 386 49 362 350 386 64 253 125 88 385 362 335 298 228 253 335 298 87
49 362 261 386 350 386 64 335 99 88 385 362 335 125 228 253 335 298 87 25
298 386 350 386 49 362 350 386 64 253 335 88 385 362 335 125 228 253 335 298
99 125 370 204 386 350 386 261 386 49 362 350 386 296 253 348 88 385 362 335
335 88 385 362 335 298 228 253 335 298 87 25 115 350 115 64 253 335 298 370
204 386 296 362 335 298 386 350 386 64 362 335 88 386 296 362 335 125 228 253
386 296 253 335 298 87 25 386 296 362 99 298 87 261 386 25 386 296 362 335
298 385 253 99 125 370 204 386 350 386 49 362 261 386 350 386 64 335 99 88
253 335 298 385 369 335 125 370 204 386 350 386 49 362 261 386 350 386 64 253
25 386 385 253 348 298 125 347 347 296 362 99 298 87 261 386 25 386 296 362
25 386 296 253 99 298 87 296 362 335 107 386 25 386 64 253 335 298 385 253
348 88 385 362 335 298 228 253 335 298 87 25 386 350 386 296 253 335 107 370
298 370 204 386 296 362 335 298 386 350 386 64 362 335 88 386 296 362 335 125
335 298 228 253 335 298 87 25 386 385 253 335 298 87 25 386 385 362 335 298
99 298 370 204 296 296 362 335 298 386 350 386 64 362 335 88 386 296 362 335
25 386 385 253 99 298 87 261 386 25 386 296 253 99 298 87 296 362 335 107
49 362 261 386 296 335 99 298 370 204 386 350 386 64 253 335 88 385 362 335
335 298 385 369 99 125 370 204 386 350 386 261 386 49 362 350 386 64 253 335
385 253 335 125 370 204 386 350 386 261 386 49 362 350 386 64 253 348 88 385
228 253 348 298 87 25 386 296 253 335 298 87 25 386 385 362 99 298 87 261
99 298 87 261 386 25 386 296 362 335 298 87 296 362 99 298 386 25 386 64
99 298 87 296 362 335 107 228 25 386 64 253 348 298 385 369 99 125 370 204
125 228 253 335 298 87 25 386 350 386 296 253 335 298 370 49 362 296 362 335
335 88 385 362 335 298 228 253 335 298 87 25 386 385 253 335 298 87 25 386
386 350 386 49 362 261 386 350 386 64 253 348 88 385 362 335 298 228 253 335
350 115 64 253 335 88 385 362 335 125 228 253 335 298 87 25 115 350 228 64
386 385 253 348 298 125 347 347 296 362 99 298 87 261 386 25 386 296 362 335
335 298 386 350 386 49 362 350 386 64 253 335 88 385 362 335 125 228 253 335
99 298 87 296 362 348 107 386 25 386 64 253 335 298 385 369 99 125 370 204
115 64 253 335 88 385 362 335 298 228 253 335 298 87 25 115 350 115 64 253
386 64 253 348 88 385 362 335 125 228 253 335 298 87 25 386 350 386 296 253
335 298 87 25 386 385 253 99 298 87 261 386 25 386 296 253 99 298 87 296
107 386 25 386 64 253 335 298 385 253 335 125 370 204 386 350 386 261 386 49
386 25 386 64 253 335 107 385 369 335 125 370 204 386 350 386 296 362 335 298
362 350 115 64 253 335 88 385 362 335 125 228 253 335 298 87 25 115 350 115
385 369 99 125 370 204 386 350 386 261 386 49 362 350 386 296 253 348 88 385
298 385 369 335 125 370 204 386 350 386 49 362 261 386 350 386 64 253 348 88
362 261 386 350 386 64 253 348 88 385 362 335 298 228 253 335 298 87 25 386
298 385 369 335 125 370 204 386 350 386 49 362 261 386 350 386 64 253 348 88
261 386 64 253 348 88 385 362 335 298 228 253 335 298 87 25 386 350 386 296
298 385 369 335 125 370 204 386 350 386 49 362 261 386 350 386 296 253 348 88
253 335 88 385 362 335 125 228 253 335 298 87 25 386 350 386 296 253 348 298
370 204 386 350 386 296 362 335 298 386 350 386 49 362 350 386 64 253 335 88
115 49 362 350 115 64 253 335 88 385 362 335 125 228 253 335 298 87 25 115
253 335 298 385 253 335 125 370 204 386 350 386 261 386 49 362 350 386 64 253
25 386 261 347 64 369 99 298 370 204 386 296 362 335 298 386 350 386 64 362
298 228 253 335 298 87 25 386 296 253 335 298 87 25 386 385 362 335 298 87
125 370 204 386 350 386 261 386 49 362 350 386 296 253 335 88 385 362 335 125
88 385 362 335 125 228 253 335 298 87 25 386 350 386 296 253 335 298 370 296
385 369 99 125 370 204 386 350 386 261 386 49 362 350 386 296 253 348 88 385
335 88 385 362 335 298 228 253 335 298 87 25 115 350 115 64 253 335 298 370
350 386 49 362 350 386 64 253 335 88 385 362 335 125 228 253 335 298 87 25
350 386 64 253 348 88 385 362 335 125 228 253 335 298 87 25 386 350 386 296
362 335 298 228 253 335 298 87 25 386 385 253 335 298 87 25 386 385 362 335
298 87 25 386 385 253 99 298 87 261 386 25 386 296 253 99 298 87 296 362
386 385 253 99 298 87 261 386 25 386 296 253 99 298 87 296 362 335 107 386
253 335 298 87 25 115 350 115 64 253 335 298 87 64 362 369 88 64 49 362
261 386 350 386 64 253 348 88 385 362 335 298 228 253 335 298 87 25 386 350
386 350 386 64 253 348 88 385 362 335 298 228 253 335 298 87 25 386 350 386
115 49 362 350 115 350 115 64 335 335 88 385 362 335 125 228 253 335 298 87
362 99 298 87 261 386 25 386 296 362 335 298 87 296 362 99 298 386 25 386
335 88 385 362 335 125 228 253 335 298 87 25 386 350 386 296 253 335 298 370
88 385 362 335 298 228 253 348 298 87 25 386 296 253 335 298 87 25 386 385
335 298 87 25 386 350 386 64 253 335 298 370 49 362 296 362 335 298 386 49
386 385 253 335 298 87 25 386 385 253 99 298 87 261 386 25 386 296 253 99
296 253 99 298 87 296 253 335 107 386 88 386 64 253 348 298 385 369 335 125
350 386 49 362 350 386 64 253 335 88 385 362 335 298 228 253 335 298 87 25
107 386 25 386 64 253 348 298 385 369 335 125 370 204 386 350 386 49 362 261
335 125 228 253 335 298 87 25 115 350 115 64 253 335 298 87 64 362 369 88
350 115 350 115 64 335 99 88 385 362 335 298 228 253 335 298 87 25 115 350
386 350 386 49 362 261 386 350 386 64 335 99 88 385 362 335 298 228 253 335
298 87 25 386 385 253 99 298 125 347 347 25 386 296 253 99 298 87 296 253
296 362 335 298 87 296 362 335 107 386 25 386 64 253 335 298 385 369 335 125
296 253 335 298 87 25 386 385 362 99 298 87 261 386 25 386 296 362 335 298
25 386 296 253 335 298 87 25 386 296 362 99 298 87 261 386 25 386 296 362
125 370 204 386 350 386 49 362 261 386 350 386 64 335 99 88 385 362 335 298
115 64 335 99 88 385 362 335 298 228 253 335 298 87 25 115 350 115 64 253
386 25 386 64 253 335 298 385 253 99 125 370 204 386 350 386 49 362 261 386
335 298 228 253 335 298 87 25 386 350 386 296 253 335 298 370 49 362 296 362
87 25 386 385 253 335 298 87 25 386 385 253 99 298 87 261 386 25 386 296
296 335 261 87 25 386 261 347 64 369 99 298 370 204 386 296 362 335 298 386
25 386 296 253 335 298 87 25 386 296 362 99 298 87 261 386 25 386 296 362
350 115 64 335 335 88 385 362 335 125 228 253 335 298 87 25 115 350 115 64
253 335 298 87 25 386 385 362 335 298 87 261 386 296 362 335 25 87 298 386
350 386 49 362 350 386 64 253 335 88 385 362 335 298 228 253 335 298 87 25
385 362 335 298 228 253 335 298 87 25 115 350 115 64 253 348 298 64 64 362
87 25 386 261 347 296 369 99 298 370 204 386 296 362 335 298 386 350 386 64
261 87 25 386 261 347 296 369 99 298 370 204 386 296 362 335 298 386 350 386
25 386 385 362 335 298 87 261 386 296 362 335 25 87 348 386 64 362 99 107
253 335 88 385 362 335 125 228 253 335 298 87 25 386 350 386 296 253 348 298
335 125 228 253 335 298 87 25 115 350 115 64 253 335 298 87 64 362 369 88
99 88 385 362 335 298 228 253 348 298 87 25 386 296 253 335 298 87 25 386
298 87 25 386 385 362 335 298 87 261 386 296 362 335 25 87 298 386 64 362
253 335 125 370 204 386 350 386 261 386 49 362 350 386 64 253 348 88 385 362
335 298 228 253 335 298 87 25 386 385 253 335 298 87 25 386 385 362 335 298
298 87 25 386 350 386 64 253 335 298 370 49 362 296 362 335 298 386 49 362
362 335 298 87 296 362 335 107 386 25 386 64 253 335 298 385 369 335 125 370
253 335 298 87 25 386 385 253 348 298 125 347 347 296 362 99 298 87 261 386
296 204 386 350 386 261 386 49 362 350 386 261 386 350 386 49 362 261 386 261
107 386 25 386 64 253 335 298 385 369 99 125 370 204 386 350 386 261 386 49
370 204 386 350 386 261 386 49 362 350 386 296 253 335 88 385 362 335 125 228
296 362 335 107 386 25 386 64 253 335 298 385 369 335 125 370 204 386 350 386
125 370 204 386 350 386 49 362 261 386 350 386 296 253 348 88 385 362 335 298
298 115 350 115 350 115 64 253 335 88 385 362 335 125 228 253 335 298 87 25
261 386 350 386 64 253 348 88 385 362 335 298 228 253 335 298 87 25 386 350
335 88 385 362 335 125 228 253 335 298 87 25 115 350 228 64 253 348 298 370
115 64 335 99 88 385 362 335 298 228 253 335 298 87 25 115 350 115 64 253
335 298 87 25 386 385 253 99 298 125 347 347 25 386 296 253 99 298 87 296
298 87 25 386 385 253 335 298 87 25 386 385 253 99 298 125 347 347 25 386
25 386 64 253 348 298 385 369 99 125 370 204 386 350 386 261 386 49 362 350
386 350 386 49 362 350 386 64 253 125 88 385 362 335 298 228 253 335 298 87
261 386 25 386 296 253 99 298 87 296 362 335 107 386 25 386 64 253 335 298
253 335 298 385 253 99 125 370 204 386 350 386 49 362 261 386 350 386 64 335
362 350 386 64 253 348 88 385 362 335 125 228 253 335 298 87 25 386 350 386
64 369 99 298 370 204 386 296 362 335 298 386 350 386 64 362 335 88 386 296
87 25 386 385 253 335 298 87 25 386 385 253 99 298 87 261 386 25 386 296
115 350 115 64 253 335 88 385 362 335 125 228 253 335 298 87 25 115 350 228
64 335 335 88 385 362 335 298 228 253 335 298 87 25 115 350 115 64 253 348
347 296 362 99 298 87 261 386 25 386 296 362 335 298 87 296 362 335 107 386
335 298 87 25 386 385 253 99 298 87 261 386 25 386 296 253 99 298 87 296
253 99 298 87 296 362 348 107 386 25 386 64 253 335 298 385 369 99 125 370
125 370 204 386 350 386 261 386 49 362 350 386 64 253 348 88 385 362 335 125
386 64 253 335 298 385 253 99 125 370 204 386 350 386 49 362 261 386 261 386
335 107 386 25 386 64 253 335 298 385 369 335 125 370 204 386 350 386 49 362
115 64 253 335 88 385 362 335 298 115 253 335 298 87 25 115 350 115 64 253
350 386 261 386 350 386 49 362 261 386 350 386 296 335 99 88 385 362 335 125
253 335 298 87 25 386 296 253 335 298 87 25 386 296 362 335 298 87 261 386
99 88 385 362 335 298 228 253 335 298 87 25 386 350 386 296 253 125 298 370
350 347 49 362 261 386 350 386 64 253 348 88 385 362 335 298 228 253 335 298
335 88 385 362 335 298 228 253 335 298 87 25 386 350 386 64 253 348 298 370
125 228 253 335 298 87 25 386 350 386 296 253 335 298 370 296 362 335 298 370
296 362 335 298 87 296 362 99 298 386 25 386 64 253 335 107 385 369 335 125
99 298 386 25 386 64 253 335 107 385 369 335 125 370 204 386 350 386 296 362
88 385 362 335 298 228 253 335 298 87 25 115 350 115 64 253 335 298 64 49
347 296 335 99 88 385 362 335 298 228 253 335 298 87 25 386 296 253 125 298
350 386 296 253 348 88 385 362 335 125 228 253 335 298 87 25 386 350 386 296
99 125 370 204 386 350 386 49 362 261 386 350 386 64 335 99 88 385 362 335
64 253 335 298 385 253 335 125 370 204 386 350 386 261 386 49 362 350 386 64
335 298 87 25 115 350 115 64 253 335 298 87 64 362 369 88 64 49 362 64
261 386 64 335 99 88 385 362 335 125 228 253 335 298 87 25 386 350 386 296
362 261 386 350 386 64 335 99 88 385 362 335 298 228 253 335 298 87 25 386
348 298 385 369 99 125 370 204 386 350 386 261 386 49 362 350 386 64 253 348
296 253 335 298 87 25 386 385 362 99 196 125 347 253 25 386 296 253 99 298
99 298 125 347 347 25 386 296 253 99 298 87 296 253 369 107 386 25 386 64
298 87 25 386 385 253 335 298 87 25 386 385 253 99 298 87 261 386 25 386
298 87 261 386 296 362 335 25 87 298 386 64 362 99 107 386 25 386 64 253
99 298 115 350 115 350 115 64 253 335 88 385 362 335 125 228 253 335 298 87
253 99 298 87 296 362 335 107 347 25 386 64 253 348 298 385 369 99 125 370
253 99 298 87 296 253 335 107 386 25 386 64 253 348 298 385 369 335 125 370
296 253 335 88 385 362 335 125 228 253 335 298 87 25 386 350 386 296 253 335
298 385 369 335 125 370 204 386 350 386 49 362 261 386 350 386 296 253 348 88
386 49 362 350 386 296 253 348 88 385 362 335 125 228 253 335 298 87 25 386
386 296 253 348 88 385 362 335 298 228 253 335 298 87 25 386 350 386 64 253
335 348 228 253 335 298 87 25 386 385 253 348 298 125 347 347 296 362 99 298
99 298 386 25 386 64 253 335 107 385 369 335 125 370 204 386 350 386 296 362
125 370 204 386 350 347 49 362 261 386 350 386 296 253 348 88 385 362 335 298
298 87 296 362 348 107 386 25 386 64 253 335 298 385 369 99 125 370 204 386
115 49 362 261 115 350 115 350 115 64 335 99 88 385 362 335 298 228 253 335
253 335 298 87 25 386 385 253 335 298 87 25 386 385 253 99 298 87 261 386
335 298 386 350 386 64 362 335 88 386 296 362 335 125 228 253 335 298 87 25
49 362 350 386 296 362 348 298 386 350 386 49 362 350 386 64 253 335 88 385
228 253 348 298 87 25 386 296 253 335 298 87 25 386 385 362 99 298 87 261
99 125 370 204 386 350 386 261 386 49 362 350 386 296 253 348 88 385 362 335
88 385 362 335 298 228 253 348 298 87 25 386 296 253 335 298 87 25 386 385
335 298 87 25 386 385 253 99 298 125 347 347 25 386 296 253 99 298 87 296
25 386 64 253 335 298 385 369 99 125 370 204 386 350 386 261 386 49 362 350
115 64 335 335 88 385 362 335 125 228 253 335 298 87 25 115 350 115 64 253
386 385 253 335 298 87 25 386 385 253 99 298 125 347 347 25 386 296 253 99
261 115 350 115 350 115 64 335 99 88 385 362 335 298 228 253 335 298 87 25
386 25 386 296 253 99 298 87 296 362 348 107 386 25 386 64 253 335 298 385
386 350 386 49 362 261 386 350 386 64 253 348 88 385 362 335 298 228 253 335
115 350 115 64 335 99 88 385 362 335 298 228 253 335 298 87 25 115 350 115
296 362 335 107 386 25 386 64 253 335 298 385 369 335 125 370 204 386 350 386
64 253 88 88 385 362 335 298 228 253 335 298 87 25 115 350 115 64 253 335
298 370 204 386 296 362 335 298 386 350 386 64 362 335 88 386 296 362 335 125
261 386 350 386 64 335 99 88 385 362 335 298 228 253 335 298 87 25 386 350
335 125 370 204 386 350 386 296 362 369 298 386 350 386 49 362 350 386 64 253
298 87 296 362 99 298 386 25 386 64 253 335 107 385 369 335 125 370 204 386
385 362 335 298 228 253 335 298 87 25 115 350 115 64 253 348 298 64 64 362
347 296 335 99 88 385 362 335 298 228 253 335 298 87 25 386 296 253 125 298
87 261 386 88 386 296 253 99 298 87 296 362 348 107 386 25 386 64 253 335
335 298 87 25 115 350 115 64 253 335 298 87 64 362 369 88 64 49 362 64
261 386 64 253 348 88 385 362 335 298 228 253 335 298 87 25 386 350 386 64
362 350 386 296 253 348 88 385 362 335 125 228 253 335 298 87 25 386 350 386
298 228 253 335 298 87 25 386 296 253 335 298 87 25 386 385 362 335 298 87
25 386 385 362 99 298 87 261 386 25 386 296 362 335 298 87 296 362 99 298
87 261 386 25 386 296 362 335 298 87 296 362 99 298 386 25 386 64 253 335
335 298 87 25 386 350 386 296 253 335 107 370 296 362 335 298 386 49 362 296
25 386 385 253 335 298 87 25 386 385 253 99 298 125 347 347 25 386 296 253
253 99 88 385 362 335 298 228 253 348 298 87 25 386 64 253 335 298 87 25
350 386 296 362 348 298 386 350 386 49 362 350 386 64 253 335 88 385 362 335
296 253 335 298 87 25 386 385 362 99 298 87 261 386 25 386 296 362 335 298
87 25 386 350 386 296 253 335 107 370 296 362 335 298 386 49 362 296 362 335
25 386 385 362 99 99 125 347 253 25 386 296 253 99 298 87 296 362 335 107
296 253 99 298 87 296 362 335 107 386 25 386 64 253 335 298 385 253 99 125
115 350 115 64 362 99 298 115 350 115 350 115 64 253 335 88 385 362 335 125
369 99 125 370 204 386 350 386 261 386 49 362 350 386 296 253 348 88 385 362
87 296 362 335 107 386 25 386 64 253 335 298 385 369 335 125 370 204 386 350
362 335 125 228 253 335 298 87 25 386 385 253 335 298 87 25 386 385 253 99
253 335 88 296 362 335 298 228 253 335 298 87 25 386 350 386 296 253 335 298
335 298 228 253 335 298 87 25 386 350 386 296 253 335 107 370 296 362 335 298
253 335 88 385 362 335 298 228 253 335 298 87 25 386 385 253 335 298 87 25
386 25 386 64 253 335 298 385 253 335 125 370 204 386 350 386 261 386 49 362
335 125 228 253 335 298 87 25 386 385 253 335 298 87 25 386 385 253 99 298
88 385 362 335 298 228 253 335 298 87 25 386 350 386 296 253 335 107 370 296
298 228 253 348 298 87 25 386 64 253 335 298 87 25 386 385 362 99 196 125
385 369 99 125 370 204 386 350 386 261 386 49 362 350 386 296 253 335 88 385
347 296 335 99 88 385 362 335 125 228 253 335 298 87 25 386 385 253 335 298
64 253 88 88 385 362 335 298 228 253 335 298 87 25 115 350 115 64 253 335
88 385 362 335 298 228 253 335 298 87 25 386 350 386 296 253 335 298 370 49
49 362 350 386 296 253 335 88 385 362 335 125 228 253 335 298 87 25 386 350
87 296 253 369 107 386 25 386 64 253 348 298 385 369 335 125 370 204 386 350
386 25 386 64 253 335 298 385 253 335 125 370 204 386 350 386 261 386 49 362
204 386 350 386 49 362 261 386 350 386 64 335 99 88 385 362 335 298 228 253
362 335 298 228 253 335 298 87 25 115 350 115 64 253 348 298 64 64 362 335
362 335 125 228 253 335 298 87 25 386 350 386 296 253 335 298 370 49 362 296
296 253 348 88 385 362 335 125 228 253 335 298 87 25 386 350 386 296 253 335
335 125 228 253 335 298 87 25 386 385 253 335 298 87 25 386 385 253 99 298
370 204 386 350 386 49 362 261 386 350 386 296 253 348 88 385 362 335 298 228
296 253 335 88 296 362 335 298 228 253 335 298 87 25 386 350 386 296 253 335
386 350 386 49 362 261 386 350 386 64 335 99 88 385 362 335 125 228 253 335
261 386 350 386 64 335 99 88 385 362 335 125 228 253 335 298 87 25 386 350
335 298 228 253 348 298 87 25 386 64 253 335 298 87 25 386 385 362 99 196
347 347 25 386 296 253 99 298 87 296 253 369 107 386 25 386 64 253 348 298
386 350 386 261 386 49 362 350 386 261 386 350 386 49 362 261 386 350 386 64
335 125 228 253 335 298 87 25 115 350 115 64 253 335 298 87 64 362 369 88
25 386 296 253 335 298 87 25 386 296 362 99 298 87 261 386 25 386 296 362
