3109 3180 4806 2323 2796 2322 2796 3109 1136 3180 3814 4493 1136 3180 3814 3109 4431 2796 706 2796
3180 3180 2323 2796 2322 2796 3109 1136 3180 3814 4493 1136 4806 3814 3109 4431 2796 706 2796 2012
4080 4806 4431 911 3180 3180 3814 911 1136 3180 3814 3807 2322 2796 2756 2796 2881 1136 4080 3814
1136 3180 3814 3807 2322 2796 3109 1136 4806 3814 3807 2756 2796 2322 2796 2881 1136 4806 3814 3807
4493 3180 3180 3814 911 1136 3180 3814 3807 4806 2796 3109 1136 3180 3814 3807 2322 2796 3109 1136
4806 2323 2796 706 2796 2012 4973 706 2796 3109 1136 4080 4431 911 3180 3180 3814 911 1136 3180
1136 4806 3814 3807 2881 1136 4080 2323 2796 2322 2796 3109 1136 4806 3814 4493 4080 3180 3814 3109
4431 2796 706 2796 2756 2796 2012 4973 706 2796 3109 1136 4806 4431 911 3180 3180 3814 911 1136
2881 2012 4973 706 2796 2881 4080 4080 3034 911 3180 3180 3814 911 1136 3180 2323 3807 2322 2796
3807 4806 2796 3109 1136 4080 3814 3807 2322 2796 3109 3180 3180 2323 3807 2756 2796 2881 3180 3180
706 2796 2756 2796 2012 4973 706 2796 2756 2796 2756 2796 2012 4973 2756 2796 2756 2796 2881 4080
2323 3807 2322 2796 3109 1136 4806 3814 2322 2881 2796 2881 3180 4806 3814 3807 2756 2796 2322 2796
3180 4806 2323 2796 2322 2796 3109 1136 3180 2323 4493 4080 3180 3814 3109 4431 2796 706 2796 2881
2881 3180 4806 2323 2796 2322 2796 3109 1136 3180 2323 4493 4080 3180 3814 3109 4431 2796 706 2796
2323 3807 2322 2796 3109 1136 3180 3814 3807 2322 2796 3109 3180 3180 3814 3807 2756 2796 4431 2796
911 1136 3180 2323 3807 2322 2796 2756 2796 2881 1136 3180 2323 3109 2881 3180 3180 2323 3109 2012
706 2796 2881 1136 4080 3034 911 3180 3180 3814 911 1136 3180 3814 3807 2322 2796 2756 2796 2881
4806 2323 2796 2322 2796 3109 1136 3180 3814 4493 1136 3180 3814 3109 4431 2796 706 2796 2756 2796
2323 911 1136 3180 2323 3807 2322 2796 3109 1136 4806 3814 2322 2881 2796 2881 3180 4806 3814 3807
2881 1136 3180 4431 911 3180 4080 3814 911 1136 3180 3814 3807 2322 2796 2756 2796 2881 1136 3180
3814 3807 4806 2796 3109 1136 3180 3814 3807 2322 2796 3109 1136 4806 3814 3807 2756 2796 2322 2796
2322 3807 2323 2796 3109 3180 4806 2323 2796 2322 2796 3109 1136 3180 3814 4493 1136 3180 3814 3109
2323 2796 3109 3180 4806 2323 2796 2322 2796 3109 1136 3180 3814 4493 1136 3180 3814 3109 4431 2796
2012 4973 706 2796 2881 1136 3180 4431 911 3180 3180 3814 911 1136 3180 3814 3807 2322 2796 2756
3109 2756 2796 706 2796 2881 1136 4080 4431 911 3180 3180 3814 911 1136 3180 2323 3807 2322 2796
3109 2881 3180 3180 2323 2796 706 2796 2881 3180 3180 4431 2796 4493 3180 3180 3814 911 1136 3180
2881 3180 2756 3807 2322 2796 2756 2881 2881 4080 4806 3814 3109 2756 2881 2881 3180 3180 2323 2796
2796 3109 1136 4806 3814 3814 2881 2796 2322 2796 2881 1136 4806 3814 3807 2881 1136 4080 2323 2796
1136 3180 2323 3807 2322 2796 3109 1136 3180 3814 3807 2322 2796 3109 3180 3180 3814 3807 2756 2796
4080 3814 4493 4080 3180 3814 3109 4431 2796 706 2796 2012 4973 2756 2796 2756 2796 2881 1136 4806
2881 1136 4080 3034 911 3180 3180 3814 911 1136 3180 3814 3807 2322 2796 2756 2796 2881 1136 4080
2796 2881 4080 4080 3034 911 3180 3180 3814 911 1136 3180 2323 3807 2322 2796 2756 2796 2881 1136
2012 4973 2756 2796 3109 4080 4806 3814 3109 2756 2796 706 2796 2881 1136 4080 4431 911 3180 3180
2881 4080 4080 3034 911 3180 3180 3814 911 1136 3180 2323 3807 2322 2796 2756 2796 2881 1136 3180
4973 2756 2796 2756 2796 2881 1136 4806 4431 911 3180 3180 3814 911 1136 3180 2323 3807 2322 2796
3180 3814 3807 2322 2796 2756 2796 2881 1136 4080 3814 3807 2881 3180 4080 4080 2881 2012 4973 2881
3180 3814 3109 4431 2796 706 2796 2756 2796 2012 4973 706 2796 3109 1136 4806 4431 911 3180 3180
1136 3180 3814 3807 2322 2796 3109 1136 4806 3814 3807 2756 2796 2322 2796 2881 1136 4806 3814 3807
1136 4080 3814 3109 4431 2796 706 2796 2756 2796 2012 4973 706 2796 3109 1136 4806 4431 911 3180
2796 706 2796 2012 4973 706 2796 3109 1136 4080 4431 911 3180 3180 3814 911 1136 3180 2323 3807
4493 4080 3180 3814 3109 4431 2796 706 2796 2881 3180 3180 2323 2796 706 2796 2012 4973 706 2796
1136 3180 4431 911 3180 3180 3814 911 1136 3180 2323 3807 2322 2796 2756 2796 2881 1136 3180 3814
4080 4431 911 3180 3180 3814 911 1136 3180 2323 3807 2322 2796 2756 2796 2881 1136 4806 3814 3109
2796 4431 2796 2881 3180 3180 3814 3807 2881 3180 4806 2323 2796 2322 2796 3109 1136 3180 2323 4493
1136 4080 3814 4493 1136 3180 3814 3109 4431 2796 706 2796 2756 2796 2012 4973 706 2796 3109 1136
2796 2012 4973 706 2796 2881 1136 4080 3034 911 3180 3180 3814 911 1136 3180 2323 3807 2322 2796
4431 911 3180 3180 3814 911 1136 3180 3814 3807 2322 2796 2756 2796 2881 1136 4080 3814 3109 2012
1136 3180 2323 4493 4080 3180 3814 3109 4431 2796 706 2796 2881 3180 3180 2323 2796 706 2796 2012
3814 2322 2881 2796 2881 3180 4806 3814 3807 2756 2796 2322 2796 2881 3180 3180 3814 3807 2881 3180
4431 2796 706 2796 2012 4973 2756 2796 2756 2796 2881 1136 4806 4431 911 3180 3180 3814 911 1136
2796 2881 1136 4080 3034 911 3180 3180 3814 911 1136 3180 2323 3807 2322 2796 2756 911 2881 1136
911 3180 3180 3814 911 1136 3180 2323 3807 2322 2796 2756 911 2881 1136 3180 3814 3109 2012 4973
2796 4431 2796 2881 3180 3180 3814 3807 2881 3180 4806 2323 2796 2322 2796 3109 1136 3180 2323 4493
2322 2796 3109 1136 3180 3814 3807 2322 2796 3109 1136 4806 3814 3807 2756 2796 2322 2796 2881 1136
911 3180 4080 3814 911 1136 3180 3814 3807 2322 2796 2756 2796 2881 1136 4080 3814 3807 2881 3180
2796 2012 4973 706 2796 2756 2796 2756 2796 2012 4973 2756 2796 2756 2796 2881 4080 4806 4431 911
2881 3180 2756 3807 2322 2796 2756 2881 2881 4080 4806 3814 3109 2756 2881 2881 3180 3180 2323 2796
3109 4431 2796 706 2796 2012 4973 2756 2796 2756 2796 2881 4080 4806 4431 911 3180 3180 3814 911
706 2796 2881 1136 4806 4431 911 3180 3180 3814 911 1136 3180 3814 3807 2322 2796 2756 2796 2881
3180 3814 911 1136 3180 2323 3807 2322 2796 3109 1136 3180 3814 3807 2322 2796 3109 3180 3180 3814
706 2796 2881 1136 4080 3034 911 3180 4080 3814 911 1136 3180 3814 3807 2322 2796 2756 2796 2881
3034 911 3180 3180 3814 911 1136 3180 3814 3807 2322 2796 2756 2796 2881 1136 3180 3814 3109 2012
3034 911 3180 4080 3814 911 1136 3180 3814 3807 2322 2796 2756 2796 2881 1136 4080 3814 3807 2881
706 2796 2756 2796 2756 2796 2012 4973 2756 2796 2756 2796 2881 4080 4806 4431 911 3180 3180 3814
3109 3180 4806 2323 2796 2322 2796 3109 1136 3180 3814 4493 1136 3180 3814 3109 4431 2796 706 2796
2756 2796 2012 4973 706 2796 2881 1136 4806 4431 911 3180 3180 3814 911 1136 3180 3814 3807 2322
911 3180 3180 3814 911 1136 3180 2323 3807 2322 2796 3109 1136 3180 3814 3807 2322 2796 3109 3180
3180 3180 3814 911 1136 3180 3814 3807 2322 2796 2756 2796 2881 1136 4080 3814 3109 2012 4973 2881
2881 3180 3180 2323 2796 2322 2796 3109 1136 4080 3814 4493 4080 3180 3814 3109 4431 2796 706 2796
4080 4806 4431 911 3180 3180 3814 911 1136 3180 2323 3807 4806 2796 3109 1136 4080 3814 3807 2322
4973 706 2796 2881 1136 3180 4431 911 3180 3180 3814 911 1136 3180 3814 3807 2322 2796 2756 2796
1136 4806 4431 911 3180 3180 3814 911 1136 4806 2323 3807 4806 2796 3109 1136 3180 3814 3807 2322
2012 4973 706 2796 2881 1136 4080 3034 911 3180 3180 3814 911 1136 3180 3814 3807 2322 2796 2756
3180 2323 2796 706 2796 2881 3180 3180 4431 2796 4493 3180 3180 3814 911 1136 3180 3814 3807 4806
3807 2322 2796 3109 1136 3180 3814 3807 2322 2796 3109 1136 4806 3814 3814 2881 2796 2322 2796 2881
3109 2881 3180 3180 2323 2796 706 2796 2881 3180 3180 4431 2796 4493 3180 3180 3814 911 1136 3180
3109 4431 2796 706 2796 2012 4973 2756 2796 2756 2796 2881 1136 4806 4431 911 3180 3180 3814 911
4806 2796 3109 1136 4080 3814 4493 4080 3180 3814 3109 4431 2796 706 2796 2012 4973 2756 2796 2756
4080 3814 4493 4080 3180 3814 3109 4431 2796 706 2796 2012 4973 2756 2796 2756 2796 2881 1136 4806
3180 3814 3807 4806 2796 3109 1136 3180 3814 3807 2322 2796 3109 1136 4806 3814 3807 2756 2796 2322
3109 2756 3109 2881 3180 3180 2323 2796 706 2796 2881 3180 3180 4431 2796 4493 3180 3180 3814 911
1136 4806 4431 911 3180 3180 3814 911 1136 4806 2323 3807 4806 2796 3109 1136 3180 3814 3807 2322
2012 4973 706 2796 2881 3180 4806 2323 2796 706 2796 2012 4973 706 2796 3109 1136 4080 4431 911
4431 911 3180 3180 3814 911 1136 3180 3814 3807 4806 2796 3109 1136 3180 3814 3807 2322 2796 3109
3814 3807 2881 3180 3180 2323 2796 2322 2796 2881 1136 3180 3814 4493 1136 4806 3814 3109 4431 2796
4431 2796 3109 1136 4806 3814 4493 4080 3180 3814 3109 4431 2796 706 2796 2012 4973 2756 2796 2756
4973 706 2796 2881 1136 4080 3034 911 3180 3180 3814 911 1136 3180 2323 3807 2322 2796 2756 2796
4973 706 2796 2881 4080 4080 3034 911 3180 3180 3814 911 1136 3180 2323 3807 2322 2796 2756 2796
3109 4431 2796 706 2796 2756 2796 2012 4973 706 2796 2881 1136 4806 4431 911 3180 3180 3814 911
3814 911 1136 3180 3814 3807 2322 2796 2756 2796 2881 1136 4080 3814 3109 2012 4973 2881 3180 3180
4973 2756 2796 2756 2796 2881 1136 4806 4431 911 3180 3180 3814 911 1136 3180 2323 3807 2322 2796
3814 3109 2756 3109 2881 3180 3180 2323 2796 706 2796 2881 3180 3180 4431 2796 4493 3180 3180 3814
4431 2796 706 2796 2881 3180 3180 2323 2796 706 2796 2012 4973 706 2796 2881 1136 3180 4431 911
3807 2756 2796 2322 2796 2881 3180 3180 3814 3807 2881 3180 3180 2323 2796 2322 2796 3109 1136 4080
4431 2796 706 2796 2756 2796 2012 4973 706 2796 2756 2796 2756 2796 2012 4973 2756 2796 2756 2796
706 2796 706 2796 2881 4080 4080 3034 911 3180 3180 3814 911 1136 3180 3814 3807 2322 2796 2756
4493 3180 3180 3814 911 1136 3180 3814 3807 4806 2796 3109 1136 3180 3814 3807 2322 2796 3109 1136
2796 4431 2796 2881 3180 3180 3814 3807 2881 3180 4806 2323 2796 2322 2796 3109 1136 3180 2323 4493
3109 1136 4806 3814 3814 2881 2796 2322 2796 2881 1136 4806 3814 3807 2881 1136 4080 2323 2796 4431
911 1136 3180 3814 3807 2322 2796 2756 2796 2881 1136 4080 3814 3109 2012 4973 2881 3180 3180 2323
4806 4431 911 3180 3180 3814 911 1136 3180 3814 3807 2322 2796 2756 2796 2881 1136 3180 3814 3109
2796 706 2796 2012 4973 706 2796 3109 1136 4080 4431 911 3180 3180 3814 911 1136 3180 2323 3807
2796 2881 1136 4806 4431 911 3180 3180 3814 911 1136 3180 2323 3807 2322 2796 2756 2796 2881 1136
2796 2881 1136 4080 4431 911 3180 3180 3814 911 1136 3180 2323 3807 2322 2796 3109 1136 3180 3814
3109 3180 3180 2323 3807 2756 2796 2881 3180 3180 2322 3807 2323 2796 3109 3180 4806 2323 2796 2322
3180 3180 2323 2796 2322 2796 3109 1136 3180 3814 4493 1136 4806 3814 3109 4431 2796 706 2796 2012
3180 3180 3814 911 1136 3180 2323 3807 2322 2796 3109 1136 3180 3814 3807 2322 2796 3109 3180 3180
2796 2881 4080 4080 3034 911 3180 3180 3814 911 1136 3180 3814 3807 2322 2796 2756 2796 2881 1136
3109 1136 4806 3814 2322 2881 2796 2881 3180 4806 3814 3807 2756 2796 2322 2796 2881 3180 3180 3814
3109 1136 3180 3814 3807 2322 2796 3109 1136 4806 3814 3814 2881 2796 2322 2796 2881 1136 4806 3814
3807 2322 2796 3109 1136 4806 3814 2322 2881 2796 2881 3180 4806 3814 3807 2756 2796 2322 2796 2881
3180 3180 3814 911 1136 3180 2323 3807 2322 2796 2756 2796 2881 1136 3180 2323 3109 2881 3180 3180
4080 4080 3034 911 3180 3180 3814 911 1136 3180 3814 3807 2322 2796 2756 2796 2881 1136 3180 3814
3109 1136 3180 3814 3807 2322 2796 3109 3180 4806 2756 3814 2881 2881 2322 2796 2881 1136 4806 3814
3814 3109 4431 2796 706 2796 2881 3180 3180 2323 2796 706 2796 2012 4973 706 2796 2881 1136 3180
3814 3109 2756 3109 2881 3180 3180 2323 2796 706 2796 2881 3180 3180 4431 2796 4493 3180 3180 3814
3109 3180 4806 2756 3814 2881 1136 2322 2796 2881 1136 4806 3814 3807 2881 3180 4080 2323 2881 2322
4806 2796 3109 1136 4080 3814 3807 2322 2796 3109 3180 3180 2323 3807 2756 2796 2881 3180 3180 2322
3109 4080 4806 4431 911 3180 3180 3814 911 1136 3180 2323 3807 4806 2796 3109 1136 4080 3814 3807
2756 2796 2012 4973 706 2796 2881 1136 4806 4431 911 3180 3180 3814 911 1136 3180 3814 3807 2322
2796 706 2796 2881 3180 3180 4431 2796 4493 3180 3180 3814 911 1136 3180 3814 3807 4806 2796 3109
706 2796 2881 4080 4080 3034 911 3180 3180 3814 911 1136 3180 3814 3807 2322 2796 2756 2796 2881
3180 3180 3814 911 1136 3180 3814 3807 2322 2796 2756 2796 2881 1136 4080 3814 3109 2012 4973 2881
1136 3180 3814 3807 2322 2796 3109 1136 3180 3814 3807 2322 2796 3109 1136 4806 3814 3814 2881 2796
2756 2796 2881 4080 4806 4431 911 3180 3180 3814 911 1136 3180 3814 3807 2322 2796 2756 2796 2881
3807 2322 2796 2756 2796 2881 1136 3180 2323 3109 2881 3180 3180 2323 2796 2012 4973 2881 3180 3180
2796 706 2796 2881 4080 4080 3034 911 3180 3180 3814 911 1136 3180 3814 3807 2322 2796 2756 2796
1136 4806 3814 3109 4431 2796 706 2796 2012 4973 2756 2796 2756 2796 2881 4080 4806 4431 911 3180
2322 2881 2796 2881 3180 4806 3814 3807 2756 2796 2322 2796 2881 3180 3180 3814 3807 2881 3180 3180
2323 2796 4806 2796 3109 1136 4080 3814 4493 1136 4806 3814 3109 4431 2796 706 2796 2012 4973 2756
4806 3814 3807 2756 2796 4431 2796 2881 3180 3180 3814 3807 2881 3180 4806 2323 2796 2322 2796 3109
3180 3814 3807 2322 2796 3109 3180 3180 3814 3807 2756 2796 2322 2796 2881 1136 4806 3814 3807 2881
4431 2796 706 2796 2756 2796 2012 4973 706 2796 3109 1136 4806 4431 911 3180 3180 3814 911 1136
1136 3180 2323 3807 2322 2796 3109 1136 3180 3814 3807 2322 2796 3109 3180 3180 3814 3807 2756 2796
3109 3180 3180 2323 3807 2756 2796 2881 3180 3180 2322 3807 2323 2796 3109 3180 4806 2323 2796 2322
3180 3814 911 1136 3180 2323 3807 2322 2796 3109 1136 3180 3814 3807 2322 2796 3109 3180 3180 3814
2756 2796 706 2796 2881 1136 4080 4431 911 3180 3180 3814 911 1136 3180 2323 3807 2322 2796 3109
2012 4973 706 2796 2881 1136 3180 4431 911 3180 3180 3814 911 1136 3180 2323 3807 2322 2796 2756
3109 1136 4806 3814 4493 4080 4806 3814 3109 4431 2796 706 2796 2756 2796 2012 4973 706 2796 2881
3814 3807 2756 2796 2322 2796 2881 3180 3180 3814 3807 2881 3180 3180 2323 2796 2322 2796 3109 1136
4806 4431 911 3180 3180 3814 911 1136 3180 3814 3807 2322 2796 2756 2796 2881 1136 4080 3814 3109
706 2796 2881 4080 4080 3034 911 3180 3180 3814 911 1136 3180 2323 3807 2322 2796 2756 2796 2881
2796 2881 3180 3180 2323 2796 706 2796 2012 4973 706 2796 2881 1136 3180 4431 911 3180 3180 3814
2796 706 2796 2881 3180 3180 2323 2796 706 2796 2012 4973 706 2796 2881 1136 3180 4431 911 3180
2796 706 2796 2756 2796 2012 4973 706 2796 2756 2796 2756 2796 2012 4973 2756 2796 2756 2796 2881
2881 2796 2322 2796 2881 1136 4806 3814 3807 2881 1136 4080 2323 2796 2322 2796 3109 1136 4806 3814
4080 4806 4431 911 3180 3180 3814 911 1136 3180 3814 3807 2322 2796 2756 2796 2881 1136 4080 3814
2323 2796 4806 2796 3109 1136 4080 3814 4493 2796 3180 3814 3109 4431 2796 706 2796 2012 4973 2756
3814 3807 2756 2796 2322 2796 2881 3180 3180 3814 3807 2881 3180 3180 2323 2796 2322 2796 3109 1136
2796 706 2796 2881 3180 3180 4431 2796 4493 3180 3180 3814 911 1136 3180 3814 3807 4806 2796 3109
2756 2796 2322 2796 2881 3180 3180 3814 3807 2881 3180 3180 2323 2796 2322 2796 3109 1136 4080 3814
2881 1136 3180 4431 911 3180 3180 3814 911 1136 3180 3814 3807 2322 2796 2756 2796 2881 1136 4806
3034 911 3180 3180 3814 911 1136 3180 2323 3807 2322 2796 2756 2796 2881 1136 3180 3814 3109 2881
3807 2881 3180 4806 2323 2796 2322 2796 3109 1136 3180 3814 4493 4080 4806 3814 3109 4431 2796 706
4806 3814 3807 2756 2796 2322 2796 2881 1136 4806 3814 3807 2881 3180 3180 2323 2796 2322 2796 3109
4806 2323 2796 2322 2796 3109 1136 3180 3814 4493 1136 3180 3814 3109 4431 2796 706 2796 2756 2796
706 2796 2881 1136 4806 4431 911 3180 3180 3814 911 1136 3180 2323 3807 2322 2796 2756 2796 2881
4080 4806 3814 3109 2756 2796 706 2796 2881 1136 4080 4431 911 3180 3180 3814 911 1136 3180 2323
4080 4080 3034 911 3180 3180 3814 911 1136 3180 2323 3807 2322 2796 2756 2796 2881 1136 3180 3814
3180 3034 911 3180 3180 3814 2881 1136 3180 2323 3807 2322 2796 2756 2796 2881 1136 3180 2323 3109
4493 4080 3180 3814 3109 4431 2796 706 2796 2881 3180 3180 2323 2796 706 2796 2012 4973 706 2796
2756 3807 2756 2796 2756 911 2881 4080 4806 3814 3109 2756 2881 2881 3180 3180 2323 2796 706 2796
706 2796 2881 3180 4080 2323 2796 2756 2796 706 2796 2881 1136 4080 3034 911 3180 3180 3814 911
2756 2796 2012 4973 706 2796 2881 1136 4806 4431 911 3180 3180 3814 911 1136 3180 2323 3807 2322
2796 706 2796 2756 2796 2012 4973 706 2796 2881 1136 3180 4431 911 3180 3180 3814 911 1136 3180
4806 3814 4493 4080 4806 3814 3109 4431 2796 706 2796 2756 2796 2012 4973 706 2796 2881 1136 4806
2881 1136 4806 4431 911 3180 3180 3814 911 1136 3180 3814 3807 2322 2796 2756 2796 2881 1136 3180
2796 706 2796 2881 3180 3180 2323 2796 706 2796 2012 4973 706 2796 2881 1136 3180 4431 911 3180
3109 3180 4806 2756 3814 2881 1136 2322 2796 2881 1136 4806 3814 3807 2881 3180 4080 2323 2881 2322
3109 4431 2796 706 2796 2012 4973 2756 2796 2756 2796 2881 4080 4806 4431 911 3180 3180 3814 911
706 2796 2012 4973 2756 2796 2756 2796 2881 1136 4806 4431 911 3180 3180 3814 911 1136 3180 2323
2881 2012 4973 706 2796 2881 4080 4080 3034 911 3180 3180 3814 911 1136 3180 2323 3807 2322 2796
3180 3814 3807 4806 2796 3109 1136 3180 3814 3807 2322 2796 3109 1136 4806 3814 3807 2756 2796 2322
911 3180 3180 3814 911 1136 3180 2323 3807 2322 2796 2756 2796 2881 1136 3180 2323 3109 2881 3180
3109 4080 4806 4431 911 3180 3180 3814 911 1136 3180 2323 3807 4806 2796 3109 1136 4080 3814 3807
2322 2796 3109 1136 4806 3814 3807 2756 2796 2322 2796 2881 1136 4806 3814 3807 2881 3180 3180 2323
706 2796 2881 1136 4080 4431 911 3180 3180 3814 911 1136 3180 2323 3807 2322 2796 2756 2796 2881
706 2796 2881 1136 3180 4431 911 3180 3180 3814 911 1136 3180 3814 3807 2322 2796 2756 2796 2881
2881 1136 4080 3034 911 3180 3180 3814 911 1136 3180 3814 3807 2322 2796 2756 2796 2881 1136 4080
2796 3109 1136 3180 3814 3807 2322 2796 3109 3180 3180 3814 3807 2756 2796 4431 2796 2881 1136 4806
2796 3109 1136 4080 3814 4493 1136 4080 3814 3109 4431 2796 706 2796 2756 2796 2012 4973 706 2796
4080 3034 911 3180 3180 3814 911 1136 3180 3814 3807 2322 2796 2756 2796 2881 1136 3180 3814 3109
3109 4431 2796 706 2796 2756 2796 2012 4973 706 2796 2881 1136 4806 4431 911 3180 3180 3814 911
3807 2756 2796 2322 2796 2881 3180 3180 3814 3807 2881 3180 3180 2323 2796 2322 2796 3109 1136 4080
2796 2881 4080 4806 3814 3109 2756 2796 706 2796 2881 1136 4080 4431 911 3180 3180 3814 911 1136
4493 4080 4806 3814 3109 4431 2796 706 2796 2756 2796 2012 4973 706 2796 2881 1136 3180 4431 911
3807 2322 2796 3109 1136 4806 3814 2322 2881 2796 2881 3180 4806 3814 3807 2756 2796 2322 2796 2881
4806 2756 3814 2881 1136 2322 2796 2881 1136 4806 3814 3807 2881 3180 4080 2323 2881 2322 2796 3109
3180 4806 2323 2796 706 2796 2012 4973 706 2796 3109 1136 4080 4431 911 3180 3180 3814 911 1136
3180 3180 2323 2796 706 2796 2012 4973 706 2796 2881 1136 3180 4431 911 3180 3180 3814 911 1136
4806 2323 3807 4806 2796 3109 1136 3180 3814 3807 2322 2796 3109 3180 4806 2756 3814 2881 1136 2322
1136 4806 3814 3807 2756 2796 2322 2796 2881 1136 4806 3814 3807 2881 3180 3180 2323 2796 2322 2796
1136 4080 3034 911 3180 4080 3814 911 1136 3180 3814 3807 2322 2796 2756 2796 2881 1136 4080 3814
4080 2796 706 2796 2881 1136 4080 3034 911 3180 3180 3814 911 1136 3180 3814 3807 2322 2796 2756
4493 4080 4806 3814 3109 4431 2796 706 2796 2756 2796 2012 4973 706 2796 2881 1136 4806 4431 911
3109 3180 3180 2323 3807 2756 2796 2881 3180 3180 2322 3807 2323 2796 3109 3180 4806 2323 2796 2322
3807 3109 1136 4806 4431 911 3180 3180 3814 911 1136 4806 2323 3807 4806 2796 3109 1136 3180 3814
2796 2881 3180 3180 3814 3807 2881 3180 4806 2323 2796 2322 2796 3109 1136 3180 2323 4493 4080 3180
3814 3109 4431 2796 706 2796 2756 2796 2012 4973 706 2796 2881 1136 4806 4431 911 3180 3180 3814
4431 911 3180 3180 3814 911 1136 3180 3814 3807 2322 2796 2756 2796 2881 1136 4080 3814 3109 2012
911 1136 4806 2323 3807 4806 2796 3109 1136 3180 3814 3807 2322 2796 3109 3180 4806 3814 3807 2756
1136 4806 4431 911 3180 3180 3814 911 1136 3180 3814 3807 2322 2796 2756 2796 2881 1136 3180 3814
2796 3109 1136 4806 3814 4493 4080 3180 3814 3109 4431 2796 706 2796 2012 4973 2756 2796 2756 2796
3109 4806 3814 911 1136 4806 2323 3807 4806 2796 3109 1136 3180 3814 3807 2322 2796 3109 3180 4806
4806 2796 3109 1136 3180 3814 3807 2322 2796 3109 3180 4806 3814 3807 2756 2796 4431 2796 2881 3180
2322 2796 3109 1136 3180 3814 3807 2322 2796 3109 1136 4806 3814 3807 2756 2796 2322 2796 2881 1136
3109 1136 4806 4431 911 3180 3180 3814 911 1136 4806 2323 3807 4806 2796 3109 1136 3180 3814 3807
911 1136 3180 3814 3807 2322 2796 2756 2796 2881 1136 4080 3814 3109 2012 4973 2881 3180 3180 2323
2881 2012 4973 706 2796 2881 4080 4080 3034 911 3180 3180 3814 911 1136 3180 2323 3807 2322 2796
1136 3180 2323 3807 2322 2796 2756 2796 2881 1136 3180 2323 3109 2881 3180 3180 2323 2796 2012 4973
2796 2756 2796 2881 4080 4806 4431 911 3180 3180 3814 911 1136 3180 3814 3807 2322 2796 2756 2796
4806 4431 911 3180 3180 3814 911 1136 3180 2323 3807 4806 2796 3109 1136 4080 3814 3807 2322 2796
4431 911 3180 3180 3814 911 1136 3180 2323 3807 4806 2796 3109 1136 4080 3814 3807 2322 2796 3109
4806 3814 3109 2756 2796 706 2796 2881 1136 4080 4431 911 3180 3180 3814 911 1136 3180 2323 3807
4080 4806 4431 911 3180 3180 3814 911 1136 3180 3814 3807 2322 2796 2756 2796 2881 1136 4080 3814
3807 2881 3180 3180 2323 2796 2322 2796 3109 1136 4080 3814 4493 4080 3180 3814 3109 4431 2796 706
4080 2323 911 2322 2796 3109 1136 4806 3814 4493 4080 4806 3814 3109 4431 2796 706 2796 2756 2796
2323 2796 4806 2796 3109 1136 4080 3814 4493 1136 4806 3814 3109 4431 2796 706 2796 2012 4973 2756
3814 911 1136 4806 2323 3807 4806 2796 3109 1136 3180 3814 3807 2322 2796 3109 3180 4806 2756 3814
706 2796 2881 1136 4080 3034 911 3180 3180 3814 911 1136 3180 3814 3807 2322 2796 2756 2796 2881
2756 2796 2012 4973 2756 2796 2756 2796 2881 4080 4806 4431 911 3180 3180 3814 911 1136 3180 3814
2756 3814 2881 1136 2322 2796 2881 1136 4806 3814 3807 2881 3180 4080 2323 2881 2322 2796 3109 1136
2796 2881 1136 4080 3034 911 3180 3180 3814 911 1136 3180 3814 3807 2322 2796 2756 2796 2881 1136
4080 4080 3814 3109 4431 2796 706 2796 2012 4973 2756 2796 2756 2796 2881 1136 4806 4431 911 3180
3180 3814 911 1136 3180 3814 3807 4806 2796 3109 1136 3180 3814 3807 2322 2796 3109 1136 4806 3814
3180 3814 3807 2322 2796 2756 2796 2881 1136 4080 3814 3109 2012 4973 2881 3180 3180 2323 2796 2012
3180 3180 2323 2796 706 2796 2012 4973 706 2796 2881 1136 3180 4431 911 3180 3180 3814 911 1136
2796 2756 2796 2881 1136 3180 2323 3109 2881 3180 3180 2323 2796 2012 4973 2881 3180 3180 2323 2796
2796 4806 2796 3109 1136 4080 3814 4493 1136 4806 3814 3109 4431 2796 706 2796 2012 4973 2756 2796
1136 4080 3034 911 3180 3180 3814 911 1136 3180 3814 3807 2322 2796 2756 2796 2881 1136 4080 3814
706 2796 2012 4973 706 2796 2881 1136 3180 4431 911 3180 3180 3814 911 1136 3180 2323 3807 2322
2756 2796 2756 2796 2881 4080 4806 4431 911 3180 3180 3814 911 1136 3180 3814 3807 2322 2796 2756
3109 4431 2796 706 2796 2756 2796 2012 4973 706 2796 2756 2796 2756 2796 2012 4973 2756 2796 2756
4431 2796 706 2796 2881 3180 3180 2323 2796 706 2796 2012 4973 706 2796 2881 1136 3180 4431 911
3814 911 1136 4806 2323 3807 4806 2796 3109 1136 3180 3814 3807 2322 2796 3109 3180 4806 2756 3814
4431 911 3180 3180 3814 911 1136 3180 2323 3807 2322 2796 3109 1136 3180 3814 3807 2322 2796 3109
2796 2881 4080 4806 4431 911 3180 3180 3814 911 1136 3180 3814 3807 2322 2796 2756 2796 2881 1136
706 2796 2756 2796 2012 4973 706 2796 2881 1136 4806 4431 911 3180 3180 3814 911 1136 3180 3814
2322 2796 3109 1136 4806 3814 3814 2881 2796 2322 2796 2881 1136 4806 3814 3807 2881 1136 4806 2323
2796 3109 1136 3180 2323 4493 4080 3180 3814 3109 4431 2796 706 2796 2881 3180 3180 2323 2796 706
4806 2323 2796 4431 2796 3109 1136 4806 3814 4493 4080 3180 3814 3109 4431 2796 706 2796 2012 4973
911 3180 3180 3814 911 1136 3180 3814 3807 2322 2796 2756 2796 2881 1136 3180 3814 3109 2881 3180
2756 2796 2012 4973 706 2796 2756 2796 2756 2796 2012 4973 2756 2796 2756 2796 2881 4080 4806 4431
3807 2322 2796 3109 1136 4806 3814 2322 2881 2796 2881 3180 4806 3814 3807 2756 2796 2322 2796 2881
2796 2756 911 2881 1136 3180 4431 911 3180 4080 3814 911 1136 3180 3814 3807 2322 2796 2756 2796
1136 3180 2323 3807 2322 2796 3109 1136 3180 3814 3807 2322 2796 3109 3180 3180 3814 3807 2756 2796
2796 3109 1136 3180 3814 3807 2322 2796 3109 3180 4806 3814 3807 2756 2796 4431 2796 2881 3180 3180
2796 2881 1136 4806 3814 3807 2881 3180 4080 2323 2881 2322 2796 3109 1136 4806 3814 4493 4080 4806
2796 2881 1136 4806 4431 911 3180 3180 3814 911 1136 3180 2323 3807 2322 2796 2756 2796 2881 1136
4080 3034 911 3180 3180 3814 911 1136 3180 3814 3807 2322 2796 2756 2796 2881 1136 3180 3814 3109
2796 2012 4973 706 2796 2881 1136 4806 4431 911 3180 3180 3814 911 1136 3180 3814 3807 2322 2796
706 2796 2881 4080 4080 3034 911 3180 3180 3814 911 1136 3180 3814 3807 2322 2796 2756 2796 2881
1136 4806 4431 911 3180 3180 3814 911 1136 3180 2323 3807 2322 2796 2756 2796 2881 1136 4806 3814
3807 2881 3180 4806 2323 2796 2322 2796 3109 1136 3180 2323 4493 4080 3180 3814 3109 4431 2796 706
2881 1136 3180 4431 911 3180 3180 3814 911 1136 3180 2323 3807 2322 2796 2756 2796 2881 1136 3180
2796 2012 4973 706 2796 3109 1136 4080 4431 911 3180 3180 3814 911 1136 3180 2323 3807 2322 2796
3180 3180 3814 911 1136 3180 3814 3807 4806 2796 3109 1136 3180 3814 3807 2322 2796 3109 1136 4806
3814 3109 4431 2796 706 2796 2012 4973 2756 2796 2756 2796 2881 1136 4806 4431 911 3180 3180 3814
4806 2323 2796 4431 2796 3109 1136 4806 3814 4493 4080 3180 3814 3109 4431 2796 706 2796 2012 4973
3180 2756 3807 2322 2796 2756 2881 2881 4080 4806 3814 3109 2756 2881 2881 3180 3180 2323 2796 706
3180 4806 3814 3807 2756 2796 2322 2796 2881 3180 3180 3814 3807 2881 3180 4806 2323 2796 2322 2796
4493 4080 4080 3814 3109 4431 2796 706 2796 2012 4973 2756 2796 2756 2796 2881 1136 4806 4431 911
3807 2756 2796 2881 3180 3180 2322 3807 2323 2796 3109 3180 4806 2323 2796 2322 2796 3109 1136 3180
3807 4806 2796 3109 1136 3180 3814 3807 2322 2796 3109 3180 4806 3814 3807 2756 2796 4431 2796 2881
3034 911 3180 3180 3814 911 1136 3180 2323 3807 2322 2796 2756 911 2881 1136 3180 3814 3109 2012
2796 2756 2796 2881 4080 4806 4431 911 3180 3180 3814 911 1136 3180 3814 3807 2322 2796 2756 2796
4431 2796 706 2796 2881 3180 3180 2323 2796 706 2796 2012 4973 706 2796 2881 1136 3180 4431 911
3180 3180 2323 2796 2322 2796 3109 1136 4080 3814 4493 4080 3180 3814 3109 4431 2796 706 2796 2012
3814 3807 4806 2796 3109 1136 3180 3814 3807 2322 2796 3109 1136 4806 3814 3807 2756 2796 2322 2796
2796 4493 3180 3180 3814 911 1136 3180 3814 3807 4806 2796 3109 1136 3180 3814 3807 2322 2796 3109
3180 3814 3807 2322 2796 3109 3180 3180 3814 3807 2756 2796 2322 2796 2881 1136 4806 3814 3807 2881
3814 4493 1136 3180 3814 3109 4431 2796 706 2796 2756 2796 2012 4973 706 2796 3109 1136 4806 4431
4493 1136 4080 3814 3109 4431 2796 706 2796 2756 2796 2012 4973 706 2796 3109 1136 4806 4431 911
2796 706 2796 2012 4973 706 2796 3109 1136 4080 4431 911 3180 3180 3814 911 1136 3180 2323 3807
2012 4973 2756 2796 2756 2796 2881 4080 4806 4431 911 3180 3180 3814 911 1136 3180 3814 3807 2322
2323 2796 706 2796 2012 4973 706 2796 2881 1136 3180 4431 911 3180 3180 3814 911 1136 3180 2323
4806 3814 3109 4431 2796 706 2796 2756 2796 2012 4973 706 2796 2881 1136 4806 4431 911 3180 3180
4080 3034 911 3180 3180 3814 911 1136 3180 2323 3807 2322 2796 2756 2796 2881 1136 4080 3814 3109
2756 3109 2881 3180 3180 2323 2796 706 2796 2881 3180 3180 4431 2796 4493 3180 3180 3814 911 1136
2796 3109 1136 3180 3814 3807 2322 2796 3109 3180 4806 3814 3807 2756 2796 4431 2796 2881 3180 3180
3814 4493 1136 4806 3814 3109 4431 2796 706 2796 2012 4973 2756 2796 2756 2796 2881 4080 4806 4431
1136 4080 3814 4493 4080 3180 3814 3109 4431 2796 706 2796 2012 4973 2756 2796 2756 2796 2881 1136
2322 2796 3109 1136 4806 3814 2322 2881 2796 2881 3180 4806 3814 3807 2756 2796 2322 2796 2881 3180
2322 2796 2881 1136 4806 3814 3807 2881 3180 3180 2323 2796 2322 2796 2881 1136 3180 3814 4493 1136
4806 4431 911 3180 3180 3814 911 1136 3180 2323 3807 2322 2796 2756 2796 2881 1136 3180 2323 3109
3814 3109 2756 3109 2881 3180 3180 2323 2796 706 2796 2881 3180 3180 4431 2796 4493 3180 3180 3814
3180 3814 911 1136 3180 2323 3807 2322 2796 3109 1136 3180 3814 3807 2322 2796 3109 3180 3180 3814
4806 3814 3109 2756 3109 2881 3180 3180 2323 2796 706 2796 2881 3180 3180 4431 2796 4493 3180 3180
2322 2796 3109 1136 4806 3814 3807 2756 2796 2322 2796 2881 1136 4806 3814 3807 2881 3180 3180 2323
2012 4973 2756 2796 3109 4080 4806 3814 3109 2756 2796 706 2796 2881 1136 4080 4431 911 3180 3180
3180 3814 4493 4080 4806 3814 3109 4431 2796 706 2796 2756 2796 2012 4973 706 2796 2881 1136 3180
4493 1136 4080 3814 3109 4431 2796 706 2796 2756 2796 2012 4973 706 2796 3109 1136 4806 4431 911
911 1136 4806 2323 3807 4806 2796 3109 1136 3180 3814 3807 2322 2796 3109 3180 4806 3814 3807 2756
4806 3814 3807 2756 2796 4431 2796 2881 3180 3180 3814 3807 2881 3180 4806 2323 2796 2322 2796 3109
4806 3814 3807 2881 3180 4080 2323 2881 2322 2796 3109 1136 4806 3814 4493 4080 4806 3814 3109 4431
3814 911 1136 3180 3814 3807 2322 2796 2756 2796 2881 1136 4080 3814 3109 2012 4973 2881 3180 3180
4080 4431 911 3180 3180 3814 911 1136 3180 2323 3807 2322 2796 3109 1136 3180 3814 3807 2322 2796
2796 706 2796 2012 4973 2756 2796 2756 2796 2881 1136 4806 4431 911 3180 3180 3814 911 1136 3180
706 2796 2881 1136 4080 3034 911 3180 3180 3814 911 1136 3180 2323 3807 2322 2796 2756 911 2881
2796 3109 1136 4806 3814 2322 2881 2796 2881 3180 4806 3814 3807 2756 2796 2322 2796 2881 3180 3180
3180 2323 2796 706 2796 2012 4973 706 2796 2881 1136 3180 4431 911 3180 3180 3814 911 1136 3180
4806 3814 3807 2881 3180 4806 2323 2796 2322 2796 3109 1136 3180 3814 4493 4080 4806 3814 3109 4431
2796 2881 1136 4080 3034 911 3180 3180 3814 911 1136 3180 3814 3807 2322 2796 2756 2796 2881 1136
2796 3109 1136 4806 4431 911 3180 3180 3814 911 1136 3180 2323 3807 2322 2796 2756 2796 2881 1136
3180 3814 3807 2322 2796 3109 1136 4806 3814 3807 2756 2796 2322 2796 2881 1136 4806 3814 3807 2881
2323 2796 2322 2796 3109 1136 3180 3814 4493 1136 3180 3814 3109 4431 2796 706 2796 2756 2796 2012
2796 2322 2796 3109 1136 3180 2323 4493 4080 3180 3814 3109 4431 2796 706 2796 2881 3180 3180 2323
4973 706 2796 2881 1136 4080 3034 911 3180 3180 3814 911 1136 3180 3814 3807 2322 2796 2756 2796
4493 4080 4806 3814 3109 4431 2796 706 2796 2756 2796 2012 4973 706 2796 2881 1136 4806 4431 911
3814 4493 4080 3180 3814 3109 4431 2796 706 2796 2012 4973 2756 2796 2756 2796 2881 1136 4806 4431
4973 2756 2796 2756 2796 2881 1136 4806 4431 911 3180 3180 3814 911 1136 3180 2323 3807 2322 2796
3814 4493 4080 3180 3814 3109 4431 2796 706 2796 2012 4973 2756 2796 2756 2796 2881 1136 4806 4431
2756 2796 2881 1136 4806 4431 911 3180 3180 3814 911 1136 3180 2323 3807 2322 2796 2756 2796 2881
3814 4493 4080 3180 3814 3109 4431 2796 706 2796 2012 4973 2756 2796 2756 2796 2881 1136 4806 4431
1136 3180 4431 911 3180 3180 3814 911 1136 3180 3814 3807 2322 2796 2756 2796 2881 1136 4806 3814
3109 4431 2796 706 2796 2881 3180 3180 2323 2796 706 2796 2012 4973 706 2796 2881 1136 3180 4431
2881 2012 4973 706 2796 2881 1136 4080 3034 911 3180 3180 3814 911 1136 3180 3814 3807 2322 2796
1136 4080 3814 4493 1136 3180 3814 3109 4431 2796 706 2796 2756 2796 2012 4973 706 2796 3109 1136
2322 2796 2756 911 2881 4080 4806 3814 3109 2756 2881 2881 3180 3180 2323 2796 706 2796 2881 3180
3814 911 1136 3180 2323 3807 4806 2796 3109 1136 4080 3814 3807 2322 2796 3109 3180 3180 2323 3807
3814 3109 4431 2796 706 2796 2756 2796 2012 4973 706 2796 2881 1136 3180 4431 911 3180 3180 3814
4431 911 3180 3180 3814 911 1136 3180 2323 3807 2322 2796 2756 2796 2881 1136 3180 3814 3109 2881
4493 4080 4806 3814 3109 4431 2796 706 2796 2756 2796 2012 4973 706 2796 2881 1136 4806 4431 911
4080 3034 911 3180 3180 3814 911 1136 3180 2323 3807 2322 2796 2756 2796 2881 1136 4080 3814 3109
706 2796 2012 4973 706 2796 2881 1136 3180 4431 911 3180 3180 3814 911 1136 3180 2323 3807 2322
706 2796 2881 1136 4806 4431 911 3180 3180 3814 911 1136 3180 2323 3807 2322 2796 2756 2796 2881
3180 3180 3814 911 1136 3180 2323 3807 2322 2796 3109 1136 3180 3814 3807 2322 2796 3109 3180 3180
3814 3807 2322 2796 3109 1136 4806 3814 3807 2756 2796 2322 2796 2881 1136 4806 3814 3807 2881 3180
2796 3109 1136 4806 3814 3807 2756 2796 2322 2796 2881 1136 4806 3814 3807 2881 3180 3180 2323 2796
1136 3180 3814 3807 2322 2796 2756 2796 2881 1136 4080 3814 3807 2881 3180 4080 4080 2881 2012 4973
2756 2796 2756 2796 2881 1136 4806 4431 911 3180 3180 3814 911 1136 3180 2323 3807 2322 2796 2756
2796 2756 2796 2881 1136 4806 4431 911 3180 3180 3814 911 1136 3180 2323 3807 2322 2796 2756 2796
2881 2012 4973 706 2796 2756 2796 2881 4080 4080 3034 911 3180 3180 3814 911 1136 3180 3814 3807
3180 4806 3814 3807 2756 2796 2322 2796 2881 3180 3180 3814 3807 2881 3180 4806 2323 2796 2322 2796
3180 4431 911 3180 3180 3814 911 1136 3180 2323 3807 2322 2796 2756 2796 2881 1136 3180 3814 3109
4431 911 3180 3180 3814 911 1136 4806 2323 3807 4806 2796 3109 1136 3180 3814 3807 2322 2796 3109
3180 3814 3807 2322 2796 2756 2796 2881 1136 4080 3814 3109 2012 4973 2881 3180 3180 2323 2796 2012
2796 3109 1136 3180 3814 3807 2322 2796 3109 1136 4806 3814 3807 2756 2796 2322 2796 2881 1136 4806
2881 1136 4806 3814 3807 2881 1136 4080 2323 2796 2322 2796 3109 1136 4806 3814 4493 4080 3180 3814
706 2796 2012 4973 706 2796 3109 1136 4080 4431 911 3180 3180 3814 911 1136 3180 2323 3807 2322
2323 2796 4431 2796 3109 1136 4806 3814 4493 4080 3180 3814 3109 4431 2796 706 2796 2012 4973 2756
4080 3814 911 1136 3180 3814 3807 2322 2796 2756 2796 2881 1136 4080 3814 3807 2881 3180 4080 2756
706 2881 706 2796 2881 4080 4080 3034 911 3180 3180 3814 911 1136 3180 3814 3807 2322 2796 2756
2796 706 2796 2012 4973 2756 2796 2756 2796 2881 4080 4806 4431 911 3180 3180 3814 911 1136 3180
3814 3807 2322 2796 3109 1136 4806 3814 3814 2881 2796 2322 2796 2881 1136 4806 3814 3807 2881 1136
2881 3180 3180 3814 3807 2881 3180 3180 2323 2796 2322 2796 3109 1136 4080 3814 4493 4080 3180 3814
3109 1136 3180 3814 3807 2322 2796 3109 3180 4806 3814 3807 2756 2796 2322 2796 2881 3180 3180 3814
4806 2796 3109 1136 3180 3814 3807 2322 2796 3109 3180 4806 3814 3807 2756 2796 4431 2796 2881 3180
3814 3109 4431 2796 706 2796 2012 4973 2756 2796 2756 2796 2881 4080 4806 4431 911 3180 3180 3814
2796 2881 4080 4080 3034 911 3180 3180 3814 911 1136 3180 3814 3807 2322 2796 2756 2796 2881 1136
2796 4806 2796 3109 1136 4080 3814 4493 1136 4806 3814 3109 4431 2796 706 2796 2012 4973 2756 2796
3180 3814 911 1136 3180 3814 3807 2322 2796 2756 2796 2881 1136 4080 3814 3109 2012 4973 2881 3180
3807 2322 2796 3109 1136 3180 3814 3807 2322 2796 3109 1136 4806 3814 3807 2756 2796 2322 2796 2881
2881 3180 2756 3807 2322 2796 2756 2881 2881 4080 4806 3814 3109 2756 2881 2881 3180 3180 2323 2796
4806 2796 3109 1136 3180 3814 3807 2322 2796 3109 3180 4806 3814 3807 2756 2796 4431 2796 2881 3180
706 2796 2881 4080 4080 3034 911 3180 3180 3814 911 1136 3180 2323 3807 2322 2796 2756 2796 2881
1136 4080 3814 3807 2322 2796 3109 3180 3180 2323 3807 2756 2796 2881 3180 3180 2322 3807 2323 2796
706 2796 2012 4973 706 2796 3109 1136 4080 4431 911 3180 3180 3814 911 1136 3180 2323 3807 2322
911 3180 3180 3814 911 1136 3180 2323 3807 2322 2796 2756 2796 2881 1136 3180 3814 3109 2881 3180
3807 2756 2796 2756 911 2881 4080 4806 3814 3109 2756 2881 2881 3180 3180 2323 2796 706 2796 2881
2756 3807 2756 2796 2756 911 2881 4080 4806 3814 3109 2756 2881 2881 3180 3180 2323 2796 706 2796
2322 2796 3109 3180 3180 2323 3807 2756 2796 2881 3180 3180 2322 3807 2323 2796 3109 3180 4806 2323
1136 3180 4431 911 3180 3180 3814 911 1136 3180 3814 3807 2322 2796 2756 2796 2881 1136 4806 3814
4080 3814 911 1136 3180 3814 3807 2322 2796 2756 2796 2881 1136 4080 3814 3807 2881 3180 4080 2756
4806 4431 911 3180 3180 3814 911 1136 4806 2323 3807 4806 2796 3109 1136 3180 3814 3807 2322 2796
3814 3807 2322 2796 3109 3180 3180 2323 3807 2756 2796 2881 3180 3180 2322 3807 2323 2796 3109 3180
1136 4080 3814 3109 4431 2796 706 2796 2756 2796 2012 4973 706 2796 3109 1136 4806 4431 911 3180
3180 3814 911 1136 3180 2323 3807 2322 2796 3109 1136 3180 3814 3807 2322 2796 3109 3180 3180 3814
3814 3807 2322 2796 2756 2796 2881 1136 4080 3814 3109 2012 4973 2881 3180 3180 2323 2796 2012 4973
3180 3180 3814 3807 2881 3180 3180 2323 2796 2322 2796 3109 1136 4080 3814 4493 4080 3180 3814 3109
1136 3180 2323 3807 2322 2796 3109 1136 4806 3814 2322 2881 2796 2881 3180 4806 3814 3807 2756 2796
3109 4431 2796 706 2796 2756 2796 2012 4973 706 2796 2756 2796 2756 2796 2012 4973 2756 2796 2756
2323 2796 2322 2796 3109 1136 3180 3814 4493 2796 4806 3814 3109 4431 2796 706 2796 2756 2796 2012
3109 4431 2796 706 2796 2756 2796 2012 4973 706 2796 2881 1136 3180 4431 911 3180 3180 3814 911
2881 3180 3180 2323 2796 2322 2796 3109 1136 4080 3814 4493 4080 3180 3814 3109 4431 2796 706 2796
3814 3109 4431 2796 706 2796 2012 4973 2756 2796 2756 2796 2881 1136 4806 4431 911 3180 3180 3814
2323 2796 706 2796 706 2796 2881 1136 4080 3034 911 3180 3180 3814 911 1136 3180 2323 3807 2322
2756 2796 2756 2796 2881 1136 4806 4431 911 3180 3180 3814 911 1136 3180 2323 3807 2322 2796 2756
4080 3034 911 3180 3180 3814 911 1136 3180 2323 3807 2322 2796 2756 911 2881 1136 3180 3814 3109
2796 2881 4080 4080 3034 911 3180 3180 3814 911 1136 3180 3814 3807 2322 2796 2756 2796 2881 1136
3180 3814 3807 2322 2796 3109 1136 4806 3814 3814 2881 2796 2322 2796 2881 1136 4806 3814 3807 2881
3814 3807 2322 2796 3109 1136 3180 3814 3807 2322 2796 3109 1136 4806 3814 3814 2881 2796 2322 2796
2322 2796 3109 1136 4806 3814 4493 2796 4806 3814 3109 4431 2796 706 2796 2756 2796 2012 4973 706
2796 706 2796 2012 4973 706 2796 3109 1136 4080 4431 911 3180 3180 3814 911 1136 3180 2323 3807
2756 2796 2322 2796 2881 1136 4806 3814 3807 2881 3180 3180 2323 2796 2322 2796 2881 1136 3180 3814
1136 4080 3814 4493 1136 4806 3814 3109 4431 2796 706 2796 2012 4973 2756 2796 2756 2796 2881 4080
4973 706 2796 2881 1136 4806 4431 911 3180 3180 3814 911 1136 3180 2323 3807 2322 2796 2756 2796
2881 4080 4806 3814 3109 2756 3109 2881 3180 3180 2323 2796 706 2796 2881 3180 3180 4431 2796 4493
3807 2322 2796 3109 1136 3180 3814 3807 2322 2796 3109 1136 4806 3814 3807 2756 2796 2322 2796 2881
2796 706 2796 2881 1136 4080 3034 911 3180 3180 3814 911 1136 3180 2323 3807 2322 2796 2756 911
2881 4080 4080 3034 911 3180 3180 3814 911 1136 3180 2323 3807 2322 2796 2756 2796 2881 1136 3180
2796 2881 3180 4806 3814 3807 2756 2796 2322 2796 2881 3180 3180 3814 3807 2881 3180 3180 2323 2796
3180 3814 3807 2322 2796 3109 1136 4806 3814 3807 2756 2796 2322 2796 2881 1136 4806 3814 3807 2881
1136 4806 3814 3807 2881 3180 4806 2323 2796 2322 2796 3109 1136 3180 3814 4493 4080 4806 3814 3109
3814 3109 4431 2796 706 2796 2756 2796 2012 4973 706 2796 3109 1136 4806 4431 911 3180 3180 3814
2796 3109 1136 4080 3814 4493 1136 4806 3814 3109 4431 2796 706 2796 2012 4973 2756 2796 2756 2796
3180 2323 2796 2322 2796 3109 1136 4080 3814 4493 4080 3180 3814 3109 4431 2796 706 2796 2012 4973
2796 2881 1136 3180 3034 911 3180 3180 3814 2881 1136 3180 2323 3807 2322 2796 2756 2796 2881 1136
706 2796 2756 2796 2756 2796 2012 4973 2756 2796 2756 2796 2881 4080 4806 4431 911 3180 3180 3814
1136 3180 2323 3807 4806 2796 3109 1136 4080 3814 3807 2322 2796 3109 3180 3180 2323 3807 2756 2796
4806 4431 911 3180 3180 3814 911 1136 3180 3814 3807 2322 2796 2756 2796 2881 1136 4080 3814 3109
706 2796 2012 4973 2756 2796 2756 2796 2881 1136 4806 4431 911 3180 3180 3814 911 1136 3180 2323
4080 4431 911 3180 3180 3814 911 1136 3180 2323 3807 2322 2796 2756 2796 2881 1136 4806 3814 3109
3814 911 1136 3180 2323 3807 2322 2796 2756 2796 2881 1136 3180 3814 3109 2881 3180 3180 2323 3109
2881 3180 3180 3814 3807 2881 3180 4806 2323 2796 2322 2796 3109 1136 3180 2323 4493 4080 3180 3814
4806 2323 2796 2322 2796 3109 1136 3180 2323 4493 4080 3180 3814 3109 4431 2796 706 2796 2881 3180
3034 911 3180 3180 3814 911 1136 3180 3814 3807 2322 2796 2756 2796 2881 1136 3180 3814 3109 2012
3807 3109 4080 4806 4431 911 3180 3180 3814 911 1136 3180 2323 3807 4806 2796 3109 1136 4080 3814
706 2796 2881 1136 4806 4431 911 3180 3180 3814 911 1136 3180 3814 3807 2322 2796 2756 2796 2881
4806 3814 3109 4431 2796 706 2796 2012 4973 2756 2796 2756 2796 2881 4080 4806 4431 911 3180 3180
3109 1136 4080 3814 4493 1136 3180 3814 3109 4431 2796 706 2796 2756 2796 2012 4973 706 2796 3109
3180 3814 3807 2322 2796 2756 2796 2881 1136 4080 3814 3807 2881 3180 4080 4080 2881 2012 4973 2881
2756 2796 2881 4080 4806 4431 911 3180 3180 3814 911 1136 3180 3814 3807 2322 2796 2756 2796 2881
4973 2756 2796 2756 2796 2881 4080 4806 4431 911 3180 3180 3814 911 1136 3180 3814 3807 2322 2796
4806 3814 4493 4080 4806 3814 3109 4431 2796 706 2796 2756 2796 2012 4973 706 2796 2881 1136 4806
3109 1136 3180 3814 3807 2322 2796 3109 3180 4806 2756 3814 2881 2881 2322 2796 2881 1136 4806 3814
4806 3814 3814 2881 2796 2322 2796 2881 1136 4806 3814 3807 2881 1136 4080 2323 2796 4431 2796 3109
3814 3807 4806 2796 3109 1136 3180 3814 3807 2322 2796 3109 1136 4806 3814 3807 2756 2796 2322 2796
2323 3807 2756 2796 2881 3180 3180 2322 3807 2323 2796 3109 3180 4806 2323 2796 2322 2796 3109 1136
4080 2323 2796 706 2796 2756 2796 2881 1136 4080 3034 911 3180 3180 3814 911 1136 3180 2323 3807
1136 4806 3814 3807 2881 3180 4080 2323 2881 2322 2796 3109 1136 4806 3814 4493 4080 4806 3814 3109
1136 4806 3814 3807 2881 1136 4080 2323 2796 2322 2796 3109 1136 4806 3814 4493 4080 3180 3814 3109
2881 1136 3180 4431 911 3180 3180 3814 911 1136 3180 2323 3807 2322 2796 2756 2796 2881 1136 3180
3814 4493 4080 3180 3814 3109 4431 2796 706 2796 2012 4973 2756 2796 2756 2796 2881 1136 4806 4431
2796 2012 4973 706 2796 2881 1136 4806 4431 911 3180 3180 3814 911 1136 3180 3814 3807 2322 2796
2796 2881 1136 4806 4431 911 3180 3180 3814 911 1136 3180 2323 3807 2322 2796 2756 2796 2881 1136
3180 2323 911 1136 3180 2323 3807 2322 2796 3109 1136 4806 3814 2322 2881 2796 2881 3180 4806 3814
4806 2323 2796 2322 2796 3109 1136 3180 2323 4493 4080 3180 3814 3109 4431 2796 706 2796 2881 3180
3814 3109 4431 2796 706 2796 2012 4973 2756 2796 2756 2796 2881 1136 4806 4431 911 3180 3180 3814
3814 3807 2881 3180 4806 2323 2796 2322 2796 3109 1136 3180 3814 4493 4080 4806 3814 3109 4431 2796
2796 2012 4973 4080 2796 706 2881 706 2796 2881 4080 4080 3034 911 3180 3180 3814 911 1136 3180
1136 3180 3814 3807 4806 2796 3109 1136 3180 3814 3807 2322 2796 3109 1136 4806 3814 3807 2756 2796
3180 2323 2796 706 2796 2881 3180 3180 4431 2796 4493 3180 3180 3814 911 1136 3180 3814 3807 4806
2012 4973 706 2796 2881 3180 4806 2323 2796 706 2796 2012 4973 706 2796 3109 1136 4080 4431 911
911 1136 4806 2323 3807 4806 2796 3109 1136 3180 3814 3807 2322 2796 3109 3180 4806 3814 3807 2756
4806 3814 3109 4431 2796 706 2796 2756 2796 2012 4973 706 2796 2881 1136 4806 4431 911 3180 3180
4431 911 3180 3180 3814 911 1136 4806 2323 3807 4806 2796 3109 1136 3180 3814 3807 2322 2796 3109
3180 3814 3807 2322 2796 3109 1136 4806 3814 3814 2881 2796 2322 2796 2881 1136 4806 3814 3807 2881
2322 2796 3109 1136 3180 3814 4493 2796 4806 3814 3109 4431 2796 706 2796 2756 2796 2012 4973 706
2796 2881 4080 4080 3034 911 3180 3180 3814 911 1136 3180 3814 3807 2322 2796 2756 2796 2881 1136
2796 3109 1136 3180 3814 3807 2322 2796 3109 1136 4806 3814 3814 2881 2796 2322 2796 2881 1136 4806
4080 2796 706 2881 706 2796 2881 4080 4080 3034 911 3180 3180 3814 911 1136 3180 3814 3807 2322
2796 4431 2796 2881 1136 4806 3814 3807 2881 3180 4806 2323 2796 2322 2796 3109 1136 3180 3814 4493
2796 706 2796 2012 4973 2756 2796 2756 2796 2881 1136 4806 4431 911 3180 3180 3814 911 1136 3180
2881 706 2796 2881 4080 4080 3034 911 3180 3180 3814 911 1136 3180 3814 3807 2322 2796 2756 2796
2881 3180 3180 2323 2796 2322 2796 3109 1136 4080 3814 4493 4080 3180 3814 3109 4431 2796 706 2796
2881 1136 4080 3034 911 3180 3180 3814 911 1136 3180 2323 3807 2322 2796 2756 2796 2881 1136 4080
3814 3109 2756 3109 2881 3180 3180 2323 2796 706 2796 2881 3180 3180 4431 2796 4493 3180 3180 3814
2756 2796 2756 2796 2881 4080 4806 4431 911 3180 3180 3814 911 1136 3180 3814 3807 2322 2796 2756
3180 3814 3109 4431 2796 706 2796 2881 3180 3180 2323 2796 706 2796 2012 4973 706 2796 2881 1136
3814 3807 2881 3180 4806 2323 2796 2322 2796 3109 1136 3180 2323 4493 4080 3180 3814 3109 4431 2796
911 3180 3180 3814 911 1136 3180 2323 3807 2322 2796 2756 2796 2881 1136 3180 3814 3109 2881 3180
3807 3109 4080 4806 4431 911 3180 3180 3814 911 1136 3180 2323 3807 4806 2796 3109 1136 4080 3814
3807 2756 2796 2322 2796 2881 1136 4806 3814 3807 2881 3180 4806 2323 2796 2322 2796 3109 1136 3180
3180 3814 3807 2322 2796 2756 2796 2881 1136 4080 3814 3807 2881 3180 4080 4080 2881 2012 4973 2881
2756 2796 2881 1136 4806 4431 911 3180 3180 3814 911 1136 3180 2323 3807 2322 2796 2756 2796 2881
4973 706 2796 2881 1136 4806 4431 911 3180 3180 3814 911 1136 3180 3814 3807 2322 2796 2756 2796
3814 911 1136 3180 2323 3807 4806 2796 3109 1136 4080 3814 3807 2322 2796 3109 3180 3180 2323 3807
2322 2796 3109 3180 4806 3814 3807 2756 2796 2322 2796 2881 3180 3180 3814 3807 2881 3180 4806 2323
3807 2756 2796 2322 2796 2881 3180 3180 3814 3807 2881 3180 4806 2323 2796 2322 2796 3109 1136 3180
3180 2323 3807 2322 2796 2756 2796 2881 1136 3180 2323 3109 2881 3180 3180 2323 2796 2012 4973 2881
2322 2796 3109 1136 3180 3814 3807 2322 2796 3109 1136 4806 3814 3814 2881 2796 2322 2796 2881 1136
1136 4806 4431 911 3180 3180 3814 911 1136 4806 2323 3807 4806 2796 3109 1136 3180 3814 3807 2322
706 2796 2881 3180 4806 2323 2796 706 2796 2012 4973 706 2796 3109 1136 4080 4431 911 3180 3180
3109 1136 3180 3814 3807 2322 2796 3109 3180 4806 3814 3807 2756 2796 2322 2796 2881 3180 3180 3814
3807 2322 2796 2756 2796 2881 1136 3180 2323 3109 2881 3180 3180 2323 2796 2012 4973 2881 3180 3180
2322 2796 3109 3180 4806 2756 3814 2881 1136 2322 2796 2881 1136 4806 3814 3807 2881 3180 4080 2323
2881 1136 4806 3814 3807 2881 3180 3180 2323 2796 2322 2796 2881 1136 3180 3814 4493 1136 4806 3814
2881 706 2796 2881 3180 4080 2323 2796 706 2796 706 2796 2881 1136 4080 3034 911 3180 3180 3814
4806 4806 3814 3109 4431 2796 706 2796 2756 2796 2012 4973 706 2796 2881 1136 4806 4431 911 3180
3807 2881 3180 3180 2323 2796 2322 2796 3109 1136 4080 3814 4493 4080 3180 3814 3109 4431 2796 706
3180 3180 3814 911 1136 3180 3814 3807 4806 2796 3109 1136 3180 3814 3807 2322 2796 3109 1136 4806
1136 3180 4431 911 3180 4080 3814 911 1136 3180 3814 3807 2322 2796 2756 2796 2881 1136 3180 3814
3180 3814 911 1136 3180 2323 3807 2322 2796 2756 2796 2881 1136 3180 2323 3109 2881 3180 3180 2323
1136 4080 4431 911 3180 3180 3814 911 1136 3180 2323 3807 2322 2796 3109 1136 3180 3814 3807 2322
2796 2322 2796 3109 1136 4080 3814 4493 1136 3180 3814 3109 4431 2796 706 2796 2756 2796 2012 4973
3180 3814 911 1136 3180 3814 3807 4806 2796 3109 1136 3180 3814 3807 2322 2796 3109 1136 4806 3814
4431 911 3180 3180 3814 911 1136 3180 2323 3807 2322 2796 2756 2796 2881 1136 3180 2323 3109 2881
3814 911 1136 4806 2323 3807 4806 2796 3109 1136 3180 3814 3807 2322 2796 3109 3180 4806 2756 3814
4493 4080 4806 3814 3109 4431 2796 706 2796 2756 2796 2012 4973 706 2796 2881 1136 3180 4431 911
3807 2881 4080 4806 4431 911 3180 3180 3814 911 1136 3180 3814 3807 4806 2796 3109 1136 3180 3814
2881 1136 4080 3034 911 3180 3180 3814 911 1136 3180 2323 3807 2322 2796 2756 2796 2881 1136 4080
4431 911 3180 3180 3814 911 1136 3180 3814 3807 2322 2796 2756 2796 2881 1136 4080 3814 3109 2012
2012 4973 706 2796 2881 1136 3180 4431 911 3180 3180 3814 911 1136 3180 3814 3807 2322 2796 2756
3807 2881 1136 4080 2323 2796 2322 2796 3109 1136 4806 3814 4493 4080 3180 3814 3109 4431 2796 706
2796 2322 2796 3109 1136 4080 3814 4493 1136 3180 3814 3109 4431 2796 706 2796 2756 2796 2012 4973
4431 2796 706 2796 2012 4973 2756 2796 2756 2796 2881 4080 4806 4431 911 3180 3180 3814 911 1136
3180 3180 3814 911 1136 3180 2323 3807 2322 2796 2756 2796 2881 1136 3180 3814 3109 2881 3180 3180
3180 3180 3814 911 1136 3180 3814 3807 2322 2796 2756 2796 2881 1136 4080 3814 3109 2012 4973 2881
2881 1136 4806 4431 911 3180 3180 3814 911 1136 3180 3814 3807 2322 2796 2756 2796 2881 1136 3180
3180 3814 911 1136 3180 3814 3807 4806 2796 3109 1136 3180 3814 3807 2322 2796 3109 1136 4806 3814
3109 4431 2796 706 2796 2012 4973 2756 2796 2756 2796 2881 1136 4806 4431 911 3180 3180 3814 911
2881 1136 3180 4431 911 3180 4080 3814 911 1136 3180 3814 3807 2322 2796 2756 2796 2881 1136 3180
2796 2756 2796 2012 4973 2756 2796 2756 2796 2881 4080 4806 4431 911 3180 3180 3814 911 1136 3180
2756 2796 2756 2796 2881 4080 4806 4431 911 3180 3180 3814 911 1136 3180 3814 3807 2322 2796 2756
3180 3814 911 1136 4806 2323 3807 4806 2796 3109 1136 3180 3814 3807 2322 2796 3109 3180 4806 2756
2881 2796 2322 2796 2881 1136 4806 3814 3807 2881 1136 4080 2323 2796 2322 2796 3109 1136 4806 3814
2796 706 2796 2756 2796 2012 4973 706 2796 2756 2796 2756 2796 2012 4973 2756 2796 2756 2796 2881
4080 3814 911 1136 3180 3814 3807 2322 2796 2756 2796 2881 1136 4080 3814 3807 2881 3180 4080 2756
4806 2796 3109 1136 3180 3814 3807 2322 2796 3109 3180 4806 3814 3807 2756 2796 4431 2796 2881 3180
