286 484 294 313 326 286 220 270 220 310 185 162 264 439 346 480 107 439 346 172
484 294 313 326 162 162 313 326 286 220 270 220 310 185 172 264 439 452 172 221
220 122 185 172 270 107 439 452 480 107 439 346 172 163 452 480 105 452 346 172
172 163 346 480 122 185 346 480 374 185 395 480 374 185 395 480 374 185 395 480
452 221 480 374 452 122 330 172 163 452 480 286 220 374 185 452 172 374 330 172
220 310 346 162 264 105 221 172 106 105 106 172 374 185 106 172 105 452 452 172
162 220 286 270 484 294 313 326 286 220 220 310 452 162 264 439 452 374 221 439
310 185 162 264 439 452 480 107 439 346 172 163 395 480 439 452 452 480 105 452
270 484 294 313 326 286 220 220 310 185 162 264 439 452 374 107 439 452 172 163
326 286 220 270 220 122 185 172 264 105 346 172 107 105 395 172 163 395 172 105
374 185 270 310 185 162 264 439 346 480 107 439 346 172 163 395 480 105 452 221
452 452 172 374 452 346 172 374 185 270 310 185 162 264 439 346 480 107 439 346
162 313 326 286 220 270 220 310 185 162 264 439 185 480 107 439 185 172 163 395
480 107 122 346 172 163 395 480 105 452 452 480 143 330 143 330 105 452 452 480
270 484 294 313 326 162 162 313 326 286 220 270 220 310 346 162 264 439 452 480
484 294 313 326 220 122 185 172 264 439 346 172 221 439 346 172 163 395 480 105
220 270 220 310 185 162 264 439 452 480 221 439 346 172 163 395 480 105 452 346
313 326 220 143 330 143 330 286 220 484 220 310 185 172 264 105 346 172 221 105
346 480 105 452 172 163 452 480 374 185 452 480 374 185 395 480 374 185 395 480
452 480 221 439 346 172 163 221 480 105 452 221 480 105 452 452 480 105 452 172
105 452 172 106 221 172 374 185 452 172 374 185 106 172 374 185 395 172 374 185
172 374 185 452 480 143 330 143 330 172 163 395 480 143 330 143 330 172 163 395
346 172 270 105 346 346 172 374 346 143 330 143 330 172 163 346 172 374 185 346
172 122 452 172 163 452 480 374 185 452 172 374 185 395 480 374 185 395 172 374
220 270 286 484 294 313 326 286 220 270 220 122 185 172 264 105 346 172 107 105
270 220 310 185 162 264 439 185 480 107 439 185 172 163 395 480 105 185 395 172
452 452 172 374 452 346 172 374 185 270 310 185 162 264 439 346 480 107 439 346
326 162 162 313 326 286 220 270 220 310 346 162 264 439 452 480 107 439 346 172
163 346 172 374 185 346 172 143 330 143 330 172 163 395 172 286 220 374 185 395
294 313 326 162 162 313 326 286 220 270 220 310 185 162 264 439 185 480 107 439
452 480 122 452 286 220 172 163 264 480 122 185 221 480 143 330 143 330 172 163
330 143 330 105 452 452 480 122 452 286 220 172 163 264 480 122 185 221 480 143
313 326 286 220 270 220 310 185 162 264 105 221 172 106 105 395 172 374 185 395
264 439 452 172 107 439 452 172 163 346 480 374 452 452 374 374 452 452 172 374
480 270 105 452 452 172 439 452 172 163 264 172 122 185 346 480 374 185 395 172
346 172 163 221 480 105 452 221 480 105 452 452 480 105 452 172 163 452 480 374
330 143 330 286 220 484 220 310 185 162 264 105 346 172 221 105 221 172 163 395
326 286 220 220 310 185 162 264 439 452 374 107 439 452 172 163 346 480 374 452
286 220 172 163 264 480 122 185 221 480 143 330 143 330 172 163 395 480 374 185
439 346 172 163 395 172 105 452 395 172 122 452 395 172 122 452 172 163 264 172
105 452 346 172 122 452 172 163 264 172 122 185 346 480 374 185 395 172 374 185
286 220 270 220 310 185 162 264 439 452 480 221 439 346 172 163 395 480 105 452
220 220 220 122 185 172 270 107 439 452 480 107 439 346 172 163 452 480 105 452
162 264 439 346 480 107 439 346 172 163 395 172 105 452 395 480 105 452 346 172
286 270 484 294 313 326 286 220 220 310 185 162 264 439 452 374 107 439 452 172
163 452 480 286 220 374 185 452 172 143 330 172 163 221 480 143 330 172 163 221
172 106 122 106 172 374 185 106 172 105 452 452 172 105 452 221 172 105 452 172
439 185 480 107 439 185 172 163 395 480 105 185 395 172 122 185 185 172 439 185
326 270 286 220 220 310 185 162 264 439 346 452 122 439 346 172 163 452 172 105
286 270 484 294 313 326 220 143 330 143 330 286 220 220 220 310 185 172 264 105
326 286 220 270 220 122 185 172 264 439 346 480 107 439 346 172 163 395 172 105
294 313 326 286 220 220 310 185 162 264 439 452 374 107 439 452 172 163 346 480
172 163 395 172 105 452 395 480 105 452 346 172 439 452 172 163 452 480 374 185
172 106 221 172 374 185 452 172 374 185 106 172 374 185 106 172 374 185 106 172
346 172 163 395 172 105 452 395 480 105 452 346 172 439 452 172 163 452 480 374
452 172 163 452 480 122 185 452 172 374 185 395 480 374 185 395 172 374 185 395
294 313 326 270 286 220 220 310 185 162 264 439 346 452 122 439 346 172 163 452
270 310 185 162 264 439 346 480 107 439 346 172 163 395 480 105 452 221 480 105
220 122 294 330 330 286 220 270 143 330 143 330 220 122 185 172 264 122 185 480
163 395 480 439 452 452 480 105 452 346 480 105 452 172 163 346 480 374 185 346
395 480 105 452 221 480 105 452 346 172 122 452 172 163 452 480 122 185 346 172
313 326 270 286 220 220 310 185 162 264 439 346 452 105 439 346 172 163 452 172
480 122 452 172 163 346 172 374 185 452 480 143 330 143 330 172 163 395 480 143
330 172 163 346 172 374 185 346 172 143 330 143 330 172 163 395 172 286 220 374
480 107 122 346 172 163 395 480 105 452 452 480 143 330 143 330 105 452 452 480
484 294 313 326 286 220 220 310 185 162 264 439 452 480 221 439 346 172 163 395
107 439 346 172 163 395 480 105 452 221 480 105 452 270 346 480 105 452 172 163
162 264 439 185 480 107 439 185 172 163 395 480 105 185 395 172 122 185 185 172
395 172 105 452 346 172 122 452 172 163 264 172 374 185 346 480 374 185 395 172
172 374 185 106 172 105 452 452 172 105 452 221 172 105 452 172 106 221 172 374
221 172 106 122 106 172 374 185 106 172 105 452 452 172 105 452 221 172 105 452
107 439 346 172 163 395 480 105 452 221 480 105 452 346 172 122 452 172 163 452
439 452 172 163 346 480 122 452 452 172 374 452 452 172 374 452 270 310 185 162
395 480 439 452 452 480 105 452 346 480 105 452 172 163 346 480 374 185 346 480
162 264 439 346 480 107 439 346 172 163 395 172 105 452 395 480 105 452 346 172
172 163 395 480 105 185 395 172 122 185 185 172 439 185 172 163 185 172 122 185
313 326 162 162 313 326 286 220 270 220 310 185 162 264 439 185 480 107 439 185
107 439 346 172 163 395 172 105 452 346 480 122 452 452 172 105 452 172 163 346
105 452 221 480 374 452 410 330 172 163 452 480 286 220 374 185 452 172 374 330
480 107 439 346 172 163 395 480 105 452 221 480 105 452 452 480 105 452 172 163
480 105 452 221 480 286 220 270 105 452 452 480 122 452 172 163 452 480 374 185
480 105 452 346 172 143 220 330 286 105 452 221 480 374 452 122 330 172 163 452
313 326 286 220 220 310 185 162 264 439 346 480 107 439 346 172 163 395 480 105
439 346 172 163 221 480 105 452 221 480 105 452 452 480 105 452 172 163 452 480
294 313 326 220 143 330 143 330 286 220 220 220 310 185 172 264 105 346 172 221
185 162 264 439 346 480 107 439 346 172 163 395 480 105 452 221 480 105 452 452
484 294 313 326 286 220 270 220 310 185 162 264 122 185 480 107 439 346 172 163
172 163 395 480 105 452 395 480 270 105 452 452 172 439 452 172 163 264 172 374
294 313 326 286 220 220 310 185 162 264 439 452 374 107 439 452 172 163 346 480
220 270 286 484 294 313 326 162 162 313 326 286 220 220 220 122 185 172 270 107
452 452 480 105 452 172 163 264 480 374 185 346 480 286 220 122 185 395 480 374
313 326 286 220 220 310 185 162 264 439 452 480 221 439 346 172 163 221 480 105
452 452 172 374 185 270 310 185 162 264 439 346 480 107 439 346 172 163 395 480
185 172 264 439 346 480 107 439 346 172 163 395 172 105 452 346 480 122 452 452
452 452 480 105 452 346 480 105 452 172 163 346 480 374 185 346 480 374 185 395
172 163 395 480 105 452 395 480 270 105 452 452 172 439 452 172 163 264 172 374
286 270 484 294 313 326 220 122 185 172 264 439 346 172 221 439 346 172 163 395
270 220 310 185 162 264 439 185 480 107 439 185 172 163 395 480 105 185 395 172
220 310 185 162 264 439 346 480 107 439 346 172 163 395 480 105 452 221 480 105
221 439 346 172 163 221 480 105 452 221 480 105 452 452 480 105 452 172 163 452
185 172 264 122 185 480 107 122 346 172 163 395 480 105 452 452 480 143 330 143
294 313 326 270 286 220 220 310 185 162 264 439 346 452 122 439 346 172 163 452
270 220 310 346 162 264 105 221 172 106 105 106 172 374 185 395 172 105 452 452
220 270 105 452 452 480 122 452 172 163 452 480 374 185 452 480 374 185 395 480
270 220 310 185 162 264 439 346 480 107 439 346 172 163 395 172 105 452 395 480
346 480 107 439 346 172 163 395 480 105 452 221 480 105 452 270 346 480 105 452
172 163 221 480 105 452 221 480 105 452 452 480 105 452 172 163 452 480 374 185
221 480 105 452 395 172 122 452 172 163 452 480 374 185 452 172 374 185 395 480
270 220 310 185 162 264 122 185 480 107 439 346 172 163 395 172 105 452 395 172
313 326 162 162 313 326 286 220 270 220 310 346 162 264 439 452 480 107 439 346
484 294 313 326 286 220 220 310 185 162 264 439 346 480 107 439 346 172 163 395
220 220 310 185 162 264 439 452 480 221 439 346 172 163 221 480 105 452 221 480
172 106 221 172 374 185 452 172 374 185 106 172 374 185 106 172 374 185 106 172
172 163 395 480 105 452 221 480 105 452 346 172 105 452 172 163 452 480 143 185
162 313 326 286 220 220 220 122 185 172 270 107 439 452 480 107 439 346 172 163
452 395 172 122 452 395 172 122 452 172 163 264 172 374 185 452 172 374 185 395
105 452 346 480 105 452 172 163 346 480 374 185 346 480 374 185 395 480 374 185
172 122 452 395 172 122 452 172 163 264 172 374 185 452 172 374 185 395 172 374
480 107 439 346 172 163 395 480 105 452 221 480 105 452 452 480 105 452 172 163
452 395 480 270 105 452 452 172 439 452 172 163 264 172 374 185 346 480 374 185
221 439 346 172 163 395 480 105 452 221 480 105 452 395 172 122 452 172 163 452
172 374 346 143 330 143 330 172 163 346 172 374 185 346 172 143 330 143 330 172
172 105 452 172 163 346 480 374 185 346 480 374 185 395 480 374 185 395 480 374
326 286 220 270 220 122 185 172 264 439 346 480 107 439 346 172 163 395 172 105
220 270 286 484 294 313 326 286 220 220 310 185 162 264 439 452 480 221 439 346
439 346 172 163 395 480 105 452 221 480 105 452 395 172 122 452 172 163 452 480
105 452 452 172 105 452 221 172 105 452 172 106 221 172 374 185 452 172 374 185
107 439 346 172 163 395 480 105 452 221 480 105 452 270 346 480 105 452 172 163
452 480 143 330 143 330 105 452 452 480 122 452 286 220 172 163 264 480 122 185
172 105 346 346 172 270 105 346 346 172 374 346 143 330 143 330 172 163 346 172
286 220 220 310 185 162 264 439 346 346 122 439 346 172 163 452 172 105 452 395
270 286 484 294 313 326 162 162 313 326 286 220 220 220 122 185 172 270 107 439
172 163 452 480 143 185 346 172 374 185 346 480 374 185 221 480 374 185 395 172
172 107 439 346 172 163 452 480 105 452 346 480 143 330 143 330 105 452 452 480
270 286 484 294 313 326 286 220 270 220 310 185 162 264 122 185 480 107 439 346
264 122 185 480 107 439 346 172 163 395 172 105 452 395 172 122 452 395 172 122
270 105 346 346 172 122 346 143 330 143 330 172 163 346 172 374 185 346 172 143
484 220 310 185 162 264 105 346 172 221 105 221 172 163 395 172 105 346 346 172
264 105 346 172 221 105 185 172 163 395 172 105 346 346 172 270 105 346 346 172
270 220 286 484 294 313 326 220 122 346 330 330 286 220 270 143 330 143 330 220
326 286 220 220 310 185 162 264 439 346 480 107 439 346 172 163 395 480 105 452
286 270 484 294 313 326 220 143 330 143 330 286 220 220 220 310 185 172 264 105
221 439 346 172 163 221 480 105 452 221 480 105 452 452 480 105 452 172 163 452
480 122 185 221 480 143 330 143 330 172 163 395 480 374 185 221 480 143 330 143
172 439 185 172 163 185 172 122 185 346 172 374 185 395 172 374 185 395 172 374
172 163 395 172 105 452 395 480 105 452 346 172 439 452 172 163 452 480 374 185
452 172 163 346 480 122 185 346 480 374 185 395 480 374 185 395 480 374 185 395
270 220 122 185 172 264 439 346 480 107 439 346 172 163 395 172 105 452 346 480
326 286 220 270 220 122 185 172 264 439 346 480 107 439 346 172 163 395 172 105
162 264 439 452 480 221 439 346 172 163 395 480 105 452 346 480 105 452 452 480
172 163 395 480 105 452 395 480 270 105 452 452 172 439 452 172 163 264 172 374
172 163 395 480 105 452 221 480 105 452 270 346 480 105 452 172 163 452 480 374
270 143 330 143 330 220 122 185 172 264 122 185 480 107 122 346 172 163 395 480
220 220 310 185 162 264 439 452 480 221 439 346 172 163 221 480 105 452 221 480
105 452 395 480 270 105 452 452 172 439 452 172 163 264 172 122 185 346 480 374
106 172 105 452 452 172 105 452 221 172 105 452 172 106 221 172 374 185 452 172
162 313 326 286 220 270 220 310 346 162 264 439 452 480 107 439 346 172 163 395
439 346 172 107 439 346 172 163 395 480 105 452 221 480 105 452 346 172 105 452
439 346 172 163 395 480 105 452 221 480 105 452 395 172 122 452 172 163 452 480
439 346 480 107 439 346 172 163 395 172 105 452 346 480 122 452 346 172 105 452
172 163 221 480 105 452 221 480 105 452 452 480 105 452 172 163 452 480 374 185
172 484 294 313 326 286 220 220 310 185 162 264 439 452 480 221 439 346 172 163
162 264 439 346 480 107 439 346 172 163 395 480 105 452 221 480 105 452 270 346
172 105 452 172 163 346 480 374 185 346 480 374 185 395 480 374 185 395 480 374
220 220 122 185 162 264 439 346 172 107 439 346 172 163 452 480 105 452 452 480
220 286 270 484 294 313 326 220 143 330 143 330 286 220 220 220 310 185 172 264
220 270 286 484 294 313 326 286 220 270 220 310 185 162 264 439 452 480 221 439
452 221 480 105 452 452 480 105 452 172 163 452 480 374 185 346 172 374 185 395
220 270 220 220 122 185 162 264 439 346 172 107 439 346 172 163 452 480 105 452
162 220 270 286 484 294 313 326 162 162 313 326 286 220 270 220 310 185 162 264
122 185 221 480 143 330 143 330 172 163 395 480 374 185 221 480 143 330 143 330
395 480 105 452 221 480 105 452 346 172 122 452 172 163 452 480 122 185 346 172
105 452 346 172 105 452 172 163 452 480 143 185 346 172 374 185 346 480 374 185
172 163 395 480 105 452 452 480 143 330 143 330 105 452 452 480 122 452 286 220
346 172 221 439 346 172 163 395 480 105 452 221 480 286 220 270 105 452 452 480
346 172 107 439 346 172 163 395 480 105 452 221 480 105 452 346 172 122 452 172
452 452 480 105 452 172 163 264 480 374 185 346 480 286 220 122 185 395 480 374
395 480 105 452 346 172 439 452 172 163 452 480 374 185 346 480 374 185 395 172
480 105 452 270 346 480 105 452 172 163 452 480 374 185 452 480 374 185 395 480
395 480 105 452 221 480 105 452 346 172 122 452 172 163 452 480 122 185 346 172
264 122 185 480 107 122 346 172 163 395 480 105 452 452 480 143 330 143 330 105
220 270 220 310 185 162 264 439 346 480 107 439 346 172 163 395 172 105 452 395
162 264 439 185 480 107 439 185 172 163 395 480 105 185 395 172 122 185 185 172
346 172 163 452 172 105 452 395 172 105 452 346 172 122 452 172 163 264 172 374
294 313 326 286 220 220 310 185 162 264 439 452 374 107 439 452 172 163 346 480
346 162 264 122 221 172 106 105 106 172 374 185 106 172 105 452 452 172 105 452
326 162 162 313 326 286 220 270 220 310 185 162 264 439 185 480 107 439 185 172
105 452 395 172 105 452 346 172 122 452 172 163 264 172 374 185 346 480 374 185
270 220 310 185 172 264 439 452 172 221 439 346 172 163 395 480 105 452 221 480
185 270 310 185 162 264 439 346 480 107 439 346 172 163 395 480 105 452 221 480
330 172 163 346 172 374 185 346 172 143 330 143 330 172 163 395 172 286 220 374
294 313 326 286 220 220 310 185 162 264 439 452 374 107 439 452 172 163 346 480
143 330 143 330 286 220 484 220 310 185 162 264 105 346 172 221 105 221 172 163
452 480 105 452 172 163 452 480 374 185 346 172 374 185 395 480 374 185 395 172
122 185 172 270 107 439 346 480 107 439 346 172 163 452 480 105 452 346 172 143
480 270 105 452 452 172 439 452 172 163 264 172 122 185 346 480 374 185 395 172
270 220 310 185 162 264 439 452 480 221 439 346 172 163 395 480 105 452 346 480
326 286 220 270 220 310 185 162 264 439 346 480 107 439 346 172 163 395 172 105
480 105 452 221 480 105 452 270 346 480 105 452 172 163 452 480 374 185 452 480
480 143 330 143 330 105 452 452 480 122 452 286 220 172 163 264 480 122 185 221
452 480 221 439 346 172 163 395 480 105 452 395 480 270 105 452 452 172 439 452
480 107 122 346 172 163 395 480 105 452 452 480 143 330 143 330 105 452 452 480
172 163 346 480 122 185 346 480 374 185 395 480 374 185 395 480 374 185 395 480
264 122 185 480 107 122 346 172 163 395 480 105 452 452 480 143 330 143 330 105
185 172 264 439 346 480 107 439 346 172 163 395 172 105 452 346 480 122 452 452
264 439 346 480 107 439 346 172 163 395 172 105 452 395 480 105 452 346 172 439
172 163 346 480 122 185 346 480 374 185 395 480 374 185 395 480 374 185 395 480
163 452 172 105 452 395 172 105 452 346 172 122 452 172 163 264 172 374 185 346
286 220 270 220 122 185 172 264 105 346 172 107 105 395 172 163 395 172 105 452
346 172 107 439 346 172 163 395 480 105 452 221 480 105 452 346 172 122 452 172
326 286 220 270 220 310 185 162 264 122 185 480 107 439 346 172 163 395 172 105
452 452 480 105 452 172 163 264 480 374 185 346 480 286 220 122 185 395 480 374
220 122 185 172 264 105 346 172 106 105 395 172 163 395 172 105 452 395 172 105
220 270 286 484 294 313 326 286 220 270 220 310 185 162 264 439 346 480 107 439
484 294 313 326 220 122 346 330 330 286 220 270 143 330 143 330 220 122 185 172
220 286 484 294 313 326 220 346 346 330 330 286 220 270 143 330 143 330 220 122
172 107 439 346 172 163 346 480 122 452 452 172 374 452 452 172 374 452 270 310
264 439 346 172 221 439 346 172 163 395 480 105 452 221 480 286 220 270 105 452
185 395 172 122 185 185 172 439 185 172 163 185 172 122 185 346 172 374 185 395
313 326 286 220 270 220 310 185 162 264 122 185 480 107 439 346 172 163 395 172
143 330 105 452 452 480 122 452 172 163 346 172 374 185 452 480 143 330 143 330
452 172 163 452 480 122 185 452 480 374 185 395 480 374 185 395 480 374 185 395
480 122 452 172 163 346 172 374 185 452 480 143 330 143 330 172 163 395 480 143
264 439 452 480 107 439 346 172 163 395 480 439 452 452 480 105 452 346 480 105
480 105 452 270 346 480 105 452 172 163 452 480 374 185 452 480 374 185 395 480
294 313 326 286 220 270 220 122 185 172 264 105 346 172 107 105 395 172 163 395
484 294 313 326 286 220 270 220 122 185 172 264 439 346 480 107 439 346 172 163
105 452 395 172 105 452 346 172 122 452 172 163 264 172 374 185 346 480 374 185
105 452 452 172 105 452 221 172 105 452 172 106 221 172 374 185 452 172 374 185
220 286 220 270 220 220 122 346 162 264 439 346 172 107 439 346 172 163 452 480
286 484 294 313 326 286 220 220 310 185 162 264 439 452 480 221 439 346 172 163
172 270 107 439 346 480 107 439 346 172 163 452 480 105 452 346 172 143 220 330
162 220 270 286 484 294 313 326 270 286 220 220 310 185 162 264 374 346 452 105
270 220 122 185 172 264 439 346 480 107 439 346 172 163 395 172 105 452 346 480
326 162 162 313 326 286 220 220 220 122 185 172 270 107 439 452 480 107 439 346
439 346 172 163 395 480 105 452 221 480 286 220 270 105 452 452 480 122 452 172
286 220 270 220 310 185 162 264 439 185 480 107 439 346 172 163 395 480 105 346
172 106 221 172 374 185 452 172 374 185 106 172 374 185 106 172 374 185 106 172
221 480 374 452 122 330 172 163 452 480 286 220 374 185 452 172 374 330 172 163
439 346 172 163 346 480 105 452 346 480 143 330 143 330 105 452 452 480 122 452
105 452 452 480 105 452 346 480 105 452 172 163 346 480 374 185 346 480 374 185
122 185 172 264 439 346 480 107 439 346 172 163 395 172 105 452 346 480 105 452
484 294 313 326 286 220 270 220 310 185 162 264 122 185 480 107 439 346 172 163
264 439 346 480 107 439 346 172 163 395 480 105 452 221 480 105 452 270 346 480
221 480 105 452 221 480 105 452 452 480 105 452 172 163 452 480 374 185 346 172
172 163 395 480 439 452 452 480 105 452 346 480 105 452 172 163 346 480 374 185
172 270 105 346 346 172 122 346 143 330 143 330 172 163 346 172 374 185 346 172
294 313 326 270 286 220 220 310 185 162 264 439 346 452 122 439 346 172 163 452
452 346 172 143 220 330 286 105 452 221 480 374 452 143 330 172 163 452 480 286
452 480 105 452 346 172 143 220 330 286 105 452 221 480 374 452 122 330 172 163
330 143 330 105 452 452 480 122 452 286 220 172 163 264 480 122 185 221 480 143
122 452 172 163 346 172 374 185 452 480 143 330 143 330 172 163 395 480 143 330
220 484 220 310 185 162 264 105 346 172 221 105 221 172 163 395 172 105 452 346
105 452 270 346 480 105 452 172 163 452 480 374 185 452 480 374 185 395 480 374
395 172 105 452 395 480 105 452 346 172 439 452 172 163 452 480 374 185 346 480
452 395 480 270 105 452 452 172 439 452 172 163 264 172 374 185 346 480 374 185
185 172 163 185 172 122 185 346 172 374 185 395 172 374 185 395 172 374 185 395
162 313 326 286 220 286 220 270 220 220 122 185 162 264 439 346 172 107 439 346
105 452 452 480 122 452 172 163 452 480 374 185 452 480 374 185 395 480 374 185
330 286 105 452 221 480 374 452 143 330 172 163 452 480 286 220 374 185 452 172
452 221 480 105 452 395 172 122 452 172 163 452 480 374 185 452 172 374 185 395
310 185 162 264 439 346 480 107 439 346 172 163 395 172 105 452 395 480 105 452
330 286 220 270 143 330 143 330 220 122 185 172 264 122 185 480 107 122 452 172
162 264 439 452 480 221 439 346 172 163 395 480 105 452 395 480 270 105 452 452
439 346 172 107 439 346 172 163 346 480 105 452 452 480 143 330 143 330 105 452
270 484 294 313 326 162 162 313 326 286 220 270 220 310 185 172 264 439 452 172
286 220 220 310 185 162 264 439 346 480 107 439 346 172 163 395 480 105 452 221
172 163 452 480 122 185 452 172 374 185 395 480 374 185 395 172 374 185 395 172
480 107 439 346 172 163 395 172 105 452 346 480 122 452 346 172 105 452 172 163
122 185 480 107 439 346 172 163 395 172 105 452 395 172 122 452 395 172 122 452
330 330 286 220 270 143 330 143 330 220 122 185 172 264 122 185 480 107 122 452
313 326 162 162 313 326 286 220 270 220 310 185 162 264 439 185 480 107 439 185
105 452 452 480 122 452 172 163 452 480 374 185 452 480 374 185 395 480 374 185
270 286 484 294 313 326 286 220 270 220 310 185 162 264 439 346 480 107 439 346
105 452 395 172 105 452 346 172 122 452 172 163 264 172 374 185 346 480 374 185
346 172 374 185 346 172 143 330 143 330 172 163 395 172 286 220 374 185 395 172
105 452 395 172 105 452 395 172 122 452 172 163 264 172 374 185 452 172 374 185
439 452 480 107 439 346 172 163 395 480 439 452 452 480 105 452 346 480 105 452
105 452 221 480 286 220 270 105 452 452 480 122 452 172 163 452 480 374 185 452
439 452 480 107 439 346 172 163 395 480 439 452 452 480 105 452 346 480 105 452
452 221 172 105 452 172 106 221 172 374 185 452 172 374 185 395 172 374 185 106
122 221 172 106 105 106 172 374 185 106 172 105 452 452 172 105 452 221 172 105
264 439 452 172 221 439 346 172 163 395 480 105 452 221 480 105 452 395 172 122
439 452 172 221 439 346 172 163 395 480 105 452 221 480 105 452 395 172 122 452
452 172 439 452 172 163 264 172 122 185 346 480 374 185 395 172 374 185 395 172
172 264 439 346 172 221 439 346 172 163 395 480 105 452 221 480 286 220 270 105
452 480 107 439 346 172 163 395 480 439 452 452 480 105 452 346 480 105 452 172
452 395 172 122 452 395 172 122 452 172 163 264 172 374 185 452 172 374 185 395
346 172 163 395 480 439 452 452 480 105 452 346 480 105 452 172 163 452 480 374
313 326 162 162 313 326 286 220 270 220 310 185 172 264 439 452 172 221 439 346
107 439 346 172 163 395 172 105 452 346 480 122 452 452 172 105 452 172 163 346
270 286 484 294 313 326 286 220 270 220 310 185 162 264 122 185 480 107 439 346
143 330 105 452 452 480 122 452 172 163 346 172 374 185 452 480 143 330 143 330
294 313 326 220 122 185 172 264 439 346 172 221 439 346 172 163 395 480 105 452
270 220 310 185 162 264 439 452 480 107 439 346 172 163 395 480 439 452 452 480
107 439 346 172 163 395 172 105 452 346 480 122 452 452 172 105 452 172 163 346
220 310 185 162 264 439 452 374 107 439 452 172 163 346 480 374 452 452 374 374
122 185 172 270 107 439 346 480 107 439 346 172 163 452 480 105 452 346 172 143
172 163 395 172 105 452 346 480 122 452 346 172 105 452 172 163 346 480 374 185
286 484 294 313 326 286 220 220 310 185 162 264 439 452 480 221 439 346 172 163
162 220 286 270 484 294 313 326 286 220 220 310 452 162 264 439 452 374 221 439
286 484 294 313 326 162 162 313 326 286 220 220 220 122 185 172 270 107 439 452
220 220 310 185 162 264 439 346 346 122 439 346 172 163 452 172 105 452 395 172
439 346 172 107 439 346 172 163 346 480 105 452 452 480 143 330 143 330 105 452
452 221 480 374 452 122 330 172 163 452 480 286 220 374 185 452 172 374 330 172
143 330 143 330 220 122 185 172 264 122 185 480 107 122 346 172 163 395 480 105
264 439 346 172 107 439 346 172 163 395 480 105 452 221 480 105 452 346 172 105
105 452 346 480 105 452 172 163 346 480 374 185 346 480 374 185 395 480 374 185
264 439 452 480 107 439 346 172 163 395 480 439 452 452 480 105 452 346 480 105
220 270 220 310 185 162 264 122 185 480 107 439 346 172 163 395 172 105 452 395
313 326 162 162 313 326 286 220 270 220 310 346 162 264 439 452 480 107 439 346
172 374 185 270 310 185 162 264 439 346 480 107 439 346 172 163 395 480 105 452
313 326 286 220 270 220 122 185 172 264 105 346 172 107 105 395 172 163 395 172
172 105 452 221 172 105 452 172 106 221 172 374 185 452 172 374 185 106 172 374
107 439 185 172 163 395 480 105 185 395 172 122 185 185 172 439 185 172 163 185
484 294 313 326 162 162 313 326 286 220 270 220 310 185 172 264 439 452 172 221
220 310 185 172 264 439 452 172 221 439 346 172 163 395 480 105 452 221 480 105
310 185 162 264 439 452 374 107 439 452 172 163 346 480 374 452 452 374 374 452
220 122 185 172 264 439 346 480 107 439 346 172 163 395 172 105 452 346 480 105
286 484 294 313 326 286 220 270 220 310 185 162 264 122 185 480 107 439 346 172
439 346 480 107 439 346 172 163 395 172 105 452 395 480 105 452 346 172 439 452
294 313 326 162 162 313 326 286 220 270 220 310 185 162 264 439 185 480 107 439
185 185 172 439 185 172 163 185 172 122 185 346 172 374 185 395 172 374 185 395
107 439 346 172 163 452 480 105 452 346 172 143 220 330 286 105 452 221 480 374
313 326 286 220 270 220 122 185 172 264 105 346 172 107 105 395 172 163 395 172
162 220 286 270 484 294 313 326 162 162 313 326 286 220 270 220 310 452 162 264
185 162 264 439 346 480 107 439 346 172 163 395 172 105 452 395 480 105 452 346
452 172 105 452 395 172 105 452 346 172 122 452 172 163 264 172 374 185 346 480
452 172 163 346 480 122 452 452 172 374 452 452 172 374 452 270 310 185 162 264
294 313 326 286 220 220 310 185 162 264 439 452 480 221 439 346 172 163 395 480
220 286 484 294 313 326 220 346 346 330 330 286 220 270 143 330 143 330 220 122
220 162 162 484 172 484 294 313 326 286 220 220 310 185 162 264 439 452 480 221
172 221 439 346 172 163 395 480 105 452 221 480 105 452 395 172 122 452 172 163
439 452 172 163 346 480 122 452 452 172 374 452 452 172 374 452 270 310 185 162
310 185 162 264 439 452 374 107 439 452 172 163 346 480 374 452 452 374 374 452
313 326 286 220 220 310 185 162 264 439 452 480 221 439 346 172 163 395 480 105
221 480 105 452 395 172 122 452 172 163 452 480 374 185 452 172 374 185 395 480
220 270 220 310 185 162 264 439 185 480 107 439 185 172 163 395 480 105 185 395
163 346 172 374 185 346 172 143 330 143 330 172 163 395 172 286 220 374 185 395
346 172 163 395 480 439 452 452 480 105 452 346 480 105 452 172 163 452 480 374
480 107 439 346 172 163 395 480 439 452 452 480 105 452 346 480 105 452 172 163
346 172 105 452 172 163 452 480 143 185 346 172 374 185 346 480 374 185 221 480
122 439 346 172 163 452 172 105 452 395 172 105 452 346 172 122 452 172 163 264
395 480 105 452 221 480 105 452 270 346 480 105 452 172 163 452 480 374 185 452
264 439 346 480 107 439 346 172 163 395 480 105 452 221 480 105 452 452 480 105
452 346 172 105 452 172 163 452 480 143 185 346 172 374 185 346 480 374 185 221
330 143 330 286 220 484 220 310 185 162 264 105 346 172 221 105 221 172 163 395
330 286 220 270 143 330 143 330 220 122 185 172 264 122 185 480 107 122 452 172
270 286 484 294 313 326 286 220 270 220 310 185 162 264 439 452 480 221 439 346
162 220 270 286 484 294 313 326 162 162 313 326 286 220 220 220 122 185 172 270
185 480 107 439 185 172 163 395 480 105 185 395 172 122 185 185 172 439 185 172
346 172 163 395 480 105 452 221 480 286 220 270 105 452 452 480 122 452 172 163
122 185 480 107 122 346 172 163 395 480 105 452 452 480 143 330 143 330 105 452
452 221 480 105 452 395 172 122 452 172 163 452 480 374 185 452 172 374 185 395
286 484 294 313 326 286 220 270 220 122 185 172 264 439 346 480 107 439 346 172
185 172 163 395 480 105 185 395 172 122 185 185 172 439 185 172 163 185 172 122
439 346 480 107 439 346 172 163 395 480 105 452 221 480 105 452 270 346 480 105
220 310 185 162 264 439 452 480 107 439 346 172 163 395 480 439 452 452 480 105
105 346 172 106 105 395 172 163 395 172 105 346 395 172 122 346 346 172 105 452
395 480 105 185 395 172 122 185 185 172 439 185 172 163 185 172 122 185 346 172
163 395 172 105 346 346 172 270 122 346 346 172 374 346 143 330 143 330 172 163
452 480 105 452 172 163 264 480 374 185 346 480 286 220 122 185 395 480 374 185
105 452 395 480 105 452 346 172 439 452 172 163 452 480 374 185 346 480 374 185
107 122 346 172 163 395 480 105 452 452 480 143 330 143 330 105 452 452 480 122
346 480 105 452 172 163 346 480 374 185 346 480 374 185 395 480 374 185 395 480
162 162 220 270 270 286 484 294 313 326 220 122 346 330 330 286 220 270 143 330
294 313 326 286 220 270 220 310 185 162 264 439 452 480 221 439 346 172 163 395
326 286 220 286 220 270 220 220 122 346 162 264 439 346 172 107 439 346 172 163
439 346 172 163 395 480 105 452 221 480 105 452 452 480 105 452 172 163 264 480
286 220 270 220 122 185 172 264 439 346 172 107 439 346 172 163 395 480 105 452
452 480 122 452 172 163 452 480 374 185 346 480 374 185 395 172 374 185 395 172
264 105 346 172 221 105 185 172 163 395 172 105 346 346 172 270 105 346 346 172
484 294 313 326 220 122 185 172 264 439 346 172 221 439 346 172 163 395 480 105
185 172 264 105 346 172 106 105 395 172 163 395 172 105 346 395 172 122 452 346
105 452 346 172 122 452 172 163 264 172 122 185 346 480 374 185 395 172 374 185
452 452 172 374 185 270 310 185 162 264 439 346 480 107 439 346 172 163 395 480
480 105 452 346 172 105 452 172 163 452 480 143 185 346 172 374 185 346 480 374
484 294 313 326 286 220 220 310 185 162 264 439 346 480 107 439 346 172 163 395
452 346 172 439 452 172 163 452 480 374 185 346 480 374 185 395 172 374 185 395
105 452 270 346 480 105 452 172 163 452 480 374 185 452 480 374 185 395 480 374
313 326 286 220 220 310 185 162 264 439 452 374 107 439 452 172 163 346 480 374
480 105 452 452 480 143 330 143 330 105 452 452 480 122 452 286 220 172 163 452
220 270 286 484 294 313 326 286 220 270 220 310 185 162 264 439 346 480 107 439
326 286 220 270 220 310 185 162 264 439 452 480 221 439 346 172 163 395 480 105
220 310 185 162 264 122 185 480 107 439 346 172 163 395 172 105 452 395 172 122
346 452 122 439 346 172 163 452 172 105 452 395 172 105 452 346 172 122 452 172
105 452 221 480 105 452 270 346 480 105 452 172 163 452 480 374 185 452 480 374
452 395 172 122 346 346 172 122 346 172 163 264 172 374 185 346 172 374 185 395
172 264 439 346 172 221 439 346 172 163 395 480 105 452 221 480 286 220 270 105
346 172 374 346 143 330 143 330 172 163 346 172 374 185 346 172 143 330 143 330
346 172 163 395 480 105 452 221 480 105 452 395 172 122 452 172 163 452 480 374
264 122 185 480 107 122 346 172 163 395 480 105 452 452 480 143 330 143 330 105
310 185 162 264 122 185 480 107 439 346 172 163 395 172 105 452 395 172 122 452
310 185 162 264 439 452 480 221 439 346 172 163 221 480 105 452 221 480 105 452
162 220 270 270 286 484 294 313 326 220 122 346 330 330 286 220 270 143 330 143
220 270 220 310 185 162 264 439 346 480 107 439 346 172 163 395 172 105 452 395
452 452 172 105 452 221 172 105 452 172 106 221 172 374 185 452 172 374 185 106
452 452 480 105 452 346 480 105 452 172 163 346 480 374 185 346 480 374 185 395
162 220 270 286 484 294 313 326 286 220 270 220 122 185 172 264 105 346 172 107
172 163 395 172 105 452 395 480 105 452 346 172 439 452 172 163 452 480 374 185
220 286 270 484 294 313 326 286 220 270 220 310 185 172 264 105 221 172 106 105
330 143 330 220 122 185 172 264 122 185 480 107 122 346 172 163 395 480 105 452
143 220 330 286 105 452 221 480 374 452 143 330 172 163 452 480 286 220 374 185
220 270 220 220 122 185 162 264 439 346 172 107 439 346 172 163 452 480 105 452
346 172 439 452 172 163 452 480 374 185 346 480 374 185 395 172 374 185 395 480
452 346 480 105 452 452 172 105 452 172 163 346 480 374 185 346 480 374 185 395
220 286 270 484 294 313 326 220 143 330 143 330 286 220 220 220 310 185 172 264
220 330 286 105 452 221 480 374 452 143 330 172 163 452 480 286 220 374 185 452
326 286 220 270 220 310 185 162 264 122 185 480 107 439 346 172 163 395 172 105
162 162 313 326 286 220 270 220 310 346 162 264 439 452 480 107 439 346 172 163
452 395 172 122 452 172 163 264 172 374 185 452 172 374 185 395 172 374 185 395
143 330 220 122 185 172 264 122 185 480 107 122 346 172 163 395 480 105 452 452
346 172 163 346 480 105 452 452 480 143 330 143 330 105 452 452 480 122 452 172
346 480 107 439 346 172 163 395 480 105 452 221 480 105 452 452 480 105 452 172
270 220 310 185 162 264 439 452 480 221 439 346 172 163 395 480 105 452 346 480
294 313 326 162 162 313 326 286 220 220 220 122 185 172 270 107 439 452 480 107
346 162 264 122 221 172 106 105 106 172 374 185 106 172 105 452 452 172 105 452
172 374 185 452 480 143 330 143 330 172 163 395 480 143 330 143 330 172 163 395
221 480 105 452 270 346 480 105 452 172 163 452 480 374 185 452 480 374 185 395
220 270 220 220 122 185 162 264 439 346 172 107 439 346 172 163 452 480 105 452
185 162 264 439 452 480 107 439 346 172 163 395 480 439 452 452 480 105 452 346
452 480 122 452 172 163 452 480 374 185 346 480 374 185 395 172 374 185 395 172
310 346 162 264 105 221 172 106 105 106 172 374 185 106 172 105 452 452 172 105
452 480 107 439 346 172 163 452 480 105 452 346 172 143 220 330 286 105 452 221
480 122 452 286 220 172 163 264 480 122 185 221 480 143 330 143 330 172 163 395
162 220 286 270 484 294 313 326 286 220 270 220 310 346 172 264 105 221 172 106
326 286 220 220 310 346 162 264 439 452 480 221 439 346 172 163 395 480 105 452
326 162 162 313 326 286 220 270 220 310 185 162 264 439 185 480 107 439 185 172
439 346 172 163 395 480 105 452 346 480 105 452 452 480 122 452 172 163 452 480
452 172 163 346 480 122 452 452 172 374 452 452 172 374 452 270 310 185 162 264
294 313 326 162 162 313 326 286 220 220 220 122 185 172 270 107 439 452 480 107
452 480 105 452 172 163 452 480 374 185 346 172 374 185 395 480 374 185 395 172
484 294 313 326 220 122 185 172 264 439 346 172 221 439 346 172 163 395 480 105
346 480 107 439 346 172 163 395 172 105 452 395 480 105 452 346 172 439 452 172
185 162 264 439 346 480 107 439 346 172 163 395 172 105 452 395 480 105 452 346
220 286 484 294 313 326 220 346 346 330 330 286 220 270 143 330 143 330 220 122
480 122 185 221 480 143 330 143 330 172 163 395 480 374 185 221 480 143 330 143
484 294 313 326 162 162 313 326 286 220 270 220 310 185 162 264 439 185 480 107
313 326 220 105 346 330 330 286 220 270 143 330 143 330 220 122 185 172 264 122
105 452 346 480 105 452 452 480 122 452 172 163 452 480 374 185 346 480 374 185
264 122 185 480 107 122 346 172 163 395 480 105 452 452 480 143 330 143 330 105
439 346 480 107 439 346 172 163 395 172 105 452 395 480 105 452 346 172 439 452
185 172 264 439 346 172 221 439 346 172 163 395 480 105 452 221 480 286 220 270
452 480 105 452 346 172 143 220 330 286 105 452 221 480 374 452 122 330 172 163
452 480 105 452 346 480 105 452 172 163 346 480 374 185 346 480 374 185 395 480
452 346 172 374 346 143 330 143 330 172 163 346 172 374 185 346 172 143 330 143
313 326 220 105 346 330 330 286 220 270 143 330 143 330 220 122 185 172 264 122
172 270 107 439 346 480 107 439 346 172 163 452 480 105 452 346 172 143 220 330
286 220 270 220 310 185 162 264 122 185 480 107 439 346 172 163 395 172 105 452
452 452 480 105 452 346 480 105 452 172 163 346 480 374 185 346 480 374 185 395
452 480 221 439 346 172 163 395 480 105 452 395 480 270 105 452 452 172 439 452
162 313 326 286 220 286 220 270 220 220 122 185 162 264 439 346 172 107 439 346
395 480 105 452 346 172 439 452 172 163 452 480 374 185 346 480 374 185 395 172
439 346 480 107 439 346 172 163 395 480 105 452 221 480 105 452 452 480 105 452
480 105 185 395 172 122 185 185 172 439 185 172 163 185 172 122 185 346 172 374
452 480 105 452 346 172 143 220 330 286 105 452 221 480 374 452 122 330 172 163
172 105 452 395 172 105 452 346 172 122 452 172 163 264 172 374 185 346 480 374
172 106 122 106 172 374 185 106 172 105 452 452 172 105 452 221 172 105 452 172
264 439 346 480 107 439 346 172 163 395 480 105 452 221 480 105 452 452 480 105
346 480 107 439 346 172 163 395 172 105 452 346 480 122 452 346 172 105 452 172
452 452 480 105 452 346 480 105 452 172 163 346 480 374 185 346 480 374 185 395
105 452 346 172 143 220 330 286 105 452 221 480 374 452 143 330 172 163 452 480
220 270 220 310 185 172 264 439 452 172 221 439 346 172 163 395 480 105 452 221
480 107 439 346 172 163 452 480 105 452 346 172 143 220 330 286 105 452 221 480
162 313 326 286 220 270 220 310 346 162 264 439 452 480 107 439 346 172 163 395
484 294 313 326 286 220 270 220 310 185 162 264 105 221 172 106 105 395 172 374
105 452 346 172 439 452 172 163 452 480 374 185 346 480 374 185 395 172 374 185
105 452 346 480 105 452 452 480 122 452 172 163 452 480 374 185 346 480 374 185
313 326 286 220 220 310 185 162 264 439 452 374 107 439 452 172 163 346 480 374
346 480 107 439 346 172 163 395 480 105 452 221 480 105 452 452 480 105 452 172
480 107 439 346 172 163 395 480 105 452 221 480 105 452 270 346 480 105 452 172
143 330 220 122 185 172 264 122 185 480 107 122 346 172 163 395 480 105 452 452
220 310 185 162 264 439 346 346 122 439 346 172 163 452 172 105 452 395 172 105
162 220 286 270 484 294 313 326 220 143 330 143 330 286 220 220 220 310 185 172
143 330 105 452 452 480 122 452 172 163 346 172 374 185 452 480 143 330 143 330
439 346 172 163 346 480 105 452 346 480 143 330 143 330 105 452 452 480 122 452
286 220 220 310 185 162 264 439 452 480 221 439 346 172 163 395 480 105 452 395
163 395 172 105 346 395 172 122 346 346 172 122 452 172 163 264 172 374 185 346
221 172 105 452 172 106 221 172 374 185 452 172 374 185 106 172 374 185 106 172
330 286 220 484 220 310 185 162 264 105 346 172 107 105 346 172 163 395 172 105
452 172 439 452 172 163 264 172 122 185 346 480 374 185 395 172 374 185 395 172
326 162 162 313 326 286 220 270 220 310 346 162 264 439 452 480 107 439 346 172
105 452 221 480 105 452 270 346 480 105 452 172 163 452 480 374 185 452 480 374
122 185 480 107 439 346 172 163 395 172 105 452 395 172 122 452 395 172 122 452
163 395 480 105 185 395 172 122 185 185 172 439 185 172 163 185 172 122 185 346
107 439 346 172 163 395 480 105 452 221 480 105 452 452 480 105 452 172 163 264
172 163 395 480 105 452 346 480 105 452 452 480 122 452 172 163 452 480 374 185
346 172 163 395 172 105 452 395 480 105 452 346 172 439 452 172 163 452 480 374
105 452 395 172 105 452 346 172 122 452 172 163 264 172 374 185 346 480 374 185
162 162 313 326 286 220 220 220 122 185 172 270 107 439 452 480 107 439 346 172
172 105 452 346 172 122 452 172 163 264 172 122 185 346 480 374 185 395 172 374
326 286 220 270 220 310 185 162 264 439 346 480 107 439 346 172 163 395 172 105
439 452 480 221 439 346 172 163 395 480 105 452 395 480 270 105 452 452 172 439
220 286 220 270 220 220 122 346 162 264 439 346 172 107 439 346 172 163 452 480
220 286 270 484 294 313 326 220 143 330 143 330 286 220 220 220 310 185 172 264
163 395 480 105 452 221 480 105 452 395 172 122 452 172 163 452 480 374 185 452
163 395 172 105 452 395 172 122 452 395 172 122 452 172 163 264 172 374 185 452
310 185 162 264 439 346 480 107 439 346 172 163 395 480 105 452 221 480 105 452
480 105 452 221 480 105 452 346 172 122 452 172 163 452 480 122 185 346 172 374
122 346 172 163 395 480 105 452 452 480 143 330 143 330 105 452 452 480 122 452
