4861 4861 3339 3339 4861 4861 897 2652 1848 2652 3339 23 4608 1275 357 23 190 1433 357 4555
4861 897 2652 1848 2652 3339 1073 4608 1275 4748 1073 2699 1433 2418 4555 4608 3012 1073 1849 1881
2652 1848 2652 3339 1073 4608 1275 4748 1073 2699 1433 2418 4555 4608 3012 1073 1849 1881 1948 1073
1881 422 23 1849 1881 422 23 1849 1849 422 1849 3012 23 1849 4076 1073 4555 1849 4076 1073
4861 4861 3339 3339 4861 4861 897 2652 1848 2652 3339 23 4608 1275 4748 23 4608 1275 4748 4555
23 4608 4076 422 4608 3012 23 2699 4076 23 23 1849 4076 23 23 2699 4076 1073 23 2699
1848 554 4076 23 4608 1275 4748 23 1849 1433 4748 23 4608 3012 23 4608 1881 422 4555 2699
176 1275 4748 23 1275 1077 4748 23 176 3012 23 176 1881 422 23 176 1881 422 23 176
1077 4861 4861 897 2652 1848 2652 4076 23 4608 1275 1077 23 4608 1275 1077 23 4608 3012 23
3339 2652 1848 554 897 1911 1077 4861 4861 2652 4073 4073 3403 3403 897 2652 1848 4073 3403 4073
4861 4861 897 2652 1848 554 4076 23 1849 1275 4748 23 1849 1433 2418 4555 4608 3012 23 1849
4608 1275 2418 23 1849 1433 2418 4555 4608 3012 23 1849 1881 422 23 1849 1848 1881 422 23
4008 4608 3012 4008 4608 1881 1948 4008 2699 4282 3403 4282 3403 1881 1948 4008 1849 3339 1948 4608
2652 1848 1911 2652 4076 4008 4608 1275 4748 4008 4608 1433 4748 4008 4608 3012 4008 4608 1881 1948
4008 1849 3339 1948 4608 3012 4008 4608 4076 1073 4008 2699 4282 3403 4282 3403 4608 3012 4008 2699
4748 23 1275 1077 4748 23 176 3012 23 176 1881 422 23 176 1881 422 23 176 3339 422
1911 1077 4861 4861 897 2652 1848 2652 3339 23 4608 1275 1077 23 4608 1275 1077 23 4608 3012
4748 1073 2699 1433 2418 4555 4608 3012 1073 1849 1881 1948 1073 4608 1881 1948 4555 1849 4748 1948
23 4608 1881 422 23 4608 3339 422 4608 3012 23 4608 4076 1073 23 4608 4076 1073 23 4608
4303 4608 1275 2418 4303 1849 323 2418 323 4608 3012 4303 1849 1881 422 4303 4608 1848 1881 422
4555 4608 3012 23 2699 1881 422 323 2699 1881 422 23 4608 3339 422 4608 3012 23 4608 3339
23 4608 1275 1077 323 4608 1433 1077 23 4608 4076 1073 23 4608 1881 422 23 4608 1881 422
4748 422 23 190 1881 422 4555 190 3339 422 4608 3012 23 190 4076 1073 23 190 4076 1073
23 190 1881 422 4555 190 3339 422 4608 3012 23 190 4076 1073 23 190 4076 1073 23 190
4608 1275 2418 23 190 1433 357 4555 4608 3012 23 190 1881 422 23 190 1881 422 4555 190
1881 1948 4008 1849 3339 1948 4608 3012 4008 4608 4076 1073 4008 2699 4282 3403 4282 3403 4608 3012
1848 1911 1077 4861 4861 3339 3339 4861 4861 897 2652 1848 554 3339 23 4608 1275 357 23 4608
2652 4073 4073 3403 3403 897 2652 1848 4073 3403 4073 3403 554 4076 23 4608 1275 1077 23 2699
2418 323 4608 3012 4303 1849 1881 422 4303 4608 1848 1881 422 4303 4608 4748 422 4282 3403 4282
3403 897 2652 1911 2652 3339 4303 4608 1275 2418 4303 1849 323 2418 323 4608 3012 4303 1849 1881
3403 4282 3403 897 2652 1911 2652 3339 4303 4608 1275 2418 4303 1849 323 2418 323 4608 3012 4303
1073 1849 1881 1948 1073 4608 1881 1948 4555 1849 4748 1948 4608 3012 1073 4608 4076 1073 1073 4608
1849 1848 1881 422 23 1849 1849 422 4608 3012 23 4608 4076 1073 23 1849 4076 1073 23 4608
4861 4861 897 2652 2652 3339 23 4608 1275 2418 23 1849 1433 2418 4555 4608 3012 23 1849 1881
1881 422 23 4608 1881 422 23 4608 3339 422 4608 3012 23 4608 4076 1073 23 4608 4076 1073
1077 4861 4861 554 4076 1073 4608 1275 4748 1073 190 1433 4748 4555 4608 3012 1073 2699 1881 1948
1911 1077 4861 4861 897 2652 1848 2652 3339 23 4608 1275 2418 23 1849 1433 2418 4555 4608 3012
3012 23 2699 1881 422 323 2699 1881 422 23 4608 3339 422 4608 3012 23 4608 3339 1073 23
2652 897 2652 1848 1911 2652 4076 4008 4608 1275 4748 4008 4608 1433 4748 4008 4608 3012 4008 4608
3339 2652 1848 897 3403 1077 4861 4861 897 2652 1848 554 3339 23 4608 1275 4748 23 1849 1433
190 1433 357 4555 4608 3012 23 190 1881 422 23 190 1881 422 4555 190 3339 422 4608 3012
3339 1911 554 1911 4073 4861 4861 897 2652 2652 3339 23 4608 1275 357 4555 190 1433 2418 4555
1433 2418 4555 4608 3012 4555 190 1881 422 4303 190 1881 422 1848 4555 190 3339 422 4608 3012
23 1849 1881 422 4555 190 1881 422 23 190 3339 422 4608 3012 23 1849 4076 1073 4555 1849
4608 1881 422 23 4608 1881 422 23 4608 3339 422 4608 3012 23 4608 4076 1073 23 4608 4076
4861 4861 897 2652 1848 554 4076 23 1849 1275 4748 23 1849 1433 2418 4555 4608 3012 23 1849
897 1848 1911 1077 4861 4861 3339 3339 4861 4861 897 2652 1848 2652 4073 23 4608 1275 4748 23
1948 4608 3012 1073 4608 4076 1073 1073 4608 4076 1073 1073 4608 4076 1073 1073 4608 4076 1073 1073
4282 3403 4282 3403 1881 1948 4008 1849 3339 1948 4608 3012 4008 4608 4076 1073 4008 2699 4282 3403
2418 4303 1849 323 2418 323 4608 3012 4303 1849 1881 422 4303 4608 1848 1881 422 4303 4608 4748
1849 1433 2418 4555 4608 3012 23 1849 1881 422 23 1849 1848 1881 422 23 4608 1077 422 4608
3012 23 4608 1881 422 23 4608 1881 422 4555 4608 1849 422 4608 3012 23 4608 4076 1073 23
4303 4608 4748 422 4282 3403 4282 3403 4608 3012 4303 4608 4076 1073 4303 4608 4282 3403 4282 3403
1881 1948 23 190 3339 1948 4608 3012 23 1849 4076 1073 4555 1849 897 2652 4076 1073 1073 1849
23 1849 1849 422 4608 3012 23 4608 4076 1073 23 1849 4076 1073 23 4608 4076 1073 23 1849
4608 3012 23 1849 4076 1073 23 4608 4076 1073 23 2699 4076 1073 23 1849 4076 1073 23 4608
1433 2418 4555 4608 3012 323 1849 1881 1948 4303 1849 1881 1948 4008 1849 1849 1948 4608 3012 1073
4608 1275 2418 23 4608 323 2418 4555 4608 3012 4303 2699 1881 422 323 2699 1881 422 4303 4608
2652 897 1848 1911 3339 4861 4861 897 2652 554 3339 23 4608 1275 4748 23 2699 1433 2418 4555
1275 1077 422 4608 1433 1077 1073 1849 3012 4303 4608 1881 422 23 4608 4076 422 1073 4608 4076
3012 23 1849 897 2652 4076 1073 23 4608 4282 3403 4608 3012 323 4608 4282 3403 4608 3012 1073
4861 4861 897 2652 1848 2652 3339 1073 4608 1275 4748 1073 2699 1433 2418 4555 4608 3012 1073 1849
3012 23 1849 1881 1948 4555 1849 1881 1948 23 1849 3339 1948 4608 3012 23 1849 4076 1073 4555
23 1849 1433 2418 4555 4608 3012 23 1849 1881 422 23 1849 1881 422 23 1849 1849 422 1849
4608 1275 2418 23 190 1433 357 4555 4608 3012 23 190 1881 422 23 190 1881 422 4555 190
897 1911 1077 4861 4861 897 2652 1848 2652 3339 23 4608 1275 1077 23 4608 1275 1077 23 4608
897 1848 1073 1077 4861 4861 3339 3339 4861 4861 897 2652 1848 2652 3339 23 4608 1275 357 23
4608 1275 4748 23 2699 1433 2418 4555 4608 3012 23 190 1881 422 323 190 176 422 1848 4555
1433 2418 4555 4608 3012 23 1849 1881 422 23 1849 1881 422 23 1849 1849 422 1849 3012 23
23 4608 1275 2418 23 1849 1433 2418 4555 4608 3012 23 1849 1881 1948 4555 1849 1881 1948 23
3403 897 2652 1911 2652 3339 4303 4608 1275 2418 4303 1849 323 2418 323 4608 3012 4303 1849 1881
4076 4008 4608 1275 4748 4008 4608 1433 4748 4008 4608 3012 4008 4608 1881 1948 4008 2699 4282 3403
190 1881 422 4555 190 3339 422 4608 3012 23 190 4076 1073 23 190 4076 1073 23 190 4076
3012 23 176 1881 422 23 176 1881 422 23 176 1881 422 176 3012 23 176 4076 1073 4555
4076 1073 4008 2699 4282 3403 4282 3403 4608 3012 4008 2699 4282 3403 4282 3403 4608 3012 4008 4608
897 2652 554 3339 23 4608 1275 4748 23 2699 1433 2418 4555 4608 3012 23 190 1881 422 323
897 2652 1848 2652 3339 23 4608 1275 4748 23 4608 3339 4748 4555 4608 3012 23 2699 1881 422
1881 422 4555 190 3339 422 4608 3012 23 190 4076 1073 23 190 4076 1073 23 190 4076 1073
3339 2652 1848 897 1911 1077 4861 4861 897 2652 1848 554 3339 23 4608 1275 4748 23 1849 1433
1275 2418 4303 1849 323 2418 323 4608 3012 4303 1849 1881 422 4303 4608 1848 1881 422 4303 4608
4555 1849 1881 1948 23 190 3339 1948 4608 3012 23 1849 4076 1073 4555 1849 897 2652 4076 1073
1848 1911 2652 4076 4008 4608 1275 4748 4008 4608 1433 4748 4008 4608 3012 4008 4608 1881 1948 4008
3012 4303 1849 1881 422 4303 4608 1848 1881 422 4303 4608 4748 422 4282 3403 4282 3403 4608 3012
3339 4861 4861 897 2652 554 3339 23 4608 1275 4748 23 2699 1433 2418 4555 4608 3012 23 1849
1848 897 1911 1077 4861 4861 3339 3339 4861 4861 897 2652 1911 2652 3339 4303 4608 1848 1275 357
3339 4861 4861 897 2652 1848 2652 3339 23 4608 1275 357 23 190 1433 357 4555 4608 3012 23
1881 422 23 4608 1881 422 323 4608 3339 422 4608 3012 23 4608 4076 1073 23 4608 4076 1073
2652 3339 3339 1911 3339 1911 4073 4861 4861 897 2652 2652 3339 1073 4608 1275 357 4555 1849 1433
23 1849 1881 422 23 1849 1849 422 1849 3012 23 1849 4076 1073 4555 1849 4076 1073 23 1849
897 2652 1848 554 3339 4303 4608 1275 1077 1073 2699 1433 2418 4555 4608 3012 23 4608 1881 1948
1848 1275 2418 4303 4608 1433 4748 4555 4608 3012 4303 2699 1881 422 4555 4608 4282 2652 3403 897
4555 4608 3012 23 4608 1881 422 23 4608 1881 422 23 4608 3339 422 4608 3012 23 4608 4076
2652 897 2652 1848 1911 2652 4076 4008 4608 1275 4748 4008 4608 1433 4748 4008 4608 3012 4008 4608
1275 4748 23 4608 1433 4748 4555 4608 3012 23 2699 1881 422 323 2699 1881 422 23 4608 3339
4608 1433 1077 23 4608 4076 1073 23 4608 1881 422 23 4608 1881 422 323 4608 3339 422 4608
1948 4555 1849 4748 1948 4608 3012 1073 4608 4076 1073 1073 4608 4076 1073 1073 4608 4076 1073 1073
1433 4748 4008 4608 3012 4008 4608 1881 1948 4008 2699 4282 3403 4282 3403 1881 1948 4008 1849 3339
4861 3339 3339 4861 4861 897 2652 1848 554 3339 23 4608 1275 357 23 4608 554 357 4555 4608
23 4608 4076 1073 23 4608 1881 422 23 4608 1881 422 323 4608 3339 422 4608 3012 23 4608
4076 1073 4008 2699 4282 3403 4282 3403 4608 3012 4008 2699 4282 3403 4282 3403 4608 3012 4008 4608
2699 897 2652 1848 1881 1948 1073 2699 3339 1948 4608 3012 1073 190 4076 1073 23 2699 4076 1073
422 4555 2699 4076 422 23 4608 4076 422 4608 3012 23 2699 4076 23 23 1849 4076 1073 23
23 4608 1275 4748 23 4608 1433 4748 4555 4608 3012 23 2699 1881 422 323 2699 1881 422 23
3339 4303 4608 1848 1275 2418 4303 4608 1433 4748 4555 4608 3012 4303 2699 3339 422 4555 1849 4282
23 4608 1881 422 4555 4608 1849 422 4608 3012 23 4608 4076 1073 23 4608 4076 1073 23 4608
4555 1849 4748 1948 4608 3012 1073 4608 4076 1073 1073 4608 4076 1073 1073 4608 4076 1073 1073 4608
4608 3012 23 2699 1881 422 323 2699 1881 422 23 4608 3339 422 4608 3012 23 4608 3339 1073
422 1848 4555 190 3339 422 4608 3012 23 190 4076 1073 23 190 4076 1073 23 2699 4076 1073
1275 1077 23 1849 1433 2418 4555 4608 3012 23 1849 1881 422 23 1849 1881 422 23 1849 1849
4008 4608 1275 2418 4555 1849 1433 2418 4555 4608 3012 4303 1849 1881 1948 4303 1849 1881 1948 4008
4282 3403 4282 3403 554 4076 23 4608 1275 1077 23 2699 1433 1077 23 4608 3012 23 1849 1881
2418 4555 4608 3012 4303 2699 1881 422 4303 2699 1881 422 23 4608 3339 422 4608 3012 23 1849
23 4608 3339 4748 4555 4608 3012 23 2699 1881 422 323 2699 1881 422 23 4608 3339 422 4608
422 4608 3012 23 4608 4076 1073 23 4608 4076 1073 23 2699 4076 1073 323 1849 4076 1073 23
2699 1881 422 4555 190 4073 2652 3403 897 3339 422 323 190 3339 422 4073 3403 4608 3012 23
1911 3339 4861 4861 897 2652 554 3339 23 4608 1275 4748 23 2699 1433 2418 4555 4608 3012 23
1848 897 1911 1077 4861 4861 897 2652 1848 554 4076 23 1849 1275 4748 23 1849 1433 2418 4555
1077 4861 4861 1848 897 2652 2652 3339 23 176 1275 4748 23 1275 1077 4748 23 176 3012 23
1077 422 4608 1433 1077 1073 1849 3012 4303 4608 1881 422 23 4608 4076 422 1073 4608 4076 1073
2652 897 1848 1911 1077 4861 4861 3339 3339 4861 4861 897 2652 1848 2652 4073 23 4608 1275 4748
4748 23 1849 1433 4748 23 4608 3012 23 4608 1881 422 23 2699 4076 422 23 4608 4076 422
554 1848 897 1911 1077 4861 4861 897 554 1848 554 4076 23 4608 1275 4748 23 1849 1433 4748
554 1848 554 3339 23 4608 1275 1077 323 4608 1433 1077 23 4608 4076 1073 23 4608 1881 422
4861 3339 3339 4861 4861 897 2652 1848 554 3339 23 4608 1275 357 23 4608 554 357 4555 4608
1848 897 1911 1077 4861 4861 897 2652 1848 2652 3339 23 4608 1275 1077 23 4608 1275 1077 23
1275 2418 4555 1849 1433 2418 4555 4608 3012 4303 1849 1881 1948 4303 1849 1881 1948 4008 1849 1849
1275 1077 4748 23 176 3012 23 176 1881 422 23 176 1881 422 23 176 3339 422 176 3012
4608 1881 1948 4008 2699 4282 3403 4282 3403 1881 1948 4008 1849 3339 1948 4608 3012 4008 4608 4076
1275 1077 23 1849 1433 2418 4555 4608 3012 23 1849 1881 422 23 1849 1881 422 23 1849 1849
1881 1948 4555 1849 4748 1948 4608 3012 1073 4608 4076 1073 1073 4608 4076 1073 1073 4608 4076 1073
1077 23 2699 1433 1077 23 4608 3012 23 1849 1881 422 23 2699 4282 3403 4282 3403 1881 1948
23 4608 1881 422 23 4608 1881 422 323 4608 3339 422 4608 3012 23 4608 4076 1073 23 4608
1433 1077 23 4608 4076 1073 23 4608 1881 422 23 4608 1881 422 323 4608 3339 422 4608 3012
23 176 3012 23 176 1881 422 23 176 1881 422 23 176 3339 422 176 3012 23 176 4076
1849 3339 1948 4608 3012 4008 4608 4076 1073 4008 2699 4282 3403 4282 3403 4608 3012 4008 2699 4282
4608 1275 2418 23 190 1433 357 4555 4608 3012 23 190 1881 422 23 190 1881 422 4555 190
1077 4861 4861 897 554 1848 2652 3339 23 4608 1275 1077 323 4608 1433 1077 23 4608 4076 1073
1911 1077 4861 4861 3339 3339 4861 4861 897 2652 1848 2652 3339 23 4608 1275 357 23 190 1433
4282 3403 554 4076 23 4608 1275 1077 23 2699 1433 1077 23 4608 3012 23 1849 1881 422 23
897 1848 3403 1077 4861 4861 897 554 554 3339 4303 4608 1275 1077 422 4608 23 1077 1073 1849
190 1881 422 1848 4555 190 3339 422 4608 3012 23 190 4076 1073 23 190 4076 1073 23 2699
4861 4861 897 2652 1848 554 3339 23 4608 1275 2418 23 4608 323 2418 4555 4608 3012 23 2699
554 4076 23 4608 1275 1077 23 2699 1433 1077 23 4608 3012 23 1849 1881 422 23 2699 4282
1848 1433 1077 4861 4861 3339 3339 4861 4861 897 2652 1848 2652 3339 23 4608 1275 357 23 190
4748 422 23 190 1881 422 4555 190 3339 422 4608 3012 23 190 4076 1073 23 190 4076 1073
4608 3012 4008 4608 1881 1948 4008 2699 4282 3403 4282 3403 1881 1948 4008 1849 3339 1948 4608 3012
4555 1849 1881 422 23 1849 3339 422 4608 3012 23 1849 4076 1073 4555 1849 4076 1073 23 4608
3339 23 4608 1275 2418 23 4608 323 2418 4555 4608 3012 23 2699 1881 422 323 2699 1881 422
4282 3403 4282 3403 897 2652 1911 2652 3339 4303 4608 1275 2418 4303 1849 323 2418 323 4608 3012
2699 1433 1077 23 4608 3012 23 190 1881 422 23 2699 4282 3403 4282 3403 1881 422 23 2699
1077 4861 4861 897 554 1848 2652 3339 23 4608 1275 1077 323 4608 1433 1077 23 4608 4076 1073
4608 1881 422 23 4608 1881 422 23 4608 3339 422 4608 3012 23 4608 4076 1073 23 4608 4076
1848 897 2652 2652 3339 23 176 1275 4748 23 1275 1077 4748 23 176 3012 23 176 1881 422
4303 1848 3339 1073 4608 1275 2418 23 1849 1433 2418 4555 4608 3012 23 1849 1881 1948 4555 1849
4608 1881 1948 4008 2699 4282 3403 4282 3403 1881 1948 4008 1849 3339 1948 4608 3012 4008 4608 4076
1849 1848 1881 422 23 1849 1849 422 4608 3012 23 4608 4076 1073 23 1849 4076 1073 23 4608
23 4608 4076 422 4608 3012 23 2699 4076 23 23 1849 4076 23 23 2699 4076 1073 23 2699
1077 323 4608 1433 1077 23 4608 4076 1073 23 4608 1881 422 23 4608 1881 422 323 4608 3339
422 897 2652 4608 3012 23 2699 3339 1073 23 1849 4073 3403 4073 3403 3339 3012 23 2699 4076
23 1849 1848 1881 422 23 1849 1077 422 4608 3012 23 4608 4076 1073 23 1849 4076 1073 23
23 190 1881 422 23 190 1881 422 4555 190 3339 422 4608 3012 23 190 4076 1073 23 190
323 1849 1881 1948 323 1849 1881 1948 4008 1849 1849 1948 4608 3012 4555 1849 3339 1073 4555 1849
422 23 4608 3339 422 4608 3012 23 4608 4076 1073 23 4608 4076 1073 23 4608 4076 1073 23
4861 897 2652 554 3339 4303 4608 1275 1077 1948 4608 1433 1077 1073 190 3012 4303 4608 1881 1948
4861 4861 897 2652 1848 2652 3339 1073 4608 1275 4748 1073 2699 1433 2418 4555 4608 3012 1073 1849
422 4608 3012 4555 190 4076 1073 23 190 4076 1073 23 2699 4076 1073 23 190 4076 1073 23
3339 3339 2652 1848 554 897 1911 1077 4861 4861 2652 4073 4073 3403 3403 897 2652 1848 4073 3403
1881 1948 4008 2699 4282 3403 4282 3403 1881 1948 4008 1849 3339 1948 4608 3012 4008 4608 4076 1073
2652 4076 23 1849 1275 4748 23 1849 1433 2418 4555 4608 3012 23 1849 1881 422 23 1849 1881
3339 23 4608 1275 2418 23 4608 323 2418 4555 4608 3012 23 2699 1881 422 323 2699 1881 422
4608 3012 23 2699 4076 1073 23 190 4282 3403 4073 3403 3339 3012 23 2699 4076 1073 323 2699
4555 4608 3012 4555 190 1881 422 323 190 176 422 1848 4555 190 3339 422 4608 3012 4555 1849
4608 1275 2418 23 1849 1433 2418 4555 4608 3012 23 1849 1881 422 23 1849 1848 1881 422 23
2652 897 1848 3403 1077 4861 4861 897 554 554 3339 4303 4608 1275 1077 422 4608 1275 1077 1073
1911 4861 4861 897 2652 1848 554 4076 23 1849 1275 4748 23 1849 1433 2418 4555 4608 3012 23
4861 897 2652 2652 3339 1073 4608 1275 2418 4555 1849 1433 2418 4555 4608 3012 4303 1849 1881 1948
1077 23 4608 1275 1077 23 4608 3012 23 4608 1881 422 23 4608 1881 422 4555 4608 1849 422
897 2652 897 2652 1848 1911 2652 4076 4008 4608 1275 4748 4008 4608 1433 4748 4008 4608 3012 4008
3339 4861 4861 897 2652 1848 554 3339 23 4608 1275 357 23 4608 323 357 4555 4608 3012 4303
4608 3012 23 4608 1881 422 23 4608 1881 422 23 4608 3339 422 4608 3012 23 4608 4076 1073
4608 1275 4748 23 4608 3339 4748 4555 4608 3012 23 2699 1881 422 323 2699 1881 422 23 4608
3012 23 190 1881 422 23 2699 4073 3403 4073 3403 1881 422 23 2699 3339 422 897 2652 4608
4861 4861 897 2652 1848 554 3339 23 4608 1275 1077 1073 2699 1433 2418 4555 4608 3012 23 4608
1911 1077 4861 4861 2652 4282 3403 4282 3403 897 2652 1911 2652 3339 4303 4608 1275 1077 4303 4608
897 2652 2652 3339 1073 4608 1275 1077 1948 4608 1433 1077 1073 1849 3012 4303 4608 1881 1948 23
3339 23 4608 1275 4748 23 4608 1433 4748 4555 4608 3012 23 2699 1881 422 323 2699 1881 422
4608 3012 23 190 1881 422 23 2699 4073 3403 4073 3403 1881 422 23 2699 3339 422 897 2652
2699 1433 2418 4555 4608 3012 23 190 1881 422 4303 190 1881 422 1848 23 190 3339 422 4608
4076 4303 4608 1275 2418 4303 1849 323 2418 323 4608 3012 4303 1849 1881 422 4303 4608 1848 1881
4608 1275 2418 4303 1849 323 2418 323 4608 3012 4303 1849 1881 422 4303 4608 1848 1881 422 4303
4608 1881 422 23 4608 4076 422 1073 4608 4076 4303 1848 3339 1073 4608 1275 2418 23 1849 1433
4076 4303 4608 1275 2418 4303 1849 323 2418 323 4608 3012 4303 1849 1881 422 4303 4608 1848 1881
4608 3339 4748 4555 4608 3012 23 2699 1881 422 323 2699 1881 422 23 4608 3339 422 4608 3012
422 23 4608 4076 4303 1848 3339 1073 4608 1275 2418 23 1849 1433 2418 4555 4608 3012 23 1849
1275 4748 23 4608 1433 4748 4555 4608 3012 23 2699 1881 422 323 2699 1881 422 23 4608 3339
4608 1881 1948 4008 2699 4282 3403 4282 3403 1881 1948 4008 1849 3339 1948 4608 3012 4008 4608 4076
2699 4282 3403 4282 3403 1881 1948 4008 1849 3339 1948 4608 3012 4008 4608 4076 1073 4008 2699 4282
1275 1077 1073 2699 1433 2418 4555 4608 3012 23 4608 1881 422 23 4608 1881 422 23 4608 3339
23 2699 1433 1077 23 4608 3012 23 1849 1881 422 23 2699 4282 3403 4282 3403 1881 422 23
1881 422 23 1849 1849 422 4608 3012 23 1849 4076 1073 4555 1849 4076 1073 23 4608 4076 1073
4555 1849 1881 1948 23 190 3339 1948 4608 3012 23 1849 4076 1073 4555 1849 897 2652 4076 1073
23 1849 1433 2418 4555 4608 3012 23 1849 1881 422 23 1849 1848 1881 422 23 4608 1077 422
323 1849 3339 422 4073 3403 4608 3012 23 1849 897 554 4076 1073 23 4608 4282 3403 4608 3012
422 4608 3012 23 4608 4076 1073 23 4608 4076 1073 23 2699 4076 1073 323 1849 4076 1073 23
1911 3339 4861 4861 897 2652 2652 3339 1073 4608 1275 2418 4555 1849 1433 2418 4555 4608 3012 4303
1849 1881 1948 1073 4608 1881 1948 4555 1849 4748 1948 4608 3012 1073 4608 4076 1073 1073 4608 4076
4076 23 4608 1275 4748 23 2699 1433 2418 4555 4608 3012 23 190 1881 422 323 190 176 422
23 4608 1275 2418 23 4608 323 2418 4555 4608 3012 23 2699 1881 422 323 2699 1881 422 4303
4748 1948 4608 3012 1073 4608 4076 1073 1073 4608 4076 1073 1073 4608 4076 1073 1073 4608 4076 1073
422 323 2699 1881 422 23 4608 3339 422 4608 3012 23 4608 3339 1073 23 4608 4076 1073 23
3012 4303 4608 4076 1073 4303 4608 4282 3403 4282 3403 4608 3012 4303 4608 897 2652 4076 1073 4303
1881 1948 1073 4608 1881 1948 4555 1849 4748 1948 4608 3012 1073 4608 4076 1073 1073 4608 4076 1073
1911 1077 4861 4861 897 2652 2652 3339 23 4608 1275 2418 23 1849 1433 2418 4555 4608 3012 23
23 4608 1275 1077 323 4608 1433 1077 23 4608 4076 1073 23 4608 1881 422 23 4608 1881 422
2699 4282 3403 4282 3403 1881 422 23 2699 3339 422 897 2652 3339 3012 23 2699 3339 1073 23
4861 4861 897 554 897 2652 1848 1911 554 3339 4008 4608 1275 4748 4008 4608 1433 4748 4008 4608
4076 4008 4608 1275 4748 4008 4608 1433 4748 4008 4608 3012 4008 4608 1881 1948 4008 2699 4282 3403
1073 2699 1433 2418 4555 4608 3012 1073 1849 1881 1948 1073 4608 1881 1948 4555 1849 4748 1948 4608
23 4608 1275 1077 23 2699 1433 1077 23 4608 3012 23 1849 1881 422 23 2699 4282 3403 4282
4748 422 23 190 1881 422 4555 190 3339 422 4608 3012 23 190 4076 1073 23 190 4076 1073
4008 1849 3339 1948 4608 3012 4008 4608 4076 1073 4008 2699 4282 3403 4282 3403 4608 3012 4008 2699
3339 2652 1848 897 3403 1077 4861 4861 897 2652 1848 2652 3339 23 4608 1275 2418 23 1849 1433
1849 1881 422 23 2699 4282 3403 4073 3403 1881 422 23 2699 3339 422 897 2652 3339 3012 23
4608 3012 4303 1849 1881 422 4303 4608 1848 1881 422 4303 4608 4748 422 4282 3403 4282 3403 4608
23 176 1881 422 23 176 3339 422 176 3012 23 176 4076 1073 23 1849 4076 1073 23 1849
4608 1275 1077 1073 2699 1433 2418 4555 4608 3012 23 4608 1881 422 23 4608 1881 422 23 4608
3339 2652 1848 897 1911 1077 4861 4861 1848 897 2652 2652 3339 23 176 1275 4748 23 1275 1077
422 23 1849 1849 422 4608 3012 23 4608 4076 1073 23 1849 4076 1073 23 4608 4076 1073 23
3339 2652 1848 554 897 1911 1077 4861 4861 2652 4073 4073 3403 3403 897 2652 1848 4073 3403 4073
2652 1848 2652 3339 23 4608 1275 2418 23 1849 1433 2418 4555 4608 3012 23 1849 1881 1948 4555
897 2652 1848 2652 4076 23 4608 1275 1077 23 4608 1275 1077 23 4608 3012 23 4608 1881 422
4076 422 23 4608 4076 422 4608 3012 23 2699 4076 23 23 1849 4076 23 23 2699 4076 1073
3339 4861 4861 897 2652 2652 3339 1073 4608 1275 2418 4555 1849 1433 2418 4555 4608 3012 4303 1849
2652 1848 897 3403 1077 4861 4861 897 2652 1848 554 1077 23 1849 1275 4748 23 1849 1433 2418
1433 2418 4555 4608 3012 23 1849 1881 1948 4555 1849 1881 1948 23 1849 3339 1948 4608 3012 23
1073 190 1433 4748 4555 4608 3012 1073 2699 1881 1948 323 2699 897 2652 1848 1881 1948 1073 2699
4861 897 2652 1848 554 4076 23 1849 1275 4748 23 1849 1433 2418 4555 4608 3012 23 1849 1881
897 554 1848 554 3339 23 4608 1275 1077 323 4608 1433 1077 23 4608 4076 1073 23 4608 1881
4608 3339 422 4608 3012 23 1849 4076 1073 23 4608 4076 1073 23 2699 4076 1073 23 1849 4076
4608 1433 1077 1073 1849 3012 3403 4608 1881 422 23 4608 4076 422 1073 4608 4076 1073 1848 3339
422 23 2699 3339 422 897 2652 4608 3012 23 2699 4076 1073 23 1849 4282 3403 4073 3403 4608
4748 1073 2699 1433 2418 4555 4608 3012 1073 1849 1881 1948 1073 4608 1881 1948 4555 1849 4748 1948
4608 1433 4748 4008 4608 3012 4008 4608 1881 1948 4008 2699 4282 3403 4282 3403 1881 1948 4008 1849
897 2652 1911 554 3339 4303 4608 1848 1275 2418 4303 4608 1433 4748 4555 4608 3012 4303 2699 176
4748 23 1275 1077 4748 23 176 3012 23 176 1881 422 23 176 1881 422 23 176 3339 422
897 2652 1848 2652 3339 1073 4608 1275 4748 1073 2699 1433 2418 4555 4608 3012 1073 1849 1881 1948
3339 2652 1848 897 1911 1077 4861 4861 897 2652 1848 2652 3339 23 4608 1275 1077 23 4608 1275
1077 4861 4861 3339 3339 4861 4861 897 2652 1848 554 3339 23 4608 1275 357 23 4608 554 357
4608 1275 1077 323 4608 1433 1077 23 4608 4076 1073 23 4608 1881 422 23 4608 1881 422 323
1433 2418 4555 4608 3012 1073 1849 1881 1948 1073 4608 1881 1948 4555 1849 4748 1948 4608 3012 1073
2652 1848 554 4076 23 1849 1275 4748 23 1849 1433 2418 4555 4608 3012 23 1849 1881 422 23
4608 3012 23 1849 1881 422 23 1849 1848 1881 422 23 1849 1849 422 4608 3012 23 4608 4076
4608 1275 1077 23 4608 3012 23 4608 1881 422 23 4608 1881 422 4555 4608 1849 422 4608 3012
1948 4608 3012 4008 4608 4076 1073 4008 2699 4282 3403 4282 3403 4608 3012 4008 2699 4282 3403 4282
554 3339 4303 4608 1275 1077 1073 2699 1433 2418 4555 4608 3012 23 4608 1881 422 23 4608 1881
23 176 3012 23 176 1881 422 23 176 1881 422 23 176 3339 422 176 3012 23 176 4076
1881 1948 4008 1849 1849 1948 4608 3012 1073 1849 3339 1073 4555 1849 4076 1073 23 1849 4076 1073
1077 4748 23 176 3012 23 176 1881 422 23 176 1881 422 23 176 3339 422 176 3012 23
4555 4608 3012 23 1849 1881 1948 4555 1849 1881 1948 23 1849 3339 1948 4608 3012 23 1849 4076
3403 897 3339 422 323 190 3339 422 4073 3403 4608 3012 23 1849 897 554 3339 1073 23 4608
2699 1881 422 323 2699 1881 422 23 4608 3339 422 4608 3012 23 4608 3339 1073 23 4608 4076
3012 4303 1849 1881 422 4303 4608 1848 1881 422 4303 4608 4748 422 4282 3403 4282 3403 4608 3012
3339 3339 4861 4861 897 2652 1848 2652 3339 23 4608 1275 4748 23 4608 1275 4748 4555 4608 3012
1848 4282 3403 4282 3403 554 4076 23 4608 1275 1077 23 2699 1433 1077 23 4608 3012 23 1849
1848 897 1911 1077 4861 4861 897 2652 554 3339 23 4608 1275 2418 23 1849 1433 2418 4555 4608
1275 2418 23 4608 323 2418 4555 4608 3012 4303 2699 1881 422 323 2699 1881 422 4303 4608 3339
1077 23 4608 3012 23 4608 1881 422 23 4608 1881 422 4555 4608 1849 422 4608 3012 23 4608
1077 4861 4861 3339 3339 4861 4861 897 2652 1848 2652 3339 1073 4608 1275 4748 1073 2699 1433 357
2652 1848 2652 4076 23 4608 1275 1077 23 4608 1275 1077 23 4608 3012 23 4608 1881 422 23
897 2652 1848 1881 1948 1073 2699 3339 1948 4608 3012 1073 190 4076 1073 23 2699 4076 1073 23
2699 1433 1077 23 4608 3012 23 190 1881 422 23 2699 4282 3403 4282 3403 1881 422 23 2699
897 1848 3403 1077 4861 4861 897 554 554 3339 4303 4608 1275 1077 422 4608 23 1077 1073 1849
23 4608 4076 1073 23 4608 1881 422 23 4608 1881 422 323 4608 3339 422 4608 3012 23 4608
1433 4748 4008 4608 3012 4008 4608 1881 1948 4008 2699 4282 3403 4282 3403 1881 1948 4008 1849 3339
1881 1948 23 190 3339 1948 4608 3012 23 1849 4076 1073 4555 1849 897 2652 4076 1073 1073 1849
4608 4748 422 4282 3403 4282 3403 4608 3012 4303 4608 4076 1073 4303 4608 4282 3403 4282 3403 4608
3339 2652 1848 897 1911 1077 4861 4861 897 2652 1848 554 3339 23 4608 1275 1077 1073 2699 1433
23 176 1881 422 23 176 1881 422 23 176 3339 422 176 3012 23 176 4076 1073 4555 1849
1275 2418 4555 1849 1433 2418 4555 4608 3012 4303 1849 1881 1948 4303 1849 1881 1948 4008 1849 1849
2652 4076 23 1849 1275 4748 23 1849 1433 2418 4555 4608 3012 23 1849 1881 422 23 1849 1881
422 23 2699 3339 422 897 2652 4608 3012 23 2699 4076 1073 23 1849 4282 3403 4073 3403 4608
23 4608 3012 23 4608 3339 422 23 2699 1881 422 23 4608 4076 422 4608 3012 23 2699 4076
1275 2418 23 1849 1433 2418 4555 4608 3012 23 1849 1881 422 4555 1849 1881 422 23 1849 3339
4282 3403 4608 3012 4303 4608 4076 1073 4303 4608 4282 3403 4282 3403 4608 3012 4303 4608 897 2652
1077 422 4608 1433 1077 1073 1849 3012 4303 4608 1881 422 23 4608 4076 422 1073 4608 4076 1073
422 23 176 1881 422 23 176 3339 422 176 3012 23 176 4076 1073 23 1849 4076 1073 23
1881 422 4303 4608 3339 422 4608 3012 23 1849 4076 1073 23 4608 4076 1073 23 2699 4076 1073
1275 4748 1073 2699 1433 2418 4555 4608 3012 1073 1849 1881 1948 1073 4608 1881 1948 4555 1849 4748
4608 3012 23 190 1881 422 23 2699 4073 3403 4073 3403 1881 422 23 2699 3339 422 897 2652
3012 1073 2699 1881 1948 323 2699 897 554 1848 1881 1948 1073 2699 3339 1948 4608 3012 1073 1849
23 1849 1275 1077 23 1849 1433 2418 4555 4608 3012 23 1849 1881 422 23 1849 1881 422 23
422 4303 4608 1848 1881 422 4303 4608 4748 422 4282 3403 4282 3403 4608 3012 4303 4608 4076 1073
190 1433 357 4555 4608 3012 23 190 1881 422 23 190 1881 422 4555 190 3339 422 4608 3012
4861 4861 897 2652 1848 2652 3339 23 4608 1275 357 23 190 1433 2418 4555 4608 3012 23 190
1275 2418 4303 1849 323 2418 323 4608 3012 4303 1849 1881 422 4303 4608 1848 1881 422 4303 4608
190 1433 4748 4555 4608 3012 1073 2699 1881 1948 323 2699 897 2652 1848 1881 1948 1073 2699 3339
2652 1848 2652 3339 1073 4608 1275 4748 1073 2699 1433 2418 4555 4608 3012 1073 1849 1881 1948 1073
4555 4608 3012 23 1849 1881 422 23 1849 1848 1881 422 23 1849 1849 422 4608 3012 23 4608
4608 1433 1077 1073 1849 3012 3403 4608 1881 422 23 4608 4076 422 1073 4608 4076 1073 1848 3339
1881 422 4555 190 3339 422 4608 3012 23 190 4076 1073 23 190 4076 1073 23 190 4076 1073
23 176 1275 4748 23 1275 1077 4748 23 176 3012 23 176 1881 422 23 176 1881 422 23
4608 1881 422 23 4608 1881 422 4555 4608 1849 422 4608 3012 23 4608 4076 1073 23 4608 4076
4008 4608 1275 4748 4008 4608 1433 4748 4008 4608 3012 4008 4608 1881 1948 4008 2699 4282 3403 4282
23 1849 1881 422 23 1849 1848 1881 422 23 1849 1077 422 4608 3012 23 4608 4076 1073 23
2418 4555 4608 3012 23 4608 1881 422 23 4608 1881 422 23 4608 3339 422 4608 3012 23 4608
23 190 1881 422 4555 190 3339 422 4608 3012 23 190 4076 1073 23 190 4076 1073 23 190
2418 4555 4608 3012 4555 190 1881 422 4303 190 1881 422 1848 4555 190 3339 422 4608 3012 4555
4608 3012 23 1849 4076 1073 23 4608 4076 1073 23 2699 4076 1073 23 1849 4076 1073 23 4608
1911 1077 4861 4861 3339 3339 4861 4861 897 2652 1848 2652 3339 23 4608 1275 4748 23 4608 1433
4861 897 2652 897 2652 1848 1911 2652 4076 4008 4608 1275 4748 4008 4608 1433 4748 4008 4608 3012
1881 422 4555 4608 1849 422 4608 3012 23 4608 4076 1073 23 4608 4076 1073 23 4608 4076 1073
23 1849 1849 422 4608 3012 23 4608 4076 1073 23 1849 4076 1073 23 4608 4076 1073 23 1849
4608 3012 4008 4608 1881 1948 4008 2699 4282 3403 4282 3403 1881 1948 4008 1849 3339 1948 4608 3012
897 2652 1848 554 4076 23 4608 1275 4748 23 1849 1433 4748 23 4608 3012 23 4608 1881 422
4861 897 2652 1911 554 3339 4303 4608 1848 1275 2418 4303 4608 1433 4748 4555 4608 3012 4303 2699
2652 1848 897 1911 1077 4861 4861 897 2652 1848 554 3339 23 4608 1275 1077 1073 2699 1433 2418
3339 4008 4608 1275 2418 4555 1849 1433 2418 4555 4608 3012 4303 1849 1881 1948 4303 1849 1881 1948
3339 3339 4861 4861 897 2652 1911 554 3339 4303 4608 1848 1275 357 4303 4608 1433 4748 4555 3339
3339 422 4608 3012 23 4608 4076 1073 23 4608 4076 1073 23 4608 4076 1073 23 4608 4076 1073
4608 3339 422 4608 3012 23 1849 4076 1073 23 4608 4076 1073 23 2699 4076 1073 23 1849 4076
4861 4861 897 2652 1848 2652 3339 23 4608 1275 357 23 190 1433 2418 4555 4608 3012 23 190
4861 897 2652 897 2652 1848 1911 2652 4076 4008 4608 1275 4748 4008 4608 1433 4748 4008 4608 3012
3339 2652 897 1848 1073 1077 4861 4861 3339 3339 4861 4861 897 2652 1848 554 3339 23 4608 1275
1881 422 4303 4608 4748 422 4282 3403 4282 3403 4608 3012 4303 4608 4076 1073 4303 4608 4282 3403
1948 4303 1849 1881 1948 4008 1849 1849 1948 4608 3012 4555 1849 3339 1073 4555 1849 4076 1073 4008
4861 4861 897 2652 1848 2652 4076 23 4608 1275 1077 23 4608 1275 1077 23 4608 3012 23 4608
2699 1881 422 323 2699 1881 422 23 4608 3339 422 4608 3012 23 4608 3339 1073 23 4608 4076
1849 4748 1948 4608 3012 1073 4608 4076 1073 1073 4608 4076 1073 1073 4608 4076 1073 1073 4608 4076
4608 3012 4303 1849 1881 1948 323 1849 1881 1948 4008 1849 1849 1948 4608 3012 1073 1849 3339 1073
23 2699 4076 422 23 4608 4076 422 4608 3012 23 2699 4076 23 23 1849 4076 1073 23 2699
1848 897 1911 1077 4861 4861 897 2652 554 3339 23 4608 1275 2418 23 1849 1433 2418 4555 4608
1848 1911 3339 4861 4861 897 2652 554 3339 23 4608 1275 4748 23 2699 1433 2418 4555 4608 3012
3339 4861 4861 897 2652 1848 2652 3339 23 4608 1275 357 23 190 1433 357 4555 4608 3012 23
1848 897 1911 1077 4861 4861 897 2652 1848 2652 3339 23 4608 1275 1077 23 4608 1275 1077 23
1881 422 23 2699 3339 422 897 2652 4608 3012 23 2699 4076 1073 23 1849 4282 3403 4073 3403
1849 1433 4748 23 4608 3012 23 4608 1881 422 4555 2699 1881 422 23 4608 4076 422 4608 3012
4861 897 2652 554 3339 4303 4608 1275 1077 1948 4608 1433 1077 1073 190 3012 4303 4608 1881 1948
4555 4608 3012 23 1849 1881 422 23 1849 1848 1881 422 23 1849 1849 422 4608 3012 23 4608
4861 3339 3339 4861 4861 897 2652 1848 2652 3339 1073 4608 1275 4748 1073 2699 1433 357 4555 4608
1881 1948 4555 190 1881 1948 23 190 3339 1948 4608 3012 23 1849 4076 1073 4555 1849 897 2652
1881 422 323 4608 3339 422 4608 3012 23 4608 4076 1073 23 4608 4076 1073 23 4608 4076 1073
2699 4076 422 23 4608 4076 422 4608 3012 23 2699 4076 23 23 1849 4076 1073 23 2699 4076
3339 4861 4861 897 2652 554 3339 23 4608 1275 4748 23 2699 1433 2418 4555 4608 3012 23 1849
422 323 2699 1881 422 4303 4608 3339 422 4608 3012 23 1849 4076 1073 23 4608 4076 1073 23
4608 3339 4748 4555 4608 3012 23 2699 1881 422 323 2699 1881 422 23 4608 3339 422 4608 3012
3403 4282 3403 4608 3012 4303 4608 4076 1073 4303 4608 4282 3403 4282 3403 4608 3012 4303 4608 897
1433 4748 23 4608 3012 23 4608 1881 422 23 2699 1881 422 23 4608 4076 422 4608 3012 23
2652 1848 897 3403 1077 4861 4861 897 2652 1848 554 3339 23 4608 1275 2418 23 1849 1433 2418
1848 897 1911 1077 4861 4861 1848 897 2652 554 3339 23 176 1275 4748 23 1275 1077 4748 23
4303 4608 1275 1077 422 4608 1433 1077 1073 1849 3012 4555 4608 1881 422 23 4608 4076 1948 1073
4303 4608 4076 1073 4303 4608 4282 3403 4282 3403 4608 3012 4303 4608 897 2652 4076 1073 4303 4608
4608 1881 422 23 4608 3339 422 4608 3012 23 4608 4076 1073 23 4608 4076 1073 23 4608 4076
23 1849 1275 1077 23 1849 1433 2418 4555 4608 3012 23 1849 1881 422 23 1849 1881 422 23
23 1849 1881 1948 4555 1849 1881 1948 23 1849 3339 1948 4608 3012 23 1849 4076 1073 4555 1849
897 2652 4608 3012 23 2699 3339 1073 23 1849 4073 3403 4073 3403 3339 3012 23 2699 4076 1073
4608 4076 422 4608 1275 23 2699 4076 23 23 1849 4076 23 23 2699 4076 1073 23 2699 4076
4861 4861 897 2652 554 3339 23 4608 1275 4748 23 2699 1433 2418 4555 4608 3012 23 1849 1881
422 23 2699 4282 3403 4073 3403 1881 422 23 2699 3339 422 897 2652 4608 3012 23 2699 4076
23 4608 1275 1077 1073 2699 1433 2418 4555 4608 3012 23 4608 1881 422 23 4608 1881 422 23
4748 4555 4608 3012 23 2699 1881 422 323 2699 1881 422 23 4608 3339 422 4608 3012 23 4608
1848 897 1911 1077 4861 4861 3339 3339 4861 4861 897 2652 1911 2652 3339 4303 4608 1848 1275 357
1433 2418 4555 4608 3012 23 1849 1881 422 4555 1849 1881 422 23 1849 3339 422 4608 3012 23
1077 4861 4861 897 2652 1848 554 3339 23 4608 1275 1077 1073 2699 1433 2418 4555 4608 3012 23
4861 897 2652 554 3339 23 4608 1275 4748 23 2699 1433 2418 4555 4608 3012 23 190 1881 422
4861 897 2652 1848 2652 3339 23 4608 1275 357 23 190 1433 2418 4555 4608 3012 23 190 1881
4608 1881 422 23 4608 3339 422 4608 3012 23 4608 4076 1073 23 4608 4076 1073 23 4608 4076
4861 4861 2652 4073 4073 3403 3403 897 2652 1848 4073 3403 4073 3403 554 4076 23 4608 1275 1077
897 1911 1077 4861 4861 897 2652 2652 3339 23 4608 1275 2418 23 1849 1433 2418 4555 4608 3012
3339 1073 4608 1275 4748 1073 2699 1433 2418 4555 4608 3012 1073 1849 1881 1948 1073 4608 1881 1948
897 2652 2652 3339 1073 4608 1275 2418 4555 1849 1433 2418 4555 4608 3012 4303 1849 1881 1948 1073
4303 4608 4076 1073 4303 4608 4282 3403 4282 3403 4608 3012 4303 4608 897 2652 4076 1073 4303 4608
23 1849 1881 422 23 2699 4282 3403 4073 3403 1881 422 23 2699 3339 422 897 2652 3339 3012
1275 4748 4008 4608 1433 4748 4008 4608 3012 4008 4608 1881 1948 4008 2699 4282 3403 4282 3403 1881
554 3339 4303 4608 1275 1077 422 4608 1433 1077 1073 1849 3012 4303 4608 1881 422 23 4608 4076
23 4608 1275 357 23 190 1433 357 4555 4608 3012 23 190 1881 422 23 190 1881 422 4555
2699 1881 422 23 4608 3339 422 4608 3012 23 4608 3339 1073 23 4608 4076 1073 23 2699 4076
1077 23 4608 3012 23 1849 1881 422 23 2699 4282 3403 4282 3403 1881 422 23 2699 3339 422
1275 4748 4555 2699 1433 2418 4555 4608 3012 23 190 1881 422 323 190 176 422 1848 4555 190
3339 422 4608 3012 23 4608 4076 1073 23 4608 4076 1073 23 4608 4076 1073 23 4608 4076 1073
4608 1881 1948 4555 1849 4748 1948 4608 3012 1073 4608 4076 1073 1073 4608 4076 1073 1073 4608 4076
1848 897 1911 1077 4861 4861 897 2652 1848 2652 3339 23 4608 1275 1077 23 4608 1275 1077 23
4555 4608 3012 23 1849 1881 422 4555 190 1881 422 23 1849 3339 422 4608 3012 23 1849 4076
23 1849 1881 422 23 2699 4282 3403 4073 3403 1881 422 23 2699 3339 422 897 2652 3339 3012
3339 2652 1848 554 897 1911 1077 4861 4861 2652 4073 4073 3403 3403 897 2652 1848 4073 3403 4073
3339 23 176 1275 4748 23 1275 1077 4748 23 176 3012 23 176 1881 422 23 176 1881 422
1848 2652 3339 23 4608 1275 357 23 190 1433 357 4555 4608 3012 23 190 1881 422 23 190
1275 1077 23 1849 1433 2418 4555 4608 3012 23 1849 1881 422 23 1849 1881 422 23 1849 1849
2652 1848 897 1073 1077 4861 4861 3339 3339 4861 4861 897 2652 1848 2652 3339 1073 4608 1275 4748
4076 1073 4008 2699 4282 3403 4282 3403 4608 3012 4008 2699 4282 3403 4282 3403 4608 3012 4008 4608
422 4282 3403 4282 3403 4608 3012 4303 4608 4076 1073 4303 4608 4282 3403 4282 3403 4608 3012 4303
4861 3339 3339 4861 4861 897 2652 1911 554 3339 4303 4608 1848 1275 357 4303 4608 1433 4748 4555
4608 3012 23 1849 1881 422 4555 190 1881 422 23 1849 3339 422 4608 3012 23 1849 4076 1073
4748 422 4282 3403 4282 3403 4608 3012 4303 4608 4076 1073 4303 4608 4282 3403 4282 3403 4608 3012
4282 3403 897 2652 1911 2652 3339 4303 4608 1275 2418 4303 1849 323 2418 323 4608 3012 4303 1849
4861 897 2652 1848 2652 4076 23 4608 1275 1077 23 4608 1275 1077 23 4608 3012 23 4608 1881
23 1849 1881 422 23 1849 1849 422 1849 3012 23 1849 4076 1073 4555 1849 4076 1073 23 1849
3339 1073 4608 1275 4748 1073 2699 1433 2418 4555 4608 3012 1073 1849 1881 1948 1073 4608 1881 1948
4861 897 2652 897 2652 1848 1911 2652 4076 4008 4608 1275 4748 4008 4608 1433 4748 4008 4608 3012
554 3339 4303 4608 1275 1077 422 4608 1433 1077 1073 1849 3012 4303 4608 1881 422 23 4608 4076
897 1848 1911 1077 4861 4861 2652 4073 3403 4073 3403 897 2652 1911 2652 3339 4303 4608 1275 2418
1849 1881 422 23 1849 1849 422 1849 3012 23 1849 4076 1073 4555 1849 4076 1073 23 1849 4076
2699 1881 422 323 2699 1881 422 4303 4608 3339 422 4608 3012 23 190 4076 1073 23 4608 4076
23 1849 1881 422 23 1849 1848 1881 422 23 1849 1077 422 4608 3012 23 4608 4076 1073 23
2418 323 4608 3012 4303 1849 1881 422 4303 4608 1848 1881 422 4303 4608 4748 422 4282 3403 4282
1433 2418 4555 4608 3012 23 190 1881 422 23 190 1881 422 4555 190 3339 422 4608 3012 23
3012 23 4608 1881 422 4555 2699 1881 422 23 4608 4076 422 4608 3012 23 2699 4076 1073 23
4861 897 2652 554 3339 4303 4608 1275 1077 1948 4608 1433 1077 1073 190 3012 4303 4608 1881 1948
23 4608 1275 4748 4555 2699 1433 2418 4555 4608 3012 4555 190 1881 422 323 190 176 422 1848
1077 4861 4861 897 2652 1848 2652 3339 23 4608 1275 2418 23 1849 1433 2418 4555 4608 3012 23
4861 4861 2652 4282 3403 4282 3403 897 2652 1911 554 3339 4303 4608 1275 2418 4303 4608 323 2418
1275 1077 422 4608 1433 1077 1073 1849 3012 4303 4608 1881 422 23 4608 4076 422 1073 4608 4076
1077 323 4608 1433 1077 23 4608 4076 1073 23 4608 1881 422 23 4608 1881 422 323 4608 3339
1948 1073 4608 1881 1948 4555 1849 4748 1948 4608 3012 1073 4608 4076 1073 1073 4608 4076 1073 1073
3012 4008 4608 4076 1073 4008 2699 4282 3403 4282 3403 4608 3012 4008 2699 4282 3403 4282 3403 4608
4608 1275 1077 1073 2699 1433 2418 4555 4608 3012 23 4608 1881 422 23 4608 1881 422 23 4608
23 1849 1881 422 23 1849 1881 422 23 1849 1849 422 1849 3012 23 1849 4076 1073 4555 1849
1881 422 323 2699 1881 422 23 4608 3339 422 4608 3012 23 4608 3339 1073 23 4608 4076 1073
23 4608 1881 422 23 4608 1881 422 4555 4608 1849 422 4608 3012 23 4608 4076 1073 23 4608
2652 4076 4008 4608 1275 4748 4008 4608 1433 4748 4008 4608 3012 4008 4608 1881 1948 4008 2699 4282
1433 2418 4555 4608 3012 23 1849 1881 1948 4555 1849 1881 1948 23 1849 3339 1948 4608 3012 23
1077 4861 4861 897 554 1848 2652 3339 23 4608 1275 1077 323 4608 1433 1077 23 4608 4076 1073
2652 1848 897 1073 1077 4861 4861 3339 3339 4861 4861 897 2652 1848 2652 3339 1073 4608 1275 4748
3012 23 4608 1881 422 4555 2699 1881 422 23 4608 4076 422 4608 3012 23 2699 4076 1073 23
2652 4076 23 1849 1275 4748 23 1849 1433 2418 4555 4608 3012 23 1849 1881 422 23 1849 1881
23 176 3339 422 176 3012 23 176 4076 1073 4555 1849 4076 1073 23 1849 4076 1073 23 176
2652 1911 554 3339 4303 4608 1848 1275 2418 4303 4608 1433 4748 4555 4608 3012 4303 2699 176 422
23 4608 1881 422 23 4608 3339 422 4608 3012 23 4608 4076 1073 23 4608 4076 1073 23 4608
1275 1077 23 4608 1275 1077 23 4608 3012 23 4608 1881 422 23 4608 1881 422 4555 4608 1849
323 1849 1881 1948 4008 1849 1849 1948 4608 3012 4555 1849 3339 1073 4555 1849 4076 1073 4555 1849
23 176 3012 23 176 1881 422 23 176 1881 422 23 176 3339 422 176 3012 23 176 4076
3339 4861 4861 897 2652 1848 554 3339 23 4608 1275 357 23 4608 323 357 4555 4608 3012 4303
3012 23 2699 4076 1073 23 1849 4282 3403 4073 3403 3339 3012 23 2699 4076 1073 323 2699 4073
3339 1948 4608 3012 4008 4608 4076 1073 4008 2699 4282 3403 4282 3403 4608 3012 4008 2699 4282 3403
1849 4748 1948 4608 3012 1073 4608 4076 1073 1073 4608 4076 1073 1073 4608 4076 1073 1073 4608 4076
1073 2699 1433 2418 4555 4608 3012 23 4608 1881 422 23 4608 1881 422 23 4608 3339 422 4608
1911 2652 3339 4303 4608 1848 1275 2418 4303 4608 1433 4748 4555 4608 3012 4303 2699 3339 422 4555
4555 4608 3012 1073 2699 1881 1948 323 2699 897 554 1848 1881 1948 1073 2699 3339 1948 4608 3012
4608 1275 2418 23 4608 323 2418 4555 4608 3012 4303 2699 1881 422 323 2699 1881 422 4303 4608
3339 3403 4608 3012 23 4608 897 554 3339 1073 23 4608 4282 3403 4608 3012 323 4608 4073 3403
1275 2418 4555 1849 1433 2418 4555 4608 3012 4303 1849 1881 1948 4303 1849 1881 1948 4008 1849 1849
1077 4861 4861 897 2652 1848 554 4076 23 4608 1275 4748 23 1849 1433 4748 23 4608 3012 23
422 23 4608 3339 422 4608 3012 23 4608 3339 1073 23 4608 4076 1073 23 2699 4076 1073 323
4608 3339 422 4555 2699 4076 422 23 4608 4076 422 4608 3012 23 2699 4076 23 23 1849 4076
23 2699 3339 422 897 2652 4608 3012 23 2699 4076 1073 23 1849 4282 3403 4073 3403 4608 3012
1073 2699 1433 2418 4555 4608 3012 23 4608 1881 422 23 4608 1881 422 23 4608 3339 422 4608
897 1911 1077 4861 4861 897 2652 1848 554 3339 23 4608 1275 1077 1073 2699 1433 2418 4555 4608
4555 1849 1881 422 23 1849 3339 422 4608 3012 23 1849 4076 1073 4555 1849 4076 1073 23 4608
3403 4282 3403 1881 1948 4008 1849 3339 1948 4608 3012 4008 4608 4076 1073 4008 2699 4282 3403 4282
1948 4608 3012 4008 4608 4076 1073 4008 2699 4282 3403 4282 3403 4608 3012 4008 2699 4282 3403 4282
3339 1911 554 1911 4073 4861 4861 897 2652 2652 3339 23 4608 1275 357 4555 190 1433 2418 4555
23 4608 4076 1073 23 4608 1881 422 23 4608 1881 422 323 4608 3339 422 4608 3012 23 4608
897 2652 1848 2652 3339 23 4608 1275 2418 23 1849 1433 2418 4555 4608 3012 23 1849 1881 1948
3012 323 1849 1881 1948 323 1849 1881 1948 4008 1849 1849 1948 4608 3012 1073 1849 3339 1073 4555
1881 1948 323 1849 1881 1948 4008 1849 1849 1948 4608 3012 4555 1849 3339 1073 4555 1849 4076 1073
1881 422 4303 4608 3339 422 4608 3012 23 1849 4076 1073 23 4608 4076 1073 23 2699 4076 1073
1848 1881 1948 1073 2699 3339 1948 4608 3012 1073 190 4076 1073 23 2699 4076 1073 23 1849 4076
554 1848 897 1911 1077 4861 4861 897 554 1848 554 4076 23 4608 1275 4748 23 1849 1433 4748
4608 1275 4748 23 1849 1433 4748 23 4608 3012 23 4608 1881 422 23 2699 4076 422 23 4608
4861 897 2652 897 2652 1848 1911 2652 4076 4008 4608 1275 4748 4008 4608 1433 4748 4008 4608 3012
1848 897 897 1911 1077 4861 4861 2652 4073 4073 3403 3403 897 2652 1848 4073 3403 4073 3403 554
2418 4555 4608 3012 4303 2699 1881 422 4303 2699 1881 422 23 4608 3339 422 4608 3012 23 1849
1881 422 4555 2699 4076 422 23 4608 4076 422 4608 3012 23 2699 4076 23 23 1849 4076 1073
2699 897 2652 1848 1881 1948 1073 2699 3339 1948 4608 3012 1073 190 4076 1073 23 2699 4076 1073
3403 4608 3012 4303 4608 897 554 3339 1073 23 4608 4282 3403 4608 3012 323 4608 4282 3403 4608
1881 422 323 190 176 422 1848 4555 190 3339 422 4608 3012 23 190 4076 1073 23 190 4076
4608 3012 1073 1849 1881 1948 1073 4608 1881 1948 4555 1849 4748 1948 4608 3012 1073 4608 4076 1073
2652 1848 554 3339 4303 4608 1275 2418 23 4608 323 2418 4555 4608 3012 23 2699 1881 422 4303
3012 23 4608 1881 422 23 4608 1881 422 4555 4608 1849 422 4608 3012 23 4608 4076 1073 23
2418 4555 1849 1433 2418 4555 4608 3012 4303 1849 1881 1948 4303 1849 1881 1948 4008 1849 1849 1948
1433 4748 4555 4608 3012 1073 2699 1881 1948 323 2699 897 2652 1848 1881 1948 1073 2699 3339 1948
3339 23 4608 1275 4748 23 4608 1433 4748 4555 4608 3012 23 2699 1881 422 323 2699 1881 422
1849 4748 1948 4608 3012 1073 4608 4076 1073 1073 4608 4076 1073 1073 4608 4076 1073 1073 4608 4076
2652 897 1848 1911 1077 4861 4861 2652 4073 3403 4073 3403 897 2652 1911 2652 3339 4303 4608 1275
1073 4608 1275 4748 1073 190 1433 4748 4555 4608 3012 1073 2699 1881 1948 323 2699 897 554 1848
422 4555 190 4073 2652 3403 897 3339 422 323 190 3339 422 4073 3403 4608 3012 23 1849 897
1911 1077 4861 4861 897 2652 1848 2652 3339 23 4608 1275 2418 23 1849 1433 2418 4555 4608 3012
1881 422 23 1849 1848 1881 422 23 4608 1077 422 4608 3012 23 4608 4076 1073 23 1849 4076
422 23 4608 3339 422 4608 3012 23 1849 4076 1073 23 4608 4076 1073 23 2699 4076 1073 23
1073 2699 1433 2418 4555 4608 3012 1073 1849 1881 1948 1073 4608 1881 1948 4555 1849 4748 1948 4608
4076 1073 4608 1275 4748 1073 190 1433 4748 4555 4608 3012 1073 2699 1881 1948 323 2699 897 554
2699 1881 422 23 4608 3339 422 4608 3012 23 4608 3339 1073 23 4608 4076 1073 23 2699 4076
4282 3403 1881 1948 4008 1849 3339 1948 4608 3012 4008 4608 4076 1073 4008 2699 4282 3403 4282 3403
1848 1911 1077 4861 4861 2652 4282 3403 4073 3403 897 2652 1911 2652 3339 4303 4608 1275 1077 4303
1881 422 23 1849 1881 422 23 1849 1849 422 1849 3012 23 1849 4076 1073 4555 1849 4076 1073
1077 1073 2699 1433 2418 4555 4608 3012 23 4608 1881 422 23 4608 1881 422 23 4608 3339 422
1848 2652 4076 23 4608 1275 1077 23 4608 1275 1077 23 4608 3012 23 4608 1881 422 23 4608
1848 1911 1077 4861 4861 2652 4282 3403 4073 3403 897 2652 1911 2652 3339 4303 4608 1275 1077 4303
23 4608 1275 1077 23 2699 1433 1077 23 4608 3012 23 1849 1881 422 23 2699 4282 3403 4282
4555 1849 4073 2652 3403 897 3339 422 323 190 3339 422 4073 3403 4608 3012 23 4608 897 554
323 1849 3339 422 4073 3403 4608 3012 23 1849 897 554 4076 1073 23 4608 4282 3403 4608 3012
1911 1077 4861 4861 897 2652 1848 554 4076 23 4608 1275 4748 23 1849 1433 4748 23 4608 3012
2652 4608 3012 23 2699 4076 1073 23 1849 4073 3403 4073 3403 3339 3012 23 2699 4076 1073 323
1848 1911 3339 4861 4861 897 2652 554 3339 23 4608 1275 4748 23 2699 1433 2418 4555 4608 3012
3339 4861 4861 897 2652 897 2652 1848 1911 2652 3339 4008 4608 1275 4748 4008 4608 3339 4748 4008
1911 1077 4861 4861 897 2652 2652 3339 23 4608 1275 2418 23 1849 1433 2418 4555 4608 3012 23
897 1911 1077 4861 4861 897 2652 1848 554 3339 23 4608 1275 1077 1073 2699 1433 2418 4555 4608
3012 4555 190 1881 422 323 190 176 422 1848 4555 190 3339 422 4608 3012 23 190 4076 1073
1881 422 23 4608 1881 422 4555 4608 1849 422 4608 3012 23 4608 4076 1073 23 4608 4076 1073
3339 3339 4861 4861 897 2652 1848 554 3339 23 4608 1275 357 23 4608 554 357 4555 4608 3339
4861 4861 897 2652 1848 2652 3339 1073 4608 1275 4748 1073 2699 1433 2418 4555 4608 3012 1073 1849
