1251 4320 1356 1356 1356 1356 2852 4320 1356 2852 561 1251 2435 4015 4015 1251 4015 4015 4015 946
561 946 946 2852 561 611 4015 561 946 2435 561 946 2435 946 2852 946 946 946 946 4320
561 1251 4015 4015 4015 1251 4015 4015 4015 946 4015 4015 1251 946 1251 2435 2852 561 561 611
1251 2852 1251 1251 4320 4320 1356 2612 2612 2852 1356 4320 4320 1356 1356 2612 4021 4021 1376 3194
1368 3194 1368 1376 3194 1368 1376 3194 3194 1356 1376 3194 3194 1376 1376 3194 1356 2852 1251 4320
2852 561 561 561 946 946 561 561 561 946 946 2435 2852 946 2435 946 2435 946 2435 946
4015 4015 1251 4015 4015 4015 946 4015 4015 946 4015 2852 946 946 561 561 946 946 4015 561
1581 1581 2852 4320 1356 2852 561 1251 4015 2852 4015 1251 2435 2435 2435 1251 2435 4015 1251 1251
1581 1581 1581 2852 4320 1581 2852 561 1251 4015 4015 4015 1251 2435 4015 4015 1251 4015 2435 1251
4320 1251 1356 1356 2612 3194 1368 4021 4021 1376 3194 1368 1368 3194 3194 1368 1368 3194 1368 1376
946 946 2852 946 946 946 946 2852 4015 4015 3169 3169 3169 946 2852 3169 3169 946 946 946
4684 4684 4684 4684 4684 4684 4684 4684 4684 590 590 590 590 590 590 590 590 590 590 590
1737 1737 1737 4684 4684 4684 4684 4684 4684 4684 4684 4684 590 590 590 590 590 590 590 590
2852 946 4015 4015 4015 946 946 4015 2852 561 946 946 946 2435 2435 4015 2435 946 2435 2435
1812 1812 2612 2612 4021 4021 2852 3194 1356 2852 1251 4320 4320 4320 4320 1356 1356 1356 1356 2852
2852 561 946 4015 561 611 4015 561 946 4015 946 2852 946 946 946 946 4320 1356 2612 2612
561 1251 4015 4015 4015 1251 946 4015 4015 4015 2852 4015 1251 1251 2435 946 2852 946 561 561
561 946 946 4015 2852 611 4015 611 4015 946 2435 946 2435 611 2435 946 2435 3169 3169 946
1812 1812 1812 1812 1812 1812 1812 1812 1812 2612 2612 4021 4021 2852 3194 1356 2852 1251 4320 4320
3194 3194 1368 1368 2612 1376 3194 1368 1376 1376 1376 1376 1376 1376 3194 1368 1376 3194 1376 1368
1812 1812 1812 1812 1812 1812 1812 1812 1812 1812 1812 1812 1812 2612 2612 4021 4021 1356 3194 1356
4015 1251 2435 4015 4015 946 4015 4015 946 946 4015 946 2852 3169 3169 611 1251 3169 3169 3169
1581 2852 4320 1581 2852 561 1251 4015 2852 4015 1251 4015 2435 2435 946 2435 2435 1251 946 2435
2612 2612 2852 1356 1251 4320 1251 1251 1356 1356 1356 2612 4021 4021 1376 3194 1368 1376 3194 3194
946 561 4015 4015 561 946 561 946 946 611 2435 946 2852 2435 611 2435 2852 561 561 561
4015 561 946 946 4015 946 4015 946 4015 946 2435 561 561 946 2852 561 946 2435 611 946
1737 1737 4684 4684 3221 3221 3221 3221 3221 3221 3221 590 3221 3221 590 590 590 590 590 590
1356 2852 561 1251 4015 4015 4015 1251 4015 4015 4015 946 4015 2435 946 946 946 2435 2852 561
611 4015 946 4015 611 4015 946 4015 561 4015 611 946 946 2852 561 946 946 946 946 2852
561 946 4015 946 946 946 2852 946 2852 1251 2852 1376 561 561 2435 561 1251 2852 3194 1368
1356 4320 1251 1356 1356 4021 4021 1368 3194 1368 1368 3194 3194 1368 1368 3194 1368 1376 3194 1368
1251 4320 4320 1251 4320 1356 1356 1356 1356 2852 4320 2852 2852 561 1251 2435 2435 2435 1251 2435
1251 2852 561 1251 1251 2852 561 611 4015 561 561 1251 561 561 1251 1251 2852 1251 1251 1251
1251 1251 4320 2852 1356 1356 1356 1356 1251 611 611 2852 1251 4320 4320 1356 2852 1356 4320 1356
1251 2852 2852 2435 1251 2852 2852 2852 1251 2852 2852 1251 1251 1251 2435 2852 2435 561 611 1251
4320 4320 1251 4320 1356 1581 1356 1356 2852 4320 2852 2852 561 1251 2435 2435 2435 1251 2435 2435
1581 1376 1376 4021 1368 1812 4021 2852 1376 3194 1376 1376 1376 3194 1376 1376 1376 1376 1376 1376
4021 2612 2612 4021 4021 1376 3194 1356 2852 1251 4320 611 611 4320 1356 1356 1356 1356 2852 4320
1376 1376 1376 1376 1376 2612 2612 4021 4021 1376 3194 1356 2852 1251 4320 4320 1251 4320 1356 1356
1251 611 4015 1251 4015 1251 4015 1251 4015 561 561 1251 1251 4015 561 611 4015 561 611 1251
4320 1356 1356 1356 1356 2852 4320 2852 2435 4015 1251 4015 2435 2435 1251 561 2435 1251 2435 2435
946 2435 946 2435 946 2435 946 2435 561 611 2852 561 946 2435 3169 611 946 946 2852 946
4684 4684 4684 4684 4684 1737 590 590 590 590 590 590 590 590 590 590 590 590 590 590
1376 1376 1376 1376 1376 1376 1376 1376 1376 1376 1376 1376 1376 1376 2612 2612 1376 1376 1376 1376
1251 4015 4015 2852 1251 1251 4015 4015 1376 1376 1376 1251 1251 2435 2852 2435 561 1251 2435 1251
611 1251 4320 4320 1356 2852 1356 4320 1251 1356 1356 1376 3194 1356 2852 1251 4320 4320 4320 4320
3194 1356 2852 1251 4320 4320 1251 4320 1356 1356 1356 1356 2852 4320 1356 2852 561 1251 2435 2435
2852 561 1251 946 946 1251 2852 946 1251 1251 4320 4320 1356 2612 2612 2612 2852 1356 4320 1251
2612 2612 2852 1356 3194 3194 1356 1356 4021 4021 1376 3194 1368 1376 3194 3194 1368 1368 3194 1368
4320 4320 1581 2852 1581 946 2852 2852 2852 946 2852 2435 4320 1251 1581 1356 946 946 2435 2852
1251 1251 1251 2852 1251 1251 4320 4320 1356 2612 2612 2852 1356 4320 1251 1356 1356 2612 4021 4021
1251 2852 561 561 1251 1251 2852 561 561 611 2435 561 611 2435 561 611 2435 1251 2852 1251
946 946 2852 561 946 946 946 946 2852 946 1251 2612 4320 4320 1356 2852 1356 1251 4320 1251
1251 1368 1376 1376 1376 1376 1376 1376 1376 1376 1376 1376 1376 1376 1376 1376 1376 1376 1376 2612
4684 4684 1737 590 590 590 590 590 590 590 590 590 590 590 590 590 590 590 590 4684
1368 1368 3194 1368 1376 3194 1356 1376 3194 1251 1356 1376 3194 1376 1376 3194 1376 2852 1251 4320
4015 4015 1251 1251 4015 2852 946 561 561 561 946 1251 561 561 561 946 1251 4015 2852 611
3194 1368 1368 3194 1368 1376 3194 1368 1376 3194 3194 1356 1376 3194 1376 1376 3194 1356 2852 1251
946 946 946 946 2852 1251 1251 2612 4320 4320 1356 2852 1356 1251 4320 1251 1356 1356 1251 1356
4021 4021 1376 3194 1581 2852 1251 4320 1251 1251 4320 1356 1356 1356 1581 2852 4320 1356 2852 561
3194 1368 1368 3194 1368 1376 1376 1376 1376 1376 1376 3194 1368 1376 1376 3194 1376 1376 1376 1376
1812 1812 1812 1812 1812 1812 1812 1812 1812 1812 1812 1812 1812 2612 2612 4021 4021 1356 1251 1581
946 2852 946 1251 946 4320 4320 1356 2612 2612 2612 2852 1356 4320 1251 1581 1581 4021 4021 1376
1376 1376 1376 1376 1376 2612 2612 1376 1376 1376 1376 1376 1376 2612 1376 1376 1376 1376 2612 2612
946 4015 2852 2852 1251 4015 1251 2852 561 1251 2435 1251 2435 1251 2435 561 1251 1251 2852 561
4015 1251 4015 4015 4015 946 4015 4015 946 4015 2852 946 946 561 561 946 946 2435 561 561
2852 1251 2852 1251 2852 1251 2852 1251 2852 1251 2852 1251 2435 561 1251 1251 1356 561 611 2435
1376 3194 1581 1376 3194 3194 1581 1376 3194 1376 1376 3194 1356 2852 3194 4320 611 4320 4320 1356
1812 1812 1812 1812 1812 1812 1812 1812 1812 1812 2612 2612 4021 4021 1376 1251 1581 2852 946 4320
1737 590 590 590 590 590 590 590 590 590 590 590 590 590 590 590 590 4684 4684 590
611 611 1251 4320 4320 1356 2852 1356 4320 1251 1356 1356 1376 611 1356 2852 1251 4320 611 611
590 590 590 590 590 590 590 590 590 590 590 590 590 590 590 590 4684 4684 1737 1737
1812 1812 1812 1812 1812 1812 1812 2612 2612 4021 4021 2852 1251 1356 2852 1251 4320 4320 1436 4320
1376 3194 1356 2852 1251 4320 4320 1251 4320 1356 1356 1356 1356 2852 4320 2852 2852 561 1251 2435
2852 1356 1251 4320 1251 1251 1356 1356 1356 2612 4021 4021 1376 3194 1368 1376 3194 3194 1376 1368
2612 1376 1376 1376 1376 1376 1376 2612 1376 1376 1376 1376 2612 2612 1376 1376 2612 2612 2612 2612
561 561 946 946 4015 2852 946 4015 946 4015 611 4015 611 2435 946 611 2435 2435 561 946
1812 1812 1812 1812 1812 4035 4035 1812 1812 1812 1376 1376 1376 1376 1376 2612 2612 4021 4021 2852
1251 2435 4015 4015 1251 4015 4015 4015 946 4015 4015 946 946 2435 2852 946 561 3169 946 946
561 611 946 4015 561 561 946 946 4015 2852 611 2435 611 2435 561 561 946 611 2435 946
1356 1356 2852 4320 2852 2852 561 1251 4015 4015 4015 1251 4015 2435 2435 1251 4015 4015 1251 1251
946 561 561 946 946 4015 561 561 561 946 946 4015 2852 561 946 561 1251 561 1251 561
4015 2852 946 4015 611 4015 561 946 4015 946 946 4015 3169 3169 611 946 946 2435 2852 3169
2852 946 2852 946 2852 946 2852 561 946 946 2852 561 946 2435 946 946 946 2852 946 2435
1356 1356 2852 4320 2852 2435 4015 1251 4015 4015 2435 1251 561 2435 946 2435 2435 2435 1251 1251
2852 561 561 561 946 946 4015 2852 561 946 561 946 946 2435 611 2435 611 2435 561 946
4015 2852 4015 1251 4015 4015 4015 1251 4015 4015 1251 1251 2435 2852 1251 561 561 561 1251 1251
4684 4684 4684 4684 4684 4684 4684 590 590 590 590 590 590 590 590 590 590 590 590 590
2852 611 2852 946 4015 946 4015 561 611 2852 561 946 2435 561 611 946 946 2852 946 1251
1356 2852 561 1251 4015 2852 4015 1251 4015 2852 2852 946 2435 2435 1251 1251 946 2435 2852 561
4684 4684 4684 4684 4684 4684 4684 4684 590 590 590 590 590 590 590 590 590 590 590 590
1251 1251 2435 2852 561 561 611 1251 2435 1251 1251 2852 611 611 611 1251 4320 4320 1356 2852
3194 1368 3194 1368 1376 3194 3194 1368 1376 3194 1356 2612 1376 1356 3194 1376 1376 3194 1368 1376
4320 4320 1436 4320 1356 1356 1356 1356 2852 4320 2852 2852 561 1251 2435 2435 2435 1251 2435 2435
2852 4320 1581 2852 561 1251 4015 4015 4015 1251 4015 4015 4015 1251 4015 2435 1251 1251 1251 2435
4684 1737 1737 1737 1737 4684 4684 4684 4684 4684 4684 4684 4684 4684 590 590 590 590 590 590
2852 2435 1251 2852 4015 2852 1251 4015 2852 1251 4015 1251 2852 1251 561 561 1251 1251 2435 561
561 1251 4015 1251 1251 2852 946 1251 1251 4320 4320 1356 2612 2612 2612 2852 1356 1251 4320 1251
4015 2852 561 561 1251 1251 2435 1251 946 2852 611 611 946 1251 4320 4320 1356 2852 1356 4320
1251 561 561 1251 1251 2852 4320 1356 2852 561 1251 611 611 611 2852 1251 2435 2435 2435 1251
1436 4320 1356 1356 1356 1356 2852 4320 2852 2852 561 1251 4015 2435 4015 1251 4015 4015 4015 946
4015 4015 4015 946 4015 4015 946 946 4015 946 2852 561 561 561 946 946 561 561 561 946
590 590 590 590 590 590 590 590 590 590 590 590 590 590 590 590 4684 4684 1737 1737
946 1251 4320 4320 1356 2852 1356 1251 1251 1356 1356 1376 3194 1356 2852 1251 4320 611 1251 4320
1581 1376 3194 1356 2852 1251 4320 1251 1251 4320 1356 1581 1581 1581 2852 3194 1356 2852 561 1251
2852 561 561 1251 1251 1251 2852 1251 2435 1251 2435 561 561 561 561 1251 2435 4015 611 2435
561 561 561 1251 4015 4015 611 4015 2852 611 561 561 611 2435 561 561 1251 2852 611 611
1737 1737 4684 4684 4684 4684 4684 4684 4684 4684 4684 590 590 590 590 590 590 590 590 590
2612 1251 1376 2852 4320 1356 2852 561 1251 2435 2435 2435 1251 2435 2435 2435 946 2435 2435 1251
2612 2612 1251 4015 4015 4015 946 4015 4015 1251 946 2435 2852 1251 561 561 561 1251 1251 561
1376 1376 1376 1376 1376 1376 1376 1376 1376 1376 1376 1376 1376 1376 1376 1376 2612 2612 1376 1376
4684 4684 4684 4684 1737 590 590 590 590 590 590 590 590 590 590 590 590 590 590 590
4015 4015 946 946 946 4015 2852 4015 2435 611 946 561 561 561 946 946 4015 946 4015 2852
2852 561 561 946 946 946 2852 946 946 1737 2852 1737 1376 4684 4684 1737 590 590 590 590
611 1251 561 561 561 1251 1251 2435 2435 2435 1251 2435 1251 2435 561 1251 611 2435 611 2435
1368 4021 4021 1376 3194 1581 2852 1251 4021 4320 1376 1356 1356 1368 4021 4021 1368 1376 2852 4021
2852 561 1251 2852 946 2852 946 946 946 946 4320 1356 2612 2612 2612 2612 2612 2612 2612 2612
2435 561 611 946 4015 2852 561 946 2435 561 946 946 611 2852 946 1251 946 4320 4320 1356
611 1251 1251 2852 1251 1251 1251 4320 4320 1356 2612 2852 1356 4320 1251 1356 1356 4021 4021 1376
1812 1812 1812 1812 1812 1812 1812 1812 1812 1812 1812 1812 1812 1812 2612 2612 4021 4021 2852 3194
611 946 561 561 2435 946 946 4015 946 4015 2852 4015 1251 561 4015 1251 611 4015 1251 4015
4320 1356 2612 2612 2852 1356 4320 1251 1356 1356 4021 4021 1376 3194 1368 1368 3194 1376 1368 1368
1376 3194 1368 1368 3194 3194 1368 1368 3194 1368 1376 3194 1356 1376 3194 3194 1368 1376 3194 1376
1812 2612 2612 4021 4021 2852 1251 1356 2852 1251 4320 611 4320 4320 1356 1376 1356 1356 2852 4320
1251 4015 2852 4015 1251 2435 4015 946 611 4015 946 4015 561 561 611 4015 1251 2852 4015 1251
2852 2852 2852 946 946 561 946 611 2852 946 946 946 946 4320 4320 1356 2852 1376 1251 1251
4684 4684 4684 4684 4684 4684 4684 4684 590 590 590 590 590 590 590 590 590 590 590 590
2612 2612 4021 4021 1376 3194 1356 2852 1251 4320 611 1251 4320 1356 1356 1356 1356 2852 4320 1356
1251 1251 4320 4320 1356 2612 1376 1376 1376 1376 2852 2852 1356 1251 4320 1251 1356 1356 2612 2612
4320 1356 1581 1356 1356 2852 4320 2852 2852 561 1251 2435 2435 4015 1251 4015 4015 4015 946 4015
1251 1376 1376 3194 1368 1376 1251 1251 1368 1376 3194 1376 1356 3194 1356 2852 1251 4320 4320 1251
4684 4684 4684 4684 4684 1737 590 590 590 590 590 590 590 590 590 590 590 590 590 590
4684 4684 590 590 590 590 590 590 590 590 590 590 590 590 590 590 590 590 4684 4684
4684 4684 4684 4684 4684 1737 590 590 590 590 590 590 590 590 590 590 590 590 590 590
2852 1251 1251 4320 4320 1356 2852 1356 2612 4320 1251 1356 1356 1376 1376 1376 1376 1376 1376 1376
4015 561 561 561 611 946 4015 2852 611 4015 946 2435 946 2435 946 2435 946 2435 946 2435
946 2852 561 946 946 2852 561 946 4015 946 946 946 2852 946 2435 1251 2852 1376 3169 3169
946 2435 561 611 2852 561 946 2435 561 611 946 946 2852 946 1251 946 4320 4320 2852 2612
4684 4684 4684 4684 1737 590 590 590 590 590 590 590 590 590 590 590 590 590 590 590
946 2852 946 946 946 946 2852 946 946 4320 4320 1356 2612 2612 2852 1356 1251 4320 1251 1356
1581 2852 4320 1356 2852 4015 1251 4015 4015 4015 1251 4015 4015 2435 946 4015 4015 946 946 2435
1581 1581 1581 2852 4320 2852 2852 561 1251 4015 4015 2435 1251 2435 2435 2435 1251 2435 4015 1251
1251 2435 4015 4015 946 4015 4015 946 946 4015 946 2852 561 561 611 1251 2435 561 561 561
1356 2612 2612 2612 2852 1356 1251 4320 1251 1356 1356 4021 4021 1376 3194 1368 1376 3194 3194 1368
4021 2852 3194 1356 2852 1251 4320 4320 1251 4320 1356 1356 1356 1356 2852 4320 1356 2852 561 1251
1376 1376 3194 1376 1376 1376 1376 1376 1376 1376 1376 3194 1376 1376 1376 1376 1376 1376 1376 1376
946 2852 4015 946 4015 946 946 946 946 2852 946 1251 4320 4320 1356 2612 2612 2612 2852 1356
1737 1737 1812 1737 1737 4684 4684 590 590 590 590 590 590 590 590 590 590 590 590 590
3194 1368 1251 1376 1376 3194 1368 1376 1251 1251 1368 1376 3194 1376 1376 3194 1356 2852 1251 4320
4015 2852 561 1251 4015 561 1251 946 946 946 2852 946 1251 1251 4320 4320 1356 2612 2612 2612
1356 1581 1581 1356 2852 4320 2852 2852 561 1251 4015 4015 2435 1251 4015 2435 4015 1251 4015 2435
1812 1812 1812 1812 1812 1812 2612 2612 4021 4021 1356 3194 1356 2852 1251 4320 4320 1251 4320 1356
1251 2435 1251 2435 561 561 561 561 1251 4015 4015 611 2435 129 611 561 561 611 2435 561
2612 2612 2612 2852 1356 4320 1251 1356 1356 1251 1356 4021 4021 1376 3194 1368 1376 3194 4320 1368
1581 1581 2852 4320 1356 2852 561 1251 4015 4015 4015 1251 2435 2435 2435 1251 4015 4015 1251 946
1376 3194 1368 1376 3194 3194 1368 1368 3194 1368 1376 1376 3194 1368 1376 3194 3194 1581 1376 3194
1812 1812 1812 1812 1812 1812 1812 1812 1812 1812 2612 2612 4021 4021 2852 1251 1356 2852 946 4320
1581 1581 1581 2852 4320 1356 1812 561 1251 2852 4015 4015 1251 2435 2435 2435 946 4015 2435 946
4320 1251 1356 1356 1251 1356 1376 1376 1376 1376 1376 1376 1376 1376 1376 1376 1376 1376 1376 1376
4015 4015 1251 4015 4015 4015 946 4015 4015 1251 1251 1251 2435 2852 561 561 1251 1251 2435 3169
4015 946 2435 946 2435 946 2435 946 2435 561 561 946 2435 2435 946 2852 561 946 2435 561
1581 1376 3194 1356 2852 1251 4320 1251 1251 4320 1356 1581 1581 1581 2852 3194 1356 2852 561 1251
4684 4684 4684 4684 1737 590 590 590 590 590 590 590 590 590 590 590 590 590 590 590
4015 2852 1251 561 561 561 1251 1251 4015 561 561 1251 4015 2852 611 4015 611 4015 1251 4015
2852 2852 1251 4015 4015 4015 946 4015 4015 946 946 2435 2852 946 561 561 1251 1251 2435 1251
1251 4320 4320 1251 4320 1356 1356 1356 1356 2852 4320 2852 2852 561 1251 2435 4015 4015 1251 2435
2612 2612 2612 2612 2612 2612 2612 4021 2612 2612 4021 4021 2852 611 1356 2852 1251 4320 611 4320
946 946 946 946 2852 1251 4320 1356 2612 2612 2612 2612 2612 2612 2612 2612 1251 1376 1251 1376
1376 1376 1376 2612 2612 1376 1376 1376 1376 2612 2612 1376 2612 1376 1376 3194 1356 2852 1251 4320
946 1251 4015 2852 1251 4015 1251 4015 561 1251 4015 1251 2435 1251 2435 561 1251 1251 2852 561
1812 1812 1812 1812 1812 1812 2612 2612 4021 4021 1356 3194 1581 2852 1251 4320 4320 4320 4320 1356
1812 1812 1812 1812 1812 1812 1812 1812 1812 1812 1812 1812 1812 2612 2612 4021 4021 2852 1251 1581
4320 1251 1251 4320 1356 1356 1356 1356 2852 4320 1356 2852 2435 1251 4015 2435 2435 1251 2435 2435
561 561 611 946 946 2435 2852 561 946 2435 946 946 946 946 2852 946 1251 4320 4320 1356
561 611 946 946 611 2852 1251 1251 4320 4320 1356 2612 1376 1376 1376 1376 1376 2852 1356 1251
4320 1356 2612 2852 1356 4320 1251 1356 1356 4021 4021 1376 3194 1368 1376 3194 3194 1368 1368 3194
1376 1376 2612 1376 1376 1376 1376 4021 4021 2612 1376 1376 3194 1368 1376 3194 3194 1368 1368 3194
1356 1356 1376 3194 1356 2852 1251 4320 4320 1251 4320 1356 1356 1581 1581 2852 4320 2852 2852 561
1368 1376 1376 3194 1368 1376 3194 3194 1581 1376 3194 1376 1376 3194 1356 2852 3194 4320 611 4320
4015 4015 2852 1251 4015 2852 2852 946 1251 4015 1251 561 561 1251 1251 2852 4320 1356 2852 561
1812 1812 2612 2612 4021 4021 2852 3194 1356 2852 1251 4320 4320 1251 4320 1356 1356 1356 1356 2852
1356 1251 1356 1376 3194 1368 1376 3194 3194 1376 3194 1376 4021 4021 1376 3194 1356 2852 3194 129
1812 1812 1812 1812 1812 1812 1812 1812 2612 2612 4021 4021 1376 1251 1581 2852 1251 4320 4320 4320
4320 4320 1356 2612 2612 2852 1356 1251 4320 1251 1356 1356 2612 1251 1368 4021 4021 1376 3194 1368
4015 2852 561 561 611 946 4015 561 561 561 946 946 2435 2852 1251 2435 1251 4015 611 2435
2852 4320 1356 2852 561 1251 2852 2852 2852 1251 4015 2852 2435 1251 2435 2852 1251 1251 1251 2435
946 2852 561 946 4015 561 611 4015 561 946 4015 946 2852 946 946 946 946 4320 1356 2612
4684 4684 4684 1737 590 3221 3221 3221 3221 3221 3221 590 590 590 590 590 590 590 590 590
2852 561 561 946 561 611 946 946 2852 946 946 946 2612 561 4320 1356 2612 2612 2852 1356
561 611 1251 611 2852 946 1251 946 4320 4320 1356 2612 2612 2612 2852 1356 4320 1251 1356 1356
1251 2435 2435 2435 1251 4015 2435 2435 1251 2435 2435 1251 1251 1251 2435 2852 561 561 611 1251
1376 1376 1376 1376 1376 2612 1376 1376 1376 1376 2612 2612 1376 1376 2612 2612 2612 2612 2612 2612
946 611 2852 946 1251 561 946 1812 4015 1251 2852 1251 1251 4320 1356 2612 2612 1251 1376 2612
1251 4015 1251 1251 4015 4015 2852 561 561 1251 1251 1251 2852 1251 2435 1251 2435 561 561 561
946 4015 611 2852 611 4015 561 946 561 946 2435 2852 561 946 2435 561 946 2435 561 946
2852 1251 946 946 4015 2852 561 561 946 946 561 946 2852 611 611 1251 1251 4320 4320 1356
2612 4021 4021 1368 3194 1368 1368 3194 3194 1368 1368 3194 1368 1376 3194 1368 1376 3194 3194 1368
1356 1376 1376 1376 1376 1376 1376 1376 1376 1376 1376 1376 1376 1376 1376 1376 1376 2612 1376 1376
946 4015 946 4015 611 4015 611 4015 611 4015 946 2435 561 611 2435 2852 561 1251 2435 561
1812 1812 1812 1812 2612 2612 4021 4021 2852 1251 1356 2852 1251 4320 4320 1251 4320 1356 1356 1356
2852 1356 4320 1251 1356 1356 4021 4021 1368 3194 1368 1368 3194 3194 1368 1368 3194 1368 1376 3194
4015 2852 1251 2435 4015 4015 946 4015 4015 946 946 2435 946 2852 561 561 611 1251 2435 561
1376 1356 1376 1251 1356 2852 1251 4320 1251 1251 4320 1356 1356 1356 1356 2852 4320 1356 2852 561
946 946 4015 2852 611 4015 561 946 946 2435 946 2435 946 2435 946 2435 561 561 946 2852
561 946 611 4015 611 4015 946 4015 946 4015 561 611 2852 561 1251 2435 561 611 946 946
1812 1812 1812 1812 1812 1812 1812 2612 2612 4021 4021 2852 1251 1581 2852 1251 4320 4320 4320 4320
4015 4015 1251 946 946 4015 2852 561 561 611 946 4015 561 561 561 946 1251 2435 2852 1251
1812 1812 2612 2612 4021 4021 1356 3194 1356 2852 1251 4320 4320 1251 4320 1356 1356 1356 1356 2852
3194 1356 2852 1251 4320 4320 1251 4320 1356 1356 1356 1356 2852 4320 1356 2852 561 1251 4015 2435
946 2852 946 2612 946 4320 4320 1356 2612 2612 2852 1356 1251 4320 1251 1356 1356 4021 4021 1376
4015 1251 4015 2852 4015 1251 4015 4015 1251 946 1251 2435 2852 561 561 611 1251 561 561 561
2852 561 2435 1251 2435 4015 2852 1251 2435 4015 2435 946 2435 2435 946 946 2435 946 2852 561
2435 561 611 2852 561 946 2435 561 611 946 946 2852 946 1251 946 4320 4320 2852 2612 2612
1356 3194 1356 2852 1251 4320 1251 1251 4320 1356 1356 1356 1356 2852 4320 1356 2852 561 1251 2435
1251 2435 1251 4015 1251 4015 611 4015 1251 2435 561 1251 561 561 1251 2852 561 611 2435 1251
1251 4015 4015 2435 1251 4015 4015 4015 946 2435 2435 1251 1251 1251 2435 2852 561 561 611 1251
2852 946 561 561 561 946 946 561 561 561 946 946 2435 2852 611 2435 611 2435 946 2435
2852 561 611 946 611 2852 946 946 1251 4320 4320 1356 2612 2612 2852 1356 1251 4320 1251 1251
1812 1812 1812 1812 1812 1812 1812 1812 1812 1812 1812 1812 1812 2612 2612 4021 4021 1376 3194 1356
1812 1812 1812 1812 1812 1812 1812 1812 1812 1376 1376 1376 1376 1376 2612 2612 4021 4021 2852 3194
561 1251 4015 4015 4015 1251 4015 4015 4015 946 2435 2435 1251 1251 1251 4015 2852 561 561 1251
611 2852 946 1251 946 4320 4320 1356 2612 2612 2612 2852 1356 4320 1251 1356 1356 1251 1368 4021
4320 1356 2852 561 1251 4015 2435 2435 1356 1251 4015 2435 2435 1251 2435 2435 1251 1356 1251 2435
1356 4320 1251 1356 1356 1376 3194 1356 2852 1251 4320 4320 4320 4320 1356 1356 1356 1356 2852 4320
1368 3194 1368 1376 3194 1356 1376 3194 3194 1356 1376 3194 1376 1376 3194 1356 2852 3194 4320 4320
1737 1737 4684 4684 4684 4684 4684 4684 4684 4684 4684 590 590 590 590 590 590 590 590 590
946 1251 2852 1251 1251 2852 1251 611 946 1251 611 4320 1356 2852 1356 4320 1251 1356 1356 1251
4015 946 4015 4015 946 946 4015 2852 946 946 946 2435 946 2852 561 946 946 2852 611 1251
561 946 561 1376 946 2852 946 946 946 946 4320 1356 1376 1376 1376 1376 1376 1376 1376 1376
946 2435 946 2435 946 2435 946 2435 946 2435 946 2435 3169 611 2852 561 1251 2435 3169 611
611 1251 4320 4320 1356 2852 1356 4320 1251 1356 1356 1376 3194 1356 2852 1251 4320 4320 4320 4320
1581 2852 4320 2852 2852 561 1251 2852 2852 2852 1251 2852 2852 2852 946 2852 2852 946 946 2435
2852 4320 1356 2852 561 1251 4015 2852 4015 1251 4015 2435 2435 1251 2435 2852 1251 1251 946 2435
1251 4320 1251 1251 4320 1356 1356 1356 1356 2852 4320 2852 2852 561 1251 2435 4015 2435 1251 4015
2612 2612 1376 2612 1376 1356 3194 1356 2852 1251 4320 4320 1251 4320 1356 1356 1356 1356 2852 4320
1812 1812 1812 1812 1812 1812 2612 2612 4021 4021 129 3194 1356 2852 1251 4320 4320 1251 4320 1356
4015 4015 1251 4015 4015 1251 1356 1251 4015 1251 2852 2852 1251 561 561 611 2435 1251 1251 1251
1251 4320 4320 1356 2612 2612 2612 2852 1356 1251 4320 1251 4320 1356 1356 1356 1376 3194 1356 2852
2612 2852 1356 4320 1251 1356 1356 1251 1368 4021 4021 1376 3194 1368 1376 3194 3194 1368 1368 3194
1581 2852 1251 4320 4320 4320 4320 1356 1356 1356 1581 2852 4320 2852 2852 561 1251 2435 2435 2435
4015 4015 946 4015 4015 946 946 4015 946 2852 561 561 946 946 2435 561 561 561 611 946
4021 4021 1251 4320 4320 1251 4320 1356 1356 1356 1356 2852 4320 2852 2852 561 1251 2435 2435 2435
1737 4684 4684 4684 4684 4684 4684 4684 4684 4684 590 590 590 590 590 590 590 590 590 590
4320 2852 561 2435 1251 2435 4015 2852 1251 2435 2435 2435 946 2435 2435 946 946 2435 946 2852
1356 4021 4021 1368 3194 1368 1368 3194 1376 1368 1368 3194 1368 1376 3194 1368 1376 3194 3194 1368
4015 611 4015 946 4015 611 4015 611 4015 561 946 561 946 4015 561 946 2435 561 611 4015
4320 1251 4320 1356 1581 1356 1581 2852 4320 2852 2852 561 1251 2435 2435 2435 1251 2435 2435 2435
561 1251 1251 2852 4015 2852 1251 4015 561 1251 1251 611 2435 1251 2435 561 561 1251 1251 2852
561 561 1251 1251 4015 561 611 4015 561 611 4015 1251 2435 611 2852 2435 1251 561 611 1251
1376 1376 1376 1376 2612 1376 1376 1376 1376 2612 2612 1376 1376 2612 2612 2612 2612 2612 2612 2612
2852 561 1251 1251 2852 611 3194 4320 4320 1356 2852 1356 4320 1251 1356 1356 1376 3194 1356 2852
1368 1376 3194 3194 1356 1376 3194 3194 1376 1376 3194 1356 2852 1251 4320 4320 4320 4320 1356 1356
4015 2852 1251 4015 4015 4015 1251 2435 4015 1251 946 1251 2435 2852 561 561 611 1251 2435 1251
946 4015 2852 561 561 611 4015 946 561 561 561 946 946 2435 2852 946 4015 946 2435 611
4015 1356 561 1251 4015 561 611 1251 1251 2852 1251 1251 1251 4320 4320 1356 2612 2612 2612 2852
1812 1812 1812 1812 1812 1812 1812 1812 1812 2612 2612 4021 4021 1376 3194 1356 2852 1251 4320 4320
1356 1356 2852 1376 3194 1356 2852 1251 4320 1251 1251 4320 1356 1356 1356 1356 2852 4320 1356 2852
946 2852 561 946 611 4015 611 4015 946 4015 946 4015 561 611 2852 561 1251 2435 561 611
4684 4684 4684 4684 4684 4684 590 590 590 590 590 590 590 590 590 590 590 590 590 590
1376 3194 3194 1368 1368 3194 1368 1376 1376 3194 1368 1376 3194 3194 1581 1376 3194 1376 1376 3194
946 946 946 4015 2852 561 561 946 946 561 946 2852 611 611 1251 1251 4320 4320 1356 2852
1251 4320 1356 1356 1356 1356 2852 4320 2852 561 4015 1251 2435 2435 2435 1251 561 2435 1251 2435
1251 4320 4320 1356 2852 1356 3194 1251 1356 1356 1376 3194 1581 2852 1251 4320 611 1251 4320 1356
4021 2852 3194 1356 2852 1251 4320 4320 1251 4320 129 129 1356 1356 2852 4320 2852 2852 561 1251
1581 1581 1356 1356 2852 4320 2852 2852 561 1251 561 2435 2435 1251 2435 2435 2435 946 2435 2435
2852 561 561 611 946 2435 561 561 561 946 946 2435 2852 946 2435 946 2435 1251 2435 946
2852 3194 1356 2852 1251 4320 4320 1251 4320 1356 1356 1356 561 2852 4320 2852 2852 561 1251 561
1737 1737 4684 4684 4684 4684 4684 4684 4684 4684 4684 590 590 590 590 590 590 590 590 590
1368 1376 3194 3194 1581 1376 3194 1251 1376 3194 3194 1376 1376 3194 1356 2852 3194 4320 4320 3194
561 4015 4015 1251 4015 4015 4015 946 4015 4015 946 946 946 561 561 2435 2435 946 946 561
4320 1356 2852 561 1251 2435 2435 2435 1251 4015 2435 2435 946 2435 2435 1251 946 1251 2435 2852
561 561 1251 2852 1251 1251 4320 4320 1356 2612 2612 2852 1356 4320 611 1356 1356 1251 1356 4021
1251 4320 1356 1356 1356 1581 2852 4320 1356 2852 561 1251 2435 2435 2435 1251 2435 2435 2435 1251
2852 1251 4320 4320 1251 4320 1356 1356 1356 1356 2852 4320 2852 2852 561 1251 4015 4015 2435 1251
1251 4320 1251 1251 4320 1356 1581 1581 1581 2852 4320 1356 2852 561 1251 2435 2435 4015 1251 2435
561 946 946 4015 2852 611 4015 611 4015 946 4015 611 2435 611 4015 561 946 561 946 4015
4684 4684 4684 4684 1737 590 3221 590 3221 3221 590 590 590 590 590 590 590 590 590 590
1812 1812 1812 1812 1812 1812 1812 1812 1812 1812 1812 1812 1812 2612 2612 4021 4021 1356 3194 1356
4015 1251 4015 2435 1251 1356 1251 4015 1251 2852 2852 1251 561 561 611 2435 1251 1251 1251 1251
2612 2852 1356 1251 4320 1251 1251 1356 1356 1356 2612 4021 4021 1376 3194 1368 1376 3194 3194 1376
1376 1376 1376 1376 2612 2612 4021 4021 1376 1376 3194 1368 1376 3194 3194 1368 1368 2612 1376 611
4015 4015 4015 946 4015 4015 946 946 4015 2852 946 3169 3169 946 946 2435 2435 3169 946 2435
1251 4320 4320 1356 2612 2612 2612 2852 1356 4320 1251 1356 1356 4021 4021 1376 3194 1368 1376 3194
1251 2852 2852 2852 561 611 1251 2852 561 561 561 946 2435 2852 1251 2435 1251 2435 1251 2435
4015 4015 946 4015 2852 2852 946 4015 4015 946 4015 946 946 2435 561 611 4015 946 946 946
1812 1812 1812 1812 1812 1812 1812 1812 1812 1812 1812 1812 1812 1812 2612 2612 4021 4021 2852 1251
1812 1812 1812 1812 1812 1812 1812 1812 1812 2612 2612 4021 4021 1376 3194 1581 2852 1251 4320 4320
1812 1812 1812 1812 1812 1812 2612 2612 4021 4021 2852 1251 1581 2852 1251 4320 4320 1251 4320 1356
4015 1376 1376 1251 1251 1251 4015 2852 4015 561 1251 4015 1251 2435 561 1251 2435 1251 2852 1251
1251 1356 1356 2852 3194 1356 2852 1251 4320 4320 1251 4320 1356 1356 1356 1356 2852 4320 1356 2852
1737 1737 4684 4684 590 590 590 590 590 590 590 590 590 590 590 590 590 590 590 590
4684 4684 4684 4684 4684 1737 590 3221 590 590 3221 590 590 590 590 590 590 590 590 590
4015 561 946 4015 561 946 4015 946 2852 946 946 946 946 4320 1356 2612 2612 2612 2612 2612
1356 3194 1356 2852 1251 4320 4320 1251 4320 1356 1356 1356 1356 2852 4320 1356 2852 561 1251 2435
2852 4015 1251 4015 4015 4015 1251 4015 4015 1251 1251 4015 2852 1251 561 561 561 1251 1251 2435
2852 1356 4320 1251 1356 1356 2612 2612 1376 1376 1376 2612 1376 1376 1376 1376 4021 4021 2612 1376
1356 3194 1356 2852 1251 4320 4320 1251 4320 1356 1356 1356 1356 2852 4320 1356 2852 561 1251 2435
1251 611 1356 1251 1251 4320 4320 1356 2852 2852 1356 1251 4320 1251 1356 1356 1376 2612 1376 1376
1581 1356 1581 2852 4320 1356 2852 561 1251 4015 4015 4015 1251 4015 4015 4015 1251 2435 4015 1251
561 1251 4015 4015 611 4015 2852 611 561 561 611 2435 561 561 1251 2852 1251 1251 129 4320
4015 4015 4015 1376 1251 4015 4015 2852 1251 1251 4015 2435 129 1376 1376 1251 1251 4015 2852 2435
2852 1251 4320 1251 4320 1356 1581 2852 2612 2612 1251 129 2852 4320 1356 2852 561 1251 2435 2435
1251 4015 4015 4015 946 4015 4015 1251 946 946 4015 2852 561 561 611 1251 2435 561 561 561
611 946 946 2852 946 1251 946 2612 4320 4320 1356 2612 2612 2852 1356 4320 1251 1356 1356 4021
1356 1356 2852 1376 3194 1356 2852 1251 4320 1251 1251 4320 1356 1356 1356 1356 2852 4320 1356 2852
1356 2852 1251 4320 4320 1251 4320 1356 1356 1356 1356 2852 4320 1356 2852 561 1251 2435 2435 2435
1251 2852 2852 2435 1251 2852 4015 2852 1251 4015 2435 1251 2435 1251 2852 1251 561 561 1251 1251
4320 2852 1356 1356 1356 1356 1251 611 611 2852 1251 4320 4320 1356 2852 1356 4320 1356 2852 561
1251 4320 1251 1251 4320 1356 1356 1356 1356 2852 4320 2852 2852 561 1251 2435 2435 2435 1251 2435
2852 1356 3194 1251 1356 1356 4021 4021 1376 3194 1368 1376 3194 3194 1368 1368 3194 1368 1376 3194
2852 561 611 1251 1251 2852 1251 1251 1251 4320 4320 1356 2612 2612 2612 2852 1356 4320 1251 1356
611 946 561 561 2435 946 946 4015 946 4015 2852 4015 1251 561 4015 1251 611 4015 1251 4015
1356 1581 2852 4320 1356 2852 561 1251 4015 4015 4015 1251 4015 4015 4015 1251 2435 4015 1251 1251
946 1251 2852 4015 2852 1251 4015 561 1251 1251 611 2435 1251 2435 561 561 1251 1251 2852 561
1376 1356 3194 1376 1376 3194 1368 1376 3194 3194 1368 1368 1376 3194 1376 3194 1368 1376 3194 1368
1356 1581 2852 4320 2852 1812 4015 1251 2435 2435 2435 1251 946 2435 2435 2435 2435 2852 1251 2435
4015 946 4015 611 4015 561 561 946 946 2852 561 611 2435 561 946 2435 561 946 2435 946
946 2435 561 946 946 611 2852 946 1251 946 4320 4320 1356 2612 2612 2612 2852 1356 4320 1251
611 4015 1251 2435 561 1251 561 561 1251 2852 561 611 2435 1251 1251 1251 1251 2852 1251 1251
1251 4015 4015 4015 1251 4015 4015 4015 1251 4015 4015 1251 4015 2852 1251 1251 561 561 1251 1251
1376 1376 3194 1376 1368 1368 3194 1368 1376 1376 3194 1368 1376 3194 1376 1376 1376 1376 1376 1376
1376 1376 1376 1376 3194 1356 2852 1376 1251 4320 4320 1251 4320 1356 1356 1356 1356 2852 4320 2852
1356 1356 1356 1356 2852 4320 1356 2852 561 1251 2435 2435 2435 1251 2435 2435 2435 1251 2435 2435
1812 1812 1812 1812 1812 1812 1812 1812 1812 2612 2612 4021 4021 2852 3194 1581 2852 1251 4320 4320
4320 4320 1356 2852 1356 4320 1356 2852 561 4320 1251 1356 1356 1251 4015 2435 4015 1251 2435 4015
1376 3194 2612 2612 1376 1376 1376 3194 1356 2852 1251 4320 4320 4320 4320 1356 1356 1356 1356 2852
4320 1356 1356 1581 1581 2852 4320 1356 2852 561 1251 4015 2435 2435 1251 2435 2435 2435 1251 2435
2852 2852 2852 1376 1436 4015 2852 4015 946 4015 2435 946 2435 2852 946 946 561 561 946 946
1251 4015 2852 1251 4015 1251 4015 1251 4015 611 4015 1251 2435 561 1251 561 561 1251 2852 561
4015 1251 2435 561 1251 561 561 1251 2852 561 611 2435 1251 1251 1251 1251 2852 1251 1251 4320
2852 2852 561 1251 4015 4015 4015 1251 4015 4015 4015 946 4015 2435 946 946 946 2435 2852 561
1581 1581 1581 2852 4320 2852 2852 2435 1251 2852 2852 2852 1251 2852 2852 2852 946 2852 2852 946
2852 4320 1356 2852 561 1356 1251 4015 4015 1356 611 2435 2435 1251 2435 2435 2435 1251 2435 1251
1356 2852 1251 4320 1251 1251 4320 1356 1356 1356 1356 2852 4320 1356 2852 561 1251 2435 2435 2435
1376 3194 1376 2852 3194 1356 2852 1251 4320 4320 1251 4320 1356 1356 1356 1356 2852 4320 2852 2852
946 561 561 561 946 4015 2852 946 4015 946 2435 946 2435 946 2435 946 2435 561 561 946
4684 4684 4684 1737 3221 3221 3221 3221 3221 3221 3221 590 590 590 590 590 590 590 590 590
2852 4320 1581 1812 561 1251 2435 4015 4015 946 2435 2435 2435 946 2435 2435 946 2435 946 2852
1812 1812 1812 2612 2612 4021 4021 1356 3194 1581 2852 1251 4320 4320 4320 4320 1356 1356 1581 1581
2612 2612 4021 4021 1376 3194 1356 2852 1251 4320 611 1251 4320 1356 1356 1356 1356 2852 4320 1356
611 2852 611 4015 946 4015 946 946 561 2435 4015 561 946 561 946 946 611 2435 946 2852
4320 4320 1251 4320 1356 1356 1356 1581 2852 4320 1356 2852 561 1251 2435 2435 2435 1251 2435 2435
1356 1251 4015 4015 1376 1251 2435 4015 1251 4015 2435 2435 1251 2435 1251 1251 2435 2435 2852 561
4684 4684 1737 1737 1737 1737 4684 4684 4684 4684 4684 4684 4684 4684 4684 590 590 590 590 590
590 590 590 2612 2612 2612 2612 2612 2612 2612 2612 2612 2612 2612 2612 4021 2612 2612 4021 4021
4015 4015 1251 4015 4015 1251 1251 4015 2852 946 561 561 561 1251 1251 561 561 561 946 1251
1581 1376 3194 1251 1376 1356 3194 1356 2852 1251 4320 4320 1251 4320 1356 1356 1356 1356 2852 3194
1251 1376 2852 3194 1356 2852 1251 4320 1251 1251 4320 1356 1356 1356 1356 2852 4320 1356 2852 561
1251 2852 2852 4015 946 4015 2852 946 4015 2852 946 946 561 561 946 946 2435 946 946 2852
590 590 590 590 590 590 4684 4684 4684 4684 4684 4684 4684 4684 4684 2612 2612 2612 4021 2612
1251 1376 2852 3194 1356 2852 1251 4320 1251 1251 4320 1356 1356 1356 1356 2852 4320 1356 2852 561
4684 4684 4684 4684 4684 4684 4684 4684 4684 590 590 590 590 590 590 590 590 590 590 590
2852 946 4015 611 4015 946 4015 611 4015 946 4015 561 2435 611 946 946 2852 561 946 946
1251 2852 4015 2852 1251 2852 4015 1251 946 2852 946 2852 561 561 1251 1251 561 1251 1251 2852
1251 4015 2852 561 1251 561 1251 561 1251 561 611 4015 1251 561 561 1251 1251 4015 561 611
561 946 1251 4015 2852 611 2852 611 4015 611 4015 611 2435 611 4015 561 1251 561 561 1251
561 611 4015 946 4015 946 946 2852 946 946 946 946 2852 2435 2435 3169 3169 3169 946 2852
2612 946 4320 4320 1356 2612 2612 2852 1356 1251 4320 1251 1356 1356 4021 4021 1376 3194 1368 1376
2852 1251 1251 1251 1251 2852 1251 1251 4320 4320 1356 2612 2612 2852 1356 4320 1251 1356 1356 2612
4015 4015 4015 946 4015 4015 946 4015 946 2852 946 561 3169 946 946 2435 561 561 946 946
1251 1581 1376 3194 1251 1376 2852 3194 1356 2852 1251 4320 4320 1251 4320 1356 1356 1356 1356 2852
2852 1251 4320 611 1251 4320 1356 1356 1356 1356 2852 4320 1356 2852 561 1251 2435 2435 2435 1251
1251 4015 4015 4015 1251 4015 4015 4015 946 4015 4015 946 4015 2852 946 946 561 561 946 946
1251 2852 2852 2852 561 611 1251 2852 561 561 561 946 2435 2852 1251 2435 1251 2435 1251 2435
1251 4015 2852 1251 4015 1251 2852 1251 561 561 1251 1251 2435 561 561 1251 1251 2435 2435 2852
1356 3194 1356 2852 1251 4320 4320 1251 4320 1356 1356 1356 1356 2852 4320 1356 2852 561 1251 2435
1356 2852 1356 3194 1251 1356 1356 2852 1376 2612 3194 1376 1376 1376 1376 1376 1376 1376 129 2612
611 2852 561 946 2852 2435 611 946 946 2852 946 1251 946 4320 4320 1356 2612 2612 2612 2852
611 1251 2435 1251 1251 2852 611 611 611 1251 4320 4320 1356 2852 1356 4320 1251 1356 1356 1376
2852 1251 4320 1251 1251 4320 1356 1356 1356 1356 2852 4320 1376 2852 561 1251 2435 2435 2435 1251
1368 3194 1368 1376 3194 3194 1368 1368 2612 3194 611 1368 1376 1376 1376 1376 1376 1376 3194 1368
2852 561 561 611 946 2435 561 561 561 946 946 2435 2852 946 2435 946 2435 1251 2435 946
1737 1737 1737 1737 4684 4684 4684 4684 4684 4684 4684 4684 4684 590 590 590 590 590 590 590
1376 3194 1356 1376 3194 3194 1356 1376 3194 1376 1356 3194 1356 2852 1251 4320 611 1251 4320 1356
4015 4015 946 946 4015 946 2852 561 561 561 946 946 561 561 561 946 946 2435 2435 611
946 561 561 946 946 4015 561 561 946 946 2435 2435 2852 946 2435 946 2435 946 2435 946
561 946 946 2852 2852 946 2852 561 946 611 4015 611 4015 946 2435 946 4015 561 611 2852
1581 3194 1251 1581 1581 1376 3194 1581 2852 1251 4320 4320 1251 4320 1356 1356 1356 1356 2852 4320
3194 1356 2852 1251 4320 611 1251 4320 1356 1356 1356 1356 2852 4320 1356 2852 561 1251 2435 2435
2435 2852 946 946 2435 946 561 561 561 946 946 2852 946 611 611 946 129 4320 1356 2852
2852 2852 561 946 611 4015 561 946 561 611 2435 946 2435 946 946 2852 946 946 946 946
1251 4320 4320 1356 2612 2612 2612 2852 1356 1251 4320 1251 1356 1356 4021 4021 1376 3194 1368 1376
4015 946 4015 611 4015 611 4015 561 946 561 946 4015 561 946 2435 561 611 4015 561 946
1376 1376 1376 1376 1376 2612 2612 1376 1376 1376 1376 2612 2612 1376 2612 1376 1376 3194 1356 2852
1376 1356 3194 1356 2852 1251 4320 4320 1251 4320 1356 1356 1356 1356 2852 4320 1356 2852 561 1251
1376 1356 3194 1376 1376 3194 1368 1376 3194 3194 1368 1368 1376 3194 1376 3194 1368 1376 3194 1368
2435 1251 2435 1251 2435 561 1251 611 2435 611 2435 561 561 1251 1251 2852 561 561 1251 3169
946 2852 2852 2852 946 4015 4015 946 4015 946 946 2435 561 611 4015 946 946 946 2852 561
1376 3194 3194 1368 1368 3194 1368 1376 3194 1368 1376 3194 3194 1356 1376 3194 1376 1376 3194 1356
946 2852 946 1251 4320 4320 1356 2612 2612 2852 1356 1251 4320 1251 1356 1356 2612 1251 1368 4021
561 1251 1251 4015 4015 4015 1251 1251 4015 2852 561 1251 561 1251 561 1251 561 611 4015 1251
1251 2435 611 2852 4015 1251 561 611 1251 2852 1251 1251 4320 2852 4320 1376 1376 3194 1368 1376
1251 1251 1356 561 611 2852 561 1251 2852 561 611 2435 1251 2852 1251 1251 1251 1251 4320 1356
1376 1376 1376 1376 1376 1376 1376 1376 1376 1376 1376 2612 1376 1376 1376 1376 1376 1376 2612 2612
946 946 561 561 946 946 2852 946 946 2852 946 611 946 1251 129 4320 1356 2852 1356 4320
3194 1368 1376 3194 3194 1368 1376 3194 3194 1376 1376 1376 1376 1376 1376 129 1376 1376 1376 3194
4320 1251 4320 1356 1581 1356 1356 2852 4320 1356 2852 561 1251 2435 2435 2435 1251 2435 2435 2435
590 590 590 590 590 590 590 590 590 590 590 590 590 590 590 4684 4684 1737 1737 1737
1251 1251 4320 4320 1356 2612 1376 1376 1376 1376 2852 2852 1356 1251 4320 1251 1356 1356 2612 2612
561 561 946 1251 4015 2852 611 2852 611 4015 611 4015 611 2435 611 4015 561 1251 561 561
1737 2852 1737 1737 4684 4684 590 590 590 590 590 590 590 590 590 590 590 590 590 590
1581 1581 2852 4320 1581 2852 561 1251 4015 2852 4015 1251 2435 2435 2435 946 2435 2435 1251 946
1251 1356 1356 1376 3194 1356 2852 1251 4320 611 1251 4320 1356 1356 1356 1356 2852 4320 1356 2852
1368 1376 3194 1368 1376 3194 3194 1581 1376 3194 1251 1376 1356 3194 1356 2852 3194 4320 4320 1251
1581 1581 1581 1356 2852 4320 1356 2852 561 1251 4015 4015 2435 1251 4015 2435 4015 946 2435 2435
946 2852 561 946 4015 561 611 4015 4015 611 4015 946 4015 946 946 946 946 4320 1356 2612
1376 3194 1376 1368 3194 1376 4021 4021 1376 3194 1581 2852 3194 4021 1376 1376 1356 1356 1368 4021
1251 561 611 946 946 2852 946 1251 946 2612 129 4320 1356 2612 2612 2852 1356 4320 1251 1356
4015 4015 1251 4015 4015 4015 946 4015 4015 1251 1251 1251 2435 2852 561 561 1251 1251 2435 3169
1376 2612 1376 1376 1376 1376 1376 1376 1376 1376 1376 2612 2612 4021 4021 1376 1376 3194 1368 1376
1812 1812 1812 1812 1812 1812 1812 2612 2612 4021 4021 2852 1251 1356 2852 1251 4320 4320 4320 4320
1737 1737 1737 1737 4684 4684 4684 4684 4684 4684 4684 590 590 590 590 590 590 590 590 590
2852 1356 4320 1251 1356 1356 4021 4021 1376 3194 1368 1376 3194 3194 1368 1368 3194 1368 3194 1376
1251 1376 1356 3194 1356 2852 1251 4320 4320 1251 4320 1356 1356 1356 1356 2852 4320 1356 2852 561
4021 4021 2612 1376 1376 3194 1368 1376 3194 3194 1368 1368 3194 1368 1376 1376 1376 1376 1376 1376
1356 2852 1356 4320 1251 1356 1356 1376 3194 1356 2852 1251 4320 4320 1251 4320 1356 1356 1356 1356
4015 561 611 4015 2612 611 946 2852 946 946 946 946 4320 1356 1376 3194 1581 1376 3194 3194
1376 1376 1376 1376 1376 1376 1376 1376 1376 1376 1376 1376 1376 2612 1376 1376 1376 1376 1376 1376
4320 1251 1251 4320 1356 1356 1356 1356 2852 4320 1356 2852 561 1251 2435 2435 2435 1251 2435 2435
946 4015 2852 561 561 1251 1251 2435 1251 946 2852 611 611 946 1251 4320 4320 1356 2852 1356
4015 4015 946 946 946 4015 2852 561 561 611 946 561 561 561 946 946 2435 4015 2852 946
561 611 1251 561 1251 1251 2852 611 611 946 1251 4320 4320 1356 2852 1356 4320 1251 1356 1356
1737 4684 4684 4684 4684 1737 1737 4684 4684 4684 590 590 590 590 590 590 590 590 590 590
1251 2435 4015 4015 946 4015 4015 946 946 4015 946 2852 561 561 611 1251 2435 561 561 561
561 611 2435 561 1251 1251 611 2852 1251 1251 1251 129 4320 1356 1356 2852 1356 3194 1251 1356
4684 590 590 590 590 590 590 590 590 590 590 590 590 590 590 590 590 4684 4684 1737
4320 1251 4320 1356 1356 1581 1356 2852 4320 1356 2852 561 1251 2435 2435 2435 2612 2612 1251 2435
561 561 561 946 946 561 561 561 946 946 2435 2852 946 2435 946 2435 946 2435 946 2435
4684 1737 1737 1737 1737 4684 4684 4684 4684 4684 4684 4684 4684 4684 590 590 590 590 590 590
2435 561 561 561 1251 1251 4015 2852 1251 2435 1251 2435 1251 2435 611 2435 1251 2435 561 1251
1251 4320 4320 1356 2612 2612 2852 1356 4320 1251 1356 1356 2612 4021 4021 1368 3194 1368 1368 3194
2852 1376 1368 1376 1251 1251 1251 1251 3194 1368 1368 4320 1356 3194 1368 1376 3194 1368 1376 3194
611 4015 611 4015 561 946 561 946 2852 561 946 2435 561 611 4015 561 946 4015 946 2852
4015 4015 4015 1251 4015 4015 1251 4015 2852 1251 1251 561 561 1251 1251 2435 4015 4015 1251 1251
1376 3194 1356 2852 1251 4320 4320 1251 4320 1356 1356 1356 1356 2852 4320 1356 2852 561 1251 2435
1812 1812 1812 1812 2612 2612 4021 4021 1356 3194 1356 2852 1251 4320 4320 4320 4320 1356 1356 1356
2612 2612 4021 4021 1356 3194 1356 2852 1251 4320 4320 1251 4320 1356 1356 1356 1356 2852 4320 1356
1737 1737 1737 1737 4684 4684 4684 4684 4684 4684 4684 4684 4684 590 590 590 590 590 590 590
1251 1581 1356 4021 4021 1376 3194 1368 1376 3194 3194 1368 1368 3194 1368 1376 3194 1368 1376 3194
1251 1251 561 1251 1251 2852 611 611 1251 1251 4320 4320 1356 2852 1356 4320 1251 1356 1356 1376
2435 2435 2435 1251 946 2435 4015 2435 2435 2852 1251 2435 2435 946 946 946 946 561 2435 2435
946 561 561 611 946 4015 561 561 946 946 4015 2852 611 2435 611 2435 561 561 946 611
4684 4684 4684 4684 4684 4684 4684 4684 590 590 590 590 590 590 590 590 590 590 590 590
1368 1356 1376 1376 1376 1376 1376 1376 1376 2612 1376 1376 2612 2612 2612 1376 1376 2612 2612 1812
1812 1812 1812 1812 1812 1812 1812 1812 1812 1812 2612 2612 4021 4021 2852 3194 1581 2852 1251 4320
2435 2852 2435 1251 4015 2435 2435 946 4015 2435 1251 946 2435 1251 2852 561 561 611 1251 3169
2612 2852 1356 4320 1251 1356 1356 4021 4021 1376 3194 1368 1368 3194 1376 1368 1368 3194 1368 1376
4015 4015 946 946 4015 946 2852 561 561 611 946 3169 3169 3169 946 946 2435 2435 2852 946
1251 4015 2852 611 2852 611 4015 611 4015 611 4015 611 4015 561 1251 561 561 1251 2852 561
611 4015 946 2852 2435 611 4015 2852 561 561 561 561 946 2852 946 946 1251 4320 1356 2612
1376 1376 1376 2612 1376 1376 1376 1376 1376 1376 2612 2612 1376 1376 1376 1376 1376 1376 2612 1376
946 4320 4320 1356 2612 2612 1376 1376 1376 1376 1376 129 2852 1356 4320 1251 1356 1356 2612 2612
1251 2852 561 1251 1251 2852 561 611 4015 561 561 1251 561 561 1251 1251 2852 1251 1251 1251
1251 4320 1356 1356 1581 1356 2852 4320 2852 2852 561 1251 2435 2435 2435 1251 1251 4015 2435 4015
2852 946 946 2852 4015 561 561 561 561 946 2852 561 946 2435 2435 946 2435 946 2435 561
561 1251 4015 4015 4015 1251 4015 4015 4015 1251 4015 4015 1251 1251 2435 2852 1251 561 561 561
4015 2852 561 561 946 946 4015 561 946 946 2852 611 611 611 611 2435 561 4015 561 1251
946 2435 561 946 2852 561 611 4015 561 561 946 561 611 2435 561 611 2852 946 946 946
1251 4320 1356 1581 1356 1581 2852 4320 1356 2852 561 1251 2435 2435 2435 1251 2435 2435 2435 1251
3194 1356 2852 1251 4320 4320 1251 4320 1356 1356 1356 1356 2852 4320 1356 2852 561 1251 2435 2435
561 946 561 611 4015 561 611 2852 946 946 946 946 4320 1356 2612 2612 2612 2612 2612 2612
1251 1356 1356 2612 1376 2612 1376 1376 1376 1376 1376 1376 1376 1376 1376 2612 2612 4021 4021 1376
946 946 4015 4015 2852 946 2852 946 2852 946 2435 946 2435 946 2435 561 946 946 2852 561
4015 1251 4015 4015 4015 946 4015 4015 946 946 4015 946 2852 3169 3169 946 946 2435 3169 3169
2852 2852 946 4015 4015 946 946 946 4015 2852 4015 561 611 946 561 561 561 946 946 4015
946 4015 946 4015 946 4015 946 4015 561 946 4015 561 561 946 561 611 946 946 2852 946
561 561 1251 2852 1251 1251 4320 4320 1356 2612 2612 2852 1356 4320 611 1356 1356 1251 1356 4021
561 4015 4015 1436 4320 1368 1368 946 4015 4015 2435 946 2435 2435 946 1368 946 2435 946 2852
1376 3194 1251 1356 1376 3194 1376 1356 3194 1356 2852 1251 4320 4320 1251 4320 1356 1356 1356 1356
2852 1251 4015 4015 4015 946 4015 4015 1251 1251 1251 4015 2852 3169 3169 1251 1251 2435 3169 3169
946 1251 4015 2852 611 2852 611 4015 611 4015 611 2435 611 4015 561 1251 561 561 1251 2852
4684 4684 4684 4684 4684 4684 4684 1737 590 590 590 590 590 590 590 590 590 590 590 590
2852 946 946 946 4015 2852 561 561 611 946 561 946 946 2852 611 611 946 1251 4320 4320
3194 2612 2612 2612 2612 2852 3194 1356 2852 1251 4320 4320 4320 1356 1356 2852 2612 2612 4320 129
4320 2852 2852 2435 1251 2435 4015 4015 946 2435 4015 4015 946 2435 2435 946 946 2435 2852 946
1356 4320 1251 1251 1356 1356 2852 1376 3194 1356 2852 1251 4320 611 1251 4320 1356 1356 1356 1356
946 1251 2852 946 1251 4320 4320 1356 2612 2612 2612 2852 1356 1251 4320 1251 1251 1356 1581 1356
561 561 561 611 946 4015 2852 611 4015 946 2435 946 2435 946 2435 946 2435 946 2435 561
2435 561 1251 561 561 1251 2852 561 611 2435 1251 1251 1251 1251 2852 1251 1251 4320 4320 1356
1251 2852 2852 946 1251 561 561 946 946 2435 946 946 2852 1251 611 946 1251 129 4320 1356
1376 1376 1376 1376 1376 1376 1436 1436 1436 1436 1376 4021 1376 2852 1376 4021 1376 1581 1368 1376
1812 1812 1812 1812 1812 1812 1812 1812 2612 2612 4021 4021 2852 1251 1356 2852 1251 4320 4320 4320
3194 3194 1368 1368 3194 1368 1376 3194 1356 1376 3194 4320 1356 1376 3194 1376 1376 3194 2435 2852
1812 1812 1812 1812 1812 1812 1812 1812 1812 1812 2612 2612 4021 4021 1376 1251 1581 2852 946 4320
2852 561 561 946 946 4015 561 561 946 946 2435 4015 2852 946 2435 1251 2435 1251 2435 946
2852 946 4015 611 4015 561 946 4015 946 946 4015 561 3169 611 946 946 2435 2852 3169 946
2852 2852 561 1251 4015 4015 4015 946 4015 4015 4015 946 2435 2435 946 946 946 2435 2852 2435
946 4015 611 4015 561 946 611 2852 946 946 561 946 2852 2435 1251 2852 1251 1251 4320 1356
590 590 590 590 590 590 590 4684 4684 4684 4684 4684 4684 4684 4684 4684 2612 2612 2612 4021
1251 2852 1251 2852 1251 2852 561 1251 1251 2852 561 611 2435 561 561 1251 561 561 1251 1251
1368 1368 3194 3194 1368 1368 3194 1368 1376 3194 1368 1376 3194 3194 1368 1376 3194 1376 1376 3194
561 946 946 2435 2852 2852 946 4015 946 2435 946 2435 946 2435 611 2435 561 561 946 946
1812 1812 1812 1812 2612 2612 4021 4021 2852 1251 1356 2852 1251 4320 4320 4320 4320 1356 1376 1356
561 1251 611 2852 946 1251 561 946 2852 2435 1251 2852 1251 1251 4320 1356 2612 2612 1251 1376
2852 561 561 561 946 946 4015 2852 561 946 561 946 946 2435 611 2435 611 2435 561 946
2852 561 1251 4015 4015 4015 1251 4015 4015 4015 946 4015 4015 1251 946 946 2435 2852 561 561
1368 3194 1368 1368 3194 3194 1368 1368 3194 1368 1376 3194 1368 1376 3194 3194 1368 1376 3194 1376
1737 1737 4684 4684 4684 4684 4684 590 590 590 590 590 590 590 590 590 590 590 590 590
1737 1737 4684 4684 4684 4684 4684 4684 4684 4684 4684 590 590 590 590 590 590 590 590 590
4015 561 946 561 611 4015 946 4015 946 946 2852 946 946 946 946 2852 2435 2435 3169 3169
