264 258 258 258 258 264 264 264 264 264 264 264 1917 1917 1917 1917 264 264 1917 264
1062 1062 1062 1062 1062 1062 1062 1062 1062 1062 1062 1062 1062 1062 1062 1062 1062 1062 1062 1062
264 264 260 260 260 264 1526 264 260 260 260 1526 1917 1526 1526 264 260 260 260 1526
1180 1719 264 620 260 1180 260 1719 260 620 1180 1719 620 1180 264 264 264 264 258 258
1180 1719 620 1180 1719 507 620 1180 1722 1180 507 507 1180 1917 1917 264 264 260 260 260
1180 1722 1180 507 507 507 507 507 1180 1180 507 1722 1180 264 264 264 264 264 264 258
1375 1375 1062 1062 1062 1062 1062 1062 1062 1062 1062 1062 1062 1062 1062 1062 1062 1062 1062 1062
264 264 260 264 264 260 264 1526 264 260 260 260 264 260 260 260 1526 264 260 260
1672 1719 507 620 507 1672 1672 620 1672 1719 507 620 1672 1719 507 620 1672 1719 507 620
1062 1062 1062 1062 1062 1062 1062 1062 1062 1062 1062 1062 1062 1062 1062 1062 1062 1062 1062 1375
507 1180 507 1722 1180 1180 264 264 1722 1180 507 507 507 1180 507 1180 507 1722 1180 264
620 1672 1672 620 1672 1719 620 1672 1719 620 1672 1719 507 620 1672 1719 507 620 1719 1737
1917 1917 1917 1917 264 264 264 264 260 1062 1062 1062 1062 1526 1062 1062 1062 1062 1062 1062
620 1672 1719 507 620 620 1672 1672 620 1672 1719 620 1672 1719 620 1672 1719 620 1672 1672
507 1722 1180 1722 1180 507 507 1180 264 264 264 264 264 264 264 264 258 258 1917 1917
1672 620 1719 1719 620 1672 1719 507 620 1672 1719 507 620 1672 1719 507 620 1672 1672 507
264 264 264 264 264 264 264 264 264 264 264 264 264 260 260 264 264 264 264 260
264 264 264 264 264 264 264 260 260 260 264 260 260 260 1917 1917 1180 507 1180 1719
620 620 1672 1672 620 1672 1719 620 1672 1719 620 1672 1719 507 620 1672 1719 507 620 1719
264 264 260 260 260 260 260 260 264 264 1917 1917 260 260 260 260 260 260 1526 1526
260 260 260 1526 1526 264 260 260 260 1917 1526 1526 1526 260 264 260 260 1526 1526 264
620 1672 620 1672 1719 507 620 620 1672 1672 620 1672 1719 620 1672 1719 620 1672 1719 620
260 260 260 1526 1526 264 260 260 260 1917 1526 1526 1526 264 260 260 260 264 1526 264
620 1672 1719 507 620 620 1672 1672 620 1672 1719 620 1672 1719 620 1672 1737 1737 1719 260
260 1917 258 258 258 264 264 264 264 264 264 1917 1917 1917 1917 264 264 264 264 260
1062 1062 1062 1062 1062 1062 1062 1062 1062 1062 1062 1062 1062 1062 1062 1062 1062 1062 1062 1062
1062 1062 1062 1062 1062 1062 1062 1062 1062 1062 1062 1062 1062 1062 1062 1062 1062 1062 1062 1062
1917 1719 620 1672 1719 507 620 620 1672 1672 620 1672 1719 620 1672 1719 620 1672 1719 620
260 258 258 258 258 264 264 264 264 264 1917 1917 264 1917 1917 264 264 264 264 260
1672 620 1672 1719 620 1672 1719 620 1672 1719 507 620 1672 1719 507 620 1672 1737 260 260
260 260 1526 1526 1917 1917 264 264 260 260 260 260 260 260 1526 1526 1526 1526 264 264
264 1722 1180 264 264 507 507 1180 507 1180 507 1722 1180 1722 1180 507 507 1180 507 1180
1180 1917 1180 507 1722 1180 264 264 264 264 264 264 264 264 264 264 264 264 260 260
264 258 258 1917 1917 264 264 264 264 264 264 264 264 264 1526 264 264 264 264 264
1375 260 260 1375 1062 1062 1062 1062 1062 1062 1062 1062 1062 1062 1062 1062 1062 1062 1062 1062
264 264 264 1375 1062 1062 1062 1062 1062 260 1375 1062 1062 1062 1062 1062 1062 1062 1062 1062
260 264 260 1719 620 1719 620 1672 264 1719 507 620 620 1672 1672 620 1672 1719 620 1672
1719 620 620 620 1672 1180 620 1672 1719 620 1672 1719 620 1672 1719 620 1672 1737 1719 620
1062 1062 1062 1062 1062 1062 1062 1062 1062 1062 1062 1062 1062 1062 1062 1062 1062 1062 1062 1062
1180 1180 620 1672 264 264 260 1719 620 1672 264 264 1719 620 1180 264 1719 620 1180 264
1526 264 264 264 264 264 264 264 1917 258 264 264 264 264 264 264 264 264 264 264
264 264 264 1722 264 264 507 507 264 264 507 1180 507 1722 1180 1180 1722 1180 507 507
1719 620 1672 1719 620 1672 1719 1719 620 1672 1672 620 620 1672 507 1672 620 1672 1719 507
264 1719 620 1180 620 1672 264 264 1719 507 620 620 1672 1672 620 1672 264 264 1719 620
258 1917 264 264 264 1917 258 264 264 264 264 264 264 264 264 264 264 264 264 264
1062 1062 1062 1062 1062 1062 1062 1062 1062 1062 1062 1062 1062 1062 1062 1062 1062 1062 1062 1062
1917 1719 1737 264 264 260 260 260 260 1917 1917 258 1917 264 264 1917 1917 1917 507 1180
258 507 1180 507 1722 1180 1722 1180 507 507 1180 264 264 264 264 264 264 264 264 258
260 260 260 260 260 264 264 264 264 264 264 264 264 1526 1526 1917 1917 1526 1526 1526
264 264 264 264 264 264 264 264 264 264 264 264 264 264 264 264 264 264 264 258
1672 620 1672 1719 620 1672 1719 620 1672 1719 620 1672 1672 1719 620 1672 1719 1719 620 1672
1062 1062 1375 264 260 260 264 264 264 1062 1062 1062 1062 1062 1062 1062 1062 1062 1062 1062
1719 1719 620 1719 507 507 1672 1672 1719 507 620 507 1672 1672 620 1672 1719 620 1672 1719
260 260 260 264 264 264 264 264 264 1526 1526 264 264 1526 1526 1917 1917 1526 1526 264
258 258 264 264 264 264 264 264 264 1917 1917 264 1917 1917 264 264 260 264 1526 1526
1672 620 1672 1719 620 1672 1719 620 1672 1719 507 620 1672 1737 1719 507 620 1672 1672 507
1719 620 1672 1672 620 507 620 1672 1180 507 1672 1719 507 620 620 1672 1672 620 1672 1719
264 264 264 264 264 264 264 264 264 264 264 264 260 260 264 264 264 264 260 260
264 260 260 260 1719 620 1180 620 1672 264 260 1719 620 620 620 1672 1672 620 1719 260
264 1917 1917 258 264 264 264 264 264 264 264 264 264 264 264 264 1917 1917 1917 264
1180 264 1719 620 620 620 1672 1672 264 620 1672 264 1719 260 1737 620 1672 264 1719 620
1917 260 1917 260 258 258 258 258 264 264 264 264 1917 1917 1917 1917 264 264 264 264
1672 1672 1719 620 1672 620 1719 620 1672 1719 507 620 620 1672 1672 620 1672 1719 620 1672
1062 1062 1062 1062 1062 1062 1062 1062 1062 1062 1062 1062 620 1062 1062 620 1062 620 1062 1062
1180 1719 620 1719 1719 620 1180 264 264 264 1719 620 620 1719 1672 620 1672 264 620 620
1180 507 1672 264 264 1917 507 1180 507 1722 1180 1722 1180 620 620 1180 507 1180 507 1722
260 258 258 264 264 264 1917 258 258 1917 264 264 264 264 264 264 264 264 264 264
507 1180 507 1180 507 1722 1180 1180 1722 1180 507 507 507 1180 507 1180 507 1722 1180 264
1062 1062 1062 1062 1062 1062 1062 1062 1062 1062 1375 1375 1062 1062 1062 1062 1062 1062 620 1062
258 264 264 264 264 264 264 264 264 264 264 264 264 264 260 260 264 264 264 264
1917 1917 1526 1917 1917 1917 264 264 264 264 264 264 264 264 264 264 264 264 264 264
1062 1062 1062 1062 1062 1062 1062 1062 1062 1062 1062 1375 1062 1062 1062 1062 1375 260 260 1062
620 1672 1719 620 620 620 1672 1672 620 1672 1719 620 1672 1719 620 1672 1719 620 1672 1719
1917 1917 1917 1917 264 264 264 264 260 1917 260 1062 1526 1062 1062 1062 1062 1526 1062 1062
1672 1719 620 1672 1719 620 1672 1719 620 1672 1672 1719 507 1672 620 1719 620 1672 1719 620
1062 1062 1062 1062 1062 1062 1062 1062 1917 1062 1062 1062 1062 620 1672 1062 620 620 620 1062
1917 264 264 264 1917 258 264 264 264 264 264 264 264 264 264 264 264 264 264 260
620 620 1672 1719 620 620 1672 264 264 264 264 1719 507 620 1180 1672 620 1672 264 1719
1180 1722 507 1180 507 507 1180 264 264 264 264 264 264 264 264 258 1917 1526 1526 258
1719 507 1672 1719 507 620 507 1672 1672 620 1672 1719 507 620 1672 1719 507 620 1672 1719
1062 1062 1062 1062 1062 1062 1062 1062 1062 1062 1062 1062 1062 1062 1062 1062 1062 1062 1375 1062
1062 1062 1062 620 1062 264 1062 1062 1062 1062 1062 1062 1062 1062 1062 1062 1062 1062 1062 1062
264 264 264 1917 264 264 264 1917 258 264 264 264 264 264 264 264 264 264 264 260
1062 1062 1062 1062 1062 1062 1062 1062 1062 1062 1062 1062 1062 1062 1062 1062 1062 1062 1062 1062
1672 1719 507 620 620 1672 1672 620 1672 1719 620 1672 1719 620 1672 1719 620 1672 1672 1719
264 264 260 260 260 260 1917 258 258 258 264 264 264 264 264 264 258 258 258 258
264 264 264 264 260 264 264 264 264 264 264 264 264 264 1917 1722 1180 620 1180 264
1062 1062 1062 1062 1062 1062 1062 1062 1062 1062 1062 1062 1062 1062 1062 1062 1375 1375 1062 1375
1719 507 620 620 1672 1672 620 1672 1719 620 1672 1719 620 1672 1719 620 1672 1719 620 1672
1180 1719 507 620 1672 1719 507 620 1672 1719 507 620 1180 620 1672 620 620 1672 1719 507
258 258 264 264 264 264 264 264 264 264 264 264 260 264 264 264 264 260 1917 260
1180 1672 620 1672 1719 507 620 1672 1719 507 620 1672 1719 507 620 1672 1737 1737 1737 264
264 258 258 1917 1917 264 264 264 264 264 264 264 264 264 1526 264 264 264 264 1917
264 264 264 264 264 264 264 264 264 264 264 264 264 264 264 264 264 264 264 264
1917 507 1180 507 1722 1180 1722 1180 507 507 1180 507 1180 507 1722 1180 1722 1180 507 507
1672 1719 620 1672 1672 1719 620 1180 620 1672 620 1672 1719 507 620 620 1672 1672 620 1672
620 1672 1672 1719 620 1672 620 1672 507 1672 1719 507 620 620 1672 1672 620 1672 1719 620
1180 1672 620 1672 1719 620 1672 1719 620 1672 1719 620 1672 1672 620 620 1672 620 1180 620
264 264 264 264 258 258 258 258 1180 1180 507 507 1180 507 1180 507 1722 1180 1722 1180
264 264 264 264 264 264 264 264 264 264 264 264 264 1917 1917 1526 1722 1526 1526 1526
1672 1719 620 1672 1672 620 507 620 1672 1672 507 1672 1719 507 620 620 1672 1672 620 1672
1719 507 507 1180 620 1180 264 264 260 260 260 260 260 260 507 1180 507 1722 1180 1722
260 264 264 260 260 620 620 1719 620 1180 1719 507 620 620 1672 1672 620 1180 1719 620
260 264 264 264 264 260 260 1917 258 264 264 264 264 260 260 260 260 260 260 264
1917 260 260 258 258 258 258 264 264 264 264 264 1917 1917 264 1917 1917 264 264 264
1062 264 260 260 264 264 1062 1062 1062 1062 1062 1062 1062 1062 1062 1062 1062 1062 1062 1062
1719 1719 620 1719 620 1672 1719 507 620 620 1672 1672 620 1672 1719 620 1672 1719 620 620
1180 1917 1917 264 264 260 260 260 260 260 260 507 1180 507 1722 1180 1722 507 507 1180
264 264 264 264 264 260 260 264 264 260 260 260 1526 1917 264 260 260 260 1526 1526
1062 1917 1719 1719 258 1719 1917 1180 620 1672 1719 507 620 620 1672 1672 620 1672 1719 620
1062 1062 1062 1062 1062 1062 1062 1062 1062 1062 1062 264 264 260 260 260 260 1062 1062 260
1062 1062 1062 620 1917 1917 264 1719 620 1180 620 1180 1719 620 620 620 1180 1180 620 1719
264 264 264 264 264 264 264 264 264 260 260 264 264 260 260 260 264 260 260 260
264 264 264 260 260 1917 258 264 264 264 264 260 260 260 260 260 260 264 264 260
264 264 260 258 260 258 1917 264 264 264 1917 258 264 264 264 264 264 264 264 264
1062 1062 1062 1062 1062 1917 1917 1062 1062 1719 620 1672 1719 507 620 620 1672 1672 620 1719
1062 1062 1062 1062 1062 1062 1062 1062 1062 1062 1062 1062 1062 1062 1375 1375 1375 1375 1062 1062
1062 1062 1062 264 1062 1062 1062 1062 1375 264 260 260 1917 1917 1062 1062 1062 1062 1062 1062
264 264 264 264 264 264 264 264 264 264 264 264 260 260 1917 1917 260 260 264 264
620 620 1180 1180 620 1180 264 1719 264 264 264 264 264 264 264 1917 258 264 264 264
1180 507 1722 1180 264 264 264 264 264 264 264 264 264 264 264 264 264 264 264 264
507 620 1180 1722 1180 507 620 1180 258 620 620 620 1719 507 1672 1719 507 620 507 1672
1917 1917 1917 1917 264 264 264 264 264 264 264 264 1917 1722 1526 1526 1722 1526 260 1917
264 507 1722 1180 264 264 264 264 264 264 264 264 264 264 264 264 264 264 264 264
620 1180 1672 620 1719 1719 620 1672 1719 620 620 1672 1719 507 620 620 1672 258 1719 620
1062 1062 1062 1062 1062 1062 1062 1062 1062 1062 1375 1062 1062 1062 1062 1062 1062 1062 1062 1062
620 1672 1719 507 620 620 1672 1672 620 1672 1719 620 1672 1719 620 1672 1719 1719 620 1672
260 1526 1526 1917 1917 264 264 260 260 260 260 260 260 1526 1526 1526 1526 264 264 260
1719 1917 507 1180 507 1722 1180 1180 1722 1180 507 507 507 507 1180 507 1180 507 1722 1180
1917 1917 1917 264 264 264 264 264 264 264 264 1917 1062 1526 1062 1062 1526 260 1917 1526
258 258 264 264 264 1917 258 264 264 264 264 264 264 264 264 1917 1526 1180 264 507
264 260 260 260 264 260 260 260 1917 1719 1526 1180 620 1672 1719 507 620 620 1180 1180
1719 620 1180 1719 620 1180 1719 620 1180 264 260 260 260 264 264 264 264 258 258 1917
1180 507 507 1180 507 1180 507 1722 1180 1722 1180 507 507 1180 1719 620 1180 1672 620 1672
1062 1375 1375 1375 1375 1062 1062 1062 1062 1062 1062 1062 1062 1062 1062 1062 1062 1062 1062 1062
258 258 258 264 264 264 264 264 264 1917 1917 1917 1917 264 264 264 264 260 1917 260
264 264 1375 264 1375 1062 1062 1062 1062 1062 1062 1062 1062 1062 1062 1062 1062 1062 1375 264
260 260 1719 620 1180 260 1719 620 620 1180 1719 620 620 1180 264 264 264 264 258 258
260 264 264 1737 1917 1719 1917 260 260 264 264 260 260 1917 1917 1917 507 1180 507 1722
1062 1062 1062 1062 1062 1062 1062 1375 1375 1375 1375 1062 1062 1062 1062 1062 1062 1062 1062 1062
264 1180 1722 1180 507 507 507 1180 507 1180 507 1722 1180 264 264 260 260 1917 1917 260
620 1719 507 1672 507 1672 1719 507 620 507 1672 1672 620 1672 1719 620 1672 1719 620 1672
1062 1062 1062 1062 1062 1062 1062 1062 1062 1062 1062 1062 1062 1062 1062 1062 1062 1062 1062 1062
1062 1062 1062 1062 1062 1062 1062 1062 1062 1062 1062 1062 1062 1062 1062 1062 1062 1062 1062 1062
1722 1180 264 264 264 264 264 264 264 264 264 264 264 264 264 264 264 264 264 264
264 260 260 1917 1917 260 260 1917 1917 507 1180 507 1722 1180 1722 507 1180 507 507 1180
1062 1062 1062 1062 1062 1062 1062 1062 1062 1375 1375 1062 1062 1062 1062 1062 1062 1062 1062 1062
620 1180 1719 620 1180 264 1719 620 1180 1180 507 1672 1719 264 264 1737 1737 264 264 264
264 264 264 264 264 264 1917 1917 1917 1917 264 264 1917 264 258 1526 1526 1526 1719 1526
260 260 264 258 1719 1526 1180 620 1180 1719 620 620 620 1672 1180 620 1672 1719 620 1180
264 1719 620 620 1180 1180 620 1180 1719 264 264 264 258 258 264 264 264 264 264 264
260 260 1719 1917 1719 620 1719 620 1672 1719 507 620 620 1672 1672 620 1672 1719 620 1672
620 1180 1719 620 1180 264 1719 620 1180 1180 620 1180 1719 264 264 264 1737 264 264 264
1917 1917 264 1917 260 260 1917 1917 1722 1917 1917 1917 1917 1917 1719 1917 1917 1917 264 264
260 260 260 260 260 260 1526 1526 1526 1526 264 264 260 260 260 260 260 260 1526 1526
264 264 264 264 264 264 264 264 264 260 260 264 260 1917 260 1917 264 264 264 258
1180 620 1180 264 264 264 264 264 264 264 264 1917 1917 507 1180 507 1722 1180 1180 1722
258 1719 620 620 1180 264 264 260 260 1917 1917 264 264 264 264 1917 258 264 264 264
1719 1917 1719 1719 1719 1180 620 1672 1719 507 620 620 1672 1672 620 1672 1719 620 1672 1719
264 264 260 260 258 258 264 264 264 1917 258 264 264 264 264 264 264 264 264 264
620 1672 1719 264 620 620 620 1672 1672 620 1672 1719 620 1672 1719 620 1672 1719 620 1672
1719 507 620 1180 1719 1719 1719 507 620 1180 1719 507 264 264 260 260 260 260 260 260
1917 264 264 264 264 264 264 264 264 264 1526 264 264 264 264 1917 260 264 264 260
264 264 264 264 260 260 1917 1917 260 260 1917 1917 507 1180 507 1722 1180 1722 507 1180
1062 1062 1062 1062 1062 1062 1062 1062 1062 1062 1062 1062 1062 1062 1062 1062 1062 1062 1062 1062
1180 1719 620 1180 1719 620 1180 1180 507 1672 264 264 264 264 264 264 1737 264 1719 1719
1180 264 264 264 264 264 264 264 264 1917 1917 507 1180 507 1722 1180 1180 1722 1180 507
264 264 264 264 260 260 264 264 260 260 260 1526 1917 264 260 260 260 1526 1526 264
1062 1062 1062 1062 1062 1062 1062 1062 1062 1062 1062 1062 264 264 260 260 260 260 260 260
620 1180 264 264 260 264 264 264 264 264 1917 1917 1917 1917 507 1180 507 1722 1180 1180
260 260 260 260 260 1719 1719 1719 620 1180 1719 507 620 620 1180 1672 620 1180 1719 620
1180 1719 507 1917 1180 1722 1180 507 507 1180 1917 1917 264 264 260 260 260 260 260 260
264 1917 1917 264 1917 1917 264 264 264 264 260 260 1062 1526 1062 1062 1526 1062 1526 1526
264 264 264 264 264 264 264 264 264 264 264 1917 1062 1526 1526 1062 1526 1062 1526 1062
1719 620 620 620 1672 1672 620 1672 1719 620 1672 1719 507 620 1672 1719 507 620 1672 1672
1722 507 1180 507 507 1180 264 264 264 264 264 264 264 264 1917 1917 1526 1526 258 1917
1672 1719 620 620 1672 1719 620 1672 1719 507 620 620 1672 1672 620 1672 1719 620 1672 1719
260 264 260 260 260 1917 1917 1526 264 260 260 260 1526 264 260 1526 260 260 1526 264
1062 1062 264 260 260 1375 1062 1062 1062 1062 1062 1062 1062 1062 1062 1062 1062 1062 1062 1062
260 264 260 260 260 1526 1917 264 260 260 260 1526 1526 264 260 260 260 1526 1917 1526
1062 620 1062 1719 1180 620 1180 264 1062 1062 1062 1062 1062 264 1062 1062 1062 1062 1062 1062
507 1672 264 264 1917 507 1180 507 1722 1180 1722 1180 507 507 1180 507 1180 507 1722 1180
264 264 260 260 260 260 260 260 1526 1526 264 264 260 260 260 260 260 260 258 1917
1526 1526 264 260 260 260 1917 1526 1526 1526 260 264 260 260 1526 1526 264 264 264 264
258 258 264 264 264 264 1917 1917 1917 1917 264 264 264 264 264 264 1917 260 1526 1526
1062 1062 1062 1062 1062 1062 1062 1062 1062 1062 1062 1062 1062 1062 1062 1062 1062 1062 1062 1062
1180 507 507 1180 507 1180 507 1722 1180 264 264 1722 1180 507 507 1180 507 1180 507 1722
507 507 1180 507 1180 507 1722 1180 264 264 1722 1180 507 507 1180 264 264 507 1180 507
264 264 260 1526 264 264 260 260 260 258 264 260 260 260 264 264 1526 264 264 260
620 1180 264 260 260 260 1917 264 264 264 264 258 258 264 264 1917 1917 264 264 264
1526 264 264 260 260 260 260 260 260 1526 1526 1526 1526 1526 1526 264 264 260 264 260
1917 260 260 260 260 1917 1917 1917 1917 1917 1917 1917 1917 1917 1917 1917 1917 1917 1917 1917
260 260 260 1917 1526 264 260 260 260 1526 264 260 264 260 260 1526 264 264 264 1526
260 260 264 260 260 260 1917 1917 1719 620 1719 620 1180 1719 507 620 620 1180 1180 620
264 264 264 260 260 1917 258 264 264 264 264 260 260 260 260 260 260 264 264 260
620 1672 620 1672 507 1672 1719 507 620 620 1672 1672 620 1672 1719 507 620 1672 1719 507
264 264 264 1917 1917 1917 1917 264 264 264 264 260 1722 1526 1526 1722 1526 1526 1526 1526
620 1672 1719 507 620 620 1672 1672 620 1672 1719 620 1672 1719 620 1672 1719 620 1672 1737
264 264 264 264 264 264 264 264 264 264 264 264 264 264 264 264 264 264 264 264
1062 1062 1062 1062 1062 1062 1062 1062 1062 1062 1062 1062 1375 1375 1062 1062 1062 1062 1062 1062
264 264 260 260 260 264 260 260 260 264 260 260 260 1526 264 260 260 260 1917 1526
258 264 264 264 264 264 264 264 264 264 264 264 264 260 264 264 260 260 1917 258
1062 1062 1062 1062 1062 1062 1062 1375 1062 1062 1062 1062 1062 1062 260 260 1375 1062 1062 1062
620 620 1180 264 264 260 260 1917 1917 264 264 264 264 258 258 264 264 264 264 264
1180 1917 1917 264 264 260 260 260 260 260 260 507 1180 507 1722 1180 1722 507 507 1180
620 1180 264 264 1719 507 620 620 1672 1672 620 1672 264 264 260 1719 620 1672 264 264
264 264 264 260 260 264 264 264 264 264 264 264 264 264 264 264 264 264 264 264
620 620 1672 1672 620 1672 1719 620 1672 1719 620 1672 1719 620 1672 1672 620 620 1672 620
620 1672 1719 620 1672 1719 1719 620 1672 1719 620 1672 1672 1719 1719 620 1672 1917 1719 620
620 1672 1719 1719 620 1719 507 507 1672 1672 1719 507 620 507 1672 1672 620 1672 1719 620
260 260 264 264 260 260 1917 1917 1917 507 1180 507 1722 1180 1722 1180 507 507 1180 507
1917 1917 1917 264 264 264 264 264 264 1917 260 1062 1526 1062 1062 1526 1062 1526 1062 1062
1672 264 1719 507 620 620 1672 1672 620 1672 1719 620 1672 1719 620 1672 1719 507 620 1672
1180 1672 620 1672 1719 620 1672 1719 620 1180 1719 620 1672 1672 620 620 1672 1917 1719 620
1722 1180 264 264 264 264 264 264 258 258 258 258 264 264 264 264 1722 507 507 264
1722 1917 260 260 258 258 258 258 264 264 264 264 1917 1917 1719 1917 264 264 264 264
1180 1719 620 1672 1917 1719 620 1672 1719 507 620 620 1672 1672 620 1672 1719 620 1672 1719
507 507 1180 1180 1180 507 1722 1180 264 264 264 264 1722 1180 507 507 1180 507 1180 507
260 260 1737 1917 264 264 260 260 260 260 260 260 1526 1526 264 264 260 260 260 260
264 264 258 258 264 264 264 264 264 1917 1917 264 264 264 264 264 264 264 264 260
620 620 1180 1180 264 620 1180 264 1719 260 264 620 1672 264 1719 620 1180 264 264 1719
264 258 258 258 258 264 264 264 264 264 264 1722 507 507 1180 1180 507 1722 1180 1180
1062 1062 1062 1062 1062 1062 1062 1062 1062 1062 1062 1062 1062 1375 260 1375 1062 1062 1062 1062
620 1180 1180 620 1180 264 1719 264 264 264 264 264 264 264 1917 258 258 264 264 264
264 1719 620 620 1180 1180 620 1180 1719 264 264 264 258 258 264 264 264 264 264 264
264 264 260 264 260 264 264 1526 264 260 260 260 1917 264 260 260 260 258 1526 264
620 1672 1672 620 1672 1719 620 1672 1719 620 1672 1719 620 1672 1719 620 1719 1917 1737 260
260 260 260 260 264 264 264 264 1526 1526 264 264 264 264 1917 1917 1526 1526 1526 1526
1062 1062 1062 1062 1062 1062 1062 1062 1062 1062 1062 1062 1062 1062 1062 1062 1062 1062 1062 1062
264 264 264 264 264 264 264 264 264 260 264 264 260 260 1917 258 264 264 264 1917
1719 620 1672 1719 620 1672 1672 1719 507 1672 1917 1672 620 1672 1719 507 620 620 1672 1672
1062 1062 1062 1062 1062 1062 1062 1062 1062 1375 1375 1375 1375 1062 1062 1062 1062 1062 1062 1062
264 264 264 264 264 264 264 264 264 264 264 1917 264 1180 620 1180 264 264 1719 620
507 507 1180 264 264 507 1180 507 1722 1180 264 264 1722 1180 507 507 1180 264 264 507
620 620 620 1180 1672 620 1672 1719 620 1672 1719 620 1672 1719 620 1672 1672 620 620 1672
1062 1062 1062 1062 1062 1062 1062 1062 260 260 1062 1062 1062 1062 264 264 260 264 260 260
1062 1062 1062 1062 1062 1062 1062 1062 1062 1062 1062 1062 1062 1062 1062 1062 1062 1062 1062 1062
1917 1917 1917 1917 1917 264 264 264 264 264 264 264 264 264 264 260 1917 1526 1526 1526
1672 1672 620 1672 1719 507 620 1672 1719 507 620 1672 1719 507 620 1672 1719 1719 1719 507
1062 264 264 264 264 1062 1062 1062 1062 1917 264 264 264 1917 258 264 264 264 264 264
1062 1062 1062 1062 1062 1062 1062 1062 1062 1062 1062 1062 1062 1062 1062 1062 1062 1062 1062 1062
1917 1917 1917 1917 1917 1917 258 258 1917 1917 1917 1917 1917 1917 1917 1719 1917 1917 264 264
1672 1719 620 1672 620 1672 507 1672 1719 507 620 620 1672 1672 620 1672 1719 620 1672 1719
264 264 1719 1526 1180 620 1180 264 264 1719 507 620 620 1672 1672 620 1672 264 264 260
620 620 1180 1180 620 1180 1719 620 1180 1719 264 620 260 1180 260 1719 260 620 1180 1719
1180 1722 1180 264 264 507 507 507 1180 507 1180 507 1722 1180 260 260 1917 1917 260 264
264 264 264 258 1917 1917 258 264 264 264 264 1526 264 264 264 264 264 264 264 264
507 1672 620 1719 620 1672 1719 507 620 620 1672 1672 620 1672 1719 507 620 1672 1719 507
1062 264 264 264 1917 1062 1062 264 264 260 260 260 260 264 264 1062 1062 1062 1062 1062
264 264 264 264 260 260 264 264 264 264 260 260 1917 1917 264 264 264 264 260 260
1062 1062 1062 1062 1062 1062 1062 1375 1375 1062 1062 1062 1062 260 260 1375 1375 1062 1062 1062
620 620 1180 1180 620 620 1180 264 264 264 264 1719 264 264 264 258 258 264 264 264
260 260 264 264 1526 264 264 260 260 260 264 1526 264 260 260 260 1526 1917 1526 1526
620 1180 264 264 264 1719 620 620 1180 1180 620 1180 264 1062 1062 1062 1062 1719 264 1062
1722 1180 1722 1180 507 507 1180 507 1180 507 1722 1180 1722 1180 507 507 507 1180 1719 1719
1722 1180 1722 1180 507 507 1180 1719 620 1180 1180 620 1180 264 264 264 264 264 264 264
620 1719 620 1672 1719 507 620 620 1672 1672 620 1672 1719 620 1672 1719 620 1672 1719 1719
264 1722 1180 264 264 507 507 1180 507 1180 507 1722 1180 264 264 264 264 264 264 264
1722 1180 1719 507 507 1180 620 1180 264 264 260 260 260 260 260 260 507 1180 507 1722
1062 1062 1062 1062 1062 1062 1062 1062 1062 1062 1375 1375 1375 1375 1062 1062 1062 1062 1062 1062
1672 620 1672 1719 620 1672 1719 620 1672 1719 620 1672 1672 620 620 1672 1917 1719 620 1672
1180 507 264 264 1180 507 507 1180 264 264 1722 1180 507 507 1180 507 1180 507 1722 1180
1719 620 1180 1719 620 1180 264 264 264 264 1917 258 264 264 264 264 264 264 264 264
1917 1719 620 1672 1719 507 620 620 1672 1672 620 1672 1719 620 1672 1719 620 1672 1719 620
1062 1062 1062 1062 1062 1062 1062 264 260 260 1062 1062 1062 1062 1062 1062 1062 1062 1062 1062
620 1672 1719 620 1672 258 1719 620 620 1672 1719 620 620 1672 1672 507 1672 1737 1719 1737
260 260 260 1719 1917 1719 620 1719 620 1672 1719 507 620 620 1672 1672 620 1672 1719 620
620 1672 1672 1719 507 620 1672 1719 507 1672 1719 507 620 620 1672 1672 620 1672 1719 620
1062 1062 1062 1062 1062 1062 1062 1062 1062 1062 1062 1062 1062 1062 1375 1375 1375 1375 1062 1062
507 1180 507 1722 1180 1722 507 1180 507 507 1180 264 264 264 264 264 264 264 264 258
1062 264 264 264 1062 1062 1062 1062 264 260 260 1375 1062 1062 1062 1062 1062 1062 1062 1062
264 264 258 258 1917 1917 264 264 264 264 264 264 264 264 264 1526 264 264 264 264
260 260 260 1526 1917 264 260 260 260 1722 1526 1526 264 260 260 260 1526 1526 1526 1526
264 260 264 1526 264 260 260 260 264 260 260 260 1526 264 260 260 260 1917 1526 1917
1672 1719 507 620 620 1672 1672 620 1672 1719 620 1672 1719 620 1672 1719 620 1672 1719 620
1719 620 1180 1719 620 1180 1917 264 260 260 260 264 264 264 264 258 1917 1917 258 264
507 1180 507 1180 507 1722 1180 264 264 264 264 264 264 258 258 258 258 264 264 264
620 620 1180 1719 620 620 1180 264 260 260 260 1917 1917 264 264 264 264 258 1526 258
264 1719 620 620 1180 1180 620 1180 1719 264 264 264 258 258 264 264 264 264 264 264
260 260 1526 1917 264 264 260 260 1526 1526 264 264 260 260 1917 1526 1526 264 264 264
507 620 620 1672 1672 620 1672 1719 620 1672 1719 620 1672 1719 507 620 1672 1737 1719 507
260 1917 1917 260 260 264 264 264 264 260 260 260 260 260 260 264 264 260 260 260
1062 1062 1062 1062 1062 1062 1062 1062 1062 1062 1062 1062 1062 1062 1062 1062 1062 1062 1062 1062
620 1672 1719 507 620 1672 1719 507 620 1672 1719 507 620 1672 1672 507 1672 1719 620 620
1375 264 260 260 264 264 264 1062 1062 1062 1062 1062 1062 1062 1062 1062 1062 1062 1062 1062
264 260 260 1917 1917 260 260 264 264 264 264 260 260 260 260 260 260 264 264 260
264 264 264 264 264 264 264 264 264 264 264 264 264 264 264 260 260 260 260 264
507 620 507 1672 1672 620 1672 1719 620 1672 1719 507 620 1672 1719 507 620 1672 1719 507
258 264 264 264 258 1917 1917 264 264 1062 1062 1062 1062 264 264 264 264 264 264 264
1375 1375 1062 1062 1062 1062 1062 1062 1062 1062 1062 1062 1062 1062 1062 1062 1062 1062 1062 1062
264 264 264 264 264 264 264 264 264 264 264 264 264 260 260 260 1917 264 260 260
1062 1062 1062 1062 1062 1062 1062 1062 1062 1062 1062 1062 1062 1062 1375 1375 1062 1062 1062 1062
1719 620 620 1180 1180 620 1180 1719 264 264 264 258 258 264 264 264 264 264 264 264
1672 620 1672 1719 507 620 1672 1719 507 620 1672 1719 507 620 1672 1719 1719 1719 507 620
1719 507 620 620 1672 1672 620 1672 264 264 1719 620 1672 1719 620 1672 1719 620 1672 1737
1062 1062 1062 1062 1062 1062 1062 1062 1062 1062 1062 1062 1062 1062 1062 1062 1062 1062 1062 1062
264 264 264 264 264 264 264 258 258 1917 1917 258 258 264 264 264 264 264 264 264
260 264 264 264 264 264 507 507 1180 507 1180 507 1722 1180 1180 1722 1180 507 507 507
260 1719 620 1672 1719 620 620 1672 1719 620 620 1672 1719 620 1672 1737 1737 264 264 258
620 1180 1180 507 1180 264 264 264 264 264 264 264 264 1719 1719 1917 1917 507 1180 507
1375 1375 1375 1062 1062 1062 1062 1375 1062 1062 1062 1062 1062 1062 1062 1062 1062 1062 1062 1062
1062 1062 1062 1062 1062 1062 1062 1062 1062 1375 260 260 1062 1062 1062 1062 1062 1062 1062 1062
1062 1062 1062 1062 1062 1062 1062 1062 1062 1062 1062 1375 1375 260 260 1062 1062 1062 1062 1062
1722 1180 507 507 1180 507 1180 507 1722 1180 1722 1180 507 507 1180 1062 1062 1062 1062 1062
1062 1062 1062 1062 1062 1062 1062 1062 1062 1062 1062 1375 1062 1062 1062 1062 1375 260 260 1062
1719 620 1672 1672 1719 620 1672 620 1719 620 1672 1719 507 620 620 1672 1672 620 1672 1719
1526 1526 1526 1719 620 1180 620 1180 1526 1526 1917 1917 1719 1062 1719 1917 1737 1737 260 260
264 264 264 264 264 264 260 260 1917 258 260 260 264 264 264 264 260 260 260 260
620 1672 1672 620 1672 1719 620 1672 1719 620 1672 1719 507 620 1672 1719 1719 507 620 1672
620 1672 1719 507 620 620 1672 1672 620 1672 1719 507 620 1672 1719 507 620 1672 1719 507
1180 620 1180 1719 507 620 1180 1719 1719 1719 507 620 1180 1719 507 1737 1737 260 260 260
264 260 260 260 264 260 260 260 1526 264 260 260 260 1917 1526 1917 264 260 260 260
620 1180 1062 1062 1062 1062 1062 620 620 1180 1672 620 1672 1062 1062 1062 1062 1062 1062 1062
1719 1180 620 1672 1719 507 620 620 1672 1672 620 1672 1719 620 1672 1719 620 1672 1719 620
1062 1062 1062 1062 1062 1062 1062 1062 1062 1062 1062 1062 1062 1062 1375 1375 1375 1062 1062 1062
264 264 260 1917 260 260 264 260 260 260 264 260 260 260 1917 1719 1526 1180 620 1180
1062 1062 1062 1062 1062 1917 1917 1062 1062 1719 620 1672 1719 507 620 620 1672 1672 620 1719
1719 620 1180 1180 620 1180 264 1719 264 264 264 258 258 264 264 264 264 264 264 264
1672 1719 620 1672 1719 620 1672 1719 620 620 1672 1062 1062 1062 1062 1719 507 620 1180 1672
264 264 264 260 264 264 260 260 1917 258 264 264 264 1917 258 264 264 264 264 264
1722 507 507 1180 1180 507 507 1180 507 1722 1180 1722 1180 507 507 1180 264 264 507 1180
264 264 1917 258 264 264 264 264 264 264 264 264 264 264 264 264 264 260 260 260
1062 1062 1062 1062 1062 1062 1062 1062 1062 1062 1375 260 260 1062 1062 1062 1062 1062 1062 1062
260 260 258 264 260 260 260 264 264 1526 264 264 260 260 260 264 1526 264 260 260
1062 1526 1062 1526 1062 1062 1062 1917 1917 1917 1917 1917 1917 264 264 264 264 264 264 264
620 1672 1719 620 1672 1719 620 1672 1719 620 620 1672 1719 620 620 1180 1917 1737 1737 1737
264 264 1180 264 264 264 264 264 264 264 264 264 264 264 264 264 264 264 264 264
258 258 258 1722 1180 264 264 264 264 507 507 1180 507 1180 507 1722 1180 264 264 1722
620 1672 1719 507 620 620 1672 1672 620 1672 1719 620 1672 1719 620 1672 1737 1737 1719 260
260 260 260 1526 264 260 260 260 1526 1526 264 260 260 260 1526 1526 1526 264 260 260
1062 1062 1062 1062 1062 1062 1062 1062 1062 1062 1062 1062 1062 1062 1062 1062 1062 1062 1062 1062
1180 1719 620 1672 1719 620 1180 1719 620 1180 1672 507 1672 1737 1737 264 264 264 264 264
1062 1062 1062 1062 1062 264 1062 1062 1062 1062 1375 264 260 260 1917 1917 1062 1062 1062 1062
1917 258 1917 1917 1917 1917 258 258 1917 1917 1917 1917 1917 1917 1917 1719 1917 1917 1917 264
1917 1917 264 1917 260 1917 260 258 1917 1917 1917 264 264 264 264 1917 1917 1917 1917 264
1917 264 264 264 264 260 264 264 264 264 1526 264 260 260 260 1917 264 260 260 260
1062 1062 1917 1917 258 1719 1917 1180 620 1672 1719 620 620 620 1672 1672 620 1672 1719 620
264 264 264 260 1375 260 1062 1062 1062 1062 1062 1062 1062 1062 1062 1062 1062 1375 1062 1062
264 264 260 260 260 260 260 260 1526 264 1180 620 1180 1719 620 620 620 1180 1180 620
1180 507 507 507 1180 507 1180 507 1722 1180 264 264 260 260 1917 1917 260 260 1917 1917
1722 507 507 1180 1180 507 264 264 264 264 264 264 264 264 258 258 1917 1917 1526 1526
1722 1062 1062 264 264 264 264 264 264 264 1917 258 264 264 264 264 264 264 264 264
1526 258 258 264 264 264 264 264 264 264 264 264 264 264 264 264 264 264 264 264
1672 620 1672 1719 620 1672 1719 620 1672 1719 507 620 1672 1719 507 620 1672 1737 260 260
1180 264 264 264 264 264 264 264 264 264 264 264 264 260 260 260 260 1180 1722 1180
260 264 264 264 260 260 264 264 260 260 1526 264 264 260 260 1917 1526 264 264 260
1180 1722 1180 507 507 507 1180 507 1180 507 1722 1180 264 264 264 264 264 264 258 258
1062 1062 1062 1062 1062 1062 1062 1062 1062 1062 1062 1062 1062 1062 1062 1062 1062 1062 1062 1062
264 264 264 264 264 264 264 264 264 264 264 260 260 264 264 260 260 260 264 260
264 264 264 258 258 264 264 264 264 264 264 264 264 264 264 260 264 264 264 264
1917 1917 264 264 1526 1062 1062 1526 264 264 264 264 264 264 264 264 264 264 264 264
620 1062 620 1719 1719 1917 258 1719 620 1672 620 1672 1719 507 620 620 1672 1672 620 1672
260 1719 1917 1719 620 1672 1719 507 620 620 1672 1672 620 1672 1719 620 1672 1719 620 1672
264 260 260 260 260 260 260 1526 1526 264 264 260 260 260 260 260 260 1526 1526 1917
1062 620 1917 1719 1719 620 1180 620 1672 1719 620 620 620 1672 1672 620 1672 1719 620 1672
1062 1062 1062 1062 1062 1062 1062 1062 1062 1062 1062 1062 1062 1062 1062 1062 1062 1062 1062 1062
264 264 264 264 264 264 264 264 264 264 264 264 264 264 264 264 264 264 260 260
264 264 264 264 264 264 264 264 264 264 264 264 264 264 264 264 260 264 264 264
1917 264 1917 258 264 264 264 264 264 264 264 264 264 264 264 264 264 264 264 264
1719 620 1672 1719 620 1672 1917 1917 1917 1180 1180 507 1722 1180 1722 1180 507 507 1180 507
264 264 507 1180 507 1722 1180 264 264 264 264 264 264 264 264 260 260 260 260 1180
1062 1062 1062 1062 1375 1375 1062 1062 1062 1062 1062 1062 1062 1062 1062 1062 1062 1062 1062 1062
264 264 264 264 264 264 260 260 260 260 260 260 264 264 1917 1917 260 260 260 260
1180 507 1180 507 1722 1180 1722 1180 507 507 507 1180 1917 1917 264 264 264 264 264 264
264 264 264 264 264 264 264 264 264 264 264 264 264 264 264 264 264 264 264 264
1917 1917 1719 620 1672 620 1672 1719 507 620 507 1672 1672 620 1672 1719 620 1672 1719 507
260 260 260 260 260 1719 1719 1719 620 1180 1719 507 620 620 1180 1672 620 1180 1719 620
1722 1180 264 264 264 264 507 507 1180 507 1180 507 1722 1180 264 264 1722 1180 507 507
507 507 1180 1180 507 264 264 264 264 264 264 264 264 258 258 1917 1917 1526 1526 258
264 264 264 264 264 264 264 264 264 264 264 264 264 264 264 264 264 264 264 264
1062 1062 1062 1062 1062 1062 1062 1062 1062 1062 1062 1062 1062 1062 1062 1062 1062 1062 1062 1062
258 264 264 264 264 264 1917 1917 264 264 264 264 264 264 264 264 260 264 264 260
1917 264 260 260 1917 1917 1917 1917 1917 258 1917 1917 1917 1917 1917 264 264 264 264 264
260 260 264 264 260 260 620 1526 1719 620 1180 1719 507 620 620 1180 1180 620 1180 1719
264 260 260 260 258 264 260 260 260 264 264 1526 264 264 260 260 260 264 1526 264
264 260 1526 260 264 264 264 260 260 264 264 260 260 1526 264 264 260 260 258 1526
1062 1062 1062 1062 264 260 260 1375 1062 1062 1062 1062 1062 1062 1062 1062 1062 1062 1062 1062
1180 507 507 1180 507 1180 507 1722 1180 264 264 1722 1180 507 507 1180 264 264 507 1180
1062 1062 1062 1062 1062 1062 1062 1062 260 260 1062 1062 1062 1062 264 264 260 264 260 260
1062 1062 1062 1375 1375 1375 1062 1062 1062 1062 1062 1062 1062 1062 1062 1062 1062 1062 1062 1375
264 264 264 260 260 260 260 1917 258 258 258 264 264 264 264 264 264 258 258 258
1180 620 1672 1719 620 620 620 1672 1672 620 1672 1719 1737 620 1672 260 260 1719 620 1672
260 1917 260 258 258 258 258 264 264 264 264 1917 1917 1719 1917 264 264 264 264 264
264 260 264 264 260 1526 264 264 260 260 260 1917 264 260 260 260 264 264 1526 264
264 264 264 264 264 264 264 264 264 264 264 264 264 264 260 264 264 264 264 264
1062 264 260 260 1917 1375 1375 1062 1062 1062 1062 1062 1062 1062 1062 1062 1062 1062 1062 1062
264 264 264 264 264 264 264 260 260 264 260 1917 260 1917 264 264 264 258 258 264
507 1180 507 1722 1180 1722 1180 507 507 1180 507 1180 507 1722 1180 264 264 264 264 264
264 264 264 264 264 264 264 264 260 260 260 264 260 260 260 1917 1917 1180 507 1180
260 260 260 260 260 260 1526 1526 1526 1526 1526 1526 264 264 260 260 260 260 260 260
264 264 264 264 264 264 264 264 264 264 264 1917 1722 1180 620 1180 260 260 1719 620
260 258 258 258 258 264 264 264 264 264 1917 1917 264 1917 1917 264 264 264 264 260
507 1180 1180 507 264 264 264 264 264 264 264 264 258 258 1917 1917 1526 1526 258 258
507 507 507 507 1180 1180 507 1722 1180 264 264 264 264 264 264 1917 258 258 258 264
620 1917 1917 1719 620 1719 620 1672 1719 507 620 620 1672 1672 620 1672 1719 620 1672 1719
620 1180 1719 620 1180 1180 620 1180 264 1719 264 264 264 1737 1737 1737 264 1917 258 258
620 1672 1719 620 1672 1719 620 1672 1672 620 507 1672 1917 1672 620 1672 1719 507 620 620
1062 1062 1062 1062 1062 1062 1062 1062 1062 1062 1062 1062 1062 1062 1062 1062 1062 1062 1062 1062
1917 264 264 264 264 264 264 264 258 258 264 264 264 264 264 264 264 264 264 264
1062 1062 1062 1062 1062 1062 1062 1062 1062 1062 1062 1062 1062 1062 1375 1375 1375 1375 1062 1062
1917 1917 1917 258 258 258 258 258 1917 1917 1917 1917 1917 1917 1917 1917 264 264 264 264
1180 264 1917 264 264 264 264 264 264 264 1917 258 258 264 264 264 264 264 264 264
264 260 260 260 260 260 260 1526 1526 1526 1526 1526 1526 264 264 260 260 260 260 260
264 264 260 260 264 264 1180 1722 1180 264 264 507 507 507 1180 507 1180 507 1722 1180
1180 507 1722 1180 1180 264 264 1722 1180 507 507 507 1180 507 1180 507 1722 1180 264 264
1062 1062 1062 1062 1062 1062 1062 1062 1062 1062 1062 1062 1062 1062 1062 1062 1375 1062 1062 1062
1062 1062 1062 1062 1062 1062 1062 1062 1062 1062 1062 1062 1062 1062 1062 1062 1062 1062 1062 1062
264 260 260 1526 1526 1526 1526 1526 1526 264 264 260 260 260 260 260 260 1526 1526 1917
260 260 260 264 264 264 264 264 264 260 260 260 260 260 260 264 264 260 260 260
1917 1917 264 264 264 264 264 264 264 264 264 264 264 264 260 264 264 260 260 1917
507 1180 507 1180 507 1722 1180 1722 1180 507 507 507 1180 1917 1917 264 264 264 264 264
258 1722 1917 1917 1917 258 258 258 1917 1917 1917 1917 1917 1917 1719 1917 1917 1917 264 264
260 260 264 264 1917 1917 260 260 260 260 260 260 1526 1526 1917 1917 264 264 260 260
620 620 620 1719 507 1672 1719 507 620 507 1672 1672 620 1672 1719 507 620 1672 1719 507
258 264 264 264 264 264 264 258 1917 258 258 1722 1180 1917 1917 507 507 507 1180 507
1672 264 1719 507 620 620 1672 1672 620 1672 1719 620 1672 1719 620 1672 1719 507 620 1672
264 264 264 264 264 264 264 264 260 260 264 264 264 264 260 260 260 264 260 260
1062 1062 264 260 260 1917 1375 1375 1062 1062 1062 1062 1062 1062 1062 1062 1062 1062 1062 1062
258 1917 1917 1526 1526 258 258 264 264 264 264 264 264 264 264 264 264 264 264 264
1719 620 1672 620 1672 1719 620 620 620 1672 1672 620 1672 1719 620 1672 1719 258 258 620
1722 1180 1722 1180 507 507 1180 507 1180 507 1722 1180 1722 1180 507 507 507 1180 1719 1719
264 264 264 264 264 264 264 1062 1062 1062 1062 1062 1062 1062 1062 1062 1062 1062 1062 1062
264 264 507 1722 1180 264 264 264 264 264 264 264 264 264 264 264 264 264 264 264
264 264 264 264 264 264 264 264 1917 1375 1062 1062 1062 1062 1062 1062 1062 1062 1062 1062
260 1375 260 1062 1062 1062 1062 1062 1062 1062 1062 1062 1062 1062 1375 1062 1062 1062 1062 1062
1062 1062 1062 1062 1062 1062 1062 1062 1062 1375 1917 1917 1062 1917 1375 264 264 264 264 264
264 260 260 260 260 1526 1526 264 264 260 260 260 260 260 260 1526 1526 1526 1526 1526
264 264 1719 1526 1180 620 1180 264 264 1719 507 620 620 1672 1672 620 1672 264 264 260
1180 1719 620 1180 1719 264 620 260 1180 260 1719 260 620 1180 1719 620 1180 264 264 264
264 260 260 260 260 1526 1526 1062 1062 1062 1062 1062 1062 1062 1062 1062 1062 264 264 260
260 260 260 260 260 258 258 507 1180 507 1722 1180 1722 1180 507 507 1180 264 264 264
264 264 260 1375 1062 1375 1062 264 264 1062 1062 1062 1062 1062 1062 1062 1062 1062 1062 1062
1719 620 1672 1719 620 1672 1719 620 1719 1719 620 1672 1719 620 620 1180 1672 507 1672 1737
620 1180 1719 620 620 1180 264 260 260 260 264 264 264 264 258 1917 1917 258 264 264
1672 1719 1719 1719 507 620 1180 1672 507 507 1672 264 1737 264 1737 1737 1737 1737 264 1719
260 260 260 260 1375 1375 1062 1062 1062 1062 1062 1062 1062 1062 1062 1062 1062 1062 1062 1062
507 1180 507 507 1180 264 264 264 264 264 264 264 264 258 1917 1526 1526 258 258 264
1917 1719 1719 620 1672 620 1672 1719 507 620 620 1672 1672 620 1672 1719 620 1672 1719 620
1722 1180 1722 1180 507 507 1180 1719 620 1180 1180 620 1180 264 264 264 264 264 264 264
620 1180 1719 620 1180 264 1719 620 1180 1180 507 1672 1719 264 264 1737 264 264 264 264
620 620 1180 1719 620 1180 264 264 264 264 1917 258 264 264 264 264 264 264 264 264
1062 1062 1062 1062 1062 1062 1062 1062 1375 1375 1375 1375 1062 1062 1062 1062 1062 1062 1062 1062
260 258 260 258 1917 264 264 264 1917 258 264 264 264 264 264 264 264 264 264 264
264 264 264 264 264 264 264 264 264 264 260 260 260 264 260 260 260 1917 1526 1180
258 258 264 264 264 1917 258 258 1917 264 264 264 264 264 264 264 264 264 264 264
264 260 260 1917 1917 1917 1917 1917 258 1917 1917 1917 1917 1917 264 264 264 264 264 264
1062 1062 1062 1062 1062 1062 1062 1062 1062 1062 1062 1062 1062 1062 1062 1062 1062 1062 1062 1062
264 264 264 264 264 264 264 264 264 264 264 264 264 264 264 264 264 264 264 264
1180 507 1180 507 1722 1180 1722 1180 507 507 1180 264 264 507 1180 507 1722 1180 264 264
1062 1062 1062 1062 1062 1062 1062 1062 1062 1062 1062 1062 1062 1062 1062 1062 1062 1062 1062 1062
1062 264 264 260 260 260 260 264 264 1062 1062 1062 1062 1062 1062 1062 1062 1062 1062 1062
1062 1062 1062 1062 1062 1062 1062 1062 1062 1062 1062 1062 1062 1062 1062 1062 1062 1062 1062 1375
1062 1062 1062 1062 1062 1062 1062 1062 1062 1062 1062 1062 1062 1062 1062 1062 1062 1375 1375 1375
620 620 1180 1180 620 1180 264 1719 264 264 264 264 264 264 264 1917 258 264 264 264
620 620 620 1672 1672 620 1672 1719 620 1672 1719 1719 620 1672 1719 620 1672 1672 1719 1719
264 260 260 1719 1719 1719 620 1180 1719 507 620 620 1672 1672 620 1672 1719 620 1672 1719
1180 264 264 1917 507 1180 507 1722 1180 1722 1180 507 507 1180 507 1180 507 1722 1180 1722
620 620 1672 1672 620 1672 1719 507 620 1672 1719 507 620 1672 1719 507 620 1672 1737 1737
620 1672 1672 620 1672 1719 620 1672 1719 620 1180 1719 620 1672 1719 620 620 1719 1722 1180
507 1180 507 1722 1180 1180 1722 1180 507 507 507 507 1180 507 1180 507 1722 1180 264 264
258 264 264 260 264 260 260 1917 1917 260 260 1917 1917 507 1180 507 1722 1180 1722 507
264 264 264 260 260 264 264 260 260 260 264 260 260 260 1526 258 264 260 260 260
264 264 264 264 264 1917 1917 1917 1917 264 264 264 264 260 1917 260 1722 1526 1526 1526
1180 1719 620 1180 1917 264 260 260 260 264 264 264 264 258 1917 1917 258 264 264 264
1722 1722 260 258 258 258 258 264 264 264 264 264 264 264 1917 1917 1917 1917 264 264
1062 1062 1062 264 1062 1062 1062 1062 1062 1062 1062 1062 1062 264 264 1062 1062 1062 1062 264
264 1917 507 1180 507 1722 1180 1722 1180 507 507 1180 507 1180 507 1722 1180 1722 1180 507
620 620 1719 507 1672 1719 507 620 507 1672 1672 620 1672 1719 507 620 1672 1719 507 620
1062 1062 1062 1062 1062 1062 1062 1062 1062 1062 264 264 1375 1062 1062 1062 1062 1375 260 260
264 264 264 260 260 264 264 264 264 264 264 264 264 260 260 260 260 260 260 264
1062 1062 1062 264 260 260 1062 1062 1062 1062 1062 1062 1062 1062 1062 1062 1062 1062 1062 1062
1062 1062 1062 1062 1062 1062 1062 1062 1062 1062 1062 1062 1062 1062 1062 1062 1062 1062 1062 1062
1062 1062 1062 1062 1062 1375 1375 1375 1062 1062 1062 1062 1062 1062 1062 1062 1062 1062 1062 1062
1062 1062 1062 264 260 260 1375 1062 1062 1062 1062 1062 1062 1062 1062 1062 1062 1062 1062 1062
1917 264 264 264 264 264 1917 264 264 264 260 260 264 1526 264 260 260 260 264 260
264 264 260 260 260 264 260 260 260 1917 1917 1526 264 260 260 260 1526 264 260 1526
264 264 264 264 1917 1917 264 264 264 264 264 1917 264 264 264 260 260 264 1526 264
264 264 264 260 1375 1062 1062 1062 1062 1375 1062 1062 1062 1062 1062 1062 1062 1062 1062 1062
260 264 260 260 1917 258 1917 264 264 264 1917 258 264 264 264 264 264 264 264 264
507 507 1180 507 1180 507 1722 1180 1722 1180 507 507 1180 1719 620 1180 1180 620 1672 264
1719 620 1672 1719 1719 620 1672 1719 620 1672 1672 1917 1719 620 1672 1917 1719 620 1672 1719
264 1719 620 620 1180 1180 620 620 1672 264 264 264 264 1719 264 264 264 258 258 264
1062 1062 1062 1062 1062 1062 1062 1062 1062 1062 1062 1062 1062 1062 1375 1375 1375 1375 1062 1062
264 264 264 264 264 260 264 264 260 264 264 260 260 260 264 260 260 260 1526 1917
1719 620 620 1180 264 260 260 260 1917 264 264 264 264 258 258 264 264 1917 1917 264
1180 507 1722 1180 1722 1180 507 507 1180 507 1180 507 1722 1180 1722 1180 507 507 1180 1719
1917 264 264 264 264 264 264 264 264 1917 1062 1526 1062 1062 1526 1062 1526 1062 1062 1526
264 264 264 264 264 264 264 264 264 264 264 260 260 260 264 260 260 260 264 260
264 264 264 264 264 264 264 264 264 264 264 264 260 260 264 264 264 264 264 264
1375 1375 1062 1062 1062 1062 1062 1062 1062 1062 1062 1062 1062 1062 1375 1375 260 260 1062 1062
1062 1062 1062 1062 1062 1062 1375 264 260 260 264 264 264 1062 1062 1062 1062 1062 1062 1062
264 264 264 264 264 264 264 264 264 264 264 264 264 264 264 264 260 260 260 264
264 264 264 264 264 1719 1526 1180 620 1672 264 264 1719 507 620 620 1672 1672 620 1672
1719 620 620 1180 1180 620 620 1180 264 264 264 264 1719 264 264 264 258 258 264 264
264 264 258 258 264 264 264 264 264 264 264 264 264 264 264 264 264 264 264 260
1062 1062 1062 1062 1062 1062 1062 1062 1062 1062 1062 1062 1062 1062 1062 1062 1062 1062 1062 1062
264 264 264 264 264 264 264 1062 1062 1062 1062 1062 1062 1062 1062 1062 1062 1062 1062 1062
1062 1375 1375 1062 1062 1062 1062 1062 1062 1062 1062 1062 1062 1062 1062 1062 1062 1062 1062 1062
260 1375 1062 1375 1062 260 264 1062 1062 1062 1062 1062 1062 1062 1062 1062 1062 1062 1062 1062
1719 620 1672 620 1719 620 1672 1719 507 620 620 1672 1672 620 1672 1719 620 1672 1719 620
