121 285 280 456 456 280 456 460 121 78 78 460 121 24 24 24 310 493 493 443
285 280 456 456 280 456 58 58 24 293 293 310 310 310 460 121 285 280 456 456
310 443 58 443 98 98 98 98 98 285 24 140 456 382 140 24 24 140 456 382
61 256 61 61 310 24 24 256 310 61 61 310 140 382 24 24 382 382 140 61
293 293 443 443 58 58 460 121 285 280 456 456 280 456 58 58 493 293 293 310
310 310 460 121 285 280 456 456 280 456 460 121 78 78 460 121 24 24 24 310
310 24 24 256 310 61 61 310 140 382 24 24 382 382 140 61 61 382 140 443
460 121 285 280 456 456 280 456 58 58 493 293 293 293 293 310 310 310 460 121
280 456 58 58 58 293 293 310 310 310 460 121 285 280 456 456 280 456 460 121
443 58 58 460 121 285 280 456 456 280 456 58 58 493 293 293 310 310 310 310
460 121 285 280 456 456 61 61 456 460 121 78 78 460 121 24 24 24 310 493
456 24 24 382 140 61 456 140 98 443 310 310 98 443 144 144 144 144 144 285
293 293 310 310 58 58 460 121 285 280 456 456 280 456 460 121 78 78 460 121
98 98 98 98 285 24 280 456 382 140 24 280 456 24 382 140 61 456 140 493
24 382 140 61 456 61 98 443 310 98 443 144 144 144 144 144 285 24 140 456
310 98 443 144 144 144 144 144 285 24 24 280 456 382 140 24 24 140 456 24
285 280 456 456 280 456 58 58 24 293 293 310 310 310 460 121 285 280 456 456
140 24 24 140 456 24 24 382 140 61 456 140 98 443 310 310 98 443 144 144
456 24 382 140 61 456 61 98 443 310 98 443 144 144 144 144 144 285 24 140
460 121 285 280 456 456 280 456 58 58 493 293 293 310 310 460 121 285 280 456
121 78 78 460 121 24 24 24 493 493 310 443 58 443 98 98 98 98 98 285
24 382 140 61 456 140 98 443 310 310 98 443 144 144 144 144 144 285 24 24
493 493 493 58 356 285 356 256 310 256 310 356 356 310 493 493 493 493 493 493
121 78 78 460 121 24 24 24 310 493 493 443 58 443 98 98 98 98 98 285
456 456 280 456 58 58 24 293 293 293 293 310 310 310 460 121 285 280 456 456
293 310 310 310 58 58 310 460 121 285 280 456 456 280 456 460 121 78 78 460
456 61 493 443 310 493 443 98 98 98 98 98 285 24 140 456 382 61 24 24
98 98 98 285 24 24 280 456 382 140 61 310 61 61 310 24 24 256 310 61
293 293 310 310 310 460 121 285 280 456 456 280 456 460 121 78 78 460 121 24
493 493 493 493 493 493 443 98 98 98 356 285 356 443 310 256 310 98 356 356
310 460 121 285 280 456 456 61 61 456 460 121 78 460 121 24 78 24 24 493
24 382 140 61 456 140 98 443 310 310 98 443 144 144 144 144 144 285 24 24
460 121 285 280 456 456 280 456 460 121 78 78 460 121 24 24 24 310 493 493
285 280 456 456 280 456 460 121 78 78 460 121 24 24 24 310 493 493 443 58
293 310 310 310 460 121 285 280 456 456 280 456 460 121 78 78 460 121 24 24
493 493 493 443 98 98 98 98 280 285 61 256 310 256 310 98 61 61 310 382
144 285 24 140 456 382 61 24 140 456 24 382 140 61 456 61 98 443 310 98
98 98 285 24 280 456 382 61 24 280 456 24 382 140 61 456 140 493 443 310
456 280 456 460 121 78 78 460 121 24 24 24 310 493 493 443 58 443 98 98
58 58 493 293 293 310 310 310 460 121 285 280 456 456 61 61 456 460 121 78
61 310 61 310 256 310 61 280 310 310 493 280 285 61 61 310 256 310 61 61
280 456 460 121 78 78 460 121 24 24 24 310 493 493 443 58 58 58 443 98
280 456 456 61 61 456 460 121 78 460 121 24 78 24 24 493 493 443 310 58
460 121 285 280 456 456 280 456 58 58 493 293 293 310 310 460 121 285 280 456
58 493 493 493 493 493 493 493 493 493 493 58 356 310 356 443 310 256 310 356
78 460 121 24 24 24 310 493 493 443 58 443 98 98 98 98 98 285 24 140
58 58 78 443 293 293 293 293 293 310 310 310 310 58 58 460 121 285 280 456
443 443 78 443 58 58 58 460 121 285 280 456 456 280 456 58 58 58 443 443
460 121 78 78 460 121 24 24 24 493 493 310 443 293 443 58 58 310 310 493
382 310 256 310 98 61 61 310 98 285 24 24 140 456 382 140 24 24 140 456
460 121 285 280 456 456 280 456 58 58 493 293 293 293 293 310 310 310 460 121
310 460 121 285 280 456 456 280 456 460 121 78 78 460 121 24 24 24 310 493
310 24 24 256 310 61 61 310 140 382 24 24 382 382 140 61 61 382 140 443
493 493 443 58 443 98 98 98 98 98 285 24 280 456 382 140 24 24 443 456
98 98 285 24 24 280 382 382 140 61 256 61 61 310 24 24 256 310 61 61
121 285 280 456 456 280 456 460 121 78 78 460 121 24 24 24 493 493 310 443
493 493 310 443 443 98 144 98 98 144 285 24 140 456 382 140 24 24 140 456
382 140 24 24 140 456 24 24 382 140 61 456 140 98 443 310 310 98 443 144
310 493 493 356 356 493 356 285 356 443 310 256 310 356 356 310 493 493 493 493
98 98 98 98 285 24 140 456 382 61 24 24 140 456 382 140 61 456 61 98
140 456 24 24 382 140 61 456 140 98 443 310 310 98 443 144 144 144 144 144
356 356 493 493 493 493 493 493 493 493 493 493 493 443 98 144 144 144 493 310
456 61 61 456 460 121 78 460 121 24 78 24 24 310 493 493 443 58 58 58
456 280 456 58 58 293 293 293 310 310 310 460 121 285 280 456 456 61 61 456
98 98 98 98 98 285 24 140 456 382 140 24 24 140 456 382 140 61 456 140
356 356 493 493 493 493 493 493 493 493 493 493 493 493 493 493 493 493 493 493
456 456 280 456 58 58 293 293 293 310 310 310 460 121 285 280 456 456 280 456
493 58 356 256 356 58 493 493 310 356 356 310 493 493 493 493 493 493 493 493
293 443 443 58 58 460 121 285 280 456 456 61 61 456 58 58 58 293 293 310
456 460 121 78 78 460 121 24 24 24 493 493 310 443 293 443 58 58 310 310
58 58 58 493 493 493 493 493 493 493 493 493 493 58 356 310 356 443 310 493
460 121 24 24 24 493 493 310 443 58 443 98 98 98 98 98 285 24 140 456
140 456 382 61 24 140 456 24 382 140 61 456 61 98 443 310 98 443 144 144
285 24 280 456 382 61 24 280 456 24 382 140 61 456 140 493 443 310 493 310
293 293 293 310 310 310 460 121 285 280 456 456 280 456 460 121 78 78 460 121
456 456 61 61 456 460 121 78 78 460 121 24 24 24 310 493 493 443 443 98
443 98 98 98 98 98 285 24 280 456 382 61 24 280 456 24 382 140 61 456
280 456 58 58 293 293 293 310 310 310 460 121 285 280 456 456 280 456 460 121
58 58 58 293 293 293 310 310 58 58 460 121 285 280 456 456 280 456 460 121
443 98 98 98 144 144 285 24 140 456 382 61 24 140 456 24 382 140 61 456
382 140 61 256 61 61 310 24 24 256 310 61 61 310 140 382 24 24 382 382
280 456 460 121 78 78 460 121 24 24 24 310 493 493 443 58 443 98 98 98
121 78 78 460 121 24 24 24 310 493 493 443 58 443 98 98 98 98 98 285
456 280 456 460 121 78 78 460 121 24 24 24 24 24 24 310 493 493 443 58
310 460 121 285 280 456 456 280 456 460 121 78 78 460 121 24 24 24 310 493
443 78 293 293 293 293 293 310 310 310 58 58 310 460 121 285 280 456 456 280
98 98 285 24 140 456 382 140 24 24 140 456 382 140 61 456 140 310 493 443
61 293 293 443 443 58 58 460 121 285 280 456 456 280 456 58 58 493 293 293
121 285 280 456 456 280 456 58 58 293 293 293 293 310 310 58 58 460 121 285
61 61 456 460 121 78 78 460 121 24 24 24 493 493 310 443 293 443 58 58
456 382 61 24 140 456 382 24 140 61 456 61 493 443 310 493 443 98 98 98
140 456 382 61 24 140 456 24 382 140 61 456 61 98 443 310 98 443 144 144
58 58 58 493 493 493 493 493 493 493 493 493 493 58 443 493 356 58 493 493
78 78 460 121 24 24 24 310 493 493 443 58 58 310 493 58 443 98 98 98
493 493 443 58 443 98 98 98 98 98 285 24 140 456 382 140 24 24 140 456
456 460 121 78 78 460 121 24 24 24 310 493 493 443 58 443 98 98 98 98
285 280 456 456 280 456 58 58 58 443 78 293 293 293 293 293 310 310 310 58
493 493 493 493 280 310 61 356 256 310 310 493 310 356 356 310 280 310 356 443
493 493 493 493 493 493 493 493 58 256 256 356 443 310 256 310 356 356 493 493
121 285 280 456 456 280 456 58 58 493 293 293 310 310 310 460 121 285 280 456
493 493 493 58 493 58 493 493 493 493 493 493 493 493 493 493 58 493 493 443
456 280 456 58 58 293 293 293 310 310 310 460 121 285 280 456 456 280 456 460
121 285 280 456 456 280 456 58 58 293 293 293 310 310 310 460 121 285 280 456
121 24 24 24 310 493 493 443 58 58 58 443 98 98 98 98 98 285 24 140
140 61 456 61 98 443 310 98 443 144 144 144 144 144 285 24 140 456 382 61
58 443 78 293 293 293 293 293 310 310 310 58 58 310 460 121 285 280 456 456
24 382 140 61 456 140 98 443 310 310 98 443 144 144 144 144 144 285 24 24
493 24 140 456 382 140 24 24 140 456 24 24 382 140 61 456 140 98 443 310
310 443 443 98 144 98 98 144 285 24 140 456 382 140 24 24 140 456 382 140
144 285 24 140 456 382 140 24 140 382 24 382 382 140 61 61 456 140 443 493
280 456 456 280 456 460 121 78 78 460 121 24 24 24 310 493 493 443 58 443
493 293 293 310 310 310 460 121 285 280 456 456 61 61 456 460 121 78 78 460
310 493 493 443 58 58 310 493 58 443 98 98 98 98 98 285 24 280 456 382
456 456 61 61 456 460 121 78 78 460 121 24 24 24 310 493 493 443 58 58
443 443 58 58 460 121 285 280 456 456 280 456 58 58 293 293 293 310 310 310
98 98 98 98 98 285 24 140 456 382 61 24 24 140 456 382 140 61 456 61
285 280 456 456 280 456 460 121 78 78 460 121 24 24 24 24 24 24 310 493
58 58 58 293 293 310 310 310 460 121 285 280 456 456 61 61 456 460 121 78
61 456 140 443 293 310 493 443 58 58 293 293 493 310 443 98 98 98 98 98
280 456 460 121 78 78 460 121 24 24 24 310 493 493 443 58 443 98 98 98
443 310 310 98 443 144 144 144 144 144 285 24 24 140 456 382 140 24 24 24
61 256 61 61 310 24 24 256 310 61 61 310 140 382 24 24 382 382 140 61
493 443 310 493 443 98 98 98 98 98 285 24 140 456 382 61 24 24 140 382
293 293 443 78 78 443 58 58 58 460 121 285 280 456 456 280 456 58 58 58
456 280 456 58 58 493 293 293 310 310 460 121 285 280 456 456 280 456 460 121
460 121 285 280 456 456 280 456 460 121 78 78 460 121 24 24 24 58 493 493
58 460 121 285 280 456 456 280 456 58 58 293 293 293 310 310 310 460 121 285
58 58 460 121 285 280 456 456 280 456 58 58 493 293 293 310 310 310 460 121
456 456 280 456 58 58 58 443 78 293 293 293 293 293 310 310 310 58 58 310
493 493 356 356 493 493 493 493 493 493 493 493 493 493 493 493 493 144 144 144
98 98 98 144 144 285 24 140 456 382 140 24 140 456 24 382 140 61 456 140
61 456 61 98 443 310 98 443 144 144 144 144 144 285 24 140 456 382 61 24
443 310 310 98 443 144 144 144 144 144 285 24 24 140 456 382 140 24 24 140
493 493 493 493 493 58 493 58 493 493 493 493 493 493 493 493 493 443 493 356
58 58 493 493 493 493 493 493 493 493 493 493 58 443 310 356 58 493 493 493
24 58 493 493 310 443 443 98 98 98 98 144 285 24 140 456 382 140 24 24
98 98 98 285 24 280 456 382 140 24 24 280 456 382 140 61 456 61 493 443
98 285 24 280 456 382 140 24 140 456 24 382 140 61 456 140 493 443 58 58
460 121 285 280 456 456 280 456 460 121 78 78 460 121 24 24 24 310 493 493
280 456 456 61 61 456 460 121 78 460 121 24 24 24 24 78 24 24 493 493
493 58 58 460 121 285 280 456 456 280 456 58 58 493 293 293 310 310 310 460
356 493 493 493 493 493 493 493 493 493 493 493 443 98 144 144 144 493 310 356
58 58 460 121 285 280 456 456 280 456 58 58 493 293 293 310 310 310 310 460
493 493 443 58 443 98 98 98 98 98 285 24 140 456 382 140 24 24 140 456
456 61 98 443 310 98 443 144 144 144 144 144 285 24 140 456 382 61 24 24
121 78 78 460 121 24 24 24 310 493 493 443 58 443 98 98 98 98 98 285
280 456 58 58 58 443 443 293 293 293 293 293 310 310 310 310 58 58 460 121
98 285 24 280 456 382 61 24 280 456 24 382 140 61 456 140 493 443 310 493
293 293 293 310 310 310 310 58 58 460 121 285 280 456 456 61 61 456 460 121
280 456 456 280 456 58 58 24 293 293 310 310 310 460 121 285 280 456 456 280
98 98 98 285 24 140 456 382 61 24 24 140 456 382 140 61 456 61 98 443
58 460 121 285 280 456 456 280 456 58 58 293 293 293 310 310 310 460 121 285
443 493 493 493 58 493 58 493 493 493 493 493 493 493 493 493 493 493 493 493
58 58 493 58 493 493 493 493 493 493 493 493 493 443 493 356 443 493 493 493
460 121 285 280 456 456 280 456 460 121 78 78 460 121 24 24 24 24 24 24
293 293 443 443 493 443 58 58 58 460 121 285 280 456 456 280 456 58 58 58
293 293 443 443 78 443 58 58 58 460 121 285 280 456 456 280 456 58 58 493
98 98 285 24 280 456 382 140 24 24 443 456 382 140 61 456 61 493 443 58
310 310 58 58 460 121 285 280 456 456 61 61 456 460 121 78 78 460 121 24
293 310 310 310 460 121 285 280 456 456 61 61 456 460 121 78 78 460 121 24
98 98 98 98 285 24 140 456 382 61 24 24 140 456 382 140 61 456 61 98
61 24 140 456 382 24 140 61 456 61 493 443 310 493 443 98 98 98 144 144
310 493 493 443 58 443 98 98 98 144 144 285 24 140 456 382 61 24 140 456
78 78 460 121 24 24 24 310 493 382 443 58 443 98 98 98 98 98 285 24
493 493 493 493 493 493 493 493 493 493 356 310 356 58 310 356 256 58 310 356
460 121 285 280 456 456 280 456 58 58 293 293 293 310 310 310 460 121 285 280
140 24 24 140 456 24 24 382 140 61 456 140 98 443 310 310 98 443 144 144
493 443 58 443 98 98 98 98 98 285 24 280 456 382 140 24 24 443 456 382
456 460 121 78 78 460 121 24 24 24 24 24 24 310 493 493 443 58 58 58
310 493 493 443 58 443 98 98 98 98 98 285 24 140 456 382 61 24 24 140
61 456 460 121 78 78 460 121 24 24 24 310 493 493 443 443 98 98 98 98
280 456 460 121 78 78 460 121 24 24 24 58 493 493 310 443 443 98 98 98
121 285 280 456 456 280 456 460 121 78 78 460 121 24 24 24 310 493 493 443
58 58 493 293 293 293 293 310 310 310 460 121 285 280 456 456 280 456 460 121
293 293 443 78 58 58 460 121 285 280 456 456 280 456 58 58 493 293 293 310
382 382 140 61 61 456 140 443 293 310 493 443 58 58 58 293 493 310 443 98
293 293 443 443 58 58 460 121 285 280 456 456 280 456 58 58 493 293 293 310
456 280 456 58 58 493 293 293 310 310 310 460 121 285 280 456 456 280 280 456
493 493 310 443 443 98 144 98 98 144 285 24 140 456 382 140 24 24 140 456
443 144 144 144 144 144 285 24 140 456 382 61 24 24 140 456 382 140 61 456
24 24 280 382 382 140 61 256 61 61 310 24 24 256 310 61 61 310 140 382
98 98 98 98 285 24 140 456 382 140 24 24 140 456 382 140 61 382 140 310
58 443 98 98 98 98 98 285 24 140 456 382 140 24 24 140 456 382 140 61
493 493 493 493 443 98 98 98 98 280 285 356 256 310 256 310 98 356 356 310
98 98 98 285 24 140 456 382 140 24 24 140 456 382 140 61 456 140 493 443
293 293 310 310 310 58 58 310 460 121 285 280 456 456 280 456 460 121 78 78
280 456 456 280 456 58 58 24 293 293 310 310 310 460 121 285 280 456 456 61
456 280 456 460 121 78 78 460 121 24 24 24 310 493 493 443 58 443 98 98
121 78 460 121 24 78 24 24 310 493 493 443 58 58 58 443 98 98 98 98
310 310 58 58 460 121 285 280 456 456 61 61 456 460 121 78 460 121 24 24
310 293 293 293 293 310 310 310 460 121 285 280 456 456 280 456 460 121 78 78
293 310 310 310 460 121 285 280 456 456 280 456 460 121 78 78 460 121 24 24
58 293 293 293 310 310 310 310 58 58 460 121 285 280 456 456 61 61 456 460
98 98 285 24 280 456 382 140 24 24 443 456 382 140 61 456 61 493 443 58
24 310 493 493 443 443 98 98 98 98 98 285 24 280 456 382 61 24 280 456
293 293 443 493 58 58 460 121 285 280 456 456 280 456 58 58 493 293 293 310
382 293 293 310 310 310 460 121 285 280 456 456 280 456 460 121 78 78 460 121
310 310 460 121 285 280 456 456 280 456 460 121 78 78 460 121 24 24 24 310
310 310 310 460 121 285 280 456 456 280 456 460 121 78 78 460 121 24 24 24
293 310 310 310 460 121 285 280 456 456 280 456 460 121 78 78 460 121 24 24
293 443 78 78 443 58 58 58 460 121 285 280 456 456 280 456 58 58 58 443
456 280 456 460 121 78 78 460 121 24 24 24 310 493 493 443 58 443 98 98
460 121 78 78 460 121 24 24 24 24 24 24 310 493 493 443 58 58 58 493
140 456 24 382 140 61 456 61 98 443 310 98 443 144 144 144 144 144 285 24
310 493 493 443 58 443 98 98 98 98 98 285 24 140 456 382 61 24 24 140
58 58 493 293 293 293 293 310 310 310 460 121 285 280 456 456 280 456 460 121
256 310 61 61 61 310 61 310 256 310 61 280 310 310 493 280 285 61 256 310
98 98 98 98 285 24 140 456 382 61 24 24 140 382 382 140 61 382 140 493
98 98 98 98 98 285 24 280 456 382 140 24 24 140 456 382 140 61 456 61
443 443 78 443 58 58 58 460 121 285 280 456 456 280 456 58 58 58 443 443
456 24 382 140 61 456 61 98 443 310 98 443 144 144 144 144 144 285 24 140
280 456 58 58 293 293 293 293 293 310 310 310 460 121 285 280 456 456 280 456
456 61 61 456 460 121 78 78 460 121 24 24 24 310 493 493 443 443 98 98
58 460 121 285 280 456 456 280 456 58 58 493 293 293 310 310 310 460 121 285
58 356 256 356 58 493 493 310 356 356 256 493 493 493 493 493 493 493 493 493
58 493 493 493 493 493 493 493 493 493 493 58 356 310 356 443 310 256 310 356
493 493 493 493 443 98 98 98 98 280 285 356 256 310 256 310 98 356 356 310
443 58 58 310 493 58 443 98 98 98 98 98 285 24 280 456 382 140 24 280
493 493 493 493 493 493 493 493 443 98 144 144 144 356 310 356 493 310 493 493
310 310 460 121 285 280 456 456 280 456 460 121 78 78 460 121 24 24 24 493
443 58 58 460 121 285 280 456 456 280 456 58 58 493 293 293 310 310 310 310
78 460 121 24 24 24 310 493 493 443 58 443 98 98 98 98 98 285 24 140
382 293 293 310 310 310 460 121 285 280 456 456 280 456 460 121 78 78 460 121
382 140 24 24 140 456 24 24 382 140 61 456 140 98 443 310 310 98 443 144
98 98 98 98 285 24 140 456 382 140 24 280 456 24 382 140 61 456 280 493
460 443 24 78 24 24 493 493 443 310 58 443 98 98 98 98 98 285 24 280
456 280 456 460 121 78 78 460 121 24 24 24 310 493 493 443 58 443 98 98
121 285 280 456 456 280 456 460 121 78 78 460 121 24 24 24 310 493 493 443
78 78 460 121 24 24 24 310 493 493 443 58 443 98 98 98 98 98 285 24
443 58 58 460 121 285 280 456 456 280 456 58 58 293 293 293 310 310 310 310
58 58 58 293 293 310 310 460 121 285 280 456 456 280 456 460 121 78 78 460
293 293 443 493 58 58 460 121 285 280 456 456 280 456 58 58 493 293 293 310
280 456 456 61 61 456 460 121 78 78 460 121 24 24 24 310 493 493 443 443
78 78 460 121 24 24 24 310 493 493 443 58 443 98 98 98 98 98 285 24
456 456 280 456 460 121 78 78 460 121 24 24 24 310 493 493 443 58 443 98
58 443 98 98 98 98 98 285 24 140 456 382 61 24 24 140 456 382 140 61
443 98 98 98 144 144 285 24 140 456 382 61 24 140 456 24 382 140 61 456
382 140 24 140 456 493 382 140 61 456 140 493 443 58 58 310 493 460 121 285
58 58 293 293 293 310 310 310 310 58 58 460 121 285 280 456 456 61 61 456
310 310 460 121 285 280 456 456 280 456 460 121 78 78 460 121 24 24 24 310
493 493 493 280 310 61 356 61 310 310 493 310 61 61 310 280 285 356 443 310
443 443 443 58 58 460 121 285 280 456 456 280 456 58 58 293 293 293 310 310
58 58 58 443 78 58 293 293 293 293 310 310 310 58 58 310 460 121 285 280
443 98 98 98 98 98 285 24 280 456 382 140 24 24 140 456 382 140 61 456
98 443 144 144 144 144 144 285 24 24 280 456 382 140 24 24 140 456 24 24
460 121 285 280 456 456 280 456 58 58 293 293 293 310 310 310 460 121 285 280
78 460 121 24 78 24 24 310 493 493 443 58 58 58 443 98 98 98 98 98
61 456 460 121 78 460 121 24 78 24 24 310 493 493 443 58 58 58 443 98
58 58 460 121 285 280 456 456 280 456 58 58 493 293 293 310 310 310 460 121
293 443 78 78 443 58 58 58 460 121 285 280 456 456 280 456 58 58 58 443
280 456 58 58 493 293 293 310 310 310 460 121 285 280 456 456 61 61 456 460
443 58 58 460 121 285 280 456 456 280 456 58 58 293 293 293 310 310 310 460
58 58 58 493 493 493 493 493 493 493 493 493 493 58 356 310 356 443 310 493
493 58 58 58 493 58 493 493 493 493 493 493 493 493 493 443 493 356 443 493
456 456 280 456 58 58 293 293 293 310 310 310 460 121 285 280 456 456 280 456
493 493 443 58 443 98 98 98 98 98 285 24 140 456 382 61 24 24 140 456
61 456 460 121 78 460 121 24 78 24 24 310 493 493 443 58 58 58 443 98
293 443 78 58 58 460 121 285 280 456 456 280 456 58 58 493 293 293 310 310
382 140 61 456 61 98 443 310 98 443 144 144 144 144 144 285 24 140 456 382
293 310 310 310 460 121 285 280 456 456 61 61 456 460 121 78 460 121 24 78
493 310 443 58 443 98 98 98 98 98 285 24 140 456 382 140 24 24 280 456
493 493 493 493 493 493 493 493 493 493 443 98 144 144 144 443 310 356 493 493
121 285 280 456 456 280 456 58 58 293 293 293 310 310 310 460 121 285 280 456
493 493 493 493 493 493 493 356 310 356 356 443 493 310 493 493 356 356 493 356
356 356 493 493 493 493 493 493 493 493 493 493 493 493 493 493 493 493 493 493
24 24 24 310 493 493 443 58 443 98 98 98 98 98 285 24 280 456 382 140
443 144 144 144 144 144 285 24 24 140 456 382 140 24 24 140 456 24 24 382
493 443 310 493 443 98 98 98 98 98 285 24 140 456 382 61 24 24 280 310
78 78 460 121 24 24 24 310 493 493 443 443 98 98 98 98 98 285 24 280
493 493 493 493 493 493 356 310 356 356 443 493 310 493 493 356 356 493 356 310
24 140 456 24 24 382 140 61 456 140 98 443 310 310 98 443 144 144 144 144
256 310 24 24 256 310 61 61 310 140 382 24 24 382 382 140 61 61 382 140
456 58 58 493 293 293 310 310 460 121 285 280 456 456 280 456 460 121 78 78
256 310 310 493 310 61 61 310 280 285 61 256 310 256 310 61 61 310 493 493
293 293 310 310 310 460 121 285 280 456 456 280 456 460 121 78 78 460 121 24
61 61 456 460 121 78 24 121 24 78 24 24 493 493 443 310 58 443 98 98
310 310 460 121 285 280 456 456 61 61 456 460 121 78 460 121 24 78 24 24
356 356 443 356 310 356 443 310 256 310 356 356 310 493 493 493 493 493 493 493
24 140 456 382 140 61 456 61 493 443 310 493 443 98 98 98 98 98 285 24
310 293 293 293 293 310 310 310 460 121 285 280 456 456 280 456 460 121 78 78
456 280 456 460 121 78 78 460 121 24 24 24 493 493 310 443 58 443 98 98
456 61 61 456 460 121 78 460 121 24 78 24 24 310 493 493 443 58 58 58
382 61 24 140 456 24 382 140 61 456 61 98 443 310 98 443 144 144 144 144
443 443 58 58 460 121 285 280 456 456 280 456 58 58 493 293 293 310 310 310
140 24 24 140 456 24 24 382 140 61 456 140 98 443 310 310 98 443 144 144
61 61 456 460 121 78 460 121 24 78 24 24 310 493 493 443 58 58 58 443
493 493 493 493 493 493 356 285 356 256 310 356 310 256 310 356 356 356 310 356
285 280 456 456 280 456 58 58 58 443 78 293 293 293 293 293 310 310 310 58
493 493 493 493 493 443 98 98 98 280 285 356 443 310 256 310 98 356 356 310
280 456 456 61 61 456 460 121 78 78 460 121 24 24 24 493 493 310 443 293
78 460 121 24 24 24 310 493 493 443 58 58 58 443 98 98 98 98 98 285
460 121 78 78 460 121 24 24 24 310 493 493 443 58 58 310 493 58 443 98
58 58 293 293 310 310 310 460 121 285 280 456 456 61 61 456 460 121 78 460
460 121 24 24 24 310 493 493 443 58 443 98 98 98 98 98 285 24 140 456
293 293 310 310 310 460 121 285 280 456 456 280 456 460 121 78 78 460 121 24
24 24 493 493 443 310 58 443 98 98 98 144 144 285 24 140 456 382 140 24
24 24 140 456 382 140 24 24 140 456 24 24 382 140 61 456 140 98 443 310
61 456 460 121 78 78 460 121 24 24 24 310 493 493 443 443 98 98 98 98
493 493 310 443 58 443 98 98 98 98 98 285 24 140 456 382 140 24 24 280
456 456 280 456 58 58 24 293 293 293 293 310 310 310 460 121 285 280 456 456
61 61 310 98 285 24 24 140 456 382 140 24 24 140 456 24 24 382 140 61
78 443 293 293 293 293 293 310 310 310 310 58 58 460 121 285 280 456 456 61
98 285 24 140 456 382 140 24 24 140 456 382 140 61 456 140 493 443 58 58
98 98 98 98 285 24 140 456 382 61 24 24 140 456 382 140 61 456 61 98
456 456 61 280 456 460 121 78 460 121 24 24 24 24 78 24 24 493 493 443
493 493 493 443 98 98 98 98 280 285 61 256 310 256 310 98 61 61 310 382
98 98 98 98 285 24 140 456 382 140 24 280 456 24 382 140 61 456 280 493
460 121 285 280 456 456 61 61 456 460 121 78 78 460 121 24 24 24 493 493
293 293 443 443 58 58 460 121 285 280 456 456 280 456 58 58 493 293 293 310
310 460 121 285 280 456 456 280 456 460 121 78 78 460 121 24 24 24 310 493
456 58 58 293 293 293 310 310 310 460 121 285 280 456 456 280 456 460 121 78
293 310 310 310 460 121 285 280 456 456 61 61 456 460 121 78 78 460 121 24
61 61 456 382 24 24 140 456 382 140 24 24 140 456 24 24 382 140 61 456
460 121 285 280 456 456 280 456 58 58 293 293 293 310 310 310 310 58 58 460
78 78 460 121 24 24 24 310 493 493 443 58 443 98 98 98 98 98 285 24
78 460 121 24 24 24 310 493 382 443 58 443 98 98 98 98 98 285 24 280
293 293 310 310 310 310 58 58 460 121 285 280 456 456 61 61 456 460 121 78
493 310 356 356 310 493 493 493 493 493 493 493 493 493 493 443 98 144 144 356
58 460 121 285 280 456 456 280 456 58 58 293 293 293 293 310 310 58 58 460
98 98 98 144 144 285 24 140 456 382 140 24 140 382 24 382 382 140 61 61
58 58 58 293 293 310 310 310 460 121 285 280 456 456 280 456 460 121 78 78
460 121 78 78 460 121 24 24 24 310 493 493 443 443 98 98 98 98 98 285
443 144 144 144 144 144 285 24 24 140 456 382 140 24 24 140 456 24 24 382
280 456 460 121 78 78 460 121 24 24 24 310 493 493 443 58 443 98 98 98
382 24 24 382 382 140 61 61 456 140 443 293 310 493 443 58 58 58 293 493
493 493 493 493 493 493 493 493 58 356 310 356 443 310 256 310 356 356 493 493
293 293 310 310 310 460 121 285 280 456 456 61 61 456 460 121 78 78 460 121
310 460 121 285 280 456 456 61 61 456 460 121 78 78 460 121 24 24 24 310
144 144 285 24 140 456 382 140 24 140 382 24 382 382 140 61 61 456 140 443
293 293 310 310 310 460 121 285 280 456 456 280 456 460 121 78 78 460 121 24
58 58 58 293 293 58 293 310 310 310 460 121 285 280 456 456 280 456 460 121
443 98 98 98 98 98 285 24 140 456 382 61 24 24 140 456 382 140 61 456
493 493 493 493 493 493 58 493 493 493 493 493 493 493 493 493 493 493 443 493
121 78 78 460 121 24 24 24 310 493 493 443 58 58 58 443 98 98 98 98
456 456 280 456 58 58 293 293 293 293 310 310 58 58 460 121 285 280 456 456
493 493 493 493 58 356 285 356 256 310 256 310 356 356 310 493 493 493 493 493
460 121 78 78 460 121 24 24 24 310 493 493 443 58 443 98 98 98 98 98
24 140 61 456 61 493 443 310 493 443 98 98 98 98 98 285 24 140 310 382
58 493 293 293 310 310 310 460 121 285 280 456 456 61 61 456 460 121 78 78
356 443 256 310 356 443 310 256 493 356 356 310 493 493 493 493 493 493 493 493
310 493 493 443 58 443 98 98 98 98 98 285 24 280 456 382 140 24 24 443
493 443 58 58 58 443 98 98 98 98 98 285 24 140 456 382 140 24 280 456
456 456 61 61 456 460 121 78 78 460 121 24 24 24 493 493 310 443 293 443
493 493 493 493 493 493 493 493 493 493 58 356 310 356 443 310 493 310 356 356
293 310 310 310 460 121 285 280 456 456 280 456 460 121 78 78 460 121 24 24
443 310 493 443 98 98 98 98 98 285 24 140 456 382 61 24 24 140 382 382
285 280 456 456 280 456 460 121 78 78 460 121 24 24 24 24 24 24 310 493
140 61 456 140 98 443 310 310 98 443 144 144 144 144 144 285 24 24 140 456
280 456 456 280 456 58 58 24 293 293 310 310 310 460 121 285 280 456 456 280
310 493 310 356 356 310 493 493 493 493 493 493 493 493 493 493 493 98 144 144
58 460 121 285 280 456 456 280 456 58 58 293 293 293 310 310 310 460 121 285
58 443 98 98 98 98 98 285 24 140 456 382 140 24 24 140 456 382 140 61
493 493 493 58 493 58 493 493 493 493 493 493 493 493 493 493 493 493 493 443
493 493 443 443 98 98 98 98 98 285 24 280 456 382 140 24 280 456 24 382
293 293 293 293 443 443 78 443 58 58 58 460 121 285 280 456 456 280 456 58
144 285 24 140 456 382 140 24 24 140 456 382 140 61 456 140 98 443 58 58
58 58 460 121 285 280 456 456 280 456 58 58 493 293 293 310 310 310 310 460
493 293 293 310 310 310 460 121 285 280 456 456 61 61 456 460 121 78 78 460
78 78 460 121 24 24 24 493 493 310 443 58 443 98 98 98 98 98 285 24
144 144 285 24 140 456 382 140 24 140 382 24 382 382 140 61 61 456 140 443
456 456 280 456 460 121 78 78 460 121 24 24 24 310 493 493 443 58 443 98
443 98 98 98 98 98 285 24 280 456 382 61 24 280 456 24 382 140 61 456
61 24 24 140 456 382 140 61 456 61 493 443 310 493 443 98 98 98 98 98
310 61 310 256 310 61 61 61 310 61 310 256 310 61 280 310 310 493 280 285
61 61 456 460 121 78 460 121 24 78 24 24 310 493 493 443 58 58 58 443
121 285 280 456 456 280 456 58 58 493 293 293 310 310 310 460 121 285 280 456
121 78 78 460 121 24 24 24 310 493 493 443 58 443 98 98 98 98 98 285
58 460 121 285 280 456 456 280 456 58 58 293 293 293 310 310 310 460 121 285
443 58 443 98 98 98 98 98 285 24 140 382 382 61 24 24 140 456 382 140
493 58 58 460 121 285 280 456 456 280 456 58 58 293 293 293 310 310 310 460
144 285 24 140 456 382 61 24 140 456 24 382 140 61 456 61 98 443 310 98
493 24 140 456 382 140 24 24 140 456 24 24 382 140 61 456 140 98 443 310
493 493 58 58 58 493 58 493 493 493 493 493 493 493 493 493 443 493 356 443
382 61 24 24 140 456 382 140 61 456 61 493 443 310 493 443 98 98 98 98
310 61 61 61 310 61 310 256 310 61 280 310 310 493 280 285 61 256 310 256
456 456 280 456 58 58 58 443 78 293 293 293 293 293 310 310 310 58 58 310
456 456 280 456 58 58 293 293 293 293 310 310 58 58 460 121 285 280 456 456
460 121 24 24 24 310 493 493 443 58 58 310 493 58 443 98 98 98 98 98
121 78 78 460 121 24 24 24 24 24 24 310 493 493 443 58 58 58 493 58
356 58 310 256 310 356 356 310 493 493 493 493 493 493 493 493 493 493 493 98
493 493 493 493 493 493 493 493 493 443 58 493 58 493 493 493 493 493 493 493
493 493 310 443 58 443 98 98 98 98 98 285 24 140 456 382 140 24 24 280
493 443 58 443 98 98 98 144 144 285 24 140 456 382 61 24 140 456 24 382
293 443 443 58 58 460 121 285 280 456 456 280 456 58 58 493 293 293 310 310
443 144 144 144 144 144 285 24 24 140 456 382 140 24 24 140 456 24 24 382
58 293 293 293 293 310 310 310 460 121 285 280 456 456 280 456 460 121 78 78
121 78 460 121 24 78 24 24 493 493 443 310 58 443 98 98 98 98 98 285
98 98 98 285 24 140 456 382 61 24 24 140 456 382 140 61 456 61 493 443
144 144 144 285 24 24 280 382 382 140 24 24 140 456 24 24 382 140 61 382
58 58 293 293 310 310 310 460 121 285 280 456 456 280 456 460 121 78 78 460
121 285 280 456 456 280 456 58 58 293 293 293 310 310 310 460 121 285 280 456
310 310 460 121 285 280 456 456 280 456 460 121 78 78 460 121 24 24 24 493
280 456 456 280 456 58 58 24 293 293 310 310 310 310 460 121 285 280 456 456
293 443 78 58 58 460 121 285 280 456 456 280 456 58 58 493 293 293 310 310
256 310 310 493 310 61 61 310 280 285 61 256 310 256 310 61 61 310 493 493
144 285 24 140 456 382 140 24 140 382 24 382 382 140 61 61 456 140 443 493
98 98 285 24 24 280 382 382 140 61 256 61 61 310 24 24 256 310 61 61
460 121 285 280 456 456 280 456 58 58 293 293 293 293 310 310 58 58 460 121
285 61 256 310 61 310 256 310 61 61 61 310 61 310 256 310 61 280 310 310
98 98 98 98 98 285 24 140 310 382 61 24 24 140 456 382 140 61 310 140
493 493 493 493 493 493 493 493 493 493 58 356 310 356 443 310 493 310 356 356
310 256 310 98 61 61 310 98 285 24 24 140 456 382 140 24 24 140 456 24
98 98 98 98 98 285 24 280 456 382 61 24 140 456 382 24 140 61 382 61
98 98 98 285 24 280 456 382 61 24 280 456 24 382 140 61 456 140 493 443
121 285 280 456 456 61 61 456 58 58 293 293 293 310 310 310 460 121 285 280
293 310 310 310 58 58 310 460 121 285 280 456 456 280 456 460 121 78 78 460
98 285 24 24 280 382 382 140 61 256 61 61 310 24 24 256 310 61 61 310
280 456 456 61 61 456 460 121 78 78 460 121 24 24 24 493 493 310 443 293
460 121 285 280 456 456 280 456 58 58 293 293 293 310 310 310 310 58 58 460
310 58 58 310 460 121 285 280 456 456 280 456 460 121 78 78 460 121 24 24
456 140 98 443 310 310 98 443 144 144 144 144 144 285 24 24 140 456 382 140
280 456 456 61 61 456 460 121 78 460 121 24 24 24 24 78 24 24 493 493
293 310 310 310 310 58 58 460 121 285 280 456 456 61 61 456 460 121 78 78
443 58 58 460 121 285 280 456 456 280 456 58 58 493 293 293 310 310 460 121
493 443 58 58 58 293 493 310 443 98 98 98 98 98 285 24 24 280 456 285
58 58 58 78 443 293 293 293 293 293 310 310 310 310 58 58 460 121 285 280
456 58 58 293 293 293 310 310 310 460 121 285 280 456 456 280 456 460 121 78
280 456 460 121 78 78 460 121 24 24 24 310 493 493 443 58 443 98 98 98
24 493 493 443 310 58 443 98 98 98 144 144 285 24 140 456 382 140 24 140
280 456 58 58 293 293 293 310 310 310 460 121 285 280 456 456 280 456 460 121
98 98 98 285 24 280 456 382 140 24 24 280 456 382 140 61 456 61 493 443
121 285 280 456 456 61 61 456 460 121 78 78 460 121 24 24 24 310 493 493
493 493 493 493 493 493 493 493 58 493 493 493 493 493 493 493 493 493 493 493
456 382 61 24 140 456 382 24 140 61 456 61 493 443 310 493 443 98 98 98
98 98 285 24 140 456 382 61 24 24 140 456 382 140 61 456 61 493 443 310
310 310 310 310 58 58 460 121 285 280 456 456 61 61 456 460 121 78 460 121
58 58 493 293 293 310 310 310 460 121 285 280 456 456 280 456 460 121 78 78
493 493 493 493 493 493 493 493 493 493 493 443 98 144 144 356 256 356 443 310
285 280 456 456 280 456 460 121 78 78 460 121 24 24 24 493 493 310 443 58
58 443 78 293 293 293 293 293 310 310 310 58 58 310 460 121 285 280 456 456
310 460 121 285 280 456 456 61 61 456 460 121 78 460 121 24 78 24 24 310
493 493 58 256 310 356 256 310 256 310 356 356 310 493 493 493 493 493 493 493
140 61 456 61 493 443 310 493 443 98 98 98 98 98 285 24 140 310 382 61
293 310 310 310 460 121 285 280 456 456 280 456 460 121 78 78 460 121 24 24
58 58 58 443 98 98 98 98 98 285 24 140 456 382 140 24 140 456 24 382
443 443 58 58 460 121 285 280 456 456 61 61 456 58 58 293 293 293 310 310
58 493 293 293 310 310 460 121 285 280 456 456 280 456 460 121 78 78 460 121
382 24 24 382 382 140 61 61 456 140 443 293 310 493 443 58 58 58 293 493
443 58 443 98 98 98 98 98 285 24 140 456 382 140 24 24 140 456 382 140
456 58 58 293 293 293 310 310 310 460 121 285 280 456 456 280 456 460 121 78
293 293 310 310 310 460 121 285 280 456 456 280 456 460 121 78 78 460 121 24
293 293 293 443 78 78 443 58 58 58 460 121 285 280 456 456 280 456 58 58
493 310 443 443 98 144 98 98 144 285 24 140 456 382 140 24 24 140 456 382
456 256 310 98 61 61 310 285 24 24 280 456 382 140 24 24 140 456 24 24
443 493 493 493 493 493 493 310 493 493 443 58 493 58 493 493 493 493 493 493
285 24 280 456 382 140 24 24 140 456 382 140 61 456 61 493 443 58 58 310
460 121 24 24 24 493 493 310 443 58 443 98 98 98 98 98 285 24 140 456
443 58 58 58 460 121 285 280 456 456 280 456 58 58 493 293 293 293 293 310
58 58 58 460 121 285 280 456 456 280 456 58 58 493 293 293 293 293 310 310
78 78 460 121 24 24 24 310 493 493 443 58 443 98 98 98 98 98 285 24
456 280 456 460 121 78 78 460 121 24 24 24 310 493 493 443 58 443 98 98
443 443 443 58 58 460 121 285 280 456 456 280 456 58 58 493 293 293 310 310
310 493 443 98 98 98 98 98 285 24 140 456 382 61 24 24 140 382 382 140
293 443 443 78 443 58 58 58 460 121 285 280 456 456 280 456 58 58 493 293
98 285 24 140 382 382 61 24 24 140 456 382 140 61 456 61 493 443 310 493
24 280 456 382 140 24 24 140 456 382 140 61 456 61 493 443 58 58 310 493
78 78 493 443 24 24 24 24 24 24 310 493 493 443 58 58 58 493 493 493
493 493 493 493 493 493 493 493 493 493 493 493 493 493 493 493 493 493 493 493
493 443 310 58 443 98 98 98 144 144 285 24 140 456 382 140 24 140 382 493
460 121 78 78 460 121 24 24 24 58 493 493 310 443 443 98 98 98 98 98
456 280 456 58 58 24 293 293 293 293 310 310 310 460 121 285 280 456 456 280
61 24 140 456 382 24 140 61 456 61 493 443 310 493 443 98 98 98 144 144
98 98 98 98 98 285 24 140 456 382 140 24 24 140 456 382 140 61 456 140
456 460 121 78 78 460 121 24 24 24 493 493 310 443 293 443 58 58 310 310
58 293 293 310 310 310 460 121 285 280 456 456 280 456 460 121 78 78 460 121
493 293 293 310 310 310 460 121 285 280 456 456 61 61 456 460 121 78 78 460
121 24 24 24 310 493 493 443 443 98 98 98 98 98 285 24 280 456 382 61
280 456 58 58 293 293 293 310 310 310 460 121 285 280 456 456 280 456 460 121
24 140 456 24 382 140 61 456 61 98 443 310 98 443 144 144 144 144 144 285
24 140 456 24 24 382 140 61 456 140 98 443 310 310 98 443 144 144 144 144
98 144 98 98 144 285 24 140 456 382 140 24 24 140 456 382 140 61 456 140
121 285 280 456 456 280 456 460 121 78 78 460 121 24 24 24 310 493 493 443
285 280 456 456 280 456 58 58 24 293 293 310 310 310 310 460 121 285 280 456
121 78 78 460 121 24 24 24 58 493 493 310 443 443 98 98 98 98 98 285
98 98 98 144 144 285 24 140 456 382 140 24 140 456 24 382 140 61 456 140
24 493 493 443 310 58 443 98 98 98 144 144 285 24 140 456 382 140 24 140
460 121 24 24 24 493 493 310 443 58 443 98 98 98 98 98 285 24 140 456
493 493 493 493 493 493 493 493 356 310 356 356 443 493 493 493 493 356 356 493
310 98 443 144 144 144 144 144 285 24 140 456 382 61 24 24 140 456 382 140
285 280 456 456 280 456 58 58 24 293 293 310 310 310 460 121 285 280 456 456
24 140 456 382 140 61 456 61 493 443 310 493 443 98 98 98 98 98 285 24
280 456 460 121 78 78 460 121 24 24 24 24 24 24 310 493 493 443 58 58
356 310 356 443 310 256 310 356 356 310 493 493 493 493 493 493 493 493 493 493
98 98 98 144 144 285 24 140 456 382 140 24 140 456 24 382 140 61 456 140
58 58 293 293 293 310 310 310 460 121 285 280 456 456 280 456 460 121 78 78
58 58 460 121 285 280 456 456 280 456 460 121 78 78 460 121 24 24 24 58
293 293 310 310 58 58 460 121 285 280 456 456 280 456 460 121 78 78 460 121
98 285 24 140 382 382 61 24 24 140 456 382 140 61 456 61 493 443 310 493
460 121 78 78 460 121 24 24 24 310 493 493 443 58 443 98 98 98 98 98
98 98 98 280 285 61 61 310 256 310 98 61 61 310 98 285 24 24 280 456
58 58 493 493 493 493 493 493 493 493 493 493 58 443 256 356 493 493 493 493
456 58 58 493 293 293 310 310 310 310 460 121 285 280 456 456 61 61 456 460
293 443 493 58 58 460 121 285 280 456 456 280 456 58 58 493 293 293 310 310
293 293 293 310 310 58 58 460 121 285 280 456 456 280 456 460 121 78 78 460
443 144 144 144 144 144 285 24 24 140 456 382 140 24 24 140 456 24 24 382
280 456 456 280 456 58 58 24 293 293 310 310 310 460 121 285 280 456 456 280
58 58 493 293 293 293 293 310 310 310 460 121 285 280 456 456 280 456 460 121
58 58 493 58 493 493 493 493 493 493 493 493 493 443 493 356 443 493 493 493
310 310 460 121 285 280 456 456 280 456 460 121 78 78 460 121 24 24 24 493
310 310 58 58 310 460 121 285 280 456 456 280 456 460 121 78 78 460 121 24
