1908 177 457 457 1908 177 1342 144 510 144 1015 592 1178 339 1709 1371 605 339 1709 1287
177 1342 144 510 144 1015 592 1413 339 735 1371 1658 1287 1709 1287 1413 1739 1371 605 1079
144 510 144 1015 592 1413 339 735 1371 1658 1287 1709 1287 1413 1739 1371 605 1079 1793 1371
1079 1793 577 605 1079 1793 577 605 605 1793 1178 1739 577 605 1015 1367 577 605 1015 1367
1908 177 457 457 1908 177 1342 144 510 144 1015 592 1178 339 735 1371 1178 339 735 1287
577 1178 1015 1793 1178 1739 577 1658 1015 1367 577 605 1015 1367 577 1658 1015 1367 577 1658
510 144 1015 592 1178 339 735 577 605 339 735 577 1178 1739 577 1178 1079 1793 1287 1658
1015 339 735 1371 339 735 735 1371 1015 1739 1371 1015 1079 1793 1371 1015 1079 1793 1371 1015
1578 1908 177 1342 144 510 144 1015 592 1178 339 1015 577 1178 339 1015 577 1178 1739 577
457 144 510 1342 1342 1578 1578 1908 177 144 1546 1546 1057 1057 1342 144 510 506 1057 506
1908 177 1342 144 510 144 1015 592 1178 339 735 577 605 605 1709 1287 1178 1739 577 1178
1178 339 1709 577 605 339 1709 1287 1178 1739 577 605 1079 1793 577 605 510 1079 1793 577
1287 1178 1739 592 1178 1079 1793 577 1658 1369 1057 1369 1057 1079 1793 1371 605 1015 1793 1178
144 510 1578 144 1015 592 1178 339 735 1371 1178 339 735 1287 1178 1739 1371 1178 1079 1793
1371 605 1015 1793 1178 1739 1371 1178 1015 1367 1371 1658 1369 1057 1546 1057 1178 1739 577 1658
735 1371 339 1709 735 1371 1015 1739 1371 1015 1079 1793 1371 1015 1079 1793 1371 1015 1015 1793
1578 1578 1908 177 1342 144 510 144 1015 592 1178 339 1015 577 1178 339 1015 577 1178 1739
735 1371 1658 1287 1709 1287 1413 1739 1371 605 1079 1793 1371 1413 1079 1793 1287 605 1658 1793
577 1178 1079 1793 577 1178 1015 1793 1178 1739 1371 1178 1015 1367 1371 1178 1015 1367 577 1178
592 1178 339 1140 592 1178 339 1140 592 1178 1739 592 1178 735 1793 1371 1178 510 1079 1793
1287 1178 1739 592 1658 1079 1793 592 1658 1079 1793 592 1178 1015 1793 1178 1739 1371 1178 1015
592 1178 339 1709 592 1178 339 1709 592 1178 1015 1367 577 1178 1079 1793 577 1178 1079 1793
735 1793 1371 605 1079 1793 1287 605 1015 1793 1178 1739 1371 605 1015 1367 1371 605 1015 1367
1371 605 1079 1793 1287 605 1015 1793 1178 1739 1371 605 1015 1367 1371 605 1015 1367 1371 605
1178 339 1709 1371 605 339 1709 1287 1178 1739 1371 605 735 1793 1371 605 1079 1793 1287 605
1079 1793 1371 605 1015 1793 1178 1739 1371 1178 1015 1367 1371 1658 1369 1057 1546 1057 1178 1739
510 1367 1578 1908 177 457 457 1908 177 1342 144 510 144 1015 592 1178 339 1709 1371 1178
144 1546 1546 1057 1057 1342 144 510 506 1057 506 1057 144 1015 592 1178 339 1015 592 1658
1140 592 1178 1739 592 1140 735 1793 577 1178 510 1079 1793 592 1178 735 1793 1369 1057 1546
1057 1342 144 1578 144 1015 592 1178 339 1140 592 1178 339 1140 592 1178 1739 592 1178 735
1057 506 1057 1342 144 1578 144 1015 592 1178 339 1140 592 1178 339 1140 592 1178 1739 592
1371 605 1079 1793 1371 1413 1079 1793 1287 605 1658 1793 1413 1739 1371 1413 1015 1367 1371 1413
605 510 1079 1793 577 1178 1015 1793 1178 1739 577 1178 1015 1367 577 605 1015 1367 577 1178
1908 177 1342 144 144 1015 592 1178 339 1709 1371 605 339 1709 1287 1178 1739 577 605 1079
1079 1793 577 1178 1079 1793 577 1178 1015 1793 1178 1739 1371 1178 1015 1367 1371 1178 1015 1367
1578 1908 177 144 1015 592 1178 339 735 1371 605 339 735 1287 1178 1739 1371 1658 1079 1371
1057 1578 1908 177 1342 144 510 144 1015 592 1178 339 1709 1371 605 339 1709 1287 1178 1739
1739 1371 1658 1079 1793 592 1658 1079 1793 592 1178 1015 1793 1178 1739 1371 1178 1015 1367 592
144 1342 144 510 1578 144 1015 592 1178 339 735 1371 1178 339 735 1287 1178 1739 1371 1178
457 144 510 1342 1578 1578 1908 177 1342 144 510 144 1015 592 1178 339 735 577 605 605
605 339 1709 1287 1178 1739 1371 605 735 1793 1371 605 1079 1793 1287 605 1015 1793 1178 1739
457 1578 1342 1578 1578 1908 177 1342 144 144 1015 592 1178 339 1709 1371 605 339 1709 1287
1287 1709 1287 1178 1739 1371 605 1079 1793 1371 605 1079 1793 510 1371 605 1015 1793 1178 1739
592 605 1079 1793 577 605 1079 1793 1371 605 1015 1793 1178 1739 1371 605 1015 1367 1287 605
1178 1079 1793 577 1178 1079 1793 577 1178 1015 1793 1178 1739 1371 1178 1015 1367 1371 1178 1015
1908 177 1342 144 510 144 1015 592 1178 339 735 577 605 605 1709 1287 1178 1739 577 1178
1342 510 577 1578 1908 177 457 457 1908 177 1342 144 510 144 1015 592 1178 339 735 1371
1793 1413 1739 1371 1413 1015 1367 1371 1413 1015 1367 577 1413 1015 1367 577 1413 1015 1367 577
1369 1057 1369 1057 1079 1793 1371 605 1015 1793 1178 1739 1371 1178 1015 1367 1371 1658 1369 1057
1140 592 1140 339 1140 592 1178 1739 592 1140 735 1793 1371 1178 510 1079 1793 592 1178 735
605 339 1709 1287 1178 1739 577 605 1079 1793 577 605 510 1079 1793 577 1178 1015 1793 1178
1739 577 1178 1079 1793 577 1178 1079 1793 1287 1178 1015 1793 1178 1739 577 1178 1015 1367 577
592 1178 735 1793 506 1057 1546 1057 1178 1739 577 1178 1015 1367 1371 1178 506 1057 1546 1057
1015 1793 577 605 1015 1793 1178 1739 577 605 1015 1367 1287 605 1342 144 1015 1367 1371 605
577 1178 1015 1793 1178 1739 577 1178 1015 1367 577 605 1015 1367 577 1178 1015 1367 577 605
1178 1739 577 605 1015 1367 577 1178 1015 1367 577 1658 1015 1367 577 605 1015 1367 577 1178
339 1709 1287 1178 1739 577 605 1079 1793 577 605 1079 1793 577 605 1709 1793 1178 1739 577
1178 339 1709 577 1178 339 1709 1287 1178 1739 592 1658 1079 1793 577 1658 1079 1793 592 1178
144 1342 510 1578 1079 1908 177 1342 144 144 1015 592 1178 339 735 1371 1658 1287 1709 1287
339 1709 1793 1178 339 1709 592 605 1739 577 1178 1079 1793 1371 1178 1015 1793 1371 1178 1015
1739 1371 605 1342 144 1015 1367 1371 1178 1546 1057 1178 1739 592 1178 1546 1057 1178 1739 1371
1908 177 1342 144 510 144 1015 592 1413 339 735 1371 1658 1287 1709 1287 1413 1739 1371 605
1739 577 605 1079 1793 577 605 1079 1793 577 605 1015 1793 1178 1739 577 605 1015 1367 1287
577 605 577 1709 577 1178 1739 577 1178 1079 1793 577 605 1079 1793 577 605 605 1793 1178
1178 339 1709 1371 605 339 1709 1287 1178 1739 1371 605 735 1793 1371 605 1079 1793 1287 605
1342 1578 1578 1908 177 1342 144 510 144 1015 592 1178 339 1709 577 1178 339 1015 577 1178
1342 510 1367 1578 1908 177 457 457 1908 177 1342 144 510 144 1015 592 1178 339 1709 1371
1178 339 735 1371 1658 1287 1709 1287 1178 1739 1371 605 1079 1793 592 605 1079 1793 510 1371
577 1709 577 1178 1739 577 1178 1079 1793 577 605 1079 1793 577 605 605 1793 1178 1739 577
592 1178 339 1709 1371 605 339 1709 1287 1178 1739 577 605 1079 1793 577 605 1079 1793 577
1057 1342 144 1578 144 1015 592 1178 339 1140 592 1178 339 1140 592 1178 1739 592 1178 735
1015 592 1178 339 735 1371 1178 339 735 1287 1178 1739 1371 1178 1079 1793 1371 1658 1369 1057
605 1079 1793 1287 605 1015 1793 1178 1739 1371 605 1015 1367 1371 605 1015 1367 1371 605 1015
1739 1371 1015 1079 1793 1371 1015 1079 1793 1371 1015 1015 1793 1015 1739 1371 1015 1015 1367 1287
1015 1367 1371 1658 1369 1057 1546 1057 1178 1739 577 1658 506 1057 1546 1057 1178 1739 1371 1178
1342 144 144 1015 592 1178 339 735 1371 1658 1287 1709 1287 1178 1739 1371 605 1079 1793 592
1342 144 510 144 1015 592 1178 339 735 1371 1178 339 735 1287 1178 1739 592 1658 1079 1793
1079 1793 1287 605 1015 1793 1178 1739 1371 605 1015 1367 1371 605 1015 1367 1371 605 1015 1367
457 144 510 1342 1578 1578 1908 177 1342 144 510 144 1015 592 1178 339 735 577 605 339
339 1140 592 1140 339 1140 592 1178 1739 592 1140 735 1793 1371 1178 510 1079 1793 592 1178
577 605 1015 1793 577 605 1015 1793 1178 1739 577 605 1015 1367 1287 605 1342 144 1015 1367
510 1578 144 1015 592 1178 339 735 1371 1178 339 735 1287 1178 1739 1371 1178 1079 1793 1371
1739 592 1140 735 1793 1371 1178 510 1079 1793 592 1178 1015 1793 1546 1057 1546 1057 1178 1739
1079 1908 177 1342 144 144 1015 592 1178 339 735 1371 1658 1287 1709 1287 1178 1739 1371 605
510 1342 577 1578 1908 177 457 457 1908 177 1342 144 1578 144 1015 592 1178 510 339 1709
457 1908 177 1342 144 510 144 1015 592 1178 339 1709 1371 605 339 1709 1287 1178 1739 1371
1079 1793 577 1178 1079 1793 592 1178 1015 1793 1178 1739 577 1178 1015 1367 1371 1178 1015 1367
144 457 457 1578 1342 1578 1578 1908 177 1342 144 144 1015 592 1178 339 1709 1371 605 339
577 605 1079 1793 577 605 605 1793 1178 1739 577 605 1015 1367 577 605 1015 1367 577 1178
1342 144 510 144 1015 592 1178 339 1709 1367 1658 1287 1709 1287 1178 1739 1371 1178 1079 1793
510 339 1709 1371 1178 339 735 1287 1367 1739 592 1658 1079 1793 1287 605 1546 144 1057 1342
1287 1178 1739 1371 1178 1079 1793 577 1178 1079 1793 577 1178 1015 1793 1178 1739 1371 1178 1015
144 1342 144 510 1578 144 1015 592 1178 339 735 1371 1178 339 735 1287 1178 1739 1371 1178
339 735 1371 1178 339 735 1287 1178 1739 592 1658 1079 1793 592 1658 1079 1793 592 1178 1015
1178 339 1709 592 1178 1015 1367 577 1178 1079 1793 577 1178 1079 1793 592 1178 457 1793 1178
1793 1287 605 1658 1793 1413 1739 1371 1413 1015 1367 1371 1413 1015 1367 577 1413 1015 1367 577
339 735 1287 1178 1739 592 1178 1079 1793 577 1658 1369 1057 1369 1057 1079 1793 1371 605 1015
177 457 457 1908 177 1342 144 510 144 1015 592 1178 339 1709 1371 1178 339 1709 1287 1178
592 1178 1015 1367 577 1178 1079 1793 577 1178 1079 1793 592 1178 457 1793 1178 1739 577 1178
1015 1367 1371 1658 1369 1057 1546 1057 1178 1739 577 1658 506 1057 1546 1057 1178 1739 1371 1178
1658 1342 144 510 1079 1793 577 1658 1015 1793 1178 1739 577 605 1015 1367 577 1658 1015 1367
1793 1287 1658 1079 1793 577 1178 1015 1793 1178 1739 577 1658 1015 1367 577 605 1015 1367 577
592 1178 339 735 1371 1178 339 735 1287 1178 1739 592 1658 1079 1793 592 1658 1079 1793 592
1015 592 1178 510 339 1709 1371 1178 339 735 1287 1367 1739 592 1658 1079 1793 1287 605 1546
577 1178 1079 1793 1287 1178 1015 1793 1178 1739 577 1178 1015 1367 577 1178 1015 1367 577 1178
1287 605 1658 1793 1413 1739 1371 1413 1015 1367 1371 1413 1015 1367 577 1413 1015 1367 577 1413
1178 1739 592 1658 1079 1793 592 1658 1079 1793 592 1178 1015 1793 1178 1739 1371 1178 1015 1367
1793 510 1371 605 1015 1793 1178 1739 577 605 1015 1367 1371 605 1015 1367 577 1658 1015 1367
339 735 577 605 577 1709 577 1178 1739 577 1178 1079 1793 577 605 1079 1793 577 605 605
592 1178 339 1709 1371 605 339 1709 1287 1178 1739 577 605 1079 1793 577 605 1079 1793 577
506 1057 506 1057 144 1015 592 1178 339 1015 592 1658 1287 1015 1371 1178 1739 1371 605 1079
1709 1287 1178 1739 592 1658 1079 1793 577 1658 1079 1793 592 1178 1015 1793 1178 1739 577 605
1371 1178 339 735 1287 1178 1739 592 1658 1079 1793 592 1658 1079 1793 592 1178 1015 1793 1178
1793 1178 1739 1371 1178 1015 1367 592 1178 1015 1367 1371 1658 1015 1367 592 605 1015 1367 592
1658 1079 1793 1287 605 1546 144 1057 1342 1079 1793 592 605 1015 1793 1546 1057 1178 1739 577
1578 1079 1908 177 1342 144 144 1015 592 1178 339 735 1371 1658 1287 1709 1287 1178 1739 1371
510 1342 1057 1578 1908 177 1342 144 510 144 1015 592 1178 339 735 577 605 577 1709 1287
1079 1908 177 510 1342 144 144 1015 592 1015 339 735 1371 339 1015 735 1371 1178 1739 1371
1709 1793 1178 339 1709 592 605 1739 577 1178 1079 1793 1371 1178 1015 1793 1371 1178 1015 592
144 1342 510 577 1578 1908 177 457 457 1908 177 1342 144 510 144 1015 592 1178 339 735
735 577 605 339 735 577 1178 1739 577 1178 1079 1793 1287 1658 1079 1793 577 1178 1015 1793
144 510 1342 1578 1578 1908 177 1342 144 510 144 1015 592 1178 339 735 577 605 339 735
144 510 144 1015 592 1178 339 1709 592 1178 339 1709 592 1178 1015 1367 577 1178 1079 1793
177 457 457 1908 177 1342 144 510 144 1015 592 1178 339 1709 1371 1178 339 1709 1287 1178
510 1342 1578 1578 1908 177 1342 144 510 144 1015 592 1178 339 1015 577 1178 339 1015 577
339 1709 1371 605 339 1709 1287 1178 1739 577 605 1079 1793 577 605 1079 1793 577 605 1709
339 1709 735 1371 1015 1739 1371 1015 1079 1793 1371 1015 1079 1793 1371 1015 1015 1793 1015 1739
1178 1079 1793 577 1658 1369 1057 1369 1057 1079 1793 1371 605 1015 1793 1178 1739 1371 1178 1015
339 735 577 605 577 1709 577 1178 1739 577 1178 1079 1793 577 605 1079 1793 577 605 605
1079 1793 1287 605 1658 1793 1413 1739 1371 1413 1015 1367 1371 1413 1015 1367 577 1413 1015 1367
1709 592 1658 1287 1709 1371 1178 1739 1371 605 1079 1793 1371 1658 506 1057 506 1057 1079 1793
577 1178 1079 1793 577 1178 1079 1793 592 1178 1015 1793 1178 1739 577 1178 1015 1367 577 1178
592 1709 592 1178 1015 1367 577 1178 1079 1793 577 1178 1079 1793 592 1178 1015 1793 1178 1739
1371 1015 1739 1371 1015 1079 1793 592 1015 1079 1793 1371 1015 1015 1793 1015 1739 1371 1015 1015
605 1015 1793 1178 1739 1371 1178 1015 1367 1371 1658 1369 1057 1546 1057 1178 1739 577 1658 1369
1178 339 1709 1371 605 339 1709 1287 1178 1739 1371 605 735 1793 1371 605 1079 1793 1287 605
1578 1908 177 1342 144 510 144 1015 592 1178 339 1709 592 1178 339 1709 592 1178 1015 1367
1367 1578 1908 177 457 457 1908 177 1342 144 510 144 1015 592 1178 339 1709 1371 605 339
506 1057 144 1015 592 1178 339 1015 592 1658 1287 1709 1371 1178 1739 1371 605 1079 1793 1371
1342 510 1057 1578 1908 177 1342 144 144 1015 592 1178 339 1709 1793 1178 339 1709 1371 605
605 1079 1793 510 1371 605 1015 1793 1178 1739 577 605 1015 1367 1371 605 1015 1367 577 1658
1908 177 1342 144 510 144 1178 592 1178 339 1709 1371 1178 339 1709 1287 1178 1739 592 1658
144 1015 592 1178 339 1015 592 1658 1287 1709 1371 1178 1739 1371 605 1079 1793 1371 1658 1015
510 1367 1578 1908 177 457 457 1908 177 1342 144 510 144 1015 592 1178 339 1709 1371 605
735 1793 1371 605 1079 1793 1287 605 1015 1793 1178 1739 1371 605 1015 1367 1371 605 1015 1367
1178 1739 592 1178 1079 1793 1371 1658 1369 1057 1369 1057 1079 1793 1371 605 1015 1793 1178 1739
1371 605 1079 1793 1371 605 1015 1793 1178 1739 1371 605 1015 1367 1287 605 1015 1367 592 1178
1015 592 1178 339 1709 577 1178 339 1709 1287 1178 1739 592 1658 1079 1793 577 1658 1079 1793
506 1057 506 1057 1342 144 1578 144 1015 592 1178 339 1140 592 1178 339 1140 592 1178 1739
1658 1287 1709 1371 1178 1739 1371 605 1079 1793 1371 1658 506 1057 506 1057 1079 1793 1371 1658
1578 1908 177 1342 144 510 144 1015 592 1178 339 1709 592 1178 339 1709 592 1178 1015 1367
1178 1079 1793 577 1178 1079 1793 577 1178 1015 1793 1178 1739 1371 1178 1015 1367 1371 1178 1015
510 1342 144 144 1015 592 1015 339 735 1371 339 735 735 1371 1178 1739 1371 1015 1079 1793
592 510 1015 592 1178 339 1709 1371 605 339 1709 1287 1178 1739 577 605 1079 1793 577 605
1178 1079 1793 577 1658 1369 1057 1369 1057 1079 1793 1371 605 1015 1793 1178 1739 1371 1178 1015
605 510 1079 1793 577 1178 1015 1793 1178 1739 577 1178 1015 1367 577 605 1015 1367 577 1178
577 1178 1015 1793 1178 1739 577 1658 1015 1367 577 605 1015 1367 577 1658 1015 1367 577 1658
1709 592 1178 339 1709 592 1178 1015 1367 577 1178 1079 1793 577 1178 1079 1793 592 1178 457
1793 1342 144 1178 1739 1371 1658 1015 1367 1371 605 1546 1057 1546 1057 1178 1739 1371 1658 1015
577 605 510 1079 1793 577 1178 1015 1793 1178 1739 577 1178 1015 1367 577 605 1015 1367 577
1371 605 735 1793 1371 605 1079 1793 1287 605 1015 1793 1178 1739 1371 605 1015 1367 1371 605
592 605 1079 1793 577 605 1079 1793 577 605 1709 1793 1178 1739 577 605 1015 1367 1287 605
1793 577 1178 1015 1793 1178 1739 1371 1178 1015 1367 1371 1178 1015 1367 577 1178 1015 1367 577
177 1342 144 144 1015 592 1178 339 1709 1793 1178 339 1709 1371 605 1739 577 1178 1079 1793
1908 177 1342 144 510 144 1015 592 1413 339 735 1371 1658 1287 1709 1287 1413 1739 1371 605
1793 1178 1739 577 605 1015 1367 1371 605 1015 1367 577 1658 1015 1367 577 605 1015 1367 577
457 457 144 510 1342 1342 1578 1578 1908 177 144 1546 1546 1057 1057 1342 144 510 506 1057
1079 1793 577 1658 1369 1057 1369 1057 1079 1793 1371 605 1015 1793 1178 1739 1371 1178 1015 1367
144 1015 577 1178 339 735 577 605 577 1709 577 1178 1739 577 1178 1079 1793 577 605 1079
1015 592 1178 339 1709 577 1178 339 1709 1287 1178 1739 592 1658 1079 1793 577 1658 1079 1793
1178 1739 1371 1658 1015 1367 1371 605 1546 1057 1546 1057 1178 1739 1371 1658 1015 1367 592 1658
1287 1178 1739 1371 605 1079 1793 1371 605 1079 1793 510 1371 605 1015 1793 1178 1739 577 605
1178 339 1709 577 605 339 1709 1287 1178 1739 577 605 1079 1793 577 605 510 1079 1793 577
144 1342 510 1578 1578 1908 177 1342 144 144 1015 592 1178 339 1709 1793 1178 339 1709 1371
1578 1908 177 1342 144 510 144 1015 577 1178 339 735 577 605 339 1709 1287 1178 1739 577
177 1342 144 144 1015 592 1178 339 1709 1371 605 339 1709 1287 1178 1739 592 605 1079 1371
1709 577 1178 339 1709 577 1178 1739 577 1178 1079 1793 577 1178 1079 1793 1287 1178 605 1793
1342 144 1342 144 510 1578 144 1015 592 1178 339 735 1371 1178 339 735 1287 1178 1739 592
457 1908 177 1342 144 510 144 1178 592 1178 339 1709 1371 1178 339 1709 1287 1178 1739 592
1178 1739 1371 1178 1079 1793 577 1178 1079 1793 577 1178 1015 1793 1178 1739 1371 1178 1015 1367
1178 339 735 1371 1178 339 735 1287 1178 1739 592 1658 1079 1793 592 1658 1079 1793 592 1178
1739 1371 605 1079 1793 1371 1658 1015 1057 506 1057 1079 1793 1371 1658 1015 1793 1342 144 1178
1908 177 1342 144 510 144 1015 592 1178 339 1709 1367 1658 1287 1709 1287 1178 1739 1371 1178
1578 1578 1908 177 144 506 1057 506 1057 1342 144 1578 144 1015 592 1178 339 1140 592 1178
1342 144 144 1015 592 1178 339 1709 1793 1178 339 1709 1371 605 1739 577 1178 1079 1793 1371
1015 592 1178 339 735 1371 1178 339 735 1287 1178 1739 592 1658 1079 1793 592 1658 1079 1793
1178 1739 1371 605 1079 1793 1371 1658 506 1057 506 1057 1079 1793 1371 1658 1015 1793 1342 144
1658 1287 1709 1287 1178 1739 1371 605 1079 1793 1371 605 1079 1793 510 1371 605 1015 1793 1178
1015 592 1178 339 1140 592 1178 339 1140 592 1178 1739 592 1178 735 1793 1371 1178 510 1079
1178 339 1140 592 1178 339 1140 592 1178 1739 592 1178 735 1793 1371 1178 510 1079 1793 592
1178 1079 1793 1371 1178 1015 1793 1371 1178 1015 592 510 1015 592 1178 339 1709 577 605 339
1015 592 1178 339 1140 592 1178 339 1140 592 1178 1739 592 1178 735 1793 1371 1178 510 1079
1178 339 735 1287 1178 1739 592 1658 1079 1793 592 1658 1079 1793 592 1178 1015 1793 1178 1739
1793 1371 1178 1015 592 510 1015 592 1178 339 1709 1371 605 339 1709 1287 1178 1739 577 605
339 735 1371 1178 339 735 1287 1178 1739 592 1658 1079 1793 592 1658 1079 1793 592 1178 1015
1178 1079 1793 577 1658 1369 1057 1369 1057 1079 1793 1371 605 1015 1793 1178 1739 1371 1178 1015
1658 1369 1057 1369 1057 1079 1793 1371 605 1015 1793 1178 1739 1371 1178 1015 1367 1371 1658 1369
339 1709 1367 1658 1287 1709 1287 1178 1739 1371 1178 1079 1793 577 1178 1079 1793 577 1178 1015
592 1658 1287 1709 1371 1178 1739 1371 605 1079 1793 1371 1658 506 1057 506 1057 1079 1793 1371
1079 1793 577 605 605 1793 1178 1739 577 605 1015 1367 577 605 1015 1367 577 1178 1015 1367
577 605 1015 1793 577 605 1015 1793 1178 1739 577 605 1015 1367 1287 605 1342 144 1015 1367
1371 605 339 1709 1287 1178 1739 577 605 1079 1793 577 605 510 1079 1793 577 1178 1015 1793
592 605 1015 1793 1546 1057 1178 1739 1371 605 1342 144 1015 1367 1371 1178 1546 1057 1178 1739
1793 1178 1739 1371 1178 1015 1367 592 1178 1015 1367 1371 1658 1015 1367 592 605 1015 1367 592
1578 1578 1908 177 1342 144 144 1015 592 1178 339 1709 1371 605 339 1709 1287 1178 1739 577
605 1079 1793 1371 1413 1079 1793 1287 605 1658 1793 1413 1739 1371 1413 1015 1367 1371 1413 1015
1015 592 1178 339 735 1371 1658 1287 1709 1287 1178 1739 1371 605 1079 1793 592 605 1079 1793
592 1178 339 1709 577 1178 339 1709 1287 1178 1739 592 1658 1079 1793 577 1658 1079 1793 592
1658 1793 1413 1739 1371 1413 1015 1367 1371 1413 1015 1367 577 1413 1015 1367 577 1413 1015 1367
1793 592 1658 1079 1793 592 1178 1015 1793 1178 1739 1371 1178 1015 1367 592 1178 1015 1367 592
1739 577 1178 1015 1367 1371 1178 506 1057 1546 1057 1178 1739 577 1178 1342 144 1015 1367 577
1079 1793 1371 1413 1079 1793 1287 605 1658 1793 1413 1739 1371 1413 1015 1367 1371 1413 1015 1367
577 1578 1908 177 1342 144 144 1015 592 1178 339 1709 1371 605 339 1709 1287 1178 1739 577
592 1178 339 1709 592 1178 339 1709 592 1178 1015 1367 577 1178 1079 1793 577 1178 1079 1793
1658 506 1057 506 1057 1079 1793 1371 1658 1015 1793 1342 144 1178 1739 1371 1658 1015 1367 1371
1908 177 1342 144 1342 144 510 1578 144 1015 592 1178 339 735 1371 1178 339 735 1287 1178
1015 592 1178 339 735 1371 1178 339 735 1287 1178 1739 1371 1178 1079 1793 1371 1658 1369 1057
1371 1658 1287 1709 1287 1413 1739 1371 605 1079 1793 1371 1413 1079 1793 1287 605 1658 1793 1413
592 1178 339 1709 592 1658 1287 1709 1371 1178 1739 1371 605 1079 1793 1371 1658 506 1057 506
735 1793 1371 605 1079 1793 1287 605 1015 1793 1178 1739 1371 605 1015 1367 1371 605 1015 1367
1371 605 1015 1793 1178 1739 1371 1178 1015 1367 1371 1658 1369 1057 1546 1057 1178 1739 577 1658
457 144 510 1342 1578 1578 1908 177 1342 144 510 144 1015 592 1178 339 1709 1371 605 605
605 1079 1793 1371 1658 506 1057 506 1057 1079 1793 1371 1658 1015 1793 1342 144 1178 1739 1371
1178 1739 592 1140 735 1793 1371 1178 510 1079 1793 592 1178 1015 1793 1369 1057 1546 1057 1178
1371 1015 1079 1793 1371 1015 1015 1793 1015 1739 1371 1015 1015 1367 1287 605 1015 1367 592 605
1178 339 1709 1367 1658 1287 1709 1287 1178 1739 1371 1178 1079 1793 577 1178 1079 1793 577 1178
457 144 510 1342 1578 1578 1908 177 510 1342 144 144 1015 592 1178 339 735 1371 339 735
1793 577 1178 1015 1793 1178 1739 577 1178 1015 1367 577 605 1015 1367 577 1178 1015 1367 577
457 144 510 1342 1342 1578 1578 1908 177 144 1546 1546 1057 1057 1342 144 510 506 1057 506
144 510 144 1015 592 1178 339 1709 1371 605 339 1709 1287 1178 1739 592 605 1079 1793 577
1342 144 510 144 1015 592 1178 339 1015 577 1178 339 1015 577 1178 1739 577 1178 1079 1793
1079 1793 577 1178 1015 1793 1178 1739 577 1658 1015 1367 577 605 1015 1367 577 1658 1015 1367
1578 1908 177 1342 144 144 1015 592 1178 339 1709 1371 605 339 1709 1287 1178 1739 592 605
144 510 1342 1057 1578 1908 177 1342 144 510 144 1015 592 1178 339 735 577 605 577 1709
339 1709 1287 1178 1739 577 605 1079 1793 577 605 1079 1793 577 605 1015 1793 1178 1739 577
1371 605 339 735 1287 1178 1739 577 1658 1079 1793 735 1658 1342 144 510 1079 1793 577 1658
177 1342 144 510 144 1015 577 1178 339 735 577 605 605 1709 1287 1178 1739 577 1178 1079
1342 144 510 144 1015 592 1178 339 1709 592 1178 339 1709 592 1178 1015 1367 577 1178 1079
1178 1015 1793 1178 1739 577 605 1015 1367 577 1178 1015 1367 577 1658 1015 1367 577 605 1015
1178 339 1709 1371 605 1739 577 1178 1079 1793 1371 1178 1015 1793 1371 1178 1015 592 510 1015
1793 1371 1658 1015 1793 1342 144 1178 1739 1371 1658 1015 1367 1371 605 1546 1057 1546 1057 1178
735 1371 1658 1287 1709 1287 1413 1739 1371 605 1079 1793 1371 1413 1079 1793 1287 605 1658 1793
1178 339 735 1287 1178 1739 592 1178 1079 1793 1371 1658 1369 1057 1369 1057 1079 1793 1371 605
1342 144 1578 144 1015 592 1178 510 339 1709 1371 1178 339 735 1287 1739 1739 592 1658 1079
735 1371 339 1709 735 1371 1015 1739 1371 1015 1079 1793 1371 1015 1079 1793 1371 1015 1015 1793
1342 144 510 144 1015 592 1413 339 735 1371 1658 1287 1709 1287 1413 1739 1371 605 1079 1793
457 144 510 1342 1578 1578 1908 177 1342 144 510 144 1015 592 1178 339 1015 577 1178 339
1578 1908 177 457 457 1908 177 1342 144 510 144 1015 592 1178 339 1709 1371 1178 339 1709
1178 339 1709 592 1178 339 1709 592 1178 1015 1367 577 1178 1079 1793 577 1178 1079 1793 592
1287 1709 1287 1413 1739 1371 605 1079 1793 1371 1413 1079 1793 1287 605 1658 1793 1413 1739 1371
144 510 144 1015 577 1178 339 735 577 605 577 1709 577 1178 1739 577 1178 1079 1793 577
1178 1739 577 605 1079 1793 577 605 510 1079 1793 577 1178 1015 1793 1178 1739 577 1178 1015
1178 339 1709 577 1178 1739 577 1178 1079 1793 577 1178 1079 1793 1287 1178 605 1793 1178 1739
1793 1178 1739 1371 1178 1015 1367 1371 1658 1369 1057 1546 1057 1178 1739 577 1658 506 1057 1546
144 1015 592 1178 339 1709 1367 1658 1287 1709 1287 1178 1739 1371 1178 1079 1793 577 1178 1079
1371 1015 1739 1371 1015 1079 1793 592 1015 1079 1793 1371 1015 1015 1793 1015 1739 1371 1015 1015
1079 1793 577 605 1709 1793 1178 1739 577 605 1015 1367 1287 605 1015 1367 577 605 1015 1367
1015 735 1371 1015 1739 1371 1015 1079 1793 1371 1015 1079 1793 1371 1015 1015 1793 1015 1739 1371
1287 1178 1739 577 605 1079 1793 577 605 1079 1793 577 605 1015 1793 1178 1739 577 605 1015
1057 1342 1079 1793 592 605 1015 1793 1546 1057 1178 1739 1371 605 1342 144 1015 1367 1371 1178
1658 1079 1793 592 1658 1079 1793 592 1178 1015 1793 1178 1739 1371 1178 1015 1367 592 1178 1015
1739 592 1140 735 1793 1371 1178 510 1079 1793 592 1178 1015 1793 1546 1057 1546 1057 1178 1739
457 457 1908 177 1342 144 510 144 1015 592 1178 339 735 1371 1178 339 735 1287 1178 1739
510 506 1057 506 1057 144 1015 592 1178 339 1015 592 1658 1287 1015 1371 1178 1739 1371 605
510 1342 577 1578 1908 177 1342 144 144 1015 592 1178 339 1709 1371 605 339 1709 1287 1178
339 1709 577 1178 339 1709 1287 1178 1739 592 1658 1079 1793 577 1658 1079 1793 592 1178 1015
1015 577 1178 1739 577 1178 1079 1793 577 1178 1079 1793 1287 1178 605 1793 1178 1739 577 1178
1578 1908 177 457 457 1908 177 1342 144 510 144 1015 592 1413 339 735 1371 1658 1287 1709
144 510 144 1015 592 1178 339 1015 577 1178 339 1015 577 1178 1739 577 1178 1079 1793 577
1342 144 510 1079 1793 577 1658 1015 1793 1178 1739 577 605 1015 1367 577 1658 1015 1367 577
1658 1287 1709 1371 1178 1739 1371 605 1079 1793 1371 1658 506 1057 506 1057 1079 1793 1371 1658
1342 510 1057 1578 1908 177 1342 144 144 1015 592 1178 339 1709 1793 1178 339 1709 1371 605
592 1178 1015 1367 577 1178 1079 1793 577 1178 1079 1793 592 1178 457 1793 1178 1739 577 1178
339 735 1287 1178 1739 592 1178 1079 1793 577 1658 1369 1057 1369 1057 1079 1793 1371 605 1015
1015 1793 577 605 1015 1793 1178 1739 577 605 1015 1367 1287 605 1342 144 1015 1367 1371 605
1178 735 1793 506 1057 1546 1057 1178 1739 577 1178 1015 1367 1371 1178 506 1057 1546 1057 1178
457 144 510 1342 1578 1578 1908 177 1342 144 510 144 1015 592 1178 339 1709 1367 1658 1287
1371 1015 1079 1793 1371 1015 1079 1793 1371 1015 1015 1793 1015 1739 1371 1015 1015 1367 1287 605
339 1709 1371 605 339 1709 1287 1178 1739 577 605 1079 1793 577 605 1079 1793 577 605 1709
144 1015 577 1178 339 735 577 605 577 1709 577 1178 1739 577 1178 1079 1793 577 605 1079
1793 1371 1658 1015 1793 1342 144 1178 1739 1371 1658 1015 1367 1371 605 1546 1057 1546 1057 1178
577 1178 1739 577 1178 1079 1793 1287 1658 1079 1793 577 1178 1015 1793 1178 1739 577 1658 1015
339 1709 1371 605 339 1709 1287 1178 1739 592 605 1079 1793 577 605 1079 1793 1371 605 1015
1546 1057 1178 1739 577 1178 1015 1367 1371 1178 506 1057 1546 1057 1178 1739 577 1178 1342 144
1709 1793 1178 339 1709 592 605 1739 577 1178 1079 1793 1371 1178 1015 1793 1371 1178 1015 592
1793 1371 1015 1079 1793 1371 1015 1015 1793 1015 1739 1371 1015 1015 1367 1287 605 1015 1367 592
1079 1793 592 1178 1015 1793 1178 1739 577 605 1015 1367 577 1178 1015 1367 577 1658 1015 1367
339 735 1371 1658 1287 1709 1287 1413 1739 1371 605 1079 1793 1371 1413 1079 1793 1287 605 1658
1178 1739 1371 605 1079 1793 1371 1658 506 1057 506 1057 1079 1793 1371 1658 1015 1793 1342 144
1739 577 1658 1079 1793 735 1658 1342 144 510 1079 1793 577 1658 1015 1793 1178 1739 577 605
577 1178 339 735 577 605 577 1709 577 1178 1739 577 1178 1079 1793 577 605 1079 1793 577
1793 1371 1178 510 1079 1793 592 1178 1015 1793 1369 1057 1546 1057 1178 1739 577 1178 1015 1367
605 339 1709 1287 1178 1739 1371 605 735 1793 1371 605 1079 1793 1287 605 1015 1793 1178 1739
1908 177 1342 144 510 144 1015 592 1178 339 1709 1371 605 339 1709 1287 1178 1739 1371 605
339 1140 592 1140 339 1140 592 1178 1739 592 1140 735 1793 1371 1178 510 1079 1793 592 1178
605 339 735 1287 1178 1739 577 1658 1079 1793 735 1658 1342 144 510 1079 1793 577 1658 1015
144 510 144 1015 592 1413 339 735 1371 1658 1287 1709 1287 1413 1739 1371 605 1079 1793 1371
1287 1178 1739 577 605 1079 1793 577 605 510 1079 1793 577 1178 1015 1793 1178 1739 577 1178
1178 339 1709 1371 605 1739 577 1178 1079 1793 1371 1178 1015 1793 1371 1178 1015 592 510 1015
1079 1793 1287 605 1015 1793 1178 1739 1371 605 1015 1367 1371 605 1015 1367 1371 605 1015 1367
592 1015 339 735 1371 339 735 735 1371 1015 1739 1371 1015 1079 1793 1371 1015 1079 1793 1371
1178 1079 1793 577 1178 1079 1793 1287 1178 1709 1793 1178 1739 577 1178 1015 1367 577 1178 1015
592 1178 339 735 1371 1178 339 735 1287 1178 1739 1371 1178 1079 1793 1371 1658 1369 1057 1369
577 605 1079 1793 577 605 510 1079 1793 577 1178 1015 1793 1178 1739 577 1178 1015 1367 577
1709 1287 1178 1739 1371 1178 1079 1793 577 1178 1079 1793 577 1178 1015 1793 1178 1739 1371 1178
1371 605 1079 1793 1287 605 1015 1793 1178 1739 1371 605 1015 1367 1371 605 1015 1367 1371 605
1709 1287 1178 1739 1371 605 1079 1793 1371 605 1079 1793 510 1371 605 1015 1793 1178 1739 577
1178 1739 577 605 1015 1367 577 1178 1015 1367 577 1658 1015 1367 577 605 1015 1367 577 1178
1057 1578 1908 177 457 457 1908 177 1342 144 510 144 1015 592 1178 339 735 1371 1178 339
177 1342 144 1342 144 510 1578 144 1015 592 1178 339 735 1371 1178 339 735 1287 1178 1739
1079 1793 1287 1178 605 1793 1178 1739 577 1178 1015 1367 577 1178 1015 1367 577 1178 1015 1367
577 1178 1015 1793 1178 1739 577 1178 1015 1367 577 605 1015 1367 577 1178 1015 1367 577 605
1178 1739 592 1178 1079 1793 1371 1658 1369 1057 1369 1057 1079 1793 1371 605 1015 1793 1178 1739
1342 144 510 144 1015 592 1178 339 735 577 605 339 735 577 1178 1739 577 1178 1079 1793
177 1342 144 1578 144 1015 592 1178 510 339 1709 1371 1178 339 735 1287 1178 1739 592 1658
144 510 1342 1578 1578 1908 177 1342 144 510 144 1015 592 1178 339 1709 1367 1658 1287 1709
1015 592 1178 339 1709 1371 605 339 1709 1287 1178 1739 577 605 1079 1793 577 605 1079 1793
457 457 1908 177 1342 144 1578 144 1015 592 1178 510 339 1709 1371 1178 339 735 1287 1178
1015 1793 1178 1739 577 1178 1015 1367 577 1178 1015 1367 592 1178 1015 1367 577 1178 1015 1367
1178 1015 1793 1178 1739 577 605 1015 1367 577 1178 1015 1367 577 1658 1015 1367 577 605 1015
1908 177 1342 144 510 144 1015 592 1178 339 1709 1371 605 339 1709 1287 1178 1739 1371 605
177 1342 144 1342 144 510 1578 144 1015 592 1178 339 735 1371 1178 339 735 1287 1178 1739
457 144 1342 510 1367 1578 1908 177 457 457 1908 177 1342 144 510 144 1015 592 1178 339
1079 1793 592 1178 735 1793 1369 1057 1546 1057 1178 1739 577 1178 1015 1367 1371 1178 506 1057
1793 577 605 1079 1793 577 605 1709 1793 1178 1739 577 605 1015 1367 1287 605 1015 1367 577
1908 177 1342 144 510 144 1015 592 1178 339 1015 577 1178 339 1015 577 1178 1739 577 1178
1658 1079 1793 592 1658 1079 1793 592 1178 1015 1793 1178 1739 1371 1178 1015 1367 592 1178 1015
605 1658 1793 1413 1739 1371 1413 1015 1367 1371 1413 1015 1367 577 1413 1015 1367 577 1413 1015
1178 1739 577 605 1079 1793 577 605 1079 1793 577 605 1709 1793 1178 1739 577 605 1015 1367
1287 1658 1079 1793 577 1178 1015 1793 1178 1739 577 1658 1015 1367 577 605 1015 1367 577 1658
510 1342 577 1578 1908 177 1342 144 144 1015 592 1178 339 1709 1371 605 339 1709 1287 1178
510 1578 1079 1908 177 1342 144 144 1015 592 1178 339 735 1371 1658 1287 1709 1287 1178 1739
457 1908 177 1342 144 510 144 1015 592 1178 339 1709 1371 605 339 1709 1287 1178 1739 1371
510 1342 1578 1578 1908 177 1342 144 510 144 1015 592 1178 339 1015 577 1178 339 1015 577
1079 1793 1371 1658 1015 1793 1342 144 1178 1739 1371 1658 1015 1367 1371 605 1546 1057 1546 1057
605 339 735 577 1178 1739 577 1178 1079 1793 1287 1658 1079 1793 577 1178 1015 1793 1178 1739
177 1342 144 144 1015 592 1178 339 1709 1793 1178 339 1709 1371 605 1739 577 1178 1079 1793
1287 1178 1739 577 605 1079 1793 577 605 510 1079 1793 577 1178 1015 1793 1178 1739 577 1178
177 457 457 1908 177 1342 144 510 144 1015 592 1413 339 735 1371 1658 1287 1709 1287 1413
1079 1793 577 605 1079 1793 1371 605 1015 1793 1178 1739 577 605 1015 1367 1287 605 1342 144
1079 1793 592 1178 1015 1793 1178 1739 577 1178 1015 1367 1371 1178 1015 1367 592 1178 1015 1367
1658 1079 1793 577 1178 1015 1793 1178 1739 577 1658 1015 1367 577 605 1015 1367 577 1658 1015
1079 1908 177 1342 144 144 1015 592 1178 339 735 1371 1658 1287 1709 1287 1178 1739 1371 605
1793 577 1658 1079 1793 592 1178 1015 1793 1178 1739 577 605 1015 1367 577 1178 1015 1367 577
1178 339 735 1287 1178 1739 592 1658 1079 1793 592 1658 1079 1793 592 1178 1015 1793 1178 1739
1057 1546 1057 1178 1739 577 1178 1015 1367 1371 1178 506 1057 1546 1057 1178 1739 577 1178 1342
339 735 577 1178 1739 577 1178 1079 1793 1287 1658 1079 1793 577 1178 1015 1793 1178 1739 577
144 510 1342 1578 1578 1908 177 1342 144 510 144 1015 592 1178 339 1709 1371 605 339 1709
144 1342 1578 1578 1908 177 510 1342 144 144 1015 592 1178 339 735 1371 339 735 735 1371
592 1178 339 1709 1793 1178 339 1709 1371 605 1739 577 1178 1079 1793 1371 1178 1015 1793 1371
1371 1178 1015 1367 1371 1178 506 1057 1546 1057 1178 1739 577 1178 1342 144 1015 1367 577 1178
1178 1079 1793 577 1178 1015 1793 1178 1739 1371 1178 1015 1367 1371 1178 1015 1367 577 1178 1015
577 1178 339 735 577 605 577 1709 577 1178 1739 577 1178 1079 1793 577 605 1079 1793 577
577 605 1079 1793 577 605 1079 1793 577 605 1015 1793 1178 1739 577 605 1015 1367 1287 605
1342 144 1178 1739 1371 1658 1015 1367 1371 1178 1546 1057 1546 1057 1178 1739 1371 1658 1015 1367
1178 1015 1793 1178 1739 577 1658 1015 1367 577 605 1015 1367 577 1658 1015 1367 577 1658 1015
1908 177 1342 144 144 1015 592 1178 339 735 1371 1658 1287 1709 1287 1178 1739 1371 605 1079
1793 1371 1658 506 1057 506 1057 1079 1793 1371 1658 1015 1793 1342 144 1178 1739 1371 1658 1015
592 1178 339 1709 1367 1658 1287 1709 1287 1178 1739 1371 1178 1079 1793 577 1178 1079 1793 577
735 1287 1178 1739 592 1658 1079 1793 592 1658 1079 1793 592 1178 1015 1793 1178 1739 1371 1178
510 1342 577 1578 1908 177 457 457 1908 177 1342 144 1578 144 1015 592 1178 510 339 1709
339 1709 1287 1178 1739 592 605 1079 1793 577 605 1079 1793 1371 605 1015 1793 1178 1739 1371
1578 1908 177 1342 144 510 144 1015 592 1178 339 1709 1367 1658 1287 1709 1287 1178 1739 1371
177 1342 144 144 1015 592 1178 339 735 1371 1658 1287 1709 1287 1178 1739 1371 605 1079 1793
177 1342 144 510 144 1015 592 1178 339 1709 1371 605 339 1709 1287 1178 1739 1371 605 735
1178 1079 1793 577 1178 1015 1793 1178 1739 1371 1178 1015 1367 1371 1178 1015 1367 577 1178 1015
1908 177 144 1546 1546 1057 1057 1342 144 510 506 1057 506 1057 144 1015 592 1178 339 1709
1342 577 1578 1908 177 1342 144 144 1015 592 1178 339 1709 1371 605 339 1709 1287 1178 1739
1015 592 1413 339 735 1371 1658 1287 1709 1287 1413 1739 1371 605 1079 1793 1371 1413 1079 1793
1342 144 144 1015 592 1178 339 1709 577 605 339 1709 1287 1178 1739 577 605 1079 1793 577
1371 1178 1015 1367 1371 1178 506 1057 1546 1057 1178 1739 577 1178 1342 144 1015 1367 577 1178
1371 605 1079 1793 1371 1658 506 1057 506 1057 1079 1793 1371 1658 1015 1793 1342 144 1178 1739
339 735 1371 1178 339 735 1287 1178 1739 592 1178 1079 1793 1371 1658 1369 1057 1369 1057 1079
144 1015 592 1178 339 1709 1793 1178 339 1709 1371 605 1739 577 1178 1079 1793 1371 1178 1015
592 1178 339 1709 1371 605 339 1709 1287 1178 1739 1371 605 735 1793 1371 605 1079 1793 1287
1658 1079 1793 592 1178 1015 1793 1178 1739 1371 1178 1015 1367 592 1178 1015 1367 592 1658 1015
1709 1371 1178 1739 1371 605 1079 1793 1371 1658 506 1057 506 1057 1079 1793 1371 1658 1015 1793
339 735 1371 1658 1287 1709 1287 1178 1739 1371 605 1079 1793 592 605 1079 1793 510 1371 605
1015 1793 1178 1739 577 1178 1015 1367 577 1178 1015 1367 592 1178 1015 1367 577 1178 1015 1367
1413 1079 1793 1287 605 1658 1793 1413 1739 1371 1413 1015 1367 1371 1413 1015 1367 577 1413 1015
510 1342 1578 1578 1908 177 1342 144 510 144 1015 592 1178 339 1015 577 1178 339 1015 577
1287 1178 1739 592 605 1079 1793 577 605 1079 1793 1371 605 1015 1793 1178 1739 1371 605 1015
1371 605 1079 1793 1371 1658 506 1057 506 1057 1079 1793 1371 1658 1015 1793 1342 144 1178 1739
457 144 510 1342 1342 1578 1578 1908 177 144 1546 1546 1057 1057 1342 144 510 506 1057 506
1015 592 1015 339 735 1371 339 735 735 1371 1015 1739 1371 1015 1079 1793 1371 1015 1079 1793
510 144 1015 592 1178 339 1709 1371 605 339 1709 1287 1178 1739 1371 605 735 1793 1371 605
339 735 577 605 577 1709 577 1178 1739 577 1178 1079 1793 577 605 1079 1793 577 605 605
144 510 1342 1367 1578 1908 177 457 457 1908 177 1342 144 510 144 1015 592 1413 339 735
1015 1367 1371 1658 1369 1057 1546 1057 1178 1739 577 1658 506 1057 1546 1057 1178 1739 1371 1178
1793 506 1057 1546 1057 1178 1739 577 1178 1015 1367 1371 1178 506 1057 1546 1057 1178 1739 577
177 457 457 1908 177 1342 144 1578 144 1015 592 1178 510 339 1709 1371 1178 339 735 1287
1178 1739 592 605 1079 1793 577 605 1079 1793 1371 605 1015 1793 1178 1739 1371 605 1015 1367
1015 1793 506 1057 1546 1057 1178 1739 577 1178 1015 1367 1371 1178 506 1057 1546 1057 1178 1739
506 1057 1342 144 1578 144 1015 592 1178 339 1140 592 1178 339 1140 592 1178 1739 592 1178
177 1342 144 510 144 1015 592 1178 339 1015 577 1178 339 1015 577 1178 1739 577 1178 1079
577 605 1079 1793 577 605 605 1793 1178 1739 577 605 1015 1367 577 605 1015 1367 577 1178
1015 592 1413 339 735 1371 1658 1287 1709 1287 1413 1739 1371 605 1079 1793 1371 1413 1079 1793
177 1342 144 1342 144 510 1578 144 1015 592 1178 339 735 1371 1178 339 735 1287 1178 1739
144 1015 592 1178 339 1709 1793 1178 339 1709 1371 605 1739 577 1178 1079 1793 1371 1178 1015
1342 510 1578 1578 1908 177 144 506 1057 506 1057 1342 144 1578 144 1015 592 1178 339 1140
605 1079 1793 577 605 605 1793 1178 1739 577 605 1015 1367 577 605 1015 1367 577 1178 1015
1658 1079 1793 577 1658 1079 1793 592 1178 1015 1793 1178 1739 577 605 1015 1367 577 1178 1015
577 605 1079 1793 577 605 510 1079 1793 577 1178 1015 1793 1178 1739 577 1178 1015 1367 577
1140 592 1178 1739 592 1140 735 1793 577 1178 510 1079 1793 592 1178 735 1793 1369 1057 1546
339 1709 1287 1178 1739 1371 605 735 1793 1371 605 1079 1793 1287 605 1015 1793 1178 1739 1371
1739 577 1178 1079 1793 1287 1658 1079 1793 577 1178 1015 1793 1178 1739 577 1658 1015 1367 577
177 1342 144 144 1015 592 1178 339 1709 1793 1178 339 1709 1371 605 1739 577 1178 1079 1793
592 1178 339 735 1371 1658 1287 1709 1287 1178 1739 1371 605 1079 1793 592 605 1079 1793 510
1578 1908 177 1342 144 510 144 1015 592 1178 339 1709 1371 605 339 1709 1287 1178 1739 592
1908 177 144 506 1057 506 1057 1342 144 1578 144 1015 592 1178 339 1140 592 1178 339 1140
339 1709 1793 1178 339 1709 592 605 1739 577 1178 1079 1793 1371 1178 1015 1793 1371 1178 1015
1709 592 1178 339 1709 592 1178 1015 1367 577 1178 1079 1793 577 1178 1079 1793 592 1178 457
1793 1371 1413 1079 1793 1287 605 1658 1793 1413 1739 1371 1413 1015 1367 1371 1413 1015 1367 577
1739 1371 1178 1015 1367 1371 1658 1369 1057 1546 1057 1178 1739 577 1658 506 1057 1546 1057 1178
1178 339 1709 1367 1658 1287 1709 1287 1178 1739 1371 1178 1079 1793 577 1178 1079 1793 577 1178
577 1178 1079 1793 577 605 1079 1793 577 605 605 1793 1178 1739 577 605 1015 1367 577 605
1079 1793 592 1658 1079 1793 592 1178 1015 1793 1178 1739 1371 1178 1015 1367 592 1178 1015 1367
577 1178 1079 1793 577 1178 1079 1793 1287 1178 1709 1793 1178 1739 577 1178 1015 1367 577 1178
144 1015 592 1178 339 735 1371 1178 339 735 1287 1178 1739 1371 1178 1079 1793 1371 1658 1369
339 1709 1287 1178 1739 577 605 1079 1793 577 605 1079 1793 577 605 1015 1793 1178 1739 577
1578 1908 177 1342 144 510 144 1015 592 1178 339 1709 592 1178 339 1709 592 1178 1015 1367
144 510 1342 1367 1578 1908 177 457 457 1908 177 1342 144 510 144 1015 592 1413 339 735
1739 577 1178 1079 1793 1287 1658 1079 1793 577 1178 1015 1793 1178 1739 577 1658 1015 1367 577
144 1015 577 1178 339 735 577 605 577 1709 577 1178 1739 577 1178 1079 1793 577 605 1079
1371 1015 1015 1793 1015 1739 1371 1015 1015 1367 1287 1015 1015 1367 1371 1015 1015 1367 592 1178
144 1578 144 1015 592 1178 510 339 1709 1371 1178 339 735 1287 1367 1739 592 1658 1079 1793
577 1178 1079 1793 577 1178 1015 1793 1178 1739 1371 1178 1015 1367 1371 1178 1015 1367 577 1178
339 1709 577 1178 339 1709 577 1178 1739 577 1178 1079 1793 577 1178 1079 1793 1287 1178 605
592 605 1079 1793 577 605 1709 1793 1178 1739 577 605 1015 1367 1287 605 1015 1367 577 605
1371 1015 1739 1371 1015 1079 1793 592 1015 1079 1793 1371 1015 1015 1793 1015 1739 1371 1015 1015
457 1908 177 1342 144 510 144 1178 592 1178 339 1709 1371 1178 339 1709 1287 1178 1739 592
1739 1371 1658 1015 1367 1371 605 1546 1057 1546 1057 1178 1739 1371 1658 1015 1367 592 1658 1546
1015 1793 1178 1739 1371 1178 1015 1367 1371 1658 1369 1057 1546 1057 1178 1739 577 1658 506 1057
605 1658 1793 1413 1739 1371 1413 1015 1367 1371 1413 1015 1367 577 1413 1015 1367 577 1413 1015
1367 1658 1287 1709 1287 1178 1739 1371 1178 1079 1793 577 1178 1079 1793 577 1178 1015 1793 1178
1578 144 1015 592 1178 510 339 1709 1371 1178 339 735 1287 1367 1739 592 1658 1079 1793 1287
1287 1178 1739 577 1658 1079 1793 735 1658 1342 144 510 1079 1793 577 1658 1015 1793 1178 1739
1178 339 1709 577 1178 339 1709 1287 1178 1739 592 1658 1079 1793 577 1658 1079 1793 592 1178
1546 1057 1178 1739 1371 605 1342 144 1015 1367 1371 1178 1546 1057 1178 1739 592 1178 1546 1057
339 1709 1371 605 339 1709 1287 1178 1739 577 605 1079 1793 577 605 1079 1793 577 605 1709
1578 1908 177 1342 144 510 144 1015 592 1178 339 735 577 605 339 735 577 1178 1739 577
1793 592 1178 1015 1793 1178 1739 1371 1178 1015 1367 592 1178 1015 1367 592 1658 1015 1367 592
1178 1079 1793 1287 1658 1079 1793 577 1178 1015 1793 1178 1739 577 1658 1015 1367 577 605 1015
1371 1658 1015 1793 1342 144 1178 1739 1371 1658 1015 1367 1371 605 1546 1057 1546 1057 1178 1739
1367 1658 1287 1709 1287 1178 1739 1371 1178 1079 1793 577 1178 1079 1793 577 1178 1015 1793 1178
1342 1578 1578 1908 177 1342 144 510 144 1015 592 1178 339 1709 1367 1658 1287 1709 1287 1178
1371 605 1079 1793 1371 605 1015 1793 1178 1739 1371 605 1015 1367 1287 605 1015 1367 592 1178
1057 1369 1057 1079 1793 1371 605 1015 1793 1178 1739 1371 1178 1015 1367 1371 1658 1369 1057 1546
1793 1178 1739 1371 1178 1015 1367 1371 1658 1369 1057 1546 1057 1178 1739 577 1658 506 1057 1546
457 1578 1342 1578 1578 1908 177 1342 144 144 1015 592 1178 339 1709 1371 605 339 1709 1287
592 1178 1015 1367 577 1178 1079 1793 577 1178 1079 1793 592 1178 457 1793 1178 1739 577 1178
1342 144 510 144 1015 592 1178 339 1709 1371 605 339 1709 1287 1178 1739 592 605 1079 1793
1739 592 605 1079 1793 577 605 1079 1793 577 605 1709 1793 1178 1739 577 605 1015 1367 1287
1079 1793 577 605 1079 1793 577 605 1709 1793 1178 1739 577 605 1015 1367 1287 605 1015 1367
1079 1793 592 1178 1015 1793 1178 1739 577 605 1015 1367 577 1178 1015 1367 577 1658 1015 1367
510 1079 1793 577 1658 1015 1793 1178 1739 577 605 1015 1367 577 1658 1015 1367 577 605 1015
144 510 1342 1578 1578 1908 177 1342 144 510 144 1015 592 1178 339 735 577 605 339 735
1178 339 735 577 605 339 735 577 1178 1739 577 1178 1079 1793 577 1658 1079 1793 577 1178
177 1342 144 1342 144 510 1578 144 1015 592 1178 339 735 1371 1178 339 735 1287 1178 1739
510 1342 1342 1578 1578 1908 177 144 1546 1546 1057 1057 1342 144 510 506 1057 506 1057 144
1709 1287 1178 1739 592 1658 1079 1793 577 1658 1079 1793 592 1178 1015 1793 1178 1739 577 605
1079 1793 1287 1658 1079 1793 577 1178 1015 1793 1178 1739 577 1658 1015 1367 577 605 1015 1367
1658 1342 144 510 1079 1793 577 1658 1015 1793 1178 1739 577 605 1015 1367 577 1658 1015 1367
1057 1178 1739 1371 605 1342 144 1015 1367 1371 1178 1546 1057 1178 1739 592 1178 1546 1057 1178
1079 1793 1371 605 1079 1793 510 1371 605 1015 1793 1178 1739 1371 605 1015 1367 1371 605 1015
1413 1739 1371 605 1079 1793 1371 1413 1079 1793 1287 605 1658 1793 1413 1739 1371 1413 1015 1367
144 510 144 1015 592 1178 339 1709 577 1178 339 1709 1287 1178 1739 592 1658 1079 1793 577
1739 577 1178 1079 1793 577 1178 1079 1793 1287 1178 1015 1793 1178 1739 577 1178 1015 1367 577
1709 1371 605 339 1709 1287 1178 1739 577 605 1079 1793 577 605 1079 1793 577 605 1709 1793
339 735 1287 1178 1739 577 1658 1079 1793 735 1658 1342 144 510 1079 1793 577 1658 1015 1793
1015 592 1178 339 735 1371 1178 339 735 1287 1178 1739 592 1658 1079 1793 592 1658 1079 1793
605 1658 1793 1413 1739 1371 1413 1015 1367 1371 1413 1015 1367 577 1413 1015 1367 577 1413 1015
144 1342 510 1578 1578 1908 177 144 506 1057 506 1057 1342 144 1578 144 1015 592 1178 339
592 1178 339 735 1371 605 339 735 1287 1178 1739 577 1658 1079 1793 735 1658 1342 144 510
1793 1287 605 1546 144 1057 1342 1079 1793 592 605 1015 1793 1546 1057 1178 1739 1371 605 1342
1057 1578 1908 177 1342 144 510 144 1015 592 1178 339 1709 1371 605 339 1709 1287 1178 1739
1079 1793 577 605 510 1079 1793 577 1178 1015 1793 1178 1739 577 1178 1015 1367 577 605 1015
1793 592 1178 1015 1793 1178 1739 577 605 1015 1367 577 1178 1015 1367 577 1658 1015 1367 577
1371 1658 1287 1709 1287 1413 1739 1371 605 1079 1793 1371 1413 1079 1793 1287 605 1658 1793 1413
1015 592 1178 339 735 1371 605 339 735 1287 1178 1739 577 1658 1079 1793 735 1658 1342 144
1658 1079 1793 592 1178 1015 1793 1178 1739 1371 1178 1015 1367 592 1178 1015 1367 592 1658 1015
1369 1057 1079 1793 1371 605 1015 1793 1178 1739 1371 1178 1015 1367 1371 1658 1369 1057 1546 1057
510 1578 1578 1908 177 144 506 1057 506 1057 1342 144 1578 144 1015 592 1178 339 1140 592
1079 1793 577 605 1079 1793 577 605 605 1793 1178 1739 577 605 1015 1367 577 605 1015 1367
1709 1367 1658 1287 1709 1287 1178 1739 1371 1178 1079 1793 577 1178 1079 1793 577 1178 1015 1793
510 144 1015 592 1178 339 1015 577 1178 339 1015 577 1178 1739 577 1178 1079 1793 577 1178
510 1578 1578 1908 177 144 506 1057 506 1057 1342 144 1578 144 1015 592 1178 339 1140 592
592 1178 339 1709 592 1658 1287 1709 1371 1178 1739 1371 605 1079 1793 1371 1658 506 1057 506
1287 605 1546 144 1057 1342 1079 1793 592 605 1015 1793 1546 1057 1178 1739 1371 605 1342 144
592 605 1015 1793 1546 1057 1178 1739 1371 605 1342 144 1015 1367 1371 1178 1546 1057 1178 1739
1578 1578 1908 177 1342 144 510 144 1015 592 1178 339 735 577 605 339 735 577 1178 1739
144 1178 1739 1371 1658 1015 1367 1371 1178 1546 1057 1546 1057 1178 1739 1371 1658 1015 1367 592
510 1578 1079 1908 177 1342 144 144 1015 592 1178 339 735 1371 1658 1287 1709 1287 1178 1739
457 1908 177 1342 144 1342 144 510 1578 144 1015 592 1178 339 735 1371 1178 339 735 1287
577 1578 1908 177 1342 144 144 1015 592 1178 339 1709 1371 605 339 1709 1287 1178 1739 577
1342 1578 1578 1908 177 1342 144 510 144 1015 592 1178 339 1709 1367 1658 1287 1709 1287 1178
1739 1371 605 1079 1793 1371 605 1079 1793 510 1371 605 1015 1793 1178 1739 1371 605 1015 1367
1079 1793 577 1178 1079 1793 1287 1178 1015 1793 1178 1739 577 1178 1015 1367 577 1178 1015 1367
457 457 1908 177 1342 144 510 144 1178 592 1178 339 1709 1371 1178 339 1709 1287 1178 1739
1908 177 1342 144 510 144 1015 592 1413 339 735 1371 1658 1287 1709 1287 1413 1739 1371 605
