25 435 435 435 435 338 25 17 338 227 160 93 227 338 160 227 227 227 160 227
138 459 459 138 459 138 459 138 459 459 138 138 338 459 138 459 459 138 459 138
435 338 160 25 25 454 25 435 435 435 435 338 25 17 338 227 160 227 227 227
133 133 206 281 206 206 347 281 281 206 206 206 93 338 281 206 93 206 206 206
281 281 281 160 281 93 160 338 281 160 281 281 206 93 160 206 338 454 17 454
435 435 435 435 338 25 17 338 281 160 227 227 227 160 227 227 227 160 227 93
210 210 454 435 338 25 435 338 227 160 281 227 93 160 227 227 227 160 281 227
206 133 138 133 206 133 206 133 133 138 338 281 138 133 133 138 206 206 338 206
435 160 25 160 435 435 475 322 475 475 475 475 210 210 475 475 475 475 210 210
125 125 454 125 454 125 125 160 125 125 454 125 125 138 125 125 454 322 322 391
133 206 206 133 338 281 206 133 206 206 281 206 281 206 281 281 206 347 206 281
125 454 125 17 454 435 338 160 25 454 454 25 435 435 435 435 338 25 17 338
347 160 347 160 160 338 160 160 160 160 25 17 322 322 322 322 322 322 210 210
210 210 475 475 475 338 475 475 475 25 17 454 435 338 160 25 454 454 25 435
338 347 160 160 338 206 454 25 25 435 338 435 25 454 435 435 17 454 435 338
133 133 160 133 133 206 206 206 133 338 133 133 206 206 93 206 206 338 206 206
435 435 338 25 17 338 93 454 93 93 93 454 93 93 93 160 93 93 454 454
160 281 160 281 160 281 160 281 160 206 281 281 206 338 227 206 281 281 206 281
347 133 160 338 93 206 93 160 160 160 160 338 160 160 25 25 435 210 210 338
160 338 93 206 93 93 93 160 281 160 227 93 160 338 160 160 160 160 25 435
281 281 17 160 281 281 281 160 227 281 454 435 160 227 160 338 338 160 281 281
391 322 475 475 475 475 475 475 338 435 25 160 435 435 322 322 475 475 475 210
459 459 160 138 133 459 459 338 459 138 138 459 138 338 138 459 459 459 138 138
160 338 160 160 454 25 25 435 210 210 210 338 435 25 454 435 435 210 210 125
454 435 435 210 210 125 454 125 125 454 125 125 435 160 435 125 454 125 125 160
160 338 160 160 25 25 435 210 210 338 435 25 454 435 435 210 210 210 125 454
17 338 93 454 93 93 93 454 93 93 93 454 93 93 454 454 93 454 338 93
25 454 435 435 17 454 435 338 160 25 454 454 25 435 435 435 435 338 25 17
435 338 25 17 338 281 160 281 227 281 160 227 281 227 160 227 227 160 281 338
206 93 281 206 338 281 206 93 281 160 160 160 338 160 160 160 25 25 435 210
133 133 133 206 133 133 206 133 338 206 206 133 133 206 206 133 206 206 347 206
25 25 435 338 435 25 454 435 435 17 454 435 338 160 25 454 454 25 435 435
133 160 347 338 347 347 133 347 160 338 160 160 160 25 435 210 210 322 391 391
160 338 347 206 160 338 206 454 25 25 435 338 435 25 454 435 435 17 454 435
25 25 454 25 435 435 435 435 338 25 17 338 281 160 93 227 227 160 347 93
435 338 25 17 338 281 160 93 93 281 206 93 93 347 206 93 93 206 93 206
435 435 338 25 17 338 227 160 281 93 93 160 227 227 227 206 227 227 206 206
338 281 160 281 281 227 160 281 281 281 160 227 227 160 227 338 160 160 281 281
160 281 206 206 338 206 206 160 206 25 25 435 338 435 25 454 435 435 17 454
17 475 454 435 125 454 454 17 125 125 125 17 454 435 338 160 25 454 454 25
138 206 347 206 206 206 206 206 17 210 210 210 338 17 138 206 206 435 227 338
322 210 210 210 210 210 210 322 391 391 391 210 210 210 210 210 210 210 210 210
435 435 435 338 25 435 338 281 160 227 281 281 17 160 227 227 227 160 227 281
210 210 210 338 17 206 206 206 435 17 210 210 125 160 435 125 125 418 435 435
435 160 25 160 435 435 475 322 475 475 475 475 210 210 475 475 475 475 210 210
17 338 25 17 338 281 206 347 93 347 206 93 93 347 206 347 93 206 206 206
160 25 25 435 210 338 435 160 25 160 435 435 475 322 475 475 475 475 210 210
210 210 210 210 210 210 210 210 322 391 391 391 210 210 210 210 210 210 210 210
347 160 281 227 160 160 338 281 206 281 281 206 227 160 227 206 338 227 206 227
25 17 338 281 206 93 93 93 206 281 93 93 206 93 93 206 206 206 93 338
475 475 125 17 454 435 338 125 160 25 454 454 25 435 435 435 435 338 25 17
206 25 454 454 25 435 17 435 17 338 25 17 338 227 206 347 281 281 206 281
133 206 206 206 347 338 347 281 206 206 281 206 206 338 206 206 206 206 25 25
210 210 210 210 210 210 210 210 210 210 210 210 210 210 210 210 210 210 210 210
25 454 435 435 210 210 125 454 125 125 454 125 125 435 160 435 125 454 125 125
281 160 281 281 93 160 93 93 93 206 281 93 206 206 227 206 338 281 281 206
125 160 281 281 281 160 125 125 125 160 281 281 281 160 281 93 418 125 160 281
210 338 338 210 210 210 210 210 210 17 454 435 338 160 25 454 454 25 435 435
210 210 210 210 210 210 210 322 391 391 391 210 210 210 210 210 210 210 210 210
138 459 459 138 138 138 459 338 459 459 138 138 459 459 459 138 138 459 338 138
93 281 206 281 206 93 206 93 206 160 338 206 206 206 206 17 93 93 281 281
160 338 206 206 206 206 338 93 93 281 281 281 206 338 281 281 206 206 206 338
347 347 347 206 347 347 206 206 206 338 206 206 454 25 25 435 210 210 210 338
133 454 454 93 338 160 93 206 93 206 93 160 93 160 93 93 160 93 206 338
475 475 475 475 475 475 391 475 475 322 391 322 475 125 322 322 210 210 210 210
160 347 347 347 160 347 347 347 206 281 93 206 206 206 347 338 347 347 206 206
338 435 25 454 435 435 17 454 435 338 160 25 454 454 25 435 435 435 435 338
160 281 25 435 210 210 338 435 206 25 206 435 435 210 25 125 160 435 125 160
454 435 435 475 475 475 475 475 475 475 391 475 475 322 322 322 475 125 322 322
125 17 454 17 210 210 125 454 435 338 160 227 454 454 435 435 435 227 454 435
125 454 125 125 125 160 125 125 454 125 125 160 454 125 125 125 125 475 454 435
347 160 160 347 347 281 160 93 93 338 206 93 206 347 160 227 206 347 206 93
160 25 454 454 25 435 435 435 435 338 25 17 338 227 160 227 227 227 206 227
160 347 281 281 160 160 93 338 206 93 206 93 281 93 160 206 93 206 93 281
206 281 206 281 206 281 206 281 206 281 206 281 281 281 160 338 281 281 160 281
281 206 206 281 206 281 281 206 206 93 338 281 206 93 281 206 206 206 338 206
338 93 206 93 93 93 206 281 93 206 281 281 281 206 206 93 338 281 206 206
435 338 160 25 454 454 25 435 17 435 435 338 25 17 338 227 206 347 281 281
160 281 338 281 160 160 93 281 160 160 93 160 227 206 227 281 206 206 281 17
338 338 338 475 475 475 475 125 210 210 210 210 17 160 435 338 206 25 160 160
160 281 160 281 160 206 281 281 206 338 281 206 281 281 206 281 281 206 281 206
435 435 160 435 475 454 125 125 160 454 125 125 454 454 125 454 125 125 17 454
125 454 125 125 138 160 206 138 454 454 125 338 125 25 454 125 125 125 160 206
227 125 454 125 125 125 454 125 125 125 125 125 338 138 160 138 138 454 454 125
160 281 281 281 160 281 281 281 160 281 281 160 281 338 160 160 281 281 206 160
25 454 435 435 206 435 210 25 475 454 17 125 454 454 435 435 125 454 125 454
347 347 347 206 347 347 347 206 347 347 206 206 206 347 338 347 347 206 206 347
206 347 281 281 206 206 206 347 338 281 206 93 206 206 206 206 338 206 206 25
475 475 125 206 160 281 338 281 281 206 281 206 281 281 206 227 206 338 206 281
322 210 210 210 210 210 210 210 210 322 391 391 391 210 210 210 210 210 210 210
125 475 475 454 454 125 475 475 475 475 475 475 125 17 454 435 338 125 160 25
338 338 160 281 281 206 281 206 206 206 160 25 454 454 25 338 435 435 435 435
125 125 125 125 125 125 454 125 125 454 475 475 475 475 475 475 454 125 125 475
17 17 338 25 17 338 93 206 93 93 93 206 93 93 206 281 281 281 206 206
435 210 475 322 475 475 475 475 475 475 475 475 475 210 210 210 210 125 125 454
435 338 281 160 281 281 281 17 160 281 281 281 160 227 227 454 435 160 281 160
210 210 210 210 210 210 322 391 391 391 210 210 210 210 210 210 210 210 210 210
206 17 17 338 25 125 454 125 125 454 160 125 125 138 435 125 454 125 125 108
210 210 210 210 210 210 210 210 210 210 210 210 210 17 160 435 338 206 25 160
17 160 25 206 160 435 435 17 210 338 25 125 454 125 125 454 125 125 125 160
435 125 454 454 435 125 160 125 475 454 125 125 160 454 125 125 125 125 475 160
125 210 210 210 210 17 454 435 338 206 25 160 160 25 435 435 435 435 338 25
338 459 138 459 459 459 138 459 459 459 138 459 459 138 138 138 459 338 459 459
160 93 160 93 281 206 338 281 206 93 281 281 206 227 206 227 93 206 338 206
435 475 475 475 475 475 475 475 475 475 475 475 475 475 475 475 475 322 475 475
391 391 210 210 210 210 210 210 210 210 210 210 210 210 210 210 210 210 210 210
281 93 338 206 93 160 93 281 206 281 206 227 206 227 281 227 206 206 17 281
133 347 338 206 347 160 347 160 93 160 93 206 93 93 227 206 160 160 338 347
459 459 459 138 459 459 459 138 459 459 138 138 138 459 338 459 459 138 138 459
206 206 281 206 281 206 281 206 281 281 281 206 338 281 206 281 206 206 206 206
25 454 435 435 17 454 435 338 160 25 454 454 25 435 435 435 435 338 25 17
160 160 338 206 160 160 160 25 25 435 338 435 25 454 435 435 17 454 435 338
391 391 391 210 210 210 210 210 210 210 210 210 210 210 210 210 210 210 210 210
206 347 281 206 206 347 338 281 206 93 281 206 206 206 338 206 206 206 25 25
475 475 475 475 322 475 475 475 475 322 391 475 475 391 391 322 322 322 391 322
347 133 206 281 338 281 206 206 93 281 206 281 206 93 206 93 206 206 338 206
206 338 206 206 206 25 454 435 210 210 338 435 206 25 206 160 435 435 17 210
125 17 338 25 125 454 435 125 454 454 435 435 160 435 475 454 125 125 160 454
210 210 210 210 210 210 210 17 454 435 338 160 25 25 454 25 435 435 435 435
206 206 281 206 206 347 206 206 206 206 25 25 17 338 435 25 160 435 435 206
125 435 435 160 125 125 454 125 125 160 454 435 125 454 454 125 454 454 125 17
25 25 435 210 210 338 435 25 454 435 435 206 435 210 25 125 454 435 125 454
281 281 160 281 206 281 281 281 206 206 281 338 206 227 206 347 206 347 206 281
338 435 25 454 435 435 17 454 435 338 160 25 454 454 25 435 435 435 435 338
160 281 281 281 160 281 338 281 160 160 93 281 160 160 227 160 227 206 281 281
133 206 133 93 281 206 93 347 93 206 93 347 206 206 206 347 338 281 281 206
347 160 347 93 160 347 338 160 160 93 347 160 160 227 227 227 160 347 347 338
338 25 17 338 227 160 281 281 227 160 281 281 281 160 227 227 160 227 338 160
210 210 210 210 210 210 210 210 210 210 210 210 210 17 454 435 338 160 25 454
338 93 206 93 93 93 206 281 93 206 281 281 281 206 206 93 338 281 206 206
93 93 206 206 93 338 206 281 281 206 206 93 93 281 206 93 338 281 206 206
210 210 210 210 210 210 210 210 210 210 210 210 210 210 17 454 435 338 160 25
281 160 93 160 338 281 160 281 281 281 206 281 281 206 160 338 160 160 160 160
125 454 475 475 475 475 475 475 454 125 125 475 475 125 454 454 475 475 125 475
160 347 160 338 281 281 281 160 160 281 281 227 160 160 227 338 206 347 206 347
210 210 210 210 210 210 210 210 210 210 210 210 210 210 17 454 435 338 418 25
210 210 210 210 322 391 391 391 210 210 210 210 210 210 210 210 210 210 210 210
475 454 125 125 160 454 125 125 454 454 125 475 125 475 475 475 475 475 475 17
435 25 454 435 435 210 25 125 454 435 125 454 125 435 435 160 435 125 454 125
160 133 160 133 133 160 338 160 160 160 160 210 435 210 210 322 322 391 391 391
418 133 133 418 133 418 418 338 418 418 418 418 322 17 322 391 391 391 391 391
160 347 160 338 281 281 281 160 160 281 281 227 160 160 227 338 206 347 206 347
210 338 210 210 210 210 17 454 435 338 160 25 108 160 25 435 435 435 435 338
25 435 435 435 435 338 25 17 338 281 160 227 227 227 160 227 227 227 160 227
322 210 210 210 210 210 210 210 210 210 210 210 210 210 210 210 210 210 210 210
206 347 206 133 133 133 206 206 347 206 206 206 206 206 160 17 338 17 25 206
206 281 338 281 206 206 206 93 281 93 93 206 93 93 338 206 281 281 206 281
338 138 160 160 138 454 454 125 338 125 25 454 125 125 125 160 138 125 160 391
435 435 206 206 160 338 160 25 25 435 338 435 25 435 338 227 25 160 435 435
206 133 133 206 206 206 347 338 281 281 206 206 281 281 281 206 347 347 338 206
210 210 210 210 210 210 210 210 210 210 210 210 210 210 17 25 435 338 418 25
281 206 206 206 160 281 454 454 25 227 435 435 435 435 206 206 206 338 206 25
206 347 347 206 160 206 338 206 206 206 25 25 435 210 210 210 338 435 25 454
281 160 93 93 93 160 93 93 93 160 281 227 206 206 206 227 338 281 281 206
25 435 338 281 160 347 93 93 125 454 227 227 338 125 160 227 227 475 475 125
338 281 281 160 160 281 160 160 17 206 160 160 160 25 25 435 338 435 25 454
133 206 347 281 206 206 206 338 206 206 206 25 25 435 210 338 435 25 454 435
454 17 17 454 391 391 454 125 17 454 435 338 160 210 25 160 210 435 435 435
25 17 338 281 206 93 93 93 206 93 93 93 206 93 93 206 206 93 206 338
206 338 206 206 206 206 25 25 435 338 435 25 454 435 435 17 160 435 338 206
454 125 125 160 454 125 125 454 125 17 454 435 338 206 25 108 160 25 435 435
206 206 281 206 281 281 281 206 206 338 206 206 206 206 25 25 17 338 435 25
338 206 206 206 206 338 93 93 281 281 281 206 338 281 281 206 206 206 338 206
160 475 475 93 281 281 454 338 281 475 475 206 206 338 206 206 25 25 435 210
338 435 25 454 435 435 17 454 435 338 160 25 454 454 25 435 435 435 435 338
347 160 347 347 206 160 160 338 160 160 160 25 25 435 210 210 210 338 435 25
435 338 435 25 454 435 435 17 454 435 17 160 25 454 160 25 435 435 435 435
347 160 347 347 347 160 347 93 93 206 227 93 206 206 206 347 338 347 347 206
347 133 206 347 347 206 206 206 347 338 347 347 206 206 347 206 338 206 206 206
206 93 338 206 281 281 206 206 93 93 281 206 281 338 281 206 206 93 281 206
454 454 435 435 160 435 475 454 125 125 160 454 125 125 454 454 125 454 125 125
206 206 206 160 338 206 206 25 25 435 210 210 210 338 435 206 25 206 435 435
133 206 133 133 206 281 206 281 206 347 281 206 206 338 281 206 347 281 281 206
322 391 210 210 322 391 210 210 210 210 210 210 210 210 210 210 210 210 210 210
435 435 435 338 25 17 338 281 160 93 93 93 160 93 93 93 206 93 93 206
17 125 454 125 125 17 454 435 338 206 25 454 160 25 435 435 435 435 338 25
435 338 25 17 338 281 206 93 93 281 206 93 93 93 206 347 347 206 206 206
281 160 281 206 281 281 281 206 206 281 338 206 227 206 347 206 347 206 281 206
435 160 25 160 435 435 160 435 210 210 338 210 125 454 435 125 454 125 435 435
206 281 206 281 206 347 206 281 206 281 281 281 206 206 338 281 206 93 281 206
435 17 125 17 17 454 435 338 160 25 454 454 25 435 435 435 435 338 25 17
133 160 133 347 338 206 347 160 347 160 93 206 93 206 93 347 347 206 160 160
338 206 206 206 25 454 435 210 210 338 435 206 25 206 160 435 435 17 210 338
17 347 206 25 206 206 160 17 17 17 17 338 160 17 347 281 206 281 281 281
435 25 160 435 435 210 475 391 475 475 475 475 475 475 475 475 475 210 210 210
133 133 160 133 160 338 160 160 160 160 210 435 391 322 322 322 391 322 322 210
210 210 210 210 210 210 210 322 391 391 391 210 210 210 210 210 210 210 210 210
160 25 454 454 25 435 435 435 435 338 25 17 17 227 160 227 281 227 160 227
338 338 338 338 210 210 210 25 17 454 435 338 160 25 454 454 25 435 435 435
391 391 391 210 210 210 210 210 210 210 210 210 210 210 210 210 210 210 210 210
338 160 347 206 93 206 347 206 93 206 93 281 206 206 338 93 206 93 206 206
454 25 435 435 435 435 338 25 435 338 347 160 227 227 227 125 454 227 227 338
206 206 160 25 25 435 210 210 210 338 17 25 160 435 435 210 210 125 454 435
210 210 338 210 210 210 210 210 210 210 210 210 210 17 454 435 338 160 25 25
454 17 125 454 125 17 454 435 338 160 25 454 454 25 435 435 435 435 338 25
281 93 93 160 93 93 93 206 93 281 206 206 227 338 206 93 281 206 206 347
210 210 210 338 435 25 454 435 435 210 210 125 454 435 125 454 125 435 435 160
281 125 160 227 160 160 160 160 25 435 475 475 475 475 475 475 475 475 475 475
475 475 475 475 475 322 475 475 475 475 322 391 475 475 322 322 322 322 322 322
160 25 25 435 338 435 25 454 435 435 17 454 435 338 160 25 160 454 25 435
475 475 475 475 475 475 475 475 475 475 475 475 475 322 475 475 475 475 475 475
454 435 338 160 25 454 454 25 435 435 435 435 338 25 17 338 281 206 281 93
454 435 435 338 435 25 160 435 435 210 475 322 475 475 475 475 475 475 475 475
25 25 435 210 210 210 338 435 25 454 435 435 125 435 210 210 125 454 435 125
160 338 160 160 160 25 25 435 210 210 210 338 435 25 454 435 435 210 210 125
93 93 93 160 93 93 160 160 93 338 160 93 93 206 206 347 206 160 338 206
125 125 475 475 475 475 125 475 454 125 125 454 454 435 125 454 454 125 475 125
206 25 454 160 25 435 435 17 17 338 25 17 338 281 17 160 281 281 17 160
210 210 210 210 210 210 210 210 322 391 322 391 210 210 210 210 210 210 210 210
25 17 17 435 17 338 454 17 347 281 206 281 281 93 206 206 93 281 93 338
347 160 160 347 206 338 347 206 338 206 206 210 435 210 210 418 125 391 391 391
160 93 160 338 93 281 160 160 227 93 227 93 160 160 93 338 206 93 160 93
206 93 338 206 281 281 206 206 93 281 281 206 206 93 93 338 281 206 206 281
133 160 338 347 347 160 160 206 338 206 206 25 17 475 475 322 322 125 210 338
210 210 210 210 210 210 322 391 391 391 210 210 210 210 210 210 210 210 210 210
25 17 338 281 206 93 93 93 206 93 93 93 206 93 93 206 206 93 206 338
160 93 347 25 454 435 435 160 160 93 338 160 227 93 206 160 227 347 281 206
338 206 281 160 281 160 281 160 281 206 281 281 281 206 281 93 206 338 281 206
160 210 160 435 435 322 322 475 475 210 210 475 475 475 210 475 475 475 210 17
454 125 125 17 454 435 338 160 25 108 454 25 435 435 435 435 338 25 17 338
338 206 206 160 206 25 25 435 338 435 25 454 435 435 17 454 435 338 206 25
435 435 338 25 17 338 93 206 93 93 93 206 93 93 93 206 93 93 206 206
435 338 25 17 338 281 160 227 93 227 160 227 227 227 160 227 227 160 160 227
25 160 435 435 160 435 210 210 338 210 125 454 435 125 454 125 435 435 160 435
454 454 25 435 435 435 435 338 25 17 338 281 160 227 281 227 206 281 93 281
338 133 133 206 347 347 206 347 347 206 347 206 338 206 206 206 206 25 435 210
93 93 93 160 227 93 160 160 160 93 338 281 281 206 160 93 93 281 160 160
435 338 160 25 454 454 25 435 435 435 435 338 25 17 17 227 160 347 227 93
210 475 454 125 125 454 454 125 125 160 125 475 454 125 125 160 454 125 125 125
281 160 206 206 206 338 160 93 281 93 206 25 25 435 338 435 206 227 347 281
281 206 281 281 206 281 227 281 206 281 281 206 206 206 160 17 206 206 454 281
347 347 206 25 25 435 338 435 160 227 347 347 160 227 227 25 454 435 435 160
25 454 25 435 435 435 435 338 25 17 338 281 160 227 93 93 206 93 93 93
93 338 281 281 206 160 281 206 338 206 206 206 454 25 25 435 338 435 25 454
206 206 206 347 338 347 347 206 206 93 93 93 206 206 347 206 347 338 347 206
338 133 133 133 133 160 338 160 160 160 210 435 210 210 322 322 322 391 322 322
133 206 133 206 347 206 347 281 206 347 338 347 206 347 347 206 206 206 338 206
347 160 206 347 206 206 338 206 206 206 206 25 25 435 338 435 25 454 435 435
206 133 338 206 206 281 133 206 206 133 206 206 347 206 206 206 206 25 25 17
17 454 435 338 160 25 454 454 25 435 435 435 435 338 25 17 338 227 206 227
206 160 338 206 206 206 206 25 25 435 338 435 25 454 435 435 17 454 435 338
25 25 435 338 435 25 454 435 435 17 454 435 17 160 25 454 454 454 435 435
125 125 17 454 435 338 160 25 454 454 25 435 435 435 435 338 25 17 338 281
93 93 281 160 93 93 206 206 206 93 338 281 281 206 206 93 227 281 206 206
281 206 206 338 25 435 338 281 206 206 206 206 338 206 93 227 347 206 25 25
93 206 281 206 93 206 93 281 160 281 281 160 338 93 206 93 206 160 160 206
206 206 133 338 133 133 206 206 281 281 281 206 347 347 338 206 347 206 347 281
338 133 133 206 206 133 133 133 206 347 347 338 206 347 206 347 347 206 281 206
475 475 475 475 210 210 475 475 475 475 338 210 475 125 125 125 125 125 125 125
338 210 210 338 210 17 454 435 338 160 25 454 454 25 435 435 435 435 338 25
160 227 281 281 93 93 160 160 160 338 160 281 206 281 160 160 281 93 93 281
347 133 347 206 347 347 206 206 206 347 338 281 281 206 206 93 347 347 206 206
347 338 125 454 347 281 475 475 125 206 160 281 338 227 281 206 227 206 281 281
210 210 210 210 210 322 322 322 391 391 391 391 322 322 210 322 210 210 210 322
435 435 17 454 435 338 160 25 454 454 25 435 435 435 435 338 25 17 338 281
347 281 281 206 281 93 93 206 281 227 206 206 281 206 281 281 281 206 206 338
160 338 160 206 25 25 435 210 210 210 338 435 160 25 160 435 435 210 210 125
281 281 347 206 347 347 347 206 347 281 206 206 206 347 338 281 281 206 206 206
459 138 459 138 459 459 138 138 338 459 138 459 459 138 459 138 138 338 138 138
210 210 210 322 391 391 391 210 210 210 210 210 210 210 210 210 210 210 210 210
210 210 210 210 210 210 210 210 210 210 210 210 210 210 210 210 210 210 210 210
25 25 435 338 435 25 435 338 227 25 160 435 435 160 227 227 227 160 227 227
210 210 210 322 391 391 391 210 210 210 210 210 210 210 210 210 210 210 210 210
210 210 338 435 160 25 160 435 435 210 210 125 454 435 125 160 160 435 435 138
454 125 125 125 160 125 125 454 125 125 160 454 125 125 454 125 17 454 435 338
17 206 160 281 338 281 281 206 281 206 281 281 206 227 206 338 206 281 206 281
160 281 93 160 160 160 347 338 281 281 281 160 160 227 93 93 160 347 338 206
206 281 281 281 206 93 93 206 206 206 281 338 281 281 206 206 93 206 206 227
210 210 338 210 210 210 210 210 210 210 210 17 454 435 338 160 25 160 160 25
25 435 210 210 210 338 435 25 454 435 435 210 210 125 454 435 125 454 454 435
133 160 93 93 93 160 93 93 93 206 93 93 206 206 93 338 206 93 281 206
93 93 454 454 93 454 338 93 281 160 160 93 160 454 338 160 160 160 160 281
435 435 435 338 25 17 338 281 160 93 93 93 160 93 93 93 206 93 93 206
206 338 133 133 206 347 347 206 347 347 206 347 206 338 206 206 206 206 25 435
206 454 25 25 435 338 435 25 454 435 435 17 454 435 338 206 25 454 160 25
25 125 454 435 125 454 454 435 435 454 435 160 125 125 454 435 125 160 454 435
435 435 160 125 125 454 125 125 160 454 125 125 454 454 125 454 454 125 17 454
347 93 160 347 93 347 160 347 93 206 206 93 160 338 93 93 206 206 93 206
160 160 281 281 281 160 347 338 206 281 206 281 206 281 160 93 206 281 281 281
435 435 435 435 338 25 17 338 281 160 227 227 227 160 227 227 227 160 227 93
454 25 435 17 17 17 338 25 17 338 93 160 93 93 93 206 93 93 206 281
338 25 17 338 227 160 93 93 93 160 93 227 227 206 227 227 206 206 206 93
391 391 210 210 210 210 210 210 210 210 210 210 210 210 210 210 210 210 210 210
281 206 206 281 206 160 338 206 206 206 206 25 25 435 338 435 25 206 206 435
160 25 25 454 25 435 435 435 435 338 25 17 338 281 160 93 227 227 160 93
206 25 25 435 338 435 25 454 435 435 17 454 435 338 206 25 108 160 25 435
138 459 338 459 459 138 138 459 459 459 138 138 459 338 138 459 138 459 459 138
281 160 160 281 160 93 206 281 281 206 160 227 17 281 160 227 281 206 281 281
454 125 125 454 125 125 125 160 125 475 454 125 125 160 454 435 125 125 125 125
133 133 418 133 347 206 347 206 338 210 418 418 418 210 435 210 210 322 391 391
281 206 206 206 281 338 281 281 206 206 281 281 206 206 338 206 206 206 206 281
210 338 338 210 210 210 210 210 210 17 454 435 338 160 25 454 454 25 435 435
347 93 93 160 281 227 93 160 93 227 206 206 206 227 338 227 281 206 206 93
338 281 281 160 160 281 160 160 17 206 160 160 160 25 25 435 338 435 25 454
125 125 475 475 475 475 125 475 454 125 125 454 454 435 125 454 454 125 475 125
435 338 25 17 338 93 160 93 93 93 160 93 93 93 160 93 93 206 206 93
435 338 160 25 454 454 25 435 435 435 435 338 25 17 338 281 17 160 281 281
347 206 133 338 206 347 347 206 347 281 347 206 338 206 206 25 25 435 210 210
281 281 206 206 206 93 338 281 281 206 206 93 281 206 206 338 206 206 206 206
17 454 435 338 160 25 454 454 25 435 435 435 435 338 25 17 338 281 206 281
338 17 454 435 338 206 25 160 160 25 435 435 435 435 338 25 17 227 281 206
206 347 206 347 206 347 347 206 338 347 206 206 206 206 338 206 206 25 25 435
210 210 160 25 454 454 25 435 435 435 435 338 25 17 338 227 160 227 227 93
338 160 281 281 206 206 347 206 160 338 206 206 206 206 25 25 435 338 435 25
338 206 206 206 206 338 93 93 281 281 281 206 338 281 281 206 206 206 338 206
210 210 210 210 210 210 210 210 210 210 210 210 210 210 210 17 25 435 338 160
281 206 281 281 160 281 160 281 206 281 206 206 338 281 206 227 281 206 206 206
347 338 281 206 347 347 206 347 281 206 347 206 206 338 206 206 206 206 25 17
160 160 160 338 160 160 160 25 454 435 435 210 435 25 160 435 435 210 475 322
454 17 125 454 454 17 125 125 125 17 454 435 338 160 25 160 160 25 435 435
206 25 25 160 25 435 435 435 435 338 25 435 338 281 206 227 227 281 17 206
475 475 475 475 475 475 475 322 391 475 475 475 475 322 322 475 322 475 17 454
281 281 160 125 125 125 160 281 281 281 160 281 281 418 125 160 281 206 338 160
93 93 454 93 93 454 454 93 454 338 93 93 160 160 93 160 454 338 160 160
25 435 435 435 435 338 25 17 17 227 160 93 227 227 160 227 227 227 160 227
338 25 17 338 281 160 93 281 281 206 281 281 281 206 93 93 206 206 93 338
206 206 206 227 206 206 206 25 25 435 210 338 435 25 160 435 435 210 25 125
17 475 475 475 475 475 475 125 17 454 435 338 475 160 25 454 454 25 435 435
454 435 338 160 25 454 454 25 435 435 435 435 338 17 25 17 338 160 435 281
93 206 206 93 338 206 281 281 206 206 93 281 281 206 93 93 338 206 281 206
435 338 25 17 338 281 206 93 93 281 206 93 93 93 206 347 347 206 206 206
206 206 206 347 338 347 347 206 206 93 93 93 206 206 347 206 347 338 347 206
210 454 435 338 25 435 338 227 160 281 93 281 160 93 227 227 160 93 93 206
206 93 281 206 206 338 206 206 93 206 338 347 206 338 206 206 25 435 210 210
435 435 435 435 338 25 17 338 93 160 93 93 227 160 227 227 93 160 93 93
347 160 160 281 347 338 206 93 206 281 206 281 206 93 206 227 281 281 206 206
25 25 454 25 435 435 435 435 338 25 17 338 281 160 281 281 281 160 281 281
160 281 281 281 281 160 160 281 338 281 160 281 160 281 160 281 160 281 160 206
210 210 210 210 210 210 210 210 210 210 210 210 210 210 210 210 210 210 210 210
133 138 138 347 138 138 138 206 206 17 210 210 210 338 17 138 206 206 435 227
281 160 160 93 93 338 206 93 206 93 206 93 206 347 206 93 93 206 206 338
125 125 125 125 125 160 125 125 125 454 125 125 454 475 475 475 475 475 475 454
281 206 93 93 93 206 93 93 93 206 93 93 206 206 93 206 338 206 206 93
93 133 93 206 281 93 93 206 93 93 206 206 206 93 338 281 281 206 206 281
133 418 133 133 418 133 418 418 338 418 418 418 418 322 17 322 391 391 391 391
435 210 338 435 160 25 160 435 435 475 322 475 475 475 475 210 210 475 475 475
347 338 347 347 206 160 347 347 93 160 206 347 160 93 338 227 206 347 227 206
338 210 210 338 210 17 454 435 338 160 25 454 454 25 435 435 435 435 338 25
206 206 206 347 338 281 281 206 206 93 281 281 281 206 93 338 206 347 206 93
475 475 475 475 322 391 475 322 475 17 454 435 338 160 210 25 160 210 435 435
206 133 133 347 206 93 347 93 206 93 93 206 93 338 206 206 281 347 206 206
17 125 454 125 125 17 454 435 338 160 25 454 454 25 435 435 435 435 338 25
160 160 93 93 338 160 347 206 93 206 93 206 93 206 93 93 206 206 338 281
206 133 133 206 206 281 206 206 347 206 206 206 206 25 25 435 338 17 25 160
210 210 210 210 210 210 210 210 210 210 210 210 210 210 210 210 210 210 210 210
435 338 435 25 454 435 435 17 454 435 338 160 25 454 454 25 435 435 435 435
160 435 435 17 17 454 435 338 160 25 454 454 25 435 435 435 435 338 25 17
210 338 210 210 210 210 17 454 435 338 160 25 454 454 25 435 435 435 435 338
206 133 206 133 206 133 133 138 338 281 138 133 133 138 206 206 338 206 206 206
210 210 210 210 210 210 17 454 435 338 160 25 25 25 25 435 435 435 435 338
338 160 160 281 281 281 160 160 281 281 281 160 227 338 227 160 160 93 281 160
133 133 133 206 133 133 206 133 206 338 206 133 133 206 206 347 133 133 206 206
418 418 25 338 125 125 391 391 17 210 210 210 210 210 210 210 210 210 210 210
475 475 125 454 125 125 454 391 391 454 125 17 454 435 338 160 210 25 160 210
281 206 206 17 206 206 206 206 25 454 435 338 435 25 160 435 435 17 160 435
25 435 210 210 338 435 25 454 435 435 160 435 210 25 125 454 435 125 454 454
206 206 347 206 206 338 206 206 206 206 25 25 435 338 435 25 454 435 435 17
25 435 435 435 435 338 25 17 338 93 160 93 93 93 160 93 93 93 206 93
210 210 25 17 454 435 338 160 25 454 454 25 435 435 435 435 338 25 17 338
206 347 206 347 338 281 206 347 281 206 347 281 206 347 206 206 338 206 206 206
210 210 210 210 210 210 210 210 210 210 210 210 210 210 210 210 210 210 210 210
347 347 206 206 206 347 338 281 281 206 206 206 206 338 206 206 25 25 435 338
206 281 281 281 206 206 281 338 281 206 206 206 93 93 93 93 206 281 93 338
17 125 160 125 125 125 125 125 125 17 160 17 338 206 25 206 160 160 17 17
133 454 454 93 338 160 93 206 93 206 93 160 93 160 93 93 160 93 206 338
454 454 25 435 435 435 435 338 25 17 17 227 160 227 227 227 160 227 281 281
347 206 206 206 160 25 25 17 338 17 25 454 435 435 206 435 475 475 475 475
160 435 435 160 435 210 210 338 25 125 454 435 125 454 125 435 435 160 435 125
454 25 435 435 435 435 338 25 17 338 227 160 227 227 227 160 93 227 347 160
210 210 210 17 454 435 338 160 25 25 454 25 435 435 435 435 338 25 17 338
160 160 347 160 338 347 206 338 206 206 25 435 210 210 418 125 391 391 391 391
160 281 160 281 160 281 160 206 281 281 206 338 281 206 281 281 206 281 281 206
160 347 93 206 338 281 206 93 93 93 206 227 206 227 93 206 338 206 160 160
25 125 454 435 125 454 160 125 125 160 125 125 454 125 125 160 454 125 125 125
206 160 281 281 338 206 347 206 281 281 206 206 93 206 93 281 206 206 93 338
210 210 210 210 210 210 210 210 210 210 210 210 210 210 210 210 210 210 210 210
206 281 206 281 206 281 206 281 206 281 281 206 281 227 281 206 281 281 206 206
210 210 338 435 160 25 160 160 435 435 17 210 338 210 125 454 125 125 454 125
435 17 454 435 338 206 25 454 454 25 435 435 435 435 338 25 17 338 281 206
125 454 17 125 454 125 125 454 125 338 210 475 454 435 17 160 227 454 454 435
338 25 17 338 281 206 347 93 347 206 93 93 347 206 347 347 206 206 206 347
206 206 281 281 281 206 347 338 206 281 206 347 206 93 206 347 206 347 206 281
17 454 435 338 160 25 454 454 454 435 435 435 435 338 25 17 17 227 160 93
133 281 206 160 160 338 347 160 160 160 160 338 160 454 210 25 25 435 338 435
281 454 281 281 93 160 93 93 160 281 160 338 160 281 281 206 160 281 281 281
454 17 125 454 454 125 125 160 125 125 125 454 125 125 160 454 435 125 125 125
125 160 435 125 454 125 17 160 125 125 454 322 322 322 322 17 454 435 338 160
160 160 160 338 160 160 454 25 25 435 210 210 210 338 435 25 454 435 435 210
338 281 160 93 93 93 160 93 93 93 160 93 93 206 206 93 338 160 93 281
281 281 281 160 338 206 160 160 281 160 338 281 206 93 338 281 281 281 281 206
210 210 210 210 210 210 210 210 210 210 210 210 210 210 210 210 210 210 17 25
25 125 454 435 125 454 454 435 435 454 435 160 125 125 454 435 125 160 454 435
435 435 435 435 338 25 17 338 281 160 93 93 281 206 93 227 347 206 281 93
210 17 454 435 338 160 25 454 454 25 435 435 435 435 338 25 17 338 227 206
210 338 435 25 454 435 435 210 210 125 454 435 125 454 160 435 435 160 435 475
210 210 210 210 210 210 210 210 210 210 210 210 210 17 454 435 338 160 25 25
160 160 281 338 281 281 160 93 206 281 281 281 206 206 93 338 206 227 206 347
435 435 160 435 125 454 125 125 160 454 125 125 125 125 17 160 435 338 206 25
475 475 347 281 281 454 338 281 475 475 206 160 338 160 160 25 25 435 210 338
435 338 25 17 338 93 160 93 93 338 160 93 227 227 160 227 227 160 160 93
210 338 25 17 454 435 338 160 25 454 454 25 435 435 435 435 338 25 17 338
160 281 281 281 160 160 281 281 281 160 281 338 227 160 160 227 281 160 160 93
322 475 475 475 475 210 210 475 475 475 475 210 210 475 125 125 125 125 125 125
454 435 338 160 25 454 454 25 435 435 435 435 338 25 17 338 347 160 281 93
160 338 160 418 25 17 125 125 391 322 125 210 210 210 210 210 210 210 210 210
125 160 435 125 454 125 17 160 125 125 454 322 322 322 322 17 454 435 338 160
338 160 281 454 454 125 17 125 281 454 17 125 125 454 435 125 454 227 125 454
25 435 435 435 435 338 25 17 338 281 160 227 227 227 160 227 227 227 160 227
17 338 93 454 93 93 93 454 93 93 93 454 93 93 454 454 93 454 338 93
25 435 338 435 25 454 435 435 17 454 435 338 160 25 454 160 25 435 435 435
133 338 206 206 133 133 206 206 133 206 206 347 206 206 206 206 25 25 17 338
206 281 25 435 338 435 25 454 435 435 17 454 435 338 206 25 108 160 25 435
210 210 25 17 454 435 338 160 25 454 454 25 435 435 435 435 338 25 17 338
133 133 160 133 133 347 160 133 133 206 133 206 338 206 133 133 206 206 133 133
281 454 160 281 160 281 206 281 206 281 281 206 338 281 206 281 281 206 206 160
210 210 210 210 17 454 435 338 160 25 25 454 25 435 435 435 435 338 25 17
25 17 338 281 160 347 93 93 160 281 93 93 206 93 227 206 206 93 206 338
281 206 206 17 206 206 206 206 281 25 435 338 435 25 454 435 435 17 454 435
281 206 281 206 206 206 206 227 206 206 25 25 435 210 210 338 435 206 25 206
210 210 210 210 210 210 210 210 210 210 210 210 210 210 210 210 210 210 210 338
338 435 160 25 206 435 435 210 25 125 454 125 125 454 125 435 435 160 125 125
206 347 338 281 347 206 206 206 206 338 206 206 210 210 435 338 435 322 210 25
25 435 435 435 435 338 25 17 17 281 206 93 93 93 206 93 93 93 206 281
206 206 206 160 160 125 125 25 435 418 125 125 454 125 125 160 125 125 125 125
210 210 210 322 391 391 391 210 210 210 210 210 210 210 210 210 210 210 210 210
206 160 338 206 206 206 206 25 25 435 338 435 25 454 435 435 17 454 435 338
454 17 125 454 125 17 454 435 338 160 25 454 454 25 435 435 435 435 338 25
25 125 454 125 125 454 125 125 125 160 125 475 454 125 125 206 160 125 125 125
338 25 17 338 347 160 347 347 347 206 347 347 347 206 347 347 206 206 206 347
17 454 435 338 160 25 108 454 25 435 435 435 435 338 25 17 338 281 160 93
347 160 206 347 338 206 347 206 347 206 347 206 93 206 93 281 206 281 347 206
133 133 160 338 347 347 160 160 206 338 206 206 25 17 475 475 322 322 125 210
206 347 206 281 206 93 206 93 206 93 206 93 281 206 206 227 281 206 93 281
454 435 338 160 25 108 454 25 17 17 17 17 338 25 17 338 281 206 281 93
125 454 17 125 454 454 125 125 160 125 475 454 17 125 160 454 435 125 454 125
454 454 93 338 160 93 160 93 206 93 160 93 160 93 93 160 93 206 338 93
454 25 435 435 17 210 210 454 435 338 25 435 338 227 160 227 227 347 160 93
25 435 160 125 125 454 125 125 160 125 125 125 125 125 125 17 206 435 338 206
281 281 281 206 206 93 347 338 206 227 160 227 227 206 93 206 227 206 227 281
454 454 25 435 435 17 17 338 25 17 338 281 17 160 227 93 17 160 281 93
210 210 210 210 210 210 210 210 210 210 210 210 210 210 210 17 160 435 338 418
25 338 338 133 160 133 93 133 206 93 93 347 206 93 93 206 93 206 338 206
206 206 206 347 338 347 347 206 206 93 93 93 206 206 347 206 347 338 347 206
125 435 435 160 435 125 454 125 125 160 454 17 125 454 125 125 17 454 435 338
25 25 454 25 435 435 435 435 338 25 17 338 227 206 227 227 227 206 227 227
281 206 281 206 206 206 206 227 206 206 25 25 435 210 210 338 435 206 25 206
133 133 160 347 133 206 347 160 338 418 160 160 160 210 435 210 210 322 391 391
160 206 281 160 281 281 160 93 160 338 281 160 281 281 281 206 281 281 206 160
454 435 435 210 25 125 454 125 125 454 454 125 125 160 125 475 454 435 125 160
281 347 160 160 338 281 206 347 281 206 227 206 227 206 338 227 206 227 206 206
160 281 206 206 206 206 227 206 210 206 25 25 435 210 210 338 435 206 25 206
281 281 206 206 281 206 281 206 281 206 281 281 281 206 338 281 206 281 206 206
338 160 160 25 25 435 210 210 338 435 160 25 160 435 435 210 418 435 210 210
160 25 454 454 25 435 435 435 435 338 25 17 338 93 160 227 93 93 160 93
322 475 17 454 435 338 160 25 25 454 210 435 435 435 435 338 25 17 338 227
347 160 227 281 160 160 160 338 160 160 160 25 25 435 435 338 435 25 160 435
133 133 160 133 133 160 160 338 418 160 160 160 210 17 322 391 322 391 322 391
25 160 435 435 475 322 475 475 475 475 210 210 475 475 475 475 210 210 475 125
338 160 281 454 454 25 435 17 17 17 338 25 17 338 93 206 93 93 93 206
322 210 210 210 210 210 210 210 210 322 391 322 322 210 210 210 210 210 210 210
17 125 160 454 17 125 454 125 125 17 454 435 338 160 25 108 454 25 435 435
210 25 17 454 435 338 160 25 454 454 25 435 435 435 435 338 25 17 338 281
206 160 347 338 347 206 347 347 206 206 206 338 206 206 206 25 25 435 210 210
93 93 281 160 93 93 93 160 281 93 160 160 93 338 160 281 281 281 160 160
17 17 125 454 125 125 125 454 125 125 138 160 160 138 454 454 125 338 125 25
210 210 210 17 454 435 338 160 25 454 454 25 435 435 435 435 338 25 17 338
210 210 210 210 210 210 210 210 210 210 17 454 435 338 160 25 454 160 25 435
210 210 210 210 210 210 210 210 210 210 210 210 210 210 210 210 210 210 210 210
210 210 210 210 322 391 391 391 210 210 210 210 210 210 210 210 210 210 210 210
25 435 435 435 435 338 25 17 338 281 206 281 93 93 206 347 93 93 206 281
338 25 17 338 281 160 281 227 281 160 281 281 227 160 227 227 160 281 338 160
25 435 435 435 17 338 25 17 338 281 17 454 93 93 17 160 281 93 206 93
210 206 435 435 322 391 475 475 475 210 475 475 475 475 210 210 322 125 475 454
206 206 93 338 281 281 206 206 281 281 281 206 206 93 227 338 206 227 206 93
210 338 210 17 454 435 338 160 25 454 454 25 435 435 435 435 338 25 17 338
347 206 17 347 138 108 108 206 206 17 17 435 17 338 160 17 347 281 138 281
206 281 206 281 281 281 206 160 338 281 206 227 281 206 93 281 160 347 160 338
454 435 347 322 338 17 206 227 347 227 160 25 25 454 210 435 435 435 435 206
160 93 160 93 454 93 454 93 93 454 93 206 338 93 160 93 93 160 93 93
206 160 281 281 281 281 160 160 281 338 281 160 281 160 281 160 281 160 281 160
25 454 435 435 210 25 125 454 435 125 454 125 435 435 160 435 125 454 125 125
210 210 210 210 210 210 210 210 210 210 210 210 17 454 435 338 160 25 25 25
281 206 206 17 206 206 206 206 281 25 435 338 435 25 454 435 435 17 454 435
322 391 391 391 210 210 210 210 210 210 210 210 210 210 210 210 210 210 210 210
133 206 133 206 133 206 347 206 281 281 206 347 338 347 206 347 347 206 206 206
281 338 160 281 206 281 281 160 206 281 160 281 281 206 227 160 338 281 160 281
210 210 210 210 210 210 210 210 210 210 210 210 210 210 210 210 17 25 435 338
206 206 25 210 17 391 391 475 475 475 475 475 475 210 435 25 206 435 435 322
93 160 338 93 93 206 160 93 160 160 17 206 206 206 160 25 25 435 338 435
322 475 475 475 475 210 210 475 475 475 475 210 210 475 125 125 125 125 125 125
160 347 206 338 347 206 206 338 206 454 25 25 435 338 435 25 454 435 435 17
454 454 25 435 435 435 435 338 25 435 338 227 160 227 227 227 125 454 227 227
160 435 125 454 125 125 160 454 125 125 125 125 17 454 435 338 160 25 454 454
210 210 210 210 210 210 210 210 210 210 210 210 210 210 210 391 391 322 322 391
206 206 25 210 17 391 391 475 475 475 475 475 475 210 435 25 206 435 435 322
322 322 210 210 210 210 210 210 210 210 322 391 322 322 210 210 210 210 210 210
206 206 347 338 281 281 206 206 93 281 281 281 206 93 338 206 347 206 347 206
160 338 160 160 25 25 435 210 475 475 475 475 125 338 17 160 25 160 435 435
160 133 338 347 347 160 206 347 206 206 338 206 206 206 206 25 25 435 338 435
347 338 160 281 281 206 160 93 206 160 338 206 206 206 206 25 25 435 338 435
