1986 1131 1131 1970 1970 1131 254 254 254 254 254 254 254 254 254 254 254 254 254 254
3970 4866 3970 4845 2601 4191 4845 2601 2601 4191 4845 2601 2601 4845 2601 2601 4845 3758 2601 4961
746 746 4866 4191 3622 4461 1131 2601 3970 1131 2601 2601 3970 3970 2601 3970 4845 2601 4191 4845
746 746 746 746 1986 4126 746 1986 2747 4866 4364 4364 4364 3758 4866 2747 2747 2747 4866 2747
4364 4866 4866 4364 4364 4866 4364 2813 4866 4866 1986 4364 4364 4866 2747 2747 4866 4866 4866 1986
4126 4126 4961 4961 3622 4461 1131 2601 3970 4845 2601 2601 3970 3970 2601 3970 2601 3970 4845 2601
3474 3474 3474 254 254 3474 3474 3474 3474 2603 2603 3622 4461 3758 2601 4961 1986 2813 3170 3170
3474 2603 2603 3622 4461 3758 2601 4961 1986 2813 3170 3170 4126 4126 4961 4961 4961 4961 1986 4126
4191 3622 4461 1131 2601 3970 4845 2601 2601 3970 3970 4866 3970 4845 2601 4191 4845 2601 2601 4191
4364 4866 4364 4364 4866 4866 4364 1986 4866 4364 4364 4866 4866 4364 2747 4364 4866 2747 1986 4364
4548 829 829 4548 4548 4548 829 4548 4548 829 4548 829 4548 829 4548 829 4548 829 4548 4548
1131 1131 1131 1131 1131 3758 4126 4961 1986 3758 2813 3170 3170 4126 4126 4961 4961 4961 4961 1986
1970 1970 2715 2715 2715 2715 2603 2603 2603 2603 1970 1970 1970 1970 3622 254 254 3474 254 3474
3170 4126 4126 4961 4961 746 4961 1986 4126 3758 1986 2747 4866 2747 2747 2747 4866 2747 2747 2747
2813 4364 4364 4364 4866 1986 2813 4866 3170 4126 4961 2603 2603 1986 4961 4126 2601 4961 4961 2813
1970 2715 2715 2715 2715 2603 2603 2603 2603 1970 1970 1970 1970 3622 254 254 254 254 3474 254
3474 3474 3474 3474 2603 2603 3622 4461 3758 2601 4961 1986 2813 3170 3170 4126 4126 4961 4961 4961
254 3474 254 3474 254 3474 254 254 2603 2603 3622 4461 3758 2601 4961 1986 4866 3170 3170 4126
1986 2813 2813 4866 2813 3170 4126 4961 1986 746 4126 4126 4961 746 3758 2601 4961 1986 4866 3170
2601 4191 4845 2601 2601 4845 2601 4845 3622 4461 4845 2601 3970 1986 4866 3170 4126 2601 4191 4191
4364 4866 4364 4364 4866 4866 4866 4364 1986 4364 4364 4866 4866 2747 2747 2747 4866 4866 2747 2747
3474 3474 3474 3474 254 3474 3474 3474 3474 254 2603 2603 3622 4461 3758 2601 4961 1986 4866 3170
2603 1131 1131 1131 3622 1131 1131 1131 4461 3758 4126 4961 1986 2813 3170 3170 4126 4126 4961 4961
3863 3863 4126 1986 2601 3970 4845 2813 2813 2813 4866 2601 3970 3970 4126 746 2601 3970 4845 2601
2813 4364 2813 1986 4364 2813 4364 2813 2813 2813 2813 1986 2813 2813 3170 4126 4961 3622 2603 2603
3970 3970 4191 2601 4845 2601 4191 4845 4866 3970 4845 2601 4845 3758 4866 4191 4845 2601 1970 1970
1986 4866 4866 4364 4364 4866 4866 4364 4364 4364 4866 4364 4364 1986 4866 2747 4866 2747 4866 2747
2138 4548 4548 829 829 4548 4548 4548 829 4548 829 4548 829 4548 829 4548 829 2138 2138 829
4364 4866 4364 1986 4364 2813 4364 4364 2813 4866 2813 2813 1986 4866 2813 4126 3170 4126 746 3622
3863 3863 3863 2813 3863 3863 4126 4126 4961 4961 2813 2813 3863 1986 4866 3863 3863 4866 2813 3863
4866 2603 2603 1970 1970 4866 4845 1970 1970 3622 254 254 254 254 254 254 3474 254 254 254
1986 4866 4364 4866 4364 4364 4866 4364 4866 4364 4866 4364 2747 4866 4866 1986 2747 4866 2747 2747
3863 2813 3863 3863 1986 2813 3863 2813 3863 3863 2813 3863 2813 2813 3863 3863 3863 2813 2813 2813
3863 3863 4866 3863 3863 3863 2813 3863 3863 3863 2813 3863 3863 2813 2813 3863 1986 2813 4364 4364
4126 746 1986 746 4126 4126 746 746 3758 2601 4961 1986 4866 3170 3170 4126 4126 4961 4961 746
2747 1986 746 746 746 3170 4126 746 746 1986 4126 746 1986 4126 2747 3758 2601 746 746 746
254 3474 3474 3474 3474 3474 254 254 254 3474 3474 3474 254 2603 2603 3622 4461 3758 2601 4961
1986 4126 746 1986 4364 4866 4364 4364 4364 4866 4364 2747 2747 4866 2747 2747 4866 4866 4866 2747
3863 2813 3863 3863 2813 3863 3863 2813 3863 2813 2813 1986 2813 2813 2813 2813 4126 3758 1970 1970
4961 1986 4866 3170 3170 4126 4126 4961 4961 4961 4961 1986 4126 3758 1986 2747 4866 2747 2747 4364
4126 4126 4961 746 4961 4961 1986 4126 1986 1986 4364 4866 2747 4364 2747 4866 2747 2747 2747 2813
4364 4364 4364 2813 2813 4364 1986 2813 4364 2813 4364 2813 4364 2813 4364 2813 4364 4364 2813 4364
4191 4845 2601 2601 4191 4845 2601 4845 3758 2601 4961 1986 4866 3170 4126 4866 4126 4961 4961 4961
3758 1986 3863 4866 4364 4364 4364 2813 3863 3863 3863 2813 3863 3863 2813 2813 2747 2813 1986 2813
3474 2603 2603 3622 4461 3758 2601 4961 1986 4866 3170 3170 4866 4126 4961 4961 4961 4961 1986 4126
3863 2813 3863 3863 2813 2813 3863 4866 3863 3863 3863 2813 2813 3863 3863 3863 3863 2813 2813 3863
829 4548 4548 829 4548 4548 829 4548 4548 829 4548 829 4548 829 829 829 829 829 3758 829
4866 4866 4866 1986 4866 4866 4126 746 1131 1131 1970 1970 1131 254 254 254 254 254 254 254
4364 4866 4364 4364 4866 4364 4866 4364 4866 4364 4364 2813 4866 1986 2747 4866 2747 2747 4866 2747
4866 4866 3863 4364 1986 4866 3863 2813 3863 3863 2813 4364 4866 3863 4866 2747 2747 2747 2813 2813
2601 3970 1131 2601 2601 3970 3970 4866 3970 4845 2601 4191 4845 4866 4126 4191 4845 4866 4845 3758
746 746 1986 4126 3758 1986 4364 4866 4364 4364 3863 4866 4364 4364 4364 4866 2747 2747 2813 2813
254 254 254 254 3474 254 254 254 254 254 3474 3474 254 254 3474 2603 2603 1970 1970 1970
2813 3863 3863 3863 2813 3863 3863 2813 2813 2813 3863 1986 3863 3863 2813 2813 2813 2813 1986 2813
1970 1970 254 254 254 254 254 3474 254 254 254 3474 254 3474 3474 254 3474 254 2603 2603
1131 1131 1131 1986 2601 746 1986 4866 3170 3170 4126 4126 746 746 746 746 1986 4126 746 2747
4866 2603 2603 1970 1970 4866 4845 1970 1970 3622 254 254 254 254 254 254 3474 254 254 254
3474 3474 3474 3474 3474 3474 3474 254 3474 3474 3474 3474 3474 2603 2603 3622 4461 3758 2601 4961
4126 746 1986 746 4126 4126 746 746 3758 2601 4961 1986 4866 3170 3170 4126 4126 4961 4961 746
2813 4364 4364 2813 4364 2813 2747 4364 2813 4364 4364 2813 4364 4364 2813 2747 4866 1986 4866 2813
4866 3170 4126 4126 4126 4961 4961 4961 4961 1986 4126 3758 1986 2747 4866 2747 2747 2747 4866 4364
2813 3863 4364 3863 2813 4364 3863 4364 2813 3863 4364 2813 2813 3863 1986 2813 3863 4364 3863 2813
4126 1986 1986 4364 4866 4364 4364 4364 4866 4364 4364 4364 2813 4364 4364 4866 2813 2813 4364 1986
254 254 3474 3474 3474 254 254 2603 2603 3622 4461 3758 2601 4961 1986 4866 3170 3170 2813 4126
2601 3758 3758 3758 1131 3758 1131 3758 3758 2601 3758 1131 1131 1131 1131 1131 3758 1131 3758 1131
4364 2813 4364 4364 2813 1986 4364 4364 2813 4364 2813 2813 2813 1986 4866 2813 4866 3622 3170 4126
3474 3474 3474 254 254 3474 254 3474 254 3474 3474 254 2603 2603 3622 4461 3758 2601 4961 1986
3758 4126 4961 1986 2813 3170 3170 4126 4126 4961 4961 4961 4961 1986 4126 3758 1986 2747 2813 2747
4364 3863 2813 3863 3863 3863 2813 3863 3863 2813 2813 3863 2813 1986 2747 3863 2747 2813 2813 2747
4961 1986 2813 3170 3170 4126 4126 4961 4961 4961 4961 1986 4126 3758 1986 2747 2813 2747 2747 2747
2603 2603 3622 4461 3758 2601 4961 1986 4866 3170 3170 4866 4126 4961 4961 4961 4961 1986 2601 746
746 746 746 1986 4126 746 1986 4364 4866 2747 4364 4364 4866 2747 2747 2747 4866 2747 2747 2813
4364 1986 3863 4364 2813 2813 4364 2813 2813 1986 2813 2813 2813 2813 3170 4126 4961 3758 4961 4126
2813 3170 3170 4126 4126 4961 4961 4961 4961 1986 4126 3758 1986 2747 4866 2747 2747 2747 2813 2747
1131 1131 1131 1131 1131 1970 3758 1131 1131 1131 1970 1970 1131 1131 1970 1970 1970 1970 1970 1970
2813 4364 2813 1986 2813 4364 4364 3863 2813 2813 4364 4364 3863 2813 2813 2747 3758 2813 2747 2813
746 1986 4126 3758 1986 3863 4866 3863 3863 3863 4866 3863 3863 3863 2813 3863 3863 2813 2747 1986
3863 2813 2813 1986 3863 2813 3863 3863 2813 3863 3863 3863 2601 3863 1131 4866 3758 2813 2813 2813
4866 1986 4866 4866 4126 746 1131 1131 1970 1970 1131 254 254 254 254 254 254 254 254 254
2601 4961 1986 2813 3170 3170 4126 4126 4961 4961 4961 4961 1986 4126 3758 1986 2747 2813 2747 2747
254 254 254 254 3474 254 254 254 254 254 3474 3474 254 254 3474 2603 2603 1970 1970 1970
4126 4845 1131 2601 4191 4845 2601 2601 3970 4191 4845 2601 4845 2601 4191 4845 4866 4191 4845 2601
3863 1986 3863 3863 2813 2813 3863 3863 3863 4866 4866 3863 3863 1986 4866 2747 2813 2747 3863 2813
4364 2813 2813 2813 4364 1986 4364 4364 2813 2813 4364 2813 1986 4866 2813 4866 4866 3170 4126 4961
2813 4364 2813 4364 2813 3863 2813 4364 2813 3863 3863 2813 1986 3863 4866 2747 3863 3863 2813 3863
3863 2813 3863 3863 3863 1970 1970 2813 3863 3863 3863 2813 3863 3863 2813 2813 3863 1986 2813 3863
1986 2813 4364 4364 4866 4364 4364 4364 2813 1986 2813 2813 3170 4126 4961 2603 2603 1986 4961 4126
3863 2813 3863 2813 3863 2813 3863 2813 2813 3863 3863 2813 1986 3863 2813 3863 3863 2813 3863 3863
3863 2813 3863 3863 3863 2813 3863 3863 2813 2813 2813 3863 1986 3863 3863 2813 2813 2813 2813 1986
4364 4866 4364 4866 4866 4866 2813 3170 3170 4866 4126 1986 4961 746 4961 746 2813 4866 4866 3758
2601 1131 4845 2601 4191 4845 2601 4126 4191 4845 2601 4845 3758 2601 4961 3758 4866 4126 4126 4866
3863 2813 4364 1986 2813 3863 2813 3863 2813 3863 2813 3863 2813 3863 2813 4364 3863 2813 4364 1986
4364 2813 4866 4364 4866 4866 1986 4866 4866 4866 4866 3170 4126 746 1986 746 4126 4126 746 746
2813 1986 2813 2813 3170 4126 746 1970 1986 746 2813 4126 2813 746 746 1131 1970 1131 1131 1131
746 1986 4866 3170 3170 4866 4126 4961 4961 4961 4961 1986 4126 3758 1986 2747 4866 2747 2747 2747
4845 4845 3758 4126 4961 1986 2813 3170 3170 4126 4126 746 4961 4961 4961 1986 4126 3758 1986 4364
3758 4961 1986 4126 3758 2747 3863 2813 3863 3863 3863 2813 3863 3863 3863 2813 3863 2747 2813 2813
3758 2601 4961 1986 3758 2813 3170 3170 4126 4126 4961 4961 4961 4961 1986 4126 746 3758 2747 2813
4364 4364 4364 2813 2813 1986 4364 2813 3863 2813 2813 4866 2813 1986 4866 4866 3170 4126 4961 2603
1970 1970 2813 3863 3863 3863 2813 3863 3863 2813 2813 3863 1986 2813 3863 3863 3863 2813 2813 3863
3758 4961 1986 4126 3758 2747 3863 2813 3863 3863 3863 2813 3863 3863 3863 2813 3863 2747 2813 2813
2813 2813 3863 3863 3863 2813 3863 3863 1986 2813 3863 2813 3863 3863 2813 3863 2813 2813 3863 3863
2813 1986 2813 1131 1131 4364 4364 4364 4126 1986 4364 1131 1131 2813 2813 1986 2813 2813 3170 4126
4548 4548 4548 829 829 4548 4548 4548 829 4548 4548 829 4548 829 4548 829 4548 829 4548 829
4126 4126 4961 4961 3758 4126 4961 1986 2813 3170 3170 4126 4126 4961 4961 4961 4961 1986 4126 3758
4191 4845 4126 4126 4845 2601 2601 4845 3758 2601 4961 1986 4866 3170 3170 4126 4126 4961 4961 4961
4364 4866 4364 1986 4364 2813 4364 4364 2813 4866 2813 2813 1986 4866 2813 4126 3170 4126 746 3622
2138 4548 2138 829 829 2138 4548 4548 829 829 4548 4548 4548 829 4548 829 4548 829 4548 829
1970 2603 2603 1986 4961 2813 4126 2813 4961 4961 3622 4461 4845 2601 3970 4845 2601 2601 3970 3970
4961 1986 4364 2813 3863 3863 3863 3758 4126 3863 4364 1986 3758 4126 3863 3863 3758 1131 3758 2813
3474 254 254 3474 254 3474 254 254 3474 254 2603 2603 3622 4461 3758 2601 4961 1986 4866 3170
4364 4364 2813 4364 1986 2813 2813 4364 4364 2813 2813 4364 2813 2813 1986 2813 2813 2813 4126 3170
4364 4364 4866 2813 4364 1986 2813 4364 2813 4364 4866 4364 4866 2747 4866 2747 2813 2747 4364 4866
2813 3170 4126 746 1986 746 4126 4126 746 4961 3758 2601 4961 1986 4866 3170 3170 4126 4126 746
3170 3170 4866 4126 4961 4961 4961 4961 1986 4126 3758 2747 3863 4866 3863 2747 2747 2813 2747 2747
4961 3622 2603 2603 1986 4961 4126 4126 4961 4961 3622 4461 1131 2601 4961 3758 2601 2601 4961 4961
4126 3758 2747 3863 2813 3863 3863 3863 2813 3863 3863 3863 2813 3863 3863 2813 2813 2813 3863 1986
2603 2603 1970 1970 1970 1970 3622 254 254 3474 3474 3474 254 3474 3474 3474 3474 254 3474 3474
4364 2813 2813 3863 3863 3863 3863 2813 3863 1986 2813 3863 2813 3863 2813 3863 2813 3863 2813 4364
4126 4961 1986 4961 2813 3863 3863 3863 2813 3863 3863 4126 4126 4961 4961 4866 2813 3863 1986 4866
4126 746 2603 2603 1986 746 2813 4126 2813 746 4961 3622 4461 1131 2601 3970 3758 2601 2601 3970
2601 4961 1986 4866 3170 3170 4126 4126 4961 4961 4961 4961 1986 4126 3758 1986 2747 4866 2747 4364
3758 2601 3758 1131 1131 4126 4845 4845 2601 1970 1970 4845 4845 3758 2601 4961 1986 2813 3170 3170
3970 3758 2601 2601 3970 3970 4866 3970 4845 2601 4191 4845 2601 2601 4191 4845 2601 2601 4845 3758
1986 4126 3758 1986 4364 1986 4126 4364 4364 3758 4126 4364 4364 2813 2747 2747 2747 2813 2747 2813
4961 3622 2603 2603 1986 4961 4126 4126 4961 4961 3622 4461 3970 2601 3970 3970 2601 2601 3970 3970
1970 1970 2715 2715 2715 2715 2603 2603 2603 2603 1970 1970 1970 1970 3622 254 254 3474 254 3474
2715 2715 2715 2715 2603 2603 2603 2603 1970 1970 1970 1970 3622 254 254 3474 254 254 254 3474
4191 4845 2601 2601 4845 3758 2601 4961 1986 4866 3170 3170 4866 4126 4961 4961 4961 4961 1986 4126
3863 4866 4364 4364 2813 4364 2813 1986 4866 2813 4866 4866 4126 4961 2603 2603 1970 1970 1970 1970
2813 3863 3863 3863 2813 2813 3863 3863 2813 3863 2813 3863 2813 3863 2813 3863 2813 3863 2813 3863
746 746 746 746 1986 4126 1986 1986 4364 4866 4364 4364 2747 4866 4364 2747 2747 2813 2747 2747
3863 3863 3863 2813 4866 1986 3863 3863 2813 3863 3863 2813 3863 3863 2813 3863 2813 3758 4866 2813
1131 4126 2601 1131 1131 4191 1131 3758 2601 4961 1986 4866 3170 3170 4866 4126 4961 4961 4961 4961
4126 4126 4961 4961 4961 746 2747 4126 3758 2747 3863 2813 3863 2747 3863 2813 2747 2747 2747 2813
4461 1970 1131 1131 2601 3970 4845 2601 2601 3970 3970 2601 3970 1131 1131 1131 1131 1131 4845 2601
1986 3863 2813 2813 4364 2813 1986 2813 4364 4364 3863 2813 2813 1986 2813 2813 2813 4866 3170 4126
254 3474 254 254 254 254 3474 254 254 254 254 254 3474 254 254 2603 2603 3622 4461 3758
4364 2813 4364 2813 3758 4866 4866 4866 2813 3758 2813 4126 4961 1970 1970 1970 1970 1970 1970 2603
4364 4364 4866 4866 4364 2813 1986 4364 4364 2813 4866 4364 2813 4866 1986 2813 2813 4866 2813 3170
1986 4364 4866 4866 4866 4866 1986 4866 4126 3622 3170 4126 746 1986 746 4866 4126 4866 746 746
3758 2813 4364 4364 4364 2813 4364 4364 4126 4961 2813 4364 4866 1986 1986 4866 4364 2747 4866 2747
4961 3758 2601 746 1986 4866 3170 4126 4126 4126 746 746 746 746 1986 2601 746 1986 4364 4866
1986 2813 2813 2813 4866 4126 3758 1131 1131 1131 1131 1131 1131 1131 1131 1131 1131 1131 1131 1131
1986 4364 1131 1131 4866 2813 1986 2813 2813 3170 4126 746 1970 1986 746 4866 4126 2813 746 746
4126 3863 1131 4866 1986 2813 2813 2813 4866 4126 3758 1131 1131 1131 1131 1131 1131 1131 1131 1131
2813 3863 2813 4364 4364 2813 2813 3863 1986 3863 3863 2813 3863 2813 3863 3863 2813 2813 1986 2813
829 4548 829 4548 829 4548 829 4548 829 4548 4548 4548 829 829 4548 4548 829 4548 4548 829
2601 4191 4845 4866 2601 4191 4845 4126 2601 4845 1131 1131 1131 1131 1131 1131 1131 1131 3758 2601
2813 1986 4364 2813 1986 2813 2813 4126 4961 2603 2603 4866 4845 1970 1970 1970 1970 1970 1970 2603
1970 2715 2715 2715 2715 2603 2603 2603 2603 1970 1970 1970 1970 3622 254 254 254 254 3474 254
2601 4191 4845 2601 4866 4191 4845 2601 2601 4845 3758 2601 4961 1986 4866 3170 2813 4866 4126 4961
3170 3170 4126 4126 746 746 746 746 1986 4126 746 1986 2747 4866 2747 2747 2747 3758 2813 2747
4961 4961 4961 1986 4126 3758 1986 3863 4866 3863 3863 3863 4866 3863 2747 2747 2813 2747 2747 2813
3863 3863 4866 3863 3863 3863 2813 3863 3863 2813 2813 3863 2813 2747 3863 3863 2813 2813 3863 3863
2813 2813 3863 3863 3863 3863 2813 2813 3863 1986 2813 3863 2813 3863 2813 3863 2813 3863 2813 3863
4126 4126 4961 4961 4961 4961 2747 3170 3758 1986 3863 2813 3863 3863 3863 2813 3863 3863 3863 2813
4364 4866 4364 4364 4866 2813 4364 4866 2747 4364 4364 4866 4866 1986 2747 2747 4866 2747 2747 4866
4866 4364 1986 4364 4866 2813 4866 4364 4364 3863 3863 4866 4364 2747 1986 4866 3863 2747 2813 4364
4866 4364 4364 4364 4866 4866 4364 1986 4364 4866 2813 4866 4364 2747 2747 2747 4866 2747 2747 1986
4364 2813 4866 1986 2813 2813 4866 2813 3170 4126 4961 1986 4961 4126 4126 4961 746 3758 2601 746
3474 3474 3474 3474 2603 2603 3622 4461 3758 2601 4961 1986 4866 3170 3170 4866 4126 4961 4961 4961
4364 4364 4866 4364 4364 4364 2813 4364 4364 4866 4866 4364 4866 1986 4364 4364 2813 4866 4364 2813
4364 4364 4866 4364 4364 4866 4866 4364 1986 4866 4364 4364 4866 4866 4364 2747 4364 4866 4364 1986
254 254 3474 254 3474 254 254 254 254 3474 254 254 254 254 3474 254 2603 2603 3622 4461
2813 4866 4866 2813 1986 4866 2813 3170 4126 4961 2603 2603 1986 4961 2813 4126 2813 4961 4961 3622
4364 1986 4126 4364 4364 3758 4126 4364 4364 2813 4364 4364 4364 2813 2747 4866 4866 2747 2747 1986
4364 4364 4364 4866 4364 4364 4364 2813 4364 4364 2813 4866 4866 2747 1986 2747 2747 2813 4866 2747
4126 3758 1986 3863 2813 3863 3863 3863 2813 3863 3863 3863 2813 3863 3863 2813 2813 3863 2813 1986
2813 1986 2813 2813 2813 2813 3170 4126 4961 1986 4961 4126 4126 4961 4961 3758 2601 4961 1986 4866
1986 2813 4364 4364 3863 2813 2813 3863 4364 3863 2813 3863 1986 2813 3863 2813 3863 2813 4364 2813
4866 4364 4364 4866 4866 4364 4364 4364 4866 4364 4364 1986 4866 2747 4866 2747 4866 2747 2813 2747
2813 2747 3863 2813 2747 2813 2813 1986 2813 2813 4126 3758 2601 4845 4845 2601 4191 4845 2601 2601
2813 4126 3170 4126 4961 1986 3758 4126 4126 3758 3758 3863 829 3758 3863 829 829 829 829 829
2813 2813 3863 3863 3758 2813 3863 3863 2813 2813 2813 3863 2813 3863 3863 3863 2813 4866 3758 3863
3970 3970 4866 3970 4845 2601 4191 4845 4866 4126 4191 4845 4866 4845 3758 2601 3758 3758 4866 3170
829 829 4548 4548 4548 829 4548 829 4548 829 4548 829 4548 829 2138 2138 829 829 2138 4548
3474 254 3474 3474 254 3474 254 254 254 3474 2603 2603 3622 4461 3758 4126 4961 1986 2813 3170
746 4961 1986 4126 3758 1986 4364 2813 4364 4364 4364 2813 2813 3863 2747 2747 1986 2747 2813 2813
746 746 746 1986 4126 746 1986 4364 4866 4364 2747 4364 4866 2747 2747 2747 4866 2747 2747 4866
2715 2715 2715 2603 2603 2603 2603 1970 1970 1970 1970 1970 254 254 3474 254 254 3474 3474 254
3863 2813 2813 3863 2813 3863 3863 2813 2813 1986 3863 2813 3863 3863 2813 3863 3863 3863 4866 3863
2813 746 3622 4461 4845 2601 3970 4845 2601 2601 3970 3970 3758 2601 4845 2601 4191 4866 3970 4845
4866 2813 4364 1986 2813 4364 2813 4364 2813 4364 2813 4364 2813 4364 2813 4364 4364 2813 1986 4364
4364 4364 4364 2813 2813 4364 2813 4364 1986 4364 2813 4364 4364 2813 2813 4364 2813 3863 4364 4364
4866 2601 3970 3758 2813 4364 2747 4364 2813 4364 2747 4866 3970 2813 2747 2813 1986 2813 2747 4364
1131 1970 1970 3758 1970 3758 3758 4126 4961 1986 2813 3170 3170 4126 4126 4961 4961 4961 4961 1986
3758 2747 4866 3170 4126 4866 4126 3758 3758 4961 3758 2747 4126 3758 1986 2747 4866 3863 2747 2747
2601 2601 4845 3758 2601 4961 1986 4866 3170 3170 4126 4126 4961 4961 746 4961 1986 4126 3758 1986
2715 2715 2715 2715 2603 2603 2603 2603 1970 1970 1970 1970 1970 254 254 254 254 254 254 3474
3170 4126 4961 1986 4961 4126 4126 4961 4961 3758 2601 4961 1986 4866 3170 4126 4866 4126 4961 4961
2813 2813 4126 3170 4126 3758 1986 3758 4126 4866 3758 3758 3758 4126 3758 1986 2813 3170 3170 2813
1986 4866 4364 4866 4364 4866 4364 2813 4364 4866 4364 4364 2747 4866 4866 4866 1986 4364 4866 4866
2813 3863 2813 3863 3863 2813 3863 3863 2813 1986 3863 2813 3863 4866 2813 4866 2813 3758 2813 2813
4961 746 746 746 1986 4126 746 1986 4364 4866 4364 4364 2747 4866 2747 2747 2747 4866 2747 2747
2601 746 1986 4866 3170 3170 4126 4126 746 4961 4961 4961 1986 4126 3758 1986 2747 4866 2747 2747
3474 3474 3474 3474 2603 2603 3622 4461 3758 2601 4961 1986 4866 3170 3170 4866 4126 4961 4961 4961
2813 4364 2813 4364 3863 2813 2813 1986 3170 4961 3863 3863 2813 4866 2813 2813 1986 2813 3863 3863
3758 3758 746 1986 4126 1986 1986 4364 2813 4364 4364 4364 2813 4364 2747 2747 2813 2747 4364 2813
4126 4866 4961 746 3622 4461 4845 2601 3970 4845 2601 2601 3970 3970 2601 3970 4845 2601 4191 4845
2813 3170 3170 4126 4126 4961 4961 4961 4961 2747 4126 3758 2747 3863 2813 2747 2747 3863 2813 2747
3863 2813 4364 2813 4364 2813 4364 3863 2813 3863 2813 2747 4364 2813 4364 3863 2813 4364 4364 2813
1970 254 254 254 254 254 254 3474 254 254 3474 254 254 3474 3474 3474 254 2603 2603 3622
1970 1970 1970 1970 254 254 254 254 3474 254 254 3474 254 3474 254 254 254 254 254 254
2601 3970 4845 2601 2601 4191 3970 4845 2601 4845 2601 4191 4866 3970 4845 4866 2601 4191 4845 2601
4866 4364 4364 1986 4866 4364 4364 4364 4866 4364 4364 4866 4866 2747 4866 1986 2747 2747 2813 4866
1986 3758 4126 4126 3758 3758 3758 4126 3758 2747 2813 3170 3170 4126 4126 3758 3758 3758 3758 2747
2747 3863 2813 3863 3863 3863 2813 3863 3863 3863 2813 3863 3863 2813 2813 2813 3863 1986 3863 3863
4845 2601 4191 4845 2601 2601 4191 4845 2601 2601 4845 2601 2601 4845 3758 2601 4961 3758 4866 3170
4461 1131 2601 3970 3758 2601 2601 3970 3970 2601 3970 4845 2601 4191 4845 2601 2601 4191 4845 2601
1986 2813 4364 4364 4364 2813 2813 4364 4364 4364 2813 2813 4364 1986 4866 4364 4866 4364 2813 4364
3474 3474 3474 2603 2603 3622 4461 3758 2601 4961 1986 4866 3170 4126 4866 4126 4961 4961 4961 746
4364 2813 4866 4866 1986 4866 2813 2813 3170 4126 4961 3622 2603 2603 3758 4961 4126 4866 4961 4961
4548 4548 829 829 4548 4548 4548 829 829 4548 4548 4548 829 4548 829 4548 829 4548 829 4548
2813 2813 3863 4364 3863 2813 2813 2813 4364 1986 3863 2813 3863 2813 4866 4866 2813 3758 2813 2813
4364 4866 4364 4364 4866 2813 4364 4866 2747 4364 4364 4866 4866 1986 2747 2747 4866 2747 2747 4866
746 746 4866 4191 3622 4461 1131 2601 3970 1131 2601 2601 3970 3970 2601 3970 4845 2601 4191 4845
2813 4364 4364 2813 2813 2813 2813 1986 4364 4364 3863 4364 2813 2813 2813 1986 2813 4364 2813 4364
4461 1131 2601 3970 3758 2601 2601 3970 3970 2601 3970 4845 2601 4191 4845 2601 2601 4191 4845 2601
4364 4364 4866 2813 4364 1986 2813 4364 2813 4364 4866 4364 4866 2747 4866 2747 2813 2747 4364 4866
3863 2813 3863 3863 2813 1986 3863 2813 2813 2813 2813 1986 2813 2813 3170 4126 4961 3622 1131 3758
3758 1131 2601 3758 3758 3758 1131 3758 1131 3758 3758 2601 3758 1131 1131 1131 1131 1131 3758 1131
3863 2813 2813 3863 2813 3863 3863 2813 2813 3863 1986 3863 2813 3863 3863 2813 2813 2813 3758 2813
2601 2601 3970 3970 2601 3970 4845 2601 4191 4845 2601 2601 4191 4845 2601 4845 3758 2601 4961 1986
4126 4126 4961 4961 4961 4961 1986 4126 3758 2747 3863 4866 3863 3863 3863 4866 2747 2747 3863 2813
3863 2813 3863 3863 2813 2813 3863 2813 3863 3863 3863 3863 2813 2813 3863 3863 3863 2813 2813 3863
254 254 254 254 254 254 254 254 254 3474 3474 1970 1970 1970 1970 1970 1970 1970 1970 1970
2813 2813 1986 3863 3863 3863 3863 3863 2813 2747 3863 2813 3863 3863 2813 3863 2813 3863 3863 2813
2813 4364 4364 4364 2813 4364 4364 2813 2813 2813 4364 1986 4364 4364 2813 2813 4364 4364 2813 2813
1986 4961 1970 4126 4126 4961 4961 1131 1131 1131 1131 1131 1131 1131 1970 1131 1131 1970 1970 1970
4364 2813 1986 2747 2813 2747 4364 2813 2813 2813 1986 2813 2813 4866 3170 4126 4961 3622 2603 2603
2813 3863 3863 2813 3863 2813 1986 2813 3863 3863 2813 2813 3863 3863 3863 2813 2813 3863 3863 3758
3863 1986 2813 3863 3863 3863 2813 2813 3863 3863 3863 2813 2813 3863 1986 2813 3863 2813 3863 2813
3474 3474 3474 3474 254 3474 3474 3474 3474 3474 2603 2603 3622 4461 3758 2601 4961 1986 4866 3170
3863 3863 2813 2813 1986 3863 2813 3863 3863 2813 3863 3863 3863 2601 3863 4845 4866 3758 2813 2813
3863 4866 4364 4364 2813 4866 2813 1986 4866 2813 2813 3170 4126 4961 3622 2603 2603 3758 4961 4126
4126 3758 2747 3863 4866 3863 3863 3863 4866 3863 3863 3863 2813 3863 3863 4866 2813 3863 1986 2813
4364 4364 4364 2813 4364 4364 2813 2813 4364 2813 1986 2813 2813 4364 2813 4866 1986 2813 2813 1986
2603 1986 4961 2813 4126 2813 4126 4961 4961 3758 3758 2813 4961 2747 3622 4461 1970 1970 1970 1970
829 4548 4548 4548 829 4548 829 4548 829 4548 829 4548 829 4548 4548 4548 829 829 4548 4548
3863 1986 3863 3863 2813 2813 3863 3863 3863 3863 2813 3863 1986 2813 3863 2813 3863 2813 3863 2813
4548 4548 829 4548 4548 829 829 829 4548 1986 4548 4548 829 829 4548 4548 4548 829 829 4548
3758 3863 3863 2813 3863 3863 3863 2813 3863 3863 3863 2813 3863 3863 2813 2813 3863 2813 1986 3863
254 254 254 254 3758 3758 1131 1131 1131 2603 2603 3622 4461 1986 4126 4961 1986 2813 3170 3170
2813 2813 2813 3170 4126 4961 1986 4961 4126 2813 2813 4961 4961 3758 3758 2601 4961 1986 4866 3170
3758 3758 2601 3758 1131 1131 1131 3758 1131 3758 1131 1131 1131 2601 3758 1131 3758 2601 3758 1131
4126 4961 4961 4961 4961 1986 4126 3758 1986 3863 2813 3863 3863 2747 4866 2747 2747 2747 2813 2747
1986 2747 4126 3970 3758 2813 2747 4364 2747 4866 2601 3970 3758 2813 2747 2747 2747 2813 2747 2747
1970 1970 1970 1970 2603 2603 3622 3622 2603 2603 3622 4461 3758 4126 4961 1986 2813 3170 4126 4126
829 3758 4548 829 2138 829 829 829 3758 3758 3758 3758 4548 829 3758 3863 3863 829 4548 4548
254 254 254 254 254 254 254 254 254 254 254 254 3474 1970 1970 1970 1970 1970 1970 1970
1131 1131 1131 3622 1131 1131 1131 4461 3758 4126 4961 1986 2813 3170 3170 4126 4126 746 746 746
2813 4364 4364 2813 2813 2813 2747 2813 2813 4126 3170 4126 4961 3622 2603 2603 1986 4961 4126 4126
2715 2715 2715 2715 2603 2603 2603 2603 1970 1970 1970 1970 3622 254 254 3474 254 3474 254 3474
4126 4126 746 746 4866 4191 3622 4461 1131 2601 3970 1131 2601 2601 3970 3970 4866 3970 4845 2601
4364 2813 4364 4364 4364 2813 4364 2813 1986 4364 2813 4364 2813 2813 2813 2813 1986 2813 2813 3170
2813 2813 4364 2813 1986 4364 4866 2813 1986 2813 4126 3170 4126 4961 1986 4961 2601 2601 746 746
4364 4364 2813 2813 2813 2813 1986 2813 2813 3170 4126 4961 1986 4961 1970 4126 4126 4961 4961 1131
2603 1986 4961 4126 4126 4961 4961 4866 4191 3622 4461 1131 2601 3970 3758 2601 2601 3970 3970 4866
3758 1986 3863 2813 3863 3863 3863 2813 3863 3863 3863 2813 3863 3863 2813 2813 2813 3863 3758 2747
2813 3863 4364 4364 4866 3863 4364 3863 2813 3863 3863 2813 2813 2813 4364 1986 3863 4364 2813 2813
1970 1970 1970 1970 3863 1970 3758 3863 1970 1970 1970 1970 3863 3758 3863 2603 2603 1970 3758 3863
4364 4866 4866 4866 4364 1986 4364 4364 4866 4866 4364 4364 4364 4866 4866 2747 1986 4866 2747 4866
3863 3863 2813 3863 3863 2813 2813 3863 1986 2813 3863 3863 3863 2813 2813 3863 3863 3863 2813 2813
2601 3758 1970 3758 1986 4126 4845 1131 2601 3970 4845 2601 2601 3970 3970 4191 2601 4845 2601 4191
4364 1986 4364 4364 2813 4364 2813 4364 4364 2813 2813 1986 4866 2813 2747 4866 1986 4364 2813 1986
2813 2813 2747 2813 1970 2813 3170 3170 746 2603 2603 1986 746 2813 4126 2813 746 4961 3622 4461
4364 1986 4866 4364 4364 4866 4364 4866 4866 4364 4364 4866 4364 2813 4866 4866 1986 2747 4364 4866
746 3758 746 2747 4126 3758 1986 4364 2813 4364 4364 4364 2813 4364 4364 4364 2813 4364 4364 2813
3170 4126 4126 4961 4961 4961 4961 1986 4126 4961 1986 4364 2813 2747 2747 2747 1131 4866 2747 4364
3863 3863 2813 2813 2813 3863 2813 3863 3863 3863 2813 2813 2747 3863 3863 4866 3863 3863 2813 3863
746 1986 4866 4364 3170 1986 4126 4961 746 4961 746 1986 4126 746 1986 4364 4866 4364 4364 4364
3970 2601 3970 4845 2601 4191 4845 2601 4866 4191 4845 2601 2601 4845 3758 2601 4961 1986 2813 3170
2601 3970 3758 2601 2601 3970 3970 4866 3970 4845 2601 4191 4845 2601 2601 4191 4845 2601 2601 4845
1131 1131 3622 4461 1131 1131 1131 2601 3970 1131 1131 2601 2601 3970 3970 2601 3970 1131 4845 2601
4845 3758 2601 4961 1986 4866 3170 4126 4126 4126 4961 4961 4961 4961 1986 4126 3758 1986 2747 4866
3863 829 3863 3863 2813 2813 3863 2813 3863 3863 2813 3863 829 1986 3863 2813 4364 3863 4364 829
3970 2813 4364 2813 1986 2813 4364 4364 3863 2813 2813 2747 4364 3863 2813 2813 2747 1986 2813 2747
4866 4364 4866 4364 4866 4364 4364 4866 4866 1986 4364 4866 2747 2747 4866 2747 4866 4866 1986 4866
3758 2601 2601 3970 4961 4866 3970 4845 2601 4191 4845 4866 2601 4191 4845 2601 4845 3758 2601 746
4866 3622 3170 4126 4961 2603 2603 1986 4961 4126 4126 4961 4961 3622 4461 3758 2601 3970 2601 2601
2813 3170 4126 4961 1986 746 4126 4961 1986 4364 4126 2813 746 746 2813 2747 2747 2747 2813 2747
2813 2813 3170 4126 4961 1970 2603 2603 1986 4961 4126 4126 4961 4961 4866 4191 3622 4461 1131 2601
254 3474 3474 3474 3474 3474 3474 254 3474 3474 3474 3474 3474 2603 2603 3622 4461 3758 2601 746
4961 1986 4126 3758 1986 3863 4866 3863 3863 3863 4866 3863 3863 4364 2813 3863 3863 2813 2813 2813
3863 1986 2813 3863 3863 3863 2813 2813 3863 3863 3863 2813 2813 3863 1986 2813 3863 2813 3863 2813
4461 3758 2601 4961 1986 4866 3170 3170 4126 4126 4961 4961 4961 4961 1986 4126 3758 1986 2747 4866
2813 3863 2813 1986 2813 3863 2813 3863 3863 2813 3863 2813 3863 2813 3863 2813 2813 3758 3863 2813
4461 3758 2601 746 1986 4866 3170 3170 4866 4126 4961 4961 746 746 2747 4126 3758 1986 2747 2813
4364 1986 4364 2813 4364 2813 2813 2813 2813 1986 2813 2813 3170 4126 4961 3622 2603 2603 3758 746
2813 1986 4866 4364 4364 4866 4364 2813 2813 2813 2747 2813 2813 2813 4866 3170 4126 746 1986 746
2813 4364 4364 2813 2813 3863 1986 2813 3863 3863 3863 2813 2813 3863 4364 3863 2813 3863 1986 2813
2715 2715 2603 2603 2603 2603 1970 1970 1970 1970 3622 254 254 254 3474 3474 254 254 3474 3474
2813 2813 4866 4364 1986 4364 4364 2813 2813 4364 4364 4364 2747 4866 2813 4364 1986 2813 2747 2813
2603 2603 2603 1970 254 254 254 254 254 3474 3474 3474 3474 3474 254 3474 3474 254 254 3474
3863 3863 1986 4866 3863 2813 3863 3863 2813 3863 2813 3863 4866 3863 3863 2747 2813 4866 1986 4364
4191 4845 4866 4126 4191 4845 4126 4845 3758 2601 3758 1986 4866 3170 2813 4866 4126 3758 3758 4961
254 254 254 254 254 3474 254 254 254 254 254 3474 3474 3474 254 2603 2603 3622 4461 3758
2813 4364 4364 4364 2813 4364 4364 4364 2813 4364 4364 2813 2813 2813 4364 1986 4364 4364 2813 2813
3863 3863 2813 3863 2813 1986 2813 3863 3863 2813 2813 3863 3863 3863 2813 2813 3863 3863 3758 2813
3170 4866 4126 746 746 746 746 1986 4126 3758 1986 4364 4866 4364 2747 1986 4866 2747 2747 2747
3863 2813 3863 2813 1986 2813 3863 2813 3863 3863 2813 3863 2813 3863 2813 3863 2813 2813 3758 3863
1970 3622 2715 2715 2715 2715 2603 2603 2603 2603 1970 1970 1970 1970 1970 254 254 3474 254 254
829 4548 829 4548 829 4548 829 4548 829 2138 2138 829 829 4548 4548 829 4548 829 829 829
3863 3863 3863 2813 3863 3863 2813 3863 1986 2813 2813 3863 3863 3863 2813 2813 3863 3863 3863 2813
2715 2603 2603 2603 2603 1970 1970 1970 1970 1970 254 254 3474 3474 254 254 254 3474 254 3474
2715 2715 2603 2603 2603 2603 1970 1970 1970 1970 3622 254 254 3474 3474 3474 3474 3474 254 3474
2601 2601 3970 3970 2601 3970 4845 4845 2601 4191 4845 2601 2601 4191 4845 2601 4845 3758 2601 4961
4364 1986 4364 4364 2813 2813 4364 2813 2813 1986 2813 2813 2813 2813 3170 4126 4961 1986 4961 4126
4961 3622 4461 1131 2601 3970 2601 2601 2601 3970 3970 4866 3970 4845 2601 4191 4845 4866 4126 4191
4866 2813 4126 3170 4126 4961 1970 2603 2603 1986 4961 4126 4126 4961 4961 3622 4461 1131 2601 3970
4364 2813 4866 4364 4866 2747 4364 3863 2813 4866 4364 4364 3863 3863 4866 4866 2747 3758 2813 4364
4364 2813 4364 4364 2813 4364 4364 2813 4364 4866 1986 4866 4866 4866 4866 4126 746 1970 1970 1970
2813 4364 4364 4364 2813 4364 4364 2813 2813 2813 4364 1986 4364 4364 2813 2813 2747 4364 4364 2813
4866 3863 4364 4364 4866 4364 3863 3863 2813 3863 3863 4866 2813 2747 4866 1986 2747 2747 2813 4866
3758 1131 1131 4126 4845 4845 2601 1970 1970 3758 4845 3758 2601 4961 1986 2813 3170 3170 4866 4126
4866 3970 4845 2601 4191 4845 2601 2601 4191 4191 2601 4845 3758 2601 4961 1986 4866 3170 2813 4866
254 254 3474 254 254 254 254 3474 254 254 254 254 254 254 254 254 2603 2603 3622 4461
2813 1986 4866 2813 2813 4866 4364 4364 4364 4364 4866 1986 2813 2813 4866 1986 4364 4364 3758 2813
1986 4866 3170 3170 4866 4126 4961 4961 4961 4961 1986 4126 3758 2747 2747 4866 2747 2747 2747 4866
3474 3474 254 254 254 3474 254 3474 254 254 254 3474 254 254 2603 2603 3622 4461 3758 2601
3863 1131 2813 1986 2813 2813 2813 2813 4126 3758 1131 1131 1131 1131 1131 1131 1131 1131 1131 1131
3863 2813 2813 3863 3863 3863 4866 4866 3863 3863 1986 2813 3863 2813 3863 3863 2813 2747 2813 2747
2813 4364 4364 4866 4866 4866 4364 1986 4364 4364 2813 4866 2747 2747 4364 2747 4866 2813 4364 1986
3863 1131 4126 3863 4364 1986 3758 4126 3863 3863 3758 1131 3758 2813 2813 3863 1986 3863 3863 2813
2813 2813 2813 4364 1986 4364 4364 2813 2813 4364 2813 1986 2813 2813 4866 4866 3170 4126 4961 1986
4961 4961 4961 1986 4126 3758 1986 4364 4866 3863 4364 4364 4866 3863 2747 2747 2813 2747 2747 2813
3170 3170 4126 4126 4961 4961 746 4961 1986 4126 3758 1986 2747 4866 2747 2747 2747 4866 2747 2747
3863 2813 3863 3863 2813 2813 3863 3863 2813 2813 3863 3863 3863 3863 4866 2813 3863 1986 3863 2813
3622 4461 3758 2601 4961 1986 4866 3170 3170 4126 4126 4961 746 4961 4961 1986 4126 3758 1986 2747
1131 1131 1131 1131 1131 1986 1986 2813 4126 2813 4961 4961 1970 1970 1131 1131 2603 2603 1131 1131
3170 4126 4961 1986 4961 4126 4126 4961 4961 3758 2601 4961 1986 4866 3170 4126 4126 4126 746 746
3863 2813 3863 3863 2813 3863 2813 3863 2813 3863 3863 2813 2813 2747 3863 2813 3863 3863 3863 2813
1970 1131 1131 2603 2603 1131 1131 1131 3622 1131 1131 1131 4461 3758 4126 4961 1986 2813 3170 3170
1131 2601 4845 1131 3758 2601 3758 1131 1131 4126 4845 4845 2601 1970 1970 4845 4845 3758 2601 4961
254 254 254 254 254 254 254 254 254 254 254 3474 3474 254 254 3474 2603 2603 1970 1970
2813 3863 1986 4364 4364 2813 2813 3863 4364 3863 2813 2813 3863 4364 1986 2813 3863 2813 4364 3863
4364 2813 1986 4364 2813 4364 4364 2813 4364 4364 2813 4364 4866 1986 4866 4866 4866 4866 4126 746
2603 1970 1970 1970 1970 1970 254 254 254 254 254 3474 3474 254 3474 254 254 3474 3474 3474
3170 3170 4126 4126 746 746 746 746 1986 4126 1986 1986 4364 2813 4364 4364 2747 2813 4364 4364
2813 3863 3863 2813 2813 3863 2813 3863 2813 3863 2813 3863 3863 4866 1986 3863 2813 3863 3863 2813
3758 4866 4364 4364 4364 2813 3863 1986 2747 4866 2813 4364 2813 4364 3863 4866 4866 1986 4126 3758
2601 4961 1986 4866 3170 3170 4126 4126 4961 4961 4961 4961 1986 4126 3758 1986 2747 4866 2747 2747
3863 3863 2813 2813 3863 3863 3758 2813 3863 3863 2813 2813 2813 3863 4866 3863 3863 3863 2813 2813
4364 4866 4364 4866 4364 4866 4364 4364 4364 4866 4866 4866 1986 4364 4866 4866 4866 4866 1986 4866
3863 3863 3863 3863 2813 1986 3863 2813 3863 3863 2813 3863 2813 3863 3863 2813 2813 3863 1986 3863
4461 3758 2601 746 1986 4866 3170 3170 4126 4126 746 746 746 746 1986 4126 3758 1986 4364 2813
2603 2603 2603 1970 1970 1970 1970 3622 254 254 3474 254 3474 3474 3474 254 254 3474 254 3474
2813 3863 3863 2813 2813 2813 3863 1986 3863 3863 2813 3863 2813 3863 3863 3863 2813 2813 2747 1986
4866 1986 4364 4866 4364 4364 4364 4866 4364 2813 4364 4364 2813 1986 4866 4866 4866 4866 4126 746
3474 254 2603 2603 3622 4461 3758 2601 4961 1986 4866 3170 3170 2601 4126 4961 4961 4961 4961 1986
2813 4364 4364 2813 2813 4364 2813 3863 4364 4364 2813 4364 2813 1986 4364 2813 4364 2813 2813 2813
2813 1986 4364 2813 2747 4364 2813 2813 2813 1986 2813 2813 2813 3170 4126 4961 3622 2603 2603 1986
4126 4961 3622 2603 2603 1986 4961 4126 4126 4961 4961 3622 4461 1131 2601 4961 3758 2601 2601 4961
3170 4126 4126 746 746 746 746 1986 4126 746 1986 2747 4866 2747 2747 2747 3758 4866 2747 2747
2813 3170 4126 4961 1986 4961 4126 4126 4961 4961 3758 2601 4961 1986 4866 3170 4126 4126 4126 746
2813 4866 3170 4126 746 1986 746 4126 4126 746 4961 3758 2601 4961 1986 4866 3170 3170 4866 4126
4126 4961 3622 2603 2603 1986 4961 4126 4126 4961 4961 3622 4461 1131 2601 4961 3758 2601 2601 4961
4364 4364 4866 4866 2813 4364 1986 4364 4364 2813 2813 4364 4364 4364 4866 4866 4364 2747 1986 2813
2715 2715 2603 2603 2603 2603 1970 254 254 3474 254 254 3474 3474 3474 254 254 254 3474 3474
1131 1131 4866 2813 1986 2813 2813 3170 4126 746 1970 1986 746 4866 4126 2813 746 746 1131 1970
4548 4548 829 4548 829 4548 829 4548 4548 829 829 4548 4548 4548 829 829 4548 4548 4548 829
4364 2813 2813 4364 1986 2813 3863 2813 3863 2813 4364 2813 2747 2813 2747 2813 2747 2747 2813 3758
1986 2813 2813 3170 4126 746 1970 1986 3758 2813 4126 2813 746 746 1131 1970 1131 1131 1131 1131
4364 4126 2813 1986 2813 2813 4126 4126 3170 4126 746 1986 746 4126 4126 746 746 2813 4961 1131
2813 4364 1986 4364 4364 2813 2813 4364 2813 2813 1986 2813 2813 4866 2813 3170 4126 4961 1986 746
2813 4364 2813 4364 4364 4364 2813 4364 2813 1986 4364 2813 4364 2813 2813 2813 2813 1986 2813 2813
2601 3970 3970 2601 3970 4845 2601 4191 4845 2601 4866 4191 4845 2601 2601 4845 3758 2601 4961 1986
1986 3863 3863 2813 2813 3863 3863 3863 2813 2813 3863 3863 1986 2813 3863 2813 3863 3863 2813 2813
254 254 254 254 254 254 254 254 254 254 254 254 254 3474 1970 1970 1970 1970 1970 1970
4961 1986 4126 3758 1986 3863 2813 3863 3863 3863 2813 3863 3863 3863 2813 3863 2747 2813 2813 3863
1986 2813 4364 4364 2813 2813 2813 2813 1986 4364 4364 3863 4364 2813 2813 2813 1986 2813 4364 2813
4961 4961 746 4961 1986 4126 3758 1986 2747 4866 2747 2747 2747 4866 2747 2747 2747 2813 2747 2747
2601 3970 4845 2601 4191 4845 4866 4126 4191 3758 2601 4845 3758 2601 4961 1986 4866 3170 4126 4126
1970 254 254 254 254 3474 254 254 3474 3474 3474 254 254 3474 3474 3474 254 2603 2603 3622
2813 2813 4364 2813 1986 3863 3863 4364 2813 2813 3863 3863 2747 4866 2813 2747 3758 2813 3863 2813
4191 4845 4126 4845 3758 2601 3758 1986 4866 3170 4126 4866 4126 3758 3758 4961 3758 1986 4126 3758
4364 4364 4866 4866 2813 4364 1986 4364 4364 2813 2813 4364 4364 4364 4866 4866 4364 2747 1986 2813
3863 3863 4364 2813 3863 3863 4364 2813 3863 3863 2813 2813 2813 2747 1986 2747 2747 2813 2813 2747
1131 2601 746 4845 2601 2601 4191 4191 2601 3970 4845 2601 4191 4845 2601 2601 4191 4845 2601 2601
3863 2813 3863 2813 3863 2813 3863 2813 3863 3863 2813 3863 3863 2813 1986 3863 2813 3863 3863 2813
2601 3970 3970 4866 3970 4845 2601 4191 4845 2601 2601 4191 4845 2601 4845 3758 2601 4961 3758 4866
3474 254 3474 254 3474 254 254 2603 2603 3622 4461 3758 2601 4961 1986 4866 3170 3170 4126 4126
4126 746 3758 2601 4845 3758 2601 746 1986 4866 3170 3170 4126 4126 4961 4961 4961 746 1986 4126
4866 2813 1986 4866 2813 3170 4126 4961 2603 2603 1986 4961 2813 4126 2813 4961 4961 3622 2813 4191
4866 2813 4364 1986 2813 4364 2813 4364 2813 4364 2813 4364 2813 4364 2813 4364 4364 2813 1986 4364
4126 746 746 4961 746 1986 4126 746 1986 4364 4866 4364 2747 4364 4866 2747 2747 2747 4866 2747
4126 746 2603 2603 1986 4961 4126 4126 4961 4961 2813 4961 3622 4461 3758 2601 3970 4191 2601 2601
3863 2813 3863 3863 3863 2813 4866 2747 3863 3863 2813 3863 3863 2813 3863 3863 2813 3863 2813 3758
2813 2813 2813 3863 1986 3863 3863 2813 2813 3863 3863 3863 4866 3863 2747 1986 2813 2747 2813 3863
1970 1970 1970 1970 254 254 3474 254 3474 254 254 254 254 3474 254 254 254 254 254 254
3863 3863 3863 3863 2813 2813 3863 3863 2813 3863 2813 3863 2813 3863 2813 3863 2813 3863 2813 3863
4364 2813 4364 1986 1986 4866 2813 4364 2813 4364 3863 2813 2813 1986 4126 4961 2747 3863 2813 2813
3758 1986 4126 3758 1986 3863 2813 3863 3863 3863 2813 3863 4364 3863 2813 3863 2747 2813 2813 2747
3863 2813 1986 3863 3863 3863 2813 2813 3863 3863 3863 2813 2813 2747 3758 4866 3863 2813 3863 2813
3863 2813 3863 3863 3863 2813 3863 3863 2813 2813 2813 3863 1986 3863 3863 2813 2813 3863 2813 2747
1970 1970 2715 2715 2715 2715 2603 2603 2603 2603 1970 1970 1970 1970 3622 254 254 254 254 3474
746 3758 2601 746 1986 4866 3170 3170 4126 4126 746 746 746 746 1986 4126 1986 1986 4364 4866
2813 2813 3863 3863 4364 2813 1986 4364 2813 3863 3863 2813 2813 2813 1986 2813 2813 2813 3170 4126
4126 1986 4866 4866 4866 4866 3170 4126 4961 1986 4961 4126 4126 4961 4961 3758 4126 4961 1986 2813
2813 3863 3863 2813 2813 1986 3863 2813 3863 3863 2813 3863 2813 3863 2813 2747 3863 2813 3863 2813
4126 746 4845 2601 4191 4845 4866 4866 4191 4845 1131 1131 4866 4866 4845 1131 1131 1131 1131 1131
1986 746 4126 4961 1986 4364 4126 2813 746 746 2813 3863 3863 3863 2813 2747 2747 2747 2813 4364
2603 2603 2603 2603 1970 1970 1970 1970 3622 254 254 3474 3474 254 254 3474 3474 3474 254 254
3863 3863 2813 3863 4364 2813 3863 1986 2813 2813 3863 3863 3863 2813 2813 3863 3863 3863 2813 4364
3863 3863 2813 2813 3863 1986 3863 2813 3863 2813 3863 2813 3863 2813 3863 2813 3863 3863 2813 2813
2747 4866 2813 4126 3170 4126 4961 1970 2603 2603 1986 4961 4126 4126 4961 4961 3622 4461 4845 2601
4364 4364 3863 4364 4866 2813 3863 1986 2813 3863 2813 3863 2813 3863 4866 3863 2813 2747 2813 4364
746 1986 4364 4866 4364 4364 4364 3758 2813 4364 4364 4364 2813 2747 4364 4866 4961 2813 2747 2813
1986 2813 3863 2813 3863 3863 2813 3863 2813 3863 2813 3863 2813 2813 3758 3863 2813 3863 3863 2813
3863 3863 1986 2813 3863 2813 3863 3863 2813 3863 2813 2813 3863 3863 3863 2813 2813 2813 4364 1986
4961 1986 4961 4126 4126 4961 4961 3758 2601 746 1986 4866 3170 4126 4866 4126 746 746 746 746
1970 1970 1970 1970 254 254 254 254 254 254 254 254 254 254 254 254 254 254 254 254
3863 2813 4364 4866 4364 2813 3863 3863 3863 2813 2813 1986 3863 2813 3863 2813 4866 4866 2813 3758
3863 3863 4866 3863 3863 3863 2813 3863 3863 2813 2813 3863 2813 2747 3863 3863 2813 2813 3863 3863
3170 4126 746 2603 2603 1986 4961 4126 4126 4961 4961 2813 4961 3622 4461 3758 2601 3970 4191 2601
2813 2813 3863 2747 2813 3863 2813 3863 2813 3863 2813 3863 2813 3863 2813 3863 3863 2813 3758 3863
2603 2603 2603 2603 1970 1970 1970 1970 3622 254 254 3474 3474 3474 254 254 3474 254 3474 254
4364 4364 4866 4866 4364 1986 4866 4364 4866 4364 4364 4866 4364 4866 2747 4866 2747 2747 2813 4866
1986 2813 2813 4866 2813 3170 4126 4961 1986 4961 4126 4126 4961 4961 3758 2601 4961 1986 2813 3170
3474 254 254 3474 3474 3474 3474 2603 2603 3622 4461 3758 2601 4961 1986 4866 3170 3170 4866 4126
3863 4364 2813 2747 4364 2813 4364 2813 1986 4866 4866 4866 2813 3758 2813 4126 4961 1970 1970 1970
1986 4866 4364 4866 4364 4866 4364 2813 4364 4866 4364 4364 2747 4866 4866 4866 1986 4364 4866 4866
4364 4364 2813 4364 4866 1986 4866 4866 4866 4866 4126 746 1970 1970 1970 1970 1970 1970 2603 2603
254 3474 3474 3474 3474 254 3474 254 3474 3474 3474 2603 2603 3622 4461 3758 2601 746 1986 2813
1986 4866 3170 3170 4866 4126 4961 4961 746 746 1986 4126 3758 1986 2747 4866 2747 2747 1986 4866
3758 1131 2601 3758 3758 3758 1131 3758 1131 3758 3758 2601 3758 1131 1131 1131 1131 1131 3758 1131
2813 4364 4364 4364 4866 4364 4364 4364 2813 4364 4364 2813 4866 2813 4364 1986 4364 4364 2813 2813
254 254 3474 3474 254 3474 254 2603 2603 3622 4461 3758 2601 4961 1986 4866 3170 3170 4866 4126
4364 2813 1986 4364 2813 4364 1986 4364 4364 4364 4364 2813 1986 2813 4866 2813 4126 4961 2603 2603
746 4126 4126 746 746 3758 2601 4961 1986 2813 3170 3170 4866 4126 746 4961 746 4961 1986 4126
4126 4961 1970 2603 2603 1986 4961 2813 4126 2813 4126 4961 4961 746 3758 4126 4961 1986 3622 4461
3863 3863 2813 4364 4866 3863 2813 3863 3863 3863 2813 2813 1986 3863 2813 3863 2813 4866 4866 2813
3863 2813 3863 3863 3863 2813 3863 3863 2813 3863 3863 2813 2813 3863 3863 2813 2813 3863 3863 3863
3474 3474 3474 254 3474 3474 3474 3474 254 2603 2603 3622 4461 3758 2601 4961 1986 2813 3170 3170
2813 2813 3170 4126 4961 1986 4961 1970 4126 4126 4961 4961 1131 1131 1131 1131 1131 1131 1131 1970
1986 746 4866 4126 4866 4866 746 4961 3758 3622 3622 4461 1131 2601 3970 4191 2601 2601 3970 3970
3863 4866 4364 4364 2813 4866 2813 1986 4866 2813 2813 3170 4126 4961 3622 2603 2603 3758 4961 4126
1986 4866 3170 3170 4126 4126 4961 4961 4961 4961 1986 4126 3758 1986 2747 4866 4364 2747 4364 4866
254 254 254 254 254 254 254 254 254 254 254 254 254 3474 1970 1970 1970 1970 1970 1970
4364 4866 4866 4866 1986 4364 4866 4866 4866 4866 1986 4866 4126 3622 3170 4126 746 1986 746 4866
3863 3863 3863 2813 3863 4364 3863 2813 3863 3863 2813 2813 3863 1986 2813 2813 2813 4364 2813 1986
2603 1970 1970 1970 1970 1970 254 254 254 254 3474 3474 3474 254 3474 3474 254 3474 254 254
3863 2813 2813 3863 3863 3863 2813 2813 3863 3863 3758 2813 3863 3863 2813 2813 2813 3863 2813 3863
1986 3758 2601 746 1986 4866 3170 3170 4126 4126 4961 746 4961 746 1986 4126 746 1986 4364 4866
3970 3970 4126 746 2601 3970 4845 2601 4191 4845 2601 2601 3970 4191 2601 4845 4845 3758 2601 746
1986 4961 4126 4126 4961 4961 3622 4461 1131 2601 3970 3758 2601 2601 3970 4961 4866 3970 4845 2601
4461 1131 2601 3970 3758 2601 2601 3970 3970 2601 3970 4845 2601 4191 4845 2601 2601 4191 4845 2601
3863 4866 3863 4364 4364 4866 4364 3863 3863 2813 3863 3863 4866 4866 2747 4866 1986 2747 2747 2813
2813 2813 1986 4364 4364 3758 2813 1986 2813 1131 1131 4364 4364 4364 4126 1986 4364 1131 1131 2813
2813 2813 1986 2813 2813 2813 3170 4126 4961 3622 1986 4961 4126 4126 4961 4961 3622 4461 1131 2601
746 1986 4866 3170 3170 4126 4126 746 3758 3758 746 1986 4126 1986 1986 4364 4866 2747 2747 4364
2601 2601 3970 3970 2601 3970 4845 2601 4191 4845 2601 2601 4191 4845 2601 4845 3758 2601 4961 1986
2813 2813 3170 4126 4961 4961 1986 4961 4126 2813 4961 4961 3622 1131 1970 1131 1131 1131 1131 1131
2813 2813 3170 4126 4961 1986 4961 4126 4126 4961 4961 3758 2601 4961 1986 2813 3170 2813 2813 4126
4364 4364 4866 4866 4866 4364 1986 4364 4364 4866 2813 4364 2813 2813 1986 4866 4866 4866 2813 3170
3474 3474 3474 3474 3474 3474 254 254 3474 3474 3474 254 2603 2603 3622 4461 3758 2601 4961 1986
2813 1986 2813 4364 2813 4364 4364 3863 4364 4364 2813 3863 3863 2813 2747 3758 4866 2747 4364 2813
1986 4866 4866 3170 4126 4961 2603 2603 1986 4961 2601 2601 4961 4961 3622 3622 4461 3758 2601 746
1970 1970 1970 1970 1970 254 254 254 254 254 254 254 254 254 3474 254 254 254 3474 3474
3863 3863 2813 3863 2813 3863 2813 3863 3863 2813 2813 2747 3863 2813 3863 3863 3863 2813 3863 3863
4364 3863 4364 4866 4866 3863 1986 2813 3863 2813 3863 2813 3863 4866 3863 2813 2747 2813 4364 4364
2747 3170 3758 2747 3863 2813 3863 3863 3863 2813 3863 3863 3863 2813 3863 3863 2813 2813 3863 2813
2813 4866 4126 3758 2601 4845 4845 2601 4191 4845 2601 2601 4845 2601 4845 3622 4461 4845 2601 4191
254 1131 3758 3758 1131 1131 2603 2603 3622 4461 1986 4126 4961 1986 2813 3170 3170 4126 4126 4961
1131 4126 2601 1131 1131 4191 1131 3758 2601 4961 1986 4866 3170 3170 4866 4126 4961 4961 4961 4961
3758 4961 746 746 2747 4126 3758 2747 3863 2813 3863 3863 3863 4866 3863 3863 3863 2813 3863 3863
254 254 3474 254 254 254 3474 254 254 254 254 254 3474 3474 3474 254 2603 2603 3622 4461
2715 2715 4866 2603 2603 4866 2603 2603 1970 1970 4866 4845 1970 1970 3622 254 254 254 254 254
3758 2813 4364 2747 4364 2813 4364 3863 4866 4961 2813 3863 2813 1986 2813 2747 2747 2747 2813 2813
4364 1986 4364 4364 4866 4866 2747 4364 2747 4866 4866 4364 2747 1986 4866 2747 4866 2747 2747 4866
4126 4961 4961 1131 1131 1131 1131 1131 1131 1131 1970 1131 1131 1970 1970 1970 1131 1131 1970 1970
2715 2603 2603 2603 2603 1970 1970 1970 1970 1970 254 254 3474 254 3474 3474 3474 3474 3474 3474
1131 1131 1970 1970 1131 1131 1131 1131 1970 1970 1131 1970 1131 3758 2601 4961 1986 2813 3170 3170
2813 2813 3170 4126 4961 1970 1986 4961 4126 4126 4961 4961 3622 4461 1131 2601 3970 4845 2601 2601
4126 4961 1986 746 4126 4126 4961 4961 3758 4126 4961 1986 2813 3170 3170 4126 4126 4961 4961 746
2813 3863 2813 3863 3863 2813 2813 3863 2747 3863 2813 3863 3863 829 3863 3863 829 3863 2813 829
4961 1986 4866 3170 3170 4866 4126 4961 4961 4961 4961 1986 4126 3758 1986 2747 4866 2747 2747 4364
1131 1131 1131 4461 3758 4126 746 1986 2813 3170 3170 4126 4126 4961 746 4961 4961 1131 1986 1131
1131 1131 1131 1131 3758 3758 1131 1131 1131 1131 1131 1131 1131 1131 1131 1131 1131 1970 1970 1131
3863 2813 4364 3863 4866 4364 3863 2813 3863 2813 1986 4866 2813 4866 4866 4126 4961 2603 2603 1970
1986 4364 4364 2813 2813 4364 4364 4364 2813 2813 4364 2813 4364 1986 4364 2813 4364 4364 2813 2813
2813 3863 3863 3863 2813 3863 3863 3863 2813 3863 3863 2813 2813 3863 2813 1986 3863 3863 2813 2813
1986 4866 4364 4866 4364 4866 4364 2813 4364 4866 4364 4364 2747 4866 4866 4866 1986 4364 4866 4866
4961 1986 4866 3170 4126 4126 4126 4961 4961 4961 4961 1986 4126 3758 1986 2747 4866 2747 2747 4364
4364 4364 2813 4364 4866 1986 4866 4866 4866 4866 4126 746 1970 1970 1970 1970 1970 1970 2603 2603
3970 1131 2601 2601 3970 3970 4866 3970 4845 2601 4191 4845 4866 4126 4191 4845 4866 4845 3758 2601
3474 3474 3474 3474 254 3474 3474 3474 3474 254 2603 2603 3622 4461 3758 2601 4961 1986 4866 3170
3622 4461 1131 2601 3970 2601 2601 2601 3970 3758 4866 3970 4845 2601 4191 4845 2601 2601 4191 4191
254 254 3474 3474 254 254 3474 2603 2603 1970 1970 1970 1970 1970 1970 1970 2603 2603 3622 3622
3863 3863 2813 2813 3863 2747 2813 3863 2813 3863 2813 3863 2813 3863 2813 3863 2813 3863 3863 2813
3170 4126 4126 4961 4961 4961 4961 2747 4126 3758 2747 4364 4866 4364 4364 3863 4866 4364 4364 4364
2813 4364 1986 4364 4364 2813 2813 4364 4364 4364 2813 2813 4364 2813 4364 1986 2747 2813 4364 4364
3863 3863 3863 2813 2813 3863 3863 2813 3863 2813 3863 3863 3863 2813 2813 3863 2813 3863 3863 2813
3970 3970 2601 3970 2601 3970 4845 2601 4191 4845 2601 2601 4191 4845 2601 4845 3758 2601 4961 1986
1986 2813 4364 2813 4364 2813 4364 2813 4364 2813 4364 4364 2813 4364 2813 1986 2747 2813 4364 4364
3622 4461 3758 4126 4961 1986 2813 3170 3170 4126 4126 4961 4961 746 4961 1986 4126 746 1986 2747
4548 829 829 4548 4548 4548 829 4548 829 4548 829 4548 829 4548 829 4548 4548 4548 829 829
3474 3474 254 3474 3474 3474 3474 254 2603 2603 3622 4461 3758 2601 4961 1986 2813 3170 3170 4126
4126 3758 1986 4364 2813 4364 4364 4364 2813 4364 4364 4364 2813 4364 4364 2813 2813 2813 4364 1986
