731 652 39 1826 1998 767 1998 731 53 33 703 398 53 33 703 731 700 1998 1398 1998
652 33 1826 1998 767 1998 731 53 33 1826 398 53 39 703 731 700 1998 1398 1998 1814
33 39 700 731 652 33 1826 398 53 33 1826 1047 767 1998 700 1998 1943 53 33 703
53 33 1826 1047 767 1998 1943 53 39 1826 1047 700 1998 767 1998 1943 53 39 1826 1047
398 652 33 703 398 53 33 1826 1047 767 1998 1943 53 33 1826 1047 767 1998 1943 53
721 1826 1998 1398 1998 1814 1814 1398 1998 1943 53 33 700 731 652 33 1826 398 53 33
53 39 703 1047 1943 53 33 1826 1998 767 1998 731 53 721 703 398 33 33 703 731
700 1998 1398 1998 700 1998 1814 1814 1398 1998 1943 53 721 700 731 652 33 703 398 53
1078 1814 1814 700 1078 39 1208 1208 700 39 652 1208 703 39 1509 1208 1826 1047 767 1078
1047 767 1998 1943 53 33 1826 1047 767 1998 1943 652 33 1826 1047 700 1998 1943 652 33
1398 1998 700 1998 1814 1814 1398 1998 700 1998 700 1998 1814 1814 700 1998 700 1998 1943 33
1826 1047 767 1998 1943 53 721 1826 767 1466 1466 1943 652 39 1826 1047 700 1998 767 1998
652 39 1826 1998 767 1998 731 53 33 1826 398 33 33 703 731 700 1998 1398 1998 1943
1943 652 39 1826 1998 767 1998 731 53 33 1826 398 33 33 703 731 700 1998 1398 1998
1826 1047 767 1998 1943 53 33 1826 1047 767 1998 1943 652 33 1826 1047 700 1998 767 1998
398 53 33 1826 1047 767 1998 700 1998 1943 53 33 1826 731 1943 652 33 1826 1466 1814
700 1078 39 1509 1208 700 39 652 1208 1826 39 1509 1208 1826 1047 767 1078 700 1078 39
39 1826 1998 767 1998 731 53 33 703 398 53 33 703 731 700 1998 1398 1998 700 1998
721 398 53 33 1826 1047 767 1998 1943 53 721 1826 767 1466 1466 1943 652 39 1826 1047
1943 53 33 700 731 652 33 1826 398 53 33 1826 1047 767 1998 700 1998 1943 53 33
1826 1047 767 1998 1943 53 33 1826 1047 767 1998 1943 53 39 1826 1047 700 1998 767 1998
767 1047 1826 1998 731 652 39 1826 1998 767 1998 731 53 33 703 398 53 33 703 731
1826 1998 731 652 39 1826 1998 767 1998 731 53 33 703 398 53 33 703 731 700 1998
1814 1814 1398 1998 1943 53 33 700 731 652 33 703 398 53 33 1826 1047 767 1998 700
731 700 1998 1398 1998 1943 53 33 700 731 652 33 1826 398 53 33 1826 1047 767 1998
1466 1943 652 33 1826 1998 1398 1998 1943 652 33 700 1998 398 652 33 703 398 53 33
1943 33 700 1047 767 1998 700 398 1943 33 39 1826 731 700 1466 1943 652 33 1826 1998
1998 1943 53 39 1826 703 1998 1466 767 1998 1943 53 39 703 1047 1943 53 33 1826 1998
53 33 1826 1047 767 1998 1943 53 33 1826 1047 767 1998 1943 652 33 1826 1047 700 1998
33 703 398 33 33 703 731 700 1998 1398 1998 1814 1814 700 1998 700 1998 1943 53 721
39 1509 1208 700 39 652 1208 703 39 1509 1208 1826 1047 767 1078 700 1078 39 1509 1208
1078 39 1208 1208 700 39 652 1208 1826 39 1509 1208 1826 1047 767 1078 700 1078 39 1509
1814 1814 700 1998 1943 33 39 1826 731 700 1998 1398 1998 1943 53 33 700 731 652 33
39 1208 1208 700 39 652 1208 703 39 1509 1208 1826 1047 767 1078 700 1078 39 1509 1208
1814 700 1998 700 1998 1943 53 721 700 731 652 33 1826 398 53 33 1826 1047 767 1998
1208 1826 1047 767 1078 700 1078 39 1509 1208 1826 1047 39 652 1208 700 1078 1814 1814 39
33 703 731 700 1998 1398 1998 700 1998 1814 1814 1398 1998 1943 53 721 700 731 652 33
53 33 1826 1047 767 1998 1943 53 39 1826 1047 700 1998 767 1998 1943 53 39 1826 1047
53 33 703 731 700 1998 1398 1998 700 1998 1814 1814 1398 1998 1943 53 721 700 731 652
1998 1398 1998 1814 1814 1398 1998 1943 53 33 700 731 652 33 1826 398 53 33 1826 1047
398 33 33 703 731 700 1998 1398 1998 1943 652 33 1826 1998 1398 1998 1814 1814 1398 1998
53 33 700 731 652 33 703 398 53 33 1826 1047 767 1998 700 1998 1943 53 33 703
33 700 731 652 33 1826 398 53 33 1826 1047 767 1998 700 1998 1943 53 721 1826 731
1998 767 1998 1943 652 33 703 1047 1943 652 39 1826 1998 767 1998 731 53 33 1826 398
53 33 703 398 53 33 703 731 700 1998 1398 1998 700 1998 1814 1814 1398 1998 1943 53
1078 1814 1814 700 1078 39 1509 1208 700 39 652 1208 1826 39 1509 1208 1826 1047 767 1078
700 731 652 33 703 398 53 33 1826 1047 767 1998 700 1998 1943 53 33 703 731 1814
53 33 1826 398 33 33 703 731 700 1998 1398 1998 1943 652 33 1826 1998 1398 1998 1814
1826 767 1466 1466 1943 652 39 1826 1047 700 1998 767 1998 1943 652 33 1826 1047 1943 652
700 1998 1398 1943 1814 1814 700 1998 700 1998 1943 53 721 700 731 652 33 1826 398 53
1078 39 1509 1208 700 39 652 1208 703 39 1509 1208 1826 1047 767 1078 700 39 39 1509
39 652 1208 703 39 1509 1208 1826 1047 767 1078 700 1078 39 1509 1509 1826 39 1814 1814
1998 767 1998 1943 652 33 703 1047 1943 652 39 1826 1998 767 1998 731 53 33 1826 398
767 1998 1943 53 33 1826 1047 767 1998 1943 53 39 1826 1047 700 1998 767 1998 1943 53
39 652 1208 703 39 1509 1208 1826 1047 767 1078 700 1078 39 1509 1208 1826 1047 39 652
1998 1814 1814 1398 1998 700 1998 700 1998 1814 1814 767 1998 700 1998 1943 33 39 700 731
1943 33 700 1047 767 1998 700 398 1943 33 39 1826 731 700 1466 1943 652 33 1826 1998
731 700 1998 1398 1998 1814 1814 700 1998 1398 1998 1943 33 39 700 731 652 33 1826 398
1398 1998 1943 53 721 700 731 652 33 703 398 53 33 1826 1047 767 1998 700 1998 1943
33 1826 398 53 33 1826 1047 767 1998 1943 53 33 1826 1047 767 1998 1943 652 33 1826
700 1078 39 1509 1208 700 39 652 1208 703 39 1509 1208 1826 1047 767 1078 700 1078 39
700 39 652 1208 1826 39 1509 1208 1826 1047 767 1078 700 1078 39 1509 1208 1826 39 1814
700 39 652 1208 703 39 1509 1208 1826 1047 767 1078 700 1078 39 1509 1208 1826 1047 39
1398 1998 700 1998 700 1998 1814 1814 767 1998 700 1998 1943 33 39 700 731 652 33 703
731 652 39 1826 1998 767 1998 731 53 33 703 398 53 33 703 731 700 1998 1398 1998
700 1998 1814 1814 1398 1998 1943 53 721 700 731 652 33 703 398 53 33 1826 1047 767
731 652 33 1826 398 53 33 1826 1047 767 1998 1943 53 33 1826 1047 767 1998 1943 652
652 33 703 398 53 33 1826 1047 767 1998 700 1998 1943 53 33 703 731 1814 1814 1943
1943 652 33 1826 1998 767 1998 731 53 33 703 398 33 33 703 731 700 1998 1398 1998
33 39 700 731 652 33 1826 398 53 33 1826 1047 767 1998 1943 53 33 1826 1047 767
1814 1398 1998 1943 53 33 700 731 652 33 703 398 53 33 1826 1047 767 1998 700 1998
53 39 700 731 652 33 1826 398 53 721 1826 1047 767 1998 1943 53 33 1826 1047 767
1814 1814 700 1078 39 1509 1208 700 39 652 1208 703 39 1509 1208 1826 1047 767 1078 700
33 1826 1998 1398 1998 1943 652 33 700 1998 398 652 33 703 398 53 33 1826 1047 767
1047 767 1998 1943 53 33 1826 1047 767 1998 1943 53 39 1826 703 1998 1466 767 1998 1943
1466 1943 652 33 1826 1998 1398 1998 1943 652 33 700 1998 398 652 33 703 398 53 33
731 700 1998 1398 1998 1814 1814 700 1998 1398 1998 1943 53 721 700 731 652 33 1826 398
767 1998 731 53 33 703 398 33 33 703 731 700 1998 1398 1998 1814 1814 700 1998 700
33 703 398 33 33 703 731 700 1998 1398 1998 1814 1814 700 1998 700 1998 1943 53 721
33 1826 1047 767 1998 1943 53 33 1826 1047 767 1998 1943 53 39 1826 1047 700 1998 767
731 700 1466 1943 652 33 1826 1998 1398 1998 1943 652 33 700 1998 398 652 33 703 398
53 39 700 731 652 33 1826 398 53 721 1826 1047 767 1998 1943 53 33 1826 1047 767
1814 1814 1398 1998 1943 652 721 1826 1998 1398 1998 1814 1814 1398 1998 1943 53 33 700 731
700 731 652 33 703 398 53 33 1826 1047 767 1998 1943 53 33 1826 1047 767 1998 1943
1826 1047 1943 652 33 1826 1998 767 1998 731 53 33 1826 398 53 39 703 731 700 1998
767 1998 731 53 721 703 398 33 33 703 731 700 1998 1398 1943 1814 1814 700 1998 700
1814 700 1078 39 1509 1208 700 39 652 1208 1826 39 1509 1208 1826 1047 767 1078 700 1078
1814 700 1078 39 1208 1208 700 39 652 1208 703 39 1509 1208 1826 1047 767 1078 700 1078
731 700 1998 1398 1998 700 1998 1814 1814 1398 1998 1943 53 721 700 731 652 33 703 398
703 398 53 33 1826 1047 767 1998 700 1998 1943 53 33 703 731 1814 1814 1943 652 33
1814 700 1998 700 1998 1943 53 721 700 731 652 33 1826 398 53 33 1826 1047 767 1998
1826 731 700 1466 1943 652 33 1826 1998 1398 1998 1943 652 33 700 1998 398 652 33 703
700 1998 1398 1998 1943 652 33 1826 1998 1398 1998 1814 1814 1398 1998 1943 53 33 700 731
1047 700 1998 767 1998 1943 652 33 1826 1047 1943 652 33 1826 1998 767 1998 731 53 33
700 1998 1398 1998 700 1998 1814 1814 1398 1998 700 1998 700 1998 1814 1814 700 1998 700 1998
700 1078 700 1078 39 1208 1208 700 39 652 1208 703 39 1509 1208 1826 1047 767 1078 700
398 652 33 703 398 53 33 1826 1047 767 1998 1943 53 33 1826 1047 767 1998 1943 53
1998 767 1998 1943 652 33 703 1047 1943 652 39 1826 1998 767 1998 731 53 33 1826 398
1943 53 39 1826 703 1998 1466 767 1998 1943 53 39 703 1047 1943 53 33 1826 1998 767
398 53 33 1826 1047 767 1998 700 1998 1943 53 33 703 731 1814 1814 1943 652 33 1826
721 700 731 652 33 703 398 53 33 1826 1047 767 1998 700 1998 1943 53 33 1826 731
1998 1398 1998 1814 1814 1398 1998 1943 53 33 700 731 652 33 1826 398 53 33 1826 1047
1998 1943 53 721 700 731 652 33 1826 398 53 33 1826 1047 767 1998 700 1998 1943 53
1998 1943 53 33 700 731 652 33 1826 398 53 33 1826 1047 767 1998 1943 53 33 1826
1943 652 33 1826 1047 700 1998 1943 652 33 767 1047 1826 1998 731 652 39 1826 1998 767
652 33 1826 1998 767 1998 731 53 33 1826 398 53 39 703 731 700 1998 1398 1998 1814
652 33 1826 398 53 33 1826 1047 767 1998 1943 53 33 1826 1047 767 1998 1943 652 33
1078 39 1208 1208 700 39 652 1208 703 39 1509 1208 1826 1047 767 1078 700 1078 39 1509
1943 53 721 1826 767 1466 1466 1943 652 39 1826 1047 700 1998 767 1998 1943 652 33 1826
1943 53 33 1826 1047 767 1998 1943 53 39 1826 703 1998 1466 767 1998 1943 53 39 703
1047 767 1998 1943 53 721 1826 767 1466 1466 1943 652 39 1826 1047 700 1998 767 1998 1943
652 33 1826 398 53 33 1826 1047 767 1998 700 1998 1943 53 33 1826 731 1943 652 33
1208 1208 700 39 652 1208 1826 39 1509 1208 1826 1047 767 1078 700 1078 39 1509 1208 1826
1943 53 33 1826 1047 767 1998 1943 652 39 39 703 1943 1943 767 1998 1943 53 39 703
703 731 700 1998 1398 1998 1943 652 33 1826 1998 1398 1998 1814 1814 1398 1998 1943 53 33
1826 731 700 1466 1943 652 33 1826 1998 1398 1998 1943 652 33 700 1998 398 652 33 703
1943 652 39 39 703 1943 1943 767 1998 1943 53 39 703 1047 1943 652 33 1826 1943 767
767 1998 1943 53 33 1826 1047 767 1998 1943 652 33 1826 1047 700 1998 1943 652 33 767
1943 33 39 700 731 652 33 700 398 53 33 1826 1047 767 1998 1943 53 33 1826 1047
700 1998 1814 1814 1398 1998 1943 53 721 700 731 652 33 703 398 53 33 1826 1047 767
1998 1398 1998 1943 652 33 700 1998 398 652 33 703 398 53 33 1826 1047 767 1998 1943
700 1078 39 1208 1208 700 39 652 1208 703 39 1509 1208 1826 1047 767 1078 700 1078 39
652 33 1826 398 53 33 1826 1047 767 1998 700 1998 1943 53 33 703 731 1814 1814 1466
53 33 1826 1047 767 1998 1943 53 33 1826 1047 767 1998 1943 53 39 1826 703 1998 1466
1398 1998 1943 33 39 700 731 652 33 703 398 53 33 1826 1047 767 1998 700 1998 1943
1047 767 1998 700 1998 1943 53 33 1826 731 1943 652 33 1826 1466 1814 1814 1943 652 33
1078 700 1078 39 1208 1208 700 39 652 1208 703 39 1509 1208 1826 1047 767 1078 700 1078
53 39 703 731 700 1998 1398 1998 1814 1814 700 1998 700 1998 1943 33 39 700 731 652
767 1466 1466 1943 652 39 1826 1047 700 1998 767 1998 1943 652 33 1826 1047 1943 652 33
1826 1998 767 1998 731 53 33 1826 398 53 39 703 731 700 1998 1398 1998 1814 1814 700
39 1826 1047 700 1998 767 1998 1943 652 33 703 1047 1943 652 39 1826 1998 767 1998 731
33 1826 1047 767 1998 1943 652 33 1826 1047 700 1998 767 1998 1943 53 39 1826 1047 1943
700 1998 1398 1998 700 1998 1814 1814 1398 1998 1943 53 721 700 731 652 33 703 398 53
53 33 1826 1047 767 1998 1943 53 33 1826 1047 767 1998 1943 652 33 1826 1047 700 1998
1943 652 33 1826 1047 700 1998 1943 652 33 767 1047 1826 1998 731 652 39 1826 1998 767
33 1826 398 53 33 1826 1047 767 1998 1943 53 33 1826 1047 767 1998 1943 652 33 1826
700 1998 1398 1998 1943 53 33 700 731 652 33 1826 398 53 33 1826 1047 767 1998 1943
1814 1814 1398 1998 1943 53 33 700 731 652 33 703 398 53 33 1826 1047 767 1998 700
731 53 721 1826 398 33 39 703 731 700 1998 1398 1998 700 1998 1814 1814 1398 1998 1943
1826 1047 700 1998 767 1998 1943 652 33 1826 1047 1943 652 33 1826 1998 767 1998 731 53
39 700 731 652 33 1826 398 53 33 1826 1047 767 1998 700 1998 1943 53 33 703 731
700 1078 39 1208 1208 700 39 652 1208 703 39 1509 1208 1826 1047 767 1078 700 1078 39
1998 1943 652 33 1826 1998 1398 1998 1814 1814 1398 1998 1943 53 33 700 731 652 33 703
1998 1398 1998 1943 652 33 1826 1998 1398 1998 1814 1814 1398 1998 1943 53 33 700 731 652
1998 1398 1998 700 1998 1814 1814 1398 1998 700 1998 700 1998 1814 1814 700 1998 700 1998 1943
1998 1466 767 1998 1943 53 39 703 1047 1943 53 33 1826 1998 767 1998 731 53 721 703
33 39 700 731 652 33 1826 398 53 33 1826 1047 767 1998 700 1998 1943 53 33 703
1826 1998 767 1998 731 53 33 703 398 33 33 703 731 700 1998 1398 1998 1814 1814 700
1826 1047 700 1998 767 1998 1943 652 33 1826 1047 1943 652 33 1826 1998 767 1998 731 53
1998 1398 1998 1943 652 33 700 1998 398 652 33 703 398 53 33 1826 1047 767 1998 1943
700 1998 767 1998 1943 652 33 1826 1047 1943 652 33 1826 1998 767 1998 731 53 33 703
1943 53 33 700 731 652 33 703 398 53 33 1826 1047 767 1998 700 1998 1943 53 721
700 39 652 1208 1826 39 1509 1208 1826 1047 767 1078 700 1078 39 1509 1208 1826 39 39
1047 1943 652 721 1826 1998 767 1998 731 53 33 1826 398 33 39 703 731 700 1998 1398
39 1826 1047 700 1998 767 1998 1943 53 39 1826 1047 1943 652 33 1826 1998 767 1998 731
39 1826 1998 767 1998 731 53 33 703 398 53 33 703 731 700 1998 1398 1998 700 1998
1398 1998 1943 53 721 700 731 652 33 703 398 53 33 1826 1047 767 1998 700 1998 1943
33 39 1826 731 700 1998 1398 1998 1943 53 33 700 731 652 33 1826 398 53 33 1826
1208 1208 700 39 652 1208 1826 39 1509 1208 1826 1047 767 1078 700 1078 39 1509 1208 1826
1208 700 39 652 1208 1826 1078 1509 1208 1826 1047 767 1078 700 1078 39 1509 1208 1826 39
398 33 33 703 731 700 1998 1398 1998 1943 652 33 1826 1998 1398 1998 1814 1814 1398 1998
700 1047 767 1998 700 398 1943 33 39 1826 731 700 1466 1943 652 33 1826 1998 1398 1998
1398 1078 39 652 1208 1826 1078 700 1078 700 1078 39 1509 1208 700 39 1208 1208 703 39
700 1998 1814 1814 1398 1998 1943 53 721 700 731 652 33 703 398 53 33 1826 1047 767
1998 1398 1998 700 1998 1814 1814 1398 1998 1943 53 33 700 731 652 33 703 398 53 33
721 1826 398 33 39 703 731 700 1998 1398 1998 700 1998 1814 1814 1398 1998 1943 53 721
1943 53 721 700 731 652 33 703 398 53 33 1826 1047 767 1998 700 1998 1943 53 33
1998 1398 1998 1943 652 33 1826 1998 1398 1998 1814 1814 1398 1998 1943 53 33 700 731 652
1943 652 39 39 703 1943 1943 767 1998 1943 53 39 703 1047 1943 652 33 1826 1943 767
731 700 1998 1398 1998 1814 1814 700 1998 1398 1998 1943 33 39 700 731 652 33 1826 398
1398 398 1814 1814 700 1998 700 1998 1943 53 721 700 731 652 33 1826 398 53 33 1826
1078 1814 1814 700 1078 39 1208 1208 700 39 652 1208 703 39 1509 1208 1826 1047 767 1078
33 1826 1047 767 1998 1943 53 33 1826 1047 767 1998 1943 53 39 1826 1047 700 1998 767
731 652 33 1826 398 53 33 1826 1047 767 1998 700 1998 1943 53 33 1826 731 1943 652
1943 33 39 700 731 652 33 700 398 53 33 1826 1047 767 1998 1943 53 33 1826 1047
767 1998 1943 53 39 1826 1047 700 1998 767 1998 1943 53 39 1826 1047 1943 652 33 1826
1398 1998 1943 53 33 700 731 652 33 1826 398 53 33 1826 1047 767 1998 700 1998 1943
1398 1998 1943 53 33 700 731 652 33 703 398 53 33 1826 1047 767 1998 700 1998 1943
39 1509 1208 700 39 652 1208 703 39 1509 1208 1826 1047 767 1078 700 1078 39 1509 1208
1998 1943 53 33 1826 1047 767 1998 1943 652 33 1826 1047 700 1998 767 1998 1943 53 39
1998 731 53 33 703 398 53 33 703 731 700 1998 1398 1998 700 1998 1814 1814 1398 1998
1208 700 39 652 1208 1826 39 1509 1208 1826 1047 767 1078 700 1078 39 1509 1509 1826 39
731 700 1998 1398 1998 700 1998 1814 1814 1398 1998 1943 53 721 700 731 652 33 703 398
1047 700 1998 767 1998 1943 652 33 1826 1047 1943 652 33 1826 1998 767 1998 731 53 33
1998 1943 33 39 1826 731 700 1998 1398 1998 1943 53 33 700 731 652 33 1826 398 53
398 33 39 703 731 700 1998 1398 1998 700 1998 1814 1814 1398 1998 1943 53 33 700 731
1047 767 1998 1943 53 721 1826 767 1466 1466 1943 652 39 1826 1047 700 1998 767 1998 1943
39 39 703 1943 1943 767 1998 1943 53 39 703 1047 1943 652 33 1826 1943 767 1998 731
652 721 1826 1998 1398 1998 1814 1814 1398 1998 1943 53 33 700 731 652 33 1826 398 53
652 33 1826 1998 1398 1998 1814 1814 1398 1998 1943 53 33 700 731 652 33 703 398 53
721 1826 1047 767 1998 1943 53 33 1826 1047 767 1998 1943 652 39 39 703 1943 1943 767
53 39 1826 1047 700 1998 767 1998 1943 53 39 1826 1047 1943 652 33 1826 1998 767 1998
1509 1208 700 39 652 1208 703 39 1509 1208 1826 1047 767 1078 700 1078 39 1509 1208 1826
700 1078 700 1078 39 1509 1208 700 39 652 1208 1826 39 1509 1208 1826 1047 767 1078 700
398 33 39 703 731 700 1998 1398 1998 700 1998 1814 1814 1398 1998 1943 53 721 700 731
1943 652 33 1826 1047 700 1998 1943 652 33 767 1047 1826 1998 731 652 39 1826 1998 767
1943 1943 53 39 700 731 652 33 1826 398 53 721 1826 1047 767 1998 1943 53 33 1826
1998 1943 652 33 703 1047 1943 652 39 1826 1998 767 1998 731 53 33 1826 398 33 33
703 731 700 1998 1398 1998 700 1998 1814 1814 1398 1998 1943 53 721 700 731 652 33 703
700 731 652 33 703 398 53 33 1826 1047 767 1998 700 1998 1943 53 33 703 731 1814
398 53 721 1826 1047 767 1998 1943 53 33 1826 1047 767 1998 1943 652 39 1826 1047 700
53 721 700 731 652 33 703 398 53 33 1826 1047 767 1998 700 1998 1943 53 33 1826
1998 731 53 721 703 398 33 33 703 731 700 1998 1398 1943 1814 1814 700 1998 700 1998
1943 721 1826 398 53 721 1826 1047 767 1998 1943 53 33 1826 1047 767 1998 1943 652 39
767 1998 1943 53 33 1826 1047 767 1998 1943 652 39 1826 1047 700 1998 767 1998 1943 652
767 1998 1943 53 33 1826 1047 767 1998 1943 53 39 1826 1047 700 1998 767 1998 1943 53
1943 53 39 700 731 652 33 1826 398 53 721 1826 1047 767 1998 1943 53 33 1826 1047
398 53 33 1826 1047 767 1998 700 1998 1943 53 33 703 731 1814 1814 1943 652 33 1826
1078 1814 1814 700 1078 39 1208 1208 700 39 652 1208 703 39 1509 1208 1826 1047 767 1078
53 33 1826 1047 767 1998 700 1998 1943 53 33 1826 731 1943 652 33 1826 1466 1814 1814
1998 1398 1998 1943 33 39 700 731 652 33 1826 398 53 33 1826 1047 767 1998 700 1998
39 700 731 652 33 1826 398 53 33 1826 1047 767 1998 1943 53 33 1826 1047 767 1998
700 731 652 33 1826 398 53 33 1826 1047 767 1998 1943 53 33 1826 1047 767 1998 1943
39 1826 731 700 1998 1398 1998 1943 53 33 700 731 652 33 1826 398 53 33 1826 1047
33 39 700 731 652 33 1826 398 53 33 1826 1047 767 1998 700 1998 1943 53 33 703
1047 1943 652 33 1826 1998 767 1998 731 53 33 703 398 33 33 703 731 700 1998 1398
33 1826 1943 767 1998 731 53 721 1826 398 33 39 703 731 700 1998 1398 1998 700 1998
1826 1998 767 1998 731 53 33 1826 398 53 39 703 731 700 1998 1398 1998 1814 1814 700
1826 398 53 721 1826 1047 767 1998 1943 53 33 1826 1047 767 1998 1943 652 39 39 703
700 1078 39 1509 1208 700 39 652 1208 703 39 1509 1208 1826 1047 767 1078 700 1078 39
700 1998 1814 1814 767 1998 700 1998 1943 33 39 700 731 652 33 703 398 53 33 1826
39 703 1943 1943 767 1998 1943 53 39 703 1047 1943 652 33 1826 1943 767 1998 731 53
1078 39 1509 1208 700 39 652 1208 703 39 1509 1208 1826 1047 767 1078 700 1078 39 1509
33 33 703 731 700 1998 1398 1998 1814 1814 700 1998 700 1998 1943 53 721 700 731 652
33 703 398 53 33 1826 1047 767 1998 1943 53 33 1826 1047 767 1998 1943 53 39 1826
33 1826 1047 767 1998 700 1998 1943 53 33 703 731 1814 1814 1943 652 33 1826 1466 1814
652 33 1826 1998 1398 1998 1814 1814 1398 1998 1943 53 33 700 731 652 33 703 398 53
1998 700 1998 1943 53 33 1826 731 1943 652 33 1826 1466 1814 1814 1943 652 33 1826 1466
1998 767 1998 731 53 33 1826 398 53 39 703 731 700 1998 1398 1998 1814 1814 700 1998
1509 1208 700 39 652 1208 703 39 1509 1208 1826 1047 767 1078 700 1078 39 1509 1208 1826
1398 1998 1814 1814 1398 1998 1943 53 33 700 731 652 33 703 398 53 33 1826 1047 767
700 1998 1398 1998 1943 33 39 700 731 652 33 1826 398 53 33 1826 1047 767 1998 700
731 700 1998 1398 1998 700 1998 1814 1814 1398 1998 700 1998 700 1998 1814 1814 767 1998 700
700 1998 1398 1998 1943 652 33 1826 1998 1398 1998 1814 1814 1398 1998 1943 53 33 700 731
1826 398 53 721 1826 1047 767 1998 1943 53 33 1826 1047 767 1998 1943 652 39 39 703
700 731 652 33 1826 398 53 33 1826 1047 767 1998 1943 53 33 1826 1047 767 1998 1943
1998 1943 33 39 700 731 652 33 1826 398 53 33 1826 1047 767 1998 700 1998 1943 53
1398 1998 700 1998 1814 1814 1398 1998 1943 53 721 700 731 652 33 703 398 53 33 1826
767 1998 1943 53 39 1826 703 1998 1466 767 1998 1943 53 39 703 1047 1943 53 33 1826
1998 731 53 33 1826 398 33 33 703 731 700 1998 1398 1998 1943 652 33 1826 1998 1398
33 1826 1998 767 1998 731 53 721 703 398 33 33 703 731 700 1998 1398 1943 1814 1814
731 652 33 703 398 53 33 1826 1047 767 1998 700 1998 1943 53 33 1826 731 1943 652
700 1998 1814 1814 1398 1998 700 1998 700 1998 1814 1814 767 1998 700 1998 1943 33 39 700
1047 767 1998 1943 53 721 1826 767 1466 1466 1943 652 39 1826 1047 700 1998 767 1998 1943
1943 1398 398 1943 53 33 700 731 652 33 1826 398 53 33 1826 1047 767 1998 700 1998
53 33 1826 1047 767 1998 1943 53 33 1826 1047 767 1998 1943 652 33 1826 1047 700 1998
1998 1943 53 33 1826 1047 767 1998 1943 652 39 1826 1047 700 1998 767 1998 1943 652 33
1998 1943 53 39 703 1047 1943 652 33 1826 1943 767 1998 731 53 721 1826 398 33 39
1998 1943 53 721 700 731 652 33 1826 398 53 33 1826 1047 767 1998 700 1998 1943 53
1208 700 39 652 1208 703 39 1509 1208 1826 1047 767 1078 700 1078 39 1509 1509 1826 39
1998 1814 1814 1398 1998 1943 53 721 700 731 652 33 703 398 53 33 1826 1047 767 1998
700 1078 39 1208 1208 700 39 652 1208 1826 39 1509 1208 1826 1047 767 1078 700 1078 39
53 721 700 731 652 33 1826 398 53 33 1826 1047 767 1998 700 1998 1943 53 721 703
1047 1943 652 39 1826 1998 767 1998 731 53 33 1826 398 33 33 703 731 700 1998 1398
1943 53 33 700 731 652 33 703 398 53 33 1826 1047 767 1998 700 1998 1943 53 33
1998 1814 1814 1398 1998 1943 53 33 700 731 652 33 1826 398 53 33 1826 1047 767 1998
652 33 703 398 53 33 1826 1047 767 1998 1943 53 33 1826 1047 767 1998 1943 53 39
703 731 700 1998 1398 1998 1814 1814 700 1998 700 1998 1943 53 721 700 731 652 33 1826
33 1826 1998 767 1998 731 53 721 703 398 33 33 703 731 700 1998 1398 1943 1814 1814
33 700 1047 767 1998 700 398 1943 33 39 1826 731 700 1466 1943 652 33 1826 1998 1398
652 39 1826 1047 700 1998 767 1998 1943 652 33 703 1047 1943 652 39 1826 1998 767 1998
398 33 33 703 731 700 1998 1398 1998 1814 1814 700 1998 700 1998 1943 53 721 700 731
1047 700 1998 1943 652 33 767 1047 1826 1998 731 652 39 1826 1998 767 1998 731 53 33
1047 767 1998 1943 53 33 1826 1047 767 1998 1943 652 39 1826 1047 700 1998 767 1998 1943
700 39 652 1208 703 39 1509 1208 1826 1047 767 1078 700 1078 39 1509 1509 1826 731 1814
1998 1398 1998 1943 33 39 700 731 652 33 703 398 53 33 1826 1047 767 1998 700 1998
700 1998 1398 1998 1943 652 33 1826 1998 1398 1998 1814 1814 1398 1998 1943 53 33 700 731
652 33 1826 1998 767 1998 731 53 33 703 398 33 33 703 731 700 1998 1398 1998 1814
1826 1047 767 1998 1943 53 33 1826 1047 767 1998 1943 53 39 1826 1047 700 1998 767 1998
1998 398 652 33 703 398 53 33 1826 1047 767 1998 1943 53 33 1826 1047 767 1998 1943
33 1826 1047 767 1998 1943 652 33 1826 1047 700 1998 767 1998 1943 53 39 1826 1047 1943
703 398 53 33 703 731 700 1998 1398 1998 700 1998 1814 1814 1398 1998 1943 53 721 700
398 53 33 703 731 700 1998 1398 1998 700 1998 1814 1814 1398 1998 1943 53 721 700 731
1998 1398 1998 1814 1814 1398 1998 1943 53 33 700 731 652 33 1826 398 53 33 1826 1047
1814 1814 767 1998 700 1998 1943 33 39 700 731 652 33 703 398 53 33 1826 1047 767
1826 1998 1398 1998 1814 1814 1398 1998 1943 53 33 700 731 652 33 703 398 53 33 1826
39 703 731 700 1998 1398 1998 700 1998 1814 1814 1398 1998 1943 53 721 700 731 652 33
1208 700 39 652 1208 1826 39 1509 1208 1826 1047 767 1078 700 1078 39 1509 1208 1826 39
700 1466 1943 652 33 1826 1998 1398 1998 1943 652 33 700 1998 398 652 33 703 398 53
1998 1943 53 33 1826 1047 767 1998 1943 652 39 1826 1047 700 1998 767 1998 1943 652 33
1826 398 53 39 703 731 700 1998 1398 1998 1814 1814 700 1998 700 1998 1943 33 39 700
53 33 703 398 33 33 703 731 700 1998 1398 1998 1814 1814 700 1998 700 1998 1943 53
767 1998 1943 53 721 1826 767 1466 1466 1943 652 39 1826 1047 700 1998 767 1998 1943 652
721 1998 1943 53 39 1826 1047 1943 652 33 1826 1998 767 1998 731 53 33 1826 398 53
721 700 731 652 33 1826 398 53 33 1826 1047 767 1998 700 1998 1943 53 33 1826 731
1826 731 700 1466 1943 652 33 1826 1998 1398 1998 1943 652 33 700 1998 398 652 33 703
33 1826 398 53 33 1826 1047 767 1998 1943 53 33 1826 1047 767 1998 1943 652 33 1826
39 1826 731 700 1466 1943 652 33 1826 1998 1398 1998 1943 652 33 700 1998 398 652 33
767 1998 1943 53 39 1826 1047 700 1998 767 1998 1943 53 39 1826 1047 1943 652 33 1826
1814 1814 700 1998 1943 33 39 1826 731 700 1998 1398 1998 1943 53 33 700 731 652 33
33 1826 398 33 39 703 731 700 1998 1398 1998 700 1998 1814 1814 1398 1998 1943 53 33
398 53 33 703 731 700 1998 1398 1998 700 1998 1814 1814 1398 1998 1943 53 721 700 731
398 53 721 1826 1047 767 1998 1943 53 33 1826 1047 767 1998 1943 652 39 1826 1047 700
39 1826 1047 700 1998 767 1998 1943 652 33 703 1047 1943 652 39 1826 1998 767 1998 731
39 703 1047 1943 652 33 1826 1943 767 1998 731 53 721 1826 398 33 39 703 731 700
703 398 53 33 1826 1047 767 1998 700 1998 1943 53 33 703 731 1814 1814 1943 652 33
33 700 731 652 33 1826 398 53 33 1826 1047 767 1998 1943 53 33 1826 1047 767 1998
1998 1398 1943 1814 1814 700 1998 700 1998 1943 53 721 700 731 652 33 1826 398 53 33
700 1078 39 1509 1208 700 39 652 1208 703 39 1509 1208 1826 1047 767 1078 700 39 39
1998 1943 53 721 1826 767 1466 1466 1943 652 39 1826 1047 700 1998 767 1998 1943 652 33
33 1826 1998 1398 1998 1814 1814 1398 1998 1943 53 33 700 731 652 33 703 398 53 33
39 1826 1047 1943 652 721 1826 1998 767 1998 731 53 33 1826 398 33 39 703 731 700
1078 39 1509 1208 700 39 652 1208 1826 39 1509 1208 1826 1047 767 1078 700 1078 39 1509
1998 1943 53 721 700 731 652 33 703 398 53 33 1826 1047 767 1998 700 1998 1943 53
33 1826 1047 767 1998 1943 53 39 1826 1047 700 1998 767 1998 1943 53 39 1826 1047 1943
1826 1998 767 1998 731 53 33 703 398 53 33 703 731 700 1998 1398 1998 700 1998 1814
1998 767 1998 731 53 33 1826 398 33 33 703 731 700 1998 1398 1998 1943 652 33 1826
1814 700 1078 39 1509 1208 700 39 652 1208 703 39 1509 1208 1826 1047 767 1078 700 1078
398 33 39 703 731 700 1998 1398 1998 700 1998 1814 1814 1398 1998 1943 53 721 700 731
703 398 33 33 703 731 700 1998 1398 1998 1814 1814 700 1998 700 1998 1943 53 721 700
1814 700 1998 700 1998 1943 53 721 700 731 652 33 1826 398 53 33 1826 1047 767 1998
703 398 33 33 703 731 700 1998 1398 1998 1814 1814 700 1998 700 1998 1943 53 721 700
1398 1998 1943 53 721 700 731 652 33 1826 398 53 33 1826 1047 767 1998 700 1998 1943
703 398 33 33 703 731 700 1998 1398 1943 1814 1814 700 1998 700 1998 1943 53 721 700
53 33 700 731 652 33 703 398 53 33 1826 1047 767 1998 700 1998 1943 53 721 703
731 700 1998 1398 1998 1943 652 33 1826 1998 1398 1998 1814 1814 1398 1998 1943 53 33 700
1078 1814 1814 700 1078 39 1509 1208 700 39 652 1208 703 39 1509 1208 1826 1047 767 1078
53 33 703 398 53 33 703 731 700 1998 1398 1998 700 1998 1814 1814 1398 1998 1943 53
767 1998 700 398 1943 33 39 1826 731 700 1466 1943 652 33 1826 1998 1398 1998 1943 652
1826 398 53 33 1826 1047 767 1998 1943 53 33 1826 1047 767 1998 1943 652 33 1826 1047
703 731 700 1998 1398 1998 700 1998 1814 1814 1398 1998 1943 53 33 700 731 652 33 703
700 731 652 33 703 398 53 33 1826 1047 767 1998 700 1998 1943 53 33 703 731 1943
398 33 39 703 731 700 1998 1398 1998 700 1998 1814 1814 1398 1998 1943 53 721 700 731
1208 700 39 652 1208 1826 39 1509 1208 1826 1047 767 1078 700 1078 39 1509 1208 1826 39
1398 1998 1814 1814 1398 1998 1943 53 33 700 731 652 33 703 398 53 33 1826 1047 767
1398 1998 1943 53 721 700 731 652 33 703 398 53 33 1826 1047 767 1998 700 1998 1943
652 33 1826 398 53 33 1826 1047 767 1998 1943 53 33 1826 1047 767 1998 1943 652 33
1826 1047 767 1998 1943 53 39 1826 1047 700 1998 767 1998 1943 53 39 1826 1047 1943 652
1998 1943 53 39 1826 1047 700 1998 767 1998 1943 53 39 1826 1047 1943 652 33 1826 1998
1509 1208 1826 1047 767 1078 700 1078 39 1509 1208 1826 1047 39 652 1208 700 1078 1814 1814
700 1998 1398 1998 1943 53 721 700 731 652 33 1826 398 53 33 1826 1047 767 1998 700
1998 1398 1998 1943 53 721 700 731 652 33 1826 398 53 33 1826 1047 767 1998 700 1998
1078 1814 1814 700 1078 700 1078 39 1208 1208 700 39 652 1208 703 39 1509 1208 1826 1047
652 39 1826 1047 700 1998 767 1998 1943 652 33 703 1047 1943 652 39 1826 1998 767 1998
33 700 731 652 33 703 398 53 33 1826 1047 767 1998 700 1998 1943 53 33 703 731
700 731 652 33 1826 398 53 721 1826 1047 767 1998 1943 53 33 1826 1047 767 1998 1943
33 1826 1047 767 1998 700 1998 1943 53 33 703 731 1814 1814 1943 652 33 1826 1466 1814
1998 1943 53 33 1826 1047 767 1998 1943 53 39 1826 1047 700 1998 767 1998 1943 53 39
1943 53 39 703 1047 1943 53 33 1826 1998 767 1998 731 53 721 703 398 33 33 703
1398 1998 1814 1814 1398 1998 1943 53 33 700 731 652 33 1826 398 53 33 1826 1047 767
1826 1998 767 1998 731 53 721 703 398 33 33 703 731 700 1998 1398 1943 1814 1814 700
1208 703 39 1509 1208 1826 1047 767 1078 700 1078 39 1509 1208 1826 1047 39 652 1208 700
700 1078 700 1078 39 1208 1208 700 39 652 1208 1826 39 1509 1208 1826 1047 767 1078 700
1998 1398 1998 1814 1814 700 1998 700 1998 1943 33 39 700 731 652 33 1826 398 53 33
1826 1047 767 1998 1943 53 39 1826 703 1998 1466 767 1998 1943 53 39 703 1047 1943 53
1943 652 33 1826 1047 1943 652 33 1826 1998 767 1998 731 53 33 703 398 33 33 703
1943 53 33 1826 1047 767 1998 1943 652 39 1826 1047 700 1998 767 1998 1943 652 33 703
767 1998 1943 53 33 1826 1047 767 1998 1943 652 39 1826 1047 700 1998 767 1998 1943 652
703 731 700 1998 1398 1998 1814 1814 700 1998 700 1998 1943 33 39 700 731 652 33 1826
1078 39 1208 1208 700 39 652 1208 1826 39 1509 1208 1826 1047 767 1078 700 1078 39 1509
1998 767 1998 731 53 33 1826 398 53 39 703 731 700 1998 1398 1998 1814 1814 700 1998
33 1826 398 53 33 1826 1047 767 1998 700 1998 1943 53 33 703 731 1814 1814 1466 652
1047 767 1998 1943 53 33 1826 1047 767 1998 1943 53 39 1826 1047 700 1998 767 1998 1943
1943 33 700 1047 767 1998 700 398 1943 33 39 1826 731 700 1466 1943 652 33 1826 1998
767 1998 1943 53 33 1826 1047 767 1998 1943 652 39 1826 1047 700 1998 767 1998 1943 652
700 1078 39 1208 1208 700 39 652 1208 703 39 1509 1208 1826 1047 767 1078 700 1078 39
53 33 1826 1047 767 1998 1943 652 33 1826 1047 700 1998 1943 652 33 767 1047 1826 1998
1398 1998 1814 1814 1398 1998 1943 53 33 700 731 652 33 1826 398 53 33 1826 1047 767
39 652 1208 1826 39 1509 1208 1826 1047 767 1078 700 1078 39 1509 1509 1826 39 39 652
1047 767 1998 700 398 1943 33 39 1826 731 700 1466 1943 652 33 1826 1998 1398 1998 1943
700 1047 767 1998 700 398 1943 33 39 1826 731 700 1466 1943 652 33 1826 1998 1398 1998
767 1998 1943 652 33 1826 1047 700 1998 1943 652 33 767 1047 1826 1998 731 652 39 1826
53 33 700 731 652 33 703 398 53 33 1826 1047 767 1998 700 1998 1943 53 721 703
1208 703 39 1509 1208 1826 1047 767 1078 700 1078 39 1509 1208 1826 1047 39 652 1208 700
39 700 731 652 33 1826 398 53 721 1826 1047 767 1998 1943 53 33 1826 1047 767 1998
1826 1047 767 1998 1943 652 33 1826 1047 700 1998 1943 652 33 767 1047 721 1998 731 652
53 33 703 731 700 1998 1398 1998 700 1998 1814 1814 1398 1998 1943 53 721 700 731 652
33 1826 398 53 33 1826 1047 767 1998 1943 53 33 1826 1047 767 1998 1943 652 33 1826
1826 1047 767 1998 700 1998 1943 53 33 703 731 1814 1814 1943 652 33 1826 1466 1814 1814
652 33 1826 1047 1943 652 33 1826 1998 767 1998 731 53 33 703 398 33 33 703 731
53 33 1826 1047 767 1998 1943 53 721 1826 767 1466 1466 1943 652 39 1826 1047 700 1998
731 700 1998 1398 1998 700 1998 1814 1814 1398 1998 700 1998 700 1998 1814 1814 767 1998 700
1826 1998 767 1998 731 53 33 1826 398 33 39 703 731 700 1998 1398 1998 700 1998 1814
731 700 1998 1398 1998 700 1998 1814 1814 1398 1998 1943 53 33 700 731 652 33 703 398
1943 652 33 1826 1998 767 1998 731 53 33 703 398 33 33 703 731 700 1998 1398 1998
703 731 700 1998 1398 1998 1814 1814 700 1998 700 1998 1943 53 721 700 731 652 33 1826
1826 1078 700 1078 700 1078 39 1509 1208 700 39 652 1208 703 39 1509 1208 1826 1047 767
700 1998 1398 1998 1943 53 721 700 731 652 33 1826 398 53 33 1826 1047 767 1998 700
1208 700 39 652 1208 703 39 1509 1208 1826 1047 767 1078 700 1078 39 1509 1509 1826 731
1078 39 1208 1208 700 39 652 1208 1826 39 1509 1208 1826 1047 767 1078 700 1078 39 1509
33 1826 1047 767 1998 1943 53 39 1826 703 1998 1466 767 1998 1943 53 39 703 1047 1943
1826 1047 767 1998 1943 53 33 1826 1047 767 1998 1943 53 39 1826 703 1998 1466 767 1998
767 1998 731 53 721 1826 398 33 39 703 731 700 1998 1398 1998 700 1998 1814 1814 1398
1998 1398 1998 1814 1814 1398 1998 1943 53 33 700 731 652 33 1826 398 53 33 1826 1047
700 1998 767 1998 1943 53 39 1826 1047 1943 652 33 1826 1998 767 1998 731 53 33 1826
53 33 1826 398 53 39 703 731 700 1998 1398 1998 1814 1814 700 1998 700 1998 1943 33
1814 1398 1998 1943 53 721 700 731 652 33 703 398 53 33 1826 1047 767 1998 700 1998
1943 33 39 1826 731 700 1466 1943 652 33 1826 1998 1398 1998 1943 652 33 700 1998 398
1047 767 1998 1943 53 33 1826 1047 767 1998 1943 53 39 1826 1047 700 1998 767 1998 1943
1078 700 1078 39 1509 1208 700 39 652 1208 703 39 1509 1208 1826 1047 767 1078 700 39
39 1208 1208 700 39 652 1208 1826 39 1509 1208 1826 1047 767 1078 700 1078 39 1509 1208
1466 1943 652 39 1826 1047 700 1998 767 1998 1943 652 33 1826 1047 1943 652 33 1826 1998
33 1826 1047 767 1998 1943 53 39 1826 1047 700 1998 767 1998 1943 53 39 1826 1047 1943
53 39 1826 1047 1943 652 721 1826 1998 767 1998 731 53 33 1826 398 33 39 703 731
703 731 700 1998 1398 1998 700 1998 1814 1814 1398 1998 1943 53 721 700 731 652 33 703
1998 731 53 33 1826 398 53 39 703 731 700 1998 1398 1998 1814 1814 700 1998 700 1998
33 1826 1998 767 1998 731 53 33 703 398 33 33 703 731 700 1998 1398 1998 1814 1814
1078 39 1509 1208 700 39 652 1208 1826 1078 1509 1208 1826 1047 767 1078 700 1078 39 1509
1398 1998 700 1998 700 1998 1814 1814 767 1998 700 1998 1943 33 39 700 731 652 33 703
53 33 1826 1047 767 1998 1943 53 33 1826 1047 767 1998 1943 652 33 1826 1047 700 1998
39 700 731 652 33 1826 398 53 33 1826 1047 767 1998 700 1998 1943 53 33 703 731
1398 398 1814 1814 700 1998 700 1998 1943 53 721 700 731 652 33 1826 398 53 33 1826
33 700 731 652 33 1826 398 53 33 1826 1047 767 1998 700 1998 1943 53 721 1826 731
703 398 53 33 1826 1047 767 1998 700 1998 1943 53 33 703 731 1943 652 33 1826 1466
1943 652 33 703 1047 1943 652 39 1826 1998 767 1998 731 53 33 1826 398 33 33 703
39 1826 1998 767 1998 731 53 33 1826 398 33 33 703 731 700 1998 1398 1998 1943 652
700 39 652 1208 1826 39 1509 1208 1826 1047 767 1078 700 1078 39 1509 1208 1826 39 1814
1943 1943 33 39 700 731 652 33 700 398 53 33 1826 1047 767 1998 1943 53 33 1826
1398 1998 1943 53 721 700 731 652 33 703 398 53 33 1826 1047 767 1998 700 1998 1943
39 703 731 700 1998 1398 1998 1814 1814 700 1998 700 1998 1943 33 39 700 731 652 33
731 53 33 703 398 53 33 703 731 700 1998 1398 1998 700 1998 1814 1814 1398 1998 1943
1208 1826 1047 767 1078 700 1078 39 1509 1208 1826 1047 39 652 1208 700 1078 1814 1814 39
1398 1998 1943 33 39 700 731 652 33 703 398 53 33 1826 1047 767 1998 700 1998 1943
1814 700 1998 700 1998 1943 33 39 700 731 652 33 1826 398 53 33 1826 1047 767 1998
721 1826 398 33 39 703 731 700 1998 1398 1998 700 1998 1814 1814 1398 1998 1943 53 721
1943 53 33 1826 1047 767 1998 1943 652 39 39 703 1943 1943 767 1998 1943 53 39 703
39 1826 703 1998 1466 767 1998 1943 53 39 703 1047 1943 53 33 1826 1998 767 1998 731
1826 1047 767 1998 1943 53 33 1826 1047 767 1998 1943 53 39 1826 1047 700 1998 767 1998
1826 1047 700 1998 1943 652 33 767 1047 721 1998 731 652 39 1826 1998 767 1998 731 53
1208 1826 1078 700 1078 700 1078 39 1509 1208 700 39 652 1208 703 39 1509 1208 1826 1047
53 39 703 1047 1943 652 33 1826 1943 767 1998 731 53 721 1826 398 33 39 703 731
53 39 703 1047 1943 53 33 1826 1998 767 1998 731 53 721 703 398 33 33 703 731
1943 53 33 700 731 652 33 703 398 53 33 1826 1047 767 1998 700 1998 1943 53 33
703 398 33 33 703 731 700 1998 1398 1943 1814 1814 700 1998 700 1998 1943 53 721 700
1998 1814 1814 1398 1998 1943 53 721 700 731 652 33 703 398 53 33 1826 1047 767 1998
1998 1943 53 721 700 731 652 33 1826 398 53 33 1826 1047 767 1998 700 1998 1943 53
33 1826 398 53 33 1826 1047 767 1998 1943 53 721 1826 767 1466 1466 1943 652 39 1826
39 1826 1998 767 1998 731 53 33 1826 398 33 33 703 731 700 1998 1398 1998 1943 652
703 731 700 1998 1398 398 1814 1814 700 1998 700 1998 1943 53 721 700 731 652 33 1826
1826 1047 1943 652 721 1826 1998 767 1998 731 53 33 1826 398 33 39 703 731 700 1998
1078 1814 1814 700 1078 700 1078 700 1078 39 1208 1208 700 39 652 1208 1826 39 1509 1208
53 33 1826 1047 767 1998 1943 53 33 1826 1047 767 1998 1943 53 39 1826 1047 700 1998
33 1826 1998 1398 1998 1943 652 33 700 1998 398 652 33 703 398 53 33 1826 1047 767
1814 1814 1398 1998 1943 652 721 1826 1998 1398 1998 1814 1814 1398 1998 1943 53 33 700 731
398 53 721 1826 1047 767 1998 1943 53 33 1826 1047 767 1998 1943 652 39 1826 1047 700
39 703 731 700 1998 1398 1998 700 1998 1814 1814 1398 1998 1943 53 721 700 731 652 33
700 731 652 33 1826 398 53 721 1826 1047 767 1998 1943 53 33 1826 1047 767 1998 1943
33 1826 1047 767 1998 1943 53 39 1826 703 1998 1466 767 1998 1943 53 39 703 1047 1943
767 1998 731 53 33 1826 398 33 39 703 731 700 1998 1398 1998 700 1998 1814 1814 1398
1078 39 1208 1208 700 39 652 1208 703 39 1509 1208 1826 1047 767 1078 700 1078 39 1509
1998 1943 53 33 1826 1047 767 1998 1943 53 39 1826 703 1998 1466 767 1998 1943 53 39
700 1078 700 1078 700 1078 39 1208 1208 700 39 652 1208 1826 39 1509 1208 1826 1047 767
1998 767 1998 1943 53 39 1826 1047 1943 652 721 1826 1998 767 1998 731 53 33 1826 398
1998 1398 1943 1814 1814 700 1998 700 1998 1943 53 721 700 731 652 33 1826 398 53 33
1078 700 1078 39 1208 1208 700 39 652 1208 1826 39 1509 1208 1826 1047 767 1078 700 1078
1943 652 33 1826 1998 767 1998 731 53 33 703 398 33 33 703 731 700 1998 1398 1998
39 1509 1208 700 39 652 1208 1826 39 1509 1208 1826 1047 767 1078 700 1078 39 1509 1208
1826 731 700 1466 1943 652 33 1826 1998 1398 1998 1943 652 33 700 1998 398 652 33 703
700 1998 1398 1998 1943 33 39 700 731 652 33 1826 398 53 33 1826 1047 767 1998 700
33 703 731 700 1998 1398 1998 1943 652 33 1826 1998 1398 1998 1814 1814 1398 1998 1943 53
703 1047 1943 652 39 1826 1998 767 1998 731 53 33 1826 398 33 33 703 731 700 1998
39 652 1208 1826 39 1509 1208 1826 1047 767 1078 700 1078 39 1509 1509 1826 39 39 652
1943 1943 33 39 700 731 652 33 700 398 53 33 1826 1047 767 1998 1943 53 33 1826
1047 700 1998 767 1998 1943 53 39 1826 1047 1943 652 721 1826 1998 767 1998 731 53 33
1208 1826 1047 767 1078 700 1078 39 1509 1208 1826 1047 39 652 1208 700 1078 1814 1814 39
1398 1998 1943 53 721 700 731 652 33 1826 398 53 33 1826 1047 767 1998 700 1998 1943
1814 1398 1998 1943 53 721 700 731 652 33 703 398 53 33 1826 1047 767 1998 700 1998
1826 398 53 33 1826 1047 767 1998 1943 53 33 1826 1047 767 1998 1943 652 33 1826 1047
767 1998 1943 652 39 1826 1047 700 1998 767 1998 1943 652 33 703 1047 1943 652 39 1826
1047 700 1998 767 1998 1943 652 33 703 1047 1943 652 39 1826 1998 767 1998 731 53 33
33 1826 1047 767 1998 700 1998 1943 53 33 1826 731 1943 652 33 1826 1466 1814 1814 1943
767 1998 1943 53 33 1826 1047 767 1998 1943 53 39 1826 703 1998 1466 767 1998 1943 53
53 39 700 731 652 33 1826 398 53 721 1826 1047 767 1998 1943 53 33 1826 1047 767
1398 1998 1943 652 721 1826 1998 1398 1998 1814 1814 1398 1998 1943 53 33 700 731 652 33
1943 53 33 1826 1047 767 1998 1943 652 39 1826 1047 700 1998 767 1998 1943 652 33 703
1047 767 1998 700 1998 1943 53 33 1826 731 1943 652 33 1826 1466 1814 1814 1943 652 33
767 1998 1943 652 39 39 703 1943 1943 767 1998 1943 53 39 703 1047 1943 652 33 1826
1943 53 39 1826 1047 1943 652 33 1826 1998 767 1998 731 53 33 1826 398 53 39 703
1078 1398 1078 39 652 1208 1826 1078 700 1078 700 1078 39 1509 1208 700 39 1208 1208 703
33 39 703 731 700 1998 1398 1998 700 1998 1814 1814 1398 1998 1943 53 721 700 731 652
1047 1943 652 33 1826 1998 767 1998 731 53 33 703 398 33 33 703 731 700 1998 1398
652 33 703 398 53 33 1826 1047 767 1998 1943 53 33 1826 1047 767 1998 1943 53 39
53 33 700 731 652 33 1826 398 53 33 1826 1047 767 1998 700 1998 1943 53 33 1826
33 1826 398 53 33 1826 1047 767 1998 700 1998 1943 53 33 1826 731 1943 652 33 1826
53 33 700 731 652 33 1826 398 53 33 1826 1047 767 1998 1943 53 33 1826 1047 767
1998 767 1998 731 53 33 703 398 53 33 703 731 700 1998 1398 1998 700 1998 1814 1814
33 703 398 53 33 1826 1047 767 1998 1943 53 33 1826 1047 767 1998 1943 53 39 1826
700 731 652 33 1826 398 53 33 1826 1047 767 1998 700 1998 1943 53 33 1826 731 1943
1826 398 53 721 1826 1047 767 1998 1943 53 33 1826 1047 767 1998 1943 652 39 39 703
398 33 39 703 731 700 1998 1398 1998 700 1998 1814 1814 1398 1998 1943 53 33 700 731
1943 1943 33 39 700 731 652 33 703 398 53 33 1826 1047 767 1998 1943 53 33 1826
39 1509 1208 700 39 652 1208 1826 39 1509 1208 1826 1047 767 1078 700 1078 39 1509 1208
700 731 652 33 1826 398 53 33 1826 1047 767 1998 700 1998 1943 53 33 703 731 1814
1814 1814 1398 1998 1943 53 33 700 731 652 33 703 398 53 33 1826 1047 767 1998 700
1047 1943 53 33 1826 1998 767 1998 731 53 721 703 398 33 33 703 731 700 1998 1398
1998 767 1998 731 53 33 703 398 53 33 703 731 700 1998 1398 1998 700 1998 1814 1814
700 1998 1398 1998 1814 1814 700 1998 700 1998 1943 33 39 700 731 652 33 1826 398 53
652 1208 1826 39 1509 1208 1826 1047 767 1078 700 1078 39 1509 1509 1826 39 39 652 1208
652 33 703 398 53 33 1826 1047 767 1998 700 1998 1943 53 33 703 731 1814 1814 1943
1943 53 721 700 731 652 33 703 398 53 33 1826 1047 767 1998 700 1998 1943 53 33
33 703 398 53 33 1826 1047 767 1998 1943 53 33 1826 1047 767 1998 1943 53 39 1826
731 700 1998 1398 398 1814 1814 700 1998 1398 1998 1943 53 721 700 731 652 33 1826 398
1943 53 33 700 731 652 33 1826 398 53 33 1826 1047 767 1998 700 1998 1943 53 33
1998 1398 1998 1814 1814 767 1998 700 1998 1943 33 39 700 731 652 33 703 398 53 33
700 1998 1398 1998 1943 33 39 700 731 652 33 703 398 53 33 1826 1047 767 1998 700
33 1826 398 53 721 1826 1047 767 1998 1943 53 33 1826 1047 767 1998 1943 652 39 39
1998 1466 767 1998 1943 53 39 703 1047 1943 53 33 1826 1998 767 1998 731 53 721 703
1998 1398 1998 700 1998 1814 1814 1398 1998 700 1998 700 1998 1814 1814 700 1998 700 1998 1943
1208 703 39 1509 1208 1826 1047 767 1078 700 1078 39 1509 1208 1826 1047 39 652 1208 700
767 1998 1943 53 33 1826 1047 767 1998 1943 652 39 1826 1047 700 1998 767 1998 1943 652
