3271 4968 4968 2633 2633 4968 4331 4331 4331 4331 4331 4331 4331 4331 4331 4331 4331 4331 4331 4331
4669 962 4669 4968 962 4968 4968 962 962 4968 4968 962 962 4968 962 962 4968 4968 962 4669
4669 4669 962 4669 4357 4357 4968 962 4669 4968 962 962 4669 4669 962 4669 4968 962 4968 4968
4669 4669 4669 4669 1862 2783 4669 1862 3271 962 3271 3271 3271 1862 962 3271 3271 3271 962 3271
3271 962 962 3271 3271 962 3271 962 962 962 1862 3271 3271 962 3271 3271 962 962 962 1862
2783 2783 4669 4669 4357 4357 4968 962 4968 4968 962 962 4968 4669 962 4669 962 4968 4968 962
4331 4331 4331 4331 4331 4331 4331 4331 4331 2633 2633 4357 4357 4968 962 4669 1862 962 2783 2783
4331 2633 2633 4357 4357 4968 962 4669 1862 962 2783 2783 962 2783 4669 4669 4669 4669 1862 2783
4669 4357 4357 4968 962 4669 4968 962 962 4669 4669 962 4669 4968 962 4968 4968 962 962 4968
3271 962 3271 3271 962 962 3271 1862 962 3271 3271 962 962 3271 3271 3271 962 3271 1862 3271
3271 962 962 3271 3271 3271 962 3271 1862 962 3271 962 3271 962 3271 962 3271 962 3271 3271
4968 4968 4968 4968 4968 4968 962 4669 1862 4968 962 2783 2783 962 2783 4669 4669 4669 4669 1862
2633 2633 4968 4968 4968 4968 2633 2633 2633 2633 2633 2633 2633 2633 2633 2633 2633 2633 2633 2633
2783 962 2783 4669 4669 4669 4669 1862 2783 4968 1862 3271 962 3271 3271 3271 962 3271 3271 3271
962 3271 3271 3271 962 1862 962 962 2783 2783 4669 2633 2633 1862 4669 4357 962 4669 4669 962
2633 4968 4968 4968 4968 2633 2633 2633 2633 2633 2633 2633 2633 2633 2633 2633 2633 2633 2633 2633
4331 4331 4331 4331 2633 2633 4357 4357 4968 962 4669 1862 962 2783 2783 962 2783 4669 4669 4669
4331 4331 4331 4331 4331 4331 4331 4331 2633 2633 4357 4357 4968 962 4669 1862 962 2783 2783 962
1862 962 962 962 962 2783 2783 4669 1862 4669 2783 962 4669 4669 4968 962 4669 1862 962 2783
962 4968 4968 962 962 4968 962 4968 4357 4357 4968 962 4968 4968 962 2783 2783 962 4669 4968
3271 962 3271 3271 962 962 962 3271 1862 3271 3271 962 962 3271 3271 3271 962 962 3271 3271
4331 4331 4331 4331 4331 4331 4331 4331 4331 4331 2633 2633 4357 4357 4968 962 4669 1862 962 2783
2633 4968 4968 4968 4357 4968 4968 4968 4357 1862 962 4669 1862 962 2783 2783 962 2783 4669 4669
3271 3271 2783 1862 962 4669 4968 962 962 962 962 962 4968 4669 2783 4669 962 4968 4968 962
962 3271 962 1862 3271 962 3271 962 962 962 962 1862 962 962 2783 2783 4669 2633 2633 2633
4669 4669 4968 962 4968 962 4968 4968 962 4669 4968 962 4968 4968 962 4968 4968 962 4357 2633
1862 962 962 3271 3271 962 962 3271 3271 3271 962 3271 3271 1862 962 3271 962 3271 962 3271
3271 3271 3271 962 962 3271 3271 1862 962 3271 962 3271 962 3271 962 3271 962 3271 3271 962
3271 962 3271 1862 3271 962 3271 3271 962 962 962 962 1862 962 962 962 2783 2783 4669 2633
3271 3271 3271 962 3271 3271 2783 962 4669 4669 962 962 3271 1862 962 3271 3271 962 962 3271
962 2633 2633 2633 2633 962 4968 2633 2633 2633 4331 4331 4331 4331 4331 4331 4331 4331 4331 4331
1862 962 3271 962 3271 3271 962 3271 962 3271 962 3271 3271 962 962 1862 3271 962 3271 3271
3271 962 3271 3271 1862 962 3271 962 3271 3271 962 3271 962 962 3271 3271 3271 962 962 962
1862 3271 962 3271 3271 3271 962 3271 3271 3271 962 3271 3271 962 962 3271 1862 962 3271 3271
2783 4669 1862 4669 2783 2783 4669 4669 4968 962 4669 1862 962 2783 2783 962 2783 4669 4669 4669
2783 4968 4968 4968 4669 2783 2783 4968 4968 4968 2783 4968 4968 2783 2783 4968 962 4968 4968 4968
4331 4331 4331 4331 4331 4331 4331 4331 4331 4331 4331 4331 4331 2633 2633 4357 4357 4968 962 4669
1862 2783 4968 1862 3271 962 3271 3271 3271 962 3271 3271 3271 962 3271 3271 962 962 962 3271
3271 962 3271 3271 962 3271 3271 962 3271 962 962 1862 962 962 962 962 2783 4968 1862 2633
4669 1862 962 2783 2783 962 2783 4669 4669 4669 4669 1862 2783 4968 1862 3271 962 3271 3271 3271
4968 2783 4669 4669 4669 4669 1862 2783 3271 1862 3271 962 3271 3271 3271 962 3271 3271 3271 962
3271 3271 3271 962 962 3271 1862 962 3271 962 3271 962 3271 962 3271 962 3271 3271 962 3271
4669 4968 962 962 4669 4968 962 4968 4968 962 4669 1862 962 2783 962 962 2783 4669 4669 4669
1862 1862 3271 962 3271 3271 3271 962 3271 3271 3271 962 3271 3271 962 962 3271 962 1862 962
4331 2633 2633 4357 4357 4968 962 4669 1862 962 2783 2783 962 2783 4669 4669 4669 4669 1862 2783
3271 962 3271 3271 962 962 3271 962 1862 3271 3271 962 962 3271 3271 3271 3271 962 962 3271
962 1862 3271 962 3271 3271 962 3271 3271 962 3271 962 1862 962 962 962 962 2783 4669 2633
962 962 962 1862 962 962 2783 3271 4968 4968 2633 2633 4968 4331 4331 4331 4331 4331 4331 4331
3271 962 3271 3271 962 3271 962 3271 962 3271 3271 962 962 1862 3271 962 3271 3271 962 3271
962 962 3271 3271 1862 962 3271 962 3271 3271 962 3271 962 3271 962 3271 3271 3271 962 962
962 4669 4968 962 962 4669 4669 962 4669 4968 962 4968 4968 962 962 4968 4968 962 4968 4968
4669 4669 1862 2783 3271 1862 3271 962 3271 3271 3271 962 3271 3271 3271 962 3271 3271 962 962
4331 4331 4331 4331 4331 4331 4331 4331 4331 4331 4331 4331 4331 4331 4331 2633 2633 2633 2633 2633
962 3271 3271 3271 962 3271 3271 962 962 962 3271 1862 3271 3271 962 962 962 962 1862 962
2633 2633 4331 4331 4331 4331 4331 4331 4331 4331 4331 4331 4331 4331 4331 4331 4331 4331 2633 2633
4968 4968 4968 4968 962 4669 1862 962 2783 2783 962 2783 4669 4669 4669 4669 1862 2783 4669 3271
962 2633 2633 2633 2633 962 4968 2633 2633 2633 4331 4331 4331 4331 4331 4331 4331 4331 4331 4331
4331 4331 4331 4331 4331 4331 4331 4331 4331 4331 4331 4331 4331 2633 2633 4357 4357 4968 962 4669
2783 4669 1862 4669 2783 2783 4669 4669 4968 962 4669 1862 962 2783 2783 962 2783 4669 4669 4669
962 3271 3271 962 3271 962 1862 3271 962 3271 3271 962 3271 3271 962 3271 962 1862 962 962
962 2783 2783 962 2783 4669 4669 4669 4669 1862 962 4968 1862 3271 962 3271 3271 3271 962 3271
962 3271 3271 3271 962 3271 3271 3271 962 3271 3271 962 962 3271 1862 962 3271 3271 3271 962
4357 4968 1862 3271 962 3271 3271 3271 962 3271 3271 3271 962 3271 3271 962 962 962 3271 1862
4331 4331 4331 4331 4331 4331 4331 2633 2633 4357 4357 4968 962 4669 1862 962 2783 2783 962 2783
962 4968 4968 4968 4968 4968 4968 4968 4968 962 4968 4968 4968 4968 4968 4968 4968 4968 4968 4968
3271 962 3271 3271 962 1862 3271 3271 962 3271 962 962 962 1862 962 962 962 2633 2783 2783
4331 4331 4331 4331 4331 4331 4331 4331 4331 4331 4331 4331 2633 2633 4357 4357 4968 962 4669 1862
4968 962 4669 1862 962 2783 2783 962 2783 4669 4669 4669 4669 1862 4357 4968 4968 3271 962 3271
3271 3271 962 3271 3271 3271 962 3271 3271 962 962 3271 962 1862 3271 3271 3271 962 962 3271
4669 1862 962 2783 2783 962 2783 4669 4669 4669 4669 1862 2783 1862 1862 3271 962 3271 3271 3271
2633 2633 4357 4357 4968 962 4669 1862 962 2783 2783 2783 2783 4669 4669 4669 4669 1862 2783 1862
4669 4669 4669 1862 2783 1862 1862 3271 962 3271 3271 3271 962 3271 3271 3271 962 3271 3271 962
3271 1862 3271 3271 962 962 3271 962 962 1862 962 962 962 962 2783 4357 4669 1862 4669 2783
962 2783 2783 962 2783 4669 4669 4669 4669 1862 2783 4968 1862 3271 962 3271 3271 3271 962 3271
4968 4968 4968 4968 4968 2633 4968 4968 4968 4968 2633 2633 4968 4968 2633 2633 2633 2633 2633 2633
962 3271 962 1862 962 3271 3271 3271 962 962 3271 3271 3271 962 962 3271 1862 962 3271 962
4669 1862 2783 1862 1862 3271 962 3271 3271 3271 962 3271 3271 3271 962 3271 3271 962 3271 1862
3271 962 962 1862 3271 962 3271 3271 962 3271 3271 3271 962 3271 4968 962 1862 962 962 962
962 3271 962 962 2783 3271 4968 4968 2633 2633 4968 4331 4331 4331 4331 4331 4331 4331 4331 4331
2783 4669 1862 962 2783 2783 962 2783 4669 4669 4669 4669 1862 2783 1862 1862 3271 962 3271 3271
4331 4331 4331 4331 4331 4331 4331 4331 4331 4331 4331 4331 4331 4331 4331 2633 2633 2633 2633 2633
962 4968 4968 962 4669 4968 962 962 4669 4669 4968 962 4968 962 4968 4968 962 4669 4968 962
3271 1862 3271 3271 962 962 3271 3271 3271 962 962 3271 3271 1862 962 3271 962 3271 3271 962
3271 962 962 962 3271 1862 3271 3271 962 962 3271 962 1862 962 962 962 962 2783 4357 4669
962 3271 962 3271 962 3271 962 3271 962 3271 3271 962 1862 3271 962 3271 3271 3271 962 3271
3271 962 3271 3271 3271 2633 2633 962 3271 3271 3271 962 3271 3271 962 962 3271 1862 962 3271
1862 962 3271 3271 962 3271 3271 3271 962 1862 962 962 2783 2783 4669 2633 2633 1862 4669 4357
3271 962 3271 962 3271 962 3271 962 962 3271 3271 962 1862 3271 962 3271 3271 962 3271 3271
3271 962 3271 3271 3271 962 3271 3271 962 962 962 3271 1862 3271 3271 962 962 962 962 1862
3271 962 3271 962 962 962 962 2783 2783 962 2783 1862 4669 4669 4669 4669 962 962 962 1862
962 4968 4968 962 4669 4968 962 962 4669 4968 962 4968 4968 962 4669 1862 962 2783 2783 962
3271 962 3271 1862 962 3271 962 3271 962 3271 962 3271 962 3271 962 3271 3271 962 3271 1862
3271 962 962 3271 962 962 1862 962 962 962 962 2783 2783 4669 1862 4669 2783 962 4669 4669
962 1862 962 962 2783 2783 4669 3271 1862 4669 962 2783 962 4669 4669 4968 2633 4968 4968 4968
4669 1862 962 2783 2783 962 2783 4669 4669 4669 4669 1862 2783 1862 1862 3271 962 3271 3271 3271
962 4968 4968 2783 4669 1862 962 2783 2783 962 2783 4669 4669 4669 4669 1862 2783 1862 1862 3271
4669 4669 1862 4357 4968 1862 3271 962 3271 3271 3271 962 3271 3271 3271 962 3271 1862 962 962
4968 962 4669 1862 4968 962 2783 2783 2783 2783 4669 4669 4669 4669 1862 2783 1862 1862 3271 962
3271 3271 3271 962 962 1862 3271 962 3271 962 962 962 962 4968 962 962 2783 2783 4669 2633
2633 2633 962 3271 3271 3271 962 3271 3271 962 962 3271 1862 962 3271 3271 3271 962 962 3271
4669 4669 1862 4357 4968 1862 3271 962 3271 3271 3271 962 3271 3271 3271 962 3271 1862 962 962
962 962 3271 3271 3271 962 3271 3271 1862 962 3271 962 3271 3271 962 3271 962 962 3271 3271
962 1862 962 4968 4968 3271 3271 3271 962 1862 3271 4968 4968 962 962 1862 962 962 2783 2783
3271 3271 3271 962 962 3271 3271 3271 962 3271 1862 962 3271 962 3271 962 3271 962 3271 962
4357 2783 4669 4669 4968 962 4669 1862 962 2783 2783 962 2783 4669 4669 4669 4669 1862 2783 4968
4968 4968 962 962 4968 962 962 4968 4968 962 4669 1862 962 2783 2783 962 2783 4669 4669 4669
3271 962 3271 1862 3271 962 3271 3271 962 962 962 962 1862 962 962 962 2783 2783 4669 2633
1862 3271 3271 962 962 3271 3271 3271 962 962 3271 3271 1862 962 3271 962 3271 962 3271 962
2633 2633 2633 1862 4669 962 2783 962 4669 4669 4357 4357 4968 962 4968 4968 962 962 4669 4669
4669 1862 3271 962 3271 3271 3271 4968 962 3271 3271 1862 4968 962 3271 3271 4968 4968 4968 962
4331 4331 4331 4331 4331 4331 4331 4331 4331 4331 2633 2633 4357 4357 4968 962 4669 1862 962 2783
3271 3271 962 3271 1862 962 962 3271 3271 962 962 3271 962 962 3271 962 962 962 962 2783
3271 3271 962 962 3271 1862 962 3271 962 3271 962 3271 962 3271 962 3271 962 3271 3271 962
962 2783 2783 4669 1862 4669 2783 962 4669 4669 4968 962 4669 1862 962 2783 2783 962 2783 4669
2783 2783 2783 2783 4669 4669 4669 4669 1862 2783 3271 1862 3271 962 3271 3271 3271 962 3271 3271
4669 2633 2633 2633 1862 4669 2783 962 4669 4669 4357 4357 4968 962 4669 4968 962 962 4669 4669
4357 1862 1862 3271 962 3271 3271 3271 962 3271 3271 3271 962 3271 3271 962 962 962 3271 1862
2633 2633 2633 2633 2633 2633 2633 4331 4331 4331 4331 4331 4331 4331 4331 4331 4331 4331 4331 4331
3271 962 962 3271 3271 3271 3271 962 3271 1862 962 3271 962 3271 962 3271 962 3271 962 3271
2783 4669 1862 4669 962 3271 3271 3271 962 3271 3271 4357 962 4669 4669 962 962 3271 1862 962
2783 4669 2633 2633 1862 4669 962 2783 962 4669 4669 4357 4357 4968 962 4669 4968 962 962 4669
962 4669 1862 962 2783 2783 962 2783 4669 4669 4669 4669 1862 2783 4968 1862 3271 962 3271 3271
4968 962 4968 4968 4968 962 4968 4968 962 2633 2633 962 4968 4968 962 4669 1862 962 2783 2783
4669 4968 962 962 4669 4669 962 4968 4968 962 4968 4968 962 962 4968 4968 962 962 4968 4968
1862 2783 1862 1862 3271 1862 962 3271 3271 1862 962 3271 3271 962 3271 3271 3271 962 3271 962
4669 2633 2633 2633 1862 4669 2783 2783 4669 4669 4357 4357 4968 962 4669 4968 962 962 4669 4669
2633 2633 4968 4968 4968 4968 2633 2633 2633 2633 2633 2633 2633 2633 2633 2633 2633 2633 2633 2633
4968 4968 4968 4968 2633 2633 2633 2633 2633 2633 2633 2633 2633 2633 2633 2633 2633 2633 2633 2633
4968 4968 962 962 4968 4968 962 4669 1862 962 2783 2783 962 2783 4669 4669 4669 4669 1862 2783
3271 962 3271 3271 962 3271 962 1862 962 962 962 962 4357 4669 2633 2633 2633 2633 2633 2633
962 3271 3271 3271 962 962 3271 1862 962 3271 962 3271 962 3271 962 3271 962 3271 962 3271
4669 4669 4669 4669 1862 2783 3271 1862 3271 962 3271 3271 3271 962 3271 3271 3271 962 3271 3271
3271 3271 3271 962 962 1862 3271 3271 962 3271 3271 962 3271 3271 962 3271 962 1862 962 962
4968 962 962 4968 4968 4669 4968 4968 962 4669 1862 962 2783 2783 962 2783 4669 4669 4669 4669
962 2783 4669 4669 4669 4669 1862 2783 4968 4968 3271 962 3271 3271 3271 962 3271 3271 3271 962
4357 2633 4968 4968 962 4669 4968 962 962 4669 4669 962 4669 4968 4968 4968 4968 4968 4968 962
1862 3271 962 962 3271 962 3271 962 3271 3271 3271 962 962 1862 962 962 962 962 2783 2783
4331 4331 4331 4331 4331 4331 4331 4331 4331 4331 4331 4331 4331 4331 4331 2633 2633 4357 4357 4968
3271 962 3271 962 2633 962 962 962 962 1862 962 2783 4669 2633 2633 2633 2633 2633 2633 2633
3271 3271 962 962 3271 962 1862 3271 3271 962 962 3271 962 962 1862 962 962 962 962 2783
1862 3271 962 962 962 962 1862 962 2783 1862 2783 2783 4669 1862 4669 962 2783 962 4669 4669
1862 962 3271 3271 3271 962 3271 3271 962 4669 962 3271 962 1862 1862 962 3271 3271 962 3271
4669 4968 962 4669 1862 962 2783 2783 962 2783 4669 4669 4669 4669 1862 2783 4968 1862 3271 962
1862 962 962 962 962 2783 4669 4968 4968 4968 4968 4968 4968 4968 4968 4968 4968 4968 4968 4968
1862 3271 4968 4968 962 962 1862 962 962 2783 2783 4669 4357 1862 4669 962 2783 962 4669 4669
2783 3271 4968 962 1862 962 962 962 962 2783 4669 4968 4968 4968 4968 4968 4968 4968 4968 4968
962 3271 962 3271 3271 962 962 3271 1862 3271 3271 962 3271 962 3271 3271 962 962 1862 962
962 3271 962 3271 962 3271 962 3271 962 3271 3271 3271 962 962 1862 3271 962 3271 3271 962
962 4669 4968 962 962 4669 4968 962 962 4968 4968 4968 4968 4968 4968 4968 4968 4968 4968 962
962 2633 2633 962 2633 962 962 2633 4669 2633 2633 962 2633 2633 2633 2633 2633 2633 2633 2633
2633 4968 4968 4968 4968 2633 2633 2633 2633 2633 2633 2633 2633 2633 2633 2633 2633 2633 2633 2633
962 4968 4968 962 962 4968 4968 962 962 4968 4968 962 4669 1862 962 2783 2783 962 2783 4669
2783 2783 962 2783 4669 4669 4669 4669 1862 2783 4669 1862 3271 962 3271 3271 3271 1862 962 3271
4669 4669 4669 1862 2783 3271 1862 3271 962 3271 3271 3271 962 3271 3271 3271 962 3271 3271 962
3271 3271 962 3271 3271 3271 962 3271 3271 962 962 3271 962 1862 3271 3271 962 962 3271 3271
962 962 3271 3271 3271 3271 962 962 3271 1862 962 3271 962 3271 962 3271 962 3271 962 3271
962 2783 4669 4669 4669 4669 1862 2783 1862 1862 3271 962 3271 3271 3271 962 3271 3271 3271 962
3271 962 3271 3271 962 962 3271 962 3271 3271 3271 962 962 1862 3271 3271 962 3271 3271 962
962 3271 1862 3271 962 962 962 3271 3271 3271 3271 962 3271 3271 1862 962 3271 3271 962 3271
962 3271 3271 3271 962 962 3271 1862 3271 962 962 962 3271 3271 3271 3271 962 3271 3271 1862
3271 962 962 1862 962 962 962 962 2783 2783 4669 1862 4669 2783 962 4669 4669 4968 962 4669
4331 4331 4331 4331 2633 2633 4968 4357 4968 962 4669 1862 962 2783 2783 962 2783 4669 4669 4669
3271 3271 962 3271 3271 3271 962 3271 3271 962 962 3271 962 1862 3271 3271 962 962 3271 962
3271 3271 962 3271 3271 962 962 3271 1862 962 3271 3271 962 962 3271 3271 3271 962 3271 1862
4331 4331 4331 4331 4331 4331 4331 4331 4331 4331 4331 4331 4331 4331 4331 4331 2633 2633 4357 4357
962 962 962 962 4968 962 962 2783 2783 4669 2633 2633 1862 4669 962 2783 962 4669 4669 2633
3271 1862 962 3271 3271 1862 962 3271 3271 962 3271 3271 3271 962 3271 962 962 3271 3271 1862
3271 3271 3271 962 3271 3271 3271 962 3271 3271 962 962 962 3271 1862 3271 3271 962 962 3271
4357 1862 1862 3271 962 3271 3271 3271 962 3271 3271 3271 962 3271 3271 962 962 3271 962 1862
962 1862 962 962 962 962 2783 2783 4669 1862 4669 2783 962 4669 4669 4968 962 4669 1862 962
1862 962 3271 3271 3271 962 962 3271 3271 3271 962 3271 1862 962 3271 962 3271 962 3271 962
962 3271 3271 962 962 3271 3271 3271 962 3271 3271 1862 962 3271 962 3271 962 3271 962 3271
962 1862 3271 962 3271 962 962 1862 962 962 2783 4968 962 4968 4968 962 4968 4968 962 962
962 962 2783 2783 4669 1862 4669 2783 962 4669 4669 4968 962 4669 1862 962 2783 2783 962 2783
962 962 3271 3271 1862 962 3271 3271 962 962 962 3271 962 3271 3271 3271 962 962 1862 3271
4669 4669 962 4669 4968 962 4968 4968 962 962 4968 4968 962 4968 4968 962 4669 1862 962 2783
962 962 3271 3271 1862 962 3271 962 3271 962 3271 962 3271 962 3271 3271 962 962 1862 3271
4331 4331 4331 4331 4331 4331 4331 4331 4331 4331 2633 2633 4357 4357 4968 962 4669 1862 962 2783
4669 4669 1862 2783 3271 1862 3271 962 3271 3271 3271 962 962 3271 3271 3271 1862 3271 962 962
4669 4669 4669 1862 2783 4968 1862 3271 962 3271 3271 3271 962 3271 3271 3271 962 3271 3271 962
4968 4968 4968 2633 2633 2633 2633 2633 2633 2633 2633 2633 2633 2633 2633 2633 2633 2633 2633 2633
3271 962 962 3271 962 3271 3271 962 962 1862 3271 962 3271 3271 962 3271 3271 3271 962 3271
962 4669 4357 4357 4968 962 4669 4968 962 962 4669 4669 4968 962 4968 962 4669 962 4669 4968
962 962 3271 1862 962 3271 962 3271 962 3271 962 3271 962 3271 962 3271 3271 962 1862 3271
3271 3271 3271 962 962 3271 962 3271 1862 3271 962 3271 3271 962 962 3271 962 3271 3271 3271
962 4357 4669 4968 962 3271 3271 3271 962 3271 3271 962 4669 962 3271 962 1862 962 3271 3271
4968 2633 2633 4968 4357 4968 4968 962 4669 1862 962 2783 2783 962 2783 4669 4669 4669 4669 1862
4669 1862 962 2783 2783 962 2783 4669 4669 4669 4669 1862 2783 1862 1862 3271 962 3271 3271 3271
962 962 4968 4968 962 4669 1862 962 2783 2783 962 2783 4669 4669 4669 4669 1862 2783 4968 1862
4968 4968 4968 4968 2633 2633 2633 2633 2633 2633 2633 2633 2633 2633 2633 2633 2633 2633 2633 2633
2783 2783 4669 1862 4669 2783 962 4669 4669 4968 962 4669 1862 962 2783 2783 962 2783 4669 4669
962 962 962 2783 2783 4669 1862 4669 2783 962 4669 4669 4968 962 4669 1862 962 2783 2783 962
1862 962 3271 962 3271 962 3271 962 3271 962 3271 3271 3271 962 962 962 1862 3271 962 962
962 3271 962 3271 3271 962 3271 3271 962 1862 3271 962 3271 962 962 962 962 1862 962 962
4669 4669 4669 4669 1862 2783 1862 1862 3271 962 3271 3271 3271 962 3271 3271 3271 962 3271 3271
962 4669 1862 962 2783 2783 962 2783 4669 4669 4669 4669 1862 2783 1862 1862 3271 962 3271 3271
4331 4331 4331 4331 2633 2633 4357 4357 4968 962 4669 1862 962 2783 2783 962 2783 4669 4669 4669
962 3271 962 3271 3271 962 962 1862 2783 4669 3271 3271 962 962 962 962 1862 962 3271 3271
4669 4669 4669 1862 2783 1862 1862 3271 962 3271 3271 3271 962 3271 3271 3271 962 3271 3271 962
2783 962 4669 4669 4357 4357 4968 962 4968 4968 962 962 4968 4968 962 4968 4968 962 4968 4968
962 2783 2783 962 2783 4669 4669 4669 4669 1862 2783 4968 4968 3271 962 3271 3271 3271 962 3271
3271 962 3271 962 3271 962 3271 3271 962 3271 962 1862 3271 962 3271 3271 962 3271 3271 962
2633 4331 4331 4331 4331 4331 4331 4331 4331 4331 4331 4331 4331 4331 4331 4331 4331 2633 2633 4357
2633 2633 2633 2633 4331 4331 4331 4331 4331 4331 4331 4331 4331 4331 4331 4331 4331 4331 4331 4331
962 4669 4968 962 962 4669 4669 4968 962 4968 962 4968 962 4669 4968 962 962 4968 4968 962
962 3271 3271 1862 962 3271 3271 3271 962 3271 3271 962 962 3271 962 1862 3271 3271 962 962
1862 4669 2783 962 4669 4669 4968 962 4669 1862 962 2783 2783 962 2783 4669 4669 4669 4669 1862
1862 3271 962 3271 3271 3271 962 3271 3271 3271 962 3271 3271 962 962 962 3271 1862 3271 3271
4968 962 4968 4968 962 962 4968 4968 962 962 4968 962 962 4968 4968 962 4669 1862 962 2783
4357 4968 962 4669 4968 962 962 4968 4669 962 4669 4968 962 4968 4968 962 962 4669 4968 962
1862 962 3271 3271 3271 962 962 3271 3271 3271 962 962 3271 1862 962 3271 962 3271 962 3271
4331 4331 4331 2633 2633 4357 4357 4968 962 4669 1862 962 2783 2783 962 2783 4669 4669 4669 4669
3271 962 962 962 1862 962 962 962 2783 2783 4669 2633 2633 2633 1862 4669 2633 962 4669 4669
3271 3271 962 962 3271 3271 3271 962 962 3271 3271 1862 962 3271 962 3271 962 3271 962 3271
962 962 3271 3271 3271 962 962 962 3271 1862 3271 962 3271 962 962 962 962 1862 962 962
3271 962 3271 3271 962 962 3271 962 3271 3271 3271 962 962 1862 3271 3271 962 3271 3271 962
4669 4669 962 4669 4357 4357 4968 962 4669 4968 962 962 4669 4669 962 4669 4968 962 4968 4968
962 3271 3271 962 962 962 962 1862 3271 3271 3271 3271 962 962 962 1862 962 3271 962 3271
4357 4968 962 4669 4968 962 962 4669 4669 962 4669 4968 962 4968 4968 962 962 4669 4968 962
3271 3271 962 962 3271 1862 962 3271 962 3271 962 3271 962 3271 962 3271 962 3271 3271 962
3271 962 3271 3271 962 1862 3271 962 962 962 962 1862 962 962 2783 2783 4669 4357 4968 4968
4968 4968 962 4968 4968 4968 4968 4968 4968 4968 4968 962 4968 4968 4968 4968 4968 4968 4968 4968
3271 962 962 3271 962 3271 3271 962 962 3271 1862 3271 962 3271 3271 962 962 962 1862 962
962 962 4669 4669 962 4669 4968 962 4968 4968 962 962 4669 4968 962 4968 4968 962 4669 1862
4968 2783 4669 4669 4669 4669 1862 2783 4968 3271 3271 962 3271 3271 3271 962 3271 3271 3271 962
3271 962 3271 3271 962 962 3271 962 1862 3271 3271 3271 962 962 3271 3271 3271 962 962 3271
4331 4331 4331 4331 4331 2633 4331 4331 4331 4331 4331 2633 2633 2633 2633 2633 2633 2633 2633 2633
962 962 1862 3271 3271 3271 3271 3271 962 1862 3271 962 3271 3271 962 3271 962 3271 3271 962
962 3271 3271 3271 962 3271 3271 962 962 962 3271 1862 3271 3271 962 962 3271 3271 962 962
1862 4669 2633 2633 2783 4669 4669 4968 4968 4968 4968 4968 4968 4968 2633 4968 4968 2633 2633 2633
3271 962 1862 3271 962 3271 3271 962 962 962 1862 962 962 962 2783 2783 4669 2633 2633 2633
962 3271 3271 962 3271 962 1862 962 3271 3271 962 962 3271 3271 3271 962 962 3271 3271 1862
3271 1862 962 3271 3271 3271 962 962 3271 3271 3271 962 962 3271 1862 962 3271 962 3271 962
4331 4331 4331 4331 4331 4331 4331 4331 4331 4331 2633 2633 4357 4357 4968 962 4669 1862 962 2783
3271 3271 962 962 1862 3271 962 3271 3271 962 3271 3271 3271 962 3271 4968 962 1862 962 962
3271 962 3271 3271 962 962 962 1862 962 962 962 2783 4357 4669 2633 2633 2633 1862 4669 2633
4357 4968 1862 3271 962 3271 3271 3271 962 3271 3271 3271 962 3271 3271 962 962 3271 1862 962
3271 3271 3271 962 3271 3271 962 962 3271 962 1862 962 962 3271 962 962 1862 962 962 1862
2633 1862 4669 962 2783 962 962 4669 4669 1862 4968 962 4669 1862 4357 4357 962 2783 2783 962
962 3271 3271 1862 962 3271 962 3271 962 3271 962 3271 962 3271 3271 3271 962 962 1862 3271
3271 1862 3271 3271 962 962 3271 3271 3271 3271 962 3271 1862 962 3271 962 3271 962 3271 962
3271 3271 962 3271 3271 962 962 962 3271 1862 3271 3271 962 962 3271 3271 3271 962 962 3271
1862 1862 3271 962 3271 3271 3271 962 3271 3271 3271 962 3271 3271 962 962 3271 962 1862 3271
4331 4331 4331 4331 4968 4968 4968 4968 4968 2633 2633 4357 4357 4968 962 4669 1862 962 2783 2783
962 962 962 2783 2783 4669 1862 4669 2783 962 962 4669 4669 4968 4968 962 4669 1862 962 2783
4968 4968 962 4968 4968 4968 4968 4968 4968 4968 4968 4968 4968 962 4968 4968 4968 962 4968 4968
2633 4669 4669 4669 4669 1862 2783 3271 3271 3271 962 3271 3271 3271 962 3271 3271 3271 962 3271
1862 3271 1862 4669 4968 962 3271 3271 3271 962 4357 4968 4968 962 3271 3271 3271 962 3271 3271
2633 2633 2633 2633 2633 2633 2633 4357 2633 2633 4357 4357 4968 962 4669 1862 962 2783 2783 962
962 4669 1862 962 2783 2783 962 2783 4669 4669 4669 4669 1862 2783 4968 1862 3271 962 3271 3271
4331 4331 4331 4331 4331 4331 4331 4331 4331 4331 4331 4331 4331 2633 2633 2633 2633 2633 2633 2633
4968 4968 4968 4357 4968 4968 4968 4357 3271 962 4669 1862 962 2783 2783 962 2783 4669 4669 4669
962 3271 3271 962 962 962 1862 962 962 962 2783 962 4669 2633 2633 2633 1862 4669 962 962
4968 4968 4968 4968 2633 2633 2633 2633 2633 2633 2633 2633 2633 2633 2633 2633 2633 2633 2633 2633
2783 962 4669 4669 962 4669 4357 4357 4968 962 4669 4968 962 962 4669 4669 962 4669 4968 962
3271 962 3271 3271 3271 962 3271 962 1862 3271 962 3271 962 962 962 962 1862 962 962 2783
962 962 3271 962 1862 3271 962 962 1862 962 962 2783 2783 4669 1862 4669 2783 962 4669 4669
3271 3271 962 962 962 962 1862 962 962 2783 2783 4669 1862 4669 2633 4357 962 4669 4669 4968
2633 1862 4669 2783 962 4669 4669 962 4669 4357 4357 4968 962 4669 4968 962 962 4669 4669 962
1862 1862 3271 962 3271 3271 3271 962 3271 3271 3271 962 3271 3271 962 962 962 3271 1862 3271
962 3271 3271 3271 962 3271 3271 3271 962 3271 3271 962 962 962 3271 1862 3271 3271 962 962
2633 2633 2633 2633 4968 962 4669 1862 962 2783 2783 2633 4669 4669 2633 2633 2633 962 4669 2633
3271 962 962 962 3271 1862 3271 3271 962 962 3271 3271 3271 962 962 3271 1862 962 3271 962
3271 3271 962 3271 3271 962 962 3271 1862 962 3271 3271 3271 962 962 3271 3271 3271 962 962
962 4968 4357 4968 4968 962 4968 4968 962 4669 4968 962 962 4669 4669 4968 962 4968 962 4968
3271 1862 3271 3271 962 3271 962 3271 3271 962 962 1862 962 962 3271 962 1862 3271 962 1862
962 962 1862 962 2633 962 2783 2783 4669 2633 2633 1862 4669 962 2633 962 4669 4669 4357 4357
3271 1862 962 3271 3271 962 3271 962 962 3271 3271 962 3271 962 962 962 1862 3271 3271 962
4669 4669 4669 1862 962 4968 1862 3271 962 3271 3271 3271 962 3271 3271 3271 962 3271 3271 962
2783 962 2783 4669 4669 4669 4669 1862 2783 4669 1862 3271 962 3271 3271 3271 4968 962 3271 3271
3271 3271 962 962 962 3271 962 3271 3271 3271 962 962 1862 3271 3271 962 3271 3271 962 3271
4669 1862 962 2783 2783 962 2783 4669 4669 4669 4669 1862 4357 4968 1862 3271 962 3271 3271 3271
4669 962 4968 4968 962 4968 4968 962 962 4968 4968 962 962 4968 4968 962 4669 1862 962 2783
962 4669 4968 962 962 4669 4669 962 4968 4968 962 4968 4968 962 962 4669 4968 962 962 4968
4968 4968 4357 4357 4968 4968 4968 962 4669 4968 4968 962 962 4669 4968 962 4968 4968 4968 962
4968 4968 962 4669 1862 962 2783 2783 962 2783 4669 4669 4669 4669 1862 962 4968 1862 3271 962
3271 962 3271 3271 962 962 3271 962 3271 3271 962 3271 962 1862 3271 962 3271 3271 3271 962
4669 962 3271 962 1862 962 3271 3271 3271 962 962 3271 3271 3271 962 962 3271 1862 962 3271
962 3271 962 3271 962 3271 3271 962 962 1862 3271 962 3271 3271 962 3271 962 962 1862 962
4968 962 962 4669 4669 962 4968 4968 962 4968 4968 962 962 4968 4968 962 4968 4968 962 4669
962 2633 2783 2783 4669 2633 2633 1862 4669 2783 962 4669 4669 4357 4357 4968 962 4669 4968 962
962 2783 2783 4669 1862 4669 2783 4669 1862 3271 2783 962 4669 4669 962 3271 3271 3271 962 3271
962 962 2783 2783 4669 2633 2633 2633 1862 4669 2783 962 4669 4669 962 4669 4357 4357 4968 962
4331 4331 4331 4331 4331 4331 4331 4331 4331 4331 4331 4331 4331 2633 2633 4357 4357 4968 962 4669
4669 1862 2783 1862 1862 3271 962 3271 3271 3271 962 3271 3271 3271 962 3271 3271 962 962 962
3271 1862 962 3271 3271 3271 962 962 3271 3271 3271 962 962 3271 1862 962 3271 962 3271 962
4357 4968 962 4669 1862 962 2783 2783 962 2783 4669 4669 4669 4669 1862 4357 4968 1862 3271 962
962 3271 962 1862 962 3271 962 3271 3271 962 3271 962 3271 962 3271 962 962 1862 3271 962
4357 4968 962 4669 1862 962 2783 2783 962 2783 4669 4669 4669 4669 1862 2783 4968 1862 3271 962
3271 1862 3271 962 3271 962 962 962 962 1862 962 962 2783 2783 4669 2633 2633 2633 1862 4669
962 1862 962 3271 3271 962 3271 962 962 962 1862 962 962 962 962 2783 4357 4669 1862 4669
962 3271 3271 962 962 3271 1862 962 3271 3271 3271 962 962 3271 3271 3271 962 3271 1862 962
4968 4968 2633 2633 2633 2633 2633 2633 2633 2633 2633 2633 2633 2633 2633 2633 2633 2633 2633 2633
962 962 962 3271 1862 3271 3271 962 962 3271 3271 3271 3271 962 962 3271 1862 962 3271 962
2633 2633 2633 3271 4331 4331 4331 4331 4331 4331 4331 4331 4331 4331 4331 4331 4331 4331 4331 4331
3271 3271 1862 962 3271 962 3271 3271 962 3271 962 3271 962 3271 3271 3271 962 962 1862 3271
4968 4968 962 962 4669 4968 962 4968 4968 962 4669 1862 962 2783 2783 962 2783 4669 4669 4669
4331 4331 4331 4331 4331 4331 4331 4331 4331 4331 4331 4331 4331 4331 4331 2633 2633 4357 4357 4968
962 3271 3271 3271 962 3271 3271 3271 962 3271 3271 962 962 962 3271 1862 3271 3271 962 962
3271 3271 962 3271 962 1862 962 3271 3271 962 962 3271 3271 3271 962 962 3271 3271 1862 962
2783 962 2783 4669 4669 4669 4669 1862 2783 1862 1862 3271 962 3271 3271 1862 962 3271 3271 3271
3271 962 3271 962 1862 962 3271 962 3271 3271 962 3271 962 3271 962 3271 962 962 1862 3271
2633 2633 4968 4968 4968 4968 2633 2633 2633 2633 2633 2633 2633 2633 2633 2633 2633 2633 2633 2633
962 3271 962 3271 962 3271 962 3271 962 3271 3271 962 962 1862 3271 962 3271 962 962 962
3271 3271 3271 962 3271 3271 962 3271 1862 962 962 3271 3271 3271 962 962 3271 3271 3271 962
4968 2633 2633 2633 2633 2633 2633 2633 2633 2633 2633 2633 2633 2633 2633 2633 2633 2633 2633 2633
4968 4968 2633 2633 2633 2633 2633 2633 2633 2633 2633 2633 2633 2633 2633 2633 2633 2633 2633 2633
962 962 4669 4669 962 4968 4968 4968 962 4669 4968 962 962 4968 4968 962 4968 4968 962 4669
3271 1862 3271 3271 962 962 3271 962 962 1862 962 962 962 962 2783 2783 4669 1862 4669 2783
4669 4357 4357 4968 962 4669 4968 962 962 4669 4669 962 4669 4968 962 4968 4968 962 962 4968
962 962 962 2783 2783 4669 2633 2633 2633 1862 4669 962 962 4669 4669 4357 4357 4968 962 4669
3271 962 962 3271 962 1862 3271 3271 962 962 3271 3271 3271 3271 962 962 3271 1862 962 3271
3271 962 3271 3271 962 3271 3271 962 3271 962 1862 962 962 962 962 2783 4669 2633 2633 2633
962 3271 3271 3271 962 3271 3271 962 962 962 3271 1862 3271 3271 962 962 3271 3271 3271 962
962 3271 3271 3271 962 3271 3271 3271 962 3271 3271 962 962 3271 962 1862 3271 3271 962 962
4968 4968 4968 962 4968 4968 962 2633 2633 962 4968 4968 962 4669 1862 962 2783 2783 962 2783
962 4669 4968 962 4968 4968 962 962 4968 4968 962 4968 4968 962 4669 1862 962 2783 2783 962
4331 4331 4331 4331 4331 4331 4331 4331 4331 4331 4331 4331 4331 4331 4331 4331 2633 2633 4357 4357
962 1862 962 962 962 962 3271 3271 3271 3271 962 1862 962 962 962 1862 3271 3271 4968 962
1862 962 2783 2783 962 2783 4669 4669 4669 4669 1862 4357 4968 1862 3271 962 3271 3271 3271 962
4331 4331 4331 4331 4331 4331 4331 4331 4331 4331 4331 4331 4331 4331 2633 2633 4357 4357 4968 962
3271 4968 962 1862 962 962 962 962 2783 4669 4968 4968 4968 4968 4968 4968 4968 4968 4968 4968
3271 962 962 3271 3271 3271 962 962 3271 3271 1862 962 3271 962 3271 3271 962 3271 962 3271
962 3271 3271 962 962 962 3271 1862 3271 3271 962 962 3271 3271 3271 3271 962 962 3271 1862
3271 4968 962 3271 3271 1862 4968 962 3271 3271 4968 4968 4968 962 962 3271 1862 3271 3271 962
962 962 962 3271 1862 3271 3271 962 962 3271 962 1862 962 962 962 962 2783 4357 4669 1862
4669 4669 4669 1862 2783 4968 1862 3271 962 3271 3271 3271 962 3271 3271 3271 962 3271 3271 962
2783 2783 962 2783 4669 4669 4669 4669 1862 2783 4968 1862 3271 962 3271 3271 3271 962 3271 3271
3271 962 3271 1862 962 962 3271 3271 962 962 3271 3271 3271 3271 962 962 3271 1862 3271 962
4357 4357 4968 962 4669 1862 962 2783 2783 962 2783 4669 4669 4669 4669 1862 2783 1862 1862 3271
4968 4968 4968 4968 4968 1862 4968 962 2783 962 4669 4669 2633 2633 4968 4968 2633 2633 4968 4968
2783 2783 4669 1862 4669 2783 2783 4669 4669 4968 962 4669 1862 962 2783 2783 962 2783 4669 4669
3271 962 3271 3271 962 3271 962 3271 962 3271 3271 962 962 1862 3271 962 3271 3271 3271 962
2633 4968 4968 2633 2633 4968 4968 4968 4357 4968 4968 4968 4357 1862 962 4669 1862 962 2783 2783
4968 962 4968 4968 4968 962 4968 4968 4968 962 4968 4968 962 4357 2633 962 4968 4968 962 4669
4331 4331 4331 4331 4331 4331 4331 4331 4331 4331 4331 4331 4331 4331 4331 4331 2633 2633 2633 2633
962 3271 1862 3271 3271 962 962 3271 3271 3271 962 962 3271 3271 1862 962 3271 962 3271 3271
3271 962 1862 3271 962 3271 3271 962 3271 3271 962 3271 962 1862 962 962 962 962 2783 4669
2633 2633 2633 2633 2633 2633 4331 4331 4331 4331 4331 4331 4331 4331 4331 4331 4331 4331 4331 4331
2783 2783 962 2783 4669 4669 4669 4669 1862 2783 1862 1862 3271 962 3271 3271 3271 962 3271 3271
962 3271 3271 962 962 3271 962 3271 962 3271 962 3271 3271 962 1862 3271 962 3271 3271 962
4669 962 3271 3271 3271 962 3271 1862 1862 962 962 3271 962 3271 3271 962 962 1862 2783 4669
962 4669 1862 962 2783 2783 962 2783 4669 4669 4669 4669 1862 962 4968 4968 3271 962 3271 3271
3271 3271 962 962 3271 3271 1862 962 3271 3271 962 962 962 3271 962 3271 3271 3271 962 962
3271 962 3271 962 3271 962 3271 3271 3271 962 962 962 1862 3271 962 962 962 962 1862 962
3271 3271 3271 3271 962 1862 3271 962 3271 3271 962 3271 962 3271 3271 962 962 3271 1862 3271
4357 4968 962 4669 1862 962 2783 2783 962 2783 4669 4669 4669 4669 1862 2783 1862 1862 3271 962
2633 2633 2633 2633 2633 2633 2633 2633 4331 4331 4331 4331 4331 4331 4331 4331 4331 4331 4331 4331
962 3271 3271 962 962 962 3271 1862 3271 3271 962 3271 962 3271 3271 3271 962 962 3271 1862
962 1862 3271 962 3271 3271 3271 962 3271 962 3271 3271 962 1862 962 962 962 962 2783 4669
4331 4331 2633 2633 4357 4357 4968 962 4669 1862 962 2783 2783 962 2783 4669 4669 4669 4669 1862
962 3271 3271 962 962 3271 962 3271 3271 3271 962 3271 962 1862 3271 962 3271 962 962 962
962 1862 3271 962 3271 3271 962 962 962 1862 962 962 962 2783 2783 4669 2633 2633 2633 1862
4357 4669 2633 2633 2633 1862 4669 2783 962 4669 4669 4357 4357 4968 962 4669 4968 962 962 4669
2783 962 2783 4669 4669 4669 4669 1862 2783 4669 1862 3271 962 3271 3271 3271 1862 962 3271 3271
962 2783 2783 4669 1862 4669 2783 2783 4669 4669 4968 962 4669 1862 962 2783 2783 962 2783 4669
962 962 2783 2783 4669 1862 4669 2783 2783 4669 4669 4968 962 4669 1862 962 2783 2783 962 2783
4357 4669 2633 2633 2633 1862 4669 2783 962 4669 4669 4357 4357 4968 962 4669 4968 962 962 4669
3271 3271 962 962 962 3271 1862 3271 3271 962 962 3271 3271 3271 962 962 3271 3271 1862 962
4968 4968 2633 2633 2633 2633 2633 2633 2633 2633 2633 2633 2633 2633 2633 2633 2633 2633 2633 2633
4968 4968 962 962 1862 962 962 2783 2783 4669 4357 1862 4669 962 2783 962 4669 4669 4968 2633
3271 3271 962 3271 962 1862 962 3271 3271 962 962 3271 3271 3271 962 962 3271 3271 1862 962
3271 962 962 3271 1862 962 3271 962 3271 962 3271 962 3271 962 3271 962 3271 3271 962 1862
1862 962 962 2783 2783 4669 3271 1862 4669 962 2783 962 4669 4669 4968 2633 4968 4968 4968 4968
3271 962 962 3271 962 962 962 962 2783 2783 4669 1862 4669 2783 962 4669 4669 962 4669 4968
962 3271 1862 3271 3271 962 962 3271 962 962 1862 962 962 962 962 2783 2783 4669 1862 4669
962 3271 962 3271 3271 3271 962 3271 962 1862 3271 962 3271 962 962 962 962 1862 962 962
962 4968 4669 962 4968 4968 962 4968 4968 962 962 4968 4968 962 962 4968 4968 962 4669 1862
1862 3271 3271 962 962 3271 3271 3271 962 962 3271 3271 1862 962 3271 962 3271 3271 962 962
4331 4331 4331 4331 4331 4331 4331 4331 4331 4331 4331 4331 4331 4331 2633 2633 2633 2633 2633 2633
4669 1862 4357 4968 1862 3271 962 3271 3271 3271 962 3271 3271 3271 962 3271 1862 962 962 3271
1862 962 3271 3271 962 962 962 962 1862 3271 3271 3271 3271 962 962 962 1862 962 3271 962
4669 4669 4669 4669 1862 2783 4968 1862 3271 962 3271 3271 3271 962 3271 3271 3271 962 3271 3271
962 4669 4968 962 4669 4968 962 962 4968 4968 962 4968 4968 962 4669 1862 962 2783 2783 962
2633 4331 4331 4331 4331 4331 4331 4331 4331 4331 4331 4331 4331 4331 4331 4331 4331 2633 2633 4357
962 962 3271 962 1862 3271 3271 3271 962 962 3271 3271 3271 962 962 3271 1862 962 3271 962
4669 4968 962 4968 4968 962 4669 1862 962 2783 2783 962 2783 4669 4669 4669 4669 1862 2783 3271
3271 3271 962 962 962 3271 1862 3271 3271 962 962 3271 3271 3271 962 962 3271 3271 1862 962
3271 3271 3271 962 3271 3271 3271 962 3271 3271 962 962 962 3271 1862 3271 3271 962 962 3271
4968 962 4669 4968 962 962 4968 4669 962 4968 4968 962 4968 4968 962 962 4968 4968 962 962
3271 962 3271 962 3271 962 3271 962 3271 3271 962 3271 3271 962 1862 3271 962 3271 3271 962
962 4968 4968 962 4669 4968 962 4669 4968 962 962 4968 4968 962 4968 4968 962 4669 1862 962
4331 4331 4331 4331 4331 4331 4331 2633 2633 4357 4357 4968 962 4669 1862 962 2783 2783 962 2783
962 4669 4968 962 4968 4968 962 4669 1862 962 2783 2783 962 2783 4669 4669 4669 4669 1862 2783
962 962 4968 962 962 2783 2783 4669 2633 2633 1862 4669 962 2783 962 4669 4669 2633 962 4669
962 962 3271 1862 962 3271 962 3271 962 3271 962 3271 962 3271 962 3271 3271 962 1862 3271
2783 4669 4669 4669 4669 1862 2783 4968 1862 3271 962 3271 3271 3271 962 3271 3271 3271 962 3271
2783 4669 2633 2633 1862 4669 2783 962 4669 4669 962 4669 4357 4357 4968 962 4669 4968 962 962
3271 962 3271 3271 3271 962 962 1862 3271 3271 962 3271 3271 962 3271 3271 962 3271 962 1862
962 962 962 3271 1862 3271 3271 962 962 3271 3271 3271 962 3271 3271 1862 962 3271 962 3271
2633 2633 2633 2633 4331 4331 4331 4331 4331 4331 4331 4331 4331 4331 4331 4331 4331 4331 4331 4331
3271 3271 3271 3271 962 962 3271 1862 962 3271 962 3271 962 3271 962 3271 962 3271 962 3271
3271 962 3271 1862 1862 962 962 3271 962 3271 3271 962 962 1862 2783 4669 1862 3271 962 962
4669 1862 4357 4968 1862 3271 962 3271 3271 3271 962 3271 3271 3271 962 3271 3271 962 962 3271
3271 962 1862 3271 3271 3271 962 962 3271 3271 3271 962 962 3271 1862 962 3271 962 3271 962
3271 962 3271 3271 3271 962 3271 3271 962 962 962 3271 1862 3271 3271 962 962 3271 962 3271
2633 2633 4968 4968 4968 4968 2633 2633 2633 2633 2633 2633 2633 2633 2633 2633 2633 2633 2633 2633
4669 4968 962 4669 1862 962 2783 2783 962 2783 4669 4669 4669 4669 1862 2783 1862 1862 3271 962
962 962 3271 3271 3271 962 1862 3271 962 3271 3271 962 962 962 1862 962 962 962 2783 2783
962 3271 962 962 962 962 2783 2783 4669 1862 4669 2783 962 4669 4669 4968 962 4669 1862 962
962 3271 3271 962 962 1862 3271 962 3271 3271 962 3271 962 3271 962 1862 3271 962 3271 962
2783 4669 4968 962 4669 4968 962 962 4968 4968 4968 4968 962 962 4968 4968 4968 4968 4968 4968
1862 4669 4357 4669 1862 3271 2783 962 4669 4669 962 3271 3271 3271 962 3271 3271 3271 962 3271
2633 2633 2633 2633 2633 2633 2633 2633 2633 4331 4331 4331 4331 4331 4331 4331 4331 4331 4331 4331
3271 3271 962 3271 3271 962 3271 1862 962 962 3271 3271 3271 962 962 3271 3271 3271 962 3271
3271 3271 962 962 3271 1862 3271 962 3271 962 3271 962 3271 962 3271 962 3271 3271 962 962
1862 962 962 962 2783 2783 4669 2633 2633 2633 1862 4669 962 962 4669 4669 4357 4357 4968 962
3271 3271 3271 3271 962 962 3271 1862 962 3271 962 3271 962 3271 962 3271 962 3271 962 3271
4669 1862 3271 962 3271 3271 3271 1862 962 3271 3271 3271 962 3271 3271 962 4669 962 3271 962
1862 962 3271 962 3271 3271 962 3271 962 3271 962 3271 962 962 1862 3271 962 3271 3271 962
3271 3271 1862 962 3271 962 3271 3271 962 3271 962 962 3271 3271 3271 962 962 962 3271 1862
4669 1862 4669 2783 962 4669 4669 4968 962 4669 1862 962 2783 2783 962 2783 4669 4669 4669 4669
2633 2633 2633 2633 4331 4331 4331 4331 4331 4331 4331 4331 4331 4331 4331 4331 4331 4331 4331 4331
3271 962 3271 962 3271 962 3271 3271 3271 962 962 1862 3271 962 3271 962 962 962 962 4968
3271 3271 962 3271 3271 3271 962 3271 3271 962 962 3271 962 1862 3271 3271 962 962 3271 3271
2783 2783 4669 2633 2633 1862 4669 2783 962 4669 4669 962 4669 4357 4357 4968 962 4669 4968 962
962 962 3271 1862 962 3271 962 3271 962 3271 962 3271 962 3271 962 3271 3271 962 1862 3271
2633 2633 2633 2633 2633 2633 2633 2633 2633 4331 4331 4331 4331 4331 4331 4331 4331 4331 4331 4331
3271 3271 962 962 3271 1862 962 3271 962 3271 3271 962 3271 962 3271 962 3271 3271 962 962
1862 962 962 962 962 2783 2783 4669 1862 4669 2783 962 4669 4669 4968 962 4669 1862 962 2783
4331 4331 4331 4331 4331 4331 4331 2633 2633 4357 4357 4968 962 4669 1862 962 2783 2783 962 2783
3271 3271 962 3271 3271 962 3271 962 1862 962 962 962 962 1862 962 2783 4669 2633 2633 2633
1862 962 3271 962 3271 962 3271 962 3271 962 3271 3271 3271 962 962 962 1862 3271 962 962
2633 2633 962 2633 962 2633 962 962 962 962 2633 4669 2633 2633 2633 2633 2633 2633 2633 2633
4331 4331 4331 4331 4331 4331 4331 4331 4331 4331 4331 2633 2633 4357 4357 4968 962 4669 1862 962
1862 962 2783 2783 962 2783 4669 4669 4669 4669 1862 2783 1862 1862 3271 962 3271 3271 1862 962
4968 4968 962 4968 4968 4968 4968 4968 4968 4968 4968 962 4968 4968 4968 4968 4968 4968 4968 4968
962 3271 3271 3271 962 3271 3271 3271 962 3271 3271 962 962 962 3271 1862 3271 3271 962 962
4331 4331 4331 4331 4331 4331 4331 2633 2633 4357 4357 4968 962 4669 1862 962 2783 2783 962 2783
3271 962 1862 3271 962 3271 1862 3271 3271 3271 3271 962 1862 962 962 962 4357 4669 2633 2633
4669 2783 962 4669 4669 4968 962 4669 1862 962 2783 2783 962 4357 4669 4669 4669 4669 1862 2783
2783 4669 2633 2633 2633 1862 4669 962 2783 962 2783 4669 4669 1862 4968 962 4669 1862 4357 4357
3271 3271 962 3271 962 3271 962 3271 3271 3271 962 962 1862 3271 962 3271 962 962 962 962
3271 962 3271 3271 3271 962 3271 3271 962 3271 1862 962 962 3271 3271 962 962 3271 3271 3271
4331 4331 4331 4331 4331 4331 4331 4331 4331 2633 2633 4357 4357 4968 962 4669 1862 962 2783 2783
962 962 2783 2783 4669 1862 4669 2633 2783 2783 4669 4669 4968 4968 4968 4968 4968 4968 4968 2633
1862 4669 962 2783 962 962 4669 4669 4968 4357 4357 4357 4968 962 4669 4968 962 962 4669 4968
3271 962 3271 3271 962 962 962 1862 962 962 962 2783 4357 4669 2633 2633 2633 1862 4669 2633
1862 962 2783 2783 962 2783 4669 4669 4669 4669 1862 2783 1862 1862 3271 962 3271 3271 3271 962
4331 4331 4331 4331 4331 4331 4331 4331 4331 4331 4331 4331 4331 4331 2633 2633 2633 2633 2633 2633
3271 962 962 962 1862 3271 962 962 962 962 1862 962 962 2633 2783 2783 4669 1862 4669 962
3271 3271 3271 962 3271 3271 3271 962 3271 3271 962 962 3271 1862 962 962 962 3271 962 1862
2633 2633 2633 2633 2633 2633 4331 4331 4331 4331 4331 4331 4331 4331 4331 4331 4331 4331 4331 4331
3271 962 962 3271 3271 3271 962 962 3271 3271 1862 962 3271 3271 962 962 962 3271 962 3271
4968 4968 962 4669 1862 962 2783 2783 962 2783 4669 4669 4669 4669 1862 4357 4968 1862 3271 962
4968 4669 2783 4669 962 4968 4968 962 4968 4968 962 962 4968 4968 962 962 4968 4968 962 4669
1862 4669 2783 962 4669 4669 4357 4357 4968 962 4669 4968 962 962 4968 4669 962 4669 4968 962
4357 4968 962 4669 4968 962 962 4669 4669 962 4669 4968 962 4968 4968 962 962 4669 4968 962
3271 962 3271 3271 3271 962 3271 3271 3271 962 3271 3271 962 962 3271 962 1862 3271 3271 962
962 962 1862 3271 3271 4968 962 1862 962 4968 4968 3271 3271 3271 962 1862 3271 4968 4968 962
962 962 1862 962 962 962 2783 2783 4669 4357 1862 4669 2783 962 4669 4669 4357 4357 4968 962
4669 1862 962 2783 2783 962 2783 4669 4669 4669 4669 1862 2783 1862 1862 3271 962 3271 3271 3271
962 962 4669 4669 962 4669 4968 962 4968 4968 962 962 4669 4968 962 4968 4968 962 4669 1862
962 962 2783 2783 4669 4669 1862 4669 2783 962 4669 4669 1862 4968 2633 4968 4968 4968 4968 4968
962 962 2783 2783 4669 1862 4669 2783 962 4669 4669 4968 962 4669 1862 962 2783 2783 962 2783
3271 3271 962 962 962 3271 1862 3271 3271 962 962 3271 962 962 1862 962 962 962 962 2783
4331 4331 4331 4331 4331 4331 4331 4331 4331 4331 4331 4331 2633 2633 4357 4357 4968 962 4669 1862
962 1862 962 3271 962 3271 3271 3271 3271 3271 962 3271 3271 962 3271 1862 962 3271 3271 962
1862 962 962 2783 2783 4669 2633 2633 1862 4669 2783 962 4669 4669 2633 4357 4357 4968 962 4669
2633 2633 2633 2633 2633 4331 4331 4331 4331 4331 4331 4331 4331 4331 4331 4331 4331 4331 4331 4331
3271 3271 962 3271 962 3271 962 3271 3271 962 962 1862 3271 962 3271 3271 3271 962 3271 3271
3271 3271 3271 962 962 3271 1862 962 3271 962 3271 962 3271 962 3271 962 3271 962 3271 3271
1862 2783 1862 1862 3271 962 3271 3271 3271 962 3271 3271 3271 962 3271 3271 962 962 3271 962
962 962 2783 3271 962 4968 4968 962 4968 4968 962 962 4968 962 4968 4357 4357 4968 962 4669
4331 4968 4968 4968 4968 4968 2633 2633 4357 4357 4968 962 4669 1862 962 2783 2783 962 2783 4669
4968 962 962 4968 4968 4669 4968 4968 962 4669 1862 962 2783 2783 962 2783 4669 4669 4669 4669
4669 4669 4669 4669 1862 2783 4968 4968 3271 962 3271 3271 3271 962 3271 3271 3271 962 3271 3271
4331 4331 4331 4331 4331 4331 4331 4331 4331 4331 4331 4331 4331 4331 4331 4331 2633 2633 4357 4357
4968 4968 2633 2633 2633 962 2633 2633 2633 2633 962 4968 2633 2633 2633 2633 2633 2633 2633 2633
4968 962 3271 3271 3271 962 3271 3271 962 4669 962 3271 962 1862 962 3271 3271 3271 962 962
3271 1862 3271 3271 962 962 3271 3271 3271 962 962 3271 3271 1862 962 3271 962 3271 3271 962
2783 4669 4669 4968 4968 4968 4968 4968 4968 4968 2633 4968 4968 2633 2633 2633 4968 4968 2633 2633
4968 2633 2633 2633 2633 2633 2633 2633 2633 2633 2633 2633 2633 2633 2633 2633 2633 2633 2633 2633
4968 4968 2633 2633 4968 4968 4968 4968 2633 2633 4968 2633 4968 4968 962 4669 1862 962 2783 2783
962 962 2783 2783 4669 2633 1862 4669 2783 2783 4669 4669 4357 4357 4968 962 4669 4968 962 962
2783 4669 1862 4669 2783 962 4669 4669 4968 962 4669 1862 962 2783 2783 962 2783 4669 4669 4669
962 3271 962 3271 3271 962 962 3271 1862 3271 962 3271 3271 962 3271 3271 962 3271 962 962
4669 1862 962 2783 2783 962 2783 4669 4669 4669 4669 1862 962 4968 4968 3271 962 3271 3271 3271
4968 4968 4968 4357 1862 962 4669 1862 962 2783 2783 962 2783 4669 4669 4669 4669 4968 1862 4968
4968 4968 4968 4968 4968 4968 4968 4968 4968 4968 4968 4968 4968 4968 4968 4968 4968 4357 4357 4968
3271 962 3271 3271 962 3271 3271 962 3271 962 1862 962 962 962 962 4357 4669 2633 2633 2633
1862 3271 3271 962 962 3271 3271 3271 962 962 3271 962 3271 1862 3271 962 3271 3271 962 962
962 3271 3271 3271 962 3271 3271 3271 962 3271 3271 962 962 3271 962 1862 3271 3271 962 962
1862 962 3271 962 3271 962 3271 962 3271 962 3271 3271 3271 962 962 962 1862 3271 962 962
4669 1862 962 2783 2783 962 2783 4669 4669 4669 4669 1862 962 4968 1862 3271 962 3271 3271 3271
2633 2633 962 2633 962 2633 962 962 962 962 2633 4669 2633 2633 2633 2633 2633 2633 2633 2633
4669 4968 962 962 4669 4669 962 4669 4968 962 4968 4968 962 962 4968 4968 962 4968 4968 962
4331 4331 4331 4331 4331 4331 4331 4331 4331 4331 2633 2633 4357 4357 4968 962 4669 1862 962 2783
4357 4357 4968 962 4669 4968 962 962 4669 4669 962 4669 4968 962 4968 4968 962 962 4968 4968
2633 2633 2633 2633 2633 2633 2633 2633 2633 2633 2633 2633 2633 2633 2633 2633 2633 2633 2633 2633
3271 3271 962 962 3271 1862 962 3271 962 3271 962 3271 962 3271 962 3271 962 3271 3271 962
2783 962 2783 4669 4669 4669 4669 1862 2783 4968 1862 3271 962 3271 3271 3271 962 3271 3271 3271
962 3271 1862 3271 3271 962 962 3271 3271 3271 962 962 3271 962 3271 1862 3271 962 3271 3271
3271 3271 3271 962 962 3271 3271 962 3271 962 3271 3271 3271 962 962 3271 962 3271 3271 962
4968 4669 962 4669 962 4968 4968 962 4968 4968 962 962 4669 4968 962 4968 4968 962 4669 1862
1862 962 3271 962 3271 962 3271 962 3271 962 3271 3271 962 3271 962 1862 3271 962 3271 3271
4357 4357 4968 962 4669 1862 962 2783 2783 962 2783 4669 4669 4669 4669 1862 2783 1862 1862 3271
3271 962 962 3271 3271 1862 962 3271 962 3271 962 3271 962 3271 962 3271 3271 3271 962 962
4331 4331 4331 4331 4331 4331 4331 4331 2633 2633 4357 4357 4968 962 4669 1862 962 2783 2783 962
4357 1862 1862 3271 962 3271 3271 3271 962 3271 3271 3271 962 3271 3271 962 962 962 3271 1862
