239 440 303 339 42 152 423 164 173 53 469 350 66 77 66 303 164 118 53 207
207 292 66 5 66 303 339 173 53 66 5 66 407 407 5 66 303 164 173 440
407 407 5 66 303 164 173 440 303 339 42 152 423 164 173 53 469 350 66 77
152 423 164 173 53 469 350 66 303 164 42 53 469 350 66 303 164 405 53 469
303 164 239 440 303 339 42 152 423 164 173 53 469 350 66 77 66 303 164 173
66 77 66 407 407 5 66 303 164 118 440 303 339 42 53 423 164 42 53 469
407 417 66 303 370 405 53 207 292 66 5 66 303 164 118 440 303 339 42 53
152 207 292 66 5 66 417 66 407 407 5 66 303 164 173 440 303 339 42 152
173 173 152 207 292 66 5 303 407 407 417 66 77 66 303 164 239 440 303 339
417 66 303 339 173 350 469 239 66 303 339 405 227 66 350 66 303 164 173 53
66 303 370 405 53 207 292 66 77 66 303 164 118 440 303 339 42 53 423 164
440 20 339 42 53 423 164 42 53 469 350 66 77 66 20 164 239 53 207 20
239 440 303 339 42 152 423 164 173 53 469 350 66 77 66 303 164 118 53 207
303 339 42 53 423 164 42 53 469 350 66 77 66 303 164 118 53 207 407 407
164 405 440 303 339 42 53 423 164 239 53 469 350 66 303 164 42 53 469 350
152 423 164 173 53 469 350 66 77 66 20 164 118 53 469 20 339 173 337 20
303 164 173 440 303 339 337 53 423 164 42 53 469 350 66 77 66 303 164 173
303 339 42 53 423 164 239 53 469 350 66 303 164 42 53 469 350 66 303 339
339 173 337 66 303 339 42 152 423 164 173 53 469 350 66 303 164 42 53 469
469 417 66 239 66 303 164 405 53 469 303 339 173 227 66 239 66 303 164 173
303 164 337 53 303 173 173 152 207 292 66 5 66 407 407 417 66 77 66 303
303 164 405 53 469 303 164 173 227 66 350 66 303 164 239 53 303 173 173 152
66 303 339 173 53 469 303 339 173 227 66 239 66 303 164 337 53 303 173 173
20 407 407 77 66 77 66 20 370 173 440 20 339 42 152 423 164 173 53 469
66 77 66 407 407 417 66 77 66 303 370 405 440 303 339 42 152 423 164 173
66 20 370 405 440 20 339 42 53 423 164 42 53 469 350 66 77 66 20 164
53 303 164 405 152 207 292 66 5 66 407 407 417 66 77 66 303 370 405 440
5 66 417 66 407 407 5 66 417 66 77 66 407 407 417 66 77 66 303 370
164 239 53 350 303 303 303 339 405 53 469 417 66 350 66 303 339 173 53 469
164 405 53 469 303 339 173 227 66 239 66 303 164 173 53 303 164 405 152 207
66 407 407 5 66 303 164 173 440 303 339 42 152 423 164 173 53 469 350 66
469 350 66 303 339 173 53 469 417 66 350 66 303 164 405 53 469 303 339 239
173 53 469 350 66 303 164 173 53 469 350 66 303 339 173 53 469 417 66 350
370 405 440 20 339 42 53 423 164 42 53 469 350 66 77 66 20 164 42 53
66 20 339 405 53 66 417 66 77 66 20 164 118 440 20 339 42 152 423 164
405 53 469 303 339 173 227 66 239 66 303 164 173 53 303 164 405 152 207 292
227 303 350 66 303 164 239 53 303 173 405 152 207 292 66 5 66 417 66 407
53 469 350 66 303 339 405 227 152 303 303 350 66 303 164 405 53 469 303 339
53 469 350 66 303 339 405 53 469 417 66 350 66 303 339 173 53 469 303 339
66 77 66 303 164 239 440 303 339 42 53 423 164 42 53 469 350 66 77 66
173 53 303 173 405 152 207 292 66 5 66 417 66 407 407 5 66 303 164 173
66 407 407 417 66 77 20 77 66 20 370 405 440 20 339 42 53 423 164 42
303 339 42 152 423 164 173 53 469 350 66 303 164 42 53 469 350 66 303 164
173 440 303 339 42 152 423 164 173 53 469 350 66 77 66 303 164 173 53 207
417 66 417 66 20 164 173 440 20 339 42 53 423 164 42 53 469 350 66 77
66 350 66 303 164 239 53 303 173 173 152 207 292 66 5 66 407 407 417 66
370 173 440 20 339 42 53 423 164 42 53 469 350 66 77 66 20 164 239 53
53 469 303 339 239 227 66 350 66 303 164 173 53 303 173 405 152 207 292 66
77 66 20 370 173 440 20 339 42 152 423 164 173 53 469 350 66 77 66 20
407 407 5 66 303 164 239 440 303 339 42 152 423 164 173 53 469 350 66 77
350 66 303 164 405 53 118 303 303 350 66 303 164 405 53 469 303 164 173 227
339 173 227 66 239 66 303 164 173 53 303 164 405 152 207 292 66 5 66 407
5 66 303 339 173 53 66 5 66 407 407 5 66 303 164 173 440 303 339 42
173 440 20 339 42 53 66 164 42 53 469 350 66 77 66 20 164 239 227 207
77 66 303 370 405 440 303 339 42 53 423 164 42 53 469 350 66 77 66 303
66 5 66 417 66 407 407 5 66 303 164 239 440 303 339 42 152 423 164 173
164 118 440 303 339 42 53 423 164 42 53 469 350 66 77 66 303 164 239 53
66 303 164 118 440 303 339 42 53 423 164 42 53 469 350 66 77 66 303 164
417 66 417 20 417 66 20 370 405 440 20 339 42 53 423 164 42 53 469 350
405 53 66 350 66 303 164 173 227 303 173 173 152 207 292 66 77 66 303 339
53 469 350 66 303 164 42 53 469 350 66 303 164 405 53 469 417 66 239 66
303 164 118 440 303 339 42 53 423 164 173 53 469 350 66 303 164 173 53 469
173 227 66 239 66 303 164 173 53 303 164 405 152 207 292 66 5 66 407 407
173 53 66 417 66 303 339 173 337 66 303 339 42 152 423 164 173 53 469 350
5 66 417 66 407 407 5 66 303 164 239 440 303 339 42 152 423 164 173 53
66 303 339 405 227 66 350 66 303 164 173 53 303 164 173 152 207 292 66 77
350 66 303 339 173 53 469 417 66 350 66 303 164 405 53 469 303 339 239 227
164 239 53 469 350 66 303 164 42 53 469 350 66 303 339 405 227 152 303 303
303 339 405 227 152 303 303 350 66 303 164 405 53 469 303 339 118 227 469 350
303 164 42 53 469 350 66 303 164 405 53 469 417 66 239 66 303 164 405 53
20 370 405 440 20 339 42 53 423 164 42 53 469 350 66 77 66 20 164 42
350 469 53 66 303 339 405 227 66 350 66 303 164 173 53 303 164 173 152 207
173 440 20 339 42 53 423 164 42 53 469 350 66 77 66 20 164 239 53 207
66 303 164 42 53 469 350 66 303 164 405 53 469 417 66 239 66 303 164 405
292 66 5 66 350 66 407 407 5 66 417 66 77 66 407 407 417 66 77 66
423 164 173 53 469 350 66 303 164 42 53 469 350 66 303 164 405 53 118 469
407 5 66 303 164 173 440 303 339 42 152 423 164 173 53 469 350 66 77 66
417 66 417 66 20 164 173 440 20 339 42 53 423 164 42 53 469 350 66 77
239 440 303 339 42 152 423 164 173 53 469 350 66 77 66 303 164 173 53 207
77 66 407 407 417 66 77 66 303 370 405 440 303 339 42 152 423 164 173 53
164 405 53 469 303 164 173 227 66 350 66 303 164 239 53 303 173 173 152 207
66 303 164 42 53 469 350 66 303 339 405 53 469 417 66 350 66 303 339 173
303 164 239 440 303 339 42 152 423 164 173 53 469 350 66 77 66 303 164 118
303 303 350 66 303 164 405 53 469 303 339 118 227 469 350 66 303 164 239 53
292 66 77 66 303 164 118 440 303 339 42 53 423 164 173 53 469 350 66 303
66 303 164 118 53 469 350 66 303 339 173 53 469 417 66 303 339 173 350 469
20 407 407 5 66 20 370 173 440 20 339 42 152 423 164 173 53 469 350 66
77 66 20 164 173 440 20 339 42 53 66 164 42 53 469 350 66 77 66 20
207 292 66 303 339 173 53 66 417 66 303 339 173 337 66 303 339 42 152 423
66 350 66 303 164 405 53 469 303 339 173 227 66 239 66 303 164 173 53 303
405 53 207 292 66 303 339 173 53 66 417 66 303 339 173 337 66 303 339 42
407 5 66 303 339 239 53 66 5 66 407 407 5 66 303 164 118 440 303 339
164 42 53 469 350 66 77 66 20 164 239 53 207 20 339 42 53 66 407 407
239 440 303 339 42 152 423 164 173 53 469 350 66 77 66 303 164 118 53 207
20 407 407 5 66 20 164 173 440 20 339 42 152 423 164 173 53 469 350 66
66 20 370 173 440 20 339 42 53 423 164 42 53 469 350 66 77 66 20 164
239 53 423 164 239 53 469 350 66 303 164 42 53 469 350 66 303 339 405 53
66 303 339 405 227 66 350 66 303 164 173 53 303 164 173 152 207 292 66 77
207 292 66 5 66 303 339 173 53 66 5 66 407 407 5 66 303 164 173 440
339 173 227 66 239 66 303 164 173 53 303 164 405 152 207 292 66 5 66 407
173 227 303 173 173 152 207 292 66 5 66 303 339 173 53 66 5 66 407 407
303 164 405 53 469 303 339 239 227 66 350 66 303 164 173 53 303 173 405 152
66 417 66 20 164 118 440 20 339 42 152 423 164 173 53 469 350 66 77 423
66 303 164 118 440 303 339 42 53 423 164 42 53 469 350 66 77 66 303 164
152 207 292 66 5 66 417 66 407 407 5 66 303 164 239 440 303 339 42 152
164 173 53 469 350 66 303 164 42 53 469 350 66 303 164 405 53 469 417 66
66 407 407 417 66 77 20 77 66 20 370 405 440 20 339 42 53 423 164 42
303 339 42 53 423 164 239 53 469 350 66 303 164 42 53 469 350 66 303 339
292 66 5 66 407 407 417 66 77 66 303 164 239 440 303 339 42 53 423 164
53 469 350 66 303 164 42 53 469 350 66 303 339 405 53 469 417 66 350 66
469 407 407 5 66 20 370 173 440 20 339 42 53 423 164 42 53 469 350 66
370 405 440 303 339 42 53 423 164 42 53 469 350 66 77 66 303 164 118 53
66 407 407 417 66 77 66 303 164 239 440 303 339 42 53 423 164 42 53 469
407 407 417 66 77 66 303 164 239 440 303 339 42 53 423 164 42 53 469 350
66 303 339 405 227 152 303 303 350 66 303 164 405 53 469 303 339 118 227 469
339 42 53 423 164 42 53 469 350 66 77 66 20 164 239 53 207 20 339 42
370 173 440 20 339 42 152 423 164 173 53 469 350 66 77 66 20 164 239 53
469 350 66 303 164 239 53 350 303 303 303 339 405 53 469 417 66 350 66 303
303 303 339 405 53 469 417 66 350 66 303 339 173 53 469 303 339 173 227 66
292 66 5 66 417 66 407 407 5 66 303 164 239 440 303 339 42 152 423 164
405 227 66 350 66 303 164 173 53 303 164 173 152 207 292 66 77 66 417 66
303 164 42 53 469 350 66 303 339 405 227 152 303 303 350 66 303 164 405 53
303 303 303 339 405 53 469 417 66 350 66 303 339 173 53 469 303 339 173 227
173 152 207 292 66 5 66 407 407 417 66 77 66 303 164 239 440 303 339 42
66 77 66 303 164 239 440 303 339 42 53 423 164 42 53 469 350 66 77 66
303 339 173 53 66 417 66 303 339 173 337 66 303 339 42 152 423 164 173 53
173 53 469 350 66 303 339 173 53 469 292 66 350 66 303 164 405 53 469 303
164 405 440 303 339 42 53 423 164 239 53 469 350 66 303 164 42 53 469 350
164 118 53 469 350 66 303 339 173 53 469 417 66 303 339 173 350 469 239 66
66 407 407 417 66 77 66 303 370 405 440 303 339 42 152 423 164 173 53 469
303 370 405 440 303 339 42 152 423 164 173 53 469 350 66 77 66 303 164 118
303 339 173 53 469 417 66 303 339 173 350 469 53 66 303 339 405 227 66 350
66 350 66 303 339 173 53 469 303 339 405 53 66 350 66 303 164 173 227 303
77 66 407 407 5 66 303 164 118 440 303 339 42 53 423 164 42 53 469 350
370 405 440 303 339 42 152 423 164 173 53 469 350 66 77 66 303 164 118 53
164 173 53 303 173 405 152 207 292 66 5 66 417 66 407 407 5 66 303 164
440 303 339 42 53 423 164 239 53 469 350 66 303 164 42 53 469 350 66 303
66 303 164 173 53 303 164 405 152 207 292 66 5 66 407 407 417 66 77 66
66 417 303 303 173 405 53 207 292 66 303 339 173 53 66 417 66 303 339 173
417 66 407 407 5 66 417 66 77 66 407 407 417 66 77 66 303 370 405 440
350 66 77 66 303 164 42 227 207 303 339 173 53 66 407 407 303 339 173 53
350 469 53 66 303 339 405 227 66 350 66 303 164 173 53 303 164 173 152 207
239 53 303 173 173 152 207 292 66 5 303 407 407 417 66 77 66 303 164 239
207 292 66 77 66 303 164 118 440 303 339 42 53 423 164 173 53 469 350 66
469 303 164 173 440 303 339 337 53 423 164 42 53 469 350 66 77 66 303 164
339 42 152 423 164 173 53 469 350 66 303 164 42 53 469 350 66 303 164 405
152 207 292 66 5 66 417 66 407 407 5 66 303 164 239 440 303 339 42 152
173 53 469 303 339 173 227 66 239 66 303 164 337 53 303 173 173 152 207 292
66 417 66 407 407 5 66 303 164 173 440 303 339 42 152 423 164 173 53 469
66 303 164 42 53 469 350 66 303 164 405 53 118 66 303 350 66 303 164 405
303 164 42 53 469 350 66 303 164 405 53 469 417 66 239 66 303 164 405 53
164 118 440 303 339 42 53 423 164 42 53 469 350 66 77 66 303 164 239 53
66 77 66 303 164 239 440 303 339 42 53 423 164 42 53 469 350 66 77 66
164 42 53 469 350 66 303 339 405 53 469 417 66 350 66 303 339 173 53 469
164 405 53 469 417 66 350 66 303 164 405 53 469 303 339 173 227 66 239 66
20 407 407 77 66 77 66 20 370 173 440 20 339 42 152 423 164 173 53 469
77 66 303 164 239 440 303 339 42 152 423 164 173 53 469 350 66 77 66 303
303 370 405 440 303 339 42 152 423 164 173 53 469 350 66 77 66 303 164 118
164 239 53 303 173 173 152 207 292 66 5 66 407 407 417 66 77 66 303 164
66 20 164 118 440 20 339 42 152 423 164 173 53 469 350 66 77 423 20 164
469 350 66 303 339 173 53 469 417 66 350 66 303 164 405 53 469 303 339 239
66 303 164 239 53 350 303 303 303 339 405 53 469 417 66 350 66 303 339 173
173 152 207 292 66 5 66 407 407 417 66 77 66 303 164 239 440 303 339 42
303 339 173 53 469 303 339 405 53 66 350 66 303 164 173 227 303 173 173 152
239 440 303 339 42 152 423 164 173 53 469 350 66 77 66 303 164 118 53 207
77 66 20 370 173 440 20 339 42 152 423 164 173 53 469 350 66 77 66 20
239 53 469 350 66 303 164 42 53 469 350 66 303 339 405 227 152 303 303 350
339 173 53 66 417 66 303 339 173 337 66 303 339 42 152 423 164 173 53 469
173 53 469 350 66 303 164 42 53 469 350 66 303 164 405 53 469 417 66 239
53 303 164 173 152 207 292 66 5 66 417 66 407 407 5 66 303 164 239 440
339 173 337 66 303 339 42 152 423 164 173 53 469 350 66 303 164 42 53 469
469 303 339 405 53 66 350 66 303 164 173 227 303 173 173 152 207 292 66 77
292 66 5 66 417 66 407 407 5 66 303 164 173 440 303 339 42 152 423 164
5 66 303 339 173 53 66 5 66 407 407 5 66 303 164 173 440 303 339 42
53 423 164 42 53 469 350 66 77 66 303 164 42 227 207 303 339 173 53 66
440 303 339 42 53 423 164 239 53 469 350 66 303 164 42 53 469 350 66 303
152 423 164 173 53 469 350 66 77 66 20 164 118 53 469 20 339 173 337 20
303 339 173 53 66 417 66 303 339 173 337 66 303 339 42 152 423 164 173 53
303 339 173 53 469 417 66 303 339 173 350 469 53 66 303 339 405 227 66 350
423 164 42 53 469 350 66 77 66 303 164 118 53 207 407 407 303 339 173 53
239 53 303 173 173 152 207 292 66 5 303 407 407 417 66 77 66 303 164 239
303 303 350 66 303 164 405 53 469 303 339 118 227 469 350 66 303 164 239 53
303 164 405 53 469 303 339 173 227 66 239 66 303 164 173 53 303 164 405 152
66 303 164 42 53 469 350 66 303 164 405 53 118 66 303 350 66 303 164 405
164 173 440 20 339 173 152 423 164 173 53 469 350 66 77 66 20 164 118 53
77 66 20 339 405 53 66 417 66 77 66 20 164 118 440 20 339 42 152 423
42 53 469 350 66 77 66 303 164 42 227 207 303 339 173 53 66 407 407 303
292 66 5 66 350 66 407 407 5 66 417 66 77 66 407 407 417 66 77 66
66 5 66 417 66 407 407 5 66 303 164 239 440 303 339 42 152 423 164 173
417 66 350 66 303 339 173 53 469 303 339 405 53 66 350 66 303 164 173 227
173 440 303 339 42 152 423 164 173 53 469 350 66 77 66 303 164 239 53 207
423 164 42 53 469 350 66 77 66 303 164 118 53 207 407 407 303 339 173 53
66 303 339 173 53 469 303 339 405 53 66 350 66 303 164 173 227 303 173 173
20 164 173 440 20 339 173 152 423 164 173 53 469 350 66 77 66 20 164 118
66 303 164 118 440 303 339 42 53 423 164 42 53 469 350 66 77 66 303 164
53 469 350 66 303 339 173 53 469 292 66 350 66 303 164 405 53 469 303 339
339 239 227 66 350 66 303 164 173 53 303 173 405 152 207 292 66 77 66 417
53 469 350 66 303 164 42 53 469 350 66 303 339 405 53 469 417 66 350 66
66 407 407 417 66 77 20 77 66 20 370 405 440 20 339 42 53 423 164 42
405 53 207 292 66 77 66 303 164 118 440 303 339 42 53 423 164 173 53 469
370 173 440 20 339 42 152 423 164 173 53 469 350 66 77 66 20 164 173 53
164 173 227 66 350 66 303 164 239 53 303 173 173 152 207 292 66 5 469 407
407 77 66 77 66 20 370 173 440 20 339 42 152 423 164 173 53 469 350 66
469 303 164 405 440 303 339 42 53 423 164 239 53 469 350 66 303 164 42 53
303 339 239 53 66 77 66 407 407 5 66 303 164 118 440 303 339 42 53 423
53 423 164 239 53 469 350 66 303 164 42 53 469 350 66 303 339 405 227 152
303 339 42 53 423 164 42 53 469 350 66 77 66 303 164 118 53 207 407 407
164 173 53 469 350 66 303 164 239 53 350 303 303 303 339 405 53 469 417 66
469 417 66 20 164 173 440 20 339 42 53 66 164 42 53 469 350 66 77 66
405 53 469 417 66 350 66 303 164 405 53 469 303 339 173 227 66 239 66 303
469 350 66 303 164 118 53 469 350 66 303 339 173 53 469 417 66 303 339 173
207 292 66 77 66 303 164 118 440 303 339 42 53 423 164 173 53 469 350 66
173 440 20 339 42 53 423 164 42 53 469 350 66 77 66 20 164 239 53 207
303 173 173 152 207 292 66 5 66 407 407 417 66 77 66 303 164 239 440 303
53 469 417 66 239 66 303 164 405 53 469 303 339 173 227 66 239 66 303 164
53 469 350 66 77 66 303 164 118 53 207 407 407 303 339 173 53 66 407 407
207 292 66 5 66 303 339 173 53 66 5 66 407 407 5 66 303 164 173 440
53 469 350 66 303 339 405 53 469 417 66 350 66 303 339 173 53 469 303 339
66 303 164 239 440 303 339 42 53 423 164 42 53 469 350 66 77 66 303 164
164 239 53 469 350 66 303 164 42 53 469 350 66 303 339 405 227 152 303 303
77 66 303 164 118 440 303 339 42 53 423 164 173 53 469 350 66 303 164 173
77 66 20 164 173 440 20 339 42 53 66 164 42 53 469 350 66 77 66 20
66 5 66 407 407 5 66 303 164 173 440 303 339 42 152 423 164 173 53 469
417 66 350 66 303 339 173 53 469 303 339 405 53 66 350 66 303 164 173 227
66 417 66 407 407 5 66 303 164 173 440 303 339 42 152 423 164 173 53 469
66 5 66 407 407 417 66 77 66 303 370 405 440 303 339 42 53 423 164 42
303 303 350 66 303 164 405 53 469 303 339 118 227 469 350 66 303 164 239 53
53 207 292 66 303 339 173 53 66 417 66 303 339 173 337 66 303 339 42 152
303 173 405 53 207 292 66 303 339 173 53 66 417 66 303 339 173 337 66 303
407 5 66 303 164 173 440 303 339 42 152 423 164 173 53 469 350 66 77 66
405 152 207 292 66 5 66 417 66 407 407 5 66 303 164 239 440 303 339 42
66 77 66 303 370 405 440 303 339 42 53 423 164 42 53 469 350 66 77 66
227 66 239 66 303 164 337 53 303 173 173 152 207 292 66 5 66 407 407 417
66 5 66 417 66 407 407 5 66 417 66 77 66 407 407 417 66 77 66 303
53 469 350 66 303 164 42 53 469 350 66 303 164 405 53 118 66 303 350 66
440 20 339 42 152 423 164 173 53 469 350 66 77 20 20 164 239 53 207 407
164 173 440 303 339 337 53 423 164 42 53 469 350 66 77 66 303 164 173 53
370 173 440 20 339 42 152 423 164 173 53 469 350 66 77 66 20 164 239 53
164 239 440 303 339 42 53 423 164 42 53 469 350 66 77 66 303 164 42 227
66 303 339 173 337 66 303 339 42 152 423 164 173 53 469 350 66 303 164 42
417 66 77 66 407 407 417 66 77 66 303 370 405 440 303 339 42 152 423 164
303 350 66 303 164 405 53 469 303 164 173 227 66 350 66 303 164 239 53 303
440 303 339 42 53 423 164 173 53 469 350 66 303 164 173 53 469 350 66 303
405 53 469 417 66 350 66 303 339 173 53 469 303 339 173 227 66 239 66 303
423 164 173 53 469 350 66 77 66 303 164 118 53 207 407 407 303 339 173 53
303 339 42 152 423 164 173 53 469 350 66 77 66 303 164 173 53 207 303 339
66 417 66 407 407 5 66 303 164 173 440 303 339 42 152 423 164 173 53 469
164 42 53 469 350 66 303 164 405 53 118 66 303 350 66 303 164 405 53 469
405 440 303 339 42 53 423 164 42 53 469 350 66 303 164 118 53 469 350 66
66 77 66 303 164 239 440 303 339 42 53 423 164 42 53 469 350 66 77 66
42 152 423 164 173 53 469 350 66 77 66 303 164 118 53 207 407 407 303 339
20 407 407 5 66 20 370 173 440 20 339 42 152 423 164 173 53 469 350 66
370 173 440 20 339 42 152 423 164 173 53 469 350 66 77 66 20 164 239 53
66 77 66 303 164 42 227 207 303 339 173 53 66 407 407 303 339 173 53 66
66 303 164 239 53 303 173 173 152 207 292 66 5 66 407 407 417 66 77 66
77 66 20 339 405 53 66 417 66 77 66 20 164 118 440 20 339 42 152 423
469 350 66 303 164 118 53 469 350 66 303 339 173 53 469 417 66 303 339 173
164 239 53 469 350 66 303 164 42 53 469 350 66 303 339 405 53 469 417 66
5 66 303 339 173 53 66 5 66 407 407 5 66 303 164 173 440 303 339 42
350 66 303 164 239 53 303 173 405 152 207 292 66 5 66 417 66 407 407 5
303 339 42 53 423 164 173 53 469 350 66 303 164 173 53 469 350 66 303 339
350 66 303 164 405 53 469 303 339 239 227 66 350 66 303 164 173 53 303 173
370 405 440 303 339 42 152 423 164 173 53 469 350 66 303 164 42 53 469 350
164 118 440 20 339 42 152 423 164 173 53 469 350 66 77 20 20 164 239 53
407 407 5 66 20 370 173 440 20 339 42 53 423 164 42 53 469 350 66 77
77 66 407 407 5 66 303 164 118 440 303 339 42 53 423 164 42 53 469 350
407 407 5 66 20 370 173 440 20 339 42 152 423 164 173 53 469 350 66 77
469 303 164 405 440 303 339 42 53 423 164 239 53 469 350 66 303 164 42 53
173 152 207 292 66 5 66 417 66 407 407 5 66 303 164 239 440 303 339 42
303 164 118 53 469 350 66 303 339 173 53 469 417 66 303 339 173 350 469 239
5 66 407 407 417 66 77 66 303 164 239 440 303 339 42 53 423 164 42 53
423 164 173 53 469 350 66 77 66 20 164 118 53 469 20 339 173 337 20 407
20 77 66 20 339 405 53 66 417 66 77 66 20 164 118 440 20 339 42 152
423 164 239 53 469 350 66 303 164 42 53 469 350 66 303 339 405 227 152 303
164 173 440 20 339 42 53 66 164 42 53 469 350 66 77 66 20 164 239 227
164 405 53 469 303 164 173 227 66 350 66 303 164 239 53 303 173 173 152 207
66 77 66 303 370 405 440 303 339 42 53 423 164 42 53 469 350 66 77 66
303 164 405 53 469 303 339 239 227 66 350 66 303 164 173 53 303 173 405 152
66 303 164 239 440 303 339 42 152 423 164 173 53 469 350 66 77 66 303 164
164 337 53 303 173 173 152 207 292 66 5 66 407 407 417 66 77 66 303 164
303 164 405 53 469 303 339 173 227 66 239 66 303 164 173 53 303 164 405 152
164 239 53 303 173 405 152 207 292 66 5 66 417 66 407 407 5 66 303 164
303 339 405 227 66 350 66 303 164 173 53 303 164 173 152 207 292 66 77 66
20 339 42 152 423 164 173 53 469 350 66 77 20 20 164 239 53 207 407 407
303 339 173 53 66 5 66 407 407 5 66 303 164 173 440 303 339 42 152 423
303 339 173 337 66 303 339 42 152 423 164 173 53 469 350 66 303 164 42 53
407 407 77 66 77 66 20 370 173 440 20 339 42 152 423 164 173 53 469 350
66 417 66 303 339 173 337 66 303 339 42 152 423 164 173 53 469 350 66 303
339 173 337 66 303 339 42 152 423 164 173 53 469 350 66 303 164 42 53 469
239 53 303 173 405 152 207 292 66 5 66 417 66 407 407 5 66 303 164 239
173 337 66 303 339 42 152 423 164 173 53 469 350 66 303 164 42 53 469 350
303 339 42 53 423 164 42 53 469 350 66 77 66 303 164 118 53 207 407 407
350 66 303 339 173 53 469 417 66 303 339 173 350 469 53 66 303 339 405 227
20 339 405 53 66 417 66 77 66 20 164 118 440 20 339 42 152 423 164 173
164 42 53 469 350 66 303 164 118 53 469 350 66 303 339 173 53 469 417 66
66 417 66 20 370 173 440 20 339 42 152 423 164 173 53 469 350 66 77 66
66 303 164 239 53 350 303 303 303 339 405 53 469 417 66 350 66 303 339 173
66 303 164 239 53 350 303 303 303 339 405 53 469 417 66 350 66 303 339 173
42 152 423 164 173 53 469 350 66 303 164 42 53 469 350 66 303 164 405 53
164 173 53 469 350 66 303 164 42 53 469 350 66 303 164 405 53 118 469 303
407 407 5 66 303 164 239 440 303 339 42 152 423 164 173 53 469 350 66 77
66 77 66 303 370 405 440 303 339 42 53 423 164 42 53 469 350 66 77 66
164 405 53 469 417 66 350 66 303 164 405 53 469 303 339 173 227 66 239 66
53 469 303 339 239 227 66 350 66 303 164 173 53 303 173 405 152 207 292 66
173 53 469 350 66 303 164 239 53 350 303 303 303 339 405 53 469 417 66 350
207 292 66 5 66 407 407 417 66 77 66 303 370 405 440 303 339 42 53 423
173 405 53 207 292 66 303 339 173 53 66 417 66 303 339 173 337 66 303 339
303 173 405 53 207 292 66 303 339 173 53 66 417 66 303 339 173 337 66 303
350 66 303 164 405 53 469 303 339 239 227 66 350 66 303 164 173 53 303 173
440 303 339 42 53 423 164 42 53 469 350 66 77 66 303 164 42 227 207 303
66 303 339 42 152 423 164 173 53 469 350 66 303 164 42 53 469 350 66 303
66 20 339 405 53 66 417 66 77 66 20 164 118 440 20 339 42 152 423 164
66 303 370 405 53 207 292 66 77 66 303 164 118 440 303 339 42 53 423 164
53 423 164 42 53 469 350 66 77 66 303 164 118 53 207 407 407 303 339 173
77 66 407 407 417 66 77 66 303 370 405 440 303 339 42 152 423 164 173 53
350 66 303 164 173 53 303 164 173 152 207 292 66 5 66 417 66 407 407 5
303 339 173 350 469 239 66 303 339 405 227 66 350 66 303 164 173 53 303 164
303 164 118 53 469 350 66 303 339 173 53 469 417 66 303 339 173 350 469 239
227 66 350 66 303 164 173 53 303 173 405 152 207 292 66 5 66 417 66 407
469 417 66 350 66 303 339 173 53 469 303 339 405 53 66 350 66 303 164 173
339 173 53 469 303 339 405 53 66 350 66 303 164 173 227 303 173 173 152 207
20 407 407 5 66 20 164 173 440 20 339 42 152 423 164 173 53 469 350 66
66 407 407 5 66 303 164 239 440 303 339 42 152 423 164 173 53 469 350 66
303 164 405 53 469 303 339 239 227 66 350 66 303 164 173 53 303 173 405 152
42 152 423 164 173 53 469 350 66 77 66 303 164 173 53 207 303 339 173 53
405 53 469 303 339 173 227 66 239 66 303 164 173 53 303 164 405 152 207 292
42 152 423 164 173 53 469 350 66 77 66 303 164 173 53 207 303 339 173 53
350 66 303 164 405 53 469 417 66 239 66 303 164 405 53 469 303 339 173 227
303 164 118 440 303 339 42 53 423 164 42 53 469 350 66 77 66 303 164 239
164 239 53 469 350 66 303 164 42 53 469 350 66 303 339 405 227 152 303 303
350 66 303 339 405 53 469 417 66 350 66 303 339 173 53 469 303 339 405 53
77 66 303 164 239 440 303 339 42 53 423 164 42 53 469 350 66 77 66 303
66 303 370 405 53 207 292 66 77 66 303 164 118 440 303 339 42 53 423 164
53 66 5 66 407 407 5 66 303 164 173 440 303 339 42 152 423 164 173 53
303 164 118 53 469 350 66 303 339 173 53 469 417 66 303 339 173 350 469 239
66 77 66 303 164 42 227 207 303 339 173 53 66 407 407 303 339 173 53 66
66 20 370 173 440 20 339 42 152 423 164 173 53 469 350 66 77 66 20 164
407 5 66 303 164 173 440 303 339 42 152 423 164 173 53 469 350 66 77 66
303 164 337 53 303 173 173 152 207 292 66 5 66 407 407 417 66 77 66 303
42 53 423 164 173 53 469 350 66 303 164 173 53 469 350 66 303 339 173 53
164 405 53 469 303 339 173 227 66 239 66 303 164 173 53 303 164 405 152 207
42 53 423 164 42 53 469 350 66 77 66 20 164 239 53 207 20 339 42 53
66 303 339 239 53 66 77 66 407 407 5 66 303 164 118 440 303 339 42 53
469 350 66 303 339 173 53 469 417 66 303 339 173 350 469 53 66 303 339 405
303 339 173 227 66 239 66 303 164 337 53 303 173 173 152 207 292 66 77 66
173 152 207 292 66 5 66 407 407 417 66 77 66 303 164 239 440 303 339 42
42 53 423 164 42 53 469 350 66 303 164 118 53 469 350 66 303 339 173 53
5 66 407 407 417 66 77 66 303 164 239 440 303 339 42 53 423 164 42 53
173 350 469 239 66 303 339 405 227 66 350 66 303 164 173 53 303 164 173 152
469 350 66 303 164 42 53 469 350 66 303 164 405 53 469 417 66 239 66 303
53 423 164 239 53 469 350 66 303 164 42 53 469 350 66 303 339 405 227 152
66 5 66 417 66 407 407 5 66 20 164 337 440 20 339 42 53 423 164 42
164 173 152 207 292 66 5 66 417 66 407 407 5 66 303 164 239 440 303 339
66 350 66 303 164 239 53 303 173 173 152 207 292 66 5 66 407 407 417 66
407 417 66 77 66 303 370 405 440 303 339 42 53 423 164 42 53 469 350 66
227 66 350 66 303 164 173 53 303 164 173 152 207 292 66 5 66 417 66 407
227 66 350 66 303 164 173 53 303 173 405 152 207 292 66 5 66 417 66 407
164 337 53 303 173 173 152 207 292 66 5 66 407 407 417 66 77 66 303 164
152 423 164 173 53 469 350 66 77 66 303 164 118 53 207 407 407 303 339 173
469 303 370 405 440 303 339 42 152 423 164 173 53 469 350 66 303 164 42 53
66 77 66 303 164 239 440 303 339 42 53 423 164 42 53 469 350 66 77 66
164 173 440 20 339 173 152 423 164 173 53 469 350 66 77 66 20 164 118 53
164 239 440 303 339 42 53 423 164 42 53 469 350 66 77 66 303 164 239 53
53 469 350 66 303 164 405 53 118 303 303 350 66 303 164 405 53 469 303 164
53 469 350 66 77 66 303 164 118 53 207 407 407 303 339 173 53 66 407 407
66 303 164 239 53 303 173 173 152 207 292 66 5 66 407 407 417 66 77 66
53 207 292 66 77 66 303 164 118 440 303 339 42 53 423 164 173 53 469 350
53 469 350 66 303 164 405 53 118 303 303 350 66 303 164 405 53 469 303 164
407 407 5 66 20 164 173 440 20 339 42 152 423 164 173 53 469 350 66 77
20 164 337 440 20 339 42 53 423 164 42 53 469 350 66 77 66 20 164 118
164 405 53 469 303 164 173 227 66 350 66 303 164 239 53 303 173 173 152 207
5 66 417 66 407 407 5 66 303 164 173 440 303 339 42 152 423 164 173 53
440 20 339 42 152 423 164 173 53 469 350 66 77 20 20 164 239 53 207 407
53 303 164 405 152 207 292 66 5 66 407 407 417 66 77 66 303 370 405 440
53 469 350 66 303 164 173 53 469 350 66 303 339 173 53 469 417 66 350 66
66 303 164 173 440 303 339 42 152 423 164 173 53 469 350 66 77 66 303 164
292 66 303 339 173 53 66 417 66 303 339 173 337 66 303 339 42 152 423 164
339 405 53 469 417 66 350 66 303 339 173 53 469 303 339 173 227 66 239 66
173 173 152 207 292 66 5 66 303 339 173 53 66 5 66 407 407 5 66 303
164 173 53 469 350 66 303 339 173 53 469 417 66 350 66 303 164 405 53 469
66 303 339 173 53 66 417 66 303 339 173 337 66 303 339 42 152 423 164 173
440 303 339 42 53 423 164 173 53 469 350 66 303 164 173 53 469 350 66 303
164 173 440 303 339 42 152 423 164 173 53 469 350 66 77 66 303 164 239 53
77 66 407 407 417 66 77 66 303 370 405 440 303 339 42 152 423 164 173 53
53 469 350 66 303 164 42 53 469 350 66 303 339 405 53 469 417 66 350 66
350 66 303 164 239 53 303 173 405 152 207 292 66 5 66 417 66 407 407 5
440 303 339 42 152 423 164 173 53 469 350 66 77 66 303 164 118 53 207 407
53 66 417 66 303 339 173 337 66 303 339 42 152 423 164 173 53 469 350 66
164 405 53 469 303 339 239 227 66 350 66 303 164 173 53 303 173 405 152 207
417 303 303 173 405 53 207 292 66 303 339 173 53 66 417 66 303 339 173 337
417 66 303 339 173 350 469 239 66 303 339 405 227 66 350 66 303 164 173 53
417 66 407 407 5 66 417 66 77 66 407 407 417 66 77 66 303 370 405 440
407 5 66 303 164 239 440 303 339 42 152 423 164 173 53 469 350 66 77 66
66 303 164 173 53 469 350 66 303 339 173 53 469 417 66 350 66 303 164 405
303 164 173 227 66 350 66 303 164 239 53 303 173 173 152 207 292 66 77 469
164 42 53 469 350 66 303 164 405 53 118 66 303 350 66 303 164 405 53 469
66 303 164 173 53 303 164 173 152 207 292 66 5 66 417 66 407 407 5 66
173 53 469 350 66 77 66 303 164 118 53 207 407 407 303 339 173 53 66 407
405 440 303 339 42 53 423 164 42 53 469 350 66 77 66 303 164 118 53 207
164 118 440 303 339 42 53 423 164 42 53 469 350 66 77 66 303 164 239 53
173 405 53 207 292 66 303 339 173 53 66 417 66 303 339 173 337 66 303 339
53 469 350 66 303 164 405 53 469 417 66 239 66 303 164 405 53 469 303 339
53 469 303 339 118 227 469 350 66 303 164 239 53 303 173 405 152 207 292 66
53 469 350 66 303 164 405 53 118 303 303 350 66 303 164 405 53 469 303 164
152 423 164 173 53 469 350 66 303 164 42 53 469 350 66 303 164 405 53 118
303 339 173 53 469 303 339 405 53 66 350 66 303 164 173 227 303 173 173 152
20 164 173 440 20 339 173 152 423 164 173 53 469 350 66 77 66 20 164 118
469 350 66 303 164 118 53 469 350 66 303 339 173 53 469 417 66 303 339 173
164 173 440 303 339 337 53 423 164 42 53 469 350 66 77 66 303 164 173 53
66 407 407 5 66 417 66 77 66 407 407 417 66 77 66 303 370 405 440 303
405 53 66 350 66 303 164 173 227 303 173 173 152 207 292 66 77 66 303 339
370 405 53 207 292 66 77 66 303 164 118 440 303 339 42 53 423 164 173 53
164 405 53 469 417 66 350 66 303 164 405 53 469 303 339 173 227 66 239 66
407 407 417 66 303 370 405 53 207 292 66 5 66 303 164 118 440 303 339 42
173 227 303 173 173 152 207 292 66 5 66 303 339 173 53 66 5 66 407 407
66 303 164 118 440 303 339 42 53 423 164 42 53 469 350 66 77 66 303 164
42 53 469 350 66 303 339 405 227 152 303 303 350 66 303 164 405 53 469 303
303 164 239 53 303 173 173 152 207 292 66 5 66 407 407 417 66 77 66 303
164 173 227 303 173 173 152 207 292 66 5 66 303 339 173 53 66 77 66 407
303 164 239 53 350 303 303 303 339 405 53 469 417 66 350 66 303 339 173 53
407 407 77 66 77 66 20 370 173 440 20 339 42 152 423 164 173 53 469 350
407 5 66 20 164 173 440 20 339 42 152 423 164 173 53 469 350 66 77 66
53 207 292 66 77 66 303 164 118 440 303 339 42 53 423 164 173 53 469 350
303 339 405 53 66 350 66 303 164 173 227 303 173 173 152 207 292 66 77 66
407 5 66 303 339 239 53 66 5 66 407 407 5 66 303 164 118 440 303 339
405 440 303 339 42 53 423 164 42 53 469 350 66 303 164 118 53 469 350 66
164 239 440 303 339 42 152 423 164 173 53 469 350 66 77 66 303 164 118 53
66 303 164 118 440 303 339 42 53 423 164 173 53 469 350 66 303 164 173 53
303 173 173 152 207 292 66 5 66 303 339 173 53 66 5 66 407 407 5 66
440 303 339 42 152 423 164 173 53 469 350 66 77 66 303 164 173 53 207 303
469 239 66 303 339 405 227 66 350 66 303 164 173 53 303 164 173 152 207 292
66 303 164 405 53 469 303 339 173 227 66 239 66 303 164 173 53 303 164 405
66 5 66 417 66 407 407 5 66 303 164 239 440 303 339 42 152 423 164 173
303 164 173 440 303 339 337 53 423 164 42 53 469 350 66 77 66 303 164 173
118 440 303 339 42 53 423 164 173 53 469 350 66 303 164 173 53 469 350 66
66 303 164 173 440 303 339 42 152 423 164 173 53 469 350 66 77 66 303 164
77 66 303 370 405 440 303 339 42 152 423 164 173 53 469 350 66 77 66 303
77 66 20 339 405 53 66 417 66 77 66 20 164 118 440 20 339 42 152 423
53 423 164 173 53 469 350 66 303 164 173 53 469 350 66 303 339 173 53 469
303 164 405 53 469 303 164 173 227 66 350 66 303 164 239 53 303 173 173 152
66 303 339 173 53 469 417 66 303 339 173 350 469 53 66 303 339 405 227 66
53 469 350 66 77 66 303 164 118 53 207 407 407 303 339 173 53 66 407 407
370 173 440 20 339 42 152 423 164 173 53 469 350 66 77 66 20 164 239 53
118 440 303 339 42 53 423 164 42 53 469 350 66 77 66 303 164 239 53 207
407 5 66 303 164 239 440 303 339 42 152 423 164 173 53 469 350 66 77 66
66 407 407 5 66 417 66 77 66 407 407 417 66 77 66 303 370 405 440 303
303 164 173 152 207 292 66 5 66 417 66 407 407 5 66 303 164 239 440 303
66 407 407 5 66 303 164 239 440 303 339 42 152 423 164 173 53 469 350 66
66 20 164 337 440 20 339 42 53 423 164 42 53 469 350 66 77 66 20 164
303 164 405 53 469 303 339 239 227 66 350 66 303 164 173 53 303 173 405 152
227 152 303 303 350 66 303 164 405 53 469 303 339 118 227 469 350 66 303 164
303 164 337 53 303 173 173 152 207 292 66 5 66 407 407 417 66 77 66 303
118 440 303 339 42 53 423 164 173 53 469 350 66 303 164 173 53 469 350 66
417 66 77 66 303 370 405 440 303 339 42 152 423 164 173 53 469 350 66 77
417 303 303 173 405 53 207 292 66 303 339 173 53 66 417 66 303 339 173 337
66 20 164 118 440 20 339 42 152 423 164 173 53 469 350 66 77 423 20 164
407 407 5 66 303 164 118 440 303 339 42 53 423 164 42 53 469 350 66 77
303 164 118 440 303 339 42 53 423 164 173 53 469 350 66 303 164 173 53 469
53 469 350 66 303 339 173 53 469 417 66 303 339 173 350 469 53 66 303 339
350 66 417 469 303 173 405 53 207 292 66 303 339 173 53 66 417 66 303 339
350 66 303 164 42 53 469 350 66 303 339 405 53 469 417 66 350 66 303 339
77 66 303 164 118 440 303 339 42 53 423 164 42 53 469 350 66 77 66 303
164 173 53 303 173 405 152 207 292 66 5 66 417 66 407 407 5 66 303 164
303 164 239 440 303 339 42 53 423 164 42 53 469 350 66 77 66 303 164 239
53 423 164 173 53 469 350 66 303 164 239 53 350 303 66 303 339 405 53 469
20 164 173 440 20 339 42 53 423 164 42 53 469 350 66 77 66 20 164 239
469 350 66 303 164 173 53 469 350 66 303 339 173 53 469 417 66 350 66 303
339 42 152 423 164 173 53 469 350 66 303 164 42 53 469 350 66 303 164 405
173 53 469 350 66 303 164 42 53 469 350 66 303 164 405 53 469 417 66 239
66 5 66 417 66 407 407 5 66 303 164 239 440 303 339 42 152 423 164 173
339 173 337 66 303 339 42 152 423 164 173 53 469 350 66 303 164 42 53 469
423 164 173 53 469 350 66 77 66 303 164 173 53 207 303 339 173 53 66 407
66 303 164 42 53 469 350 66 303 339 405 53 469 417 66 350 66 303 339 173
66 407 407 5 66 20 164 337 440 20 339 42 53 423 164 42 53 469 350 66
303 339 405 53 469 417 66 350 66 303 339 173 53 469 303 339 405 53 66 350
350 66 303 164 405 53 118 303 303 350 66 303 164 405 53 469 303 164 173 227
53 469 350 66 303 164 118 53 469 350 66 303 339 173 53 469 417 66 303 339
66 303 164 42 53 469 350 66 303 164 405 53 118 66 303 350 66 303 164 405
53 469 303 339 173 227 66 239 66 303 164 337 53 303 173 173 152 207 292 66
118 440 20 339 42 152 423 164 173 53 469 350 66 77 20 20 164 239 53 207
440 20 339 173 152 423 164 173 53 469 350 66 77 66 20 164 118 53 469 20
370 405 440 20 339 42 53 423 164 42 53 469 350 66 77 66 20 164 42 53
20 339 42 53 423 164 42 53 469 350 66 77 66 20 164 239 53 207 20 339
53 423 164 42 53 469 350 66 77 66 303 164 118 53 207 407 407 303 339 173
405 440 20 339 42 53 423 164 42 53 469 350 66 77 66 20 164 42 53 207
66 350 66 303 164 405 53 469 303 339 239 227 66 350 66 303 164 173 53 303
20 164 173 440 20 339 42 152 423 164 173 53 469 350 66 77 66 20 164 164
303 164 405 53 118 66 303 350 66 303 164 405 53 469 303 164 173 227 66 350
152 423 164 173 53 469 350 66 77 66 303 164 173 53 207 303 339 173 53 66
339 42 152 423 164 173 53 469 350 66 77 66 303 164 173 53 207 303 339 173
66 5 66 407 407 417 66 77 66 303 164 239 440 303 339 42 53 423 164 42
173 227 66 239 66 303 164 173 53 303 164 405 152 207 292 66 5 66 407 407
405 53 469 417 66 350 66 303 339 173 53 469 303 339 173 227 66 239 66 303
66 350 66 303 164 173 53 303 164 405 152 207 292 66 5 66 407 407 417 66
5 66 407 407 417 66 77 20 77 66 20 370 405 440 20 339 42 53 423 164
303 339 173 350 469 239 66 303 339 405 227 66 350 66 303 164 173 53 303 164
77 66 303 370 405 440 303 339 42 53 423 164 42 53 469 350 66 77 66 303
77 66 20 164 118 440 20 339 42 152 423 164 173 53 469 350 66 77 423 20
53 423 164 239 53 469 350 66 303 164 42 53 469 350 66 303 339 405 227 152
469 77 469 303 164 173 440 303 339 337 53 423 164 42 53 469 350 66 77 66
