155 1493 550 4280 4280 550 4280 15 155 594 97 15 155 260 260 260 4264 2992 2992 3024
1493 550 4280 4280 550 4280 3463 3463 1634 1634 1634 4264 4264 4264 2222 155 1493 550 4280 4280
4264 3024 3463 3024 4011 4011 4011 4011 4011 703 260 386 4070 703 386 260 260 386 4070 703
183 1493 183 806 4264 260 260 4927 4264 183 183 4264 386 703 260 260 703 703 386 386
1634 1634 97 97 3463 3463 2222 906 1493 550 4280 4280 550 4280 3463 3463 1634 1634 1634 4264
4264 4264 2222 155 1493 550 4280 4280 550 4280 15 155 594 97 15 155 260 260 260 4264
4264 260 260 4927 4264 183 183 4264 386 703 260 260 703 703 386 386 386 703 61 3024
2222 906 1493 550 4280 4280 550 4280 3463 3463 1634 1634 1634 1634 1634 4264 4264 4264 2222 906
550 4280 3463 3463 1634 1634 1634 4264 4264 4264 2222 155 1493 550 4280 4280 550 4280 15 155
97 3463 3463 2222 155 1493 550 4280 4280 550 4280 3463 3463 1634 1634 1634 4264 4264 4264 4264
2222 906 1493 550 4280 4280 183 183 4280 15 155 594 97 15 155 260 260 260 4264 4011
4070 2534 2534 4070 61 386 4070 61 2992 1153 1110 1110 2992 1153 3618 3618 3618 3618 3618 2498
1634 1634 4264 4264 3463 3463 2222 906 1493 550 4280 4280 550 4280 15 155 594 97 15 155
3618 4011 4011 4011 703 260 386 4070 703 386 260 386 4070 260 703 61 386 4070 386 2992
2534 4070 61 386 4070 386 2992 1153 4264 2992 1153 3618 4011 3618 3618 3618 2498 2534 386 4070
1110 2992 1153 4011 3618 3618 3618 3618 2498 2534 2534 550 4070 703 386 2534 2534 386 4070 2534
1493 550 4280 4280 550 4280 3463 3463 1634 1634 1634 4264 4264 4264 2222 155 1493 550 4280 4280
386 2534 2534 386 4070 260 2534 4070 61 386 4070 61 2992 1153 1110 1110 2992 1153 3618 3618
4070 2534 4070 61 386 4070 386 2992 1153 1110 2992 1153 3618 3618 3618 3618 3618 2498 2534 386
2222 155 1493 550 4280 4280 550 4280 3463 3463 1634 1634 1634 4264 4264 2222 906 1493 550 4280
155 594 97 15 906 260 260 260 2992 2992 4264 3024 3463 3024 4011 4011 4011 4011 4011 2498
2534 4070 61 386 4070 61 2992 1153 1110 1110 2992 1153 3618 3618 3618 3618 3618 2498 2534 2534
4698 4698 4698 3463 183 1493 183 806 4264 4927 4264 183 183 4264 4698 4698 4698 4698 4698 4698
155 594 97 15 155 260 260 260 4264 2992 2992 3024 3463 3024 4011 4011 4011 4011 4011 2498
4280 4280 550 4280 3463 3463 1634 1634 1634 1634 1634 4264 4264 4264 2222 906 1493 550 4280 4280
1634 4264 4264 4264 3463 3463 4264 2222 906 1493 550 4280 4280 550 4280 15 155 594 97 15
4070 386 2992 3024 4264 2992 3024 4011 4011 4011 4011 4011 2498 260 386 4070 703 386 260 260
4011 4011 4011 703 260 260 386 703 703 386 183 1493 183 806 4264 260 260 4927 4264 183
1634 1634 4264 4264 4264 2222 155 1493 550 4280 4280 550 4280 15 155 594 97 15 155 260
4698 4698 4698 4698 4698 4698 3024 4011 3618 3618 183 1493 183 806 4264 4927 4264 4011 183 183
4264 2222 906 1493 550 4280 4280 183 183 4280 15 155 594 15 155 260 97 260 260 2992
2534 4070 61 386 4070 61 2992 1153 1110 1110 2992 1153 3618 3618 3618 3618 3618 2498 2534 2534
2222 155 1493 550 4280 4280 550 4280 15 155 594 97 15 155 260 260 260 4264 2992 2992
1493 550 4280 4280 550 4280 15 155 594 97 15 155 260 260 260 4264 4011 2992 3024 3463
1634 4264 4264 4264 2222 906 1493 550 4280 4280 550 4280 15 155 594 97 15 155 2992 2992
4698 4698 4698 3024 4011 3618 3618 3618 183 1493 183 806 4264 4927 4264 4011 183 183 4264 4070
3618 4070 2534 386 4070 4070 386 260 386 4070 260 4070 61 386 4070 386 2992 1153 4264 2992
3618 3618 2498 260 386 4070 703 386 260 386 4070 260 4070 61 386 4070 61 2992 3024 4264
4280 550 4280 15 155 594 97 15 155 260 260 260 4264 260 2992 3024 3463 3024 4011 4011
3463 3463 703 1634 1634 4264 4264 4264 2222 906 1493 550 4280 4280 183 183 4280 15 155 594
183 4264 183 4264 4927 4264 183 550 4264 4264 4011 183 2498 183 806 703 4927 4264 183 183
550 4280 15 155 594 97 15 906 260 260 260 4264 2992 2992 3024 3463 3463 3463 3024 4011
550 4280 4280 183 183 4280 15 155 594 15 155 260 97 260 260 2992 2992 3024 4264 3463
2222 155 1493 550 4280 4280 550 4280 3463 3463 1634 1634 1634 4264 4264 2222 906 1493 550 4280
3463 4698 4698 4698 4698 4698 4698 4698 4698 4698 4698 3463 183 1493 183 806 4264 4927 4264 183
97 15 155 260 260 260 4264 260 2992 3024 3463 3024 4011 4011 4011 4011 4011 4070 260 386
3463 3463 906 906 703 1634 1634 1634 1634 4264 4264 4264 4264 3463 3463 2222 906 1493 550 4280
97 97 97 97 3463 3463 3463 2222 906 1493 550 4280 4280 550 4280 3463 3463 3463 906 594
15 155 594 97 15 155 260 260 260 2992 2992 4264 3024 3463 3024 3463 3463 4264 4264 2992
806 4264 4927 4264 4011 183 183 4264 4011 4070 260 260 386 4070 4070 386 260 260 386 4070
2222 906 1493 550 4280 4280 550 4280 3463 3463 1634 1634 1634 1634 1634 4264 4264 4264 2222 906
4264 2222 155 1493 550 4280 4280 550 4280 15 155 594 97 15 155 260 260 260 4264 4011
4264 260 260 4927 4264 183 183 4264 386 703 260 260 703 703 386 386 386 703 61 3024
2992 2992 3024 3463 3024 4011 4011 4011 4011 4011 703 260 386 4070 703 386 260 260 386 4070
4011 4011 703 260 260 386 703 703 386 183 1493 183 806 4264 260 260 4927 4264 183 183
906 1493 550 4280 4280 550 4280 15 155 594 97 15 906 260 260 260 2992 2992 4264 3024
260 2992 4264 3024 3024 4011 3618 4011 4011 3618 4070 260 386 4070 4070 386 260 2534 386 4070
4070 386 2534 2534 386 4070 260 2534 4070 61 386 4070 61 2992 1153 1110 1110 2992 1153 3618
4264 4927 4264 183 183 4280 183 1493 183 806 4264 4927 4264 183 183 4264 4698 4698 4698 4698
4011 4011 4011 4011 4070 2534 386 4070 4070 386 260 2534 386 4070 4070 61 386 4070 386 2992
386 4070 2534 2534 4070 61 386 4070 61 2992 1153 1110 1110 2992 1153 3618 3618 3618 3618 3618
183 183 4264 4698 4698 4698 4698 4698 4698 4698 4698 4698 4698 3024 4011 3618 3618 3618 183 1493
4280 183 386 4280 15 155 594 15 155 260 97 260 260 4264 15 2992 3024 3463 3463 3463
4280 550 4280 3463 3463 1634 1634 1634 4264 4264 4264 2222 155 1493 550 4280 4280 183 550 4280
4011 4011 4011 4011 4011 4070 260 386 4070 4070 386 260 2534 386 4070 4070 61 386 4070 386
183 183 4264 4698 4698 4698 4698 4698 4698 4698 4698 4698 4698 3024 4011 4011 4011 4011 4011 703
4280 4280 550 4280 3463 3463 703 1634 1634 4264 4264 4264 2222 155 1493 550 4280 4280 550 4280
4698 3463 550 1493 183 806 4264 4927 4264 183 183 4264 4698 4698 4698 4698 4698 4698 4698 4698
1634 97 97 3463 3463 2222 155 1493 550 4280 4280 183 183 4280 3463 3463 3463 1634 1634 4264
4280 15 155 594 97 15 906 260 260 260 2992 2992 4264 3024 3463 3024 3463 3463 4264 4264
3463 3463 3463 4698 4698 4698 4698 4698 4698 4698 4698 4698 4698 3463 183 1493 183 806 4264 4927
15 906 260 260 260 2992 2992 4264 3024 3463 3024 4011 4011 4011 4011 4011 703 260 386 4070
386 4070 4070 386 260 386 4070 2534 4070 61 386 4070 386 2992 1153 4264 2992 1153 3618 3618
2498 260 386 4070 703 386 260 386 4070 260 4070 61 386 4070 61 2992 3024 4264 2992 4264
3463 1634 1634 4264 4264 4264 2222 906 1493 550 4280 4280 550 4280 15 155 594 97 15 906
4280 4280 183 386 4280 15 155 594 97 15 155 260 260 260 4264 2992 2992 3024 3024 4011
3024 4011 4011 4011 4011 3618 2498 260 386 4070 703 386 260 386 4070 260 4070 61 386 4070
550 4280 3463 3463 703 1634 1634 4264 4264 4264 2222 155 1493 550 4280 4280 550 4280 15 155
3463 3463 3463 3463 1634 1634 4264 4264 3463 3463 2222 906 1493 550 4280 4280 550 4280 15 155
3024 4011 4011 4011 3618 3618 4070 2534 386 4070 4070 386 260 386 4070 260 4070 61 386 4070
703 386 183 1493 183 806 4264 260 260 4927 4264 183 183 4264 386 703 260 260 703 703
550 4280 15 155 594 97 15 155 260 260 260 4264 2992 2992 3024 3463 3024 4011 4011 4011
155 594 97 15 155 260 260 2534 4264 15 2992 3024 3463 3024 4011 4011 4011 4011 4011 4070
4280 550 4280 15 155 594 97 15 155 260 260 260 260 260 260 4264 15 2992 3024 3463
4264 2222 155 1493 550 4280 4280 550 4280 15 155 594 97 15 155 260 260 260 4264 4011
15 906 703 1634 1634 1634 1634 4264 4264 4264 3463 3463 4264 2222 906 1493 550 4280 4280 550
4011 4011 2498 260 386 4070 703 386 260 260 386 703 4070 61 386 4070 61 4264 2992 3024
183 1634 1634 97 97 3463 3463 2222 906 1493 550 4280 4280 550 4280 3463 3463 1634 1634 1634
906 1493 550 4280 4280 550 4280 3463 3463 1634 1634 1634 1634 4264 4264 3463 3463 2222 906 1493
183 550 4280 15 155 594 97 15 155 260 260 260 2992 2992 4264 3024 3463 3024 3463 3463
4070 703 386 260 386 4070 703 260 61 386 4070 386 2992 3024 4264 2992 3024 4011 4011 3618
386 4070 4070 386 260 386 4070 2534 4070 61 386 4070 386 2992 1153 4264 2992 1153 3618 3618
3463 3463 3463 4698 4698 4698 4698 4698 4698 4698 4698 4698 4698 3463 183 1493 183 806 4264 4927
594 97 15 155 260 260 260 4264 2992 2992 3024 3463 3463 4264 4011 3463 3024 4011 4011 4011
260 2992 3024 3463 3024 4011 4011 4011 4011 4011 4070 260 386 4070 4070 386 260 2534 386 4070
4280 15 155 594 97 15 155 260 260 260 4264 2992 2992 3024 3463 3024 4011 4011 4011 3618
1493 550 4280 4280 550 4280 3463 3463 3463 15 906 1634 1634 1634 1634 1634 4264 4264 4264 3463
4698 4698 4698 4698 183 1493 183 183 806 4264 4264 4927 4264 183 183 4280 550 1493 183 806
4698 4698 4698 4698 4698 4698 4698 4698 3463 550 1493 183 806 4264 4927 4264 183 183 4264 4698
155 1493 550 4280 4280 550 4280 3463 3463 1634 1634 1634 4264 4264 4264 2222 906 1493 550 4280
15 2992 3024 3463 3463 3463 4698 4698 4698 4698 4698 4698 4698 4698 4698 4698 3463 183 1493 183
4280 550 4280 3463 3463 703 1634 1634 4264 4264 4264 2222 906 1493 550 4280 4280 550 4280 15
906 1493 550 4280 4280 550 4280 3463 3463 1634 1634 1634 4264 4264 4264 2222 906 1493 550 4280
155 260 260 260 4264 2992 2992 3024 3463 3463 3463 3024 4011 4011 4011 4011 4011 2498 260 386
61 386 4070 386 2992 1153 4264 2992 1153 3618 4011 3618 3618 3618 2498 2534 386 4070 703 386
3463 155 906 703 1634 1634 1634 1634 4264 4264 4264 3463 3463 4264 2222 906 1493 550 4280 4280
2534 4070 61 386 4070 61 2992 1153 1110 1110 2992 1153 3618 3618 3618 3618 3618 2498 2534 2534
260 260 386 4070 4070 386 260 260 386 4070 260 260 4070 61 386 4070 61 2992 1153 4264
4264 3024 3024 4011 3618 4011 4011 3618 4070 260 386 4070 4070 386 260 2534 386 4070 4070 61
3618 4070 2534 386 4070 4070 386 260 386 4070 260 4070 4070 386 386 386 4070 61 3024 3463
550 4280 4280 550 4280 15 155 594 97 15 155 260 260 260 4264 2992 2992 3024 3463 3024
703 1634 1634 4264 4264 4264 2222 906 1493 550 4280 4280 550 550 4280 15 155 594 97 15
4264 2992 2992 3024 3463 3463 4264 4011 3463 3024 4011 4011 4011 4011 4011 703 260 386 4070 703
4280 4280 183 183 4280 15 155 594 97 15 155 260 260 260 4264 2992 2992 3024 3463 3463
97 97 3463 3463 2222 906 1493 550 4280 4280 550 4280 3463 3463 1634 1634 1634 4264 4264 4264
4011 4011 4011 4011 4011 4070 2534 386 4070 4070 386 260 2534 386 4070 4070 61 386 4070 386
1493 550 4280 4280 550 4280 15 155 594 97 15 155 260 260 260 260 260 260 4264 15
3463 3463 1634 1634 1634 4264 4264 4264 2222 155 1493 550 4280 4280 183 550 4280 15 155 594
386 4070 61 3024 3463 4264 2992 3024 3463 3463 1634 1634 2992 4264 3024 4011 4011 4011 4011 4011
550 4280 15 155 594 97 15 155 260 260 260 4264 15 2992 3024 3463 3024 4011 4011 4011
1153 1110 1110 2992 1153 4011 3618 3618 3618 3618 2498 2534 2534 550 4070 703 386 2534 2534 2534
183 1493 183 806 4264 260 260 4927 4264 183 183 4264 386 703 260 260 703 703 386 386
2992 3024 4264 2992 3024 4011 4011 4011 4011 4011 2498 260 386 4280 703 386 260 260 386 4070
1634 1634 97 97 97 97 3463 3463 3463 2222 906 1493 550 4280 4280 550 4280 3463 3463 3463
4280 550 4280 3463 3463 1634 1634 1634 4264 4264 2222 906 1493 550 4280 4280 550 4280 15 155
2222 906 1493 550 4280 4280 550 4280 15 155 594 97 15 155 260 260 260 3463 2992 2992
3463 2222 155 1493 550 4280 4280 550 4280 3463 3463 1634 1634 1634 4264 4264 4264 2222 155 1493
3463 3463 2222 155 1493 550 4280 4280 550 4280 3463 3463 1634 1634 1634 4264 4264 4264 2222 155
4280 4264 550 4280 3463 3463 3463 15 906 703 1634 1634 1634 1634 4264 4264 4264 3463 3463 4264
4927 4264 183 183 4264 4698 4698 4698 4698 4698 4698 4698 4698 4698 4698 3024 4011 3618 3618 3618
4011 4011 4011 3618 3618 4070 2534 386 4070 4070 386 260 386 4070 260 4070 61 386 4070 386
386 4070 386 2992 1153 4264 2992 1153 3618 4011 3618 3618 3618 2498 2534 386 4070 703 386 2534
1153 1110 1110 2992 1153 4011 3618 3618 3618 3618 2498 2534 2534 550 4070 703 386 2534 2534 386
15 2992 3024 3463 3463 3463 4698 3463 4698 4698 4698 4698 4698 4698 4698 4698 4698 183 1493 183
3463 3463 4698 4698 4698 4698 4698 4698 4698 4698 4698 4698 3463 183 1493 183 806 4264 4927 4264
2534 3463 260 2992 4264 3024 3024 4011 3618 4011 4011 3618 4070 260 386 4070 4070 386 260 2534
3618 4011 4011 703 260 386 4070 703 386 260 260 386 4070 703 61 386 4070 386 2992 3024
4011 703 260 386 4070 703 386 260 386 4070 260 703 61 386 4070 386 2992 3024 3463 3463
2222 155 1493 550 4280 4280 550 4280 15 155 594 97 15 155 260 260 260 4264 4011 2992
550 4280 4280 386 183 4280 15 155 594 15 155 260 260 260 260 97 260 260 2992 2992
97 3463 3463 2222 155 1493 550 4280 4280 550 4280 3463 3463 1634 1634 1634 4264 4264 4264 2222
183 4264 4698 4698 4698 4698 4698 4698 4698 4698 4698 4698 3024 4011 3618 3618 3618 183 1493 183
3463 3463 2222 155 1493 550 4280 4280 550 4280 3463 3463 1634 1634 1634 4264 4264 4264 4264 2222
260 2992 3024 3463 3024 4011 4011 4011 4011 4011 4070 260 386 4070 4070 386 260 2534 386 4070
4070 386 2992 1153 4264 2992 1153 4011 4011 3618 3618 3618 2498 2534 550 4070 703 386 2534 2534
155 594 97 15 155 260 260 260 4264 2992 2992 3024 3463 3024 4011 4011 4011 4011 4011 2498
550 4280 3463 3463 3463 906 906 1634 1634 1634 1634 1634 4264 4264 4264 4264 3463 3463 2222 906
3618 2498 260 386 4070 703 386 260 386 4070 260 4070 61 386 4070 61 2992 3024 4264 2992
1634 1634 1634 4264 4264 4264 4264 3463 3463 2222 906 1493 550 4280 4280 386 183 4280 15 155
550 4280 4280 550 4280 3463 3463 1634 1634 1634 4264 4264 4264 2222 155 1493 550 4280 4280 550
4011 4011 4011 4070 2534 386 4070 4070 386 260 2534 386 4070 4070 61 386 4070 386 2992 1153
3463 2222 155 1493 550 4280 4280 550 4280 3463 3463 1634 1634 1634 4264 4264 4264 2222 155 1493
4264 15 2992 3024 3463 3463 3463 4698 4698 4698 4698 4698 4698 4698 4698 4698 4698 3463 550 1493
3463 3463 4698 3463 4698 4698 4698 4698 4698 4698 4698 4698 4698 183 1493 183 183 806 4264 4264
2222 906 1493 550 4280 4280 550 4280 15 155 594 97 15 155 260 260 260 2992 260 2992
1634 1634 97 97 97 97 3463 3463 3463 2222 155 1493 550 4280 4280 550 4280 3463 3463 3463
1634 1634 97 97 97 97 3463 3463 3463 2222 906 1493 550 4280 4280 550 4280 3463 3463 1634
4011 4011 703 260 386 4070 703 386 260 260 386 4070 703 61 386 4070 386 2992 3024 3463
4264 4264 3463 3463 2222 906 1493 550 4280 4280 183 550 4280 15 155 594 97 15 155 260
1634 4264 4264 4264 2222 906 1493 550 4280 4280 183 183 4280 15 155 594 97 15 155 260
4011 4011 4011 4011 4070 2534 386 4070 4070 386 260 2534 386 4070 4070 61 386 4070 386 2992
386 260 386 4070 703 260 61 386 4070 386 2992 3024 4264 2992 3024 4011 4011 3618 3618 3618
4264 2992 2992 3024 3463 3024 4011 4011 4011 3618 3618 4070 2534 386 4070 4070 386 260 386 4070
594 97 15 155 260 260 260 4264 2992 2992 3024 3463 3024 4011 4011 4011 4011 4011 2498 260
4698 4698 4698 4698 4698 4698 4698 4698 4698 4698 183 1493 183 806 4264 183 4264 4264 4264 183
2222 155 1493 550 4280 4280 550 4280 3463 3463 1634 1634 1634 4264 4264 4264 2222 906 1493 550
386 2534 2534 386 4070 2534 2534 4070 61 386 4070 61 2992 1153 1110 1110 2992 1153 3618 3618
2992 3024 3463 3024 4011 4011 4011 4011 4011 703 260 386 4070 703 386 260 260 386 4070 703
4280 15 155 594 97 15 155 260 260 260 260 260 260 4264 15 2992 3024 3463 3463 3463
4264 260 2992 3024 3463 3024 4011 4011 4011 4011 4011 4070 2534 386 4070 4070 386 260 2534 386
183 4280 15 155 594 97 15 906 260 260 260 4264 2992 2992 3024 3024 4011 4011 4011 4011
550 4280 15 155 594 97 15 155 260 260 260 3463 2992 2992 4264 3024 3024 4011 3618 4011
906 1493 550 4280 4280 550 4280 15 155 594 97 15 155 260 260 260 4264 260 2992 3024
3463 3463 703 1634 1634 1634 1634 4264 4264 4264 2222 906 1493 550 4280 4280 550 4280 15 155
1634 1634 97 97 3463 3463 2222 906 1493 550 4280 4280 550 4280 3463 3463 1634 1634 1634 4264
703 703 386 386 386 4070 61 3024 3463 4264 2992 3024 3463 3463 1634 1634 2992 4264 3024 4011
1634 1634 97 97 3463 3463 2222 906 1493 550 4280 4280 550 4280 3463 3463 1634 1634 1634 4264
4280 550 4280 3463 3463 703 1634 1634 4264 4264 4264 2222 906 1493 550 4280 4280 550 183 4280
260 2992 4264 3024 3024 4011 3618 4011 4011 3618 4070 260 386 4070 4070 386 260 2534 386 4070
1153 4011 4011 3618 3618 3618 2498 2534 386 4070 703 386 2534 2534 386 4070 2498 61 386 4070
260 260 386 703 703 386 183 1493 183 806 4264 260 260 4927 4264 183 183 4264 386 703
4011 4011 4011 4011 2498 260 386 4070 703 386 260 260 386 703 4070 61 386 4070 61 4264
3463 3024 4011 4011 4011 4011 4011 703 260 386 4070 703 386 260 260 386 4070 703 61 386
4698 4698 4698 4698 3024 4011 3618 3618 3618 183 1493 183 806 4264 4927 4264 4011 183 183 4264
4011 4011 4011 703 260 386 4070 703 386 260 260 386 4070 703 61 386 4070 61 2992 3024
1634 1634 4264 4264 4264 3463 3463 4264 2222 906 1493 550 4280 4280 550 4280 15 155 594 97
550 4280 4280 550 4280 3463 3463 703 1634 1634 4264 4264 4264 2222 906 1493 550 4280 4280 183
4280 550 4280 15 155 594 97 15 155 260 260 260 4264 2992 2992 3024 3463 3024 4011 4011
155 594 15 155 260 97 260 260 4264 15 2992 3024 3463 3463 3463 3024 4011 4011 4011 3618
4264 4264 3463 3463 2222 906 1493 550 4280 4280 183 183 4280 15 155 594 15 155 260 260
703 1634 1634 1634 1634 4264 4264 4264 2222 906 1493 550 4280 4280 550 4280 15 155 594 97
1634 4264 4264 4264 2222 906 1493 550 4280 4280 550 4280 15 155 594 97 15 906 260 260
3463 3463 1634 1634 4264 4264 4264 4264 3463 3463 2222 906 1493 550 4280 4280 183 550 4280 15
4011 4011 703 260 386 4070 703 386 260 260 386 4070 703 61 386 4070 386 2992 3024 3463
260 4264 2992 2992 3024 3024 4011 4011 4011 4011 4011 2498 260 386 4070 703 386 260 386 4070
1634 1634 97 97 3463 3463 2222 155 1493 550 4280 4280 550 4280 3463 3463 1634 1634 1634 4264
703 1634 1634 4264 4264 4264 2222 155 1493 550 4280 4280 550 4280 15 155 594 97 15 155
4264 4264 2222 155 1493 550 4280 4280 550 4280 15 155 594 97 15 155 260 260 260 4264
4264 4264 4264 2222 155 1493 550 4280 4280 550 4280 15 155 594 97 15 155 260 260 260
1634 4264 4264 4264 2222 906 1493 550 4280 4280 550 4280 15 155 594 97 15 906 260 260
1634 97 97 97 97 3463 3463 3463 2222 906 1493 550 4280 4280 550 4280 3463 3463 3463 906
4280 550 4280 15 155 594 97 15 155 260 260 260 4264 2992 2992 3024 3463 3024 4011 4011
15 155 594 97 15 155 260 260 260 260 260 260 4264 15 2992 3024 3463 3463 3463 4698
386 4070 2534 4070 61 386 4070 386 2992 1153 1110 2992 1153 3618 3618 3618 3618 3618 2498 2534
4264 2992 2992 3024 3463 3024 4011 4011 4011 4011 4011 2498 260 386 4070 703 386 260 260 386
3463 3463 703 1634 1634 1634 1634 4264 4264 4264 2222 906 1493 550 4280 4280 550 4280 15 155
4927 4264 183 806 183 4264 183 4264 4927 4264 183 550 4264 4264 2992 183 2498 183 806 703
4011 4011 4011 4011 2498 260 386 4070 703 386 260 260 386 4070 703 61 386 4070 61 2992
4011 4011 3618 4011 4011 703 260 386 4070 703 386 260 260 386 4070 703 61 386 4070 386
97 97 97 97 3463 3463 3463 2222 906 1493 550 4280 4280 550 4280 3463 3463 3463 906 594
4070 2534 4070 61 386 4070 386 2992 1153 1110 2992 1153 3618 3618 3618 3618 3618 2498 2534 386
550 4280 3463 3463 703 1634 1634 1634 1634 4264 4264 4264 2222 906 1493 550 4280 4280 550 4280
4280 183 386 4280 15 155 594 97 15 155 260 260 260 4264 2992 2992 3024 3024 4011 4011
3463 2222 155 1493 550 4280 4280 550 4280 3463 3463 1634 1634 1634 4264 4264 4264 2222 906 1493
3463 550 1493 183 806 4264 4927 4264 183 183 4264 4698 4698 4698 4698 4698 4698 4698 4698 4698
3463 4698 4698 4698 4698 4698 4698 4698 4698 4698 4698 3463 183 1493 183 806 4264 4927 4264 183
4698 4698 4698 4698 3024 4011 3618 3618 3618 183 1493 183 806 4264 4927 4264 4011 183 183 4264
3024 3463 3463 4264 4011 3463 3024 4011 4011 4011 4011 4011 703 260 386 4070 703 386 260 386
4698 4698 4698 4698 4698 4698 4698 4698 3024 4011 3618 3618 3618 183 1493 183 806 4264 4927 4264
4264 4264 2222 906 1493 550 4280 4280 550 4280 15 155 594 97 15 155 260 260 260 2992
97 3463 3463 2222 155 1493 550 4280 4280 550 4280 3463 3463 1634 1634 1634 4264 4264 4264 4264
97 15 155 260 260 260 4264 260 2992 3024 3463 3024 4011 4011 4011 3618 3618 4070 260 386
703 1634 1634 4264 4264 4264 2222 906 1493 550 4280 4280 550 4280 15 155 594 97 15 155
4070 386 2534 2534 386 4070 260 2534 4070 61 386 4070 61 2992 1153 1110 1110 2992 1153 3618
3618 4011 4011 4011 2498 260 386 4070 703 386 260 386 4070 260 703 61 386 4070 61 2992
15 155 260 97 260 260 2992 2992 3024 4264 3463 3024 4011 4011 4011 3618 3618 4070 260 386
4280 550 4280 15 155 594 97 15 155 260 260 260 4264 2992 2992 3024 3463 3024 4011 4011
906 1493 550 4280 4280 550 4280 15 155 594 97 15 155 260 260 260 4264 2992 2992 3024
594 97 15 155 260 260 260 4264 2992 2992 3024 3463 3024 4011 4011 4011 4011 4011 2498 260
97 3463 3463 2222 906 1493 550 4280 4280 550 4280 3463 3463 1634 1634 1634 4264 4264 4264 4264
3463 3463 1634 1634 1634 4264 4264 2222 906 1493 550 4280 4280 550 4280 15 155 594 97 15
1634 1634 97 97 3463 3463 2222 155 1493 550 4280 4280 550 4280 3463 3463 1634 1634 1634 4264
550 4280 4280 183 386 4280 15 155 594 97 15 155 260 260 260 4264 2992 2992 3024 3024
594 97 15 155 260 260 260 4264 260 2992 3024 3463 3024 4011 4011 4011 3618 3618 4070 260
4280 4280 550 4280 15 155 594 97 15 155 260 260 260 4264 2992 2992 3024 3463 3024 4011
3463 3024 4011 4011 4011 4011 4011 4070 2534 386 4070 4070 386 260 2534 386 4070 4070 61 386
3024 4011 4011 4011 3618 3618 4070 2534 386 4070 4070 386 260 386 4070 260 4070 61 386 4070
703 386 260 386 4070 260 703 61 386 4070 386 2992 3024 3463 3463 4264 2992 2222 4011 1493
3463 3463 3463 1634 1634 4264 4264 4264 4264 3463 3463 2222 906 1493 550 4280 4280 183 550 4280
4264 4264 2222 906 1493 550 4280 4280 550 4280 15 155 594 97 15 155 260 260 260 4264
4698 4698 4698 183 1493 183 183 806 4264 4264 4927 4264 183 183 4280 550 1493 183 806 4264
97 97 97 3463 3463 2222 155 1493 550 4280 4280 550 4280 3463 3463 1634 1634 1634 4264 4264
3463 3463 3463 155 906 703 1634 1634 1634 1634 4264 4264 4264 3463 3463 4264 2222 906 1493 550
3024 4011 4011 3618 4011 4011 703 260 386 4070 703 386 260 260 386 4070 703 61 386 4070
2992 1153 4011 3618 3618 3618 3618 2498 2534 2534 386 4070 703 386 2534 2534 386 4070 2534 2534
2222 155 1493 550 4280 4280 550 4280 3463 3463 1634 1634 1634 4264 4264 4264 2222 155 1493 550
594 15 155 260 97 260 260 4264 15 2992 3024 3463 3463 3463 3024 4011 4011 4011 3618 3618
183 4280 15 155 594 15 155 260 97 260 260 4264 15 2992 3024 3463 3463 3463 3024 4011
3463 3463 2222 155 1493 550 4280 4280 550 4280 3463 3463 1634 1634 1634 4264 4264 4264 2222 906
1634 97 97 97 97 3463 3463 3463 2222 906 1493 550 4280 4280 550 4280 3463 3463 3463 906
550 4280 3463 3463 703 1634 1634 4264 4264 4264 2222 906 1493 550 4280 4280 386 550 4280 15
97 3463 3463 2222 155 1493 550 4280 4280 550 4280 3463 3463 1634 1634 1634 4264 4264 4264 2222
3463 3463 3463 4698 4698 4698 4698 4698 4698 4698 4698 4698 4698 3463 183 1493 183 806 4264 4927
3024 3463 3463 3463 4698 3463 4698 4698 4698 4698 4698 4698 4698 4698 4698 183 1493 183 183 806
4280 4280 550 4280 3463 3463 1634 1634 1634 4264 4264 4264 2222 155 1493 550 4280 4280 550 4280
260 2992 3024 3463 3024 4011 4011 4011 4011 4011 4070 2534 386 4070 4070 386 260 2534 386 4070
183 4280 15 155 594 15 155 260 97 260 260 4264 15 2992 3024 3463 3463 3463 3024 4011
1634 97 97 3463 3463 2222 155 1493 550 4280 4280 550 4280 3463 3463 1634 1634 1634 4264 4264
4070 61 386 4070 386 2992 1153 4264 2992 1153 3618 4011 3618 3618 3618 2498 2534 386 4070 703
1634 4264 4264 4264 2222 155 1493 550 4280 4280 183 550 4280 15 155 594 15 155 260 97
2992 4264 3024 3463 3024 4011 4011 4011 4011 4011 703 260 386 4070 703 386 260 260 386 4070
4698 4698 4698 4698 4698 4698 4698 4698 4698 4698 3024 4011 3618 3618 3618 183 1493 183 806 4264
906 1493 550 4280 4280 550 4280 3463 3463 1634 1634 1634 4264 4264 4264 2222 906 1493 550 4280
4698 4698 4698 4698 4698 4698 4698 183 1493 183 183 806 4264 4264 4927 4264 183 183 4280 183
183 183 4264 4698 4698 4698 4698 4698 4698 4698 4698 4698 4698 3024 4011 4011 4011 4011 4011 703
260 260 260 4264 2992 2992 3024 3463 3024 4011 4011 4011 4011 4011 703 260 386 4070 703 386
1153 4011 3618 3618 3618 3618 2498 2534 2534 386 4070 703 386 2534 2534 386 4070 2534 2534 2498
2992 3024 4264 2992 3024 4011 4011 4011 4011 4011 2498 260 386 4070 703 386 260 260 386 4070
594 97 15 155 260 260 260 4264 2992 2992 3024 3024 4011 4011 4011 3618 3618 2498 260 386
4698 4698 4698 4698 4698 4698 183 1493 183 183 806 4264 4264 4927 4264 183 183 4280 183 1493
2534 386 4070 260 2534 4070 61 386 4070 61 2992 1153 1110 1110 2992 1153 3618 3618 3618 3618
806 4264 260 260 4927 4264 183 183 4264 386 703 260 260 703 703 386 386 386 703 61
4280 3463 3463 1634 1634 1634 4264 4264 2222 906 1493 550 4280 4280 550 4280 15 155 594 97
806 4264 4264 4927 4264 183 183 4280 183 1493 183 806 4264 4927 4264 183 183 4264 4698 4698
1634 1634 4264 4264 4264 2222 155 1493 550 4280 4280 550 4280 15 155 594 97 15 155 260
183 183 4280 15 155 594 15 155 260 97 260 260 2992 2992 3024 4264 3463 3024 4011 4011
4264 4264 2222 155 1493 550 4280 4280 183 183 4280 15 155 594 15 155 260 97 260 260
183 183 4280 550 1493 183 806 4264 4927 4264 183 183 4264 4698 4698 4698 4698 4698 4698 4698
260 386 4070 703 61 386 4070 386 2992 3024 4264 2992 3024 4011 4011 4011 4011 4011 2498 260
703 1634 1634 1634 1634 4264 4264 4264 2222 906 1493 550 4280 4280 550 4280 15 155 594 97
4280 550 4280 15 155 594 97 15 906 260 260 260 2992 2992 4264 3024 3463 3024 4011 4011
4280 183 386 4280 15 155 594 15 155 260 97 260 260 4264 15 2992 3024 3463 3463 3463
4070 386 2534 386 4070 2534 4070 61 386 4070 386 2992 1153 1110 2992 1153 3618 3618 3618 3618
97 97 3463 3463 2222 155 1493 550 4280 4280 550 4280 3463 3463 1634 1634 1634 4264 4264 4264
386 2534 2534 386 4070 2534 2534 4070 61 386 4070 61 2992 1153 1110 1110 2992 1153 3618 3618
183 386 4280 15 155 594 15 155 260 97 260 260 4264 15 2992 3024 3463 3463 3463 3024
4698 4698 4698 4698 4698 4698 550 1493 183 806 4264 183 4264 4927 4264 183 806 183 4264 183
1493 550 4280 4280 550 4280 3463 3463 3463 15 906 1634 1634 1634 1634 1634 4264 4264 4264 3463
4698 4698 4698 4698 4698 3024 4011 3618 3618 183 1493 183 806 4264 4927 4264 4011 183 183 4264
550 4280 4280 183 550 4280 15 155 594 97 15 155 260 260 260 2992 2992 4264 3024 3463
97 15 155 260 260 260 4264 2992 2992 3024 3463 3463 3463 3024 4011 4011 4011 4011 4011 2498
15 155 594 97 15 155 260 260 260 4264 2992 2992 3024 3463 3463 4264 4011 3463 3024 4011
3463 1634 1634 1634 4264 4264 4264 2222 155 1493 550 4280 4280 183 550 4280 15 155 594 15
15 155 260 260 260 4264 2992 2992 3024 3463 3024 4011 4011 4011 3618 3618 4070 260 386 4070
1634 1634 4264 4264 4264 2222 906 1493 550 4280 4280 550 4280 15 155 594 97 15 155 260
2534 260 2992 2992 3024 4264 3463 3024 4011 4011 4011 3618 3618 4070 2534 386 4070 4070 386 260
2534 260 386 4070 4070 386 260 260 386 4070 260 260 4070 61 386 4070 61 2992 1153 4264
183 4280 15 155 594 97 15 906 260 260 260 4264 2992 2992 3024 3024 4011 4011 4011 4011
2992 2992 4264 3024 3463 3024 4011 4011 4011 4011 4011 703 260 386 4070 703 386 260 260 386
4280 4280 550 4280 3463 3463 1634 1634 1634 1634 1634 4264 4264 4264 2222 906 1493 550 4280 4280
183 183 4264 4011 4070 260 260 386 4070 4070 386 260 260 386 4070 260 260 4070 61 386
906 906 703 1634 1634 1634 1634 4264 4264 4264 4264 3463 3463 2222 906 1493 550 4280 4280 183
4011 703 260 386 4070 703 386 260 260 386 4070 703 61 386 4070 61 2992 3024 3463 3463
4011 4011 4011 4011 4070 2534 386 4070 4070 386 260 2534 386 4070 4070 61 386 4070 386 2992
4280 4280 386 183 4280 15 155 594 15 155 260 260 260 260 97 260 260 2992 2992 3024
4698 4698 4698 3024 4011 3618 3618 3618 183 1493 183 806 4264 4927 4264 4011 183 183 4264 4070
3618 4011 4011 4011 2498 260 386 4070 703 386 260 386 4070 260 703 61 386 4070 61 2992
2222 906 1493 550 4280 4280 183 183 4280 15 155 594 97 15 155 260 260 260 2992 2992
1634 1634 97 97 3463 3463 2222 155 1493 550 4280 4280 550 4280 3463 3463 1634 1634 1634 4264
4264 2222 155 1493 550 4280 4280 550 4280 15 155 594 97 15 155 260 260 260 4264 4011
4280 3463 3463 1634 1634 1634 4264 4264 4264 2222 906 1493 550 4280 4280 550 4280 15 155 594
1634 4264 4264 4264 2222 906 1493 550 4280 4280 183 550 4280 15 155 594 97 15 155 260
183 183 4264 4070 260 260 386 4070 4070 386 260 260 386 4070 260 260 4070 61 386 4070
2222 906 1493 550 4280 4280 550 4280 3463 3463 3463 1634 1634 4264 4264 4264 4264 3463 3463 2222
594 97 15 155 260 260 2534 4264 260 2992 3024 3463 3024 4011 4011 4011 4011 4011 4070 260
97 15 155 260 260 260 4264 2992 2992 3024 3463 3024 4011 4011 4011 4011 4011 2498 260 386
1634 1634 4264 4264 4264 4264 3463 3463 2222 906 1493 550 4280 4280 183 550 4280 15 155 594
4927 4264 183 183 4264 4698 4698 4698 4698 4698 4698 4698 4698 4698 4698 3024 4011 3618 3618 183
3463 2222 906 1493 550 4280 4280 550 4280 3463 3463 3463 1634 1634 1634 4264 4264 3463 3463 2222
4011 4011 4011 3618 3618 4070 2534 386 4070 4070 386 260 2992 4070 260 4070 4070 386 386 386
3463 3463 1634 1634 1634 4264 4264 4264 2222 155 1493 550 4280 4280 550 4280 15 155 594 97
15 155 594 97 15 906 260 260 260 4264 2992 2992 3024 3024 4011 4011 4011 4011 4011 2498
1153 4011 3618 3618 3618 3618 2498 2534 2534 386 4070 703 386 2534 2534 386 4070 2534 2534 2498
550 4280 15 155 594 97 15 155 260 260 260 4264 2992 2992 3024 3463 3024 4011 4011 3618
703 260 260 703 703 386 386 386 703 61 3024 3463 4264 2992 3024 3463 3463 1634 1634 2992
4698 4698 4698 4698 4698 4698 4698 4698 3463 183 1493 183 806 4264 4927 4264 183 183 4264 4698
1634 1634 4264 4264 4264 2222 906 1493 550 4280 4280 550 550 4280 15 155 594 97 15 155
4264 2222 906 1493 550 4280 4280 183 183 4280 15 155 594 97 15 155 260 260 260 4264
3618 3618 4070 2534 386 4070 4070 386 260 386 4070 2992 4070 4070 386 386 386 4070 61 3024
1634 1634 4264 4264 4264 2222 906 1493 550 4280 4280 550 4280 15 155 594 97 15 155 260
3463 3463 1634 1634 1634 1634 1634 4264 4264 4264 2222 906 1493 550 4280 4280 550 4280 15 155
3024 4011 4011 4011 4011 4011 703 2534 386 4070 4070 386 260 2534 386 4070 4070 61 386 4070
260 2992 3024 4264 3463 3463 3463 4698 4698 4698 4698 4698 4698 4698 4698 4698 4698 3463 183 1493
155 594 97 15 906 260 260 260 4264 2992 2992 3024 3463 3463 3463 3024 4011 4011 4011 4011
4280 4280 550 4280 3463 3463 3463 1634 1634 1634 4264 4264 3463 3463 2222 906 1493 550 4280 4280
4698 4698 4698 4698 3463 183 1493 183 806 4264 4927 4264 183 183 4264 4698 4698 4698 4698 4698
15 155 594 97 15 155 260 260 260 4264 2992 2992 3024 3463 3024 4011 4011 3618 4011 4011
260 61 386 4070 386 2992 3024 4264 2992 3024 4011 4011 3618 3618 3618 2498 260 386 4070 703
3463 703 1634 1634 4264 4264 4264 2222 906 1493 550 4280 4280 550 550 4280 15 155 594 97
183 4280 550 1493 183 806 4264 4927 4264 183 183 4264 4698 4698 4698 4698 4698 4698 4698 4698
4264 2992 2992 3024 3463 3024 4011 4011 3618 4011 4011 703 260 386 4070 703 386 260 260 386
2992 3024 3463 3463 3463 3024 4011 4011 4011 4011 4011 2498 260 386 4070 4070 386 260 386 4070
4280 4280 183 550 4280 15 155 594 97 15 155 260 260 260 2992 2992 4264 3024 3463 3024
4698 4698 4698 4698 4698 4698 4698 4698 4698 4698 3463 183 1493 183 806 4264 4927 4264 183 183
1634 4264 4264 4264 2222 155 1493 550 4280 4280 550 4280 15 155 594 97 15 155 260 260
3024 4264 2992 3024 4011 4011 4011 4011 4011 2498 260 386 4280 703 386 260 260 386 4070 2498
1493 550 4280 4280 550 4280 15 155 594 97 15 155 260 260 260 260 260 2992 4264 15
61 386 4070 61 2992 1153 1110 1110 2992 1153 3618 3618 3618 3618 3618 2498 2534 2534 550 4070
550 4280 4280 550 4280 3463 3463 1634 1634 1634 4264 4264 4264 2222 906 1493 550 4280 4280 550
4264 4927 4264 183 183 4264 4698 4698 4698 4698 4698 4698 4698 4698 4698 4698 3024 4011 3618 3618
3463 2222 155 1493 550 4280 4280 550 4280 3463 3463 1634 1634 1634 4264 4264 4264 2222 155 1493
3463 3024 4011 4011 4011 4011 4011 703 260 386 4070 703 386 260 260 386 4070 703 61 386
15 2992 3024 3463 3463 3463 4698 4698 4698 4698 4698 4698 4698 4698 4698 4698 3463 550 1493 183
2992 2992 3024 3024 4011 4011 4011 4011 4011 2498 260 386 4070 703 386 260 386 4070 260 4070
1634 1634 1634 1634 97 97 97 97 3463 3463 3463 2222 906 1493 550 4280 4280 550 4280 3463
3618 4070 260 386 4070 4070 386 260 2534 386 4070 4070 61 386 4070 386 2992 1153 3463 3463
3463 3463 2222 155 1493 550 4280 4280 550 4280 3463 3463 1634 1634 1634 4264 4264 4264 4264 2222
703 1634 1634 4264 4264 4264 2222 906 1493 550 4280 4280 550 550 4280 15 155 594 97 15
594 97 15 155 260 260 260 2992 2992 4264 3024 3463 3024 4011 4011 4011 4011 4011 2498 260
3618 3618 4070 2534 386 4070 4070 386 260 386 4070 2992 4070 4070 386 386 386 4070 61 3024
4280 4280 550 4280 15 155 594 97 15 155 260 260 260 4264 260 2992 3024 3463 3024 4011
3024 4011 4011 4011 4011 3618 2498 260 386 4070 703 386 260 386 4070 260 4070 61 386 4070
386 260 260 386 4070 703 61 386 4070 386 2992 3024 1110 2992 3024 4011 4011 4011 4011 4011
4264 183 4264 4927 4264 183 806 183 4264 183 4264 4927 4264 183 550 4264 4264 4011 183 2498
183 386 4280 15 155 594 15 155 260 97 260 260 4264 15 2992 3024 3463 3463 3463 3024
155 1493 550 4280 4280 550 4280 3463 3463 1634 1634 1634 4264 4264 4264 2222 906 1493 550 4280
155 594 97 15 155 260 260 2534 4264 260 2992 3024 3463 3024 4011 4011 4011 4011 4011 4070
3463 2222 155 1493 550 4280 4280 550 4280 3463 3463 1634 1634 1634 4264 4264 4264 2222 155 1493
3024 3463 3024 4011 4011 4011 4011 4011 2498 260 386 4070 703 386 260 260 386 4070 2498 61
97 3463 3463 2222 906 1493 550 4280 4280 550 4280 3463 3463 1634 1634 1634 4264 4264 4264 2222
3618 4070 2534 386 4070 4070 386 260 386 4070 260 4070 61 386 4070 386 2992 1153 4264 2992
260 260 386 4070 4070 386 260 260 386 4070 260 260 4070 61 386 4070 61 2992 1153 4264
2992 3024 3463 3463 3463 4698 3463 4698 4698 4698 4698 4698 4698 4698 4698 4698 183 1493 183 183
703 386 260 260 386 4070 703 61 386 4070 386 2992 3024 4264 2992 3024 4011 4011 4011 4011
4264 183 806 183 4264 183 4264 4927 4264 183 183 4264 4264 2992 183 2498 183 806 4264 4927
4280 4264 550 4280 3463 3463 3463 15 906 703 1634 1634 1634 1634 4264 4264 4264 3463 3463 4264
4280 4280 550 4280 3463 3463 3463 1634 1634 1634 4264 4264 3463 3463 2222 906 1493 550 4280 4280
15 155 260 260 260 4264 2992 2992 3024 3463 3463 4264 4011 3463 3024 4011 4011 4011 4011 4011
155 594 97 15 155 260 260 260 260 260 260 4264 15 2992 3024 3463 3463 3463 4698 3463
183 806 4264 4927 4264 183 183 4264 4698 4698 4698 4698 4698 4698 4698 4698 4698 4698 3024 4011
260 260 260 260 260 260 4264 15 2992 3024 3463 3463 3463 4698 4698 4698 4698 4698 4698 4698
2992 2992 4264 3024 3463 3024 4011 4011 4011 4011 4011 703 260 386 4070 703 386 260 260 386
2992 3024 3463 3024 4011 4011 4011 3618 3618 4070 2534 386 4070 4070 386 260 386 4070 260 4070
1634 97 97 3463 3463 2222 906 1493 550 4280 4280 550 4280 3463 3463 1634 1634 1634 4264 4264
1153 4011 3618 3618 3618 3618 2498 2534 2534 386 4070 703 386 2534 2534 386 4070 2534 2534 2498
1634 1634 1634 1634 1634 4264 4264 4264 2222 906 1493 550 4280 4280 550 4280 15 155 594 97
155 594 15 155 260 97 260 2534 2992 2992 3024 4264 3463 3024 4011 4011 4011 3618 3618 2498
4011 4011 4011 2498 260 386 4070 703 386 260 260 386 4070 703 61 386 4070 386 2992 3024
3618 3618 3618 2498 2534 2534 386 4070 703 386 2534 2534 386 4070 2534 2534 2498 61 386 4070
3463 1634 1634 1634 4264 4264 4264 2222 155 1493 550 4280 4280 550 4280 15 155 594 97 15
155 1493 550 4280 4280 550 4280 3463 3463 1634 1634 1634 4264 4264 4264 2222 155 1493 550 4280
4264 4264 2222 155 1493 550 4280 4280 550 4280 15 155 594 97 15 155 260 260 260 2992
550 4280 4280 550 4280 3463 3463 703 1634 1634 4264 4264 4264 4264 2222 906 1493 550 4280 4280
1634 97 97 3463 3463 2222 155 1493 550 4280 4280 550 4280 3463 3463 1634 1634 1634 4264 4264
806 4264 4264 4927 4264 183 183 4280 183 1493 183 806 4264 4927 4264 183 183 4264 4698 4698
3618 4070 2534 386 4070 4070 386 260 386 4070 260 4070 4070 386 386 386 4070 61 3024 3463
4011 4011 703 260 260 386 703 703 386 183 1493 183 806 4264 260 260 4927 4264 183 183
2222 906 1493 550 4280 4280 550 4280 3463 3463 3463 1634 1634 1634 4264 4264 3463 3463 2222 906
1493 183 806 4264 183 4264 4927 4264 183 806 183 4264 183 4264 4011 4264 183 550 4264 4264
4011 4011 4011 4011 4011 2498 260 386 4070 703 386 260 260 386 4070 703 61 386 4070 61
4698 4698 4698 4698 4698 4698 4698 4698 4698 4698 3463 183 1493 183 806 4264 4927 4264 183 183
4264 4927 4264 4011 183 183 4264 4011 4070 260 260 386 4070 4070 386 260 260 386 4070 2992
4011 4011 4011 4011 4011 2498 260 386 4070 703 386 260 386 4070 703 260 61 386 4070 386
3618 3618 3618 2498 260 386 4070 703 386 260 386 4070 260 4070 61 386 4070 61 2992 3024
155 1493 550 4280 4280 183 183 4280 3463 3463 3463 1634 1634 4264 4264 4264 2222 906 1493 550
1634 4264 4264 4264 3463 3463 4264 2222 906 1493 550 4280 4280 550 4280 15 155 594 97 15
4011 703 260 260 386 703 703 386 183 1493 183 806 4264 260 260 4927 4264 183 183 4264
550 4280 4280 183 550 4280 15 155 594 97 15 155 260 260 260 2992 2992 4264 3024 3463
2222 906 1493 550 4280 4280 550 4280 3463 3463 3463 1634 1634 4264 4264 4264 4264 3463 3463 2222
4264 3463 3463 4264 2222 906 1493 550 4280 4280 550 4280 15 155 594 97 15 155 260 260
4070 61 2992 1153 1110 1110 2992 1153 3618 3618 3618 3618 3618 2498 2534 2534 550 4070 4070 386
550 4280 4280 386 183 4280 15 155 594 15 155 260 260 260 260 97 260 260 2992 2992
1634 4264 4264 4264 4264 3463 3463 2222 906 1493 550 4280 4280 183 550 4280 15 155 594 97
97 3463 3463 2222 155 1493 550 4280 4280 550 4280 3463 3463 1634 1634 1634 4264 4264 2222 906
2992 3024 3463 3463 1634 1634 260 4264 3024 4011 4011 4011 4011 4011 703 260 260 386 4070 703
3463 3463 3463 906 906 703 1634 1634 1634 1634 4264 4264 4264 4264 3463 3463 2222 906 1493 550
4280 3463 3463 703 1634 1634 4264 4264 4264 2222 155 1493 550 4280 4280 550 4280 15 155 594
550 4280 15 155 594 97 15 155 260 260 260 4264 2992 2992 3024 3463 3024 4011 4011 3618
2534 2992 2992 3024 4264 3463 3024 4011 4011 4011 3618 3618 4070 2534 386 4070 4070 386 260 386
550 4280 3463 3463 703 1634 1634 4264 4264 4264 2222 906 1493 550 4280 4280 550 4280 15 155
3618 4011 4011 703 260 386 4070 703 386 260 260 386 4070 703 61 386 4070 386 2992 3024
906 1493 550 4280 4280 183 183 4280 15 155 594 97 15 155 260 260 260 4264 4011 2992
260 260 260 2992 3024 4264 3463 3463 3463 4698 4698 4698 4698 4698 4698 4698 4698 4698 4698 3463
4070 703 386 260 386 4070 703 260 61 386 4070 386 2992 3024 4264 2992 3024 4011 4011 3618
4011 4011 2498 260 386 4070 703 386 260 260 386 4070 703 61 386 4070 386 2992 3024 4264
4264 4264 4264 4264 3463 3463 2222 906 1493 550 4280 4280 183 183 4280 15 155 594 15 155
3463 3463 703 1634 1634 4264 4264 4264 2222 155 1493 550 4280 4280 550 4280 15 155 594 97
4264 4698 4698 4698 4698 4698 4698 4698 4698 4698 4698 3024 4011 3618 3618 550 2498 183 806 4264
1493 550 4280 4280 550 4280 15 155 594 97 15 155 260 260 260 2992 2992 4264 3024 3463
3463 155 906 703 1634 1634 1634 1634 4264 4264 4264 3463 3463 4264 2222 906 1493 550 4280 4280
4264 2222 155 1493 550 4280 4280 183 183 4280 15 155 594 15 155 260 97 260 260 4264
4698 4698 3463 550 1493 183 806 4264 4927 4264 183 183 4264 4698 4698 4698 4698 4698 4698 4698
61 386 4070 386 2992 3024 4264 2992 3024 4011 4011 3618 3618 3618 2498 260 386 4070 703 386
1634 4264 4264 4264 2222 155 1493 550 4280 4280 550 4280 15 155 594 97 15 155 260 260
3463 3463 3463 3024 4011 4011 4011 4011 4011 2498 260 386 4070 703 386 260 386 4070 260 703
97 97 3463 3463 2222 155 1493 550 4280 4280 183 183 4280 3463 3463 3463 1634 1634 4264 4264
3463 1634 1634 1634 4264 4264 2222 906 1493 550 4280 4280 550 4280 15 155 594 97 15 155
703 260 260 703 703 386 386 386 703 61 3024 3463 4264 2992 3024 3463 3463 1634 1634 2992
3024 3463 3024 4011 4011 4011 4011 4011 4070 2534 386 4070 4070 386 260 2534 386 4070 4070 61
4280 3463 3463 703 1634 1634 4264 4264 4264 2222 155 1493 550 4280 4280 550 4280 15 155 594
1634 1634 4264 4264 4264 2222 155 1493 550 4280 4280 550 4280 15 155 594 97 15 906 260
1634 1634 1634 97 97 97 97 3463 3463 3463 2222 906 1493 550 4280 4280 550 4280 3463 3463
2992 4264 3024 3024 4011 3618 4011 4011 3618 4070 260 386 4070 4070 386 260 2534 386 4070 4070
4264 4927 4264 4011 183 183 4264 4070 2534 260 386 4070 4070 386 260 260 386 4070 260 260
155 260 260 260 260 260 260 4264 15 2992 3024 3463 3463 3463 4698 4698 4698 4698 4698 4698
703 260 386 4070 703 386 260 260 386 4070 703 61 386 4070 386 2992 3024 3463 3463 4264
15 906 260 260 260 2992 2992 4264 3024 3463 3024 4011 4011 4011 4011 4011 703 260 386 4070
97 3463 3463 3463 2222 906 1493 550 4280 4280 550 4280 3463 3463 1634 1634 1634 1634 1634 4264
3463 3463 3463 2222 906 1493 550 4280 4280 550 4280 3463 3463 1634 1634 1634 1634 1634 4264 4264
594 97 15 155 260 260 260 4264 260 2992 3024 3463 3024 4011 4011 4011 4011 4011 4070 260
4280 550 4280 15 155 594 97 15 155 260 260 260 4264 2992 2992 3024 3463 3024 4011 4011
97 97 97 3463 3463 2222 155 1493 550 4280 4280 550 4280 3463 3463 1634 1634 1634 4264 4264
4264 2992 3024 4011 4011 4011 4011 4011 2498 260 386 4280 703 386 260 260 386 4070 2498 61
1634 97 97 97 97 3463 3463 3463 2222 906 1493 550 4280 4280 550 4280 3463 3463 1634 1634
4011 2498 260 386 4070 703 386 260 260 386 4070 703 61 386 4070 386 2992 3024 4264 2992
260 386 4070 703 386 260 260 386 4070 703 61 386 4070 386 2992 3024 3463 3463 4264 2992
594 97 15 155 260 260 260 260 2534 260 4264 15 2992 3024 3463 3463 3463 4698 4698 4698
4264 4698 4698 4698 4698 4698 4698 4698 4698 4698 4698 3024 4011 4011 4011 4011 4011 703 260 260
2992 3024 4264 3463 3024 4011 4011 4011 3618 3618 4070 2534 386 4070 4070 386 260 386 4070 2992
15 155 594 97 15 155 260 260 260 3463 2992 2992 4264 3024 3024 4011 3618 4011 4011 3618
4280 550 4280 3463 3463 703 1634 1634 1634 1634 4264 4264 4264 2222 906 1493 550 4280 4280 550
386 260 386 4070 703 260 61 386 4070 386 2992 3024 4264 2992 3024 4011 4011 3618 3618 3618
4011 4011 4011 4011 4011 703 260 386 4070 703 386 260 260 386 4070 703 61 386 4070 61
4280 15 155 594 97 15 906 260 260 260 2992 2992 4264 3024 3463 3024 3463 3463 4264 4264
1634 1634 1634 4264 4264 4264 2222 155 1493 550 4280 4280 550 4280 15 155 594 97 15 155
703 1634 1634 4264 4264 4264 2222 906 1493 550 4280 4280 550 550 4280 15 155 594 97 15
155 260 260 260 4264 2992 2992 3024 3024 4011 4011 4011 4011 4011 2498 260 386 4070 703 386
550 4280 3463 3463 703 1634 1634 4264 4264 4264 2222 155 1493 550 4280 4280 550 4280 15 155
2534 386 4070 2534 4070 61 386 4070 386 2992 1153 1110 2992 1153 3618 3618 3618 3618 3618 2498
2534 386 4070 260 2534 4070 61 386 4070 61 2992 1153 1110 1110 2992 1153 3618 3618 3618 3618
4011 3618 4011 4011 3618 4070 260 386 4070 4070 386 260 2534 386 4070 4070 61 386 4070 386
906 1493 550 4280 4280 550 4280 15 155 594 97 15 155 260 260 260 4264 260 2992 3024
1493 550 4280 4280 550 4280 3463 3463 703 1634 1634 4264 4264 4264 4264 2222 906 1493 550 4280
155 594 97 15 155 260 260 2534 3463 260 2992 4264 3024 3024 4011 3618 4011 4011 3618 4070
4011 4011 4011 3618 3618 4070 2534 386 4070 4070 386 260 386 4070 260 4070 61 386 4070 386
2534 2992 2992 3024 4264 3463 3024 4011 4011 4011 3618 3618 4070 2534 386 4070 4070 386 260 386
15 155 260 260 260 2992 2992 4264 3024 3463 3024 4011 4011 4011 4011 4011 2498 260 386 4070
4698 4698 4698 4698 4698 4698 4698 4698 183 1493 183 183 806 4264 4264 4927 4264 183 183 4280
4264 2992 1153 4011 4011 3618 3618 3618 2498 2534 386 4070 703 386 2534 2534 386 4070 2498 61
1493 550 4280 4280 550 4280 3463 3463 703 1634 1634 4264 4264 4264 2222 906 1493 550 4280 4280
260 386 4070 703 61 386 4070 386 2992 3024 4264 2992 3024 4011 4011 4011 4011 4011 2498 260
550 4280 15 155 594 97 15 155 260 260 260 260 260 260 4264 15 2992 3024 3463 3463
183 1493 183 806 4264 4927 4264 183 183 4264 4698 4698 4698 4698 4698 4698 4698 4698 4698 4698
4011 4011 4011 3618 3618 4070 2534 386 4070 4070 386 260 386 4070 260 4070 61 386 4070 386
3463 3463 703 1634 1634 4264 4264 4264 2222 155 1493 550 4280 4280 550 4280 15 155 594 97
3463 3463 2222 906 1493 550 4280 4280 550 4280 15 155 594 97 15 155 260 260 260 3463
1634 1634 4264 4264 3463 3463 2222 906 1493 550 4280 4280 550 4280 15 155 594 97 15 155
4011 2498 260 386 4070 703 386 260 260 386 4070 703 61 386 4070 386 2992 3024 4264 2992
15 155 594 97 15 155 260 260 260 4264 2992 2992 3024 3463 3024 4011 4011 4011 4011 4011
4011 3618 3618 550 1493 183 806 4264 4927 4264 4011 183 183 4264 4011 2498 260 260 386 4070
3463 3463 4698 4698 4698 4698 4698 4698 4698 4698 4698 4698 3463 550 1493 183 806 4264 4927 4264
4280 3463 3463 703 1634 1634 4264 4264 4264 4264 2222 906 1493 550 4280 4280 183 550 4280 15
1634 97 97 3463 3463 2222 906 1493 550 4280 4280 550 4280 3463 3463 1634 1634 1634 4264 4264
1634 1634 1634 4264 4264 3463 3463 2222 906 1493 550 4280 4280 550 4280 15 155 594 97 15
1153 4011 3618 3618 3618 3618 2498 2534 2534 386 4070 703 386 2534 2534 386 4070 2534 2534 2498
550 4280 4280 550 4280 3463 3463 703 1634 1634 4264 4264 4264 2222 906 1493 550 4280 4280 183
3463 3463 703 1634 1634 1634 1634 4264 4264 4264 2222 906 1493 550 4280 4280 550 4280 15 155
3463 3463 4698 3463 4698 4698 4698 4698 4698 4698 4698 4698 4698 183 1493 183 183 806 4264 4264
4264 4264 2222 906 1493 550 4280 4280 550 4280 15 155 594 97 15 155 260 260 260 2992
4264 4264 3463 3463 4264 2222 906 1493 550 4280 4280 550 4280 15 155 594 97 15 155 260
