215 156 156 9 9 156 475 475 475 475 475 475 475 475 475 475 475 475 475 475
238 333 238 156 333 156 156 333 333 156 156 333 333 156 333 333 156 317 333 317
317 317 333 156 419 160 238 333 238 238 333 333 238 238 333 238 156 333 156 156
317 317 317 317 51 144 317 51 51 231 51 51 51 156 311 51 51 51 311 51
215 248 248 215 215 248 215 248 248 248 51 215 215 248 215 215 248 248 248 51
231 231 317 317 160 160 156 333 238 238 333 333 238 238 333 238 231 238 156 333
475 475 475 475 475 475 475 475 475 419 9 160 160 156 231 317 156 231 144 144
475 419 9 160 160 156 231 317 156 231 144 144 248 144 317 317 317 317 156 144
156 419 160 238 333 238 238 333 333 238 238 333 238 156 333 156 156 333 333 156
215 248 215 215 248 248 215 51 248 215 215 248 248 215 215 215 248 215 215 215
215 311 311 215 215 215 311 215 156 311 215 311 215 311 215 311 215 311 215 215
156 156 156 156 156 156 231 317 156 156 311 144 144 248 144 317 317 317 317 156
9 9 160 160 160 160 9 9 419 9 9 9 9 9 9 475 475 475 475 475
144 248 144 317 317 317 317 51 144 156 51 51 231 51 51 51 231 51 51 51
231 51 51 51 231 156 231 231 144 144 317 9 419 156 317 144 248 317 317 231
9 160 160 160 160 9 9 419 9 9 9 9 9 9 475 475 475 475 475 475
475 475 475 475 419 9 160 160 156 231 317 156 231 144 144 248 144 317 317 317
475 475 475 475 475 475 475 475 419 9 160 160 156 231 317 215 231 144 144 248
156 311 311 231 311 144 160 317 156 317 144 231 317 317 156 231 317 156 231 144
333 156 156 333 333 156 333 156 160 160 156 333 317 156 231 215 215 333 317 317
215 248 215 215 248 248 248 215 51 215 215 248 248 215 215 215 248 248 215 215
475 475 475 475 475 475 475 475 475 475 419 9 160 160 156 231 317 156 231 144
419 156 156 156 160 156 156 156 160 156 231 317 156 231 144 144 248 248 317 317
51 51 231 51 333 238 156 231 231 231 333 333 238 238 248 317 231 238 156 333
231 51 231 156 51 231 51 231 231 231 231 156 231 231 144 144 317 419 9 419
238 238 156 333 156 333 156 156 333 238 156 333 156 156 333 317 156 333 419 9
156 248 248 215 215 248 248 215 215 215 248 215 215 51 248 215 248 215 248 215
215 215 215 311 311 215 51 156 311 215 311 51 311 215 311 215 311 215 215 311
51 311 51 156 51 311 51 51 311 311 311 311 156 311 311 248 144 144 317 419
51 51 51 311 51 51 144 248 317 317 311 311 51 51 311 51 51 311 311 51
333 419 9 9 9 333 156 9 9 419 475 475 475 475 475 475 475 475 475 475
156 248 215 248 215 215 248 215 248 215 248 215 215 311 248 51 215 248 215 215
215 311 215 215 156 311 215 311 215 215 311 215 311 311 215 215 215 311 311 311
51 51 231 51 51 51 311 51 51 51 311 51 51 311 311 51 51 311 51 51
248 317 51 317 248 248 317 317 156 333 317 51 231 144 144 248 144 317 317 317
215 333 156 317 156 144 144 156 317 156 333 317 475 156 51 156 333 156 156 156
475 475 475 475 475 475 475 475 475 475 475 475 475 419 9 419 160 156 231 317
156 144 317 51 51 231 51 51 51 231 51 51 51 311 51 51 311 311 311 51
51 311 51 51 311 51 51 311 51 311 311 51 311 311 311 311 248 317 9 9
317 51 311 215 144 248 248 317 317 317 317 51 144 317 51 51 311 51 51 51
248 144 317 317 317 317 156 144 156 156 51 231 51 51 51 231 51 51 51 311
215 215 215 311 311 51 156 311 215 311 51 311 215 311 51 311 51 215 311 215
156 156 333 333 156 156 333 156 156 333 317 51 231 333 333 333 156 317 317 317
156 215 215 311 215 215 215 311 215 215 215 311 215 215 311 311 215 311 215 311
475 419 9 160 160 156 333 317 51 231 144 144 144 144 317 317 317 317 51 144
215 311 215 215 311 311 215 311 51 215 215 311 311 215 215 215 215 311 311 215
311 156 215 311 215 215 311 215 215 311 215 311 51 311 311 311 311 311 317 9
311 311 311 475 311 311 311 156 248 248 9 9 311 475 475 475 475 475 475 475
215 248 215 215 248 215 248 215 248 215 215 248 248 51 215 248 215 215 248 215
311 311 51 51 238 311 51 311 51 51 311 51 311 51 311 51 51 51 311 311
333 238 156 333 333 238 238 333 238 156 333 317 156 333 333 238 156 333 156 156
317 317 51 248 156 51 51 311 51 51 51 311 51 51 51 311 51 51 311 311
475 475 475 475 475 475 475 475 475 475 475 475 475 475 475 419 9 9 9 9
311 51 51 51 311 51 51 311 311 311 51 156 51 215 311 311 311 311 51 311
9 156 475 475 475 475 475 475 475 475 475 475 475 475 475 475 475 475 419 9
156 156 156 156 231 317 156 231 144 215 248 248 317 317 317 317 317 248 317 156
333 419 9 9 9 333 156 9 9 419 475 475 475 475 475 475 475 475 475 475
475 475 475 475 475 475 475 475 475 475 475 475 475 419 9 160 160 156 333 317
248 317 51 317 248 248 317 317 156 333 317 51 231 144 144 248 144 317 317 317
311 51 215 311 51 311 156 215 311 51 51 311 51 215 311 51 311 51 311 311
231 215 333 333 156 317 317 317 317 51 333 317 51 51 248 51 51 51 248 51
311 51 51 51 311 51 51 51 311 51 51 311 311 51 156 311 51 215 51 311
231 156 51 215 311 51 51 51 311 51 51 51 311 51 51 311 311 311 51 156
475 475 475 475 475 475 475 419 9 160 160 156 231 317 215 231 144 144 248 160
333 156 156 156 156 156 156 156 156 333 156 156 156 156 156 156 156 156 156 156
51 311 51 51 311 156 51 51 311 51 311 311 311 156 311 311 311 419 144 231
475 475 475 475 475 475 475 475 475 475 475 475 419 9 419 160 156 231 317 215
156 231 317 156 311 144 144 248 248 317 317 317 317 156 248 317 317 51 311 51
51 51 311 51 51 51 311 51 51 311 311 51 311 156 51 51 215 311 311 51
317 51 231 144 144 231 144 317 317 317 317 51 144 156 51 51 231 51 51 51
419 9 160 160 156 231 317 51 231 144 144 248 144 317 317 317 317 51 144 156
317 317 317 51 144 51 51 51 231 51 51 51 231 51 51 51 311 51 51 311
51 156 51 51 311 311 51 311 311 156 311 311 311 311 144 231 317 156 317 231
311 144 144 248 144 317 317 317 317 156 144 317 156 51 231 51 51 51 311 51
156 156 156 156 156 9 156 156 156 156 9 9 156 156 9 9 9 9 9 9
311 215 311 215 311 215 215 215 311 311 215 215 215 311 311 215 51 311 215 311
317 51 144 156 51 51 311 51 51 51 231 51 51 51 311 51 51 311 51 51
215 311 311 156 51 311 51 215 311 51 51 51 231 215 156 311 51 311 311 311
311 475 311 311 311 156 156 248 9 9 231 475 475 475 475 475 475 475 475 475
231 317 51 311 144 144 231 144 317 317 317 317 156 144 156 51 51 231 51 51
475 475 475 475 475 475 475 475 475 475 475 475 475 475 475 419 9 9 9 9
333 156 156 333 238 238 333 333 238 238 238 333 156 333 156 156 333 238 156 333
51 317 51 51 311 311 51 51 51 311 311 51 51 317 311 51 311 51 51 311
51 311 311 311 51 156 51 51 311 311 51 311 156 311 311 311 311 144 231 317
311 215 311 215 311 215 311 215 311 215 215 311 51 215 311 215 215 215 311 215
51 231 51 51 51 9 9 311 51 51 51 311 51 51 311 311 51 51 311 51
156 231 51 51 311 51 51 51 231 51 231 231 144 144 317 9 419 156 317 144
215 311 215 311 215 311 215 311 311 51 215 311 51 215 311 215 215 311 51 215
215 311 51 51 51 311 51 51 311 311 311 51 156 51 215 311 311 311 311 51
51 311 51 311 311 311 311 144 144 311 231 156 317 317 317 317 311 311 311 156
231 156 156 333 156 156 333 333 156 156 333 156 317 333 317 317 231 144 144 248
215 311 51 156 311 51 311 51 311 51 311 51 311 51 311 51 51 311 51 51
51 311 311 51 311 311 156 311 311 311 311 144 160 317 156 317 248 231 317 317
311 156 311 311 144 231 317 419 156 317 231 231 311 317 317 156 9 156 156 156
317 51 311 144 144 248 248 317 317 317 317 51 144 156 51 51 311 51 51 51
333 156 156 248 317 51 311 144 144 248 144 317 317 317 317 51 144 317 51 51
317 317 51 231 156 51 51 311 51 51 51 311 51 51 51 311 51 51 311 311
156 231 317 51 156 311 144 144 248 144 317 317 317 317 156 144 156 51 51 231
51 51 51 311 311 51 51 311 51 311 311 311 311 156 311 311 144 248 317 9
9 9 311 51 51 51 311 51 51 311 311 51 156 311 51 51 51 311 311 51
317 317 51 231 156 51 51 311 51 51 51 311 51 51 51 311 51 51 311 311
311 311 215 215 215 311 215 215 51 311 215 311 215 215 311 215 311 311 51 215
311 156 311 156 248 51 51 51 311 156 51 156 156 311 311 317 311 311 144 231
215 215 215 311 248 215 215 215 311 215 156 311 215 311 215 311 215 248 215 311
144 231 317 317 156 248 317 156 311 144 144 248 144 317 317 317 317 156 248 156
317 156 333 333 156 333 333 156 156 231 317 156 231 144 144 248 248 317 317 317
51 311 51 156 51 311 51 51 311 311 311 311 156 311 311 248 144 144 317 419
156 215 215 311 311 51 215 215 311 311 215 51 156 311 215 311 51 311 51 311
419 9 419 51 317 231 9 231 317 317 160 160 156 333 238 156 333 333 238 238
317 156 51 311 51 51 51 156 248 51 51 51 156 248 51 51 156 156 156 311
475 475 475 475 475 475 475 475 475 475 419 9 419 160 156 231 317 215 231 144
51 51 311 51 156 311 311 51 51 311 311 51 311 311 156 311 311 311 311 144
215 215 311 311 215 156 311 215 311 215 311 215 311 215 311 215 311 215 215 311
311 144 160 317 156 317 231 231 317 317 156 231 317 156 311 144 144 231 248 317
144 144 144 144 317 317 317 317 51 144 51 51 51 231 51 51 51 231 51 51
317 419 9 419 51 317 144 333 317 317 419 160 156 333 238 156 333 333 238 238
231 156 51 215 311 215 51 215 311 215 51 51 311 51 51 311 311 311 51 51
419 9 9 9 9 9 419 475 475 475 475 475 475 475 475 475 475 475 475 475
215 248 311 215 215 215 215 311 215 156 311 215 311 215 311 215 311 215 311 215
144 317 156 317 311 51 51 51 311 51 51 144 248 317 317 311 311 51 51 231
144 317 9 419 51 317 231 144 248 317 317 419 160 156 333 238 238 333 333 238
231 317 51 311 144 144 248 248 317 317 317 317 51 144 317 51 51 311 51 51
156 333 156 156 156 333 156 156 333 9 9 333 156 156 231 317 156 231 144 144
238 156 333 333 238 238 333 238 156 333 156 156 333 333 156 156 333 333 156 156
156 144 156 51 51 156 248 51 51 156 248 51 51 311 51 51 51 311 51 311
317 419 419 419 51 317 144 333 317 317 419 160 156 333 238 156 333 333 238 238
9 9 160 160 160 160 419 9 419 9 9 9 9 9 9 475 475 475 475 475
160 160 160 160 9 9 419 9 9 9 9 9 9 475 475 475 475 475 475 475
156 156 333 333 156 156 231 317 51 231 144 248 248 248 317 317 317 317 156 248
51 231 51 51 231 51 231 51 231 231 231 231 160 317 9 419 9 9 9 9
311 51 215 215 248 311 51 156 248 215 248 51 311 51 248 215 248 51 248 51
317 317 317 317 51 144 317 51 51 311 51 51 51 311 51 51 51 311 51 51
51 51 215 311 311 156 51 51 311 51 51 311 51 51 311 51 311 156 311 311
156 333 333 156 156 317 156 156 248 317 156 231 144 144 248 144 317 317 317 317
248 144 317 317 317 317 156 144 156 51 51 311 51 51 51 311 51 51 51 311
160 9 156 156 333 238 156 333 333 238 238 333 238 156 156 156 156 156 156 333
156 51 311 311 51 311 156 311 215 215 51 311 311 156 311 311 311 311 144 144
475 475 475 475 475 475 475 475 475 475 475 475 475 475 475 419 9 160 160 156
51 231 51 231 156 231 231 231 231 156 231 475 317 9 9 9 9 9 9 419
51 51 311 311 51 311 156 51 51 311 311 51 311 311 156 311 311 311 311 144
156 51 311 311 311 311 215 311 311 160 231 231 317 156 317 311 311 311 317 317
248 311 51 51 51 311 51 51 311 317 311 51 311 156 156 311 51 51 311 51
317 156 311 317 215 311 311 311 311 311 317 317 317 317 51 311 156 51 51 311
156 311 311 311 311 248 317 156 156 156 156 156 156 156 156 156 156 156 156 156
156 51 156 156 311 311 156 311 311 144 231 317 160 156 317 311 231 311 317 317
231 51 156 311 156 311 311 311 311 248 317 156 156 156 156 156 156 156 156 156
311 215 311 215 215 248 248 215 215 215 215 311 215 311 215 215 311 311 51 311
248 215 248 215 248 215 248 215 248 215 215 215 248 248 156 215 248 215 215 248
333 156 156 333 333 238 156 333 333 156 156 156 156 156 156 156 156 156 317 333
231 51 51 231 51 231 231 144 317 9 419 333 156 9 9 9 9 9 9 9
9 160 160 160 160 9 9 419 9 9 9 9 9 9 475 475 475 475 475 475
333 156 156 333 333 156 156 333 333 156 317 333 317 156 231 144 248 248 248 317
144 144 248 144 317 317 317 317 156 144 317 51 51 311 51 51 51 156 311 51
317 317 317 51 333 317 51 51 231 51 51 51 231 51 51 51 311 51 51 231
215 215 311 215 215 215 311 215 215 311 311 215 311 51 215 215 311 311 215 215
248 311 215 215 215 215 248 311 215 51 248 215 248 215 311 215 248 215 248 215
311 248 317 317 317 317 51 248 156 51 51 311 51 51 51 311 51 51 51 311
215 248 215 215 248 248 215 248 215 215 215 248 248 51 215 215 248 215 215 248
248 215 51 215 248 248 248 215 215 215 215 248 215 215 51 248 215 215 248 215
248 215 215 215 248 248 215 156 215 248 248 248 215 215 215 215 248 215 215 156
51 231 311 156 311 311 231 311 144 160 317 156 317 144 248 317 317 156 231 317
475 475 475 475 419 9 160 160 51 333 317 51 231 144 144 248 144 317 317 317
51 51 231 51 51 51 311 51 51 311 311 51 311 51 215 51 311 311 51 311
215 215 248 215 215 248 248 215 51 248 215 215 248 248 215 215 215 248 215 215
475 475 475 475 475 475 475 475 475 475 475 475 475 475 475 475 419 9 419 160
231 231 231 311 156 231 311 144 248 317 9 419 156 317 231 231 311 317 317 419
215 156 248 51 51 156 248 51 51 311 51 51 51 311 51 311 311 51 51 51
215 215 215 311 51 215 51 311 215 215 311 311 311 51 51 215 215 311 311 51
333 156 51 51 231 51 51 51 231 51 51 51 311 51 51 311 311 51 311 51
311 156 311 311 311 311 144 231 317 156 317 231 231 317 317 156 311 317 51 311
156 311 215 215 215 311 311 51 215 215 311 51 156 311 51 311 51 311 51 311
248 215 215 248 248 215 215 215 248 215 215 51 248 215 248 215 248 215 248 215
311 156 51 311 51 311 311 156 311 311 248 317 333 156 156 333 238 156 333 333
311 231 144 231 317 156 317 231 231 317 317 156 231 317 215 311 144 144 248 231
311 311 51 51 51 311 51 51 311 311 311 51 311 51 51 215 311 311 156 51
238 238 231 238 156 333 317 156 333 333 238 156 333 156 317 333 317 156 231 144
311 311 215 51 156 311 215 311 51 311 215 311 215 311 215 215 311 311 51 215
475 475 475 475 475 475 475 475 475 475 419 9 419 160 156 231 317 156 231 144
317 317 51 144 156 51 215 311 51 51 51 311 311 215 51 51 51 51 311 311
317 317 317 51 311 156 51 215 311 215 215 215 311 215 215 215 311 215 215 311
160 160 160 9 9 419 9 9 9 9 9 419 475 475 475 475 475 475 475 475
215 311 311 215 311 215 215 311 311 156 215 311 51 215 311 215 215 215 248 215
231 317 419 160 156 333 238 238 333 333 238 238 238 333 156 333 317 333 238 156
311 311 215 51 311 215 311 215 311 215 311 215 311 215 311 215 215 311 51 215
215 215 215 311 311 51 311 215 51 51 311 215 51 311 311 215 311 215 215 51
311 231 238 238 311 51 51 51 311 51 51 231 238 311 51 311 51 311 51 51
156 9 9 156 9 156 156 333 317 51 231 144 144 156 144 317 317 317 317 156
317 51 231 144 144 144 144 317 317 317 317 51 144 317 51 51 231 51 51 51
333 333 156 156 231 317 51 231 144 144 248 160 317 317 317 317 51 144 156 156
160 160 160 160 9 9 419 9 9 9 9 9 419 475 475 475 475 475 475 475
144 248 317 51 317 231 231 317 317 156 231 317 51 231 144 144 248 144 317 317
311 311 231 144 144 317 156 317 144 231 317 317 156 231 317 51 231 144 144 248
156 248 215 248 215 248 215 248 215 248 215 215 215 248 248 248 156 215 248 248
248 215 248 215 215 248 215 215 311 156 215 311 215 311 311 311 248 156 311 311
317 317 317 317 51 144 156 51 51 231 51 51 51 231 51 51 51 231 51 51
231 317 215 311 144 144 311 231 317 317 317 317 156 231 317 51 51 311 51 51
475 475 475 475 419 9 160 160 156 231 317 215 311 144 144 311 311 317 317 317
311 51 311 51 51 311 311 156 248 317 156 51 311 311 311 311 317 311 51 51
317 317 317 51 144 156 51 51 231 51 51 51 231 51 51 51 311 51 51 231
333 231 317 317 160 160 156 333 238 238 333 333 238 238 333 238 156 333 238 156
311 144 144 248 248 317 317 317 317 156 248 156 156 51 311 51 51 51 311 51
51 311 215 311 51 311 51 215 311 215 311 156 215 311 51 215 311 51 215 311
9 475 475 475 475 475 475 475 475 475 475 475 475 475 475 475 475 419 9 419
9 9 9 156 475 475 475 475 475 475 475 475 475 475 475 475 475 475 475 475
333 238 156 333 333 238 238 238 333 156 333 317 333 238 156 333 333 317 156 333
311 215 215 51 311 215 215 215 311 215 215 311 311 215 311 51 215 215 311 311
156 317 144 231 317 317 156 231 317 51 231 144 144 248 248 317 317 317 317 51
51 215 311 51 51 51 311 51 51 51 311 51 51 311 311 311 51 51 51 51
156 333 156 156 333 333 156 156 333 333 156 333 333 156 317 333 317 51 231 144
160 156 333 238 156 333 333 238 238 333 238 156 333 156 156 333 333 156 156 333
156 311 215 215 215 311 311 215 215 215 311 311 51 156 311 215 311 51 311 215
475 475 475 419 9 160 160 156 231 317 51 231 144 144 248 144 317 317 317 317
51 311 311 311 156 311 311 231 144 160 317 419 9 419 51 317 248 231 317 317
215 215 248 248 215 215 215 248 248 215 215 156 248 215 311 215 311 215 311 215
311 311 51 215 215 311 311 311 215 51 215 311 51 311 311 311 311 51 311 311
215 248 215 215 248 248 215 248 215 215 215 248 248 51 215 215 248 215 215 248
317 317 333 156 419 160 238 333 238 238 333 333 238 238 333 238 156 333 156 156
311 51 51 311 311 311 311 156 51 51 51 51 311 311 311 156 311 51 311 51
160 156 333 238 156 333 333 238 238 333 238 156 333 238 156 333 333 238 156 333
215 215 311 311 215 156 311 215 311 215 311 215 311 215 311 215 311 215 215 311
215 311 215 215 311 156 215 311 311 311 311 156 311 311 144 248 317 419 156 156
156 156 333 156 156 156 156 156 156 156 156 333 156 156 156 156 156 156 156 156
215 311 311 51 311 51 215 311 311 215 51 215 311 51 215 311 311 311 156 311
333 333 238 238 333 238 156 333 156 156 333 333 156 156 333 156 317 333 317 156
311 248 317 317 317 317 51 248 317 51 215 311 51 51 51 311 51 51 51 311
51 248 215 51 248 248 51 248 156 215 215 51 311 311 51 215 215 311 311 51
475 475 475 475 475 475 475 475 475 475 475 9 9 9 9 9 9 9 9 9
311 311 215 215 215 215 215 215 311 156 215 311 215 215 311 215 311 215 215 311
311 215 215 215 311 215 215 311 311 311 215 51 215 215 311 311 215 215 311 311
156 317 9 144 248 317 317 156 156 156 156 156 156 156 9 156 156 9 9 419
51 311 51 51 231 51 51 231 231 231 317 231 231 231 144 144 317 419 9 419
311 51 51 311 51 311 156 311 51 51 311 311 51 51 215 311 311 51 51 51
51 156 311 215 51 51 311 311 51 51 51 311 311 51 156 311 51 311 51 311
475 475 475 475 475 475 475 475 475 475 419 9 160 160 156 231 317 215 231 144
51 215 311 311 156 215 311 51 215 311 51 51 51 248 215 156 311 51 311 311
51 311 51 51 311 311 311 156 311 311 311 144 160 317 419 9 419 51 317 231
311 156 51 215 311 215 215 215 311 51 215 215 311 215 215 311 311 215 51 311
215 215 215 311 215 215 311 311 215 311 156 311 311 215 311 311 51 311 311 156
419 156 317 231 231 231 231 317 317 156 156 231 317 51 160 160 311 144 144 248
248 215 215 156 248 215 248 215 311 215 311 215 311 215 215 215 311 311 51 215
215 156 215 215 248 311 51 215 215 215 311 215 156 311 215 311 215 311 215 311
215 51 311 215 51 311 311 311 51 156 215 51 311 311 51 215 215 311 311 215
317 51 51 311 51 51 51 311 51 51 51 311 51 51 311 311 51 311 51 51
475 475 475 475 156 156 156 156 156 9 419 160 160 156 231 317 156 311 144 231
311 311 311 144 231 317 156 317 231 311 311 317 317 156 156 231 317 156 311 144
156 156 333 156 156 156 156 156 156 156 156 156 156 333 156 156 156 333 156 156
144 317 317 317 317 51 333 317 51 51 231 51 51 51 231 51 51 51 311 51
51 51 333 238 238 311 51 51 51 231 333 238 238 311 51 51 51 311 51 51
9 9 9 9 419 9 419 419 419 9 160 160 51 144 317 51 231 215 144 144
231 317 215 311 144 144 248 231 317 317 317 317 51 248 317 51 51 311 51 51
475 475 475 475 475 475 475 475 475 475 475 475 475 9 9 9 9 9 9 9
156 156 156 160 156 156 156 160 156 231 317 156 231 144 144 248 248 317 317 317
231 51 51 311 231 231 156 231 231 231 144 231 317 419 9 419 156 317 231 231
160 160 160 160 9 9 419 9 9 9 9 9 9 475 475 475 475 475 475 475
333 333 317 317 333 156 419 160 238 333 238 238 333 333 238 238 333 238 156 333
51 311 51 51 51 311 51 311 156 51 311 51 311 311 311 311 156 311 311 144
311 311 51 311 156 51 311 311 156 311 231 144 231 317 156 317 231 311 317 317
51 51 311 311 311 311 51 311 311 144 144 317 156 317 9 144 231 317 317 156
419 51 317 333 333 317 317 333 156 419 160 238 333 238 238 333 333 238 238 333
156 51 215 311 51 51 51 311 51 51 51 311 51 51 311 311 311 51 51 51
311 215 215 215 311 215 215 215 311 215 215 311 311 311 215 51 215 215 311 311
9 9 9 9 156 231 317 51 231 144 333 160 317 317 156 9 419 333 317 156
215 248 248 248 215 156 215 215 311 248 215 215 215 311 311 215 51 248 215 248
51 51 311 51 51 311 311 51 156 311 215 51 51 311 311 215 51 51 311 311
333 156 419 156 156 333 156 238 333 238 238 333 333 238 238 238 333 156 333 156
215 215 215 215 311 215 311 215 215 311 311 215 311 311 215 311 51 215 311 156
231 231 156 231 419 231 144 144 317 9 419 51 317 231 144 231 317 317 160 160
215 156 248 215 215 248 215 248 248 215 215 248 215 248 248 248 51 215 215 248
317 317 317 51 144 156 51 51 231 51 51 51 231 51 51 51 311 51 51 311
144 248 144 317 317 317 317 51 144 317 51 51 311 51 51 51 156 248 51 51
51 215 311 311 311 51 311 51 51 215 311 311 156 51 51 311 51 215 311 51
317 156 311 144 144 248 248 317 317 317 317 156 248 156 51 51 311 51 51 51
238 333 238 156 333 156 156 333 333 156 156 333 333 156 317 333 317 156 231 144
333 238 156 333 333 238 238 333 238 156 333 156 156 333 333 156 156 333 333 156
156 156 160 160 156 156 156 333 238 156 156 333 333 238 238 333 238 156 156 333
156 156 333 317 51 231 144 333 333 156 317 317 317 317 51 333 317 51 51 231
215 311 215 215 248 311 215 311 215 215 311 215 311 51 215 311 215 215 215 311
238 311 215 311 51 311 215 215 215 311 311 215 215 215 311 311 215 51 311 215
248 215 248 215 248 215 215 311 248 156 215 248 215 215 311 215 311 311 51 311
156 333 333 238 238 333 238 156 333 317 156 333 333 317 156 333 156 317 333 317
231 419 144 144 317 9 419 156 317 144 333 317 317 160 160 156 333 238 238 333
311 144 144 317 156 317 248 317 156 51 231 311 317 317 311 51 51 51 311 51
231 231 215 160 317 419 9 419 51 317 333 333 317 317 333 238 160 160 238 333
475 475 475 475 475 475 475 475 475 475 475 475 475 419 9 160 160 156 231 317
317 51 333 317 51 51 311 51 51 51 231 51 51 51 311 51 51 311 311 311
51 156 311 215 51 51 311 311 51 51 51 311 311 51 156 311 51 311 51 311
160 156 231 317 156 311 144 144 248 248 317 317 317 317 51 248 317 51 51 311
311 215 311 156 311 51 311 51 51 311 51 311 51 311 51 311 311 156 51 311
160 156 231 317 51 311 144 144 248 248 317 317 317 317 51 248 156 51 51 231
51 51 51 231 51 231 231 231 231 51 231 231 144 144 317 419 9 419 51 317
311 156 311 51 51 311 51 311 311 311 156 311 311 311 311 144 231 317 156 317
311 215 51 311 311 51 156 311 215 215 215 311 311 51 215 215 311 51 156 311
160 160 9 9 419 9 9 9 9 9 9 475 475 475 475 475 475 475 475 475
311 311 311 51 51 215 215 311 311 51 215 215 215 311 311 215 51 311 215 311
9 9 9 156 475 475 475 475 475 475 475 475 475 475 475 475 475 475 475 475
51 51 156 311 51 311 51 51 311 51 311 51 311 51 51 51 311 311 51 51
317 156 333 333 317 156 333 156 156 333 317 156 231 144 144 248 144 317 317 317
475 475 475 475 475 475 475 475 475 475 475 475 475 475 475 419 9 419 160 156
311 215 215 51 311 51 51 51 311 51 51 311 311 311 51 156 51 215 311 311
51 51 311 51 311 156 311 51 51 311 311 51 51 215 311 311 51 51 51 311
144 144 144 317 317 317 317 51 144 156 51 51 231 51 51 51 231 51 51 51
215 311 215 311 156 311 51 311 51 51 311 51 311 51 311 51 311 311 156 51
9 9 160 160 160 160 419 9 419 9 9 9 9 9 419 475 475 475 475 475
311 215 311 51 311 51 311 215 311 215 51 311 311 156 215 311 51 311 311 311
51 215 215 311 51 51 311 51 156 311 311 215 215 215 311 311 51 215 215 311
160 9 9 419 9 9 9 9 9 419 475 475 475 475 475 475 475 475 475 475
160 160 9 9 419 9 9 9 9 9 9 475 475 475 475 475 475 475 475 475
333 333 238 238 333 238 156 156 333 156 156 333 333 156 156 333 156 317 333 317
51 156 51 51 311 311 51 311 311 156 311 311 311 311 144 144 317 156 317 231
317 419 160 156 333 238 156 333 333 238 238 333 238 156 333 317 156 333 333 238
231 231 231 144 231 317 419 9 419 51 317 231 231 317 317 160 160 156 333 238
215 311 311 215 311 51 215 215 311 311 215 215 215 215 311 311 215 51 311 215
51 231 51 51 231 51 51 231 51 231 51 231 231 231 231 144 317 9 9 9
311 215 51 51 311 51 51 311 311 311 51 156 51 215 311 311 215 51 215 311
311 51 51 51 311 51 51 51 311 51 51 311 311 51 311 51 51 51 311 311
156 156 156 333 156 156 333 9 9 333 156 317 231 317 156 231 144 144 248 144
231 238 156 333 317 156 333 333 156 156 333 156 156 333 317 156 231 144 144 156
475 475 475 475 475 475 475 475 475 475 475 475 475 475 475 475 9 419 160 160
311 156 311 311 311 311 215 215 215 215 311 156 311 311 311 51 215 215 311 311
51 311 144 144 311 248 317 317 317 317 51 248 317 51 51 311 51 51 51 311
475 475 475 475 475 475 475 475 475 475 475 475 475 475 419 9 160 160 156 231
51 156 311 156 311 311 311 311 248 317 156 156 156 156 156 156 156 156 156 156
51 311 311 51 51 51 311 311 51 51 317 311 51 311 51 51 311 51 311 51
311 215 215 311 311 311 51 51 215 215 311 311 51 215 215 215 311 311 215 51
51 156 248 51 51 156 156 248 51 51 156 156 156 311 311 51 51 51 51 311
311 311 311 51 156 51 51 311 311 51 311 156 311 311 311 311 144 231 317 156
317 317 317 51 144 156 51 215 311 215 51 51 311 215 51 51 311 51 51 311
144 144 248 144 317 317 317 317 51 144 156 51 51 231 51 51 51 231 51 51
51 311 51 156 311 311 215 215 311 311 51 51 51 51 311 311 51 156 51 311
160 160 156 231 317 156 231 144 144 248 144 317 317 317 317 51 248 317 317 51
156 156 156 156 156 156 156 231 160 231 317 317 9 9 156 156 9 419 156 156
144 231 317 156 317 231 231 317 317 156 311 317 51 311 311 311 311 311 317 317
51 311 51 51 311 51 311 51 311 51 51 311 311 51 51 311 51 51 51 311
9 156 156 9 419 156 156 156 160 156 156 156 160 156 231 317 51 231 144 144
156 333 156 156 156 333 156 156 156 333 156 156 333 9 9 333 156 317 333 317
475 475 475 475 475 475 475 475 475 475 475 475 475 475 475 475 419 9 9 9
311 215 156 215 215 311 311 215 215 215 311 311 215 51 51 311 51 311 51 215
51 311 156 215 311 51 51 311 51 51 311 51 311 51 311 311 311 311 144 317
9 9 9 9 9 419 475 475 475 475 475 475 475 475 475 475 475 475 475 475
144 144 248 144 317 317 317 317 51 144 156 51 51 231 51 51 51 231 51 51
311 215 215 311 311 51 311 51 311 51 311 51 215 311 156 215 311 215 215 311
317 311 51 51 51 311 51 156 156 231 311 51 311 51 51 311 311 51 144 317
231 317 51 311 144 144 248 144 317 317 317 317 317 248 317 317 51 311 51 51
215 215 311 311 51 51 51 311 51 51 311 311 311 51 311 51 51 215 311 311
215 248 215 248 215 248 215 215 215 248 248 248 156 215 248 248 248 248 51 248
215 215 215 215 311 215 215 311 215 215 311 215 311 215 215 311 311 215 51 215
160 156 231 317 51 311 144 144 248 248 317 317 317 317 51 248 317 51 51 231
9 419 9 9 9 9 9 419 475 475 475 475 475 475 475 475 475 475 475 475
311 51 51 311 311 311 51 156 51 51 311 51 311 51 51 51 311 311 51 156
311 156 215 311 215 215 215 311 215 311 215 215 311 156 311 311 311 311 248 317
475 475 419 9 419 160 156 333 317 51 231 144 144 248 144 317 317 317 317 156
311 215 51 311 311 51 311 51 215 51 311 51 311 156 51 311 51 311 311 311
311 51 51 231 51 51 311 231 231 317 231 231 231 144 144 317 419 9 419 51
160 317 419 9 419 51 317 144 333 317 317 419 160 156 333 238 156 333 333 238
144 248 144 317 317 317 317 156 144 317 51 51 311 51 51 51 156 311 51 51
311 144 231 317 156 317 231 231 317 317 156 311 317 215 311 311 311 311 311 317
311 311 144 248 317 156 317 248 248 317 317 156 231 317 156 231 144 144 248 144
160 317 419 9 419 51 317 144 333 317 317 419 160 156 333 238 156 333 333 238
215 215 311 311 311 51 156 215 215 311 311 215 215 215 311 311 215 51 156 311
160 160 9 9 9 9 419 475 475 475 475 475 475 475 475 475 475 475 475 475
156 156 311 311 156 311 311 144 231 317 160 156 317 231 231 311 317 317 156 9
215 215 311 215 248 156 248 215 215 311 311 215 215 215 311 248 215 215 156 311
215 311 311 51 156 311 215 311 215 311 51 311 51 311 51 311 51 51 311 51
156 311 311 144 231 317 419 156 317 231 231 311 317 317 156 9 156 156 156 156
51 311 311 156 311 311 311 231 144 248 317 156 317 231 231 317 317 311 317 156
311 51 156 51 51 311 311 51 311 311 156 311 311 311 311 144 248 317 156 317
311 51 311 51 51 51 311 51 311 156 51 311 51 311 311 311 311 156 311 311
333 238 238 333 238 156 333 156 156 333 333 156 156 333 333 156 317 333 317 156
215 215 215 311 311 215 215 215 311 311 51 51 156 311 51 311 51 215 311 311
475 475 475 475 475 475 475 475 475 475 475 475 475 475 9 9 9 9 9 9
317 51 231 156 51 51 311 51 51 51 311 51 51 51 311 51 51 311 311 51
156 311 51 51 311 311 311 311 156 51 51 51 51 311 311 311 317 311 51 311
317 317 317 317 51 144 156 51 51 231 51 51 51 231 51 51 51 311 51 51
333 238 156 333 156 156 333 333 238 156 333 156 317 333 317 156 231 144 144 333
9 475 475 475 475 475 475 475 475 475 475 475 475 475 475 475 475 419 9 475
311 311 51 311 156 51 51 215 311 311 51 51 51 311 311 51 317 311 51 311
317 156 333 156 156 231 317 156 231 144 144 248 144 317 317 317 317 156 144 317
215 215 311 311 311 51 156 215 215 311 311 215 215 215 311 311 215 51 156 311
51 51 51 311 51 51 51 311 51 51 311 311 311 51 51 51 51 311 311 51
156 333 238 156 333 333 238 238 333 238 156 333 156 156 333 333 317 156 333 333
51 311 51 311 51 311 51 311 51 51 311 51 51 311 51 215 311 51 51 311
333 238 238 333 238 156 333 156 156 333 333 156 156 333 156 317 333 317 51 231
475 475 475 475 475 475 475 419 9 160 160 156 231 317 156 231 144 144 248 160
333 156 156 333 156 156 333 317 51 231 144 144 333 160 317 317 317 317 156 144
231 231 156 231 311 144 248 317 9 419 156 317 231 231 231 317 317 419 333 317
311 311 215 51 311 215 311 215 311 215 311 215 311 215 311 215 215 311 51 215
144 317 317 317 317 51 144 317 51 51 231 51 51 51 248 51 51 51 231 51
144 317 9 419 156 317 144 248 317 317 231 317 419 160 156 333 238 238 333 333
51 311 51 51 215 311 311 156 51 51 311 51 215 311 51 215 311 51 311 156
311 311 311 51 156 51 51 311 311 51 51 51 311 51 51 156 311 51 311 51
9 9 9 156 475 475 475 475 475 475 475 475 475 475 475 475 475 475 475 475
215 215 215 215 311 311 215 51 311 215 311 215 311 215 311 215 311 215 311 215
51 311 51 156 156 311 311 51 311 51 51 311 311 51 144 317 51 51 311 311
317 156 231 156 51 51 311 51 51 51 311 51 51 51 311 51 51 311 311 51
51 311 156 215 51 215 311 311 51 51 51 311 311 51 51 311 215 311 51 311
51 311 51 51 51 311 51 51 311 311 311 51 156 51 51 311 311 51 311 51
9 9 160 160 160 160 9 9 419 9 9 9 9 9 9 475 475 475 475 475
317 156 231 317 51 231 144 144 248 144 317 317 317 317 51 144 317 51 51 231
311 311 51 51 51 311 156 51 311 51 51 311 311 311 317 311 311 311 144 231
231 156 311 311 311 311 144 231 317 156 317 231 231 317 317 317 231 317 156 311
311 215 215 311 311 156 215 311 51 215 311 51 311 51 311 51 215 311 51 311
475 317 156 333 317 156 333 333 317 156 156 156 333 333 156 156 156 156 156 156
156 317 248 317 156 51 231 311 317 317 311 51 51 51 311 51 51 51 311 51
9 9 419 9 9 9 9 9 419 475 475 475 475 475 475 475 475 475 475 475
215 215 311 51 215 311 51 156 311 311 215 215 215 311 311 215 215 215 311 215
215 51 311 311 51 156 51 311 51 311 215 311 215 311 51 311 51 51 311 311
51 231 231 231 144 231 317 419 9 419 51 317 231 231 317 317 160 160 156 333
215 215 215 215 311 311 215 51 311 215 311 215 311 215 311 215 311 215 311 215
317 156 51 311 51 51 51 156 311 51 51 51 311 51 51 311 317 311 51 311
156 311 51 311 51 51 311 51 311 51 311 51 311 311 156 51 311 51 51 311
215 215 51 311 215 311 51 215 311 215 311 311 51 215 215 311 311 311 215 51
317 156 317 231 231 317 317 156 231 317 51 311 144 248 248 248 317 317 317 317
9 9 9 156 475 475 475 475 475 475 475 475 475 475 475 475 475 475 475 475
51 311 51 311 51 311 51 51 51 311 311 317 51 311 51 311 311 311 311 156
215 215 311 215 215 215 311 215 215 311 311 215 311 51 215 215 311 311 215 215
144 144 317 9 419 156 317 144 248 317 317 231 317 419 160 156 333 238 156 333
311 311 215 51 311 215 311 215 311 215 311 215 311 215 311 215 215 311 51 215
9 9 419 9 9 9 9 9 419 475 475 475 475 475 475 475 475 475 475 475
215 215 248 248 215 156 248 215 248 215 215 248 215 248 215 248 215 215 248 248
156 311 311 311 311 144 248 317 156 317 231 231 317 317 317 231 317 317 311 144
475 475 475 475 475 475 475 419 9 160 160 156 231 317 156 231 144 144 248 144
51 51 311 51 51 311 51 311 156 231 231 231 311 156 231 475 317 9 9 9
156 248 215 248 215 248 215 248 215 248 215 215 215 248 248 248 156 215 248 248
51 51 231 51 231 51 231 231 231 231 144 317 9 9 9 9 9 9 9 419
475 475 475 475 475 475 475 475 475 475 475 419 9 160 160 156 231 317 156 231
215 231 144 144 248 144 317 317 317 317 51 144 156 51 51 231 51 51 51 231
156 156 333 156 156 156 156 156 156 156 156 333 156 156 156 156 156 156 156 156
311 51 51 51 311 215 51 51 311 215 215 311 311 311 51 156 215 215 311 311
475 475 475 475 475 475 475 419 9 160 160 156 231 317 156 311 144 248 311 231
51 311 51 51 311 51 156 51 51 51 51 231 156 311 311 311 144 317 9 419
317 144 231 317 317 156 231 317 51 231 144 144 248 144 317 317 317 317 317 248
160 317 419 9 419 156 317 231 144 231 231 317 317 156 156 231 317 51 160 160
51 51 311 51 311 51 311 51 51 51 311 311 51 51 311 51 311 311 311 311
51 311 51 51 51 311 51 51 311 51 156 311 311 51 51 311 311 51 51 51
475 475 475 475 475 475 475 475 475 419 9 160 160 156 231 317 156 231 144 144
231 231 144 144 317 156 317 9 144 248 317 317 156 156 156 156 156 156 156 9
156 317 311 231 311 311 317 317 156 419 160 160 156 333 238 238 333 333 238 238
51 311 51 51 311 311 311 156 311 311 311 144 160 317 419 9 419 51 317 231
51 231 144 144 248 144 317 317 317 317 51 144 317 51 51 231 51 51 51 231
475 475 475 475 475 475 475 475 475 475 475 475 475 475 9 9 9 9 9 9
51 311 311 311 156 51 311 311 311 311 156 311 311 160 231 311 317 156 317 311
51 215 51 311 51 51 215 311 215 51 311 311 51 156 311 311 311 51 311 51
9 9 9 9 9 156 475 475 475 475 475 475 475 475 475 475 475 475 475 475
215 311 311 51 215 215 311 311 51 51 51 311 51 51 311 311 311 51 311 51
156 156 231 317 156 311 144 248 248 248 317 317 317 317 156 248 317 156 51 311
238 238 156 317 333 156 156 333 156 156 333 333 156 156 333 333 156 317 248 317
51 317 144 333 317 317 419 160 156 333 238 156 333 333 238 238 333 238 156 333
160 156 333 238 156 333 333 238 238 333 238 156 333 238 156 333 333 238 156 333
215 311 51 51 51 311 51 51 51 311 51 51 311 311 51 311 51 51 51 311
311 311 51 215 215 311 311 156 311 156 156 51 51 51 311 317 51 156 156 311
311 311 156 311 311 311 144 231 317 419 156 317 231 231 317 317 160 160 238 231
317 51 231 144 215 144 144 317 317 317 317 51 144 156 51 51 231 51 51 51
333 333 238 238 333 238 156 333 156 156 333 333 156 156 333 156 317 333 317 156
231 231 144 144 317 317 156 317 144 231 317 317 419 156 9 156 156 156 156 156
311 311 144 144 317 156 317 231 231 317 317 317 231 317 51 311 144 144 248 231
51 51 311 311 311 51 156 51 51 311 311 51 311 311 317 311 311 311 311 144
475 475 475 475 475 475 475 475 475 475 475 475 419 9 419 160 156 333 317 51
311 156 311 215 311 51 51 215 215 215 311 51 51 311 51 51 311 215 51 311
51 231 231 144 144 317 9 419 51 317 144 248 317 317 419 160 160 156 333 238
9 9 9 9 156 475 475 475 475 475 475 475 475 475 475 475 475 475 475 475
51 51 311 51 311 51 311 51 51 311 311 51 51 311 51 51 51 311 51 51
215 215 215 311 311 215 51 311 215 311 215 311 215 311 215 311 215 311 215 215
156 231 317 51 51 311 51 51 51 311 51 51 51 311 51 51 311 311 51 311
231 231 248 156 333 156 156 333 156 156 333 333 156 333 156 160 160 156 333 317
475 156 156 156 156 156 9 419 160 160 317 231 317 156 311 144 231 248 248 317
156 333 333 156 156 317 156 156 248 317 156 231 144 144 248 144 317 317 317 317
317 51 317 317 51 144 51 51 215 231 215 51 51 311 51 215 215 311 51 51
475 475 475 475 475 475 475 475 475 475 475 475 475 475 475 475 419 9 419 160
160 160 333 419 9 333 419 9 9 9 333 156 9 9 419 475 475 475 475 475
238 311 51 51 51 311 51 51 311 238 311 51 311 51 311 51 215 51 311 311
215 51 215 215 248 248 215 215 215 248 248 215 215 51 248 215 248 215 215 248
333 317 317 156 156 156 156 156 156 156 9 156 156 9 9 419 156 156 9 9
160 9 9 419 9 9 9 9 9 419 475 475 475 475 475 475 475 475 475 475
156 156 9 9 156 156 156 156 9 9 156 9 156 156 333 317 51 231 144 144
311 311 144 231 317 419 156 317 248 231 317 317 160 160 156 333 238 238 333 333
144 317 156 317 144 248 317 317 156 248 317 156 311 144 144 248 144 317 317 317
311 215 311 51 215 311 311 215 156 215 311 51 215 311 215 215 311 215 311 311
317 51 311 144 144 248 144 317 317 317 317 317 248 317 317 51 311 51 51 51
156 156 156 160 156 231 317 156 231 144 144 248 144 317 317 317 317 156 156 238
156 156 156 156 156 156 156 156 156 156 156 156 156 156 156 156 156 9 9 156
51 231 51 51 231 51 51 311 51 231 51 231 231 231 231 248 317 9 419 9
156 215 215 311 311 215 51 215 311 311 51 311 51 51 51 311 215 51 311 311
231 51 215 51 311 51 51 51 311 51 51 311 311 51 311 51 51 51 311 311
156 248 215 248 215 248 215 248 215 248 215 215 215 248 248 248 156 215 248 248
317 51 231 51 333 333 156 317 317 317 317 51 333 317 51 51 333 51 51 51
51 51 231 51 231 51 231 231 231 231 144 317 9 9 9 9 9 9 9 419
238 156 333 333 238 238 333 238 156 333 317 156 333 333 238 156 333 156 156 333
475 475 475 475 475 475 475 475 475 475 419 9 160 160 156 231 317 156 231 144
160 160 156 333 238 238 333 333 238 238 333 238 156 333 317 156 333 333 156 156
475 475 475 475 475 475 475 419 9 9 9 9 9 9 9 9 419 9 156 160
215 215 311 311 215 51 311 215 311 215 311 215 311 215 311 215 311 215 215 311
144 156 144 317 317 317 317 51 144 156 51 51 231 51 51 51 231 51 51 51
311 215 156 215 215 311 311 215 51 215 311 311 51 311 215 51 51 311 215 51
215 215 51 311 311 51 156 311 51 311 51 215 215 311 311 215 311 215 215 311
238 238 333 238 333 156 156 333 156 156 333 333 156 156 333 156 317 333 317 156
156 311 51 311 51 311 51 311 51 311 51 51 311 51 311 156 215 311 51 51
160 160 156 248 317 156 311 144 144 248 144 317 317 317 317 51 248 317 51 51
215 248 248 215 215 156 248 215 248 215 248 215 248 215 311 215 215 215 248 311
475 475 475 475 475 475 475 475 419 9 160 160 156 231 317 156 231 144 144 231
144 156 51 51 311 51 51 51 231 51 51 51 311 51 51 311 311 311 51 51
