129 209 209 31 38 31 126 221 189 26 129 129 95 112 246 163 133 112 133 163
38 132 62 132 91 184 62 188 76 184 62 188 76 184 62 188 76 184 62 188
238 18 91 147 89 96 89 96 242 18 91 133 38 76 62 76 76 41 62 188
188 91 147 238 18 91 147 242 18 76 147 38 140 62 140 140 41 62 188 91
129 68 26 31 126 221 189 26 129 68 129 30 76 147 163 133 91 133 174 133
91 184 144 184 91 30 188 91 184 238 18 76 184 238 18 68 91 184 38 132
41 91 30 188 91 147 242 18 190 147 26 129 68 242 18 91 147 38 76 62
188 91 41 242 18 76 133 242 18 91 147 38 76 62 76 91 133 30 188 76
209 31 38 31 126 221 189 26 129 129 95 112 246 163 133 112 133 163 133 112
26 129 68 129 38 140 41 163 41 91 133 174 147 91 30 140 91 147 238 18
68 31 126 221 189 26 129 68 95 76 246 144 41 91 41 144 41 91 62 188
89 96 89 96 26 129 163 68 95 76 246 144 147 91 147 174 147 76 30 188
163 147 76 147 144 147 91 147 62 188 76 147 242 18 76 147 242 18 190 147
129 68 129 95 18 246 163 133 91 133 174 133 91 62 18 18 133 238 18 18
242 18 76 147 38 140 62 140 140 41 62 188 91 133 62 188 140 147 62 188
30 188 91 147 242 18 190 147 242 18 91 41 147 132 62 132 91 147 62 188
129 68 95 76 246 144 133 188 133 174 133 91 62 188 76 133 238 76 188 133
129 68 26 31 126 221 189 26 129 68 95 188 246 144 133 188 133 174 133 91
242 18 76 147 242 18 91 133 38 76 62 76 76 147 62 188 76 41 62 188
242 18 190 147 242 18 91 41 238 132 62 132 91 147 62 188 91 41 62 188
238 18 76 133 242 18 91 133 38 76 30 76 91 133 62 188 91 133 62 188
209 209 129 68 38 26 31 126 221 189 129 89 89 96 91 26 129 68 89 96
129 68 129 95 132 41 163 133 91 41 144 41 91 30 188 91 147 242 18 190
209 129 26 68 31 126 221 189 68 89 96 89 96 26 129 163 68 95 76 246
68 144 133 91 41 144 133 91 62 76 91 147 238 18 91 133 89 129 91 26
126 221 189 26 129 68 95 76 246 144 133 188 133 174 133 91 62 188 188 133
133 91 62 76 18 133 238 18 18 133 242 18 91 133 38 18 62 18 18 133
163 68 95 76 246 144 147 91 147 174 147 76 30 188 91 147 242 18 91 147
188 91 147 242 18 190 147 26 129 68 242 18 91 147 38 76 62 76 91 133
26 31 126 221 189 209 209 221 189 26 129 68 129 95 76 147 163 133 91 133
147 238 18 91 133 89 129 91 26 238 18 76 133 38 76 89 96 30 76 91
209 31 38 31 126 221 189 26 129 129 95 112 246 163 133 112 133 163 133 112
188 91 147 242 18 91 147 68 242 18 91 246 38 76 89 96 89 96 62 76
209 129 26 68 31 126 221 189 68 38 76 41 144 41 91 133 174 41 91 30
96 89 96 62 76 76 246 62 188 91 147 89 96 89 96 62 188 76 147 26
68 129 95 76 246 163 147 76 147 144 147 91 147 62 188 76 147 242 18 76
76 41 144 133 76 147 174 133 91 30 188 91 41 242 18 76 133 242 18 91
96 96 26 129 68 89 96 89 96 68 95 76 41 144 41 91 41 144 41 91
68 26 31 126 221 189 68 26 129 129 30 76 246 163 133 91 174 147 41 91
91 133 174 133 91 62 188 18 133 238 18 18 133 242 18 91 133 38 18 62
91 174 147 41 91 62 188 91 147 238 18 91 41 242 18 91 41 38 76 62
76 133 242 18 76 147 242 18 91 133 38 76 62 76 76 147 62 188 76 41
68 31 126 221 189 68 89 96 89 96 26 129 163 68 95 76 246 144 147 91
147 174 133 91 30 188 91 41 242 18 76 133 242 18 91 147 38 76 62 76
147 144 147 91 147 62 188 76 147 242 18 76 147 242 18 190 147 238 76 62
147 91 30 188 91 147 238 18 91 147 242 18 140 147 38 140 62 140 140 41
26 129 68 242 18 91 147 38 76 62 76 91 133 62 188 76 147 62 188 76
26 129 68 129 30 76 147 163 133 91 133 174 133 91 30 188 91 147 238 18
133 174 133 76 30 188 76 133 238 76 188 133 242 18 76 133 38 140 62 140
31 126 221 189 26 129 68 95 76 246 144 133 188 133 174 133 91 62 188 76
188 76 147 238 18 76 41 242 18 91 147 38 76 62 76 76 147 62 188 76
31 126 221 189 68 26 129 129 30 76 246 163 133 91 174 147 41 91 62 188
126 221 189 26 129 68 129 30 76 246 163 41 188 133 144 133 91 30 188 76
41 144 133 76 147 174 133 91 30 188 91 41 242 18 76 133 242 18 91 147
18 91 147 242 18 140 147 38 140 62 140 140 41 62 188 91 133 62 188 140
95 76 147 163 133 91 133 144 133 91 30 188 76 133 242 18 76 147 242 18
31 126 221 189 26 129 68 68 95 76 246 163 133 140 133 174 133 91 30 188
41 144 133 91 62 76 91 147 238 18 91 133 89 129 91 26 238 18 76 133
68 26 31 126 221 189 26 129 68 129 30 76 246 163 41 188 133 144 133 91
144 133 76 133 174 133 91 30 188 76 133 238 18 190 133 238 18 76 133 238
242 18 91 147 38 76 62 76 76 147 62 188 76 147 62 188 76 41 62 188
221 189 68 26 129 129 30 76 246 163 133 91 174 147 41 91 62 188 91 147
163 184 91 184 144 184 91 30 188 91 184 238 18 76 184 238 18 68 91 184
189 26 129 68 129 95 76 246 163 133 91 133 174 133 91 62 188 18 133 238
76 133 238 76 188 133 242 76 76 133 38 140 62 140 91 133 62 188 76 133
68 31 126 221 189 209 209 238 189 26 129 68 129 95 132 41 163 133 91 41
68 238 76 91 147 38 76 62 76 76 147 62 188 91 133 62 188 76 147 62
18 246 163 133 91 133 174 133 91 62 76 18 133 238 18 18 133 242 18 91
76 246 163 133 91 174 147 41 91 62 188 91 147 238 18 91 41 242 18 91
18 91 133 38 18 62 18 18 133 62 76 91 133 62 18 18 133 62 76 18
91 30 188 91 147 238 18 76 133 242 18 91 133 38 76 30 76 91 133 62
242 18 91 147 89 96 89 96 238 18 91 133 38 76 26 129 62 76 76 41
209 209 221 189 26 129 68 129 95 76 246 163 133 91 133 174 133 91 62 188
76 246 163 41 188 133 144 133 91 30 188 76 147 242 18 76 147 242 18 91
126 221 189 26 129 68 68 95 76 246 163 133 140 133 174 133 91 30 188 91
76 62 76 76 147 62 188 76 41 62 188 76 41 62 188 91 41 62 188 76
163 133 76 133 174 133 91 30 188 91 133 238 18 190 133 238 18 91 133 38
133 174 133 91 30 188 91 133 238 18 190 133 238 18 91 133 38 76 30 76
76 76 41 62 188 76 147 89 96 89 96 62 188 76 133 89 96 89 96 62
95 18 246 163 133 91 133 174 133 91 62 76 18 133 238 18 18 133 242 18
188 76 147 238 18 76 41 242 18 91 147 38 76 62 76 76 147 62 188 76
18 76 133 238 76 62 76 76 133 62 188 91 133 26 129 62 188 91 133 62
147 238 76 62 76 76 147 62 188 76 147 62 188 91 147 62 188 76 147 62
26 129 68 89 96 89 96 68 95 76 41 144 41 91 41 144 41 91 30 188
91 133 238 76 26 129 62 76 76 41 30 188 76 133 89 96 89 96 62 188
41 144 41 91 30 188 91 147 242 18 190 147 242 18 91 41 238 132 62 132
76 147 242 18 190 147 238 76 62 76 76 147 62 188 76 147 62 188 91 147
147 242 18 190 147 26 129 68 242 18 91 147 38 76 62 76 91 133 62 188
30 188 91 133 238 76 188 133 242 76 76 133 38 76 62 140 76 133 62 188
41 242 18 91 41 38 76 62 76 76 41 62 188 91 133 62 188 91 133 62
95 76 41 144 41 91 41 144 41 91 30 188 91 133 242 18 91 147 89 96
95 76 246 144 147 91 147 174 147 76 30 188 91 147 242 18 91 147 68 242
221 189 68 89 96 89 96 26 129 163 68 95 76 246 144 147 91 147 174 147
26 31 126 221 189 26 129 68 129 95 76 41 144 147 91 147 174 41 76 30
188 91 133 238 76 188 133 242 76 76 133 38 76 62 140 91 133 62 188 76
76 147 38 140 62 140 140 41 62 188 91 133 62 188 140 147 62 140 140 41
91 147 238 18 76 133 242 18 91 133 38 76 30 76 91 133 62 188 91 133
76 133 238 18 190 133 238 18 76 133 238 76 62 76 76 133 62 188 91 133
68 26 31 126 221 189 26 129 68 129 30 76 147 163 133 91 133 174 133 91
30 188 91 147 242 18 91 147 68 242 18 91 246 38 76 89 96 89 96 62
209 129 26 68 31 126 221 189 68 38 76 41 144 41 91 133 174 41 91 30
129 26 68 31 126 221 189 68 38 76 41 144 41 91 133 174 41 91 30 188
31 126 221 189 68 89 96 89 96 26 129 163 68 95 76 246 144 147 91 147
96 89 96 242 18 91 133 38 76 62 76 76 41 62 188 76 147 89 96 89
129 68 26 31 126 221 189 26 129 68 129 95 140 41 163 41 91 133 174 147
188 76 147 238 18 76 41 242 18 91 147 38 76 62 76 76 147 62 188 76
126 221 189 26 129 68 95 76 246 144 133 188 133 174 133 91 62 188 188 133
189 209 209 221 189 26 129 163 68 95 76 246 68 144 133 91 41 144 133 91
91 30 188 76 133 242 18 76 147 242 18 91 133 38 76 62 76 76 147 62
91 133 89 129 96 26 238 18 76 133 38 76 89 96 30 76 91 133 26 129
184 144 184 91 30 188 91 184 238 18 76 184 238 18 68 91 184 38 132 62
238 18 190 133 238 18 76 133 238 76 62 76 76 133 62 188 91 133 26 129
91 30 188 76 147 242 18 76 147 242 18 91 147 38 76 30 76 76 147 62
209 129 26 68 31 126 221 189 26 129 68 95 76 246 144 41 91 41 144 41
91 147 68 242 18 91 246 38 76 89 96 89 96 62 76 76 246 62 188 91
91 147 242 18 190 147 26 129 68 242 18 91 147 38 76 62 76 91 133 62
184 91 184 144 184 91 30 188 91 184 238 18 76 184 238 18 68 91 184 38
188 91 133 242 18 91 147 89 96 89 96 238 18 91 133 238 76 26 129 62
68 26 31 126 221 189 26 129 68 68 95 140 246 163 133 140 133 174 133 91
246 68 144 133 91 41 144 133 91 62 76 91 147 238 18 91 133 89 129 91
189 26 129 26 129 68 163 68 95 76 246 163 41 91 41 144 147 91 62 188
26 68 31 126 221 189 68 38 76 41 144 41 91 133 174 41 91 30 188 91
41 144 41 91 133 174 41 91 30 188 91 147 242 18 190 147 26 129 68 242
147 242 18 140 147 38 140 62 140 140 41 62 188 91 133 62 140 140 147 62
238 18 190 133 238 18 76 133 238 76 62 76 76 133 62 188 91 133 26 129
147 91 62 188 91 147 238 18 91 147 89 96 89 96 242 18 91 133 38 76
246 38 76 89 96 89 96 62 76 76 246 62 188 91 147 89 96 89 96 62
91 147 89 96 89 96 238 18 91 133 238 76 26 129 62 76 76 41 30 188
26 31 126 221 189 68 26 129 129 30 76 246 163 133 91 174 147 41 91 62
129 68 26 31 126 221 189 26 129 68 129 30 76 246 163 41 188 133 144 133
41 91 68 147 76 246 144 133 76 133 174 133 91 30 188 76 133 238 18 190
91 30 188 91 133 242 18 91 147 89 96 89 96 238 18 91 133 238 76 26
129 26 68 31 126 221 189 209 209 221 189 26 129 68 129 95 76 246 163 133
163 133 91 41 144 41 91 30 188 91 147 242 18 190 147 242 18 91 41 238
147 242 18 76 147 242 18 190 147 238 76 62 76 76 147 62 188 76 147 62
91 30 188 76 133 242 18 76 147 242 18 91 133 38 76 62 76 76 147 62
26 129 68 129 95 76 246 163 133 91 133 174 133 91 62 76 18 133 238 18
184 238 18 76 184 238 18 68 91 184 38 132 62 132 91 184 62 188 76 184
26 129 68 242 18 91 147 38 76 62 76 91 133 62 188 76 147 62 188 76
26 31 126 221 189 209 209 221 189 26 129 68 129 95 76 147 163 133 91 133
133 76 147 174 133 91 30 188 91 41 242 18 76 133 242 18 91 147 38 76
91 147 238 18 76 133 242 18 91 133 38 76 30 76 91 133 62 188 91 133
238 18 76 184 238 18 68 91 184 38 132 62 132 91 184 62 188 76 184 62
129 26 68 31 126 221 189 26 129 68 30 132 246 163 184 91 184 144 184 91
30 76 246 144 133 76 133 174 133 91 30 188 76 133 238 18 190 133 238 18
188 91 41 242 18 76 41 30 18 91 41 41 91 68 30 76 246 144 133 18
30 188 91 133 238 76 188 133 242 76 76 133 38 76 62 140 76 133 62 188
26 129 68 163 68 95 76 246 163 41 91 41 144 147 91 62 188 91 147 238
133 174 133 76 30 188 76 133 238 76 188 133 242 18 76 133 38 140 62 140
41 238 132 62 132 91 147 62 188 91 41 62 188 91 147 62 188 91 133 62
189 26 129 129 95 140 246 163 133 140 133 174 133 76 30 188 140 133 238 76
129 68 95 76 246 144 41 91 41 144 41 91 62 188 91 41 242 18 76 41
76 147 163 133 91 133 144 133 91 30 188 76 133 242 18 76 147 242 18 91
129 30 76 147 163 133 91 133 174 133 91 30 188 91 147 238 18 76 133 242
246 68 144 133 91 41 144 133 91 62 76 91 147 238 18 91 133 89 129 91
129 95 76 41 144 133 76 147 174 133 91 30 188 91 41 242 18 76 133 242
62 188 76 147 89 96 89 96 62 188 76 133 89 96 89 96 62 188 76 41
147 41 91 62 188 91 147 238 18 91 41 242 18 91 41 38 76 62 76 76
68 95 76 246 144 147 91 147 174 147 76 30 188 91 147 242 18 91 147 68
41 41 91 68 147 76 246 144 133 76 133 174 133 91 30 188 76 133 238 18
147 174 133 91 30 188 91 41 242 18 76 133 242 18 91 147 38 76 62 76
18 246 163 133 91 133 174 133 91 62 76 18 133 238 18 18 133 242 18 91
129 68 26 31 126 221 189 26 129 68 129 95 140 41 163 41 91 133 174 147
26 129 68 95 76 246 144 41 91 41 144 41 91 62 188 91 41 242 18 76
91 147 238 18 91 147 242 18 140 147 38 140 62 140 140 41 62 140 91 133
221 189 26 129 68 129 95 76 41 144 147 91 147 174 41 76 30 188 76 147
18 91 41 242 18 91 41 38 76 62 76 76 41 62 188 91 133 62 188 91
91 147 238 18 91 147 89 96 89 96 242 18 91 133 38 76 62 76 76 41
96 242 18 91 133 38 76 62 76 76 41 62 188 76 147 89 96 89 96 62
129 96 26 238 18 76 133 38 76 89 96 30 76 91 133 26 129 62 188 76
129 30 76 246 163 41 188 133 144 133 91 30 188 76 147 242 18 76 147 242
242 18 91 41 238 132 62 132 91 147 62 188 91 41 62 188 91 147 62 188
76 133 238 76 62 76 76 133 62 188 91 133 26 129 62 188 91 133 62 188
62 132 91 184 62 188 76 184 62 188 76 184 62 188 76 184 62 188 76 184
91 41 144 41 91 30 188 91 133 242 18 91 147 89 96 89 96 238 18 91
242 18 91 147 89 96 89 96 238 18 91 133 38 76 26 129 62 76 76 41
26 68 31 126 221 189 209 209 238 189 26 129 68 129 95 132 41 163 133 91
246 163 133 91 174 147 41 91 62 188 91 147 238 18 91 41 242 18 91 41
221 189 26 129 68 129 38 140 41 163 41 91 133 174 147 91 30 140 91 147
209 129 68 38 26 31 126 221 189 129 89 89 96 91 26 129 68 89 96 89
174 133 91 30 188 91 41 242 18 76 133 242 18 91 147 38 76 62 76 91
242 18 91 133 38 18 62 18 18 133 62 76 91 133 62 76 18 133 62 76
242 18 76 147 242 18 91 147 38 76 30 76 76 147 62 188 76 41 62 188
188 91 133 238 76 188 133 242 76 76 133 38 76 62 140 91 133 62 188 76
242 76 76 133 38 76 62 140 91 133 62 188 91 133 62 188 76 133 62 188
209 129 26 68 31 126 221 189 209 209 238 189 26 129 68 129 95 132 41 163
209 129 26 68 31 126 221 189 68 38 76 41 144 41 91 133 174 41 91 30
26 31 126 221 189 68 26 129 129 30 76 246 163 133 91 174 147 41 91 62
38 76 89 96 30 76 91 133 26 129 62 188 76 147 89 96 30 188 190 41
68 95 76 246 144 41 91 41 144 41 91 62 188 91 41 242 18 76 41 30
91 30 188 76 133 242 18 76 147 242 18 91 133 38 76 62 76 76 147 62
26 129 26 129 68 163 68 95 76 246 163 41 91 41 144 147 91 62 188 91
147 242 18 91 147 38 76 30 76 76 147 62 188 76 41 62 188 76 147 62
174 133 91 30 188 91 147 238 18 76 133 242 18 91 133 38 76 30 76 91
238 18 91 147 242 18 140 147 38 140 62 140 140 41 62 188 91 133 62 188
76 89 96 30 76 91 133 26 129 62 188 76 147 89 96 30 188 190 41 89
147 238 76 62 76 76 147 62 188 76 147 62 188 91 147 62 188 76 147 62
91 30 188 91 133 242 18 91 147 89 96 89 96 238 18 91 133 238 76 26
76 41 242 18 91 147 38 76 62 76 76 147 62 188 76 147 62 188 76 41
188 91 41 242 18 76 133 242 18 91 147 38 76 62 76 91 133 30 188 76
133 38 76 62 76 76 41 62 188 76 147 89 96 89 96 62 188 76 133 89
144 147 91 147 174 147 76 30 188 91 147 242 18 91 147 68 242 18 91 246
18 91 133 38 76 30 76 91 133 62 188 91 133 62 188 91 147 62 188 91
68 129 38 140 41 163 41 91 133 174 147 91 30 188 91 147 238 18 91 147
133 91 133 144 133 91 30 188 76 133 242 18 76 147 242 18 91 133 38 76
246 163 133 91 174 147 41 91 62 188 91 147 238 18 91 41 242 18 91 41
91 30 188 91 147 242 18 190 147 242 18 91 41 147 132 62 132 91 147 62
18 91 147 38 76 62 76 91 133 30 188 76 147 62 188 76 133 62 188 76
26 129 62 76 76 41 30 188 76 133 89 96 89 96 62 188 91 147 62 188
31 126 221 189 68 38 76 41 144 41 91 133 174 41 91 30 188 91 147 242
209 221 189 26 129 163 68 95 76 246 68 144 133 91 41 144 133 91 62 76
26 129 68 129 95 76 246 163 147 76 147 144 147 91 147 62 188 76 147 242
242 18 91 246 38 76 89 96 89 96 62 76 76 246 62 188 91 147 89 96
242 18 91 147 89 96 89 96 238 18 91 133 38 76 26 129 62 76 76 41
189 26 129 68 129 95 76 41 144 147 91 147 174 41 76 30 188 76 147 238
246 144 41 91 41 144 41 91 62 188 91 41 242 18 76 41 30 18 91 41
30 188 76 147 242 18 76 147 242 18 91 147 38 76 30 76 76 147 62 188
209 129 26 68 31 126 221 189 209 209 221 189 26 129 68 129 95 76 41 144
126 221 189 209 209 221 189 26 129 68 129 95 76 147 163 133 91 133 144 133
126 221 189 26 129 68 129 95 76 246 163 147 76 147 144 147 91 147 62 188
190 147 242 18 91 41 30 132 62 132 91 147 62 188 91 41 62 188 91 147
26 31 126 221 189 26 129 68 129 95 76 41 144 147 91 147 174 41 76 30
221 189 209 209 221 189 26 129 163 68 95 76 246 68 144 133 91 41 144 133
246 163 147 76 147 144 147 91 147 62 188 76 147 242 18 76 147 242 18 190
41 91 62 188 91 41 242 18 76 41 30 18 91 41 41 91 68 30 76 246
76 184 238 18 68 91 184 38 132 62 132 91 184 62 188 76 184 62 188 76
41 91 62 188 91 41 242 18 76 41 30 18 91 41 41 91 68 30 76 246
133 38 76 62 76 76 147 62 188 76 41 62 188 76 41 62 188 91 41 62
95 140 246 163 133 140 133 174 133 91 30 188 76 133 238 76 188 133 41 76
26 129 68 242 18 91 147 38 76 62 76 91 133 62 188 76 147 62 188 76
26 129 68 129 95 76 41 144 147 91 147 174 41 76 30 188 76 147 238 18
189 68 26 129 129 30 76 246 163 133 91 174 147 41 91 62 188 91 147 238
91 62 188 91 147 238 18 91 41 242 18 91 41 38 76 62 76 76 41 62
209 129 68 26 31 126 221 189 26 129 68 95 188 246 144 133 188 133 174 133
129 95 140 246 163 133 140 133 174 133 76 30 188 76 133 238 76 188 133 242
26 31 126 221 189 209 209 221 189 26 129 163 68 95 76 246 68 144 133 91
76 133 238 76 62 76 76 133 62 188 91 133 26 129 62 188 91 133 62 188
76 62 76 91 133 30 188 76 147 62 188 76 133 62 188 76 133 62 188 76
30 188 91 184 238 18 76 184 238 18 68 91 184 38 132 62 132 91 184 62
174 133 91 30 188 91 41 242 18 76 133 242 18 91 147 38 76 62 76 91
129 129 95 140 246 163 133 140 133 174 133 76 30 188 76 133 238 76 188 133
68 26 31 126 221 189 26 129 68 129 95 140 41 163 41 91 133 174 147 91
147 91 147 174 147 76 30 188 91 147 242 18 91 147 68 242 18 91 246 38
31 126 221 189 68 26 129 129 30 76 246 163 133 91 174 147 41 91 62 188
30 188 76 133 242 18 76 147 242 18 91 133 38 76 62 76 76 147 62 188
26 31 126 221 189 209 209 221 189 26 129 163 68 95 76 246 68 144 133 91
188 91 147 242 18 190 147 242 18 91 41 238 132 62 132 91 147 62 188 91
147 242 18 190 147 238 76 62 76 76 147 62 188 76 147 62 188 91 147 62
91 30 188 76 133 242 18 76 147 242 18 91 133 38 76 62 76 76 147 62
129 68 26 31 126 221 189 26 129 68 68 95 140 246 163 133 140 133 174 133
76 91 133 26 129 62 188 76 147 89 96 30 188 190 41 89 96 62 188 76
129 95 76 41 144 133 76 147 174 133 91 30 188 91 41 242 18 76 133 242
26 129 68 89 96 89 96 68 95 76 41 144 41 91 41 144 41 91 30 188
133 91 62 76 91 147 238 18 91 133 89 129 91 26 238 18 76 133 38 76
144 147 91 147 62 188 76 147 242 18 76 147 242 18 190 147 238 76 62 76
91 147 38 76 62 76 76 147 62 188 91 133 62 188 76 147 62 188 188 133
76 41 62 188 76 147 89 96 89 96 62 188 76 133 89 96 89 96 62 188
133 242 76 76 133 38 140 62 140 91 133 95 188 91 133 62 188 188 133 95
147 91 147 174 147 76 30 188 91 147 242 18 91 147 68 242 18 91 246 38
147 238 18 91 147 89 96 89 96 242 18 91 133 38 76 62 76 76 41 62
31 126 221 189 26 129 68 95 76 246 144 41 91 41 144 41 91 62 188 91
91 246 38 76 89 96 89 96 62 76 76 246 62 188 91 147 89 96 89 96
68 95 76 246 144 133 188 133 174 133 91 62 188 188 133 238 76 188 133 68
76 62 76 76 147 62 188 76 41 62 188 76 41 62 188 91 41 62 188 76
62 188 76 147 89 96 89 96 62 188 76 133 89 96 89 96 62 188 76 41
41 91 133 174 41 91 30 188 91 147 242 18 190 147 26 129 68 242 18 91
189 129 89 89 96 96 26 129 68 89 96 89 96 68 95 76 41 144 41 91
91 184 144 184 91 30 188 91 184 238 18 76 184 238 18 68 91 184 38 132
68 31 126 221 189 209 209 238 189 26 129 68 129 95 132 41 163 133 91 41
188 76 147 238 18 76 41 242 18 91 147 38 76 62 76 76 147 62 188 76
189 26 129 68 129 95 132 41 163 133 91 41 144 41 91 30 188 91 147 242
129 68 163 68 95 76 246 163 41 91 41 144 147 91 62 188 91 147 238 18
184 144 184 91 30 188 91 184 238 18 76 184 238 18 68 91 184 38 132 62
133 91 30 188 76 133 242 18 76 147 242 18 91 133 38 76 62 76 76 147
147 242 18 91 133 38 76 62 76 76 147 62 188 76 41 62 188 76 41 62
129 95 76 41 144 147 91 147 76 41 76 30 188 76 147 238 18 76 41 242
209 129 68 26 31 126 221 189 26 129 68 129 95 76 41 144 147 91 147 76
133 38 76 89 96 30 76 91 133 26 129 62 188 76 147 89 96 30 188 190
76 30 188 76 147 238 18 76 41 242 18 91 147 38 76 62 76 76 147 62
68 89 96 89 96 26 129 163 68 95 76 246 144 147 91 147 174 147 76 30
76 62 76 76 41 62 188 76 147 89 96 89 96 62 188 76 133 89 96 89
133 91 41 144 133 91 62 76 91 147 238 18 91 133 89 129 91 26 238 18
76 62 76 76 147 62 188 76 41 62 188 76 41 62 188 91 41 62 188 76
209 129 26 68 31 126 221 189 209 209 221 189 26 129 68 129 95 76 246 163
147 242 18 76 147 242 18 190 147 238 76 62 76 76 147 62 188 76 147 62
129 26 68 31 126 221 189 68 89 96 89 96 26 129 163 68 95 76 246 144
26 31 126 221 189 209 209 221 189 26 129 163 68 95 76 246 68 144 133 91
246 163 133 91 133 174 133 91 62 76 18 133 238 18 18 133 242 18 91 133
238 18 76 184 238 18 68 91 184 38 132 62 132 91 184 62 188 76 184 62
129 30 76 246 163 133 91 174 147 41 91 62 188 91 147 238 18 91 41 242
30 188 91 41 242 18 76 133 242 18 91 147 38 76 62 76 91 133 30 188
147 144 147 91 147 62 188 76 147 242 18 76 147 242 18 190 147 238 76 62
133 76 133 174 133 91 30 188 76 133 238 18 190 133 238 18 76 133 238 76
31 126 221 189 26 129 68 129 95 76 41 144 147 91 147 174 41 76 30 188
132 246 163 184 91 184 144 184 91 30 188 91 184 238 18 76 184 238 18 68
147 242 18 91 147 38 76 30 76 76 147 62 188 76 41 62 188 76 147 62
147 174 133 91 30 188 91 41 242 18 76 133 242 18 91 147 38 76 62 76
147 26 129 68 242 18 91 147 38 76 62 76 91 133 62 188 76 147 62 188
129 68 95 76 246 144 41 91 41 144 41 91 62 188 91 41 242 18 76 41
147 163 133 91 133 144 133 91 30 188 76 133 242 18 76 147 242 18 91 133
129 26 129 68 163 68 95 76 246 163 41 91 41 144 147 91 62 188 91 147
91 41 242 18 76 41 30 18 91 41 41 91 68 147 76 246 144 133 76 133
68 242 18 91 147 38 76 62 76 91 133 62 188 76 147 62 188 76 133 62
174 147 91 30 188 91 147 238 18 91 147 238 18 140 147 38 140 62 140 140
147 89 96 89 96 238 18 91 133 238 76 26 129 62 76 76 41 30 188 76
133 144 133 91 30 188 76 147 242 18 76 147 242 18 91 147 38 76 30 76
89 96 96 26 129 68 89 96 89 96 68 95 76 41 144 41 91 41 144 41
95 140 246 163 133 140 133 174 133 91 30 188 76 133 238 76 188 133 41 76
144 147 91 147 174 147 76 30 188 91 147 242 18 91 147 68 242 18 91 246
26 31 126 221 189 26 129 68 129 95 76 41 144 147 91 147 174 41 76 30
189 26 129 68 129 95 132 41 163 133 91 41 144 41 91 30 188 91 147 242
18 91 147 89 96 89 96 242 18 91 133 38 76 62 76 76 41 62 188 76
163 41 188 133 144 133 91 30 188 76 147 242 18 76 147 242 18 91 147 38
238 18 76 41 242 18 91 147 38 76 62 76 76 147 62 188 76 147 62 188
133 174 133 91 30 188 91 133 238 18 190 133 238 18 91 133 38 76 30 76
68 242 18 91 246 38 76 89 96 89 96 62 76 76 246 62 188 91 147 89
91 133 238 76 26 129 62 76 76 41 30 188 76 133 89 96 89 96 62 188
91 30 188 91 147 238 18 91 147 242 18 140 147 38 140 62 140 140 41 62
188 76 147 242 18 76 147 242 18 190 147 238 76 62 76 76 147 62 188 76
91 62 188 76 133 238 76 76 133 68 238 76 91 147 38 76 62 76 76 147
189 26 129 68 129 95 76 147 163 133 91 133 144 133 91 30 188 76 133 242
126 221 189 68 89 96 89 96 26 129 163 68 95 76 246 144 147 91 147 174
62 188 76 147 89 96 89 96 62 188 76 133 89 96 89 96 62 188 76 41
184 38 132 62 132 91 184 62 188 76 184 62 188 76 184 62 188 76 184 62
209 129 26 68 31 126 221 189 68 89 96 89 96 26 129 163 68 95 76 246
30 132 246 163 184 91 184 144 184 91 30 188 91 184 238 18 76 184 238 18
147 242 18 140 147 38 140 62 140 140 41 62 188 91 133 62 140 140 147 62
129 163 68 95 76 246 144 147 91 147 174 147 76 30 188 91 147 242 18 91
91 147 242 18 190 147 242 18 91 41 238 132 62 132 91 147 62 188 91 41
91 41 242 18 76 41 30 18 91 41 41 91 68 147 76 246 144 133 76 133
189 26 129 68 129 95 76 41 144 133 76 147 174 133 91 30 188 91 41 242
18 91 147 38 76 30 76 76 147 62 188 76 41 62 188 76 147 62 188 76
126 221 189 26 129 68 68 95 76 246 163 133 140 133 174 133 91 30 188 91
188 76 147 238 18 76 41 242 18 91 147 38 76 62 76 76 147 62 188 76
129 209 209 31 38 31 126 221 189 26 129 129 95 112 246 163 133 112 133 163
246 163 133 76 133 174 133 91 30 188 91 133 238 18 190 133 238 18 91 133
147 174 133 91 30 188 91 41 242 18 76 133 242 18 91 147 38 76 62 76
68 129 95 76 41 144 147 91 147 174 41 76 30 188 76 147 238 18 76 41
31 126 221 189 26 129 68 129 38 140 41 163 41 91 133 174 147 91 30 140
144 133 91 62 76 91 147 238 18 91 133 89 129 91 26 238 18 76 133 38
133 238 76 188 133 242 76 188 133 38 140 62 140 76 133 62 188 140 133 95
209 129 68 26 31 126 221 189 26 129 68 68 95 76 246 163 133 140 133 174
147 174 133 91 30 188 91 41 242 18 76 133 242 18 91 147 38 76 62 76
133 242 18 91 133 38 76 30 76 91 133 62 188 91 133 62 188 76 147 62
41 144 147 91 62 188 91 147 238 18 91 147 89 96 89 96 242 18 91 133
147 242 18 76 147 242 18 190 147 238 76 62 76 76 147 62 188 76 147 62
91 41 144 133 91 62 76 91 147 238 18 91 133 89 129 91 26 238 18 76
133 188 133 174 133 91 62 188 188 133 238 76 188 133 68 238 76 91 147 38
174 133 91 30 188 91 133 238 18 190 133 238 18 91 133 38 76 30 76 91
129 89 89 96 96 26 129 68 89 96 89 96 68 95 76 41 144 41 91 41
209 129 26 68 31 126 221 189 26 129 68 129 95 76 246 163 147 76 147 144
188 133 144 133 91 30 188 76 147 242 18 76 147 242 18 91 147 38 76 30
133 242 76 76 133 38 140 62 140 91 133 95 188 91 133 62 188 188 133 95
95 76 147 163 133 91 133 144 133 91 30 188 76 133 242 18 76 147 242 18
41 91 41 144 147 91 62 188 91 147 238 18 91 147 89 96 89 96 242 18
68 129 38 140 41 163 41 91 133 174 147 91 30 188 91 147 238 18 91 147
184 38 132 62 132 91 184 62 188 76 184 62 188 76 184 62 188 76 184 62
133 174 147 91 30 188 91 147 238 18 91 147 238 18 140 147 38 140 62 140
68 129 38 140 41 163 41 91 133 174 147 91 30 188 91 147 238 18 91 147
91 147 242 18 190 147 26 129 68 242 18 91 147 38 76 62 76 91 133 62
126 221 189 209 209 221 189 26 129 68 129 95 76 147 163 133 91 133 144 133
189 26 129 68 129 95 76 246 163 133 91 133 174 133 91 62 188 18 133 238
189 26 129 129 95 140 246 163 133 140 133 174 133 76 30 188 140 133 238 76
209 209 238 189 26 129 68 129 95 132 41 163 133 91 41 144 41 91 30 188
126 221 189 26 129 68 129 38 140 41 163 41 91 133 174 147 91 30 140 91
76 133 238 76 62 76 76 133 62 188 91 133 26 129 62 188 91 133 62 188
76 89 96 30 76 91 133 26 129 62 188 76 147 89 96 30 188 190 41 89
129 26 68 31 126 221 189 209 209 221 189 26 129 68 129 95 76 41 144 133
174 133 91 30 188 91 133 238 18 190 133 238 18 91 133 38 76 30 76 91
91 41 144 41 91 30 188 91 133 242 18 91 147 89 96 89 96 238 18 91
129 26 68 31 126 221 189 209 209 238 189 26 129 68 129 95 132 41 163 133
209 129 26 68 31 126 221 189 26 129 68 30 132 246 163 184 91 184 144 184
147 163 133 91 133 144 133 91 30 188 76 133 242 18 76 147 242 18 91 133
41 91 30 188 91 147 242 18 190 147 242 18 91 41 238 132 62 132 91 147
238 189 26 129 68 129 95 132 41 163 133 91 41 144 41 91 30 188 91 147
189 209 209 221 189 26 129 68 129 95 76 41 144 133 76 147 174 133 91 30
30 188 76 147 242 18 76 147 242 18 91 147 38 76 30 76 76 147 62 188
76 147 242 18 91 147 38 76 30 76 76 147 62 188 76 41 62 188 76 147
242 18 76 147 242 18 91 147 38 76 30 76 76 147 62 188 76 41 62 188
41 91 30 188 91 133 242 18 91 147 89 96 89 96 238 18 91 133 38 76
30 18 91 41 41 91 68 30 76 246 144 133 18 133 174 133 91 30 188 76
26 129 68 95 76 246 144 41 91 41 144 41 91 62 188 91 41 242 18 76
144 133 91 62 76 91 147 238 18 91 133 89 129 91 26 238 18 76 133 38
209 221 189 26 129 68 129 95 18 246 163 133 91 133 174 133 91 62 188 18
68 95 76 246 144 41 91 41 144 41 91 62 188 91 41 242 18 76 41 30
133 238 18 18 133 242 18 91 133 38 18 62 18 18 133 62 76 91 133 62
133 242 18 91 133 38 18 62 18 18 133 62 76 91 133 62 76 18 133 62
188 91 133 238 18 190 133 238 18 91 133 38 76 30 76 91 133 62 188 91
68 31 126 221 189 26 129 68 129 95 76 246 163 147 76 147 144 147 91 147
96 62 76 76 246 62 188 91 147 89 96 89 96 62 188 76 147 26 129 62
144 133 188 133 174 133 91 62 188 76 133 238 18 76 133 68 238 76 91 147
129 68 129 30 76 147 163 133 91 133 174 133 91 30 188 91 147 238 18 76
95 76 246 163 147 76 147 144 147 91 147 62 188 76 147 242 18 76 147 242
76 246 144 133 76 133 174 133 91 30 188 76 133 238 18 190 133 238 18 76
132 41 163 133 91 41 144 41 91 30 188 91 147 242 18 190 147 242 18 91
31 126 221 189 209 209 221 189 26 129 68 129 95 76 147 163 133 91 133 144
163 41 188 133 144 133 91 30 188 76 147 242 18 76 147 242 18 91 147 38
147 38 140 62 140 140 41 62 188 91 133 62 188 140 147 62 140 140 41 62
238 76 91 147 38 76 62 76 76 147 62 188 91 133 62 188 76 147 62 188
147 91 147 174 41 76 30 188 76 147 238 18 76 41 242 18 91 147 38 76
129 68 26 31 126 221 189 26 129 68 129 30 76 147 163 133 91 133 174 133
188 91 133 238 76 188 133 242 76 76 133 38 76 62 140 91 133 62 188 76
133 174 133 91 62 188 18 133 238 18 18 133 242 18 91 133 38 18 62 18
189 26 129 68 129 95 76 41 144 147 91 147 174 41 76 30 188 76 147 238
209 221 189 26 129 68 129 95 76 147 163 133 91 133 144 133 91 30 188 76
18 91 133 38 76 30 76 91 133 62 188 91 133 62 188 76 147 62 188 91
238 132 62 132 91 147 62 188 91 41 62 188 91 147 62 188 91 133 62 188
76 30 188 76 133 238 76 188 133 242 76 76 133 38 140 62 140 76 133 95
129 129 95 140 246 163 133 140 133 174 133 76 30 188 76 133 238 76 188 133
238 18 68 91 184 38 132 62 132 91 184 62 188 76 184 62 188 76 184 62
133 188 133 174 133 76 30 188 91 133 238 76 188 133 242 76 188 133 38 140
242 18 190 147 242 18 91 41 238 132 62 132 91 147 62 188 91 41 62 188
91 62 188 76 133 238 76 76 133 68 238 76 91 147 38 76 62 76 76 147
242 18 190 147 242 18 91 41 238 132 62 132 91 147 62 188 91 41 62 188
76 147 38 140 62 140 140 41 62 188 91 133 62 188 140 147 62 140 140 41
31 126 221 189 68 38 76 41 144 41 91 133 174 41 91 30 188 91 147 242
129 26 68 31 126 221 189 26 129 68 95 76 246 144 41 91 41 144 41 91
188 91 133 238 76 188 133 242 76 76 133 38 76 62 140 91 133 62 188 76
238 76 62 76 76 147 62 188 76 147 62 188 91 147 62 188 76 147 62 188
18 76 147 242 18 91 147 38 76 30 76 76 147 62 188 76 41 62 188 76
147 174 41 76 30 188 76 147 238 18 76 41 242 18 91 147 38 76 62 76
91 147 62 188 76 147 242 18 76 147 242 18 190 147 238 76 62 76 76 147
221 189 26 129 68 129 95 76 246 163 147 76 147 144 147 91 147 62 188 76
95 140 246 163 133 140 133 174 133 91 30 188 76 133 238 76 188 133 41 76
18 76 147 242 18 190 147 238 76 62 76 76 147 62 188 76 147 62 188 91
76 41 144 133 76 147 174 133 91 30 188 91 41 242 18 76 133 242 18 91
30 188 91 147 242 18 190 147 26 129 68 242 18 91 147 38 76 62 76 91
68 26 31 126 221 189 209 209 221 189 26 129 68 129 95 76 147 163 133 91
238 18 18 133 242 18 91 133 38 18 62 18 18 133 62 18 91 133 62 76
126 221 189 26 129 68 30 132 246 163 184 91 184 144 184 91 30 188 91 184
209 129 68 26 31 126 221 189 26 129 68 129 30 76 147 163 133 91 133 174
126 221 189 209 209 221 189 26 129 163 68 95 76 246 68 144 133 91 41 144
126 221 189 68 38 76 41 144 41 91 133 174 41 91 30 188 91 147 242 18
163 133 91 41 144 41 91 30 188 91 147 242 18 190 147 242 18 91 41 238
95 76 246 68 144 133 91 41 144 133 91 62 76 91 147 238 18 91 133 89
26 129 68 129 30 76 147 163 133 91 133 174 133 91 30 188 91 147 238 18
163 68 95 76 246 68 144 133 91 41 144 133 91 62 76 91 147 238 18 91
188 91 147 242 18 190 147 26 129 68 242 18 91 147 38 76 62 76 91 133
26 31 126 221 189 68 26 129 129 30 76 246 163 133 91 174 147 41 91 62
38 76 89 96 30 76 91 133 26 129 62 188 76 147 89 96 30 188 190 41
144 147 91 62 188 91 147 238 18 91 147 89 96 89 96 242 18 91 133 38
188 133 174 133 91 62 188 188 133 238 76 188 133 68 238 18 91 147 38 188
129 30 76 246 163 133 91 174 147 41 91 62 188 91 147 238 18 91 41 242
76 91 133 26 129 62 188 76 147 89 96 30 188 190 41 89 96 62 188 76
238 18 190 133 238 18 76 133 238 76 62 76 76 133 62 188 91 133 26 129
95 140 246 163 133 140 133 174 133 91 30 188 76 133 238 76 188 133 41 76
147 238 18 91 147 242 18 140 147 38 140 62 140 140 41 62 140 91 133 62
30 188 76 147 238 18 76 41 242 18 91 147 38 76 62 76 76 147 62 188
30 18 91 41 41 91 68 30 76 246 144 133 18 133 174 133 91 30 188 76
76 41 144 147 91 147 174 41 76 30 188 76 147 238 18 76 41 238 18 91
76 147 242 18 91 147 38 76 30 76 76 147 62 188 76 41 62 188 76 147
41 91 133 174 147 91 30 188 91 147 238 18 91 147 238 18 140 147 38 140
242 18 91 133 38 76 30 76 91 133 62 188 91 133 62 188 76 147 62 188
38 140 62 140 140 41 62 188 91 133 62 188 140 147 62 188 76 41 62 188
41 30 188 76 133 89 96 89 96 62 188 91 147 62 188 91 133 89 96 89
163 41 188 133 144 133 91 30 188 76 147 242 18 76 147 242 18 91 147 38
91 41 242 18 76 133 242 18 91 147 38 76 62 76 91 133 30 188 76 147
133 91 30 188 76 147 242 18 76 147 242 18 91 147 38 76 30 76 76 147
30 188 76 147 242 18 76 147 242 18 91 147 38 76 30 76 76 147 62 188
91 30 188 76 133 242 18 76 147 242 18 91 133 38 76 62 76 76 147 62
89 96 96 26 129 68 89 96 89 96 68 95 76 41 144 41 91 41 144 41
126 221 189 129 89 89 96 91 26 129 68 89 96 89 96 68 95 76 41 144
188 76 147 238 18 76 41 242 18 91 147 38 76 62 76 76 147 62 188 76
91 62 76 91 147 238 18 91 133 89 129 91 26 238 18 76 133 38 76 89
41 238 132 62 132 91 147 62 188 91 41 62 188 91 147 62 188 91 133 62
133 242 18 91 147 89 96 89 96 238 18 91 133 38 76 26 129 62 76 76
18 190 133 238 18 91 133 38 76 30 76 91 133 62 188 91 133 62 188 91
41 144 41 91 30 188 91 147 242 18 190 147 242 18 91 41 238 132 62 132
209 221 189 26 129 68 129 95 76 41 144 133 76 147 174 133 91 30 188 91
76 246 144 133 188 133 174 133 91 62 188 188 133 238 18 76 133 68 238 76
188 133 174 133 76 30 188 76 133 238 76 188 133 242 18 188 133 38 140 62
91 133 242 18 91 147 89 96 89 96 238 18 91 133 238 76 26 129 62 76
30 188 76 133 238 18 190 133 238 18 76 133 238 76 62 76 76 133 62 188
174 147 91 30 188 91 147 238 18 91 147 238 18 140 147 38 140 62 140 140
147 238 76 62 76 76 147 62 188 76 147 62 188 91 147 62 188 76 147 62
133 91 30 188 76 133 238 18 190 133 238 18 76 133 238 76 62 76 76 133
95 132 41 163 133 91 41 144 41 91 30 188 91 147 242 18 190 147 242 18
133 242 18 91 147 38 76 62 76 91 133 30 188 76 147 62 188 76 133 62
18 68 91 184 38 132 62 132 91 184 62 188 76 184 62 188 76 184 62 188
147 242 18 76 147 242 18 91 147 38 76 30 76 76 147 62 188 76 41 62
246 144 133 76 133 174 133 91 30 188 76 133 238 18 190 133 238 18 76 133
41 91 30 188 91 147 242 18 190 147 26 129 68 242 18 91 147 38 76 62
163 184 91 184 144 184 91 30 188 91 184 238 18 76 184 238 18 68 91 184
30 188 91 133 238 18 190 133 238 18 91 133 38 76 30 76 91 133 62 188
26 238 18 76 133 38 76 89 96 30 76 91 133 26 129 62 188 76 147 89
140 62 140 140 41 62 188 91 133 62 188 140 147 62 188 76 41 62 188 140
95 76 147 163 133 91 133 144 133 91 30 188 76 133 242 18 76 147 242 18
133 174 133 91 30 188 91 147 238 18 76 133 242 18 91 133 38 76 30 76
76 133 242 18 91 147 38 76 62 76 91 133 30 188 76 147 62 188 76 133
209 129 26 68 31 126 221 189 68 89 96 89 96 26 129 163 68 95 76 246
91 30 188 76 147 242 18 76 147 242 18 91 147 38 76 30 76 76 147 62
190 147 242 18 91 41 30 132 62 132 91 147 62 188 91 41 62 188 91 147
91 30 188 91 133 242 18 91 147 89 96 89 96 238 18 91 133 238 76 26
133 76 133 174 133 91 30 188 76 133 238 18 190 133 238 18 76 133 238 76
246 163 184 91 184 144 184 91 30 188 91 184 238 18 76 184 238 18 68 91
238 76 26 129 62 76 76 41 30 188 76 133 89 96 89 96 62 188 91 147
147 238 18 91 41 242 18 91 41 38 76 62 76 76 41 62 188 91 133 62
221 189 209 209 221 189 26 129 68 129 95 76 147 163 133 91 133 144 133 91
68 129 95 76 41 144 147 91 147 174 41 76 30 188 76 147 238 18 76 41
242 18 91 133 38 76 62 76 76 147 62 188 76 41 62 188 76 41 62 188
