1637 1253 911 778 1245 1637 107 254 254 206 1251 195 1320 1692 1423 1068 472 1692 1423 195
1253 911 778 1245 386 386 778 1245 1637 107 254 254 206 1251 1671 1320 1692 1423 1563 745
107 54 1251 1671 254 472 1692 1379 1068 472 1692 472 1671 1749 1379 1068 54 1379 1423 1563
381 1749 1320 1068 381 1937 1423 1068 381 1937 1251 1068 381 1937 1251 1068 381 1937 1251 1068
1379 1423 1068 381 1379 54 1091 1671 1749 1379 1068 1637 107 381 1937 1423 1563 54 1091 1671
254 206 1251 195 1320 54 1423 306 745 54 1251 195 381 1937 1251 195 210 1379 1379 195
386 107 1637 254 1253 911 778 1245 1637 107 254 206 1251 195 1320 1692 1379 1671 745 1692
206 1251 195 1320 1692 1423 1068 472 1692 1423 306 1749 1251 1068 210 1379 1379 1068 210 1379
254 1253 911 778 1245 1637 107 254 206 1251 195 1320 1692 1379 1671 745 1692 1251 1563 1749
1245 1637 107 254 254 54 1251 1671 1320 1563 1423 1671 745 306 1251 1671 1749 1251 1671 210
381 1251 254 54 1251 195 1320 1692 1423 1068 472 1692 1423 306 1749 1251 1068 210 1379 1423
1379 1379 1671 381 1379 1379 1671 381 1251 254 54 1251 195 1320 1692 1423 1068 472 1692 1423
386 778 1245 1637 107 254 254 206 1251 195 1320 1692 1251 1068 472 1692 1423 1671 1749 1251
1068 472 54 1423 1671 1749 1251 1068 210 1379 1379 1068 307 1091 307 1091 210 1379 1379 1068
254 1253 911 778 1245 386 386 778 1245 1637 107 254 254 206 1251 195 1320 1692 1423 1068
1253 911 778 1245 254 54 1251 1671 1320 1692 1379 1563 745 1692 1423 1671 1749 1251 1068 210
107 254 107 206 1251 195 1320 1692 1423 1068 745 1692 1423 195 1749 1251 1068 210 1379 1423
778 1245 254 307 1091 307 1091 1637 107 1253 254 206 1251 195 1320 1563 1251 1563 745 1563
1423 1068 306 1379 195 1749 1379 1068 381 1937 1423 1068 381 1937 1251 1068 381 1937 1251 1068
1423 1068 745 1692 1423 1671 1749 1423 1068 210 1379 1423 1068 210 1379 1379 1068 1563 1379 195
210 1379 195 1749 1423 195 381 1937 1423 195 381 1937 1251 195 381 1937 1251 195 381 1937
1671 381 1937 1379 1068 307 1091 307 1091 195 1749 1251 1068 307 1091 307 1091 195 1749 1251
1379 1671 254 210 1379 1423 306 381 1379 307 1091 307 1091 195 1749 1423 306 381 1937 1251
1671 54 1379 1671 1749 1379 1068 381 1937 1423 1563 381 1937 1251 1068 381 1937 1251 1563 381
254 254 1637 1253 911 778 1245 1637 107 254 254 54 1251 1671 1320 1563 1251 1671 745 306
254 254 206 1251 195 1320 1692 1251 1068 472 1692 1423 1671 1749 1251 1068 210 1379 1251 1563
1379 1379 1671 381 1379 1379 1671 381 1251 254 54 1251 195 1320 1692 1423 1068 472 1692 1423
1245 386 386 778 1245 1637 107 254 254 206 1251 195 1320 1692 1423 1068 472 1692 1423 306
1749 1320 306 381 1937 1423 195 307 1091 307 1091 195 1749 1251 306 1637 107 381 1937 1251
911 778 1245 386 386 778 1245 1637 107 254 254 206 1251 195 1320 1692 1251 1068 472 1692
1379 1068 54 1379 1637 107 195 1749 1320 1068 381 1937 1423 1068 307 1091 307 1091 195 1749
1091 307 1091 210 1379 1379 1068 54 1379 1637 107 195 1749 1251 1068 381 1937 1423 1068 307
778 1245 1637 107 254 254 206 1251 195 1320 54 1423 306 745 54 1251 195 381 1937 1251
1320 1692 1379 1671 745 1692 1423 1563 1749 1423 1068 210 1379 1379 1671 381 1379 1379 1671 381
1068 254 210 1379 1379 1563 1068 1423 1671 1749 1423 1671 381 1937 1423 1068 381 1937 1251 1563
1423 1671 1749 1423 1068 210 1379 1423 1068 210 1379 1379 1068 1563 1379 195 1749 1379 1068 381
1091 307 1091 1637 107 254 254 206 1251 195 1320 1563 1251 1563 745 1563 1423 195 1749 1251
1245 1637 107 254 206 1251 195 1320 1692 1379 1671 745 1692 1251 1563 1749 1423 1068 54 1379
1637 107 195 1749 1320 1068 381 1937 1423 1068 307 1091 307 1091 195 1749 1251 1068 381 1937
1692 1423 1671 1749 1251 1563 210 1379 1251 1563 210 1379 1251 1671 54 1379 195 1749 1251 306
54 1379 1423 1671 54 1379 1671 1749 1423 1671 381 1937 1423 1068 381 1937 1251 1563 381 1937
1637 107 254 107 206 1251 195 1320 1692 1423 1068 745 1692 1423 195 1749 1251 1068 210 1379
107 1253 107 54 1251 1671 254 472 1692 1379 1068 472 1692 1423 1671 1749 1379 1068 54 1379
195 1320 1692 1423 1068 472 1692 1423 195 1749 1251 1563 210 1379 1251 1068 210 1379 1423 1563
1637 254 1253 911 778 1245 1637 107 254 206 1251 195 1320 1692 1379 1671 745 1692 1251 1563
1749 1379 1068 1637 107 381 1937 1423 1563 307 1091 1563 1749 1423 1068 307 1091 1671 1749 1423
306 745 54 1251 195 381 1937 1251 195 210 1379 1379 195 210 1379 1423 195 210 1379 195
1692 1379 1068 472 1692 1423 1671 1749 1251 1068 210 1379 1251 1563 210 1379 1423 1563 1068 1379
1245 254 1637 107 254 206 1251 195 1320 1068 1251 1379 54 1068 1251 1671 1749 1423 195 210
1637 254 1253 911 778 1245 254 307 1091 307 1091 1637 107 1253 254 206 1251 195 1320 1563
1245 1637 107 254 254 54 1251 1671 1320 1692 1423 1068 472 1692 1423 195 1749 1251 1563 210
911 778 1245 1637 107 254 206 1251 195 1320 1692 1379 1671 745 1692 1251 1563 1749 1423 1068
195 1749 1251 1563 210 1379 1251 1068 210 1379 1423 1563 1068 1379 1671 1749 1379 1068 381 1937
195 1749 1423 195 381 1937 1423 195 381 1937 1251 195 381 1937 1251 195 381 1937 1251 195
1423 195 1749 1251 1563 210 1379 1251 1068 210 1379 1423 1563 1068 1379 1671 1749 1379 1068 381
1379 1671 1749 1379 1068 381 1937 1423 1563 381 1937 1251 1068 381 1937 1251 1563 381 1937 1251
911 778 1245 254 1637 107 254 206 1251 195 1320 1068 1251 1379 54 1068 1251 1671 1749 1423
254 54 1251 195 1320 1692 1423 1068 472 1692 1423 306 1749 1251 1068 210 1379 1423 1068 210
107 307 307 1091 1091 1637 107 254 307 1091 307 1091 254 54 1251 1671 1320 54 1251 1068
1749 1251 1068 210 1379 1379 1068 210 1379 1423 1068 306 1379 195 1749 1251 1068 381 1937 1251
1251 1068 210 1379 1423 1068 54 1379 1423 1671 54 1379 1671 1749 1379 1068 381 1937 1423 1671
778 1245 254 1637 107 254 206 1251 195 1320 1068 1251 1379 54 1068 1251 1671 1749 1423 195
1068 54 1379 195 1749 1320 1671 381 1937 1379 1068 307 1091 307 1091 195 1749 1251 1068 307
1091 195 1749 1320 306 381 1937 1423 195 307 1091 307 1091 195 1749 1251 306 1637 107 381
1068 472 54 1423 1671 1749 1251 1068 210 1379 1379 1068 307 1091 307 1091 210 1379 1379 1068
1253 911 778 1245 1637 107 254 206 1251 195 1320 1692 1423 1068 745 1692 1423 306 1749 1251
472 1692 1423 1671 1749 1251 1068 210 1379 1423 1068 210 1379 254 1423 1068 306 1379 195 1749
195 1320 1692 1379 1068 472 1692 1423 1671 1749 1251 1068 210 1379 1251 1563 210 1379 1423 1563
1251 1671 54 1379 1423 1671 54 1379 1671 1749 1423 1671 381 1937 1423 1068 381 1937 1251 1563
195 381 1937 1251 195 210 1379 1379 195 210 1379 1423 195 210 1379 195 1749 1423 195 381
1423 306 745 54 1251 195 381 1937 1251 195 210 1379 1379 195 210 1379 1423 195 210 1379
745 1692 1423 1671 1937 1251 1068 210 1379 1423 1068 54 1379 1423 1671 54 1379 1671 1749 1379
1692 1423 1563 1749 1423 1068 54 1379 1379 1671 381 1379 1379 1671 381 1251 254 54 1251 195
1251 1068 210 1379 1379 1068 210 1379 1423 1068 306 1379 195 1749 1251 1068 381 1937 1251 1068
195 1320 1692 1423 1068 472 1692 1423 195 1749 1251 1563 210 1379 1251 1068 210 1379 1423 1563
1671 1749 1251 1068 210 1379 1251 1563 210 1379 1423 1563 1068 1379 195 1749 1251 1671 381 1937
778 1245 386 386 778 1245 1637 107 254 254 206 1251 195 1320 1692 1251 1068 472 1692 1423
472 1692 1423 195 1749 1251 1563 210 1379 1423 1068 381 1379 1379 1563 210 1379 381 1749 1320
54 1379 1423 1068 381 1379 54 1091 1671 1749 1379 1068 1637 107 381 1937 1423 1563 54 1091
1068 472 1692 1423 306 1749 1251 1068 210 1379 1423 1068 210 1379 1379 1068 210 1379 195 1749
1068 210 1379 1423 1068 1637 107 254 54 1379 1379 1068 54 1379 1671 1749 1379 1068 381 1937
1068 54 1379 1423 1563 307 107 1091 1637 54 1379 1423 1068 381 1379 54 1091 1671 1749 1379
778 1245 1637 107 254 206 1251 195 1320 1692 1423 1068 472 1692 1423 1671 1749 1251 1068 210
1692 1423 1671 1749 1423 1068 210 1379 745 1068 210 1379 1379 1068 1563 1379 195 1749 1379 1068
911 778 1245 254 307 1091 307 1091 1637 107 1253 254 206 1251 195 1320 1563 1251 1563 745
1251 195 1320 1692 1423 1068 472 1692 1423 306 1749 1251 1068 210 1379 1423 1068 210 1379 1379
1253 911 778 1245 1637 107 254 254 206 1251 195 1320 54 1937 1068 472 1692 1423 1671 1749
306 1749 1251 1068 210 1379 1251 1068 254 210 1379 1379 1563 1068 1379 1671 1749 1423 1671 381
911 778 1245 1637 107 254 206 1251 195 1320 1692 1379 1671 745 1692 1251 1563 1749 1423 1068
107 254 1637 1253 911 778 1245 386 386 778 1245 1637 107 1253 254 54 1251 1671 254 472
1379 1379 1068 210 1379 195 1749 1423 1068 381 1937 1423 1068 1637 107 381 1937 1251 1068 381
778 1245 1637 107 254 206 1251 195 1320 1692 1423 1068 745 1692 1423 1671 1749 745 1068 210
1379 1379 1671 381 1251 254 54 1251 195 1320 1692 1423 1068 472 1692 1423 306 1749 1251 1068
1251 1671 1320 1692 1423 1068 472 1692 1423 195 1749 1251 1563 210 1379 1423 1068 381 1379 1379
1379 1379 1068 210 1379 1423 1068 306 1379 195 1749 1251 1068 381 1937 1251 1068 381 1937 1251
306 1749 1251 1068 210 1379 1251 1068 254 210 1379 1379 1563 1068 1379 1671 1749 1423 1671 381
1637 254 1253 911 778 1245 254 54 1251 1671 1320 1692 1379 1563 745 1692 1423 1671 1749 1251
254 254 206 1251 195 1320 1692 1251 1068 472 1692 1423 1671 1749 1251 1068 210 1379 1251 1563
254 206 1251 195 1320 1692 1423 1068 472 1692 1423 1671 1749 1251 1068 210 1379 1423 1068 210
745 1692 1423 1671 1749 1423 1068 210 1379 745 1068 210 1379 1379 1068 1563 1379 195 1749 1379
1251 1671 1320 54 1251 1068 472 54 1423 1671 1749 1251 1068 210 1379 1379 1068 307 1091 307
911 778 1245 254 1637 107 254 206 1251 195 1320 1068 1251 1379 54 1068 1251 1671 1749 1423
254 254 206 1251 195 1320 54 1423 306 745 54 1251 195 381 1937 1251 195 210 1379 1379
107 254 54 1379 1379 1068 54 1379 1671 1749 1379 1068 381 1937 1379 1068 381 1937 1251 1068
254 254 206 1251 195 1320 1692 1423 1068 472 1692 1423 195 1749 1251 1563 210 1379 1251 1068
1423 1068 472 1692 1423 1671 1749 1251 1068 210 1379 1423 1068 210 1379 254 1423 1068 306 1379
1671 1749 1423 1068 210 1379 1423 1068 210 1379 1379 1068 1563 1379 195 1749 1379 1068 381 1937
1423 1068 210 1379 1251 1671 54 1379 1671 1749 1379 1068 381 1937 1423 1563 381 1937 1251 1068
254 254 206 1251 195 1320 54 1937 1068 472 1692 1423 1671 1749 1251 1563 210 1379 1251 1563
778 1245 386 386 778 1245 1637 107 254 254 206 1251 195 1320 1692 1423 1068 472 1692 1423
306 911 778 1245 1637 107 254 206 1251 195 1320 1692 1251 1068 472 1692 1423 1671 1749 1251
107 254 206 1251 195 1320 1692 1423 1068 745 1692 1423 1671 1749 1423 1068 210 1379 1423 1068
195 1749 1423 195 381 1937 1423 195 381 1937 1251 195 381 1937 1251 195 381 1937 1251 195
1671 1749 1251 1068 210 1379 1423 1068 54 1379 1423 1671 54 1379 1671 1749 1379 1068 381 1937
386 778 1245 1637 107 1253 254 54 1251 1671 254 472 1692 1379 1068 472 1692 1423 1671 1749
1379 1251 1563 210 1379 1251 1671 54 1379 195 1749 1251 306 381 1937 1423 306 381 1937 1251
210 1379 1423 1068 306 1379 195 1749 1251 1068 381 1937 1251 1068 381 1937 1251 1068 381 1937
1563 210 1379 1251 1671 54 1379 195 1749 1251 306 381 1937 1423 306 381 1937 1251 195 381
1068 472 1692 1423 306 1749 1251 1068 210 1379 1423 1068 210 1379 1379 1068 210 1379 195 1749
1379 1251 1068 254 210 1379 1379 1563 1068 1379 1671 1749 1423 1671 381 1937 1423 1068 381 1937
745 1692 1563 1671 1749 1251 1068 210 1379 1423 1068 210 1379 1251 1671 54 1379 1671 1749 1379
306 381 1379 307 1091 307 1091 195 1749 1423 306 381 1937 1423 195 307 1091 307 1091 195
1563 210 1379 195 1749 1320 1068 381 1937 1423 1068 381 1937 1251 1068 381 1937 1251 1068 381
1245 1637 107 254 254 54 1251 1671 1320 1692 1423 1068 472 1692 1423 195 1749 1251 1563 210
107 254 1637 1253 911 778 1245 1637 107 254 206 1251 195 1320 1692 1423 1068 745 1692 1423
1692 1423 1671 1749 1251 1068 210 1379 1423 1068 210 1379 1251 1671 54 1379 1671 1749 1379 1068
210 1379 1379 195 210 1379 1423 195 54 1379 195 1749 1423 195 381 1937 1423 195 381 1937
472 1692 1423 1671 1749 1251 1068 210 1379 1423 1068 210 1379 254 1423 1068 306 1379 195 1749
1379 1068 307 1091 307 1091 210 1379 1379 1068 54 1379 1637 107 195 1749 1251 1068 381 1937
1563 210 1379 1379 1671 254 210 1379 1423 306 381 1379 307 1091 307 1091 195 1749 1423 306
1637 107 254 206 1251 195 1320 1068 1379 1379 54 1068 1251 1671 1749 1423 195 210 1379 1251
254 1637 1253 911 778 1245 386 386 778 1245 1637 107 1253 254 54 1251 1671 254 472 1692
1671 1749 1379 1068 381 1937 1423 1671 381 1937 1423 1068 381 1937 1423 1068 381 1937 1251 1563
1671 745 1692 1423 1671 1749 1379 1068 210 1379 1379 1068 307 1091 307 1091 210 1379 1379 1068
254 1637 1253 911 778 1245 1637 107 254 254 206 1251 195 1320 1251 1937 1068 472 1692 1423
1320 54 1937 1068 472 1692 1423 1671 1749 1251 1563 210 1379 1251 1563 210 1379 1251 1671 54
254 210 1423 1423 306 381 1423 307 1091 307 1091 195 1749 1423 306 381 1937 1251 195 307
1423 254 206 1251 195 1320 1563 1423 1563 745 1563 1423 195 1749 1251 1563 210 1379 1379 1671
1320 1563 1423 1563 745 1563 1423 195 1749 1251 1563 210 1379 1379 1671 254 210 1379 1423 306
254 254 1637 1253 911 778 1245 107 307 307 1091 1091 1637 107 254 307 1091 307 1091 107
1245 1637 107 254 206 1251 195 1320 1692 1423 1068 472 1692 1423 1671 1749 1251 1068 210 1379
1637 254 1253 911 778 1245 254 307 1091 307 1091 1637 107 1253 254 206 1251 195 1320 1563
745 1692 1423 1671 1749 1423 1068 210 1379 745 1068 210 1379 1379 1068 1563 1379 195 1749 1379
1068 381 1937 1423 1068 307 1091 307 1091 195 1749 1251 1068 381 1937 1423 1068 307 1091 307
1563 1068 1379 195 1749 1251 1671 381 1937 1379 306 381 1937 1251 306 381 1937 1251 306 381
195 1749 1251 1563 210 1379 1251 1068 210 1379 1423 1563 1068 1379 1671 1749 1379 1068 381 1937
1379 381 1749 1320 1068 381 1937 1423 1068 381 1937 1251 1068 381 1937 1251 1068 381 1937 1251
254 254 54 1251 1671 1320 1692 1423 1068 472 1692 1423 195 1749 1251 1563 210 1379 1423 1068
1245 1637 107 254 254 54 1251 1671 1320 1692 1423 1068 472 1692 1423 195 1749 1251 1563 210
195 1320 1692 1423 1068 745 1692 1423 195 1749 1251 1068 210 1379 1423 1068 210 1379 1379 1068
306 1749 1251 1068 210 1379 1251 1068 254 210 1379 1379 1563 1068 1379 1671 1749 1423 1671 381
1671 1749 1251 1068 210 1379 1423 1068 210 1379 254 1423 1068 306 1379 195 1749 1379 1068 381
254 307 1091 307 1091 107 54 1251 1671 1320 54 1251 1068 472 54 1251 1671 1749 1251 1068
107 254 206 1251 195 1320 1692 1423 1068 745 1692 1423 1671 1749 1423 1068 210 1379 1423 1068
210 1379 1251 1068 254 210 1379 1379 1563 1068 1379 1671 1749 1423 1671 381 1937 1423 1068 381
1251 195 210 1379 1379 195 210 1379 1423 195 210 1379 195 1749 1423 195 381 1937 1423 195
386 778 1245 1637 107 254 254 206 1251 195 1320 1692 1423 1068 472 1692 1423 306 1749 1251
1692 1423 1671 745 1692 1423 1671 1749 1251 1068 210 1379 1423 1068 54 1379 1423 1671 54 1379
1692 1423 1671 1749 1251 1068 210 1379 1423 1068 210 1379 1251 1671 54 1379 1671 1749 1379 1068
1692 1423 1068 472 1692 1423 195 1749 1251 1563 210 1379 1423 1068 381 1379 1379 1563 210 1379
1671 1749 1423 1068 210 1379 1423 1068 210 1379 1379 1068 1563 1379 195 1749 1379 1068 381 1937
254 1253 911 778 1245 1637 107 254 206 1251 195 1320 1692 1423 1068 745 1692 1423 1671 1749
195 1320 1692 1423 1068 472 1692 1423 1671 1749 1251 1068 210 1379 1423 1068 210 1379 254 1251
1563 210 1379 195 1749 1320 1068 381 1937 1423 1068 381 1937 1251 1068 381 1937 1251 1068 381
254 254 54 1251 195 1320 1692 1423 1671 745 1692 1423 1671 1749 1379 1068 210 1379 1379 1068
254 1637 254 1253 911 778 1245 254 307 1091 307 1091 1637 107 1253 254 206 1251 195 1320
254 254 1637 1253 911 778 1245 1637 107 254 107 206 1251 195 1320 1692 1423 1068 745 1692
1379 1423 1068 210 1379 1379 1068 1563 1379 195 1749 1379 1068 381 1937 1423 1563 381 1937 1251
107 254 254 254 54 1251 195 1320 1692 1423 1671 745 1692 1423 1671 1749 1379 1068 210 1379
386 254 254 1637 1253 911 778 1245 386 386 778 1245 1637 107 254 254 206 1251 195 1320
381 1937 1423 1068 307 1091 307 1091 195 1749 1251 1068 381 1937 1423 1068 307 1091 307 1091
1251 1068 210 1379 1423 1068 54 1379 1423 1671 54 1379 1671 1749 1379 1068 381 1937 1423 1671
54 1379 1423 1671 54 1379 1671 1749 1379 1068 381 1937 1423 1671 381 1937 1423 1068 381 1937
1671 1749 1251 1068 210 1379 1379 1068 307 1091 307 1091 210 1379 1379 1068 54 1379 1637 107
1379 1563 745 1692 1423 1671 1749 1251 1068 210 1379 1423 1068 1637 107 254 210 1379 1379 1068
1423 1671 745 1692 1423 1671 1749 1251 1068 210 1379 1423 1068 54 1379 1423 1671 54 1379 1671
1379 1379 1068 210 1379 195 1749 1423 1068 381 1937 1423 1068 1637 107 381 1937 1251 1068 381
1251 1068 210 1379 1423 1563 1068 1379 1671 1749 1379 1068 381 1937 1423 1068 381 1937 1251 195
1068 210 1379 254 1423 1068 306 1379 195 1749 1379 1068 381 1937 1423 1068 381 1937 1251 1068
1251 1068 210 1379 1423 1068 54 1379 1423 1671 54 1379 1671 1749 1379 1068 381 1937 1423 1671
1320 54 1251 1068 472 54 1423 1671 1749 1251 1068 210 1379 1379 1068 307 1091 307 1091 210
107 254 254 206 1251 195 1320 1692 1423 1068 472 1692 1423 195 1749 1251 1563 210 1379 1251
195 1320 1692 1379 1068 472 1692 1423 1671 1749 1251 1068 210 1379 1251 1563 210 1379 1423 1563
1251 1671 1749 1423 195 306 1379 1251 1671 54 1379 1251 1671 54 1379 1671 1749 1251 1671 381
911 778 1245 1637 107 254 206 1251 195 1320 1692 1379 1671 745 1692 1251 1563 1749 1423 1068
1251 195 1320 54 1423 306 745 54 1251 195 381 1937 1251 195 210 1379 1379 195 210 1379
1245 386 386 778 1245 1637 107 254 254 206 1251 195 1320 1692 1251 1068 472 1692 1423 1671
306 1379 1251 1671 54 1379 1423 1671 54 1379 1671 1749 1251 1671 381 1937 1423 1068 381 1937
254 254 206 1251 1671 1320 1692 1423 1563 745 1692 1423 1671 1749 1251 1068 210 1379 1423 1068
1251 254 54 1251 195 1320 1692 1423 1068 472 1692 1423 306 1749 1251 1068 210 1379 1423 1068
1091 195 1749 1320 306 381 1937 1423 195 307 1091 307 1091 195 1749 1251 306 1637 107 381
911 778 1245 1637 107 254 206 1251 195 1320 1692 1379 1671 745 1692 1251 1563 1749 1423 1068
307 1091 307 1091 1637 107 254 254 206 1251 195 1320 1563 1251 1563 745 1563 1423 195 1749
1379 1068 1563 1379 195 1749 1379 1068 381 1937 1423 1563 381 1937 1251 1068 381 1937 1251 1563
54 1251 1671 254 472 1692 1379 1068 472 1692 472 1671 1749 1379 1068 54 1379 1423 1563 307
1068 254 210 1379 1379 1563 1068 1423 1671 1749 1423 1671 381 1937 1423 1068 381 1937 1251 1563
254 107 206 1251 195 1320 1692 1423 1068 745 1692 1423 195 1749 1251 1068 210 1379 1423 1068
1245 1637 107 254 254 206 1251 195 1320 1692 1423 1068 472 1692 1423 195 1749 1251 1563 210
1068 210 1379 1423 1068 210 1379 254 1423 1068 306 1379 195 1749 1379 1068 381 1937 1423 1068
1068 307 1091 307 1091 210 1379 1379 1068 54 1379 1637 107 195 1749 1320 1068 381 1937 1423
1423 1068 745 1692 1423 306 1749 1251 1068 210 1379 1251 1068 254 210 1379 1379 1563 1068 1379
1068 472 54 1423 1671 1749 1251 1068 210 1379 1379 1068 307 1091 307 1091 210 1379 1379 1068
381 1749 1320 1068 381 1937 1423 1068 381 1937 1251 1068 381 1937 1251 1068 381 1937 1251 1068
1320 54 1251 1068 472 54 1423 1671 1749 1251 1068 210 1379 1379 1068 307 1091 307 1091 210
1251 1671 1320 1692 1423 1068 472 1692 1423 195 1749 1251 1563 210 1379 1423 1068 381 1379 1379
1320 1692 1423 1068 472 1692 1423 195 1749 1251 1563 210 1379 1251 1068 210 1379 1423 1563 1068
381 1749 1320 1068 381 1937 1423 1068 381 1937 1251 1068 381 1937 1251 1068 381 1937 1251 1068
1749 1423 195 306 1379 1251 1671 54 1379 1251 1671 54 1379 1671 1749 1251 1671 381 1937 1423
1637 107 254 254 54 1251 1671 1320 1563 1251 1671 745 306 1251 1671 1749 1251 1671 210 1251
1423 1671 745 1692 1423 1671 1749 1251 1068 210 1379 1423 1068 54 1379 1423 1671 54 1379 1671
1245 1637 107 254 254 206 1251 195 1320 54 1937 1068 472 1692 1423 1671 1749 1251 1563 210
1379 1379 1068 210 1379 195 1749 1423 1068 381 1937 1423 1068 1637 107 381 1937 1251 1068 381
254 54 1251 1671 1320 1563 1251 1671 745 306 1251 1671 1749 1251 1671 210 1251 1251 306 210
254 254 1637 1253 911 778 1245 1637 107 254 254 206 1251 195 1320 1692 1423 1068 472 1692
1253 911 778 1245 107 254 307 1091 1091 1637 107 254 307 1091 307 1091 107 54 1251 1671
254 1637 1253 911 778 1245 107 307 307 1091 1091 1637 107 254 307 1091 307 1091 107 54
1671 745 1692 1423 1563 1749 1423 1068 54 1379 1379 1671 381 1379 1379 1671 381 1251 254 54
1320 1692 1379 1563 745 1692 1423 1671 1749 1251 1068 210 1379 1423 1068 1637 107 254 210 1379
1379 1251 1563 210 1379 1423 1563 1068 1379 195 1749 1251 1671 381 1937 1379 306 381 1937 1251
778 1245 1637 107 254 254 206 1251 195 1320 54 1937 1068 472 1692 1423 1671 1749 1251 1563
307 1091 210 1379 1379 1068 54 1379 1671 1749 1320 1671 381 1937 1379 1068 307 1091 307 1091
1379 195 1749 1379 1068 381 1937 1423 1068 381 1937 1251 1068 381 1937 1251 1068 381 1937 1251
1068 54 1379 195 1749 1320 1671 381 1937 1379 1068 307 1091 307 1091 195 1749 1251 1068 307
1320 1692 306 1068 472 1692 1423 306 1749 1251 1068 210 1379 1379 1068 210 1379 1423 1068 306
1068 210 1379 254 1423 1068 306 1379 195 1749 1379 1068 381 1937 1423 1068 381 1937 1251 1068
911 778 1245 1637 107 254 254 54 1251 1671 1320 1563 1251 1671 745 306 1251 1671 1749 1251
1253 911 778 1245 1637 107 254 254 54 1251 1671 1320 1692 1251 1068 472 1692 1423 195 1749
306 1379 1251 1671 54 1379 1423 1671 54 1379 1671 1749 1251 1671 381 1937 1423 1068 381 1937
210 1379 1379 195 210 1379 1423 195 54 1379 195 1749 1423 195 381 1937 1423 195 381 1937
107 1637 107 254 54 254 54 1251 195 1320 1692 1251 1671 745 1692 1423 1671 1749 1379 1068
1637 1253 911 778 1245 1637 107 254 206 1251 195 1320 1692 1423 1068 745 1692 1423 306 1749
1671 254 472 1692 1379 1068 472 1692 472 1671 1749 1379 1068 54 1379 1423 1563 307 107 1091
386 254 254 1637 1253 911 778 1245 254 1637 107 254 206 1251 195 1320 1068 1251 1379 54
254 254 54 1251 1671 1320 1692 1423 1068 472 1692 1423 195 1749 1251 1563 210 1379 1423 1068
1245 386 386 778 1245 1637 107 1253 254 54 1251 1671 254 472 1692 1379 1068 472 1692 1423
1692 1423 1671 1749 1251 1068 210 1379 1423 1068 1637 107 254 210 1379 1379 1068 54 1379 1671
1637 107 254 254 206 1251 195 1320 1692 1251 1068 472 1692 1423 1671 1749 1251 1068 210 1251
195 1749 1423 195 381 1937 1423 195 381 1937 1251 195 381 1937 1251 195 381 1937 1251 195
1423 1068 381 1379 54 1091 1671 1749 1379 1068 1637 107 381 1937 1423 1563 54 1091 1563 1749
1692 472 1671 1749 1379 1068 210 1379 1379 1068 307 1091 307 1091 210 1379 1379 1068 54 1379
210 1379 1379 1068 210 1379 1423 1068 306 1379 195 1749 1251 1068 381 1937 1251 1068 381 1937
54 1251 1671 1320 1692 1423 1068 472 1692 1423 195 1749 1251 1563 210 1379 1423 1068 381 1379
1253 911 778 1245 1637 107 254 254 206 1251 195 1320 54 1937 1068 472 1692 1423 1671 1749
1320 1692 1423 1068 472 1692 1423 1671 1749 1251 1068 210 1379 1423 1068 210 1379 254 1251 1068
1423 1068 210 1379 1423 1068 210 1379 1379 1068 1563 1379 195 1749 1379 1068 381 1937 1423 1563
306 1749 1251 1068 210 1379 1379 1068 210 1379 1423 1068 306 1379 195 1749 1251 1068 381 1937
1671 254 210 1379 1423 306 381 1379 307 1091 307 1091 195 1749 1423 306 381 1937 1251 195
911 778 1245 254 1637 107 254 206 1251 195 1320 1068 1251 1379 54 1068 1251 1671 1749 1423
1379 472 1563 307 107 1091 1637 54 1379 1423 1068 381 1379 54 1091 1671 1749 1379 1068 1637
1379 1068 54 1379 1423 1563 307 107 1091 1637 54 1379 1423 1068 381 1379 54 1091 1671 1749
1091 307 1091 210 1379 1379 1068 54 1379 1637 107 195 1749 1251 1068 381 1937 1423 1068 307
54 1379 1671 1749 1320 1671 381 1937 1379 1068 307 1091 307 1091 195 1749 1251 1068 307 1091
107 1253 254 206 1251 195 1320 1563 1423 1563 745 1563 1423 195 1749 1251 1563 210 1379 1379
210 1379 254 1423 1068 306 1379 195 1749 1379 1068 381 1937 1423 1068 381 1937 1251 1068 381
1251 1563 210 1379 1251 1068 210 1379 1423 1563 1068 1379 1671 1749 1379 1068 381 1937 1423 1068
1379 1251 1068 254 210 1379 1379 1563 1068 1379 1671 1749 1423 1671 381 1937 1423 1068 381 1937
1379 195 1749 1320 1671 381 1937 1379 306 381 1937 1251 306 381 1937 1251 306 381 1937 1251
386 778 1245 1637 107 1637 107 254 1253 254 54 1251 195 1320 1692 1251 1671 745 1692 1423
54 1379 1379 1068 1671 1379 1671 1749 1379 1068 381 1937 1379 1068 381 1937 1251 1068 381 1937
1091 1637 54 1379 1423 1068 381 1379 307 1091 1671 1749 1379 1068 1637 107 381 1937 1423 1563
1379 1423 1068 210 1379 1251 1671 54 1379 1671 1749 1379 1068 381 1937 1423 1563 381 1937 1251
206 1251 195 1320 1692 1423 1068 472 1692 1423 195 1749 1251 1563 210 1379 1251 1068 210 1379
1091 1637 107 254 307 1091 307 1091 107 54 1251 1671 1320 54 1251 1068 472 54 1251 1671
195 1320 1692 1423 1068 745 1692 1423 306 1749 1251 1068 210 1379 1251 1068 254 210 1379 1379
1692 1423 1671 745 1692 1423 1671 1749 1379 1068 210 1379 1379 1068 307 1091 307 1091 210 1379
254 1253 911 778 1245 386 386 778 1245 1637 107 254 254 206 1251 1671 1320 1692 1423 1563
1637 107 254 206 1251 195 1320 1692 1423 1068 472 1692 1423 1671 1749 1251 1068 210 1379 1423
1671 1749 1379 1068 381 1937 1423 1563 381 1937 1251 1068 381 1937 1251 1563 381 1937 1251 1563
1068 472 1692 1423 195 1749 1251 1563 210 1379 1423 1068 381 1379 1379 1563 210 1379 195 1749
54 1937 1068 472 1692 1423 1671 1749 1251 1563 210 1379 1251 1563 210 1379 1251 1671 54 1251
1091 1091 1637 107 254 307 1091 307 1091 107 54 1251 1671 1320 54 1251 1068 472 54 1251
778 1245 386 386 778 1245 1637 107 254 254 206 1251 195 1320 1692 1251 1068 472 1692 1423
54 1379 1379 1068 1671 1379 1671 1749 1379 1068 381 1937 1379 1068 381 1937 1251 1068 381 1937
254 1637 1253 911 778 1245 1637 107 254 254 206 1251 195 1320 1692 1423 1068 472 1692 1423
306 1379 1251 1671 54 1379 1423 1671 54 1379 1671 1749 1251 1671 381 1937 1423 1068 381 1937
1423 306 381 1937 1423 195 307 1091 307 1091 195 1749 1251 306 1637 107 381 1937 1251 195
210 1379 1251 1563 210 1379 1251 1671 54 1379 195 1749 1251 306 381 1937 1423 306 381 1937
1692 306 1068 472 1692 1423 306 1749 1251 1068 210 1379 1379 1068 210 1379 1423 1068 306 1379
210 1379 1423 1068 1637 107 254 54 1379 1379 1068 54 1379 1671 1749 1379 1068 381 1937 1379
1692 306 1068 472 1692 1423 306 1749 1251 1068 210 1379 1379 1068 210 1379 1423 1068 306 1379
1379 1423 195 210 1379 195 1749 1423 195 381 1937 1423 195 381 1937 1251 195 381 1937 1251
54 1423 306 745 54 1251 195 381 1937 1251 195 210 1379 1379 195 210 1379 1423 195 210
1320 1692 1423 1563 745 1692 1423 1671 1749 1251 1068 210 1379 1423 1068 210 1379 1251 1671 54
1692 1423 1563 745 1692 1423 1671 1749 1251 1068 210 1379 1423 1068 210 1379 1251 1671 54 1379
1379 1563 1068 1379 1671 1749 1423 1671 381 1937 1423 1068 381 1937 1251 1563 381 1937 1251 1563
1671 1320 1692 1379 1563 745 1692 1423 1671 1749 1251 1068 210 1379 1423 1068 1637 107 254 210
306 1068 472 1692 1423 306 1749 1251 1068 210 1379 1379 1068 210 1379 1423 1068 306 1379 195
1379 1251 1563 210 1379 1251 1671 54 1379 195 1749 1251 306 381 1937 1423 306 381 1937 1251
1423 306 1749 1251 1068 210 1379 1379 1068 210 1379 1423 1068 306 1379 195 1749 1251 1068 381
778 1245 386 386 778 1245 1637 107 254 254 206 1251 1671 1320 1692 1423 1563 745 1692 1423
472 1692 1423 195 1749 1251 1563 210 1379 1423 1068 381 1379 1379 1563 210 1379 381 1749 1320
254 1637 1253 911 778 1245 1637 107 254 254 206 1251 195 1320 1251 1937 1068 472 1692 1423
307 1091 210 1379 1379 1068 54 1379 1671 1749 1320 1671 381 1937 1379 1068 307 1091 307 1091
911 778 1245 107 54 1251 1671 1320 1692 1379 1563 745 1692 1423 1671 1749 1251 1068 210 1379
254 254 206 1251 195 1320 1692 1423 1068 472 1692 1423 306 1749 1251 1068 210 1379 1379 1068
472 1692 1423 195 1749 1251 1563 210 1379 1423 1068 381 1379 1379 1563 210 1379 381 1749 1320
254 206 1251 195 1320 1692 1379 1671 745 1692 1423 1563 1749 1423 1068 54 1379 1379 1671 381
54 1251 1671 254 472 1692 1379 1068 472 1692 472 1671 1749 1379 1068 54 1379 1423 1563 307
195 1749 1251 1563 210 1379 1423 1068 381 1379 1379 1563 210 1379 1671 1749 1320 1068 381 1937
1637 1253 911 778 1245 1637 107 254 206 1251 195 1320 1692 1423 1068 745 1692 1423 306 1749
386 107 1637 254 1253 911 778 1245 1637 107 254 206 1251 195 1320 1692 1379 1671 745 1692
1637 1253 911 778 1245 386 386 778 1245 1637 107 1253 254 54 1251 1671 254 472 1692 1379
107 254 206 1251 195 1320 1068 1251 1379 54 1068 1251 1671 1749 1423 195 210 1379 1251 1671
1692 1423 1671 745 1692 1423 1671 1749 1379 1068 210 1379 1379 1068 307 1091 307 1091 210 1379
1379 1423 1068 381 1379 54 1091 1671 1749 1379 1068 1637 107 381 1937 1423 1563 54 1091 1671
307 1091 307 1091 107 54 1251 1671 1320 54 1251 1068 472 54 1251 1671 1749 1251 1068 210
1320 1692 1091 1671 745 1692 1423 1671 1749 1251 1068 210 1379 1423 1068 54 1379 1423 1671 54
210 1379 1423 1068 306 1379 195 1749 1251 1068 381 1937 1251 1068 381 1937 1251 1068 381 1937
1320 1692 306 1068 472 1692 1423 306 1749 1251 1068 210 1379 1379 1068 210 1379 1423 1068 306
107 254 254 206 1251 195 1320 54 1937 1068 472 1692 1423 1671 1749 1251 1563 210 1251 1251
778 1245 386 386 778 1245 1637 107 254 254 206 1251 195 1320 1692 1423 1068 472 1692 1423
1671 381 1251 254 54 1251 195 1320 1692 1423 1068 472 1692 1423 306 1749 1251 1068 210 1379
778 1245 1637 107 254 254 54 1251 1671 1320 1563 1423 1671 745 306 1251 1671 1749 1251 1671
195 210 1379 1423 195 210 1379 195 1749 1423 195 381 1937 1423 195 381 1937 1251 195 381
472 1692 1563 1671 1749 1251 1068 210 1379 1251 1563 210 1379 1423 1563 1068 1379 195 1749 1251
1253 911 778 1245 386 386 778 1245 1637 107 254 254 206 1251 1671 1320 1692 1423 1563 745
254 206 1251 1671 1320 1692 1423 1563 745 1692 1423 1671 1749 1251 1068 210 1379 1423 1068 210
206 1251 195 1320 1692 1379 1671 745 1692 1423 1563 1749 1423 1068 210 1379 1379 1671 381 1379
254 54 1251 1671 1320 1692 1423 1068 472 1692 1423 195 1749 1251 1563 210 1379 1423 1068 381
1637 1253 911 778 1245 1637 107 254 254 206 1251 195 1320 1251 1937 1068 472 1692 1423 1671
1692 1423 1068 472 1692 1423 195 1749 1251 1563 210 1379 1251 1068 210 1379 1423 1563 1068 1379
911 778 1245 386 386 778 1245 1637 107 254 254 206 1251 195 1320 1692 1251 1068 472 1692
1379 1423 1563 1068 1379 195 1749 1251 1671 381 1937 1379 306 381 1937 1251 306 381 1937 1251
472 1692 1423 1671 1749 1379 1068 54 1379 472 1563 307 107 1091 1637 54 1379 1423 1068 381
778 1245 1637 107 254 254 54 1251 1671 1320 1563 1423 1671 745 306 1251 1671 1749 1251 1671
386 254 1637 254 1253 911 778 1245 386 386 778 1245 1637 107 254 254 206 1251 195 1320
1251 195 1320 1692 1423 1068 472 1692 1423 195 1749 1251 1563 210 1379 1251 1068 210 1379 1423
1423 195 306 1379 1251 1671 54 1379 1251 1671 54 1379 1671 1749 1251 1671 381 1937 1423 1068
1423 1563 1749 1423 1068 54 1379 1379 1671 381 1379 1379 1671 381 1251 254 54 1251 195 1320
911 778 1245 1637 107 254 206 1251 195 1320 1692 1423 1068 745 1692 1423 306 1749 1251 1068
254 1637 1253 911 778 1245 107 307 307 1091 1091 1637 107 254 307 1091 307 1091 107 54
107 386 386 1253 254 1253 911 778 1245 1637 107 254 206 1251 195 1320 1692 1423 1068 745
1563 745 1692 1563 1671 1749 1251 1068 210 1379 1423 1068 210 1379 1251 1671 54 1379 1671 1749
1692 1423 1563 1749 1423 1068 54 1379 1379 1671 381 1379 1379 1671 381 1251 254 54 1251 195
206 1251 195 1320 1692 1379 1671 745 1692 1423 1563 1749 1423 1068 210 1379 1379 1671 381 1379
778 1245 1637 107 254 206 1251 195 1320 1692 1423 1068 745 1692 1423 306 1749 1251 1068 210
1423 1068 210 1379 1251 1671 54 1379 1671 1749 1379 1068 381 1937 1423 1563 381 1937 1251 1068
107 254 254 206 1251 195 1320 1692 1251 1068 472 1692 1423 1671 1749 1251 1068 210 1379 1251
1749 1320 306 381 1937 1423 195 307 1091 307 1091 195 1749 1251 306 1637 107 381 1937 1251
1423 306 1749 1251 1068 210 1379 1379 1068 210 1379 1423 1068 306 1379 195 1749 1251 1068 381
1068 472 1692 1563 306 1749 1251 1068 1692 1379 1379 1068 210 1379 1423 1068 306 1379 195 1749
1423 1671 54 1379 1671 1749 1379 1068 381 1937 1423 1671 381 1937 1423 1068 381 1937 1423 1068
54 1068 1379 1671 1749 1423 195 306 1379 1251 1671 54 1379 1251 1671 54 1379 1671 1749 1251
1251 1068 210 1379 1423 1068 210 1379 254 1423 1068 306 1379 195 1749 1379 1068 381 1937 1423
1320 1692 1423 1068 472 1692 1423 306 1749 1251 1068 210 1379 1423 1068 210 1379 1379 1068 210
1379 1423 1671 54 1379 1671 1749 1379 1068 381 1937 1423 1671 381 1937 1423 1068 381 1937 1423
1091 307 1091 1637 107 254 254 206 1251 195 1320 1563 1251 1563 745 1563 1423 195 1749 1251
1091 1637 107 254 307 1091 307 1091 107 54 1251 1671 1320 54 1251 1068 472 54 1251 1671
254 1637 1253 911 778 1245 1637 107 254 107 206 1251 195 1320 1692 1423 1068 745 1692 1423
386 254 254 1637 1253 911 778 1245 386 386 778 1245 1637 107 1253 254 54 1251 1671 254
1379 1068 472 1692 1423 1671 1749 1251 1068 210 1379 1251 1563 210 1379 1423 1563 1068 1379 195
1423 1671 1749 1251 1068 210 1379 1423 1068 1637 107 254 210 1379 1379 1068 54 1379 1671 1749
54 1251 1068 472 54 1423 1671 1749 1251 1068 210 1379 1379 1068 307 1091 307 1091 210 1379
1379 1423 1068 210 1379 1251 1671 54 1379 1671 1749 1379 1068 381 1937 1423 1563 381 1937 1251
1637 1253 911 778 1245 1637 107 254 254 54 1251 1671 1320 1692 1251 1068 472 1692 1423 195
1423 1671 1749 1251 1068 210 1379 1251 1563 210 1379 1423 1563 1068 1379 195 1749 1251 1671 381
1692 1423 1068 472 1692 1423 1671 1749 1251 1068 210 1379 1423 1068 210 1379 254 1423 1068 306
254 206 1251 195 1320 1692 1423 1068 472 1692 1423 306 1749 1251 1068 210 1379 1379 1068 210
1563 1251 1671 1749 306 1251 1671 1749 1251 1671 210 1251 1251 306 210 1251 1423 1671 1563 1251
1251 1068 210 1379 1251 1563 210 1379 1423 1563 1068 1379 195 1749 1251 1671 381 1937 1379 306
1749 1251 1563 210 1379 1379 1671 254 210 1379 1423 306 381 1379 307 1091 307 1091 195 1749
1379 1068 210 1379 195 1749 1320 1068 381 1937 1423 1068 1637 107 381 1937 1251 1068 381 1937
210 1379 1251 1068 210 1379 1423 1563 1068 1379 195 1749 1379 1068 381 1937 1423 1068 381 1937
472 54 1423 1671 1749 1251 1068 210 1379 1379 1068 307 1091 307 1091 210 1379 1379 1068 54
1423 1068 306 1379 195 1749 1251 1068 381 1937 1251 1068 381 1937 1251 1068 381 1937 1251 1068
386 386 107 254 254 1637 1253 911 778 1245 107 307 307 1091 1091 1637 107 254 307 1091
911 778 1245 1637 107 254 107 206 1251 195 1320 1692 1423 1068 745 1692 1423 195 1749 1251
1245 1637 107 1637 107 254 54 254 54 1251 195 1320 1692 1251 1671 745 1692 1423 1671 1749
1692 1423 306 1749 1251 1068 210 1379 1423 1068 210 1379 1379 1068 210 1379 195 1749 1423 1068
1637 107 254 254 54 1251 1671 1320 1692 1091 1671 745 1692 1423 1671 1749 1251 1068 210 1379
1379 1068 306 1379 195 1749 1379 1068 381 1937 1423 1068 381 1937 1251 1563 381 1937 1251 1671
1320 1563 1423 1563 745 1563 1423 195 1749 1251 1563 210 1379 1379 1671 254 210 1379 1423 306
1253 911 778 1245 254 54 1251 1671 1320 1692 1379 1563 745 1692 1423 1671 1749 1251 1068 210
1251 1671 1320 1563 1251 1671 745 306 1251 1671 1749 1251 1671 210 1251 1251 306 210 1251 1251
54 1379 1423 1671 54 1379 1671 1749 1423 1671 381 1937 1423 1068 381 1937 1251 1563 381 1937
1379 1379 1671 381 1251 254 54 1251 195 1320 1692 1423 1068 472 1692 1423 306 1749 1251 1068
1068 54 1379 1423 1671 54 1379 1671 1749 1379 1068 381 1937 1423 1671 381 1937 1423 1068 381
306 911 778 1245 1637 107 254 206 1251 195 1320 1692 1251 1068 472 1692 1423 1671 1749 1251
1379 1423 1563 1068 1379 1671 1749 1379 1068 381 1937 1423 1068 381 1937 1251 195 381 1937 1251
210 1379 254 1423 1068 306 1379 195 1749 1379 1068 381 1937 1423 1068 381 1937 1251 1068 381
778 1245 1637 107 254 206 1251 195 1320 1692 1379 1671 745 1692 1251 1563 1749 1423 1068 54
1068 210 1379 1379 1068 307 1091 307 1091 210 1379 1379 1068 54 1379 1637 107 195 1749 1251
254 254 1637 1253 911 778 1245 1637 107 254 254 206 1251 195 1320 1692 1423 1068 472 1692
1245 1637 107 254 107 206 1251 195 1320 1692 1423 1068 745 1692 1423 195 1749 1251 1068 210
254 206 1251 195 1320 54 1937 1068 472 1692 1423 1671 1749 1251 1563 210 1379 1251 1563 210
1251 1379 54 1068 1379 1671 1749 1423 195 210 1379 1251 1671 54 1379 1251 1671 54 1379 1671
210 1379 1423 1068 306 1379 254 1423 1068 306 1379 195 1749 1379 1068 381 1937 1423 1068 381
1251 1251 306 210 1251 1423 1671 1563 1251 195 1749 1320 195 381 1937 1251 195 381 1937 1251
1671 1320 1692 1379 1563 745 1692 1423 1671 1749 1251 1068 210 1379 1423 1068 1637 107 254 210
1423 306 381 1423 307 1091 307 1091 195 1749 1423 306 381 1937 1423 195 307 1091 307 1091
1423 1671 1749 1251 1068 210 1379 1423 1068 210 1379 1251 1671 54 1379 1671 1749 1379 1068 381
1320 54 1251 1068 472 54 1423 1671 1749 1251 1068 210 1379 1379 1068 307 1091 307 1091 210
206 1251 195 1320 54 1937 1068 472 1692 1423 1671 1749 1251 1563 210 1379 1251 1563 210 1251
206 1251 195 1320 1692 1423 1068 745 1692 1423 1671 1749 1423 1068 210 1379 1423 1068 210 1379
386 107 254 254 1637 1253 911 778 1245 107 307 307 1091 1091 1637 107 254 307 1091 307
107 254 254 206 1251 195 1320 1692 1423 1068 472 1692 1423 195 1749 1251 1563 210 1379 1251
1379 1379 195 210 1379 1423 195 54 1379 195 1749 1423 195 381 1937 1423 195 381 1937 1251
1379 1379 1068 210 1379 1423 1068 306 1379 195 1749 1251 1068 381 1937 1251 1068 381 1937 1251
386 254 254 1637 1253 911 778 1245 1637 107 254 254 54 1251 1671 1320 1563 1251 1671 745
195 1749 1251 1563 210 1379 1251 1068 210 1379 1423 1563 1068 1379 1671 1749 1379 1068 381 1937
254 1637 254 1253 911 778 1245 1637 107 254 254 206 1251 195 1320 54 1423 306 745 54
1091 307 1091 107 54 1251 1671 1320 54 1251 1068 472 54 1251 1671 1749 1251 1068 210 1379
307 107 1091 1637 54 1379 1423 1068 381 1379 307 1091 1671 1749 1379 1068 1637 107 381 1937
107 254 254 254 54 1251 195 1320 1692 1423 1671 745 1692 1423 1671 1749 1379 1068 210 1379
1423 1563 1068 1379 1671 1749 1379 1068 381 1937 1423 1068 381 1937 1251 195 381 1937 1251 1068
1379 1423 1068 381 1379 1379 1563 210 1379 381 1749 1320 1068 381 1937 1251 1068 381 1937 1251
254 1637 254 1253 911 778 1245 254 307 1091 307 1091 1637 107 1253 254 206 1251 195 1320
107 1091 1637 54 1379 1423 1068 381 1379 307 1091 1671 1749 1379 1068 1637 107 381 1937 1423
1245 1637 107 254 254 206 1251 195 1320 54 1937 1068 472 1692 1423 1671 1749 1251 1563 210
386 386 778 1245 1637 107 254 254 206 1251 195 1320 1692 1423 1068 472 1692 1423 306 1749
1379 1251 1671 54 1379 195 1749 1251 306 381 1937 1423 306 381 1937 1251 195 381 1937 1251
307 1091 107 54 1251 1671 1320 54 1251 1068 472 54 1251 1671 1749 1251 1068 210 1379 1379
472 1671 1749 1379 1068 210 1379 1379 1068 307 1091 307 1091 210 1379 1379 1068 54 1379 195
1423 1068 472 1692 1423 306 1749 1251 1068 210 1379 1423 1068 210 1379 1379 1068 210 1379 195
254 107 206 1251 195 1320 1692 1423 1068 745 1692 1423 195 1749 1251 1068 210 1379 1423 1068
911 778 1245 386 386 778 1245 1637 107 1253 254 54 1251 1671 254 472 1692 1379 1068 472
1251 195 1320 54 1423 306 745 54 1251 195 381 1937 1251 195 210 1379 1379 195 210 1379
1671 381 1937 1379 1068 307 1091 307 1091 195 1749 1251 1068 307 1091 307 1091 195 1749 1251
1423 1068 210 1379 254 1423 1068 306 1379 195 1749 1379 1068 381 1937 1423 1068 381 1937 1251
107 254 254 254 54 1251 195 1320 1692 1423 1671 745 1692 1423 1671 1749 1379 1068 210 1379
1251 195 1320 1692 306 1068 472 1692 1423 306 1749 1251 1068 210 1379 1379 1068 210 1379 1423
1379 1068 306 1379 195 1749 1379 1068 381 1937 1423 1068 381 1937 1251 1563 381 1937 1251 1671
206 1251 195 1320 54 1423 306 745 54 1251 195 381 1937 1251 195 210 1379 1379 195 210
1379 1068 472 1692 1423 1671 1749 1379 1068 54 1379 1423 1563 307 107 1091 1637 54 1379 1423
1068 54 1379 1637 107 195 1749 1320 1068 381 1937 1423 1068 307 1091 307 1091 195 1749 1251
386 254 1637 254 1253 911 778 1245 1637 107 254 254 206 1251 195 1320 54 1423 306 745
1245 1637 107 107 206 1251 195 1320 1692 1423 1068 745 1692 1423 306 1749 1251 1068 210 1379
1245 386 386 778 1245 1637 107 254 254 206 1251 195 1320 1692 1251 1068 472 1692 1423 1671
1692 1423 195 1749 1251 1068 210 1379 1423 1068 210 1379 1379 1068 306 1379 195 1749 1379 1068
1423 1563 1749 1423 1068 54 1379 1379 1671 381 1379 1379 1671 381 1251 254 54 1251 195 1320
911 778 1245 386 386 778 1245 1637 107 1253 254 54 1251 1671 254 472 1692 1379 1068 472
1379 1068 1563 1379 195 1749 1379 1068 381 1937 1423 1563 381 1937 1251 1068 381 1937 1251 1563
1253 911 778 1245 254 54 1251 1671 1320 1692 1379 1563 745 1692 1423 1671 1749 1251 1068 210
1423 1068 472 1692 1423 195 1749 1251 1563 210 1379 1251 1068 210 1379 1423 1563 1068 1379 195
1251 195 1320 1692 1423 1068 472 1692 1423 195 1749 1251 1563 210 1379 1251 1068 210 1379 1423
254 1637 1253 911 778 1245 107 307 307 1091 1091 1637 107 254 307 1091 307 1091 107 54
1068 381 1937 1423 1068 307 1091 307 1091 195 1749 1251 1068 381 1937 1423 1068 307 1091 307
1253 911 778 1245 386 386 778 1245 1637 107 254 254 206 1251 195 1320 1692 1251 1068 472
778 1245 107 54 307 1091 1091 1637 107 254 307 1091 307 1091 107 54 1251 1671 1320 54
210 1379 1423 1068 210 1379 1379 1068 306 1379 195 1749 1379 1068 381 1937 1423 1068 381 1937
1320 54 1251 1068 472 54 1423 1671 1749 1251 1068 210 1379 1379 1068 307 1091 307 1091 210
1692 1423 1068 472 1692 1423 195 1749 1251 1563 210 1379 1251 1068 210 1379 1423 1563 1068 1379
1251 1671 1320 1692 1379 1563 745 1692 1423 1671 1749 1251 1068 210 1379 1423 1068 1637 107 254
1379 1068 54 1379 1423 1563 307 107 1091 1637 54 1379 1423 1068 381 1379 54 1091 1671 1749
1379 1068 210 1379 1423 1068 306 1379 195 1749 1251 1068 381 1937 1251 1068 381 1937 1251 1068
1423 1423 306 381 1423 307 1091 307 1091 195 1749 1423 306 381 1937 1423 195 307 1091 307
778 1245 107 54 307 1091 1091 1637 107 254 307 1091 307 1091 107 54 1251 1671 1320 54
1671 254 472 1692 1379 1068 472 1692 472 1671 1749 1379 1068 54 1379 1423 1563 307 107 1091
1637 107 254 254 206 1251 195 1320 54 1937 1068 472 1692 1423 1671 1749 1251 1563 210 1251
1379 1379 1068 210 1379 1423 1068 306 1379 195 1749 1251 1068 381 1937 1251 1068 381 1937 1251
1423 1068 745 1692 1423 306 1749 1251 1068 210 1379 1251 1068 254 210 1379 1379 1563 1068 1379
386 778 1245 1637 107 1637 107 254 1253 254 54 1251 195 1320 1692 1251 1671 745 1692 1423
1251 1068 210 1379 1423 1563 1068 1379 1671 1749 1379 1068 381 1937 1423 1068 381 1937 1251 195
1692 1423 1068 472 1692 1423 306 1749 1251 1068 210 1379 1423 1068 210 1379 1379 1068 210 1379
1068 210 1379 1251 1563 210 1379 1423 1563 1068 1379 195 1749 1251 1671 381 1937 1379 306 381
1379 1068 54 1379 1423 1563 307 107 1091 1637 54 1379 1423 1068 381 1379 54 1091 1671 1749
195 306 1379 1251 1671 54 1379 1423 1671 54 1379 1671 1749 1251 1671 381 1937 1423 1068 381
306 745 54 1251 195 381 1937 1251 195 210 1379 1379 195 210 1379 1423 195 210 1379 195
1320 1692 1423 1068 472 1692 1423 306 1749 1251 1068 210 1379 1423 1068 210 1379 1379 1068 210
1423 1068 472 1692 1423 195 1749 1251 1563 210 1379 1423 1068 381 1379 1379 1563 210 1379 381
1379 1379 1068 210 1379 1423 1068 306 1379 195 1749 1251 1068 381 1937 1251 1068 381 1937 1251
54 1379 1423 1563 307 107 1091 1637 54 1379 1423 1068 381 1379 54 1091 1671 1749 1379 1068
107 254 254 206 1251 1671 1320 1692 1423 1563 745 1692 1423 1671 1749 1251 1068 210 1379 1423
1068 472 1692 1423 1671 1749 1379 1068 54 1379 472 1563 307 107 1091 1637 54 1379 1423 1068
386 778 1245 1637 107 254 254 206 1251 195 1320 1692 1423 1068 472 1692 1423 306 1749 1251
1253 911 778 1245 1637 107 254 254 206 1251 195 1320 54 1423 306 745 54 1251 195 381
210 1379 1423 1563 1068 1379 1671 1749 1379 1068 381 1937 1423 1068 381 1937 1251 195 381 1937
210 1379 1423 1068 210 1379 1379 1068 306 1379 195 1749 1379 1068 381 1937 1423 1068 381 1937
778 1245 1637 107 254 206 1251 195 1320 1692 1379 1671 745 1692 1251 1563 1749 1423 1068 54
1423 1068 472 1692 1423 306 1749 1251 1068 210 1379 1423 1068 210 1379 1379 1068 210 1379 195
1068 472 1692 1423 1671 1749 1251 1068 210 1379 1423 1068 210 1379 254 1423 1068 306 1379 195
307 1091 107 54 1251 1671 1320 54 1251 1068 472 54 1251 1671 1749 1251 1068 210 1379 1379
254 206 1251 195 1320 1068 1251 1379 54 1068 1251 1671 1749 1423 195 210 1379 1251 1671 54
386 254 1637 254 1253 911 778 1245 254 307 1091 307 1091 1637 107 1253 254 206 1251 195
307 1091 210 1379 1379 1068 54 1379 1671 1749 1320 1671 381 1937 1379 1068 307 1091 307 1091
1692 472 1671 1749 1379 1068 210 1379 1379 1068 307 1091 307 1091 210 1379 1379 1068 54 1379
1637 107 254 206 1251 195 1320 1692 1423 1068 745 1692 1423 306 1749 1251 1068 210 1379 1251
1749 1251 1671 210 1251 1251 306 210 1251 1423 1671 1563 1251 195 1749 1320 195 381 1937 1251
1423 195 210 1379 195 1749 1423 195 381 1937 1423 195 381 1937 1251 195 381 1937 1251 195
1091 1637 107 1253 254 206 1251 195 1320 1563 1423 1563 745 1563 1423 195 1749 1251 1563 210
1379 1563 1068 1379 1671 1749 1423 1671 381 1937 1423 1068 381 1937 1251 1563 381 1937 1251 1563
1245 386 386 778 1245 1637 107 254 254 206 1251 195 1320 1692 1423 1068 472 1692 1423 306
210 1379 1423 1068 306 1379 254 1423 1068 306 1379 195 1749 1379 1068 381 1937 1423 1068 381
54 1937 1068 472 1692 1423 1671 1749 1251 1563 210 1379 1251 1563 210 1379 1251 1671 54 1251
1749 1251 1068 210 1379 1251 1563 210 1379 1423 1563 1068 1379 195 1749 1251 1671 381 1937 1379
472 1692 1423 306 1749 1251 1068 210 1379 1423 1068 210 1379 1379 1068 210 1379 195 1749 1320
195 1749 1251 1068 210 1379 1423 1068 210 1379 1379 1068 306 1379 195 1749 1379 1068 381 1937
1423 195 1749 1251 1563 210 1379 1251 1068 210 1379 1423 1563 1068 1379 1671 1749 1379 1068 381
306 1379 1251 1671 54 1379 1423 1671 54 1379 1671 1749 1251 1671 381 1937 1423 1068 381 1937
386 386 778 1245 1637 107 254 254 54 1251 1671 254 472 1692 1379 1068 472 1692 1423 1671
1671 54 1379 1423 1671 54 1379 1671 1749 1423 1671 381 1937 1423 1068 381 1937 1251 1563 381
1245 1637 107 254 254 206 1251 195 1320 1692 1423 1068 472 1692 1423 195 1749 1251 1563 210
1692 1423 1068 745 1692 1423 306 1749 1251 1068 210 1379 1251 1068 254 210 1379 1379 1563 1068
107 1637 107 254 54 254 54 1251 195 1320 1692 1251 1671 745 1692 1423 1671 1749 1379 1068
254 1637 254 1253 911 778 1245 254 307 1091 307 1091 1637 107 1253 254 206 1251 195 1320
1749 1251 1068 210 1379 1423 1068 54 1379 1251 1671 54 1379 1671 1749 1379 1068 381 1937 1423
1749 1251 1563 210 1379 1251 1563 210 1379 1251 1671 54 1379 195 1749 1251 306 381 1937 1423
54 1251 195 1320 1692 1423 1068 472 1692 1423 306 1749 1251 1068 210 1379 1423 1068 210 1379
1068 210 1379 1423 1068 54 1379 1423 1671 54 1379 1671 1749 1379 1068 381 1937 1423 1671 381
54 1423 1671 1749 1251 1068 210 1379 1379 1068 307 1091 307 1091 210 1379 1379 1068 54 1379
