1126 1126 1126 1063 1012 1063 424 25 2674 3150 528 528 3150 528 1012 1063 1063 1126 1126 581
2674 3150 528 528 3150 528 1012 1063 581 3011 3011 4543 4543 2422 424 25 2674 3150 528 528
3150 528 1012 1063 581 3011 3011 4543 4543 4543 424 25 2674 3150 528 528 3150 528 2127 25
424 25 2674 3150 528 528 3150 528 2127 25 581 4049 2127 25 499 499 499 499 499 499
1126 1063 1012 424 25 2674 3150 528 528 3150 528 1012 1063 581 3011 3011 4543 4543 2422 424
1771 470 1771 664 3789 2422 664 3789 2490 2490 2490 2490 2490 2674 4350 3150 470 2674 1771 3509
1063 424 25 2674 3150 528 528 3150 528 1012 1063 1063 1126 1126 581 3011 3011 3011 3011 4543
424 25 2674 3150 528 528 3150 528 1012 1063 1063 1126 1126 581 3011 3011 3011 3011 4543 4543
1063 3789 664 2490 2490 2490 2490 2674 3509 1771 470 2674 1771 3509 1771 470 2674 4350 1771 1771
3150 528 528 3150 528 1012 1063 581 3011 3011 3011 3011 4543 4543 2422 424 25 2674 3150 528
4543 4543 4543 424 25 2674 3150 528 528 1506 1506 528 2127 25 581 4049 2127 25 3509 3509
499 499 499 499 499 499 2422 664 664 3789 1063 1063 1012 1730 1730 1730 1730 1730 1730 1730
3509 3509 2422 664 664 3789 1063 3789 664 664 664 664 664 2674 3509 1771 470 2674 1771 3509
25 499 4049 499 499 664 664 3789 2422 1063 3789 2490 2490 2490 2490 2490 2674 4350 3150 470
3011 3011 3011 4543 4543 2422 424 25 2674 3150 528 528 3150 528 2127 25 581 4049 2127 25
1126 1063 1012 424 25 2674 3150 528 528 3150 528 1012 1063 581 3011 3011 4543 4543 2422 424
3789 1012 1063 1838 664 1063 3789 2490 2490 664 664 664 2674 4350 1771 470 2674 1771 1838 1771
3011 4543 4543 2422 424 25 2674 3150 528 528 1506 1506 528 2127 25 581 4049 2127 25 3509
664 664 2422 3789 3789 2490 2490 2490 2490 2490 2674 4350 3150 470 2674 1771 4350 4350 1771 470
3011 1126 1126 1063 1012 424 25 2674 3150 528 528 3150 528 1012 1063 581 3011 3011 4543 4543
4049 2127 25 3509 3509 3509 664 664 4543 3789 1063 3789 664 664 664 664 664 2674 4350 1771
1771 1771 470 1771 664 3789 2422 664 3789 2490 2490 2490 2490 2490 2674 4350 1771 470 2674 1771
25 2674 3150 528 528 3150 528 2127 25 581 4049 2127 25 3509 3509 3509 4543 664 664 3789
4858 4858 4858 4858 4858 4858 4858 4858 4858 1063 3150 1838 1506 1126 2422 1838 2422 1506 1506 2422
2674 3150 528 528 1506 1506 528 2127 25 581 4049 2127 25 3509 3509 3509 664 664 4543 3789
499 2422 664 664 3789 1012 1063 1063 3789 2490 2490 2490 2490 2490 2674 4350 3150 470 2674 1771
424 25 2674 3150 528 528 3150 528 1012 1063 581 3011 3011 4543 4543 2422 424 25 2674 3150
3011 4543 4543 4543 424 25 2674 3150 528 528 1506 1506 528 2127 25 581 1838 25 499 4049
1126 4543 4543 1838 4543 1506 1506 4543 3150 2674 1506 1126 4543 1838 4543 1506 1506 4543 4858 4858
528 1012 1063 581 3011 3011 4543 4543 4543 424 25 2674 3150 528 528 3150 528 2127 25 581
2422 2490 1506 1506 2422 2674 4350 4350 3150 470 2674 1771 4350 4350 1771 470 4350 4350 2674 1771
528 528 3150 528 1012 1063 581 3011 3011 4543 4543 2422 424 25 2674 3150 528 528 1506 1506
4543 1838 2422 2490 1506 1506 2422 2674 4350 4350 1771 470 2674 1771 4350 4350 1771 470 4350 4350
2422 1771 1771 2422 4858 4858 4858 4858 4858 4858 4858 4858 4858 4858 3789 2490 2490 2490 1771 2674
3509 2422 664 664 3789 1012 1063 4543 664 1063 3789 664 2490 664 664 664 2674 4350 1771 470
2674 3509 3509 1838 1838 1506 1506 1506 4543 1771 3789 1063 4543 664 3789 1012 1063 1012 3011 664
664 664 2674 3509 3150 470 2674 1771 3509 3509 1771 2422 1838 1771 1771 2422 1771 664 3789 1012
664 3789 1063 3789 2490 2490 2490 2490 2490 2674 4350 1771 470 2674 1771 4350 4350 1771 470 2674
3011 1126 1126 1063 1012 424 25 2674 3150 528 528 3150 528 1012 1063 581 581 3011 3011 4543
1126 1126 1063 1012 424 25 2674 3150 528 528 3150 528 1012 1063 581 3011 3011 4543 4543 4543
3509 1771 4543 2674 1771 3509 3509 1771 470 1838 1771 1771 470 1771 664 3789 1012 1063 4543 4543
1506 4543 1771 2674 3509 3509 2674 1838 1506 1506 1506 4543 1771 3789 1063 4543 664 3789 1012 1063
1063 424 25 2674 3150 528 528 3150 528 1012 1063 581 3011 3011 3011 3011 4543 4543 2422 424
664 4543 3789 1063 3789 664 664 664 664 664 2674 4350 1771 470 2674 1771 3509 3509 1771 470
664 2490 2490 2674 4350 1771 470 2674 1771 3509 3509 1771 470 2674 1771 1771 470 1771 664 3789
2127 25 499 4049 499 499 2422 664 664 3789 1012 1063 1063 3789 2490 2490 2490 2490 2490 2674
1012 1063 581 3011 3011 3011 3011 4543 4543 2422 424 25 2674 3150 528 528 3150 528 2127 25
4858 4858 4858 4858 3150 2674 1506 1506 1126 4543 4543 1838 4543 1506 1506 4543 3150 2674 1506 1126
2674 1838 1771 1506 1506 470 1771 3789 1063 4543 664 3789 1012 1063 1063 3011 664 4543 3789 664
1012 1063 581 3011 3011 4543 4543 2422 424 25 2674 3150 528 528 3150 528 2127 25 581 4049
1012 3011 1126 1126 1126 1126 1063 1012 1063 424 25 2674 3150 528 528 3150 528 1012 1063 1063
1126 1126 1063 1012 1063 424 25 2674 3150 528 528 3150 528 1012 1063 1063 1126 1126 581 3011
25 581 2127 25 499 4049 499 499 2422 664 664 3789 1012 1063 1063 3789 2490 2490 2490 2490
2422 664 664 3789 1063 1063 1012 4858 1730 4858 4858 4858 4858 4858 4858 4858 4858 1063 3150 1838
581 4049 2127 25 3509 3509 3509 664 664 4543 3789 1063 3789 664 664 664 664 664 2674 4350
2674 3150 528 528 3150 528 1012 1063 581 3011 3011 4543 4543 4543 424 25 2674 3150 528 528
3011 4543 2422 424 25 2674 3150 528 528 3150 528 2127 25 581 4049 2127 25 3509 3509 3509
2490 2490 2490 2490 2490 2674 4350 3150 470 2674 1771 3509 3509 1771 470 2674 1771 1771 470 1771
1771 664 3789 2422 2422 664 3789 2490 2490 2490 2490 2490 2674 4350 3509 3150 470 2674 1771 3509
528 528 3150 528 1012 1063 581 3011 3011 4543 4543 2422 424 25 2674 3150 528 528 3150 528
581 3011 3011 4543 2422 424 25 2674 3150 528 528 3150 528 2127 25 581 4049 2127 25 3509
25 581 4049 2127 25 499 499 499 2422 664 664 3789 1063 3789 2490 2490 2490 2490 2490 2674
3011 1126 1126 1126 1063 1012 424 25 2674 3150 528 528 3150 528 1012 1063 581 3011 3011 4543
528 3150 528 2127 25 581 4049 2127 25 499 499 499 499 499 499 4543 664 664 3789 1063
2127 25 499 499 499 2422 664 664 3789 1063 3789 2490 2490 2490 2490 2490 2674 4350 1771 470
4049 499 499 664 664 3789 4543 1063 1063 1012 2127 4858 4858 1730 1730 1730 4858 4858 4858 4858
1063 581 3011 3011 4543 4543 4543 424 25 2674 3150 528 528 1506 1506 528 2127 25 581 1838
3011 1126 1126 1126 1126 1063 1012 1063 424 25 2674 3150 528 528 3150 528 1012 1063 1063 1126
3150 528 528 1506 1506 528 2127 25 581 2127 25 499 4049 499 499 4543 664 664 3789 1012
4858 1730 4858 4858 4858 4858 4858 4858 4858 3150 2674 1506 1506 1126 2422 2422 1838 4543 1506 1506
499 499 499 2422 664 664 3789 1063 3789 2490 2490 2490 2490 2490 2674 4350 1771 470 2674 1771
424 25 2674 3150 528 528 1506 1506 528 2127 25 581 4049 2127 25 3509 3509 3509 4543 664
499 499 499 499 499 499 4543 664 664 3789 1063 1063 1012 4858 1012 4858 1730 1730 1730 1730
4543 664 3789 1012 1063 1063 1063 664 2422 3789 2490 664 664 664 664 2674 4350 499 3150 470
528 1012 1063 581 3011 3011 4543 4543 2422 424 25 2674 3150 528 528 3150 528 2127 25 581
2422 664 664 3789 1063 3789 664 2490 2490 2490 2490 2674 4350 1771 470 2674 1771 3509 3509 1771
2674 3150 528 528 3150 528 2127 25 581 4049 2127 25 499 499 499 499 499 499 4543 664
4543 1063 1012 424 25 2674 3150 528 528 1506 1506 528 2127 25 581 4049 2127 25 3509 3509
1126 1063 1012 424 25 2674 3150 528 528 3150 528 1012 1063 581 3011 3011 4543 4543 2422 424
3011 1012 3011 1126 1126 1126 1126 1063 1012 1063 424 25 2674 3150 528 528 3150 528 1012 1063
3011 4543 4543 4543 424 25 2674 3150 528 528 3150 528 2127 25 581 4049 2127 25 3509 3509
528 3150 528 1012 1063 581 3011 3011 4543 4543 2422 424 25 2674 3150 528 528 1506 1506 528
581 3011 3011 4543 4543 4543 424 25 2674 3150 528 528 3150 528 2127 25 581 4049 2127 25
4858 4858 4858 4858 4858 4858 4858 3150 2674 1506 1506 1126 4543 4543 1838 4543 1506 1506 4543 3150
2490 2674 499 1771 470 2674 1771 3509 1771 470 2674 4350 1771 1771 470 1771 664 3789 2422 664
2422 424 25 2674 3150 528 528 3150 528 2127 25 581 4049 2127 25 3509 3509 3509 2422 664
3789 2422 1063 3789 2490 2490 2490 2490 2490 2674 4350 3150 470 2674 1771 4350 1771 2674 4350 470
499 499 499 499 499 2422 664 664 3789 1063 1063 1012 1730 1730 1730 1730 1730 1730 1730 1730
528 528 3150 528 2127 25 581 4049 2127 25 499 499 499 1063 664 664 2422 3789 3789 2490
664 3789 2422 664 3789 2490 2490 2490 2490 2490 2674 4350 3150 470 2674 1771 3509 3509 1771 470
4543 4543 2422 424 25 2674 3150 528 528 3150 528 2127 25 581 4049 2127 25 3509 3509 3509
528 528 3150 528 1012 1063 581 3011 3011 4543 4543 2422 424 25 2674 3150 528 528 1506 1506
1012 1063 581 3011 3011 3011 3011 4543 4543 2422 424 25 2674 3150 528 528 3150 528 2127 25
25 499 499 499 499 4049 499 499 664 664 3789 4543 1063 1063 1012 1838 4858 4858 1730 1730
1063 1012 4858 1012 4858 4858 4858 4858 1730 4858 1730 4858 1730 3150 2674 1506 1506 1126 4543 4543
424 25 2674 3150 528 528 3150 528 1012 1063 581 3011 3011 4543 4543 4543 424 25 2674 3150
3150 528 1012 1063 581 3011 3011 4543 4543 2422 424 25 2674 3150 528 528 1506 1506 528 2127
4543 4543 1838 4543 1506 1506 4543 3150 2674 1506 1126 4543 1838 4543 1506 1506 4543 4858 4858 4858
528 528 1506 1506 528 2127 25 581 4049 2127 25 3509 3509 3509 4543 664 664 3789 1012 1063
1126 4543 664 4543 1838 4543 1506 4350 1506 4543 1506 2422 1838 4543 1506 3150 4543 2422 664 3150
25 2674 3150 528 528 1506 1506 528 2127 25 581 2127 25 499 499 499 499 4049 499 499
1126 1126 1126 1126 1063 1012 1063 424 25 2674 3150 528 528 3150 528 1012 1063 581 3011 3011
4858 4858 4858 4858 1730 3789 2490 2490 664 664 664 2674 4350 3509 1771 470 2674 1771 3150 2674
528 3150 528 2127 25 581 4049 1838 25 499 499 499 4543 664 664 3789 1063 3789 2490 2490
1126 4543 664 4543 1838 4543 1506 4350 1506 4543 1506 2422 1838 4543 1506 3150 4543 2422 664 3150
1063 1012 424 25 2674 3150 528 528 3150 528 1012 1063 581 3011 3011 4543 4543 2422 424 25
1012 1063 581 3011 3011 4543 4543 4543 424 25 2674 3150 528 528 1506 1506 528 2127 25 581
1012 1063 581 3011 3011 4543 4543 2422 424 25 2674 3150 528 528 3150 528 2127 25 581 4049
4350 470 1771 1771 470 1771 664 3789 2422 664 3789 2490 2490 2490 2490 2490 2674 4350 3150 470
2490 2490 2674 4350 3150 470 2674 1771 4350 1771 470 4350 470 470 1771 1771 1771 470 1771 3789
664 664 3789 1012 1063 1063 3789 2490 2490 2490 2490 2490 2674 4350 1771 470 2674 1771 3509 1771
25 581 4049 2127 25 3509 3509 3509 2422 664 664 3789 1063 3789 664 2490 664 2490 2490 2674
3011 3011 4543 4543 2422 424 25 2674 3150 528 528 3150 528 2127 25 581 4049 2127 25 499
25 581 1838 25 499 4049 499 499 664 664 3789 2422 1063 3789 2490 2490 2490 2490 2490 2674
3150 528 2127 25 581 4049 2127 25 499 499 499 2422 664 664 3789 1063 3789 2490 2490 2490
1506 1126 4543 1838 4543 1506 1506 2422 1730 4858 4858 4858 4858 4858 4858 4858 4858 4858 3150 2674
2490 2490 2490 2490 2490 2674 4350 1771 470 2674 1771 4350 1771 470 4350 2674 1771 1771 470 1771
4543 1506 1506 4543 3150 2674 1506 1126 4543 1838 4543 1506 1506 4543 4858 4858 4858 4858 4858 4858
3011 3011 4543 4543 2422 424 25 2674 3150 528 528 3150 528 2127 25 581 4049 2127 25 499
1063 1063 1012 4858 4858 4858 4858 4858 4858 4858 4858 4858 4858 1063 3150 1838 1506 1126 2422 1838
2490 664 2490 2490 2674 4350 1771 470 2674 1771 3509 3509 1771 470 2674 1771 1771 470 1771 664
1063 4543 664 3789 1012 1063 1063 1063 664 2422 3789 2490 664 664 664 664 2674 4350 499 3150
4543 3789 1063 3789 664 664 664 664 664 2674 4350 1771 470 2674 1771 3509 3509 1771 470 1838
4543 2422 424 25 2674 3150 528 528 3150 528 2127 25 581 4049 2127 25 499 499 499 4543
4350 1771 1771 470 1771 664 3789 2422 664 3789 2490 2490 2490 2490 2490 2674 4350 3150 470 2674
499 1838 4543 1506 1506 4543 1771 2674 3509 3509 1838 1838 1771 1506 1506 4543 1771 3789 1063 4543
581 581 3011 3011 4543 2422 1063 1012 424 25 2674 3150 528 528 3150 528 2127 25 581 4049
25 2674 3150 528 528 3150 528 2127 25 581 4049 2127 25 3509 3509 3509 664 664 4543 3789
4858 4858 4858 4858 1730 3789 2490 2490 664 664 664 2674 4350 3509 1771 470 2674 1771 3150 2674
1506 1126 4543 3509 3509 1838 4543 1506 1506 4543 1771 2674 3509 3509 1838 1771 1506 1506 1506 4543
424 25 2674 3150 528 528 1506 1506 528 2127 25 581 4049 2127 25 3509 3509 3509 4543 664
499 499 499 2422 664 664 3789 1063 1063 1012 4858 1730 4858 4858 4858 4858 4858 4858 4858 4858
1012 4858 4858 4858 4858 4858 4858 4858 4858 4858 3150 2674 1506 1506 1126 2422 2422 1838 4543 1506
528 528 1506 1506 528 1012 1063 581 3011 3011 4543 4543 4543 424 25 2674 3150 528 528 3150
1730 4858 4858 4858 4858 1063 3150 2674 1506 1126 4543 1838 4543 1506 1506 4543 4858 4858 4858 4858
424 25 2674 3150 528 528 3150 528 1012 1063 581 3011 3011 4543 4543 4543 424 25 2674 3150
1126 1506 4543 1506 4543 1838 4543 1506 1506 4543 2422 664 3150 2674 1506 1126 2422 1838 2422 1506
499 499 1838 1838 1506 1506 1506 4543 1771 3789 1063 4543 664 3789 1012 1063 1012 3011 664 4543
1063 1012 424 25 2674 3150 528 528 1506 1506 528 2127 25 581 2127 25 499 499 499 499
4858 1730 4858 4858 4858 4858 4858 4858 4858 3150 2674 1506 1506 1126 2422 2422 1838 4543 1506 1506
3150 2674 1506 1126 4543 1838 4543 1506 1506 4543 4858 4858 4858 4858 4858 4858 4858 4858 4858 4858
581 3011 3011 4543 2422 1063 1012 424 25 2674 3150 528 528 3150 528 2127 25 581 4049 2127
4543 4543 424 25 2674 3150 528 528 3150 528 2127 25 581 4049 2127 25 3509 3509 3509 4543
4350 1771 470 4350 4350 2674 1771 1771 470 1771 664 3789 2422 2422 664 3789 2490 2490 2490 2490
424 25 2674 3150 528 528 3150 528 2127 25 581 4049 2127 25 3509 3509 3509 664 4858 4543
528 3150 528 2127 25 581 4049 2127 25 499 499 499 2422 664 664 3789 1063 3789 2490 2490
2490 2490 2674 4350 3150 470 2674 1771 4350 1771 470 4350 2674 1771 1771 470 1771 664 3789 2422
4858 4858 4858 4858 4858 4858 4858 4858 3789 2490 2490 2490 1771 2674 1506 1126 2422 1838 2422 2490
3011 3011 4543 4543 2422 424 25 2674 3150 528 528 3150 528 2127 25 581 4049 2127 25 499
424 25 2674 3150 528 528 3150 528 1012 1063 581 3011 3011 4543 4543 4543 4543 1063 1012 424
1012 1063 581 3011 3011 4543 4543 4543 424 25 2674 3150 528 528 1506 1506 528 2127 25 581
1771 470 2674 1771 3509 1771 470 2674 4350 1771 1771 470 1771 664 3789 2422 664 3789 2490 2490
499 4543 664 664 3789 1063 1063 1012 4858 1012 4858 1730 1730 1730 1730 1730 1730 4858 1730 3150
3150 528 528 3150 528 1012 1063 581 3011 3011 4543 4543 4543 424 25 2674 3150 528 528 3150
25 2674 3150 528 528 3150 528 2127 25 581 4049 2127 25 3509 3509 3509 4543 664 664 3789
3011 1126 1126 1126 1126 1063 1012 1063 424 25 2674 3150 528 528 3150 528 1012 1063 581 3011
1126 1126 1126 1126 1063 1012 1063 424 25 2674 3150 528 528 3150 528 1012 1063 1063 1126 1126
1730 4858 4858 4858 4858 4858 4858 4858 4858 4858 3789 2490 2490 2490 1771 2674 1506 1126 2422 1838
1126 1126 1063 1012 424 25 2674 3150 528 528 3150 528 1012 1063 581 3011 3011 4543 4543 2422
3011 1012 3011 1126 1126 1126 1126 1063 1012 1063 424 25 2674 3150 528 528 3150 528 1012 1063
528 1506 1506 528 1012 1063 581 3011 3011 4543 4543 4543 424 25 2674 3150 528 528 3150 528
581 3011 3011 3011 3011 4543 4543 2422 1063 1012 2422 424 25 2674 3150 528 528 3150 528 2127
4543 2674 1771 3150 2674 1506 1126 4543 3509 3509 1838 4543 1506 1506 4543 1771 2674 3509 3509 3150
3011 1012 3011 1126 1126 1126 1126 1063 1012 1063 424 25 2674 3150 528 528 3150 528 1012 1063
3150 528 528 1506 1506 528 2127 25 581 4049 2127 25 3509 3509 3509 4543 664 664 3789 3789
1126 1126 1063 1012 1063 424 25 2674 3150 528 528 3150 528 1012 1063 581 3011 3011 3011 3011
664 664 3789 1063 1063 1012 4858 1730 4858 4858 4858 4858 4858 4858 4858 4858 1063 3150 1838 1506
1063 581 3011 3011 4543 4543 4543 424 25 2674 3150 528 528 3150 528 2127 25 581 4049 2127
25 2674 3150 528 528 3150 528 1012 1063 581 3011 3011 3011 3011 4543 4543 4543 424 25 2674
2127 25 581 4049 2127 25 499 499 499 1063 664 664 2422 3789 3789 2490 2490 2490 2490 2490
528 528 3150 528 2127 25 581 4049 2127 25 499 499 499 1063 664 664 2422 3789 3789 2490
581 3011 3011 4543 4543 4543 424 25 2674 3150 528 528 1506 1506 528 2127 25 581 1838 25
3150 528 2127 25 581 4049 2127 25 3509 3509 3509 2422 664 664 3789 1063 3789 664 664 664
424 25 2674 3150 528 528 3150 528 2127 25 581 4049 2127 25 3509 3509 3509 4543 664 664
2127 25 581 4049 2127 25 3509 3509 3509 2422 664 664 3789 1063 3789 664 2490 2490 2490 2490
1838 4543 1506 1506 2422 4858 4858 4858 4858 4858 4858 4858 4858 4858 4858 3150 2674 1506 1126 4543
1126 581 3011 3011 3011 3011 4543 4543 2422 1063 1012 4543 424 25 2674 3150 528 528 3150 528
25 499 499 499 2422 664 664 3789 1063 3789 2490 2490 2490 2490 2490 2674 4350 1771 470 2674
2674 1771 664 1771 470 3509 2674 1771 1771 4543 1771 664 3789 1012 1063 2422 664 2127 25 2674
3150 528 1012 1063 581 3011 3011 4543 4543 4543 424 25 2674 3150 528 528 3150 528 2127 25
664 3789 2422 2422 664 3789 2490 2490 2490 2490 2490 2674 4350 3509 3150 470 2674 1771 3509 1838
499 499 499 499 4543 664 664 3789 1063 1063 1012 4858 1012 4858 1730 1730 1730 1730 1730 1730
25 581 4049 2127 25 499 499 499 1063 664 664 2422 3789 3789 2490 2490 2490 2490 2490 2674
1063 3789 2490 2490 2490 2490 2490 2674 4350 1771 470 2674 1771 4350 4350 1771 470 2674 1771 1771
4543 4543 2422 424 25 2674 3150 528 528 3150 528 2127 25 581 4049 2127 25 3509 3509 3509
25 581 4049 2127 25 499 499 499 499 499 499 4543 664 664 3789 1063 1063 1012 1730 1730
1506 1506 4543 1730 4858 4858 4858 4858 4858 4858 4858 4858 1730 1126 2490 664 664 664 664 2674
1506 1126 4543 1838 4543 1506 1506 2422 1730 4858 4858 4858 4858 4858 4858 4858 4858 4858 3150 2674
581 3011 3011 4543 4543 4543 424 25 2674 3150 528 528 3150 528 2127 25 581 4049 2127 25
25 581 4049 2127 25 499 499 499 499 499 499 4543 664 664 3789 1063 1063 1012 4858 1012
1126 1126 1063 1012 424 25 2674 3150 528 528 3150 528 1012 1063 581 3011 3011 4543 4543 4543
528 528 3150 528 1012 1063 581 3011 3011 4543 4543 2422 424 25 2674 3150 528 528 3150 528
3509 3509 2422 664 664 3789 3789 664 664 664 664 664 2674 3509 1771 470 2674 1771 4350 1771
1730 4858 4858 4858 4858 4858 4858 4858 1730 3789 2490 664 664 664 664 2674 4350 499 1771 470
4543 4543 4543 4543 1063 1012 424 25 2674 3150 528 528 1506 1506 528 2127 25 581 1838 25
1126 25 499 499 499 2422 664 664 3789 1063 3789 2490 2490 2490 2490 2490 2674 4350 3150 470
1771 3789 1063 2422 664 3789 1012 1063 1063 1063 664 2422 3789 2490 664 664 664 664 2674 4350
1771 664 3789 2422 664 3789 2490 2490 2490 2490 2490 2674 4350 3150 470 2674 1771 3509 3509 1771
2127 25 581 4049 2127 25 3509 3509 3509 664 664 4543 3789 1063 3789 1012 1063 4543 2422 2127
1838 4543 1506 1506 1506 4543 1506 4543 1838 4543 1506 3150 4543 2422 664 3150 2674 1506 1126 2422
1730 4858 4858 4858 4858 1063 3150 2674 1506 1126 4543 1838 4543 1506 1506 4543 4858 4858 4858 4858
4858 4858 4858 3150 2674 1506 1126 4543 664 4543 1838 2422 1506 3150 1506 4543 1506 2422 1838 4543
4858 4858 4858 1063 3150 1838 1506 1126 2422 1838 2422 1506 1506 2422 4858 4858 4858 4858 4858 4858
4543 1506 4543 1838 4543 1506 3150 4543 2422 664 3150 2674 1506 1126 2422 1838 2422 1506 1506 2422
2490 2490 2490 2490 2490 2674 4350 3150 470 2674 1771 4350 1771 470 4350 470 470 1771 1771 1771
2127 25 581 4049 2127 25 499 499 499 499 499 499 4543 664 664 3789 1063 1063 1012 4858
1506 1126 4543 3509 3509 1838 4543 1506 1506 4543 1771 2674 3509 3509 1838 1771 1506 1506 1506 4543
3509 3509 3509 2422 664 664 3789 1012 1063 1063 3789 2490 2490 2490 2490 2490 2674 4350 1771 470
1126 1063 1012 424 25 2674 3150 528 528 3150 528 1012 1063 581 3011 3011 4543 4543 2422 424
25 3509 3509 3509 2422 664 664 3789 3789 664 664 664 664 664 2674 3509 1771 470 2674 1771
581 4049 2127 25 499 499 499 499 499 499 2422 664 664 3789 1063 1063 1012 4858 1730 4858
4858 4858 4858 4858 1730 3789 2490 2490 664 664 664 2674 4350 3509 1771 470 2674 1771 3150 2674
3011 1126 1126 1063 1012 424 25 2674 3150 528 528 3150 528 1012 1063 581 3011 3011 4543 4543
2490 2674 4350 3150 470 2674 1771 4350 4350 1771 470 2674 1771 1771 470 1771 664 3789 1012 1063
1063 3789 664 664 664 664 664 2674 4350 1771 470 2674 1771 3509 3509 1771 470 1838 1771 1771
3011 3011 1126 1126 1126 1063 1012 424 25 2674 3150 528 528 3150 528 1012 1063 581 3011 3011
2422 424 25 2674 3150 528 528 1506 1506 528 2127 25 581 4049 2127 25 3509 3509 3509 4543
1126 1126 1063 1012 424 25 2674 3150 528 528 3150 528 1012 1063 581 3011 3011 4543 4543 2422
1730 4858 4858 4858 4858 4858 4858 4858 1730 3789 2490 664 664 664 664 2674 4350 499 1771 470
1063 581 3011 3011 4543 4543 4543 4543 424 25 2674 3150 528 528 1506 1506 528 2127 25 581
664 664 664 664 2674 4350 1771 470 2674 1771 3509 3509 1771 470 1838 1771 1771 470 1771 2422
3150 528 528 3150 528 2127 25 581 4049 2127 25 499 499 499 499 499 499 4543 664 664
25 581 4049 2127 25 499 499 499 2422 664 664 3789 1063 3789 2490 2490 2490 2490 2490 2674
2422 664 664 3789 1063 3789 664 664 664 664 664 2674 3509 1771 470 2674 1771 3509 3509 1771
1063 1012 424 25 2674 3150 528 528 3150 528 1012 1063 581 3011 3011 4543 4543 4543 424 25
1126 1126 1126 1063 1012 1063 424 25 2674 3150 528 528 3150 528 1012 1063 581 3011 3011 3011
664 3789 2490 2490 2490 2490 2490 2674 4350 499 3150 470 2674 1771 3509 499 1771 470 1838 1838
1771 4350 4350 1771 470 4350 4350 2674 1771 1771 470 1771 664 3789 2422 2422 664 3789 2490 2490
2422 664 664 3789 1012 1063 1063 3789 2490 2490 2490 2490 2490 2674 4350 3150 470 2674 1771 4350
664 3789 1063 3789 2490 2490 2490 2490 2490 2674 4350 1771 470 2674 1771 4350 4350 1771 470 2674
4543 4543 4543 1063 1012 424 25 2674 3150 528 528 1506 1506 528 2127 25 581 1838 25 499
4049 2127 25 499 499 499 499 499 499 4543 664 664 3789 1063 1063 1012 4858 1012 4858 1730
4049 2127 25 499 499 499 2422 664 664 3789 1063 3789 2490 2490 2490 2490 2490 2674 4350 1771
1126 1126 1126 1126 1063 1012 1063 424 25 2674 3150 528 528 3150 528 1012 1063 1063 1126 1126
4543 4543 2422 424 25 2674 3150 528 528 3150 528 2127 25 581 4049 2127 25 499 499 499
499 499 499 499 2422 664 664 3789 1063 1063 1012 1730 1730 1730 1730 1730 1730 1730 1730 1730
664 3789 2422 2422 664 3789 2490 2490 2490 2490 2490 2674 4350 3509 3150 470 2674 1771 3509 1838
528 528 1506 1506 528 1012 1063 581 3011 3011 4543 4543 4543 424 25 2674 3150 528 528 3150
1771 470 1771 664 3789 2422 664 3789 2490 2490 2490 2490 2490 2674 4350 3150 470 2674 1771 3509
664 3789 1063 1063 1012 1730 1730 1730 1730 1730 1730 1730 1730 1730 1730 1063 3150 2674 1506 1126
4543 4543 1063 1012 424 25 2674 3150 528 528 1506 1506 528 2127 25 581 4049 2127 25 3509
4543 4543 2422 424 25 2674 3150 528 528 3150 528 2127 25 581 4049 2127 25 3509 3509 3509
4350 470 1771 1771 470 1771 664 3789 2422 2422 664 3789 2490 2490 2490 2490 2490 2674 4350 1838
1771 1771 1506 470 1771 3789 1063 4543 664 3789 1012 1063 1063 3011 664 4543 3789 664 664 664
499 4049 499 499 664 664 3789 4543 1063 1063 1012 2127 4858 4858 1730 1730 1730 4858 4858 4858
1063 1012 4858 1012 4858 4858 4858 4858 1730 4858 1730 4858 1730 3150 2674 1506 1506 1126 4543 4543
3011 1126 1126 1126 1063 1012 424 25 2674 3150 528 528 3150 528 1012 1063 581 3011 3011 4543
3150 470 2674 1771 3509 3509 1771 470 2674 1771 1771 470 1771 664 3789 2422 664 3789 2490 664
3789 1063 3789 664 2490 2490 2490 2490 2674 4350 1771 470 2674 1771 3509 3509 1771 470 2674 1771
424 25 2674 3150 528 528 3150 528 1012 1063 581 3011 3011 4543 4543 4543 424 25 2674 3150
3011 1126 1126 1126 1126 1063 1012 1063 424 25 2674 3150 528 528 3150 528 1012 1063 1063 1126
1730 1730 1730 1063 3150 2674 1506 1126 2422 1838 4543 1506 1506 2422 1730 4858 4858 4858 4858 4858
1506 4543 3150 2674 1506 1126 4543 1838 4543 1506 1506 4543 4858 4858 4858 4858 4858 4858 4858 4858
1730 4858 4858 4858 4858 1063 3150 2674 1506 1126 4543 1838 4543 1506 1506 4543 4858 4858 4858 4858
3150 528 528 3150 528 1012 1063 581 3011 3011 4543 4543 2422 424 25 2674 3150 528 528 3150
528 3150 528 1012 1063 581 3011 3011 2422 2422 2422 424 25 2674 3150 528 528 3150 528 2127
1126 1063 1012 1063 424 25 2674 3150 528 528 3150 528 1012 1063 1063 1126 1126 581 3011 3011
1012 1063 581 3011 3011 4543 4543 4543 424 25 2674 3150 528 528 3150 528 2127 25 581 4049
1838 4543 1506 1506 4543 3150 2674 1506 1126 4543 1838 4543 1506 1506 4543 4858 4858 4858 4858 4858
499 2422 664 664 3789 1063 3789 2490 2490 2490 2490 2490 2674 4350 3150 470 2674 1771 4350 4350
1063 424 25 2674 3150 528 528 3150 528 1012 1063 1063 1126 1126 581 3011 3011 3011 3011 4543
3011 3011 3011 3011 4543 4543 2422 424 25 2674 3150 528 528 3150 528 2127 25 581 4049 2127
4858 4858 3789 2490 2490 2490 2490 3150 2674 1506 1126 2422 1838 2422 2490 1506 1506 2422 2674 4350
499 4049 499 499 2422 664 664 3789 1012 1063 1063 3789 2490 2490 2490 2490 2490 2674 4350 3150
528 528 3150 528 2127 25 581 4049 2127 25 499 499 499 4543 664 664 3789 1063 3789 2490
3011 3011 3011 4543 4543 2422 1063 1012 2422 424 25 2674 3150 528 528 3150 528 2127 25 581
4858 4858 4858 4858 4858 4858 4858 4858 4858 3150 2674 1506 1126 4543 1838 4543 1838 2422 1506 3150
25 2674 3150 528 528 3150 528 1012 1063 1063 1126 1126 581 3011 3011 1012 3011 4543 4543 4543
2490 2490 2490 2674 4350 1771 470 2674 1771 4350 4350 1771 470 2674 1771 1771 470 1771 664 3789
25 581 2127 25 499 499 499 499 4049 499 499 664 664 3789 4543 1063 1063 1012 1838 4858
528 3150 528 1012 1063 581 3011 3011 2422 2422 424 25 2674 3150 528 528 3150 528 2127 25
1771 1771 2422 4858 4858 4858 4858 4858 4858 4858 4858 4858 4858 3789 2490 2490 2490 1771 2674 1506
1126 1126 581 3011 3011 3011 3011 4543 4543 4543 4543 1063 1012 424 25 2674 3150 528 528 1506
1126 1126 1063 1012 424 25 2674 3150 528 528 3150 528 1012 1063 581 3011 3011 4543 4543 4543
25 2674 3150 528 4543 3150 528 1012 1063 581 3011 3011 4543 4543 4543 424 25 2674 3150 528
1126 1126 1126 1126 1063 1012 1063 424 25 2674 3150 528 528 3150 528 1012 1063 1063 1126 1126
664 664 664 664 664 2674 4350 1771 470 2674 1771 3509 3509 1771 470 1838 1771 1771 470 1771
664 664 3789 1063 3789 664 664 664 664 664 2674 3509 1771 470 2674 1771 3509 3509 1771 470
3011 1012 3011 1126 1126 1126 1126 1063 1012 1063 424 25 2674 3150 528 528 3150 528 1012 1063
1506 1126 4543 3509 3509 1838 4543 1506 1506 4543 1771 2674 3509 3509 1838 1771 1506 1506 1506 4543
2674 1771 1771 470 1771 664 3789 2422 2422 664 3789 2490 2490 2490 2490 2490 2674 4350 1838 3150
2674 3150 528 528 3150 528 2127 25 581 4049 2127 25 499 499 499 499 499 499 4543 664
1838 1063 1063 3789 2490 2490 664 664 664 2674 4350 1771 470 2674 1771 4350 1771 470 3509 2674
3011 3011 1126 1126 1126 1126 1126 1126 1063 1012 424 25 2674 3150 528 528 3150 528 1012 1063
3150 528 2127 25 581 4049 2127 25 3509 3509 3509 664 664 4543 3789 1063 3789 664 664 664
528 2127 25 581 4049 2127 25 499 499 499 1063 664 664 2422 3789 3789 2490 2490 2490 2490
1063 424 25 2674 3150 528 528 3150 528 1012 1063 581 3011 3011 3011 3011 4543 4543 2422 424
25 2674 3150 528 528 3150 528 1012 1063 581 3011 3011 4543 4543 4543 4543 1063 1012 424 25
1063 1126 1126 581 3011 3011 3011 3011 4543 4543 4543 4543 1063 1012 424 25 2674 3150 528 528
3789 2490 2490 2490 2490 2490 2674 4350 3509 3150 470 2674 1771 3509 499 3509 1838 1771 470 2674
25 2674 3150 528 528 1506 1506 528 2127 25 581 2127 25 499 4049 499 499 4543 664 664
4543 1771 2674 3509 3509 2674 2674 1506 1506 1506 4543 1771 3789 1063 4543 664 3789 1012 1063 1012
664 664 664 2674 4350 499 3150 470 2674 1771 1126 2674 1506 1126 2422 3509 499 1838 4543 1506
3150 2674 1506 1126 4543 1838 4543 1506 1506 4543 4858 4858 4858 4858 4858 4858 4858 4858 4858 4858
1771 2674 1506 1126 4543 1838 2422 2490 1506 1506 2422 2490 2674 4350 4350 3150 470 2674 1771 4350
528 528 3150 528 2127 25 581 4049 2127 25 499 499 499 499 499 499 2422 664 664 3789
664 2490 664 664 2490 2674 4350 1771 470 2674 1506 4350 1771 470 3509 1838 1771 1771 470 1771
4350 3150 470 2674 1771 664 1771 470 3509 2674 1771 1771 470 1771 664 3789 1012 1063 2422 664
3150 528 528 3150 528 2127 25 581 4049 2127 25 499 499 499 4543 664 664 3789 1063 3789
4858 4858 4858 3789 2490 2490 2490 1771 2674 1506 1126 2422 1838 2422 2490 1506 1506 2422 2490 2674
581 3011 3011 3011 3011 4543 4543 2422 424 25 2674 3150 528 528 3150 528 2127 25 581 4049
1126 1126 1063 1012 424 25 2674 3150 528 528 1506 1506 528 1012 1063 581 3011 3011 4543 4543
25 3509 3509 3509 2422 664 664 3789 3789 664 664 664 664 664 2674 3509 1771 470 2674 1771
4858 4858 4858 4858 4858 4858 4858 4858 1063 3150 1838 1506 1126 2422 1838 2422 1506 1506 2422 4858
3789 1063 3789 664 2490 2490 2490 2490 2674 3509 1771 470 2674 1771 3509 1771 470 2674 4350 1771
3011 1012 3011 1126 1126 1126 1126 1063 1012 1063 424 25 2674 3150 528 528 3150 528 1012 1063
1771 3789 1063 2422 664 3789 1012 1063 1063 1063 664 2422 3789 2490 664 664 664 664 2674 4350
4858 4858 4858 1063 3150 2674 1506 1126 4543 1838 4543 1506 1506 4543 4858 4858 4858 4858 4858 4858
581 4049 2127 25 3509 3509 3509 664 664 2422 3789 1063 3789 664 664 664 664 664 2674 3509
1063 3789 664 664 664 664 664 2674 4350 1771 470 2674 1771 3509 3509 1771 470 1838 1771 1771
2490 664 664 664 2674 4350 1771 470 2674 1771 4350 1771 470 3509 2674 1771 1771 470 1771 664
3011 3011 1126 1126 1063 1012 424 25 2674 3150 528 528 3150 528 1012 1063 581 3011 3011 4543
664 2490 2490 2490 2490 2674 3509 1771 470 2674 1771 3509 1771 470 2674 4350 1771 1771 470 1771
528 3150 528 2127 25 581 4049 2127 25 499 499 499 2422 664 664 3789 1063 3789 2490 2490
1126 2674 3150 528 528 3150 528 1012 1063 581 3011 3011 3011 3011 4543 4543 4543 424 25 2674
528 1012 1063 581 3011 3011 4543 4543 2422 424 25 2674 3150 528 528 3150 528 2127 25 581
1126 1126 1063 1012 424 25 2674 3150 528 528 3150 528 1012 1063 581 3011 3011 4543 4543 4543
2674 4350 3150 2422 2674 1771 3509 3509 1771 2422 1838 1771 1771 2422 1771 2422 664 3789 2422 664
2674 3150 528 528 1506 1506 528 1012 1063 581 3011 3011 4543 4543 4543 424 25 2674 3150 528
4858 4858 4858 4858 1063 3150 2674 1506 1126 4543 1838 4543 1506 1506 4543 4858 4858 4858 4858 4858
1506 2674 3011 3011 1126 1126 1063 1012 424 25 2674 3150 528 528 3150 528 1012 1063 581 3011
470 2674 4350 1771 1771 470 1771 664 3789 2422 664 3789 2490 2490 2490 2490 2490 2674 4350 3150
1771 1771 470 1771 664 3789 2422 664 3789 2490 2490 2490 2490 2490 2674 4350 3150 470 2674 1771
1012 424 25 2674 3150 528 528 3150 528 1012 1063 581 3011 3011 4543 4543 2422 424 25 2674
2674 3150 528 528 3150 528 1012 1063 581 581 3011 3011 4543 2422 1063 1012 424 25 2674 3150
1126 1126 1063 1012 424 25 2674 3150 528 528 3150 528 1012 1063 581 3011 3011 4543 4543 4543
3011 1126 1126 1126 1126 1063 1012 1063 424 25 2674 3150 528 528 3150 528 1012 1063 1063 1126
1063 3150 1838 1506 1126 2422 1838 2422 1506 1506 2422 4858 4858 4858 4858 4858 4858 4858 4858 4858
2490 2490 2490 2490 2674 4350 3509 3150 470 470 1771 3509 3509 3509 3509 1771 470 2674 1771 1771
528 2127 25 581 4049 2127 25 499 499 499 1063 664 664 2422 3789 3789 2490 2490 2490 2490
25 499 499 499 499 499 499 4543 664 664 3789 1063 1063 1012 4858 1012 4858 1730 1730 1730
4858 4858 1730 3789 2490 664 664 664 664 2674 4350 3509 1771 470 2674 1771 3150 2674 1771 1126
3150 528 528 1506 1506 528 2127 25 581 4049 2127 25 3509 3509 3509 664 664 4543 3789 1063
2490 2674 4350 1771 470 2674 1771 3509 3509 1771 470 2674 1771 1771 470 1771 664 3789 2422 664
2490 2490 2490 2490 2674 4350 3150 470 470 1771 4350 4350 1771 470 2674 1771 1771 470 1771 664
1730 1730 1730 1730 1730 1063 3150 2674 1506 1126 2422 1838 4543 1506 1506 2422 1730 4858 4858 4858
1771 664 3789 2422 664 3789 2490 2490 2490 2490 2490 2674 4350 3150 470 2674 1771 3509 3509 1771
2127 25 581 4049 2127 25 3509 3509 3509 4543 664 664 3789 1012 1063 1838 664 1063 3789 664
3150 528 1012 1063 581 3011 3011 2422 2422 424 25 2674 3150 528 528 3150 528 2127 25 581
4858 4858 4858 3789 2490 2490 2490 2490 3150 2674 1506 1126 2422 1838 2422 2490 1506 1506 2422 2674
25 2674 3150 528 528 3150 528 1012 1063 581 581 3011 3011 4543 4543 1063 1012 424 25 2674
3150 528 2127 25 581 4049 2127 25 3509 3509 3509 664 664 4543 3789 1063 3789 664 664 664
1838 2422 1506 1771 2422 4858 4858 4858 4858 4858 4858 4858 4858 4858 4858 3789 2490 2490 2490 1771
2490 1506 1506 2422 2674 4350 4350 3150 470 2674 1771 4350 4350 1771 470 4350 4350 2674 1771 1771
25 2674 3150 528 528 3150 528 1012 1063 581 3011 3011 4543 4543 4543 4543 424 25 2674 3150
2674 1771 664 1771 470 3509 2674 1771 1771 4543 1771 664 3789 1012 1063 2422 664 2127 25 2674
581 3011 3011 3011 3011 4543 4543 4543 424 25 2674 3150 528 528 3150 528 2127 25 581 4049
499 499 499 2422 664 664 3789 1063 1063 1012 4858 1730 4858 4858 4858 4858 4858 4858 4858 4858
1063 3150 2674 1506 1126 4543 1838 4543 1506 1506 4543 4858 4858 4858 4858 4858 4858 4858 4858 4858
424 1126 2674 3150 528 528 3150 528 1012 1063 581 3011 3011 4543 4543 4543 424 25 2674 3150
3150 528 528 3150 528 2127 25 581 4049 2127 25 3509 3509 3509 4543 664 664 3789 1063 3789
581 3011 3011 4543 2422 1063 1012 424 25 2674 3150 528 528 3150 528 2127 25 581 4049 2127
3011 3011 3011 4543 4543 2422 424 25 2674 3150 528 528 3150 528 2127 25 581 4049 2127 25
2674 3150 528 528 3150 528 1012 1063 1063 1126 1126 581 3011 3011 1012 3011 4543 4543 4543 1063
1126 1063 1012 424 25 2674 3150 528 528 3150 528 1012 1063 581 3011 3011 4543 4543 4543 4543
2674 1771 4350 4350 1771 470 4350 4350 2674 1771 1771 470 1771 664 3789 2422 2422 664 3789 2490
424 25 2674 3150 528 528 3150 528 1012 1063 581 3011 3011 2422 2422 424 25 2674 3150 528
3011 1126 1126 1063 1012 424 25 2674 3150 528 528 3150 528 1012 1063 581 3011 3011 4543 4543
1063 1126 1126 581 3011 3011 3011 3011 4543 4543 4543 4543 1063 1012 424 25 2674 3150 528 528
528 3150 528 2127 25 581 4049 2127 25 499 499 499 499 499 499 4543 664 664 3789 1063
3150 528 528 3150 528 1012 1063 581 3011 3011 4543 4543 2422 424 25 2674 3150 528 528 3150
25 2674 3150 528 528 3150 528 1012 1063 581 3011 3011 4543 4543 2422 424 25 2674 3150 528
25 499 499 499 499 499 499 2422 664 664 3789 1063 1063 1012 1730 1730 1730 1730 1730 1730
1506 4543 1506 4543 1838 4543 1506 3150 4543 2422 664 3150 2674 1506 1126 2422 1838 2422 1506 1506
3509 3509 3509 2422 664 664 3789 1063 3789 664 2490 664 2490 2490 2674 4350 1771 470 2674 1771
470 2674 1771 1771 470 1771 664 3789 2422 664 3789 2490 2490 2490 2490 2490 2674 4350 3150 470
1126 1063 1012 424 25 2674 3150 528 528 3150 528 1012 1063 581 3011 3011 4543 4543 4543 424
1771 470 2674 1771 4350 1771 470 4350 2674 1771 1771 470 1771 664 3789 2422 664 3789 2490 2490
3789 1012 1063 1063 3789 2490 2490 2490 2490 2490 2674 4350 1771 470 2674 1771 3509 1771 470 1730
25 2674 3150 528 528 3150 528 2127 25 581 4049 2127 25 3509 3509 3509 664 664 4543 3789
2127 4858 4858 1730 1730 1730 4858 4858 4858 4858 1063 3150 2674 1506 1126 4543 1838 2422 1506 1506
25 499 499 499 2422 664 664 3789 1063 3789 2490 2490 2490 2490 2490 2674 4350 1771 470 470
3150 528 2127 25 581 4049 2127 25 3509 3509 3509 2422 664 664 3789 1063 3789 664 2490 664
4543 1506 1506 2422 4858 4858 4858 4858 4858 4858 4858 4858 4858 4858 3150 2674 1506 1126 4543 3150
2490 1771 2674 1506 1126 2422 1838 2422 2490 1506 1506 2422 2490 2674 4350 4350 3150 470 2674 1771
3011 3011 4543 4543 4543 424 25 2674 3150 528 528 3150 528 2127 25 581 4049 2127 25 3509
2490 1506 1506 2422 2674 4350 4350 3150 470 2674 1771 4350 4350 1771 470 4350 4350 2674 1771 1771
3011 4543 4543 4543 424 25 2674 3150 528 528 3150 528 2127 25 581 4049 2127 25 3509 3509
528 528 3150 528 1012 1063 581 3011 3011 4543 4543 2422 424 25 2674 3150 528 528 1506 1506
664 4543 1838 4543 1506 1838 1506 4543 1506 4543 1838 4543 1506 3150 4543 2422 664 3150 2674 1506
2674 3150 528 528 1506 1506 528 2127 25 581 4049 2127 25 3509 3509 3509 4543 664 664 3789
4858 4858 4858 4858 4858 4858 1730 3789 2490 664 664 664 664 2674 4350 3509 1771 470 3150 1771
1771 1771 470 1771 664 3789 2422 664 3789 2490 2490 2490 2490 2490 2674 4350 3150 470 2674 1771
470 1771 3789 1063 2422 664 3789 1012 1063 1063 3011 664 2422 3789 2490 664 664 664 664 2674
2674 1506 1126 4543 1838 4543 1506 1506 2422 1730 4858 4858 4858 4858 4858 4858 4858 4858 4858 3150
664 664 3789 1063 3789 664 2490 2490 2490 2490 2674 3509 1771 470 2674 1771 3509 1771 470 2674
4858 4858 3150 2674 1506 1506 1126 4543 4543 1838 4543 1506 1506 4543 3150 2674 1506 1126 4543 1838
2127 25 581 2127 25 499 4049 499 499 2422 664 664 3789 1012 1063 1063 3789 2490 2490 2490
2422 424 25 2674 3150 528 528 3150 528 2127 25 581 4049 2127 25 499 499 499 499 499
1506 1506 528 2127 25 581 3509 25 499 4049 499 499 664 664 3789 2422 1063 3789 2490 2490
4543 4543 4543 424 25 2674 3150 528 528 3150 528 2127 25 581 4049 2127 25 3509 3509 3509
4543 4543 4543 424 25 2674 3150 528 528 1506 1506 528 2127 25 581 4049 2127 25 3509 3509
581 4049 2127 25 3509 3509 3509 664 664 4543 3789 1063 3789 1012 1063 4543 2422 2127 1063 1012
470 1771 664 3789 2422 664 3789 2490 2490 2490 2490 2490 2674 4350 3150 470 2674 1771 3509 3509
2674 3150 528 528 3150 528 2127 25 581 4049 2127 25 499 499 499 1063 664 664 4543 3789
4543 424 25 2674 3150 528 528 3150 528 2127 25 581 4049 2127 25 3509 3509 3509 4543 664
4543 424 25 2674 3150 528 528 1506 1506 528 2127 25 581 3509 25 499 4049 499 499 664
499 499 499 2422 664 664 3789 1063 3789 2490 2490 2490 2490 2490 2674 4350 1771 470 2674 1771
1730 4858 4858 4858 4858 4858 4858 4858 4858 4858 3150 2674 1506 1126 4543 1506 4543 1838 2422 1506
1771 470 1771 664 3789 2422 2422 664 3789 2490 2490 2490 2490 2490 2674 4350 3509 3150 470 2674
4858 4858 4858 4858 4858 4858 4858 4858 4858 4858 1063 3150 1838 1506 1126 2422 1838 2422 1506 1506
3011 4543 4543 4543 4543 424 25 2674 3150 528 528 1506 1506 528 2127 25 581 3509 25 499
2674 1838 1771 1506 1506 470 1771 3789 1063 4543 664 3789 1012 1063 1063 3011 664 4543 3789 664
4350 1771 470 2674 1771 4350 4350 4543 470 2674 1771 1771 470 1771 664 3789 1012 1063 2422 664
3789 664 664 664 664 664 2674 4350 1771 470 2674 1771 3509 3509 1771 470 1838 1771 1771 470
3150 528 528 3150 528 2127 25 581 4049 2127 25 3509 3509 3509 664 664 4543 3789 1063 3789
1126 1126 1126 1126 1063 1012 1063 424 25 2674 3150 528 528 3150 528 1012 1063 1063 1126 1126
3509 3509 3509 2422 664 664 3789 1012 1063 1063 3789 2490 2490 2490 2490 2490 2674 4350 1771 470
4543 4543 2422 424 25 2674 3150 528 528 3150 528 2127 25 581 4049 2127 25 3509 3509 3509
3011 3011 1126 1126 1063 1012 424 25 2674 3150 528 528 3150 528 1012 1063 581 3011 3011 4543
1063 581 3011 3011 4543 4543 4543 424 25 2674 3150 528 528 1506 1506 528 2127 25 581 1838
1126 1063 1012 424 25 2674 3150 528 528 3150 528 1012 1063 581 3011 3011 4543 4543 2422 424
3789 2490 2490 2490 2490 2490 2674 4350 3150 470 2674 1771 4350 4350 1771 470 2674 1771 1771 470
1012 424 25 2674 3150 528 528 3150 528 1012 1063 581 3011 3011 4543 2422 424 25 2674 3150
1771 1771 470 1771 664 3789 2422 664 3789 2490 2490 2490 2490 2490 2674 4350 1771 470 2674 1771
664 664 3789 1063 1063 1012 4858 1730 4858 4858 4858 4858 4858 4858 4858 4858 1063 3150 1838 1506
3150 528 1012 1063 581 3011 3011 4543 4543 2422 424 25 2674 3150 528 528 3150 528 2127 25
470 1771 3789 1063 2422 664 3789 1012 1063 1063 3011 664 2422 3789 2490 664 664 664 664 2674
664 664 3789 1063 3789 664 2490 2490 2490 2490 2674 3509 1771 470 2674 1771 3509 1771 470 2674
2674 3150 528 528 1506 1506 528 2127 25 581 4049 2127 25 3509 3509 3509 4543 664 664 3789
3509 3509 3509 2422 664 664 3789 1063 3789 664 664 664 664 664 2674 3509 1771 470 2674 1771
528 528 1506 1506 528 2127 25 581 2127 25 499 4049 499 499 4543 664 664 3789 1012 1063
3150 470 2674 1771 3509 3509 1771 470 2674 1771 1771 470 1771 664 3789 2422 664 3789 2490 664
25 581 4049 2127 25 499 499 499 499 499 499 4543 664 664 3789 1063 1063 1012 4858 1012
424 25 2674 3150 528 528 3150 528 2127 25 581 4049 2127 25 499 499 499 4543 664 664
1012 3011 1126 1126 1126 1126 1063 1012 1063 424 25 2674 3150 528 528 3150 528 1012 1063 581
664 2674 4350 1771 470 2674 1771 499 1771 470 3509 1838 1771 1771 470 1771 664 3789 1012 1063
499 1063 664 664 2422 3789 3789 2490 2490 2490 2490 2490 2674 4350 3150 470 2674 1771 4350 4350
1838 3150 528 1012 1063 581 3011 3011 4543 4543 4543 424 25 2674 3150 528 528 3150 528 2127
2490 664 664 664 2674 4350 1771 470 2674 1771 4350 1771 470 3509 2674 1771 1771 470 1771 664
1506 1506 528 2127 25 581 4049 2127 25 3509 3509 3509 4543 664 664 3789 1012 1063 1838 664
2674 3150 528 528 3150 528 2127 25 581 4049 2127 25 3509 3509 3509 664 664 4543 3789 1063
1126 25 499 499 499 2422 664 664 3789 1063 3789 2490 2490 2490 2490 2490 2674 4350 3150 470
499 499 499 499 2422 664 664 3789 1063 1063 1012 1730 1730 1730 1730 1730 1730 1730 1730 1730
4858 4858 4858 4858 4858 4858 4858 4858 4858 3789 2490 2490 2490 1771 2674 1506 1126 2422 1838 2422
528 2127 25 581 4049 2127 25 3509 3509 3509 664 664 4543 3789 1063 3789 664 664 664 664
3011 3011 4543 4543 2422 424 25 2674 3150 528 528 1506 1506 528 2127 25 581 4049 2127 25
664 664 664 2674 4350 499 3150 470 2674 1771 1126 2674 1506 1126 2422 3509 499 1838 4543 1506
2490 2490 2490 2490 2490 2674 4350 1771 470 2674 1771 4350 4350 1771 470 2674 1771 1771 470 1771
2422 664 664 3789 1012 1063 1063 3789 2490 2490 2490 2490 2490 2674 4350 3150 470 2674 1771 4350
2674 4350 4350 3150 470 2674 1771 4350 4350 1771 470 4350 4350 2674 1771 1771 470 1771 664 3789
1063 664 664 2422 3789 3789 2490 2490 2490 2490 2490 2674 4350 3150 470 2674 1771 4350 4350 1771
4049 2127 25 3509 3509 3509 2422 664 664 3789 1063 3789 664 2490 664 2490 2490 2674 4350 1771
1506 1506 528 1012 1063 581 3011 3011 4543 4543 4543 424 25 2674 3150 528 528 3150 528 2127
664 3789 3789 664 664 2490 2490 2490 2674 3509 1771 470 2674 1771 4350 1771 470 3509 2674 1771
3150 528 528 3150 528 1012 1063 581 3011 3011 4543 4543 2422 424 25 2674 3150 528 528 3150
3789 1012 1063 1063 3011 664 2422 3789 2490 664 664 664 664 2674 4350 499 3150 470 2674 1771
4543 424 25 2674 3150 528 528 1506 1506 528 2127 25 581 3509 25 499 4049 499 499 664
4543 1838 4543 1506 1838 1506 4543 1506 4543 1838 4543 1506 3150 4543 2422 664 3150 2674 1506 1126
3509 3509 2422 664 664 3789 1012 1063 1838 664 1063 3789 664 2490 664 664 664 2674 4350 1771
3789 2490 2490 2490 2490 3150 2674 1506 1126 2422 1838 2422 2490 1506 1506 2422 2674 4350 4350 3150
4858 4858 4858 4858 4858 4858 4858 4858 4858 4858 1063 3150 1838 1506 1126 2422 1838 2422 1506 1506
3509 2422 664 664 3789 1012 1063 4543 664 1063 3789 664 2490 664 664 664 2674 4350 1771 470
4543 4543 4543 424 25 2674 3150 528 528 1506 528 2127 25 581 4049 25 25 499 499 499
2674 3150 528 528 3150 528 1012 1063 581 3011 3011 4543 4543 2422 424 25 2674 3150 528 528
2674 3150 528 528 3150 528 2127 25 581 4049 2127 25 3509 3509 3509 4543 664 664 3789 1063
2422 2674 4350 4350 3150 470 2674 1771 4350 4350 1771 470 4350 4350 2674 1771 1771 470 1771 664
1012 1063 581 3011 3011 4543 4543 4543 424 25 2674 3150 528 528 3150 528 2127 25 581 4049
664 664 664 2674 3509 1771 470 2674 1771 3509 3509 1771 470 1838 1771 1771 470 1771 664 3789
3011 3011 4543 4543 2422 424 25 2674 3150 528 528 3150 528 2127 25 581 4049 2127 25 499
3011 1126 1126 1126 1126 1063 1012 1063 424 25 2674 3150 528 528 3150 528 1012 1063 581 3011
2490 2674 4350 1771 470 2674 1771 3509 1771 470 1730 1838 1771 1771 470 1771 664 3789 2422 664
3011 3011 4543 4543 4543 424 25 2674 3150 528 528 3150 528 2127 25 581 4049 1838 25 499
2422 664 664 3789 1063 3789 2490 2490 2490 2490 2490 2674 4350 1771 470 2674 1771 4350 4350 1771
2127 25 499 4049 499 499 2422 664 664 3789 1012 1063 1063 3789 2490 2490 2490 2490 2490 2674
3011 3011 4543 4543 2422 424 25 2674 3150 528 528 3150 528 2127 25 581 4049 2127 25 499
1771 470 2674 1771 3509 1771 470 2674 4350 1771 1771 470 1771 664 3789 2422 664 3789 2490 2490
2127 25 3509 3509 3509 2422 664 664 3789 1063 3789 664 664 664 664 664 2674 4350 1771 470
1063 1012 424 25 2674 3150 528 528 3150 528 1012 1063 581 3011 3011 4543 4543 2422 424 25
25 581 4049 2127 25 3509 3509 3509 664 664 4543 3789 1063 3789 664 664 664 664 664 2674
4858 4858 4858 3789 2490 2490 2490 2490 3150 2674 1506 1126 2422 1838 2422 2490 1506 1506 2422 2674
1506 528 2127 25 581 3509 25 499 4049 499 499 664 664 3789 2422 1063 3789 2490 2490 2490
3011 3011 4543 4543 2422 424 25 2674 3150 528 528 3150 528 2127 25 581 4049 2127 25 3509
664 2674 4350 499 3150 470 2674 1771 3150 2674 1506 1126 4543 3509 499 1838 4543 1506 1506 4543
1126 1126 1063 1012 1063 424 25 2674 3150 528 528 3150 528 1012 1063 1063 1126 1126 581 3011
1063 581 3011 3011 4543 4543 4543 424 25 2674 3150 528 528 3150 528 2127 25 581 4049 2127
664 4858 4543 3789 1063 3789 664 664 664 664 664 2674 4350 1771 470 2674 1771 3509 3509 1771
2422 664 664 3789 1012 1063 1063 3789 2490 2490 2490 2490 2490 2674 4350 3150 470 2674 1771 4350
1126 1126 1063 1012 424 25 2674 3150 528 528 3150 528 1012 1063 581 3011 3011 4543 4543 4543
3150 528 528 3150 528 2127 25 581 4049 2127 25 3509 3509 3509 664 3509 4543 3789 1063 3789
1063 3789 2490 2490 2490 2490 2490 2674 4350 1771 470 2674 1771 4350 1771 470 4350 2674 1771 1771
25 3509 3509 3509 2422 664 664 3789 1063 3789 664 664 664 664 664 2674 3509 1771 470 2674
1126 4543 3509 3509 1838 4543 1506 1506 4543 1771 2674 3509 3509 1838 1771 1506 1506 1506 4543 1771
528 528 3150 528 1012 1063 581 3011 3011 3011 3011 4543 4543 2422 424 25 2674 3150 528 528
4543 4543 4543 4543 1063 1012 424 25 2674 3150 528 528 1506 1506 528 2127 25 581 1838 25
3789 1063 1063 1012 4858 4858 4858 4858 4858 4858 4858 4858 4858 4858 1063 3150 1838 1506 1126 4543
1063 581 3011 3011 4543 4543 4543 424 25 2674 3150 528 528 3150 528 2127 25 581 4049 2127
2127 25 581 4049 2127 25 3509 3509 3509 4543 664 664 3789 1012 1063 1063 3789 664 664 664
1506 1126 4543 3509 3509 1838 4543 1506 1506 4543 1771 2674 3509 3509 1838 1771 1506 1506 1506 4543
2422 3789 3789 2490 2490 2490 2490 2490 2674 4350 3150 470 2674 1771 4350 4350 1771 470 2674 1771
4049 2127 25 499 499 499 2422 664 664 3789 1063 3789 2490 2490 2490 2490 2490 2674 4350 1771
2490 664 664 664 2674 4350 1771 470 2674 1771 4350 1771 470 3509 2674 1771 1771 470 1771 664
1063 581 3011 3011 4543 4543 2422 424 25 2674 3150 528 528 3150 528 2127 25 581 4049 2127
3789 1012 1063 1063 3789 2490 2490 2490 2490 2490 2674 4350 3150 470 2674 1771 4350 1771 470 4350
4858 4858 4858 4858 4858 4858 3150 2674 1506 1126 4543 1838 4543 1838 4543 1506 1506 1506 4543 1506
4858 4858 4858 3789 2490 2490 2490 2490 3150 2674 1506 1126 2422 1838 2422 2490 1506 1506 2422 2674
2422 1506 1506 4543 1730 4858 4858 4858 4858 4858 4858 4858 4858 1730 1126 2490 664 664 664 664
3011 3011 1126 1126 1063 1012 424 25 2674 3150 528 528 3150 528 1012 1063 581 3011 3011 4543
1063 3789 664 664 664 664 664 2674 4350 1771 470 2674 1771 3509 3509 1771 470 1838 1771 1771
3011 3011 4543 2422 1063 1012 424 25 2674 3150 528 528 3150 528 2127 25 581 4049 2127 25
