454 487 102 132 228 454 140 129 427 139 249 14 389 379 417 93 236 379 237 79
487 102 132 228 287 287 132 228 454 140 129 427 139 249 414 389 379 232 486 337
427 414 249 486 129 237 379 417 106 236 379 237 79 85 417 106 79 390 237 486
414 85 284 106 344 499 417 106 344 499 241 106 344 499 241 106 344 499 241 106
390 337 106 473 390 230 224 486 85 417 106 454 140 344 499 232 486 230 224 486
427 139 249 14 389 52 337 265 236 52 241 79 344 499 241 79 177 390 417 79
287 427 454 129 487 102 132 228 454 140 427 139 249 14 389 379 390 473 236 379
139 249 14 389 379 232 93 236 379 237 265 16 241 93 177 390 417 93 177 390
129 487 102 132 228 454 140 427 139 249 14 389 379 390 473 236 379 417 486 16
228 454 140 129 427 139 249 79 389 52 417 79 236 52 241 79 16 241 79 177
344 249 129 139 249 14 389 379 232 106 236 379 237 265 16 241 106 177 390 337
390 417 473 344 390 417 414 344 249 129 139 249 14 389 379 232 106 236 379 237
287 132 228 454 140 129 427 139 241 14 389 379 241 93 236 379 237 414 16 241
106 236 52 417 79 16 241 106 177 390 417 106 230 224 230 224 177 390 417 106
129 487 102 132 228 287 287 132 228 454 140 129 427 139 249 14 389 379 232 93
487 102 132 228 427 139 249 79 389 379 417 486 337 379 237 79 16 241 93 177
140 129 427 139 249 14 389 379 232 106 337 379 237 79 16 241 106 177 390 237
132 228 427 230 224 230 224 454 140 476 427 139 249 14 389 52 417 486 337 52
417 106 233 390 414 85 417 106 344 499 232 106 344 499 241 106 344 499 241 106
232 106 337 379 237 79 16 337 106 177 390 337 106 177 390 417 106 52 390 79
177 390 79 85 284 79 344 499 232 79 344 499 241 79 344 499 241 79 344 499
473 344 499 417 106 230 224 230 224 414 16 241 106 230 224 230 224 79 16 241
417 79 129 344 390 417 265 344 390 230 224 230 224 414 85 284 265 344 499 417
473 473 390 414 85 417 106 344 499 232 486 344 499 241 106 344 499 241 486 344
427 129 454 487 102 132 228 454 140 129 427 139 249 79 389 52 417 79 236 52
129 427 139 241 14 389 379 241 93 236 379 237 414 16 241 93 177 241 241 486
390 417 473 344 390 417 414 344 249 129 139 249 14 389 379 232 106 236 379 237
228 287 287 132 228 454 140 129 427 139 249 14 389 379 232 93 236 379 237 265
85 284 265 344 499 417 79 230 224 230 224 414 16 241 265 454 140 344 499 241
102 132 228 287 287 132 228 454 140 129 427 139 249 14 389 379 241 93 236 379
417 106 473 390 454 140 79 85 284 106 344 499 337 106 230 224 230 224 79 16
224 230 224 177 390 417 106 473 390 454 140 79 85 284 106 344 499 337 106 230
132 228 454 140 129 427 139 249 14 389 52 337 265 236 52 241 79 344 499 241
389 379 390 473 236 379 417 486 16 237 106 233 390 417 473 344 390 417 414 344
106 129 177 390 417 486 379 390 414 85 284 414 344 499 417 93 344 499 241 486
237 79 16 337 106 177 390 337 106 177 390 417 106 52 390 79 85 417 106 344
224 230 224 454 140 476 427 139 249 14 389 52 417 486 337 52 337 79 16 241
228 454 140 427 139 249 14 389 379 390 473 236 379 417 486 16 237 106 233 390
454 140 79 85 284 106 344 499 337 106 230 224 230 224 79 16 241 106 344 499
379 237 79 16 241 486 177 390 241 486 177 390 241 79 52 390 79 85 284 265
177 390 417 79 224 390 79 85 284 473 344 499 237 106 344 499 241 79 344 499
454 140 129 427 139 249 14 389 379 232 106 337 379 237 79 16 241 106 177 390
140 476 427 414 249 486 129 237 379 417 106 236 379 237 79 85 417 106 79 390
14 389 379 417 93 236 379 237 79 16 241 486 177 390 241 93 177 390 417 486
454 129 487 102 132 228 454 140 427 139 249 14 389 379 390 473 236 379 417 486
85 417 106 454 140 344 499 232 486 230 224 486 16 337 106 230 224 486 16 337
265 236 52 241 79 344 499 241 79 177 390 417 79 177 390 337 79 177 390 79
379 241 93 236 379 237 414 16 241 93 177 241 241 414 177 241 237 414 379 241
228 129 454 140 427 139 249 14 389 379 417 417 233 106 417 79 16 232 79 233
454 129 487 102 132 228 427 230 224 230 224 454 140 476 427 139 249 14 389 52
228 454 140 129 427 139 249 414 389 379 417 106 236 379 237 79 16 241 486 177
102 132 228 454 140 427 139 249 14 389 379 390 473 236 379 417 486 16 237 106
79 16 241 486 177 390 241 93 177 390 417 486 379 390 106 85 417 93 414 499
79 85 284 79 344 499 232 79 344 499 241 79 344 499 241 79 344 499 241 79
237 79 16 241 486 177 390 241 93 177 390 417 486 379 390 106 85 417 93 414
390 414 85 417 106 344 499 232 486 344 499 241 106 344 499 241 486 344 499 241
102 132 228 129 454 140 427 139 249 14 389 379 417 417 379 379 417 79 16 232
129 139 249 14 389 379 232 106 236 379 237 265 16 241 106 177 390 337 106 177
427 253 230 224 224 454 140 129 230 224 230 224 427 177 249 79 389 52 249 106
16 241 93 379 390 417 93 177 390 237 93 52 390 79 85 284 93 344 499 232
241 106 177 390 337 106 177 390 417 473 177 390 79 85 417 106 414 499 417 473
132 228 129 454 140 427 139 249 14 389 379 417 417 379 379 417 79 16 232 79
106 473 390 414 85 284 473 344 499 417 106 230 224 230 224 414 16 241 106 230
224 414 85 284 265 344 499 417 79 230 224 230 224 414 16 241 265 454 140 344
106 236 52 417 79 16 241 106 177 390 417 106 230 224 230 224 177 390 417 106
487 102 132 228 454 140 427 139 249 14 389 379 232 93 337 379 237 265 16 241
236 379 237 79 16 241 106 177 390 337 106 177 390 129 417 106 233 390 414 85
14 389 379 241 93 236 379 237 414 16 241 93 177 241 241 414 177 241 237 414
241 473 177 390 417 79 224 390 79 85 284 473 344 499 237 106 344 499 241 486
79 344 499 241 79 177 390 417 79 177 390 337 79 177 390 79 85 284 79 344
337 265 236 52 241 79 344 499 241 79 177 390 417 79 177 390 337 79 177 390
236 379 237 79 16 241 106 177 390 337 106 177 390 417 473 177 390 79 85 417
379 417 486 16 237 106 414 390 417 473 344 390 417 414 344 249 129 139 249 14
241 93 379 390 417 93 177 390 237 93 52 390 14 85 284 93 344 499 232 93
14 389 379 417 93 236 379 237 79 16 241 486 177 390 241 93 177 390 417 486
414 16 241 93 177 241 241 414 177 241 237 414 379 241 414 85 284 414 344 499
132 228 287 287 132 228 454 140 129 427 139 241 14 389 379 241 93 236 379 237
236 379 237 79 16 241 486 177 390 237 106 177 390 417 486 177 390 414 85 284
414 390 337 106 473 390 230 224 486 85 417 106 454 140 344 499 232 486 230 224
106 236 379 237 265 16 241 106 177 390 337 106 177 390 417 106 177 390 414 85
106 177 390 337 106 454 140 129 177 390 417 106 473 390 79 85 417 106 344 499
106 79 390 237 486 230 140 224 454 414 390 337 106 473 390 230 224 486 85 417
132 228 454 140 427 139 249 14 389 379 417 106 236 379 237 79 16 241 106 177
379 237 79 16 337 106 177 390 337 106 177 390 417 106 52 390 79 85 417 106
102 132 228 427 230 224 230 224 454 140 476 427 139 249 14 389 52 417 486 337
249 14 389 379 232 106 236 379 237 265 16 241 106 177 390 337 106 177 390 417
487 102 132 228 454 140 129 427 139 249 14 389 379 499 93 236 379 237 79 16
265 16 241 93 177 390 241 93 129 177 390 417 486 379 390 414 85 284 79 344
102 132 228 454 140 427 139 249 14 389 379 390 473 236 379 417 486 16 237 106
427 129 454 487 102 132 228 287 287 132 228 454 140 476 427 414 249 79 129 237
390 417 106 177 390 414 85 284 106 344 499 237 106 454 140 344 499 241 106 344
132 228 454 140 427 139 249 14 389 379 232 106 337 379 237 79 16 337 106 177
390 417 414 344 249 129 139 249 14 389 379 232 106 236 379 237 265 16 241 106
249 414 389 379 417 106 236 379 237 79 16 241 486 177 390 237 106 177 390 417
390 417 93 177 390 237 93 52 390 14 85 284 93 344 499 417 93 344 499 241
265 16 241 93 177 390 241 93 129 177 390 417 486 379 390 414 85 284 79 344
454 129 487 102 132 228 427 139 249 79 389 379 417 486 337 379 237 79 16 241
129 427 139 241 14 389 379 241 93 236 379 237 414 16 241 93 177 241 241 486
427 139 249 14 389 379 417 106 236 379 237 79 16 241 106 177 390 337 106 177
337 379 237 79 16 337 106 177 390 337 106 177 390 417 106 52 390 79 85 417
249 79 389 52 249 106 236 52 417 79 16 241 106 177 390 417 106 230 224 230
102 132 228 129 454 140 427 139 249 14 389 379 417 417 379 379 417 79 16 232
129 427 139 249 14 389 52 337 265 236 52 241 79 344 499 241 79 177 390 417
140 129 177 390 417 106 473 390 79 85 417 106 344 499 417 106 344 499 241 106
129 427 139 249 14 389 379 417 93 236 379 237 79 16 241 486 177 390 241 93
417 106 236 379 237 414 16 241 106 177 390 337 106 344 390 129 417 106 233 390
79 16 337 106 177 390 337 106 177 390 417 106 52 390 79 85 417 106 344 499
337 106 177 390 241 473 473 390 414 85 417 106 344 499 232 486 344 499 241 106
129 427 139 249 14 389 52 499 106 236 379 237 79 16 241 486 177 390 241 486
132 228 287 287 132 228 454 140 129 427 139 249 14 389 379 232 93 236 379 237
487 102 132 228 454 140 427 139 249 14 389 379 417 106 236 379 237 79 16 241
140 427 139 249 14 389 379 232 106 337 379 237 79 16 337 106 177 390 337 106
79 85 284 79 344 499 232 79 344 499 241 79 344 499 241 79 344 499 241 79
79 16 241 106 177 390 337 106 177 390 417 473 177 390 79 85 417 106 414 499
287 132 228 454 140 476 427 414 249 79 129 237 379 417 106 236 379 237 79 85
390 241 486 177 390 241 79 473 390 414 85 284 265 344 499 232 265 344 499 241
177 390 237 93 52 390 79 85 284 93 344 499 232 93 344 499 241 93 344 499
486 177 390 241 79 52 390 414 85 284 265 344 499 232 265 344 499 241 79 344
106 236 379 237 265 16 241 106 177 390 337 106 177 390 417 106 177 390 414 85
390 241 106 129 177 390 417 486 379 390 414 85 284 414 344 499 417 106 344 499
337 379 237 79 16 241 106 177 390 337 106 177 390 241 473 473 390 414 85 417
265 344 390 230 224 230 224 414 85 284 265 344 499 417 79 230 224 230 224 414
486 177 390 414 85 284 106 344 499 417 106 344 499 241 106 344 499 241 106 344
228 454 140 129 427 139 249 414 389 379 417 106 236 379 237 79 16 241 486 177
427 129 454 487 102 132 228 454 140 427 139 249 14 389 379 232 93 337 379 237
379 237 79 16 241 106 177 390 337 106 177 390 241 473 473 390 414 85 417 106
177 390 417 79 177 390 337 79 177 390 79 85 284 79 344 499 232 79 344 499
236 379 237 79 16 241 106 177 390 337 106 177 390 129 417 106 233 390 414 85
417 106 230 224 230 417 177 390 417 106 473 390 454 140 79 85 284 106 344 499
486 177 390 417 79 129 344 390 417 265 344 390 230 224 230 224 414 85 284 265
454 140 427 139 249 14 389 344 417 417 233 233 417 79 16 232 79 233 390 241
129 454 487 102 132 228 287 287 132 228 454 140 476 427 414 249 79 129 237 379
79 85 417 106 414 499 417 473 344 499 417 106 344 499 337 106 344 499 241 486
473 236 379 237 14 16 417 106 414 390 417 106 230 224 230 224 414 390 417 106
129 454 487 102 132 228 454 140 129 427 139 249 14 389 379 499 93 236 379 237
389 52 499 106 236 379 237 79 16 241 486 177 390 241 486 177 390 241 79 52
129 344 390 417 265 344 390 230 224 230 224 414 85 284 265 344 499 417 79 230
476 427 139 249 14 389 52 417 486 337 52 337 79 16 241 486 177 390 417 79
389 52 417 486 337 52 337 79 16 241 486 177 390 417 79 129 177 390 417 265
129 344 454 487 102 132 228 427 284 286 224 224 454 140 129 230 224 230 224 427
228 454 140 427 139 249 14 389 379 417 106 236 379 237 79 16 241 106 177 390
454 129 487 102 132 228 427 230 224 230 224 454 140 476 427 139 249 14 389 52
337 379 237 79 16 337 106 177 390 337 106 177 390 417 106 52 390 79 85 417
106 344 499 337 106 230 224 230 224 79 16 241 106 344 499 337 106 230 224 230
486 379 241 414 85 241 414 344 499 417 265 344 499 241 414 344 499 241 265 344
79 16 241 486 177 390 241 93 177 390 417 486 379 390 106 85 417 93 414 499
390 414 85 284 106 344 499 417 106 344 499 241 106 344 499 241 106 344 499 241
129 427 139 249 414 389 379 417 106 236 379 237 79 16 241 486 177 390 237 106
228 454 140 129 427 139 249 414 389 379 417 106 236 379 237 79 16 241 486 177
14 389 379 232 106 337 379 237 79 16 241 106 177 390 237 106 177 390 417 106
265 16 241 93 177 390 241 93 129 177 390 417 486 379 390 414 85 284 79 344
414 16 241 106 177 390 337 106 476 390 129 417 106 52 390 414 85 417 106 344
129 230 224 230 224 427 177 249 79 389 52 249 106 236 52 417 79 16 241 106
140 427 139 249 14 389 379 232 106 337 379 237 79 16 337 106 177 390 337 106
177 390 241 93 129 177 390 417 486 379 390 414 85 284 414 344 499 417 106 344
241 79 177 390 417 79 177 390 337 79 177 390 79 85 284 79 344 499 232 79
287 132 228 454 140 129 427 139 249 14 389 379 232 93 236 379 237 265 16 241
379 417 473 236 379 237 79 16 241 106 177 390 337 106 177 390 417 473 177 390
379 237 79 16 241 106 177 390 337 106 177 390 241 473 473 390 414 85 417 106
379 417 106 236 379 237 79 16 241 486 177 390 237 106 177 390 417 486 177 390
79 16 337 106 177 390 337 106 177 390 417 106 52 390 79 85 417 106 344 499
476 487 102 132 228 454 140 427 139 249 14 389 379 232 106 337 379 237 79 16
14 389 379 417 106 236 379 237 414 16 241 106 177 390 337 106 344 390 129 417
486 177 390 414 85 284 106 344 499 417 106 344 499 241 106 344 499 241 106 344
476 427 139 249 14 389 379 417 473 236 379 237 14 16 417 106 414 390 417 106
427 454 129 487 102 132 228 427 230 224 230 224 454 140 476 427 139 249 14 389
427 129 454 487 102 132 228 454 140 129 427 139 249 14 389 379 232 93 337 379
390 337 106 177 390 417 106 52 390 79 85 417 106 344 499 237 486 344 499 241
140 129 476 427 139 249 14 389 379 417 473 236 379 237 14 16 417 106 414 390
287 427 129 454 487 102 132 228 287 287 132 228 454 140 129 427 139 249 14 389
344 499 337 106 230 224 230 224 79 16 241 106 344 499 337 106 230 224 230 224
241 106 177 390 337 106 177 390 417 473 177 390 79 85 417 106 414 499 417 473
177 390 417 473 177 390 79 85 417 106 414 499 417 473 344 499 417 106 344 499
79 16 241 106 177 390 417 106 230 224 230 224 177 390 417 106 473 390 454 140
417 486 337 379 237 79 16 241 106 177 390 337 106 454 140 129 177 390 417 106
417 473 236 379 237 79 16 241 106 177 390 337 106 177 390 417 473 177 390 79
390 417 106 177 390 414 85 284 106 344 499 237 106 454 140 344 499 241 106 344
241 93 177 390 417 486 379 390 106 85 417 93 414 499 237 93 344 499 241 414
106 344 390 129 417 106 233 390 414 85 417 106 344 499 232 106 344 499 241 106
241 106 177 390 337 106 177 390 417 473 177 390 79 85 417 106 414 499 417 473
389 52 249 106 236 52 417 79 16 241 106 177 390 417 106 230 224 230 224 177
140 129 427 139 249 14 389 379 417 93 236 379 237 79 16 241 486 177 390 241
14 389 379 241 93 236 379 237 414 16 241 93 177 241 241 414 177 241 237 414
417 79 16 232 79 228 390 241 473 177 390 417 79 224 390 79 85 284 473 344
102 132 228 454 140 427 139 249 14 389 379 390 473 236 379 417 486 16 237 106
249 14 389 52 337 265 236 52 241 79 344 499 241 79 177 390 417 79 177 390
228 287 287 132 228 454 140 129 427 139 241 14 389 379 241 93 236 379 237 414
228 390 241 473 177 390 417 79 224 390 79 85 284 473 344 499 237 106 344 499
129 427 139 249 414 389 379 232 486 337 379 237 79 16 241 106 177 390 337 106
249 129 139 249 14 389 379 232 106 236 379 237 265 16 241 106 177 390 337 106
224 414 85 284 265 344 499 417 79 230 224 230 224 414 16 241 265 454 140 344
102 132 228 454 140 427 139 249 14 389 379 390 473 236 379 417 486 16 237 106
230 224 230 224 454 140 476 427 139 249 14 389 52 417 486 337 52 337 79 16
417 106 52 390 79 85 417 106 344 499 237 486 344 499 241 106 344 499 241 486
414 249 486 129 237 379 417 106 236 379 237 79 85 417 106 79 390 237 486 230
106 129 177 390 417 486 379 390 414 85 284 414 344 499 417 93 344 499 241 486
129 427 139 249 14 389 379 232 106 337 379 237 79 16 241 106 177 390 237 106
228 454 140 129 427 139 249 14 389 379 417 93 236 379 237 79 16 241 486 177
106 177 390 337 106 177 390 129 417 106 233 390 414 85 417 106 344 499 232 106
106 230 224 230 224 177 390 417 106 473 390 454 140 79 85 284 106 344 499 337
232 106 337 379 237 265 16 241 106 177 390 241 106 129 177 390 417 486 379 390
106 236 52 417 79 16 241 106 177 390 417 106 230 224 230 224 177 390 417 106
414 85 284 106 344 499 417 106 344 499 241 106 344 499 241 106 344 499 241 106
389 52 249 106 236 52 417 79 16 241 106 177 390 417 106 230 224 230 224 177
249 414 389 379 417 106 236 379 237 79 16 241 486 177 390 237 106 177 390 417
389 379 417 93 236 379 237 79 16 241 486 177 390 241 93 177 390 417 486 379
414 85 284 106 344 499 417 106 344 499 241 106 344 499 241 106 344 499 241 106
16 232 79 228 390 241 473 177 390 417 79 224 390 414 85 284 473 344 499 237
454 140 129 427 139 249 79 389 52 417 79 236 52 241 79 16 241 79 177 390
417 473 236 379 237 79 16 241 106 177 390 337 106 177 390 417 473 177 390 79
228 454 140 129 427 139 249 14 389 52 499 106 236 379 237 79 16 241 486 177
390 417 106 177 390 414 85 284 106 344 499 237 106 454 140 344 499 241 106 344
427 139 249 79 389 52 417 79 236 52 241 79 16 241 79 177 390 241 265 177
427 129 454 487 102 132 228 454 140 129 427 139 249 14 389 379 417 93 236 379
487 102 132 228 427 284 253 224 224 454 140 129 230 224 230 224 427 177 249 79
476 454 487 102 132 228 427 284 286 224 224 454 140 129 230 224 230 224 427 177
473 16 379 417 486 16 237 106 233 390 417 473 344 390 417 414 344 249 129 139
389 379 417 486 337 379 237 79 16 241 106 177 390 337 106 454 140 129 177 390
241 241 486 177 241 237 486 379 241 414 85 284 414 344 499 417 265 344 499 241
132 228 454 140 129 427 139 249 14 389 379 499 93 236 379 237 79 16 241 486
230 224 414 390 417 106 473 390 414 85 284 473 344 499 417 106 230 224 230 224
390 414 85 417 106 344 499 232 106 344 499 241 106 344 499 241 106 344 499 241
106 473 390 414 85 284 473 344 499 417 106 230 224 230 224 414 16 241 106 230
389 379 232 93 236 379 237 265 16 241 93 177 390 417 93 177 390 237 93 265
106 344 390 129 417 106 233 390 414 85 417 106 344 499 232 106 344 499 241 106
102 132 228 454 140 129 427 139 249 79 389 52 417 79 236 52 241 79 16 241
487 102 132 228 454 140 129 427 344 249 414 389 379 417 93 236 379 237 79 16
228 390 241 473 177 390 417 79 224 390 79 85 284 473 344 499 237 106 344 499
177 390 417 79 177 390 337 79 177 390 79 85 284 79 344 499 232 79 344 499
140 454 140 129 476 427 139 249 14 389 379 417 473 236 379 237 14 16 417 106
454 487 102 132 228 454 140 427 139 249 14 389 379 232 93 337 379 237 265 16
486 129 237 379 417 106 236 379 237 79 85 417 106 79 390 237 486 230 140 224
287 427 129 454 487 102 132 228 129 454 140 427 139 249 14 389 379 417 417 43
129 427 139 249 414 389 379 417 106 236 379 237 79 16 241 486 177 390 237 106
228 287 287 132 228 454 140 476 427 414 249 79 129 237 379 417 106 236 379 237
379 237 79 16 241 106 177 390 337 106 454 140 129 177 390 417 106 473 390 79
454 140 129 427 139 241 14 389 379 241 93 236 379 237 414 16 241 93 177 241
79 85 284 79 344 499 232 79 344 499 241 79 344 499 241 79 344 499 241 79
337 106 473 390 230 224 486 85 417 106 454 140 344 499 232 486 230 224 486 16
379 237 14 16 417 106 414 390 417 106 230 224 230 224 414 390 417 106 473 390
379 390 417 93 177 390 237 93 52 390 14 85 284 93 344 499 417 93 344 499
414 249 414 389 379 417 106 236 379 237 79 16 241 486 177 390 237 106 177 390
487 102 132 228 454 140 129 427 139 249 14 389 379 499 93 236 379 237 79 16
389 379 417 106 236 379 237 414 16 241 106 177 390 337 106 344 390 129 417 106
337 106 177 390 337 106 177 390 417 106 52 390 79 85 417 106 344 499 237 486
265 16 241 93 379 390 417 93 177 390 237 93 52 390 79 85 284 93 344 499
79 129 344 390 417 265 344 390 230 224 230 224 414 85 284 265 344 499 417 79
102 132 228 129 454 140 427 139 249 14 389 379 417 417 379 379 417 79 16 232
390 237 486 230 140 224 454 414 390 337 106 473 390 230 224 486 85 417 106 454
417 106 79 390 237 486 230 140 224 454 414 390 337 106 473 390 230 224 486 85
224 230 224 177 390 417 106 473 390 454 140 79 85 284 106 344 499 337 106 230
473 390 414 85 284 473 344 499 417 106 230 224 230 224 414 16 241 106 230 224
140 476 427 139 249 14 389 52 417 486 337 52 337 79 16 241 486 177 390 417
344 390 129 417 106 52 390 414 85 417 106 344 499 232 106 344 499 241 106 344
241 486 177 390 241 93 177 390 417 486 379 390 414 85 417 93 414 499 237 93
390 241 106 129 177 390 417 486 379 390 414 85 284 414 344 499 417 106 344 499
241 414 85 284 414 344 499 417 265 344 499 241 265 344 499 241 265 344 499 241
287 132 228 454 140 454 140 129 476 427 139 249 14 389 379 417 473 236 379 237
177 390 417 106 473 390 79 85 417 106 344 499 417 106 344 499 241 106 344 499
224 454 414 390 337 106 473 390 230 224 486 85 417 106 454 140 344 499 232 486
390 337 106 177 390 241 473 473 390 414 85 417 106 344 499 232 486 344 499 241
139 249 14 389 379 417 93 236 379 237 79 16 241 486 177 390 241 93 177 390
224 454 140 129 230 224 230 224 427 139 249 79 389 52 249 106 236 52 417 79
14 389 379 232 106 337 379 237 265 16 241 106 177 390 241 93 129 177 390 417
379 417 473 236 379 237 14 16 417 106 414 390 417 106 230 224 230 224 414 390
129 487 102 132 228 287 287 132 228 454 140 129 427 139 249 414 389 379 232 486
454 140 427 139 249 14 389 379 417 106 236 379 237 79 16 241 106 177 390 337
414 85 417 106 344 499 232 486 344 499 241 106 344 499 241 486 344 499 241 486
106 236 379 237 79 16 241 486 177 390 237 106 177 390 417 486 177 390 414 85
52 499 106 236 379 237 79 16 241 486 177 390 241 486 177 390 241 79 52 390
224 224 454 140 129 230 224 230 224 427 139 249 79 389 52 249 106 236 52 417
132 228 287 287 132 228 454 140 129 427 139 241 14 389 379 241 93 236 379 237
177 390 417 106 473 390 79 85 417 106 344 499 417 106 344 499 241 106 344 499
129 454 487 102 132 228 454 140 129 427 139 249 14 389 379 417 93 236 379 237
228 390 241 473 177 390 417 79 224 390 79 85 284 473 344 499 237 106 344 499
284 265 344 499 417 79 230 224 230 224 414 16 241 265 454 140 344 499 241 79
177 390 241 486 177 390 241 79 473 390 414 85 284 265 344 499 232 265 344 499
379 232 93 236 379 237 265 16 241 93 177 390 417 93 177 390 237 93 265 390
177 390 337 106 454 140 129 177 390 417 106 473 390 79 85 417 106 344 499 417
379 232 93 236 379 237 265 16 241 93 177 390 417 93 177 390 237 93 265 390
390 337 79 177 390 79 85 284 79 344 499 232 79 344 499 241 79 344 499 241
52 337 265 236 52 241 79 344 499 241 79 177 390 417 79 177 390 337 79 177
389 379 232 486 337 379 237 79 16 241 106 177 390 337 93 177 390 241 473 473
379 232 486 337 379 237 79 16 241 106 177 390 337 106 177 390 241 473 473 390
417 486 379 390 414 85 284 414 344 499 232 106 344 499 241 486 344 499 241 486
79 389 379 417 486 337 379 237 79 16 241 106 177 390 337 106 454 140 129 177
232 93 236 379 237 265 16 241 93 379 390 417 93 177 390 237 93 265 390 14
390 241 486 177 390 241 79 473 390 414 85 284 265 344 499 232 265 344 499 241
237 265 16 241 93 379 390 417 93 177 390 237 93 52 390 79 85 284 93 344
132 228 287 287 132 228 454 140 129 427 139 249 414 389 379 232 486 337 379 237
236 379 237 79 16 241 486 177 390 237 106 177 390 417 486 177 390 414 85 284
129 454 487 102 132 228 454 140 129 427 139 249 14 389 379 499 93 236 379 237
230 224 414 390 417 106 473 390 414 85 284 473 344 499 417 106 230 224 230 224
102 132 228 427 139 249 79 389 379 417 486 337 379 237 79 16 241 93 177 390
129 427 139 249 14 389 379 232 93 236 379 237 265 16 241 93 93 390 417 93
236 379 237 79 16 241 486 177 390 237 106 177 390 417 486 177 390 414 85 284
427 139 249 14 389 379 390 473 236 379 417 486 16 237 106 233 390 417 473 344
414 249 486 129 237 379 417 106 236 379 237 79 85 417 106 79 390 237 486 230
79 16 241 486 177 390 237 106 177 390 417 486 177 390 414 85 284 106 344 499
454 487 102 132 228 454 140 427 139 249 14 389 379 232 93 337 379 237 265 16
287 427 454 129 487 102 132 228 454 140 427 139 249 14 389 379 390 473 236 379
454 487 102 132 228 287 287 132 228 454 140 476 427 414 249 79 129 237 379 417
140 427 139 249 14 389 344 417 417 233 233 417 79 16 232 79 233 390 241 473
379 417 473 236 379 237 14 16 417 106 414 390 417 106 230 224 230 224 414 390
390 337 106 473 390 230 224 486 85 417 106 454 140 344 499 232 486 230 224 486
230 224 230 224 427 177 249 79 389 52 249 106 236 52 417 79 16 241 106 177
389 379 417 473 236 379 237 79 16 241 106 177 390 337 106 177 390 417 473 177
177 390 237 93 52 390 79 85 284 93 344 499 232 93 344 499 241 93 344 499
389 379 232 93 236 379 237 265 16 241 93 177 390 417 93 177 390 237 93 265
140 129 427 139 249 14 389 52 499 106 236 379 237 79 16 241 486 177 390 241
132 228 287 287 132 228 454 140 129 427 139 249 14 389 379 232 93 236 379 237
414 344 249 129 139 249 14 389 379 232 106 236 379 237 265 16 241 106 177 390
132 228 454 140 129 427 139 249 79 389 52 417 79 236 52 241 79 16 241 79
79 177 390 337 79 177 390 79 85 284 79 344 499 232 79 344 499 241 79 344
236 379 237 414 16 241 93 177 241 241 414 177 241 237 414 379 241 414 85 284
487 102 132 228 287 287 132 228 454 140 129 427 139 249 414 389 379 232 486 337
427 139 249 414 389 379 232 486 337 379 237 79 16 241 106 177 390 337 106 177
139 249 14 389 379 390 473 236 379 417 486 16 237 106 233 390 417 473 344 390
427 414 249 414 389 379 417 106 236 379 237 79 16 241 486 177 390 237 106 177
454 487 102 132 228 454 140 129 427 139 249 14 389 379 499 93 236 379 237 79
379 417 93 236 379 237 79 16 241 486 177 390 241 93 177 390 417 486 379 390
102 132 228 287 287 132 228 454 140 129 427 139 249 14 389 379 241 93 236 379
241 237 486 379 241 414 85 241 414 344 499 417 265 344 499 241 265 344 499 241
236 379 237 79 85 417 106 79 390 237 486 230 140 224 454 414 390 337 106 473
132 228 454 140 129 427 139 249 79 389 52 417 79 236 52 241 79 16 241 79
287 427 454 129 487 102 132 228 287 287 132 228 454 140 129 427 139 249 14 389
249 14 389 379 417 93 236 379 237 79 16 241 486 177 390 241 93 177 390 417
232 79 228 390 241 473 177 390 417 79 224 390 414 85 284 473 344 499 237 106
417 486 16 237 106 177 390 417 473 344 390 417 414 344 249 129 139 249 14 389
102 132 228 454 140 427 139 249 14 389 379 232 93 337 379 237 265 16 241 93
476 454 487 102 132 228 427 284 286 224 224 454 140 129 230 224 230 224 427 177
427 287 287 487 139 487 102 132 228 454 140 427 139 249 14 389 379 232 106 337
486 337 379 237 79 16 241 106 177 390 337 106 177 390 241 473 473 390 414 85
379 417 486 16 237 106 414 390 417 473 344 390 417 414 344 249 129 139 249 14
139 249 14 389 379 390 473 236 379 417 486 16 237 106 233 390 417 473 344 390
132 228 454 140 427 139 249 14 389 379 232 93 337 379 237 265 16 241 93 177
337 106 177 390 241 473 473 390 414 85 417 106 344 499 232 486 344 499 241 106
140 129 427 139 241 14 389 379 241 93 236 379 237 414 16 241 93 177 241 241
85 284 265 344 499 417 79 230 224 230 224 414 16 241 265 454 140 344 499 241
237 265 16 241 93 379 390 417 93 177 390 237 93 52 390 79 85 284 93 344
93 236 379 237 265 16 241 93 379 390 417 93 177 390 237 93 265 390 14 85
417 473 473 390 79 85 417 106 344 499 417 473 344 499 417 106 344 499 337 106
233 106 417 79 16 232 79 228 390 241 473 177 390 417 79 224 390 79 85 284
241 106 177 390 337 106 344 390 129 417 106 233 390 414 85 417 106 344 499 232
389 379 232 106 236 379 237 265 16 241 106 177 390 337 106 177 390 417 106 177
390 417 473 177 390 79 85 417 106 414 499 417 473 344 499 417 106 344 499 337
224 230 224 454 140 476 427 139 249 14 389 52 417 486 337 52 337 79 16 241
224 454 140 129 230 224 230 224 427 139 249 79 389 52 249 106 236 52 417 79
129 454 487 102 132 228 454 140 129 427 139 249 14 389 379 232 93 337 379 237
287 427 129 454 487 102 132 228 287 287 132 228 454 140 476 427 414 249 79 129
241 93 236 379 237 414 16 241 93 177 241 241 414 177 241 237 414 379 241 414
237 79 16 241 106 177 390 337 106 454 140 129 177 390 417 106 473 390 79 85
52 249 106 236 52 417 79 16 241 106 177 390 417 106 230 224 230 224 177 390
390 337 106 177 390 241 473 473 390 414 85 417 106 344 499 232 486 344 499 241
454 487 102 132 228 454 140 129 427 139 249 414 389 379 417 93 236 379 237 79
237 414 16 241 93 177 241 241 414 177 241 237 414 379 241 414 85 284 414 344
379 417 106 236 379 237 414 16 241 106 177 390 337 106 344 390 129 417 106 233
427 139 249 14 389 379 232 93 236 379 237 265 16 241 93 379 390 417 93 177
52 417 79 236 52 241 79 16 241 79 177 390 241 265 177 390 237 79 52 390
241 93 177 241 241 486 177 241 237 414 379 241 414 85 284 414 344 499 417 265
16 241 486 177 390 417 79 129 344 390 417 265 344 390 230 224 230 224 414 85
417 106 177 390 414 85 284 106 344 499 237 106 454 140 344 499 241 106 344 499
177 390 241 93 177 390 417 486 379 390 106 85 417 93 414 499 237 93 344 499
236 52 417 79 16 241 106 177 390 417 106 230 224 230 224 177 390 417 106 473
237 93 265 390 79 85 284 93 344 499 232 93 344 499 241 93 344 499 241 93
287 287 427 129 344 454 487 102 132 228 427 13 286 224 224 454 140 129 230 224
102 132 228 454 140 129 427 139 249 14 389 379 232 93 337 379 237 79 16 241
228 454 140 454 140 129 476 427 139 249 14 389 379 417 473 236 379 237 14 16
379 237 265 16 241 106 177 390 337 106 177 390 417 106 177 390 414 85 284 106
454 140 129 427 139 249 79 389 379 417 473 236 379 237 79 16 241 106 177 390
417 106 52 390 79 85 417 106 344 499 237 106 344 499 241 486 344 499 241 79
389 52 417 486 337 52 337 79 16 241 486 177 390 417 79 129 177 390 417 265
487 102 132 228 427 139 249 79 389 379 417 486 337 379 237 79 16 241 93 177
249 79 389 52 417 79 236 52 241 79 16 241 79 177 390 241 265 177 390 237
177 390 417 79 224 390 79 85 284 473 344 499 237 106 344 499 241 79 344 499
390 417 414 344 249 129 139 249 14 389 379 232 106 236 379 237 265 16 241 106
106 177 390 417 473 177 390 79 85 417 106 414 499 417 473 344 499 417 106 344
487 102 132 228 454 140 427 139 249 14 389 379 417 106 236 379 237 79 16 241
390 417 486 379 390 414 85 417 93 414 499 237 93 344 499 241 414 344 499 241
344 390 129 417 106 52 390 414 85 417 106 344 499 232 106 344 499 241 106 344
132 228 454 140 427 139 249 14 389 379 390 473 16 379 417 486 16 237 106 233
106 177 390 417 106 230 224 230 224 177 390 417 106 473 390 454 140 79 85 284
427 129 454 487 102 132 228 454 140 129 427 139 249 14 389 379 417 93 236 379
228 454 140 129 427 139 249 14 389 379 232 106 337 379 237 79 16 241 106 177
427 139 249 14 389 52 499 106 236 379 237 79 16 241 486 177 390 241 486 177
417 417 233 414 417 79 16 232 414 228 390 241 473 177 390 417 79 224 390 79
177 390 337 106 177 390 129 417 106 233 390 414 85 417 106 344 499 232 106 344
390 241 265 177 390 237 79 52 390 79 85 284 79 344 499 417 79 344 499 241
79 389 379 417 486 337 379 237 79 16 241 106 177 390 337 106 454 140 129 177
417 265 344 390 230 224 230 224 414 85 284 265 344 499 417 79 230 224 230 224
237 79 16 241 106 177 390 337 106 177 390 241 473 473 390 414 85 417 106 344
389 52 249 106 236 52 417 79 16 241 106 177 390 417 106 230 224 230 224 177
139 249 14 389 52 499 106 236 379 237 79 16 241 486 177 390 241 486 177 390
139 249 14 389 379 232 106 337 379 237 79 16 337 106 177 390 337 106 177 390
287 427 129 344 454 487 102 132 228 427 13 286 224 224 454 140 129 230 224 230
140 129 427 139 249 14 389 379 417 93 236 379 237 79 16 241 486 177 390 241
390 417 79 177 390 337 79 177 390 79 85 284 79 344 499 232 79 344 499 241
390 417 93 177 390 237 93 52 390 14 85 284 93 344 499 417 93 344 499 241
287 427 129 454 487 102 132 228 454 140 129 427 139 249 79 389 52 417 79 236
79 16 241 486 177 390 241 93 177 390 417 486 379 390 106 85 417 93 414 499
427 454 129 487 102 132 228 454 140 129 427 139 249 14 389 52 337 265 236 52
224 230 224 427 177 249 79 389 52 249 106 236 52 417 79 16 241 106 177 390
230 140 224 454 414 390 337 106 473 390 230 224 486 85 417 106 454 140 344 499
140 129 476 427 139 249 14 389 379 417 473 236 379 237 14 16 417 106 414 390
417 486 379 390 414 85 417 93 414 499 237 93 344 499 241 414 344 499 241 93
390 237 106 177 390 417 486 177 390 414 85 284 106 344 499 417 106 344 499 241
427 454 129 487 102 132 228 427 230 224 230 224 454 140 476 427 139 249 14 389
140 224 454 414 390 337 106 473 390 230 224 486 85 417 106 454 140 344 499 232
228 454 140 129 427 139 249 14 389 52 499 106 236 379 237 79 16 241 486 177
287 287 132 228 454 140 129 427 139 249 14 389 379 232 93 236 379 237 265 16
390 241 79 52 390 79 85 284 265 344 499 232 265 344 499 241 79 344 499 241
230 224 427 177 249 79 389 52 249 106 236 52 417 79 16 241 106 177 390 417
237 14 16 417 106 414 390 417 106 230 224 230 224 414 390 417 106 473 390 414
232 106 236 379 237 265 16 241 106 177 390 337 106 177 390 417 106 177 390 414
129 427 139 249 14 389 379 232 106 337 379 237 79 16 241 106 177 390 237 106
102 132 228 287 287 132 228 454 140 476 427 414 249 79 129 237 379 417 93 236
249 14 389 52 337 265 236 52 241 79 344 499 241 79 177 390 417 79 177 390
473 344 499 417 106 230 224 230 224 414 16 241 106 230 224 230 224 79 16 241
337 106 344 390 129 417 106 233 390 414 85 417 106 344 499 232 106 344 499 241
140 129 476 427 139 249 14 389 379 417 473 236 379 237 14 16 417 106 414 390
249 14 389 379 232 93 236 379 237 265 16 241 93 177 390 417 93 177 390 237
417 106 52 390 79 85 417 106 344 499 237 106 344 499 241 486 344 499 241 79
139 249 14 389 52 337 265 236 52 241 79 344 499 241 79 177 390 417 79 177
417 106 236 379 237 79 85 417 106 79 390 237 486 230 140 224 454 414 390 337
106 473 390 454 140 79 85 284 106 344 499 337 106 230 224 230 224 79 16 241
287 427 454 129 487 102 132 228 454 140 129 427 139 249 14 389 52 337 265 236
228 454 140 427 139 249 14 389 379 232 93 337 379 237 265 16 241 93 177 390
228 287 287 132 228 454 140 129 427 139 241 14 389 379 241 93 236 379 237 414
379 237 79 16 241 106 177 390 237 106 177 390 417 106 52 390 79 85 417 106
417 486 16 237 106 177 390 417 473 344 390 417 414 344 249 129 139 249 14 389
102 132 228 287 287 132 228 454 140 476 427 414 249 79 129 237 379 417 93 236
417 106 52 390 79 85 417 106 344 499 237 486 344 499 241 106 344 499 241 486
487 102 132 228 427 139 249 79 389 379 417 486 337 379 237 79 16 241 93 177
417 93 236 379 237 79 16 241 486 177 390 241 93 177 390 417 486 379 390 414
249 14 389 379 417 93 236 379 237 79 16 241 486 177 390 241 93 177 390 417
476 454 487 102 132 228 427 284 286 224 224 454 140 129 230 224 230 224 427 177
106 344 499 337 106 230 224 230 224 79 16 241 106 344 499 337 106 230 224 230
487 102 132 228 287 287 132 228 454 140 129 427 139 249 14 389 379 241 93 236
132 228 427 253 253 224 224 454 140 129 230 224 230 224 427 177 249 79 389 52
177 390 237 106 177 390 417 106 52 390 79 85 417 106 344 499 237 106 344 499
389 52 249 106 236 52 417 79 16 241 106 177 390 417 106 230 224 230 224 177
379 417 93 236 379 237 79 16 241 486 177 390 241 93 177 390 417 486 379 390
249 79 389 379 417 486 337 379 237 79 16 241 106 177 390 337 106 454 140 129
417 106 79 390 237 486 230 140 224 454 414 390 337 106 473 390 230 224 486 85
417 93 177 390 237 93 52 390 14 85 284 93 344 499 417 93 344 499 241 93
390 417 265 344 390 230 224 230 224 414 85 284 265 344 499 417 79 230 224 230
132 228 427 253 253 224 224 454 140 129 230 224 230 224 427 177 249 79 389 52
486 129 237 379 417 106 236 379 237 79 85 417 106 79 390 237 486 230 140 224
454 140 129 427 139 249 14 389 52 499 106 236 379 237 79 16 241 486 177 390
390 417 93 177 390 237 93 52 390 14 85 284 93 344 499 417 93 344 499 241
232 106 337 379 237 265 16 241 106 177 390 241 106 129 177 390 417 486 379 390
287 132 228 454 140 454 140 129 476 427 139 249 14 389 379 417 473 236 379 237
241 93 177 390 417 486 379 390 106 85 417 93 414 499 237 93 344 499 241 414
379 232 106 236 379 237 265 16 241 106 177 390 337 106 177 390 417 106 177 390
93 177 241 241 486 177 241 237 414 379 241 414 85 284 414 344 499 417 265 344
417 106 79 390 237 486 230 140 224 454 414 390 337 106 473 390 230 224 486 85
79 228 390 241 473 177 390 417 79 224 390 79 85 284 473 344 499 237 106 344
265 236 52 241 79 344 499 241 79 177 390 417 79 177 390 337 79 177 390 79
389 379 232 106 236 379 237 265 16 241 106 177 390 337 106 177 390 417 106 177
417 106 236 379 237 79 16 241 486 177 390 237 106 177 390 417 486 177 390 414
390 417 93 177 390 237 93 52 390 14 85 284 93 344 499 417 93 344 499 241
79 390 237 486 230 140 224 454 414 390 337 106 473 390 230 224 486 85 417 106
140 129 427 139 249 414 389 379 232 486 337 379 237 79 16 241 106 177 390 337
106 236 379 237 79 85 417 106 79 390 237 486 230 140 224 454 414 390 337 106
287 132 228 454 140 129 427 139 249 14 389 379 232 93 236 379 237 265 16 241
487 102 132 228 454 140 129 427 139 249 14 389 52 337 265 236 52 241 79 344
414 390 417 486 379 390 106 85 417 93 414 499 237 93 344 499 241 414 344 499
177 390 237 106 177 390 417 106 52 390 79 85 417 106 344 499 237 106 344 499
132 228 454 140 427 139 249 14 389 379 390 473 16 379 417 486 16 237 106 233
232 106 236 379 237 265 16 241 106 177 390 337 106 177 390 417 106 177 390 414
106 236 379 237 79 16 241 106 177 390 337 106 177 390 129 417 106 233 390 414
230 224 427 177 249 79 389 52 249 106 236 52 417 79 16 241 106 177 390 417
427 139 249 14 389 344 417 417 233 233 417 79 16 232 79 233 390 241 473 177
287 427 454 129 487 102 132 228 427 230 224 230 224 454 140 476 427 139 249 14
230 224 414 390 417 106 473 390 414 85 284 473 344 499 417 106 230 224 230 224
379 237 14 16 417 106 414 390 417 106 230 224 230 224 414 390 417 106 473 390
454 140 427 139 249 14 389 379 232 106 337 379 237 265 16 241 106 177 390 241
16 241 79 177 390 241 265 177 390 237 79 52 390 79 85 284 79 344 499 417
337 79 177 390 79 85 284 79 344 499 232 79 344 499 241 79 344 499 241 79
224 454 140 476 427 139 249 14 389 52 417 486 337 52 337 79 16 241 486 177
417 486 379 390 414 85 284 414 344 499 232 106 344 499 241 486 344 499 241 486
228 287 287 132 228 454 140 129 427 139 249 14 389 379 232 93 236 379 237 265
177 390 337 106 177 390 129 417 106 233 390 414 85 417 106 344 499 232 106 344
52 499 106 236 379 237 79 16 241 486 177 390 241 486 177 390 241 79 52 390
16 241 93 177 241 241 486 177 241 237 414 379 241 414 85 284 414 344 499 417
236 379 237 265 16 241 106 177 390 337 106 177 390 417 106 177 390 414 85 284
79 16 241 106 177 390 237 106 177 390 417 106 52 390 79 85 417 106 344 499
237 79 16 241 486 177 390 241 93 177 390 417 486 379 390 106 85 417 93 414
228 390 241 473 177 390 417 79 224 390 79 85 284 473 344 499 237 106 344 499
287 287 132 228 454 140 476 427 414 249 79 129 237 379 417 106 236 379 237 79
473 177 390 417 79 224 390 79 85 284 473 344 499 237 106 344 499 241 486 344
228 454 140 129 427 139 249 14 389 379 417 93 236 379 237 79 16 241 486 177
379 232 93 337 379 237 265 16 241 93 177 390 241 93 129 177 390 417 486 379
140 454 140 129 476 427 139 249 14 389 379 417 473 236 379 237 14 16 417 106
427 454 129 487 102 132 228 427 230 224 230 224 454 140 476 427 139 249 14 389
16 241 106 177 390 337 106 177 390 241 473 473 390 414 85 417 106 344 499 232
16 241 486 177 390 241 486 177 390 241 79 52 390 79 85 284 265 344 499 232
139 249 14 389 379 232 106 236 379 237 265 16 241 106 177 390 337 106 177 390
106 177 390 337 106 177 390 417 473 177 390 79 85 417 106 414 499 417 473 344
52 417 79 16 241 106 177 390 417 106 230 224 230 224 177 390 417 106 473 390
