1637 478 173 1139 1986 478 173 1986 624 624 624 624 624 624 624 624 539 1065 1065 539
473 1139 473 1139 1637 473 473 473 1139 1139 473 1139 1637 473 1139 1637 473 473 1139 1637
1120 1986 478 1139 1637 478 173 478 1139 1139 173 1139 1637 173 1139 1637 173 1139 1637 173
539 539 539 624 624 624 624 1065 1065 1120 1065 624 624 624 624 624 624 539 624 1901
1901 1901 1901 1901 1901 1901 1901 1901 1901 1901 1901 1901 1901 1901 1901 1901 1901 1901 1901 1065
1901 1901 1901 1901 1901 1901 1901 1901 1901 1901 1901 1901 1120 1120 1120 1120 624 624 422 422
624 624 624 624 624 624 422 624 624 624 422 624 1120 1120 1986 478 1139 1637 478 478
173 1139 1637 173 1139 1637 173 1139 1637 173 1139 624 1986 173 1986 1139 478 1139 1120 624
1139 1637 478 173 478 1139 1139 173 1986 1637 173 1139 1637 478 173 1139 1637 478 173 1139
1120 478 1139 1120 1986 478 1139 1637 478 173 478 1139 1139 173 1139 1637 478 173 1139 1637
906 906 539 1901 1901 1901 1901 1901 1901 1901 1901 1901 1901 1901 1901 1901 1901 1901 1901 1065
624 624 624 624 1901 1901 1120 1120 1901 1901 1901 1901 1901 1901 1901 1901 1901 1901 624 624
539 1065 1065 539 539 624 624 624 624 624 624 624 624 624 624 1637 1637 624 624 624
624 1637 173 1139 624 624 624 624 1637 478 173 1986 624 624 422 422 624 624 624 624
1986 1139 478 478 478 478 478 1139 1986 478 478 1986 624 624 624 624 624 624 539 539
624 624 422 624 624 624 422 624 422 1637 539 624 624 624 624 1637 1120 624 624 624
1139 1637 478 1120 478 1139 1139 473 1139 1637 1120 1120 473 1139 1637 473 1139 1637 173 1139
624 1065 1065 422 624 624 624 1065 1065 173 173 173 173 539 539 539 539 539 539 1065
539 624 624 1120 1120 1065 478 1986 478 478 1139 1986 1139 478 478 1139 478 478 1986 478
624 624 539 539 1901 1901 1901 1901 1901 1901 1901 1901 1901 1901 1901 1901 539 539 624 624
539 539 539 539 539 539 1065 1065 1065 1120 539 539 624 624 624 624 624 624 624 624
624 624 624 624 624 624 624 539 539 539 624 624 624 624 624 624 624 624 624 624
1986 1139 478 478 478 478 1139 478 1986 478 478 1986 624 624 624 624 624 624 539 539
906 624 1901 1901 1901 1901 1901 1901 1901 1901 1901 1901 1901 1901 1901 1901 1901 1901 1065 1065
624 624 624 624 624 624 624 624 624 624 422 624 624 624 624 624 1120 1120 1986 478
624 624 422 624 624 624 624 624 624 624 624 624 624 624 624 624 624 624 624 624
624 624 624 624 624 1120 1120 624 624 422 422 422 624 624 624 1637 1637 624 624 624
478 1139 1139 173 1986 624 624 1986 478 1139 1637 478 173 1139 1637 478 173 1139 1637 173
1986 1139 478 478 478 1139 478 1986 478 478 1986 624 624 422 624 539 539 422 624 539
1120 1120 1986 478 1139 1637 478 173 478 1139 1139 478 1139 1637 173 1139 1637 173 1139 1637
624 624 624 624 624 624 624 624 624 624 624 1065 1065 539 624 624 624 624 624 624
1637 478 173 478 1139 1139 173 1139 1637 478 173 1139 1637 478 173 1139 1637 478 173 1139
624 624 624 624 1065 539 624 624 624 624 624 539 624 624 624 624 624 624 1402 624
1637 478 473 478 1139 1139 478 1139 1637 473 1139 1637 473 1139 1637 473 1139 1120 1637 473
1986 1139 478 1139 624 1120 624 624 624 624 624 624 624 539 539 539 624 624 624 624
1139 478 1986 478 1120 1986 624 624 539 539 624 624 539 539 624 624 624 624 624 624
1901 1901 1901 1901 1901 1901 1901 1901 1901 1901 624 624 1120 1120 1120 1120 624 624 624 624
624 624 624 478 478 1986 478 1986 478 478 1986 1986 1986 1986 478 478 478 1139 478 1986
1901 1901 1901 1901 1901 1901 1901 1901 1901 1901 1901 539 539 906 906 1901 1901 1901 1901 1901
624 1120 624 624 624 539 539 624 624 624 624 624 624 624 624 624 624 624 624 624
624 624 624 624 624 539 539 624 624 624 624 624 624 624 624 624 624 624 624 624
173 1986 1139 478 1139 624 1120 624 624 624 624 624 624 624 539 539 624 624 624 624
1139 1120 624 1120 624 624 624 539 539 624 624 624 624 624 624 624 624 624 624 624
478 1986 478 1120 1139 1986 1986 1139 478 478 478 1139 478 1986 478 478 1986 624 624 624
624 624 624 624 624 624 624 624 624 624 624 624 624 624 624 624 1637 1901 624 624
624 624 624 624 624 624 624 624 624 624 624 624 624 624 624 624 624 624 624 624
624 624 624 422 422 1120 1120 422 422 1065 1065 478 1986 478 478 1986 1986 478 1139 478
1901 1901 1901 1901 1901 1901 1901 1901 1901 1901 1901 1901 1120 1120 1120 1120 624 624 422 422
478 478 478 478 478 1139 1986 478 478 1986 624 624 624 624 624 624 539 539 539 539
624 624 624 624 539 624 539 539 624 624 624 539 539 624 624 624 624 624 624 624
1139 478 478 1139 624 624 624 624 1120 624 624 624 539 539 624 624 624 624 624 624
1139 1637 478 173 1139 1139 1120 1120 1986 478 1139 478 1139 1637 478 173 478 1139 1139 173
624 624 624 624 624 624 624 624 624 624 624 624 624 1637 624 624 624 624 539 1637
1402 478 1120 1986 1139 478 1139 624 1120 624 624 624 539 539 624 624 624 624 624 624
1637 478 173 1139 1637 478 173 1986 1139 478 1139 1120 624 624 624 624 624 624 624 539
624 624 624 624 624 624 624 624 624 624 422 1120 1120 1986 478 1139 624 1637 478 173
1901 1901 1901 539 1901 1901 1901 1120 1120 624 906 906 539 1901 1901 1901 1901 1901 1901 1901
478 478 1139 478 1986 478 478 1986 539 539 624 624 624 624 624 624 539 539 624 624
478 478 478 478 1139 478 1986 478 478 1986 624 624 624 624 624 624 539 539 539 539
624 624 624 624 624 624 624 1901 1901 624 624 624 624 624 624 624 624 1637 1901 1901
624 624 624 624 624 624 624 624 624 624 624 624 624 624 624 624 624 624 624 624
1901 1901 1901 1901 1901 1901 1901 1901 1901 1901 1901 1901 1901 1901 1901 1901 1901 1901 1901 1901
1637 478 1139 1139 539 1120 478 1139 1120 1986 478 1139 1637 478 173 478 1139 1139 478 1139
1139 539 539 1065 478 1986 478 1120 1986 1986 1986 478 478 1139 478 1986 478 478 1986 1986
1139 478 1139 1637 478 478 478 1139 1139 478 1139 1637 473 1139 1637 473 1139 1637 473 1139
1139 1637 173 1139 1637 173 1139 1637 478 173 1139 1901 1901 1901 1901 1986 478 173 1986 1139
1139 1637 478 173 478 1139 1139 173 1139 1637 478 173 1139 1637 478 173 1139 1637 478 173
1139 1637 478 173 1139 1637 478 173 1139 1637 478 173 1139 624 624 624 624 1637 478 173
1637 1637 624 624 624 624 624 422 422 422 1637 1637 1120 1120 1120 1901 624 624 624 624
624 539 539 1065 1065 539 624 624 624 624 624 624 624 624 1637 624 624 624 624 624
624 624 624 624 624 624 624 624 624 624 624 624 624 624 624 624 624 624 624 624
624 624 624 624 624 624 624 624 624 624 624 624 624 1120 624 624 624 624 624 624
478 478 1139 478 1986 478 1120 1986 624 624 1402 624 1986 1986 478 478 1986 478 1986 478
539 624 624 1065 1065 1120 1065 624 624 624 624 624 624 624 624 539 1901 1901 1901 1901
1901 1901 1901 1901 1901 1901 1901 1901 1901 539 1065 906 906 1901 1901 1901 1901 1901 1901 1901
1901 1901 1901 1901 1901 1901 1901 539 1901 1120 1120 1120 1120 624 906 906 539 1901 1901 1901
478 478 1986 624 624 624 624 624 624 624 624 539 539 539 539 1637 1637 624 624 624
422 1065 1065 478 1986 478 478 1986 1986 478 1986 478 478 1986 624 624 624 624 624 624
539 539 1065 1065 624 624 624 624 624 624 624 624 624 1637 624 624 624 624 624 624
1901 1901 1901 1901 1901 1901 1901 1901 1901 1901 1901 1901 1901 1901 1901 539 1901 1901 1901 1901
1065 1637 473 1139 478 1139 1637 478 473 473 1139 1139 473 1139 1637 473 1139 1637 1120 473
1139 1637 478 173 1139 1637 478 173 1986 1139 478 1139 1120 624 1402 624 624 624 624 624
624 624 478 478 478 1986 478 478 1139 1139 624 624 1986 1139 624 624 478 478 1139 478
1120 478 1120 1139 1986 478 1139 1637 478 173 478 1139 1139 173 1139 1637 173 1139 1637 173
1637 624 624 624 624 173 1139 624 624 1637 173 1986 1986 1139 478 478 1139 539 539 624
624 624 624 624 624 624 624 624 624 624 624 624 624 624 624 624 624 624 624 624
1901 1901 1901 1901 1901 1901 1901 1901 1901 1901 1901 1901 624 1901 1120 1120 1120 539 624 906
1637 624 624 624 624 539 624 624 624 624 624 624 422 624 624 1120 624 624 422 624
624 624 624 624 624 624 624 624 624 624 624 624 624 624 624 624 624 624 624 624
1901 1901 1901 1901 1901 1901 1901 1901 1901 1901 1901 1901 1065 1065 1901 1901 1901 1901 1901 1901
1637 478 173 1139 1139 1120 1120 1986 478 1139 478 1139 1637 478 173 478 1139 1139 173 1139
539 1986 1986 478 478 1139 478 1986 478 478 1139 1986 1139 478 478 1986 478 1986 478 1120
1637 478 173 173 1139 1139 173 1139 1637 173 1139 1637 173 1139 1637 478 173 1139 1637 478
1139 1139 478 1139 1637 173 1139 1637 173 1139 1637 478 478 1139 539 1637 478 478 1986 624
1901 1901 1901 1901 1901 1901 1901 1901 1901 1901 1901 539 1901 1901 1901 1901 1901 1901 1901 1901
1120 1120 478 1139 478 473 1139 1139 1986 1139 478 478 478 478 473 1139 1986 478 473 1986
173 624 1139 624 624 624 624 624 422 624 1637 173 628 624 1120 624 624 624 624 624
1901 624 624 1120 1120 1120 1120 624 624 422 422 422 422 624 624 1901 1901 1901 1901 1901
624 624 478 478 624 624 478 1986 478 478 1139 1139 624 624 1986 1139 478 478 478 1139
478 624 624 478 1986 478 478 1139 1139 1986 1139 478 478 1139 478 1986 478 478 1986 624
1901 1901 1901 1901 1901 1901 1901 1901 1901 1901 624 1901 1120 1120 1120 624 906 624 539 1901
539 624 624 624 624 624 624 624 624 624 624 624 624 624 624 624 624 539 624 539
173 1139 1637 173 1139 1637 478 473 1139 1637 478 173 1139 624 422 422 624 1120 624 624
624 624 624 624 624 624 624 624 624 624 624 624 624 624 624 1120 1120 628 478 1139
539 539 1901 1901 1901 1901 1901 1901 1901 1901 1901 1901 1901 1901 1901 1901 1901 1901 1901 1901
624 624 624 624 624 539 539 539 539 624 624 624 624 624 624 1402 624 624 478 478
906 906 1901 1901 1901 1901 1901 1901 1901 1901 1901 1901 1901 1901 1901 1901 1901 1901 1901 1901
1402 624 624 624 624 1637 624 624 624 422 1986 624 624 1637 624 624 1637 624 624 624
539 624 624 624 624 624 624 624 624 624 624 422 539 1901 1901 539 624 1901 1901 1901
1637 1901 624 624 624 624 422 624 1402 422 1120 1120 1901 1901 1901 1901 1901 1901 1986 478
624 624 624 624 624 624 624 624 624 624 624 624 624 624 624 624 624 624 624 624
624 624 624 624 624 624 624 624 624 624 624 624 624 624 624 624 624 624 624 624
1901 624 1120 1120 1120 1120 624 906 906 1120 1065 1065 1901 1901 1901 1901 1901 1901 1901 1901
1901 906 906 1901 1901 1901 1901 1901 1901 1901 1901 1901 1901 1901 1901 1901 1901 1901 1901 1901
624 624 624 624 624 624 539 624 539 624 624 624 539 539 624 624 624 624 624 624
1986 478 1139 1637 478 473 478 1139 1139 473 1139 1637 473 1139 1637 473 1986 1637 473 1139
1901 1901 1901 1901 1901 1901 1901 1901 539 539 906 906 1901 1901 1901 1901 1901 1901 1901 1901
1120 1120 1402 1120 624 906 906 1065 1065 539 1901 1901 1901 1901 1901 1901 1901 1901 1901 1901
539 624 422 1065 624 1065 1120 173 539 539 1065 1065 1120 539 539 624 624 624 624 624
478 1139 1637 478 473 473 1139 1139 473 1139 1637 473 1139 1637 473 1139 1637 473 1139 1139
1637 478 1139 1139 539 1120 478 1139 1120 1986 478 1139 1637 478 173 478 1139 1139 478 1139
624 624 624 624 624 624 624 624 624 624 624 624 624 624 624 624 624 624 624 624
624 624 624 624 624 624 624 624 624 624 624 624 624 539 539 624 624 624 624 624
624 624 624 624 624 1637 1901 1120 1120 624 624 422 624 624 624 624 624 1637 1637 1120
539 624 624 624 624 624 624 624 624 624 624 624 624 624 624 624 624 624 624 624
478 1139 478 1986 478 478 1986 1986 1139 478 478 478 1139 1120 1120 624 624 624 624 624
1901 1901 1901 1901 1901 1901 1901 1901 1901 1901 1901 1901 1901 1901 1901 1901 1901 539 539 906
1065 1120 1065 539 624 624 624 624 624 624 624 624 624 624 624 624 539 1901 1901 1901
624 1901 1901 1901 1901 624 624 624 624 539 539 1065 1065 624 624 624 624 624 624 624
1901 1901 1901 1901 1901 1901 1901 1901 1901 1901 1901 1901 1901 1901 1901 1901 1901 1901 1901 1901
539 539 624 624 539 539 624 624 624 624 624 624 539 539 539 539 1986 1139 478 478
1120 628 1139 478 1139 1120 624 624 624 624 624 624 624 539 539 624 624 624 624 624
1065 1120 1065 539 624 624 624 624 624 624 624 624 624 624 624 539 1901 539 1901 624
624 624 624 1065 1065 624 624 624 624 422 624 624 624 624 1120 624 422 422 422 1120
473 1139 1139 478 1139 1637 473 1139 1637 473 1139 1637 473 1139 1637 473 1986 624 624 422
624 624 539 539 624 624 624 624 624 624 624 624 624 624 624 624 624 624 624 624
1065 478 1986 478 1986 1986 1986 1986 478 478 1139 478 1986 478 478 1986 1986 1139 478 478
624 624 1986 1139 478 478 1139 478 1986 478 478 1139 624 624 624 624 624 624 624 624
624 624 1065 1065 1120 173 173 173 539 539 539 539 539 539 1065 1065 1065 1120 1065 539
624 624 1065 1065 539 539 624 624 1120 1120 1065 478 1986 478 478 1139 1986 1139 478 478
1637 478 473 473 1139 1139 473 1139 1637 473 1139 1637 473 1139 1637 473 1139 1139 1120 473
624 624 624 539 624 422 624 422 1065 1065 1120 1120 1986 478 1139 1637 478 173 478 1139
624 624 624 624 624 624 624 624 624 539 539 1901 1901 1901 1901 1901 1901 1901 1901 1901
624 624 624 624 539 539 1901 1901 1901 1901 1901 1901 1901 1901 1901 1901 1901 1901 539 539
1139 1637 473 1139 1637 478 473 1139 1637 478 473 1139 1637 173 1139 1139 478 1139 1120 1120
624 624 1986 1986 422 624 624 624 624 624 478 478 1139 478 1986 478 1120 1139 1986 1986
173 1139 1637 173 1139 1637 173 1986 1637 478 173 1139 624 1986 478 173 1986 1139 478 1139
1139 1637 473 1139 1637 173 1139 1637 173 1139 1139 1120 473 1986 478 1139 478 1139 1637 478
1901 1901 1901 1986 478 1901 1986 1986 478 1139 1402 1120 1901 1901 1901 1901 624 1402 624 624
1901 1901 1901 1901 1901 1901 1901 1901 1901 624 1901 1120 1120 1120 624 906 906 539 1901 1901
539 624 624 624 624 624 1065 1065 624 1120 1065 624 624 624 624 624 624 1901 1901 1901
624 624 624 624 624 624 624 624 624 624 624 624 624 539 539 624 624 624 539 539
624 624 624 624 1065 1065 539 539 624 624 1120 1120 1065 478 1986 478 478 1139 1986 1139
478 1139 1637 624 478 173 478 1139 1139 173 1139 1637 173 1139 1637 173 1139 1637 173 1139
539 539 624 624 624 539 539 624 624 624 624 624 624 624 624 624 624 624 624 624
478 173 473 1139 1139 173 1139 1637 173 1139 1637 173 1986 1637 173 1139 1637 478 173 1139
624 624 624 1901 1901 1901 1901 624 624 624 624 624 624 624 624 1120 1120 1901 1901 1120
173 1139 1637 173 1139 1637 173 1139 1637 478 173 1139 1901 1901 1901 1901 1986 478 173 1986
1901 1901 906 539 1901 1901 1901 1901 1901 1901 1901 1901 1901 1901 1901 1901 1901 1901 1901 1901
624 624 624 624 906 539 1901 1901 1901 1901 1901 1901 1901 1901 1901 1901 1901 1901 1901 1901
624 624 1120 1120 1986 478 1139 1637 478 478 478 1139 1139 478 1139 1637 624 478 1139 624
624 624 624 624 624 539 624 539 624 624 624 539 539 624 624 624 624 624 624 624
1139 1637 173 1139 624 1637 173 1986 1139 478 1139 1120 624 624 624 624 624 624 624 624
478 478 1139 1139 1637 478 173 478 1139 1139 478 1986 1637 478 1139 1637 478 478 1139 1637
624 624 624 624 624 624 624 624 624 624 624 422 624 624 624 624 422 624 1637 624
1901 1901 1901 1901 1901 1901 1901 1901 1901 1901 1901 1901 1901 1901 1901 1901 539 1901 1901 1901
1901 1901 1901 1120 624 624 624 624 539 1120 624 624 624 539 539 624 624 624 624 624
539 624 624 624 624 624 624 624 624 624 624 624 624 422 624 624 624 624 624 1637
1637 478 1139 1637 478 1139 624 1637 478 1139 1139 478 1139 1120 624 1402 624 624 624 624
1139 473 1139 1637 1120 1120 473 1139 1637 473 1139 1637 173 1139 1637 173 1986 1139 478 1139
624 624 624 624 1901 539 624 624 422 422 1120 1901 624 624 422 624 1120 1637 1637 624
539 906 906 1901 1901 1901 1901 1901 1901 1901 1901 1901 1901 1901 1901 1901 1901 1901 1901 906
539 906 1901 1901 1901 1901 1901 1901 1901 1901 1901 1901 1901 1901 1901 1120 1120 1120 624 906
173 1986 1637 173 1139 1986 1120 478 1139 1120 1986 478 1139 1637 478 173 478 1139 1139 173
624 624 624 624 624 422 624 624 1120 624 422 422 624 1120 1120 1986 478 1139 1637 478
624 624 624 624 624 624 624 624 624 624 539 539 624 624 624 624 624 624 624 624
1637 173 1139 1637 478 173 1139 1986 478 173 1139 1139 478 1139 1120 624 1402 624 624 624
478 173 478 1139 1139 173 1139 1637 478 173 1139 1637 478 173 1139 1637 478 173 1139 624
624 539 539 624 624 624 624 1065 1065 624 624 624 624 624 624 624 624 624 624 624
1139 478 1986 478 478 1986 1986 1139 478 478 1139 478 1986 478 478 1139 624 624 624 624
624 624 624 624 624 624 624 539 539 624 624 624 624 624 624 624 624 1402 1120 1986
539 624 624 624 624 624 624 624 624 624 624 624 624 624 624 539 624 539 624 624
1065 1120 1065 624 624 624 624 906 539 906 1901 1901 1901 1901 1901 1901 1901 1901 1901 1901
906 1065 539 1901 1901 1901 1901 1901 1901 1901 1901 1901 1901 1901 1901 1901 1901 1901 1901 1901
624 624 624 624 624 624 539 539 1901 1901 1901 1901 1901 1901 1901 1901 1901 1901 1901 1901
539 539 1065 1065 1065 1120 1065 539 539 624 624 624 624 624 624 624 624 624 624 624
624 624 624 624 624 624 624 624 624 624 624 624 624 624 624 624 624 624 624 624
1120 1402 1120 624 906 906 539 1901 1901 1901 1901 1901 1901 1901 1901 1901 1901 1901 1901 1901
1901 1901 1901 1901 1901 1901 1901 1901 1901 1901 1901 1901 1901 539 1901 1901 1901 1901 1901 906
624 624 624 624 624 624 1120 1120 478 1986 478 473 1139 1139 1986 1139 478 478 478 478
539 1120 1120 1986 478 1139 1637 478 478 478 1139 1139 478 1139 1637 478 478 1139 1637 478
624 1637 1402 624 624 624 624 539 539 624 624 624 624 624 624 624 624 624 624 624
1139 1637 473 1139 1637 473 1139 1637 473 1139 1139 473 473 1139 473 1139 473 1139 1637 473
478 478 1986 1139 478 478 1139 624 624 624 624 1120 624 624 624 539 539 624 624 624
1139 1637 478 473 478 1139 1139 478 1139 1637 473 1139 1637 473 1139 1637 473 1139 1637 473
1901 1901 1901 1901 1901 1901 1901 1901 1901 1901 1120 1901 1901 1901 1901 478 173 1901 1901 1901
1637 1637 624 624 624 624 624 624 624 624 624 624 624 624 624 624 624 624 624 624
539 1901 1901 1901 1901 1901 1901 1901 1901 1901 1901 1901 1901 539 539 906 906 1901 1901 1901
1139 173 1139 1637 173 1139 1637 173 1139 624 624 1637 624 624 624 624 173 1139 624 624
624 624 624 624 624 624 624 624 624 422 624 422 624 624 624 624 1065 1065 1120 1120
624 624 624 624 624 624 624 539 539 1065 1065 1901 1901 539 539 624 624 624 624 624
478 478 478 1986 478 1986 1986 624 624 1986 1986 478 478 1139 478 1986 478 1120 1986 624
624 624 624 624 422 624 422 624 422 624 422 539 1120 1637 624 422 624 422 1637 624
624 624 624 624 624 624 624 624 624 624 624 624 624 624 624 624 624 624 624 624
624 624 624 1065 1065 1120 173 173 173 539 539 539 539 539 539 1065 1065 1065 1120 539
1901 1901 1901 1901 1901 1901 1901 624 1901 1901 1901 1901 624 1120 1120 1120 1120 624 422 422
624 624 624 624 624 624 624 624 624 624 624 422 624 624 624 624 624 1120 1120 1986
1901 1901 1901 1901 1901 1901 1901 1901 1120 1120 1120 624 906 906 1901 1901 1901 1901 1901 1901
1901 1901 1901 539 1901 1901 1901 1901 1901 1901 1901 1901 1901 1901 1901 1120 1120 1120 624 906
624 624 1120 624 422 422 624 1637 624 422 422 624 1637 1120 624 422 422 624 1637 1637
624 624 624 1065 1065 624 1120 1065 624 624 624 624 624 422 1901 1901 1901 1901 1901 1901
624 624 624 624 539 539 1120 624 624 624 539 539 624 624 624 624 624 624 624 624
1637 478 173 478 1139 1139 173 1139 1986 173 1139 1986 539 539 173 1139 1637 173 1139 1139
624 624 624 624 624 624 624 624 624 624 624 624 624 624 624 624 624 624 624 624
1637 1120 1139 1637 1986 1139 1986 478 1986 1139 478 1139 624 1120 624 624 624 624 624 624
624 624 624 624 624 624 624 1065 539 624 624 624 624 624 539 624 624 624 624 624
478 1120 1986 624 624 624 624 624 624 539 539 539 539 624 624 624 624 1986 478 478
1901 1901 1901 624 624 624 624 624 624 624 624 1637 1901 624 624 624 624 624 624 624
624 624 624 624 624 624 624 624 624 624 624 624 624 624 624 624 624 624 624 624
539 539 1065 1065 539 624 624 624 624 624 624 624 624 1637 624 624 624 624 624 624
1901 1901 1901 1901 1901 1901 1901 1901 1120 1120 539 539 1120 473 1986 478 628 1637 478 473
1637 478 1139 539 539 1065 478 1986 478 478 1139 1986 1139 478 478 1139 478 1986 478 478
1637 478 1139 1139 1120 478 1139 1120 1986 478 1139 1637 478 478 478 1139 1139 478 1139 1637
1120 1120 1120 624 906 906 1120 1901 1901 1901 1901 1901 1901 1901 1901 1901 1901 1901 1901 1901
478 1986 478 1120 1986 1986 1986 478 478 1986 624 624 624 624 624 624 624 624 539 539
624 1120 624 624 624 624 1120 1120 1986 478 1139 1637 478 473 478 1139 1139 478 1139 1637
1139 173 1139 1637 173 1139 1637 173 1139 1637 478 173 1139 1986 478 173 1986 624 624 422
1139 624 624 624 624 624 624 624 624 624 624 624 624 624 624 624 624 624 624 624
624 624 539 539 624 624 624 624 1065 1065 624 624 624 624 624 624 624 624 624 624
1901 1901 1901 1901 1901 1901 1901 1901 1901 1901 1901 1901 1901 1901 1901 1901 1901 1901 1901 1901
473 1139 1139 478 1139 1637 473 1139 1637 473 1139 1637 473 1139 1637 473 1986 624 624 422
1065 1120 473 1986 478 1139 1637 478 173 478 1139 1139 173 1986 1637 173 1139 1637 478 173
1986 478 1139 1637 478 173 478 1986 1139 173 1986 1637 173 1139 1637 478 173 1139 1637 478
1637 478 1120 1986 539 624 624 624 624 539 1065 1065 539 624 624 624 624 1637 624 624
624 624 624 624 624 624 624 624 624 624 624 624 624 624 539 539 624 624 624 539
478 1139 478 1986 478 478 1986 1986 1139 478 478 478 1139 1120 1120 624 624 624 624 624
1986 624 624 624 624 624 624 624 624 539 539 1120 1901 539 539 624 624 624 624 624
624 624 624 624 624 624 624 624 624 624 624 624 624 624 624 624 624 624 624 624
624 624 539 624 624 624 624 624 624 422 422 624 1120 624 422 422 624 1637 624 422
1901 1901 1901 1901 1901 1901 1901 1901 1901 1901 1901 1901 1901 1901 1901 1901 1901 1901 1901 1901
1901 1901 1901 1901 1901 906 1901 1901 1901 1901 1120 906 1901 1901 1901 1901 1901 1901 1901 1901
539 539 539 1065 1065 1120 1065 539 539 624 624 624 624 624 624 624 624 624 624 624
1901 1901 539 539 906 906 1901 1901 1901 1901 1901 1901 1901 1901 1901 1901 1901 1901 1901 1901
624 624 1637 1637 624 624 624 624 624 422 422 422 1637 1637 1120 1120 1120 1901 624 624
624 624 624 624 624 624 624 624 624 1120 1120 1986 478 1139 624 624 1637 478 478 478
1402 1120 1986 624 624 624 624 624 624 624 624 539 539 1065 1065 624 624 624 624 624
624 624 624 624 624 624 624 624 624 624 624 624 624 624 624 624 624 624 624 624
1901 1901 1901 1120 1120 624 906 906 539 1901 1901 1901 1901 1901 1901 1901 1901 1901 1901 1901
624 624 624 624 624 624 539 539 1065 1065 539 539 624 624 624 624 624 624 624 624
1120 624 422 624 422 624 422 422 422 1120 173 1139 478 1139 1637 478 473 478 1139 1139
624 624 1637 624 624 624 624 624 624 624 624 624 624 624 624 624 624 624 624 624
624 624 624 624 624 624 624 624 624 624 624 624 624 624 624 624 624 624 624 624
624 624 624 1637 624 624 624 624 624 422 624 422 624 422 624 422 539 1120 1637 624
624 624 539 624 624 539 624 624 624 624 624 624 624 624 624 624 624 539 624 624
1139 1139 473 1986 1637 473 1139 1637 478 473 1139 1637 478 473 1139 1139 1120 473 1986 478
624 624 624 624 1065 1065 624 624 1065 1065 539 539 173 173 173 173 539 539 539 539
628 624 624 624 624 624 624 624 624 624 624 539 539 624 624 624 624 624 624 624
1986 1986 478 478 478 478 1986 478 1986 478 478 1986 624 624 624 624 624 624 539 539
624 624 624 624 624 539 624 624 539 624 624 624 539 539 624 624 624 624 624 624
1901 1901 1901 1901 1901 1901 1901 1901 1901 1901 1901 1901 1065 1065 1901 1901 1901 1901 1901 1901
1120 473 1139 478 1139 1637 478 473 473 1139 1139 473 1139 1637 473 1139 1637 473 1139 1637
478 1402 1986 539 624 624 624 624 539 1065 1065 539 624 624 624 624 1637 624 624 624
624 624 624 1637 624 624 624 624 624 422 624 422 624 422 624 422 539 1120 1637 624
624 624 624 624 624 624 624 624 624 624 624 624 624 624 624 624 624 624 624 624
1901 1901 1901 1901 1901 1901 624 624 624 624 624 624 422 624 624 624 624 624 624 624
906 624 539 1901 1901 1901 1901 1901 1901 1901 1901 1901 1901 1901 1901 1901 1901 1901 1901 1901
1637 478 473 478 1139 1139 173 1139 624 624 1637 473 1139 1637 173 1139 1637 473 1139 624
1120 473 1139 478 1139 1637 478 473 473 1139 1139 473 1139 1637 473 1139 1637 473 1139 1637
173 1139 1637 173 1139 1637 173 1139 1637 478 1139 1637 173 1986 624 624 624 422 624 624
624 624 624 624 624 624 624 1120 1120 624 624 624 624 624 624 624 624 1637 1637 624
1120 1065 539 539 624 624 624 624 624 624 624 624 624 624 624 624 624 624 624 624
1901 1901 1901 1901 1901 1901 1901 1901 1901 1901 1901 1901 1901 1065 1065 1120 1901 1120 1901 1901
624 624 624 539 539 539 539 1986 1986 539 539 478 478 478 1986 478 1986 478 1120 1986
624 624 539 1120 539 624 624 1901 1901 1901 1901 624 624 624 624 624 624 624 624 624
1986 1139 478 478 1139 624 624 624 624 624 624 624 624 539 539 1065 1065 539 539 624
173 1139 1065 1065 478 1986 478 478 1986 1986 1986 478 478 1986 624 624 624 624 624 624
478 1139 478 1986 478 478 1986 1986 1139 478 478 1139 1986 478 1139 1139 478 1139 624 624
1901 1901 1901 1901 1901 1901 1901 1901 1901 1901 1901 1901 1901 1901 1901 1901 1901 1901 1901 1901
1120 1120 624 906 906 1901 1901 1901 1901 1901 1901 1901 1901 1901 1901 1901 1901 1901 1901 1901
1139 1637 173 1986 1139 478 1139 624 624 624 624 624 624 624 624 1120 1120 1065 539 478
1139 173 1139 1637 173 1139 1637 173 1139 1637 173 1139 1637 173 1139 539 624 624 624 624
624 624 624 624 624 624 624 624 624 539 539 624 624 624 624 624 624 624 624 624
1901 1901 1901 1901 1901 1901 1901 1901 1901 1901 1120 1120 1120 624 906 906 1901 1901 1901 1901
624 1065 906 1901 1065 1901 1901 1901 1901 1901 1901 1901 1901 1901 1901 539 539 1901 1901 1901
422 624 624 422 422 422 1637 624 422 422 422 1637 1120 624 422 422 422 1901 1120 1120
1901 1901 1901 1901 1901 1901 1901 1901 1901 1901 1901 1901 1901 1901 1901 1901 1901 1901 1901 1901
173 1139 624 1637 173 1139 624 624 1637 624 173 624 1139 624 624 624 624 624 624 624
1901 1901 1901 1901 624 624 1120 1120 1120 478 624 624 624 624 624 624 624 624 1901 1901
1986 478 1120 1986 624 624 624 624 539 539 624 624 539 539 624 624 624 624 624 624
1901 1901 1901 1901 1901 1901 1901 1901 1065 1065 1901 1120 1901 478 1901 1901 478 1901 478 1901
478 478 1139 624 624 478 1986 478 1986 1139 624 624 624 624 624 624 624 624 422 422
624 624 624 624 624 624 624 624 624 624 624 624 624 624 624 624 624 624 624 624
624 624 624 624 1901 624 624 422 624 539 1901 624 624 624 624 1901 1901 1901 1901 1901
1139 1139 473 1986 1637 173 1139 1637 478 473 1139 1637 478 473 1139 1637 478 473 1986 1139
1139 1637 173 1139 624 1637 173 1986 1139 478 1139 1120 624 624 624 624 624 624 624 539
1120 1120 1986 478 1139 624 624 1986 478 478 478 1139 1139 478 1139 624 624 624 1637 478
1901 1065 1065 1901 1901 1120 1120 624 624 422 422 422 422 422 422 1901 1901 1901 1901 1901
624 422 624 624 624 624 1120 624 624 624 422 539 1120 624 624 422 1901 624 1901 1120
624 624 624 624 624 624 624 624 539 539 624 624 624 624 624 624 624 624 624 624
624 624 624 624 624 624 624 624 624 624 422 624 624 624 624 624 624 624 539 539
1139 1637 173 1139 1637 1120 1139 1637 1120 1139 624 624 624 624 539 539 624 624 624 624
624 624 624 624 624 624 624 624 624 624 624 624 624 1120 1120 1986 478 1139 1637 478
1901 1901 1901 1901 1901 1901 1901 1901 1901 1901 539 539 1901 1901 1901 1901 906 906 624 624
624 624 624 624 624 624 624 624 624 1120 422 624 624 624 624 624 624 624 624 624
1901 1901 1901 1901 1901 1901 1901 1901 1901 1901 1901 1901 1901 1901 1901 1901 1901 1901 906 1901
1901 1901 1901 1901 1901 1901 1901 1901 1901 1901 1901 1901 1901 1901 1901 906 1901 1901 1120 1901
906 1901 1901 1901 1901 1901 1901 1901 1901 1901 1901 1901 1901 1901 1901 1901 1901 1901 1901 1901
1065 624 624 624 624 624 624 539 422 1901 1901 1901 1901 1901 1901 1901 1901 1901 1901 1901
539 539 624 624 624 624 624 624 624 624 624 624 624 624 624 624 624 1402 1120 628
1901 1901 1901 1901 1901 1901 1901 1901 1901 1901 1901 1901 1901 1901 1901 1901 1901 1901 1901 1901
624 624 624 624 624 624 624 624 1120 1065 1065 624 624 624 624 624 624 624 624 624
1120 1120 1402 1120 624 624 624 624 624 422 1065 1065 539 539 624 624 1120 1120 1065 478
1901 1901 1901 1901 1901 1901 1901 1901 1120 1120 906 906 906 1901 1901 1901 1901 1901 1901 1901
1402 1986 539 624 624 624 624 539 1065 1065 539 624 624 624 624 1637 624 624 624 624
1120 624 624 624 624 624 624 624 539 539 539 1120 624 624 624 624 624 624 624 624
173 1139 1637 173 1139 1637 173 1139 1139 1120 478 1139 473 1139 478 1139 1637 478 473 478
1986 478 1986 1986 1986 1986 478 478 1986 624 624 478 1986 478 1986 1986 624 624 1986 1139
1901 1901 1065 1065 1120 1120 1139 478 1139 1637 478 473 473 1139 1139 473 1139 1637 473 1139
624 624 624 624 624 1065 1065 624 624 624 624 624 539 624 624 624 624 624 624 1402
539 1901 624 624 624 624 1901 1901 1901 1901 1901 624 422 624 624 1901 1120 1901 1901 624
478 478 1139 1637 478 173 1139 624 624 624 624 624 624 624 624 539 539 478 1986 478
1986 478 478 1139 1139 624 624 1986 1139 624 624 478 478 1139 478 1986 478 478 1986 1986
624 624 624 624 624 624 624 624 624 624 624 624 624 539 624 624 539 624 624 624
1901 1901 1901 1901 1901 1901 1901 1901 1901 1901 1901 1901 1901 1901 1901 1901 1065 1065 1901 1901
539 539 539 624 624 624 624 624 624 1065 1065 1120 1065 624 624 624 624 624 1901 1901
1901 1901 1901 1901 1120 1901 1901 1901 1901 624 624 624 624 624 624 624 539 539 624 624
1901 1901 1901 1901 1901 1901 1901 1901 1901 1901 624 1901 1120 1120 1120 624 906 624 539 1901
1120 624 624 624 624 624 624 624 539 539 624 624 624 624 624 539 624 624 624 624
906 624 539 1901 1901 1901 1901 539 1901 1901 1901 1901 1901 1901 1901 1901 1901 1901 1901 1901
624 624 624 539 624 624 624 624 624 624 624 624 624 624 624 624 624 624 624 624
624 1065 1065 422 624 624 624 1065 1065 173 173 173 173 539 539 539 539 539 539 1065
1065 1120 1120 1139 478 1139 1637 478 473 473 1139 1139 473 1139 1637 473 1139 1637 473 1139
624 624 624 422 624 1637 624 422 624 624 1637 1120 624 624 624 624 1120 1637 1120 1120
1901 1901 1901 1901 1901 1901 539 539 906 906 1901 1901 1901 1901 1901 1901 1901 1901 1901 1901
624 624 624 624 624 624 624 624 539 539 624 624 624 539 539 624 624 624 624 624
624 624 624 624 624 624 624 624 624 624 624 624 624 624 624 624 624 624 624 624
539 539 624 624 624 539 539 624 624 624 624 624 624 624 624 624 624 624 624 624
1065 1065 624 624 624 624 624 624 624 624 624 624 624 1637 624 624 624 624 624 422
624 624 624 624 624 624 624 624 624 624 624 624 624 624 624 624 624 624 624 624
1901 1901 1901 1901 1901 1901 1901 1065 1065 1901 1120 1901 478 1901 1901 478 1120 478 1901 1901
539 1120 1120 1986 478 1139 1637 478 478 478 1139 1139 478 1139 1637 478 1139 1637 478 1986
1120 1637 473 1139 1139 1120 473 1139 478 1139 478 1139 1637 478 473 473 1139 1139 473 1139
539 539 539 539 624 624 624 624 1065 1065 1120 1065 624 624 624 624 624 624 624 539
539 1065 539 624 624 624 624 1065 1065 624 624 1065 1065 539 539 173 173 173 173 539
1065 1065 1637 473 1139 478 1139 1637 478 473 473 1139 1139 473 1986 1637 473 1139 1637 478
1637 624 624 624 624 624 624 624 624 624 624 624 624 624 624 624 624 624 624 624
624 624 624 624 624 1986 1986 1139 478 478 478 1139 478 1986 478 478 1986 624 624 422
1139 624 1637 478 173 473 1139 1139 624 173 1139 624 1637 624 624 473 1139 1402 1637 173
1139 1139 478 1139 1120 624 1120 624 624 624 539 539 624 624 624 624 624 624 624 624
478 1139 624 1120 624 624 624 539 539 624 624 624 624 624 624 624 624 624 624 624
624 624 624 624 624 624 624 624 624 624 624 539 539 1901 1901 1901 1901 1901 1901 1901
478 1120 1986 1986 1986 478 478 1986 478 478 1986 478 478 1986 1986 1986 478 478 1986 1901
624 624 624 624 624 624 624 624 624 624 624 624 624 422 624 1637 539 624 624 422
1901 1901 1901 1901 1901 1901 1901 1901 1901 1901 1901 1901 1901 1901 1901 539 1901 1901 1901 1901
624 906 539 1901 1901 539 906 1901 1901 1901 1901 1901 1901 1901 1901 1901 1901 1901 1901 1901
1901 1901 1901 1901 1901 1901 1901 1901 1901 1901 1901 1901 1901 1901 1901 1901 1901 1901 1901 1901
539 624 624 624 624 624 624 624 624 624 624 624 624 624 624 624 624 624 624 1637
624 539 539 539 539 624 624 624 624 624 624 1065 1065 1120 1065 624 624 624 624 422
478 1139 478 1986 478 1120 1986 624 624 539 539 624 624 539 539 624 624 624 624 624
1139 1637 478 1120 1139 624 624 624 624 1986 1120 1139 624 624 624 624 539 539 539 624
539 1065 1065 1120 1065 539 624 624 624 624 624 624 624 624 624 624 624 539 1901 1901
1901 1901 1901 1901 1901 1901 1901 1901 1901 1901 1901 1901 1901 1901 1901 1901 1901 1901 1901 539
1901 1120 1120 906 906 906 1901 1901 1901 1901 1901 1901 1901 1901 1901 1901 1901 1901 1901 1901
478 1139 1139 1120 478 1139 1120 1986 478 1139 1637 478 478 478 1139 1139 478 1139 1637 173
478 478 1139 478 1986 478 1120 1139 624 624 1986 1139 478 478 1139 478 1986 478 478 1986
624 624 624 624 624 624 624 624 624 624 624 624 624 624 624 624 624 624 624 624
478 473 478 1139 1139 478 1139 1637 473 1139 1637 478 1139 1637 473 1139 1901 1901 1901 1901
624 539 624 624 624 624 1120 624 624 624 624 1120 624 624 624 624 1120 1120 1120 1120
624 624 624 624 422 624 624 1120 1120 1986 478 1139 624 422 1986 478 1120 478 1139 1139
624 624 624 624 624 539 539 539 539 624 624 624 624 624 624 1402 624 624 478 478
1120 1120 1986 478 1139 478 1139 1637 478 173 478 1139 1139 173 1139 1637 173 1139 1637 173
173 1139 1637 173 1139 539 1637 478 173 1139 1637 478 173 1139 1139 478 1139 1402 1120 624
1065 1120 473 1986 478 1139 1637 478 173 478 1139 1139 173 1986 1637 173 1139 1637 478 173
539 906 1901 1901 1901 1901 1901 1901 1901 1901 1901 1901 1901 1901 1901 1120 1120 1120 624 906
1901 1901 1901 1901 1901 1901 1901 1901 1901 1901 1901 1901 539 539 906 906 1901 1901 1901 1901
539 1065 539 624 624 624 624 1065 1065 624 624 1065 1065 539 539 173 173 173 173 539
478 478 1139 478 1986 478 1986 1986 624 624 624 624 624 624 1986 1139 624 624 478 478
1901 1901 1901 1901 1901 1065 1065 539 1120 1120 1986 478 1139 1637 478 173 478 1139 1139 173
624 624 624 624 624 539 539 539 539 624 624 624 624 624 624 539 539 539 539 1402
624 624 624 624 624 624 624 624 1120 539 624 624 624 624 1120 1120 624 624 624 624
539 539 1065 1065 1065 1120 1065 539 539 624 624 624 624 624 624 624 624 624 624 624
624 1065 422 1065 539 173 173 539 539 539 1065 1065 1120 1065 539 624 624 624 624 624
539 624 906 906 624 906 624 1901 1901 1901 1901 1901 1901 1901 1901 1901 1901 1901 1901 1901
624 1402 624 1901 478 173 1986 1986 478 1139 1120 1901 1901 1901 1901 1120 624 1901 1901 1901
1139 539 539 1120 1120 1986 478 1139 1637 478 478 478 1139 1139 478 1139 1637 478 478 1139
624 1402 1120 1986 1139 478 1139 1120 624 624 624 624 624 624 624 539 539 624 624 624
1901 1901 1120 624 1901 1901 1901 1901 1901 1901 1901 1901 1120 624 624 624 624 539 1120 624
624 1065 1065 624 624 624 624 422 624 624 624 624 1637 624 422 422 422 1120 624 422
173 1139 624 624 624 624 624 624 624 624 539 539 478 1986 478 478 1986 1986 1139 478
1901 1901 624 1901 1120 1120 1120 624 906 906 539 1901 1901 1901 1901 1901 1901 1901 1901 1901
539 906 906 1901 1901 1901 1901 1901 1901 1901 1901 1901 1901 1901 1901 1901 1901 1901 1901 1901
906 1901 1901 1901 1901 1901 1901 1901 1901 539 906 1901 1901 1901 1901 1901 1901 1901 1901 1901
1139 478 1986 478 1986 1139 1986 1139 478 478 1139 478 1986 478 1120 1986 624 624 1402 624
1637 173 628 624 1120 624 624 624 624 624 624 539 539 624 624 624 624 624 624 624
478 1139 624 624 624 624 624 624 624 624 1120 1120 478 1986 478 478 1139 1139 1986 1139
1901 1901 1901 1901 539 1901 1901 1901 1901 1901 1901 1901 1901 1901 1901 1901 1901 1901 1901 906
624 624 624 624 624 624 624 422 539 624 422 624 624 1065 1065 1120 1120 1986 478 1139
624 624 624 624 624 624 624 624 624 624 624 624 624 624 624 624 539 624 539 539
478 1139 1637 473 1139 1637 173 1139 1637 173 1139 1986 173 1986 624 624 624 624 1901 1901
624 624 624 624 1901 624 624 624 624 624 539 624 624 422 624 624 624 1120 624 624
1986 1139 478 1139 1120 624 624 624 539 539 624 624 624 624 624 624 624 624 624 624
1120 1120 1402 1120 539 624 624 624 624 624 624 1901 1901 1901 1901 1901 1901 1901 1901 1901
473 473 1139 1139 173 1139 1637 478 473 1139 1120 1120 1637 478 473 1139 1637 478 1402 624
624 624 624 624 624 624 624 624 624 624 624 624 1402 624 624 624 624 624 624 624
1139 1637 1120 1139 1986 1120 1986 1139 478 1139 624 1120 624 624 624 624 624 624 624 539
1901 1901 1901 1901 1901 1901 1901 1901 1901 1901 1901 1901 1901 1901 1901 1065 1065 1901 539 1901
1139 1139 1120 478 1139 1120 1986 478 1139 1637 478 478 478 1139 1139 478 1139 1637 478 1139
539 1120 1120 1986 478 1139 1637 478 478 478 1139 1139 478 1139 1637 478 1139 1637 624 478
1901 1901 1901 1901 1901 1901 1901 1901 1901 1901 1901 1901 906 906 1901 1120 1120 1120 624 624
624 1120 539 1901 1901 1901 1901 1120 1901 1901 1901 1901 624 1402 624 624 624 624 624 539
624 624 539 906 1901 1901 1901 1901 1901 1901 1901 1901 1901 1901 1901 1901 1901 1901 1901 1901
624 624 624 539 539 624 624 624 624 624 539 624 624 624 624 624 624 624 624 624
624 624 624 624 624 624 624 624 624 624 624 624 624 624 624 539 539 624 624 624
624 624 539 539 624 624 624 624 624 624 624 624 624 624 624 624 624 624 624 624
539 539 539 1986 1139 624 624 624 624 478 478 1139 478 1986 478 1120 1139 624 624 1986
624 624 1120 1120 1986 478 1139 1637 478 478 478 1139 1139 173 1139 1637 173 1139 1637 173
1986 478 1120 1986 624 624 624 624 539 539 624 624 539 539 624 624 624 624 624 624
624 624 624 624 624 624 624 624 624 624 624 624 624 624 624 624 624 624 624 624
624 1637 1120 1139 624 1637 478 478 1139 1637 478 173 1986 624 624 624 624 539 539 624
624 624 624 539 906 1901 1901 1901 1901 1901 1901 1901 1901 1901 1901 1901 1901 1901 1901 1901
539 1901 1901 1901 1901 1901 1901 1901 1901 1901 1901 1901 1901 1901 1901 1901 1901 1901 1901 1901
1139 1139 173 1139 1637 478 173 1139 1637 478 173 1139 1637 478 173 1139 624 1637 478 173
478 1139 1637 478 173 478 1139 1139 173 1139 1637 173 1139 1637 173 1139 1637 478 173 1139
624 173 1139 624 1637 173 1139 624 624 1637 624 173 624 1139 624 624 624 624 624 624
624 624 1637 1901 624 624 624 624 1120 1637 1120 1120 624 624 624 624 1901 1637 624 1402
624 624 1065 539 624 624 624 624 624 539 624 624 624 624 624 624 1402 624 624 624
1901 1901 624 1120 1901 1120 1120 624 906 906 624 624 1901 1901 1901 1901 1901 1901 1901 1901
624 478 1139 624 1637 478 173 478 1139 1139 624 173 1139 624 1637 624 624 473 1139 624
1139 1637 478 173 1986 1139 478 1139 624 1120 624 624 624 624 624 624 624 539 539 624
1986 478 1139 1637 478 173 478 1139 1139 478 1139 1637 624 478 1139 624 624 1637 173 1139
173 1139 1637 478 173 1986 1139 478 1139 624 1120 624 624 624 624 624 624 624 539 539
624 624 1120 1120 1402 1120 624 906 906 539 1901 1901 1901 1901 1901 1901 1901 1901 1901 1901
173 478 1139 1139 173 1139 1637 173 1139 1637 173 1139 1637 173 1139 1986 1120 1120 1986 478
1139 478 478 1986 1065 539 624 624 422 422 422 624 422 624 478 1986 478 478 1986 1120
624 539 539 624 624 624 624 624 624 624 624 624 624 624 624 624 624 624 624 624
1901 1901 1901 1901 422 624 624 624 1120 1120 1120 1120 422 422 624 624 422 422 1065 1065
1637 478 173 1139 1637 478 173 1986 1986 1139 478 478 1139 1637 478 173 1139 624 624 624
624 624 624 624 1901 1901 1120 1120 1901 1901 1901 1901 1901 1901 1901 1901 1901 1901 624 624
624 624 624 539 1901 1901 1901 1901 539 1901 1901 1901 1901 1901 1901 1901 1901 1901 1901 1901
422 624 1065 1065 1065 1065 173 173 173 173 539 539 539 539 539 539 1065 1065 1065 1120
422 1065 539 173 173 539 539 539 1065 1065 1120 1065 539 624 624 624 624 624 624 624
1986 478 1986 1139 1139 1986 1139 478 478 478 478 478 1139 1986 478 478 1986 624 624 624
173 624 1139 539 1986 173 1139 1139 478 1139 624 1120 624 624 624 539 539 624 624 624
624 624 624 624 624 624 624 624 624 1065 1065 539 624 422 624 624 624 624 1637 624
624 624 624 624 624 624 624 624 624 624 624 624 624 1120 539 624 624 624 624 1637
1901 1901 1901 1901 1901 1901 1901 1901 1901 1901 539 906 1901 1901 1901 1901 1901 1901 1901 1901
1065 624 624 624 624 624 624 624 624 624 624 624 624 624 624 1120 624 624 624 624
1139 478 478 478 1139 478 1986 478 478 1986 624 624 624 624 624 624 624 624 1986 1139
1065 539 539 624 624 624 624 624 624 624 624 624 624 624 539 1901 1901 1901 1901 1901
478 1139 478 1986 478 1120 1986 624 624 1402 624 1986 1986 478 478 1986 478 1986 478 478
1065 624 624 624 624 539 539 624 624 624 624 624 624 624 624 624 624 624 1637 624
624 624 624 624 624 624 624 624 624 624 624 624 624 624 624 624 624 624 1637 539
624 624 624 539 539 624 624 624 624 624 624 624 624 624 624 624 624 624 624 624
1901 1120 624 624 624 539 539 624 624 624 624 624 624 624 624 624 624 624 624 624
1901 1901 1901 1901 1901 1901 1901 1901 1901 1901 1901 1901 1901 1901 1901 1901 1901 1901 1901 1901
1139 1637 1120 1139 1637 478 478 1139 1637 478 478 1986 539 624 624 624 624 539 1065 1065
478 1139 1139 1120 478 1139 1120 1986 478 1139 1637 478 478 478 1139 1139 478 1139 1637 173
478 1139 1637 478 173 478 1139 1139 173 1139 1637 473 1139 1637 473 1139 1637 173 1139 1402
1901 1901 1901 1901 1901 1901 1065 1065 1901 1120 1901 478 1901 1901 478 1120 478 1901 1901 478
1986 478 1139 1637 478 173 478 1139 1139 173 1139 1986 173 1139 1637 539 539 173 1139 1637
1986 478 1139 1637 478 173 478 1139 1139 173 1986 1637 173 1139 1637 478 173 1139 1637 478
1901 1901 1901 1901 1901 1901 1901 1901 539 539 1901 1901 1901 1901 906 906 624 624 1901 1120
624 624 624 539 539 1065 1065 539 624 624 624 624 624 624 624 624 1637 624 624 624
624 624 624 624 624 624 624 624 624 624 624 624 539 539 624 624 624 539 539 624
478 1986 478 1120 1986 624 624 624 624 539 539 624 624 539 539 624 624 624 624 624
1901 1901 1901 1901 1901 1901 1901 1901 1901 1901 1901 1901 1901 1901 1901 1901 1901 1901 1120 906
539 539 1120 1120 1139 478 1139 1637 478 478 478 1139 1139 478 1139 1637 478 478 1139 1637
624 624 624 624 624 624 624 624 624 624 624 624 624 624 624 624 624 624 624 624
173 539 539 539 1065 1065 1120 1065 539 624 624 624 624 624 624 624 624 624 624 624
1139 478 1139 1637 478 478 478 1139 1139 478 1139 1637 478 478 1139 1637 478 173 1139 1637
539 539 539 539 1986 1986 539 539 478 478 478 1986 478 1986 478 1120 1986 1120 1986 478
906 539 906 1901 1901 1901 1901 1901 1901 1901 1901 1901 1901 1901 539 1901 1901 1901 1901 1901
624 478 1986 478 1120 1986 1986 1986 478 478 1139 624 624 624 624 624 624 624 624 539
1065 1065 539 1901 1901 1901 1901 1901 1901 1901 1901 1901 1901 1901 1901 1901 1901 1901 1901 1901
624 1637 1637 1120 1120 1637 1901 624 624 1402 422 422 1402 1402 624 1637 1637 1637 1637 1637
1402 1986 539 539 624 624 624 624 624 624 539 539 624 624 624 624 624 624 539 539
1901 1901 1901 1901 1901 1901 1901 1901 1901 1120 1120 1065 1065 1901 473 628 478 1139 1901 478
1120 1901 1901 1901 1901 624 624 624 624 624 624 624 539 539 624 624 624 624 624 624
1139 478 1139 1901 1901 1065 1065 1901 1901 1120 1120 624 624 1402 422 422 422 422 422 1901
624 624 624 624 624 624 624 624 624 624 624 624 624 624 624 1120 1120 628 478 1139
624 624 624 624 624 1901 1901 1120 1901 1120 1120 624 624 624 624 624 624 624 624 624
1120 1139 1637 478 1120 1986 539 624 624 624 624 539 1065 1065 539 624 624 624 624 1637
539 1120 1120 1986 478 1139 1637 478 478 478 1139 1139 478 1139 1637 478 1139 1637 624 478
539 624 624 624 624 624 624 624 624 624 624 624 539 1901 539 1901 624 624 1901 1901
1901 1901 1901 1901 1901 1901 1901 1901 1901 1901 1901 1901 906 624 624 1901 1120 1120 1120 624
624 624 478 1139 478 478 478 1986 478 478 1139 624 624 1986 1139 478 478 1139 478 1986
1901 1901 1901 1901 1901 1901 1901 1901 1901 1901 1901 1901 1901 1901 1901 1901 1901 1901 539 1901
624 624 624 624 624 624 624 624 624 624 624 624 624 624 624 624 624 624 624 624
1139 1637 539 539 473 1139 1637 473 1139 1139 1120 473 1139 478 1139 473 1139 1637 473 473
1901 1901 1901 1901 1901 1901 1901 1901 1901 1901 1901 1901 1901 1901 1901 1901 1901 1901 1901 1901
624 624 624 539 624 624 624 624 624 624 422 422 624 1120 624 422 422 624 1637 624
1139 173 1139 1637 173 1139 1637 173 1139 624 624 1637 624 624 624 624 173 1139 624 624
1637 173 1139 1637 478 173 1139 1637 478 173 1139 1637 478 173 1986 1139 478 1139 1120 1120
1901 1901 1901 1901 1901 1901 1901 1901 1901 1901 1901 1901 1901 1901 1901 1901 539 1901 1901 1901
624 624 624 624 624 624 624 624 624 624 624 1120 1120 1986 478 1139 624 624 1986 478
1139 1637 478 478 478 1139 1139 478 1139 1637 478 1139 1637 478 1139 1637 478 1139 1139 1120
1637 173 1139 1637 173 1139 1637 173 1139 1139 1120 478 1139 473 1139 478 1139 1637 478 473
1901 1901 1901 1901 1901 1901 1901 1901 1901 1901 1901 1901 1901 1901 1901 1901 539 906 906 1901
624 624 624 624 624 624 624 624 624 624 539 1901 1901 1901 1901 1901 1901 1901 1901 1901
173 478 1139 1139 173 1139 1637 173 1139 1637 173 1139 1637 173 1139 1637 173 1986 539 624
