403 403 403 403 403 403 403 403 403 403 383 383 383 383 383 383 403 383 383 383
383 383 383 236 236 265 265 265 265 265 265 265 265 265 265 265 265 265 265 265
236 403 403 236 307 265 307 403 403 403 403 403 403 403 383 236 265 314 265 265
236 236 236 236 307 265 307 236 403 403 403 403 403 403 403 403 403 383 383 236
383 265 265 265 307 383 383 383 383 383 383 383 383 265 265 265 265 265 265 265
383 383 383 236 236 383 383 383 236 236 403 403 403 403 403 403 403 403 403 403
265 265 265 265 265 265 265 265 265 265 265 265 265 265 265 265 265 265 265 265
403 403 403 403 403 403 383 383 383 383 383 383 383 383 236 236 383 383 383 383
383 314 307 307 307 307 307 307 307 383 383 383 383 236 236 403 403 403 403 403
307 314 307 307 265 265 265 265 265 265 265 265 265 265 265 265 265 265 265 265
403 403 403 403 403 236 307 265 307 403 403 236 383 236 265 314 265 265 314 265
314 265 265 314 265 265 265 265 265 265 265 265 265 265 265 265 265 265 265 265
307 307 265 265 307 307 307 307 314 307 383 383 383 383 383 383 383 383 307 307
265 383 383 383 383 314 383 383 383 383 314 265 383 383 383 383 314 314 314 383
383 383 383 383 383 403 383 403 403 265 265 307 307 307 383 383 265 307 307 307
307 307 314 307 307 265 307 307 236 383 383 383 383 383 383 383 383 236 236 236
265 314 265 314 265 265 314 265 265 265 236 383 383 265 265 265 265 265 265 265
265 314 265 314 265 265 314 265 265 265 265 236 383 265 265 265 265 265 265 265
307 265 307 307 307 307 307 314 307 307 307 265 265 307 307 307 307 307 265 307
307 307 307 307 307 307 403 403 403 403 403 403 403 403 403 403 383 383 383 383
383 383 236 236 236 236 403 403 403 403 265 307 307 403 403 307 307 307 307 307
383 383 265 307 265 307 307 307 307 307 383 383 383 383 383 383 383 383 307 307
383 383 383 383 383 236 307 236 236 403 403 403 403 403 403 403 403 403 403 403
383 383 383 383 383 383 383 383 314 314 265 265 265 265 265 265 265 265 265 265
383 383 383 383 383 383 307 265 307 307 307 307 307 307 307 307 307 307 383 383
265 265 265 314 314 265 265 236 236 383 383 314 314 265 265 265 265 314 314 265
265 265 265 265 265 265 265 265 265 265 265 265 383 265 265 265 265 403 265 265
383 236 236 265 265 314 314 265 265 265 265 314 314 265 265 314 314 265 265 265
236 403 403 403 403 403 403 236 236 265 236 403 403 403 383 383 265 314 265 265
236 383 236 383 383 236 307 307 236 236 236 236 307 265 236 236 236 403 403 403
307 307 307 265 307 307 307 307 307 314 307 307 403 265 307 307 307 307 307 265
307 307 307 307 307 307 307 307 383 383 383 383 383 383 383 383 236 236 314 314
236 236 236 236 307 307 403 403 403 403 307 307 307 307 307 307 307 307 403 403
265 265 265 265 265 265 236 383 383 265 265 265 265 265 265 265 383 383 265 265
383 383 383 383 236 236 383 383 383 236 236 403 403 403 403 403 403 403 403 403
307 307 307 307 307 307 307 307 307 307 307 307 307 307 307 307 307 307 307 307
383 236 236 403 403 307 236 403 403 403 403 403 403 403 403 403 403 383 383 383
383 383 383 236 236 403 403 403 403 403 403 403 403 265 314 307 403 307 307 403
314 265 265 383 383 383 383 383 383 383 383 314 314 265 265 383 383 383 383 383
383 383 236 236 265 265 314 314 265 265 265 265 314 314 265 265 236 236 383 383
307 307 307 307 383 383 383 383 383 383 236 236 236 236 403 403 403 403 403 403
307 307 307 307 383 383 383 383 383 383 383 383 265 265 236 236 307 307 307 307
383 383 383 314 314 265 265 383 383 383 383 383 383 383 383 383 383 403 383 383
236 307 307 307 307 307 307 307 307 307 307 307 383 265 383 403 383 383 383 383
307 307 307 403 403 403 403 403 403 383 383 403 403 383 383 383 383 383 383 383
265 265 265 265 265 265 265 383 265 265 265 265 236 383 383 383 236 236 265 265
383 383 383 383 383 236 236 383 383 383 236 236 403 403 403 403 403 403 403 403
307 307 307 307 307 307 307 307 383 383 383 383 383 383 236 236 236 236 403 403
265 314 265 265 265 265 265 265 236 265 265 265 265 265 265 265 265 265 265 265
383 383 383 383 403 383 265 265 265 265 265 265 265 265 265 265 265 265 265 265
383 383 383 383 383 383 383 383 236 265 307 307 307 307 307 307 307 307 307 307
307 307 307 307 307 307 307 307 307 307 403 403 307 307 307 307 307 403 403 403
307 307 307 307 307 307 307 307 307 307 307 307 307 307 307 307 307 307 307 307
383 383 383 383 403 383 383 383 383 403 383 265 314 307 307 307 383 307 307 307
236 236 236 236 307 307 265 236 236 403 403 403 403 403 403 403 403 403 403 403
265 265 265 265 265 265 265 265 265 265 265 265 265 383 383 383 265 307 265 265
383 383 383 383 383 383 383 265 307 307 307 307 265 307 307 307 307 307 307 307
383 383 383 236 236 383 383 383 236 236 403 403 403 403 403 403 403 403 403 403
307 403 403 403 403 307 307 307 307 307 307 307 307 403 403 265 307 307 307 307
307 307 307 307 307 307 307 307 307 307 307 307 307 307 307 307 307 307 307 307
265 265 265 265 265 265 265 265 265 265 236 236 236 236 265 307 307 307 307 307
383 383 236 383 265 314 265 265 314 265 314 265 265 314 265 265 265 265 265 265
383 383 265 265 265 265 265 265 265 265 265 265 265 265 265 265 265 265 236 236
383 383 236 236 314 314 236 236 403 403 403 403 403 403 403 403 403 403 403 403
307 307 307 307 307 307 307 403 403 265 307 403 403 307 307 307 307 307 307 307
307 307 307 307 307 307 307 307 307 307 403 403 403 403 403 403 265 307 403 403
383 265 307 307 265 307 307 307 307 236 236 383 383 383 383 383 383 265 265 383
403 383 383 383 383 383 383 403 403 383 383 383 383 383 383 383 383 383 314 236
383 383 383 383 383 314 314 265 265 383 383 383 383 383 383 383 383 314 314 314
265 265 265 236 265 265 265 265 265 265 265 265 265 265 265 265 265 307 383 383
236 236 236 236 403 403 403 403 307 403 403 307 307 403 403 307 307 307 307 307
307 307 307 307 307 307 307 307 307 307 307 307 307 307 307 307 307 307 307 307
236 403 403 403 403 307 403 403 307 307 403 403 307 307 307 307 307 307 265 307
307 307 307 307 307 307 307 307 307 307 265 265 265 265 265 265 265 265 265 265
403 403 403 403 403 383 383 383 383 383 383 383 383 236 236 383 383 383 236 236
403 403 403 403 403 403 403 403 383 383 383 383 383 383 383 383 383 383 383 383
383 383 383 383 383 383 236 236 314 314 265 265 383 383 383 383 383 383 383 383
383 383 383 383 236 307 236 236 403 403 403 403 314 403 403 403 403 403 403 403
383 383 236 236 383 383 236 236 236 236 265 265 265 383 236 236 236 236 236 236
403 403 403 403 403 403 403 403 403 236 236 403 383 383 383 383 383 383 383 383
383 383 403 383 383 383 383 383 236 236 383 383 383 383 383 383 383 383 383 383
403 403 403 403 403 403 307 403 403 307 307 307 307 307 307 307 307 403 403 265
307 265 265 265 236 236 307 307 307 307 307 307 307 307 307 307 307 307 307 307
403 403 307 403 403 307 307 403 403 307 307 307 307 307 307 265 307 307 307 307
265 383 265 307 265 265 383 383 383 383 383 265 265 265 265 265 265 265 265 265
265 383 403 383 383 383 383 383 236 236 403 403 403 403 403 403 403 403 403 383
307 307 307 307 307 307 307 307 307 307 307 307 307 307 307 307 307 307 307 307
307 307 307 307 307 307 307 307 307 307 307 307 307 307 307 307 307 307 307 307
403 403 403 403 383 403 383 314 383 383 403 383 383 383 383 383 383 383 383 383
265 265 265 265 265 265 265 265 265 265 265 265 265 265 265 265 265 265 265 265
383 383 383 383 383 383 383 236 236 236 236 314 314 403 403 403 403 403 403 403
307 307 307 307 307 307 307 307 307 307 307 307 307 307 307 307 307 307 307 307
403 403 403 403 403 403 403 403 403 403 383 383 383 383 383 383 314 383 383 383
403 403 403 403 403 403 403 403 403 236 236 403 403 403 403 403 403 383 383 403
265 265 265 265 265 265 383 403 383 383 383 383 383 236 236 403 403 403 403 403
383 383 236 236 236 307 307 307 307 307 265 307 307 307 307 307 307 307 307 265
307 307 307 307 307 307 307 307 307 307 383 383 383 383 236 236 403 403 403 403
403 403 403 403 403 383 403 383 383 383 383 314 383 383 383 383 383 236 383 383
265 265 265 265 314 314 265 265 314 314 265 265 265 265 314 314 265 265 265 265
236 236 265 403 403 403 403 403 403 403 403 403 403 403 265 314 307 307 307 403
265 265 265 265 265 265 265 265 265 265 265 265 265 265 265 265 265 265 265 265
307 307 307 307 307 307 265 307 307 307 307 307 307 307 307 307 307 307 383 383
307 403 403 307 307 307 307 307 403 403 403 403 403 403 403 403 403 403 383 383
307 307 307 307 307 307 307 307 307 307 307 307 307 307 307 307 307 307 307 307
403 403 307 307 307 307 403 403 265 307 307 307 307 307 307 307 307 307 403 403
307 307 307 383 383 383 383 236 236 383 383 236 236 383 383 383 383 383 383 236
307 307 307 307 307 307 307 307 265 307 307 307 307 307 236 383 383 383 383 383
307 307 307 265 383 403 383 383 383 383 383 403 403 403 403 403 403 403 403 403
265 265 265 265 265 265 265 265 265 265 307 236 383 383 383 383 403 383 265 265
383 236 265 314 265 265 314 265 314 265 265 314 265 265 265 265 265 265 265 265
307 307 403 403 403 403 403 403 383 383 383 383 383 383 383 383 383 383 265 265
383 383 383 236 236 403 403 403 403 403 403 403 403 403 403 403 314 403 383 383
403 403 403 403 403 403 383 383 383 383 383 383 383 383 383 383 383 383 383 383
314 265 265 265 265 265 265 265 265 265 265 265 265 383 265 265 265 265 383 265
403 403 403 403 403 403 403 403 403 403 403 403 403 383 383 383 383 383 383 383
383 383 383 383 383 383 383 265 265 265 265 265 265 265 265 265 265 265 265 265
265 265 265 265 265 265 265 265 265 265 265 265 265 265 265 265 265 265 265 265
307 307 307 307 307 307 307 307 307 307 307 307 307 307 307 307 307 307 383 383
314 265 265 265 265 314 314 265 265 265 265 265 265 265 265 265 265 265 265 265
307 307 307 307 307 307 307 307 307 307 307 307 307 307 307 307 307 307 307 307
314 265 314 265 265 314 265 265 265 265 265 265 265 265 265 236 383 383 265 265
307 307 307 307 307 307 307 307 307 307 307 307 307 307 307 307 307 307 307 307
265 265 265 265 307 383 383 383 383 383 383 236 236 236 236 383 383 236 383 236
236 236 403 403 403 403 403 403 403 403 265 307 236 403 403 403 383 403 383 383
236 383 383 265 265 265 265 265 265 265 383 383 265 265 265 265 383 383 383 265
403 403 403 403 403 403 403 383 383 383 383 383 383 383 383 236 236 383 383 383
383 383 383 236 236 403 403 403 403 403 403 403 403 403 403 403 403 383 383 383
307 307 307 265 307 307 307 307 307 383 383 383 383 383 383 383 383 236 236 236
307 307 307 307 307 307 307 307 307 314 307 307 307 265 307 307 307 307 307 307
383 383 383 383 383 236 236 383 383 383 236 236 403 403 403 403 403 403 403 403
307 383 383 383 236 265 265 265 265 265 265 265 265 265 265 265 265 265 265 265
383 403 383 403 403 403 383 383 383 383 383 383 383 383 383 383 383 383 383 383
307 307 265 383 383 403 383 383 265 236 265 265 265 265 265 265 265 265 265 383
307 307 307 307 307 307 307 307 307 307 307 307 307 307 307 307 307 307 307 307
383 383 236 236 403 403 403 403 403 403 403 403 403 383 383 383 383 383 383 383
383 383 383 383 383 236 236 236 236 383 383 236 383 236 307 265 307 307 307 265
383 383 383 236 236 307 307 314 314 236 236 403 403 403 403 403 403 403 403 403
403 403 403 403 403 403 403 383 383 383 383 383 383 236 236 265 265 314 314 265
307 307 307 307 307 236 307 307 307 307 307 307 307 307 307 307 307 307 307 307
383 236 307 307 307 307 307 307 307 307 307 307 307 307 307 307 307 307 307 307
307 307 265 307 307 307 383 383 383 383 236 236 403 403 403 403 403 236 236 403
307 307 307 307 307 307 307 383 383 383 383 383 383 236 236 236 236 403 403 403
383 236 236 383 383 383 383 383 383 314 314 265 265 383 383 383 383 383 383 383
307 307 307 307 383 383 383 383 383 383 236 236 236 236 403 403 403 403 403 403
403 403 403 403 403 265 307 236 403 403 403 383 403 383 383 383 383 383 314 383
265 265 265 307 383 383 383 236 236 236 265 265 265 265 265 265 265 265 265 265
307 307 314 307 307 403 265 307 307 307 307 307 265 383 403 383 383 383 383 383
403 403 403 403 403 403 403 403 403 236 236 236 383 383 383 383 383 383 314 383
307 307 307 307 307 307 307 307 307 307 307 383 383 383 383 265 383 383 383 383
265 265 265 265 265 265 265 265 265 265 265 265 265 265 265 265 265 265 265 265
265 265 265 265 265 265 265 265 265 265 265 265 265 265 265 265 265 265 265 265
307 383 265 383 383 383 383 383 383 236 236 403 403 403 403 403 403 403 307 236
383 383 383 307 307 307 307 383 383 383 383 383 383 383 383 383 236 236 236 236
307 403 403 265 307 307 307 307 403 403 403 403 307 307 307 307 307 403 403 403
307 307 307 307 307 307 307 307 307 307 307 307 307 307 307 307 307 307 307 307
314 236 383 383 383 383 383 383 236 236 236 236 265 265 265 383 236 236 236 236
307 307 307 307 307 265 383 403 383 383 383 383 383 236 236 403 403 403 403 403
383 383 383 265 307 307 307 307 383 383 307 307 307 307 307 307 307 307 383 383
236 265 265 265 265 265 265 265 265 265 383 403 383 383 383 383 383 236 236 403
307 307 307 307 307 307 307 307 307 307 307 307 307 307 307 307 307 307 307 307
383 265 265 265 265 265 383 383 383 236 236 403 403 403 403 403 403 403 403 403
403 403 265 307 307 403 403 307 307 307 307 307 307 403 403 265 307 307 307 307
314 236 403 403 403 403 236 403 403 403 403 403 403 403 403 383 383 383 383 383
236 383 383 383 383 236 314 383 383 383 383 314 383 383 383 383 265 383 383 314
236 265 307 403 403 307 307 403 403 307 307 307 307 307 307 307 307 307 403 403
403 403 403 403 403 403 403 403 383 383 383 383 383 383 383 403 383 383 383 383
265 265 265 236 236 265 307 307 307 307 307 383 307 307 307 307 307 307 307 307
265 265 265 265 383 383 383 236 236 403 403 403 403 403 403 403 403 403 383 383
307 307 307 307 307 307 307 307 307 307 307 307 307 307 307 307 307 307 307 307
265 383 307 307 383 383 307 307 307 383 314 307 307 307 265 307 307 307 383 383
307 307 307 307 307 383 383 307 307 307 307 307 307 314 307 307 383 383 383 383
265 265 265 265 265 265 265 265 265 265 265 383 265 265 265 265 383 383 383 383
236 383 383 236 383 236 236 307 307 236 236 236 236 236 265 236 236 403 403 403
307 307 307 307 307 307 307 307 307 307 307 307 307 307 307 307 307 307 307 307
307 307 383 383 236 307 307 307 307 307 265 307 307 307 307 307 265 307 307 265
236 383 236 383 383 383 236 236 403 403 403 403 403 403 403 403 403 403 403 403
307 307 307 307 307 307 383 383 314 383 383 383 383 307 307 383 383 265 307 307
314 403 403 403 403 403 403 403 403 383 383 383 383 383 383 383 383 383 383 383
383 383 236 236 403 403 307 236 403 403 403 403 403 403 403 403 403 403 383 383
307 307 307 307 307 307 307 307 307 307 307 307 307 307 307 307 307 307 307 307
307 307 307 307 307 307 307 307 307 307 307 307 307 307 307 307 307 307 307 307
236 307 307 307 307 307 307 307 307 307 265 307 307 307 307 403 403 307 307 307
236 236 403 403 403 403 403 403 403 403 403 383 383 236 265 314 265 265 314 265
307 307 307 307 307 307 307 307 307 307 307 307 307 307 307 307 307 307 307 307
307 307 307 307 307 265 307 307 307 307 307 307 307 307 307 307 307 383 383 383
383 383 383 383 383 383 383 383 383 383 383 383 383 383 383 383 383 383 383 265
307 307 307 403 403 307 307 307 307 307 307 307 307 307 307 403 403 403 403 403
403 403 383 383 383 383 383 236 383 236 383 383 383 236 236 403 403 403 403 403
403 403 403 403 403 383 383 236 236 265 265 314 314 265 265 265 265 314 314 265
307 307 307 265 307 307 307 307 383 383 383 383 383 383 383 383 236 236 236 236
403 403 403 403 403 403 383 236 265 314 265 265 314 265 314 265 265 314 265 265
383 383 314 236 383 383 383 383 314 265 383 383 383 383 265 314 314 383 383 383
236 383 383 383 265 265 265 265 265 265 265 265 265 265 265 265 265 265 265 265
265 265 265 265 265 265 265 265 265 236 236 265 307 307 307 307 307 307 307 307
307 307 307 307 307 307 307 307 307 307 307 307 307 307 307 307 307 307 307 307
403 403 383 383 403 403 403 383 383 383 383 383 383 383 383 383 383 383 383 383
265 383 236 383 236 236 403 403 403 403 403 403 403 236 236 403 265 236 403 383
265 383 403 383 383 265 265 265 265 265 383 383 383 236 236 403 403 403 403 403
307 307 307 307 307 307 307 307 307 307 307 307 307 307 307 307 307 307 307 307
307 307 307 307 307 307 307 265 383 383 383 236 236 403 403 403 403 403 403 403
307 307 307 403 383 314 383 383 383 383 307 307 383 383 265 307 307 265 307 307
307 307 307 307 307 307 307 307 307 307 307 383 307 383 307 307 307 307 307 307
307 307 383 383 403 383 383 383 383 383 265 265 307 265 307 307 307 307 265 307
314 314 265 265 265 265 314 314 265 265 236 236 383 383 314 314 265 265 265 265
383 383 265 265 265 265 265 265 265 265 265 265 265 265 265 265 265 265 236 236
307 307 307 307 307 307 307 307 307 307 307 307 307 307 307 307 307 307 307 307
403 403 403 236 403 403 403 403 403 403 403 403 383 383 383 383 383 383 383 383
403 403 403 403 403 403 403 403 403 403 383 383 236 236 383 383 265 265 314 314
383 307 307 307 307 307 307 307 307 307 307 307 307 307 307 383 383 383 383 236
307 307 307 307 307 307 307 307 307 307 265 307 307 265 307 307 307 307 307 307
307 307 307 307 307 307 307 307 307 307 307 307 307 307 307 307 307 307 307 307
307 307 307 307 307 307 307 307 307 307 307 307 307 383 383 403 383 383 383 383
265 307 307 307 314 307 383 383 383 383 383 383 383 383 307 307 265 307 307 307
307 307 307 307 265 307 307 307 236 236 307 307 307 307 265 265 307 307 307 307
265 265 265 265 265 265 265 265 265 265 265 383 383 265 265 265 265 383 383 383
383 383 383 383 236 314 383 383 383 383 314 383 383 383 383 265 383 383 314 383
236 236 403 403 403 403 403 403 403 403 403 403 403 403 383 383 383 383 383 383
403 403 383 383 236 265 236 314 383 383 265 265 314 265 314 265 265 314 265 265
403 403 403 403 403 403 383 383 383 383 383 383 307 265 307 307 307 307 307 307
403 383 403 383 383 383 383 314 383 383 383 383 383 236 383 383 383 383 383 383
307 307 307 265 265 265 265 265 265 265 265 265 265 265 265 265 265 265 265 265
265 383 383 383 383 383 383 383 383 314 314 314 314 314 314 383 383 383 383 383
307 307 307 307 307 307 307 307 307 307 307 307 307 307 307 307 307 307 307 307
307 307 307 307 307 307 307 307 307 307 307 307 307 307 307 307 307 307 307 307
265 265 265 236 236 383 383 265 265 265 265 265 265 265 265 265 265 265 265 265
403 403 403 403 403 403 403 403 403 403 403 403 383 383 383 383 265 383 383 383
307 307 307 307 314 307 307 307 307 307 307 307 307 383 383 236 307 307 307 307
307 307 307 307 307 307 307 307 307 307 307 307 307 307 307 307 307 307 307 307
307 307 307 307 307 307 307 307 307 307 307 307 307 307 307 307 307 307 307 307
403 403 403 403 403 403 403 403 403 403 403 403 403 403 403 403 403 403 383 383
236 265 307 307 383 236 236 236 236 236 236 236 236 236 265 236 236 403 403 403
265 265 265 265 314 314 265 265 236 236 383 383 314 314 265 265 265 265 314 314
383 383 314 314 265 265 265 265 383 383 383 383 383 383 383 383 314 314 314 314
265 265 265 265 383 383 383 383 383 383 383 383 265 265 265 265 265 265 265 265
265 307 307 307 307 307 307 307 307 307 307 383 383 383 383 236 236 383 383 236
307 307 307 307 307 307 307 307 307 307 307 307 307 307 307 307 307 307 307 383
403 403 403 403 403 403 383 383 236 236 265 265 314 314 265 265 265 265 314 314
403 383 383 383 383 383 236 383 236 383 383 383 236 236 403 403 403 403 403 403
383 383 383 383 383 403 383 307 265 307 383 383 307 307 307 307 307 307 307 307
314 236 383 265 265 314 265 314 265 265 314 265 265 265 265 265 265 265 265 265
265 265 314 383 236 265 314 265 265 314 265 265 265 265 265 265 265 265 265 265
307 307 383 383 307 307 307 307 307 307 307 307 383 383 307 307 307 307 307 307
265 383 383 265 383 265 307 265 307 383 383 383 383 383 383 236 236 236 307 307
307 307 307 307 307 403 403 403 403 403 403 265 307 403 403 307 307 307 307 265
403 403 403 403 383 383 383 383 383 383 383 383 383 383 236 383 383 383 383 236
265 265 265 265 307 383 383 383 383 383 383 236 236 236 236 383 383 236 383 236
403 403 403 403 403 403 403 403 403 383 383 236 265 314 265 265 314 265 314 265
403 403 403 314 403 403 403 383 383 383 383 383 383 383 383 383 383 383 383 383
403 403 383 383 236 265 314 265 265 314 265 314 265 265 314 265 265 265 265 236
307 307 307 307 307 307 307 307 307 307 307 307 307 307 307 307 307 307 307 307
307 307 307 307 307 307 307 307 307 307 307 307 307 307 307 307 307 236 383 383
236 383 383 383 236 236 403 403 403 403 403 403 403 403 403 403 403 403 383 383
307 383 383 383 383 383 383 383 383 236 236 307 307 307 265 307 265 307 307 307
265 265 265 265 265 265 265 265 265 383 383 265 307 265 265 383 383 383 383 383
307 307 307 307 307 307 307 307 307 307 307 307 307 307 307 307 307 307 307 307
403 307 307 383 307 383 383 307 307 403 307 307 307 383 383 307 383 307 383 307
307 307 307 307 307 307 307 307 307 307 307 307 307 307 307 307 307 307 307 307
403 403 403 403 403 383 403 383 383 383 383 383 403 383 383 383 265 383 383 383
314 265 265 265 265 314 314 265 265 265 265 265 265 265 265 265 265 236 236 383
307 307 307 307 307 307 307 307 307 307 307 383 383 383 383 383 383 383 383 236
307 307 307 307 307 307 307 307 403 403 403 403 403 403 383 383 383 383 383 383
236 307 236 265 307 236 236 403 403 403 403 403 403 403 403 403 403 403 403 403
265 265 265 265 265 265 265 265 265 265 265 265 265 265 265 265 265 265 265 265
403 403 403 403 403 403 403 403 403 383 383 236 236 265 265 314 314 265 265 265
307 265 383 307 307 383 383 307 307 307 383 314 307 307 307 265 307 307 307 383
403 265 265 265 265 403 403 403 403 403 403 403 403 403 403 383 383 383 383 383
265 265 265 265 265 265 265 265 265 265 265 383 265 265 265 265 403 265 265 265
265 265 265 265 265 265 265 265 265 265 383 265 265 265 265 403 265 265 265 265
383 314 383 383 383 383 383 383 383 383 236 314 383 383 383 383 314 383 383 383
265 314 314 265 265 265 265 265 265 265 265 265 265 236 236 383 383 265 265 265
383 383 403 403 383 383 383 383 383 383 403 403 383 383 383 383 383 383 383 383
265 265 265 265 265 265 265 265 265 265 265 265 265 265 265 265 265 265 265 265
383 265 383 383 383 236 383 383 236 403 383 383 383 403 403 403 403 403 403 403
383 383 383 314 314 383 383 383 383 383 383 383 383 314 314 314 314 383 383 383
307 307 307 307 307 307 307 307 307 307 307 307 307 307 307 307 307 383 383 403
383 383 236 236 403 403 403 403 403 403 403 403 403 383 383 383 383 383 236 383
307 307 307 307 307 307 307 383 383 403 383 383 383 383 383 265 265 307 307 307
383 383 383 403 383 383 383 383 383 236 236 383 383 383 383 383 383 383 383 383
383 383 383 383 236 236 383 383 403 383 383 383 383 383 383 383 383 383 383 383
265 265 265 265 265 265 265 265 265 265 383 265 265 265 265 383 383 383 383 383
383 383 383 383 383 383 383 236 236 236 403 403 403 403 403 403 403 403 403 383
383 383 236 236 314 314 236 236 403 403 403 403 403 403 403 403 403 403 403 403
383 307 307 265 307 307 307 307 265 307 265 307 236 236 307 265 307 307 265 265
383 383 383 307 307 307 307 383 383 383 383 383 383 383 383 383 236 236 236 236
383 236 383 307 307 307 307 307 307 265 307 307 307 307 307 307 307 307 307 307
307 265 265 265 265 265 265 265 265 265 265 265 265 265 265 265 265 265 265 265
265 265 265 265 265 265 265 265 383 403 383 383 383 383 383 236 236 403 403 403
265 265 265 265 265 236 383 383 265 265 265 265 265 265 265 383 383 265 265 265
383 383 383 383 403 383 403 403 383 383 383 383 383 383 383 383 265 265 383 383
307 383 265 265 265 265 265 383 265 265 265 265 265 265 265 265 265 383 403 383
236 403 403 403 403 307 236 403 403 403 403 403 403 403 403 383 383 383 314 383
307 383 383 383 383 383 383 236 236 236 236 403 403 403 403 265 307 307 403 403
307 383 236 236 236 236 236 236 236 236 236 265 236 236 403 403 403 403 403 403
403 403 403 403 403 403 403 307 236 403 383 383 383 383 383 383 383 383 314 383
265 265 265 265 265 265 265 265 265 265 265 265 265 265 265 236 236 236 236 265
307 307 383 307 383 307 383 307 383 307 307 307 307 307 383 383 383 383 236 236
403 403 403 403 383 383 383 314 383 403 383 383 383 383 383 383 383 383 314 383
403 403 403 403 403 403 383 383 383 383 383 383 236 236 265 265 314 314 265 265
307 307 383 383 383 383 383 383 236 236 236 236 403 403 403 403 265 403 403 307
307 307 307 307 307 307 307 307 307 307 307 307 307 307 307 307 307 307 307 307
236 236 236 236 403 403 403 403 314 403 403 403 403 403 403 403 403 383 383 383
307 307 403 403 307 307 307 403 403 403 403 403 403 403 403 403 403 403 403 403
383 383 383 383 383 383 307 307 307 307 307 307 307 307 307 307 307 307 307 307
265 265 265 265 265 265 265 265 265 265 265 265 265 265 265 383 383 265 265 265
403 403 403 383 383 403 403 383 383 383 383 383 383 383 383 307 265 307 383 383
265 265 265 265 265 265 265 265 265 265 265 265 265 265 265 265 265 265 265 265
307 307 307 307 307 307 307 307 307 314 307 307 307 265 307 307 307 307 307 307
307 307 236 307 307 307 307 383 383 383 383 236 236 383 383 383 383 236 236 403
307 307 307 307 307 383 383 383 383 383 383 236 236 236 236 403 403 403 403 265
265 265 265 265 265 265 265 265 265 265 265 265 265 265 236 236 265 307 307 307
236 307 307 307 307 307 307 307 307 307 265 307 307 307 307 403 403 307 307 307
383 314 383 383 383 383 307 307 383 383 265 307 307 265 307 307 307 307 236 236
307 307 383 307 383 383 307 307 403 307 307 307 383 383 307 383 307 383 307 383
383 236 236 403 403 403 403 403 403 403 403 403 383 383 383 383 383 236 383 236
383 383 403 383 383 403 403 383 383 383 383 383 383 383 383 383 314 383 383 383
265 265 265 265 265 265 265 265 265 265 265 265 265 265 265 236 236 265 307 307
403 383 383 403 403 403 383 383 383 383 383 383 383 383 383 383 383 383 383 383
307 307 236 236 236 236 307 265 307 236 403 403 403 403 403 403 403 403 403 383
307 307 307 307 403 403 403 403 403 403 403 403 403 403 403 403 383 383 403 403
236 236 403 403 403 403 403 403 403 403 403 383 383 383 383 383 236 383 383 383
403 403 403 383 383 236 236 383 383 265 265 314 314 265 265 265 265 314 314 265
307 307 307 307 307 307 307 307 307 307 307 307 307 307 383 383 236 307 307 307
383 383 314 314 265 265 383 383 383 383 383 383 383 383 314 314 265 265 383 383
403 383 383 403 403 383 383 383 383 383 383 383 383 383 383 403 383 403 403 265
307 307 307 307 307 307 307 307 307 307 307 307 307 307 307 307 307 307 307 307
307 307 307 307 307 307 307 307 307 307 307 307 307 307 307 307 307 307 307 307
265 265 236 265 265 265 265 265 265 265 265 265 265 265 265 265 307 383 383 383
383 265 307 307 307 307 307 307 307 307 307 307 307 307 307 307 307 307 307 307
265 265 265 265 265 265 265 265 265 265 265 265 265 265 265 265 265 265 265 265
383 307 383 236 383 236 236 236 236 403 403 403 403 236 236 265 236 403 403 403
403 403 403 403 403 383 383 383 383 383 236 383 236 383 383 383 236 236 403 403
383 403 383 383 383 383 383 403 403 403 403 403 403 403 403 403 383 383 383 383
307 307 307 307 307 307 307 307 307 307 307 307 307 307 307 307 307 307 265 383
403 383 383 383 383 383 314 383 383 383 383 236 383 383 383 383 314 383 383 383
383 383 236 236 403 403 403 403 403 403 403 403 403 383 383 383 383 383 383 383
265 236 236 265 265 265 265 383 383 383 383 265 265 265 265 383 383 383 383 383
307 403 403 307 307 307 307 403 403 265 307 307 307 307 307 307 307 307 307 403
383 383 383 236 265 383 383 383 236 236 403 403 403 403 403 403 403 403 403 383
236 236 403 403 403 403 403 403 403 403 403 403 403 403 236 236 236 383 383 383
265 265 265 265 265 265 265 265 265 265 265 265 265 265 265 236 236 265 307 307
383 265 383 383 383 236 383 383 236 403 383 383 383 403 403 403 403 403 403 403
314 383 383 383 383 236 314 383 403 383 383 265 265 265 265 265 383 383 383 383
383 383 383 383 265 265 314 314 314 314 307 307 307 307 307 314 314 236 236 265
383 383 383 383 314 314 383 383 383 383 383 383 383 383 314 314 265 265 383 383
307 307 307 307 307 307 403 403 265 307 307 307 307 307 265 307 307 307 403 403
383 383 383 383 383 383 314 383 383 383 383 314 265 383 383 383 383 265 314 314
265 265 265 265 265 265 265 265 265 265 265 236 265 307 307 307 307 265 307 307
265 265 265 265 265 265 265 265 265 265 265 265 265 265 265 265 236 236 265 265
265 265 265 265 265 265 265 265 383 265 265 265 265 383 383 383 383 383 265 265
265 265 265 265 265 236 307 307 307 307 307 265 307 307 307 307 307 307 307 307
403 403 403 403 403 383 383 265 383 383 383 383 383 383 383 383 383 383 236 265
383 383 383 383 383 383 314 314 383 383 383 383 383 383 383 383 314 314 314 314
383 265 265 307 307 307 307 307 307 307 307 307 307 307 265 383 307 307 383 383
265 265 383 265 307 265 307 383 383 383 236 265 265 265 265 265 265 265 265 265
383 383 236 236 236 265 265 265 265 265 265 265 265 265 265 265 265 265 265 265
383 383 236 236 265 265 314 314 265 265 265 265 314 314 265 265 314 314 265 265
265 383 265 383 383 383 236 236 403 403 403 403 403 403 403 403 403 383 383 383
383 383 383 383 383 383 383 383 236 236 236 236 383 383 383 383 383 383 236 236
383 383 383 383 383 314 314 383 383 383 383 383 383 383 383 314 314 265 265 265
307 307 265 265 307 307 307 307 307 307 307 307 307 307 307 307 307 307 383 383
307 307 307 307 307 307 307 307 307 307 307 307 307 307 307 307 307 307 307 307
307 307 307 307 307 307 307 307 307 307 307 307 307 307 307 307 307 307 307 307
383 383 383 403 383 265 265 265 265 265 265 265 265 265 265 265 265 265 265 265
403 403 403 403 403 403 403 403 383 383 383 383 383 383 236 236 265 265 314 314
403 403 307 307 307 307 307 307 307 307 403 403 265 307 307 307 307 307 265 307
403 403 403 403 403 403 383 403 383 383 383 383 314 383 383 383 383 383 236 383
265 265 265 265 265 265 265 265 265 265 265 265 265 265 265 265 265 265 265 265
236 236 403 403 403 403 403 403 403 236 236 403 265 307 403 383 383 383 265 314
307 307 307 307 307 307 307 307 307 307 307 307 307 307 307 307 307 307 307 383
265 383 403 383 383 383 383 383 236 236 403 403 403 403 403 403 403 403 403 383
403 403 403 403 403 403 403 403 403 403 403 403 403 403 403 403 403 403 403 403
307 383 307 383 307 307 307 307 307 307 307 307 307 307 307 307 307 307 307 307
236 236 403 403 403 403 265 307 307 403 403 307 307 307 307 307 307 403 403 265
265 307 307 307 307 307 314 307 307 307 307 307 307 307 307 383 383 236 307 307
314 314 314 314 307 307 307 307 307 314 314 236 236 265 383 236 236 383 383 383
383 383 383 383 383 383 383 383 236 236 265 307 307 307 307 307 307 307 307 307
265 265 265 265 265 265 265 265 383 403 383 383 236 265 383 383 383 236 236 403
383 383 383 314 383 383 383 383 265 383 383 314 383 383 314 383 383 383 383 314
307 307 307 307 307 307 307 383 265 265 265 265 265 383 403 383 383 265 265 265
265 265 265 383 265 265 265 265 265 265 265 265 265 383 403 383 383 236 265 383
383 383 307 307 307 307 307 307 307 383 265 265 265 265 265 383 265 265 265 265
307 307 307 307 307 307 307 307 307 307 307 307 307 307 307 307 307 307 307 307
236 236 236 403 403 403 403 403 403 403 403 403 314 403 403 403 383 383 383 383
383 383 383 383 403 383 383 383 265 383 383 383 383 383 383 383 383 265 265 307
403 403 403 403 403 403 403 403 403 403 403 403 403 403 403 403 403 403 383 383
307 307 307 307 307 307 307 307 307 307 307 307 307 307 307 307 307 307 307 307
403 403 403 314 403 383 383 383 383 383 383 383 383 383 383 383 383 383 383 383
307 307 307 403 403 265 307 307 307 307 307 307 265 307 307 265 265 307 307 307
383 383 383 383 383 383 383 236 383 236 236 383 383 383 236 236 403 403 403 403
307 307 307 307 307 307 307 307 307 307 307 307 307 307 307 307 307 307 307 307
383 236 265 314 265 265 236 314 265 314 265 265 314 265 265 265 265 265 265 265
383 236 265 265 265 265 265 265 265 265 265 265 265 265 265 265 265 265 236 236
307 307 307 307 307 307 307 307 307 307 307 307 307 307 307 307 307 307 307 307
314 265 265 265 265 314 314 265 265 314 314 265 265 265 265 314 314 265 265 265
383 383 403 403 383 383 383 383 383 383 383 383 383 383 403 403 403 383 383 383
307 307 307 265 307 307 307 307 383 383 383 383 383 383 383 383 236 236 236 236
307 307 307 307 307 307 307 307 307 307 307 307 307 307 307 307 383 383 383 383
383 383 383 383 383 383 383 383 383 383 383 383 383 314 314 383 383 383 383 383
383 383 383 236 236 265 265 314 314 265 265 265 265 314 314 265 265 236 236 383
236 265 307 236 236 403 403 403 403 403 403 403 403 403 403 403 403 403 403 403
307 307 307 307 307 307 307 307 307 307 307 307 307 307 307 307 307 307 307 307
307 307 307 307 307 307 307 307 307 307 307 307 307 307 307 383 383 403 383 383
307 307 307 307 307 307 307 307 307 307 307 307 307 307 307 307 307 307 307 307
383 236 265 236 314 383 383 265 265 314 265 314 265 265 314 265 265 265 265 265
383 307 307 307 307 307 383 383 383 383 236 236 403 403 403 403 307 236 403 403
265 265 265 265 265 265 265 265 383 265 265 265 265 403 265 265 265 265 383 383
307 307 265 307 383 383 383 383 383 383 383 383 307 265 307 307 265 265 307 307
265 265 383 383 265 307 265 307 383 383 383 265 265 265 265 265 265 265 265 265
403 383 383 265 383 383 383 383 383 383 383 383 383 383 383 236 236 265 307 307
265 383 383 383 383 383 383 383 236 236 236 403 403 403 403 403 403 403 403 403
383 383 236 236 383 383 383 383 236 236 403 403 403 403 403 403 403 403 403 403
403 403 403 403 403 403 403 403 403 383 383 383 383 383 383 236 236 265 265 314
383 383 383 383 307 265 307 307 307 307 307 307 307 307 307 307 383 383 383 383
403 403 403 403 383 383 383 383 403 403 383 383 383 383 383 403 383 383 265 265
403 403 403 403 403 403 403 403 403 403 403 403 403 403 403 403 403 403 403 383
307 307 307 307 307 307 307 307 307 307 307 307 307 314 307 307 383 265 307 307
307 307 307 307 307 307 307 307 307 307 307 403 403 403 403 403 403 383 383 307
383 383 383 236 236 236 403 403 403 403 403 403 403 403 403 403 403 403 236 236
307 307 307 307 307 307 307 307 307 307 307 307 307 307 307 307 307 307 307 307
236 383 383 236 383 383 383 383 403 403 403 403 403 403 403 236 403 383 403 403
236 383 307 383 236 236 236 236 403 403 403 403 236 236 265 236 403 403 403 403
265 265 265 265 265 265 265 236 236 383 383 265 265 265 265 265 265 265 265 265
383 383 383 383 383 383 383 383 383 403 383 383 383 314 314 383 383 314 314 265
403 307 307 307 307 307 307 307 307 307 307 307 383 307 307 307 383 307 307 307
383 383 383 236 236 403 403 403 403 403 403 403 403 403 383 383 383 383 383 383
307 307 307 307 307 307 307 307 307 307 307 307 307 307 307 307 307 307 307 307
307 307 307 307 307 307 307 307 307 307 307 307 307 307 307 307 307 307 307 307
307 383 383 383 383 383 383 383 383 265 265 265 265 265 265 265 265 265 265 265
383 383 383 383 383 383 236 236 403 403 403 403 403 403 403 403 403 383 383 383
403 383 383 403 383 383 383 314 383 383 383 383 383 383 383 383 314 383 383 383
383 383 383 265 307 265 307 383 383 383 236 265 265 265 265 265 265 265 265 265
403 403 403 403 403 403 403 383 383 403 403 383 383 383 383 383 383 383 383 383
236 265 314 265 265 314 265 314 265 265 314 265 265 236 265 265 265 265 265 265
383 383 383 383 383 383 383 265 314 307 307 307 265 307 307 307 307 307 307 307
307 307 403 403 265 307 307 307 307 403 403 307 307 307 307 307 403 403 403 403
307 307 307 307 307 236 236 383 383 383 383 383 383 236 236 383 383 383 383 383
403 403 403 403 403 403 403 383 383 383 383 265 383 383 383 383 236 383 383 383
265 265 265 265 265 265 265 265 265 265 265 265 265 265 265 236 236 236 265 307
265 314 265 314 265 265 314 265 265 265 236 383 383 265 265 265 265 265 265 265
307 307 307 307 307 307 307 307 307 307 307 307 307 307 307 307 307 307 307 307
236 265 383 236 383 307 383 236 236 236 236 403 403 403 403 236 236 265 236 403
383 383 383 383 265 383 383 383 236 383 383 236 403 383 383 383 403 403 403 403
403 403 403 403 403 403 403 403 403 403 403 403 403 403 403 403 403 383 383 383
236 307 236 265 236 236 403 403 403 403 403 403 403 403 403 403 403 403 403 403
383 383 236 236 265 265 265 383 236 236 236 236 236 236 236 236 236 265 236 236
307 307 307 307 307 307 307 307 307 307 307 307 307 307 307 383 307 307 307 307
307 236 236 403 403 403 403 403 403 403 403 403 403 403 403 403 403 403 403 403
403 403 236 236 265 307 403 403 403 383 383 236 383 265 314 265 265 314 265 314
383 383 383 307 265 307 307 307 307 307 307 307 307 307 307 236 236 383 383 383
307 307 307 307 403 403 403 403 265 307 307 307 307 307 307 307 265 307 403 403
307 265 307 307 307 307 307 314 307 307 307 265 265 307 307 307 307 307 265 307
307 236 307 307 307 307 307 307 307 307 307 307 307 307 307 307 307 307 307 307
265 307 307 307 307 307 307 307 307 307 307 383 383 383 383 236 236 383 383 236
383 383 383 383 383 236 236 403 403 403 403 403 403 403 307 236 403 403 403 403
383 383 383 383 383 383 383 383 383 383 383 383 383 265 314 307 307 307 307 307
265 307 307 307 307 307 307 307 265 307 307 307 307 307 314 307 307 403 265 307
314 265 265 314 314 265 265 265 265 314 314 265 265 265 265 265 265 265 265 265
236 236 403 403 403 403 403 403 403 403 403 383 383 383 236 265 314 265 265 236
383 383 236 236 236 265 403 403 403 403 403 403 403 403 403 403 403 265 314 307
307 307 307 307 307 307 307 307 307 383 383 383 383 383 383 383 383 236 236 236
265 265 265 265 265 265 265 265 265 265 265 265 265 265 265 265 236 383 383 383
307 383 383 383 383 236 236 383 383 236 236 383 383 383 383 383 383 236 236 236
383 383 383 383 314 314 383 383 383 383 383 383 383 383 314 314 314 314 383 383
236 307 265 307 236 236 403 403 403 403 403 403 403 403 403 383 383 236 265 314
307 307 307 307 307 307 307 307 307 307 307 307 307 307 307 383 383 383 383 383
307 307 307 307 307 307 307 307 307 307 307 307 307 265 265 307 307 307 307 314
265 265 265 265 265 265 265 265 265 265 265 265 265 265 265 265 383 383 383 265
383 314 383 383 383 383 314 383 383 383 383 265 314 314 265 383 383 383 383 314
383 383 307 307 265 307 307 307 307 265 307 265 307 236 236 307 265 307 307 265
403 403 265 307 307 307 307 403 403 307 307 307 307 307 403 403 403 403 403 403
403 403 403 403 403 403 403 403 403 383 383 383 383 383 383 383 383 236 236 383
307 403 403 307 307 307 307 307 307 307 307 403 403 265 307 403 403 307 307 307
307 307 307 307 307 307 307 307 307 307 307 307 307 307 307 307 307 307 307 307
383 383 236 236 383 383 383 236 236 403 403 403 403 403 403 403 403 265 314 307
236 307 307 236 236 236 236 307 265 307 236 403 403 403 403 403 403 403 403 403
307 307 307 307 307 307 307 307 307 307 307 307 307 307 307 383 383 383 383 383
314 403 403 403 403 236 236 403 403 403 403 403 403 383 383 403 403 383 383 383
307 307 307 307 307 307 307 307 307 307 307 307 307 307 307 307 307 265 265 265
383 383 314 236 383 383 383 383 314 265 383 383 383 383 265 314 314 314 383 383
236 236 236 265 307 236 403 403 403 403 403 403 403 403 403 383 383 383 236 265
307 307 307 307 403 403 307 307 307 307 403 403 265 307 307 307 307 307 265 307
314 307 307 307 265 307 307 307 383 383 383 383 236 236 383 383 383 383 236 314
383 383 265 383 383 383 383 236 314 383 383 383 383 314 383 383 383 383 265 383
307 383 383 383 383 383 383 383 383 236 236 307 236 403 403 403 403 403 403 403
383 236 236 265 265 314 314 265 265 265 265 314 314 265 265 314 314 265 265 265
265 265 265 265 265 265 265 265 383 403 383 383 383 383 383 236 236 403 403 403
403 403 383 383 236 236 265 265 314 314 265 265 265 265 314 314 265 265 314 314
383 383 236 236 403 403 403 403 403 403 403 403 403 403 403 403 383 383 383 265
307 307 307 307 307 307 307 307 307 307 307 307 307 307 307 307 265 307 307 307
307 307 307 307 307 265 307 307 307 307 307 307 307 307 307 307 265 307 307 307
307 307 307 307 307 307 307 307 307 307 307 307 307 307 307 307 307 307 307 307
307 307 236 236 307 307 307 307 307 265 307 307 307 307 383 383 383 383 383 383
383 236 236 236 236 403 403 403 403 236 236 265 307 403 403 403 403 403 383 383
403 307 307 403 403 307 307 307 403 403 403 403 403 403 403 403 403 403 403 403
265 265 265 265 265 265 265 236 265 265 307 265 307 383 383 383 236 265 265 265
307 307 307 307 265 383 265 383 383 383 236 236 403 403 403 403 403 403 403 403
265 265 265 265 265 265 265 265 265 265 265 265 265 265 265 236 383 383 383 383
383 383 265 383 383 265 383 383 383 383 383 383 383 383 236 236 265 307 307 307
403 403 403 383 383 403 403 383 383 383 383 383 383 383 383 383 383 383 383 383
307 307 307 307 307 307 307 307 307 307 307 307 307 307 307 307 307 307 307 307
