1259 1418 503 1259 1418 639 1259 1418 1722 4208 1259 1418 1722 4208 1259 1418 1722 4208 1259 1418
4208 4249 639 4208 4249 1577 2770 4208 1178 1577 2770 4208 4249 503 4208 4249 639 4208 4249 1722
2770 1259 1178 503 1259 4249 639 1259 1178 1722 4208 1259 4249 1722 4208 1259 1178 1722 1259 1259
3680 4576 4576 3890 2922 2922 3680 4576 3680 4576 2922 503 4208 4249 4252 1284 2770 4249 4252 1284
1577 2770 1560 1178 1577 2770 2922 1560 1178 503 1560 4249 639 1560 1178 1722 1560 4208 1178 1722
503 992 4249 2922 4252 1284 992 4249 4252 1284 992 4249 639 992 4249 1577 2770 992 4249 3680
1259 1178 1577 2770 1259 1178 1577 2770 1259 1178 503 1259 4249 639 1259 1178 1722 1259 1259 4249
1722 4103 4103 3890 2922 2922 2922 2496 4208 3071 4252 1284 4208 3071 4252 1284 4208 3071 639 4208
3890 2922 2922 2922 503 4208 4249 4252 1284 1259 4249 4252 1284 1259 4249 639 4208 4249 1577 2770
2770 4249 1722 2770 2770 4249 1722 2770 2922 503 4208 4249 4252 1284 4208 1178 4252 1284 4208 4249
4576 3680 4576 3890 2922 1102 2922 503 4208 4249 4252 1284 1259 4249 4252 1284 1259 4249 639 4208
2922 2922 3890 1102 1722 4103 4103 3890 2922 2922 2922 503 4208 4249 4252 1284 1259 1178 4252 1284
2770 1259 4249 503 1259 3890 2922 4249 639 1259 4249 1722 4208 1259 1178 3680 4576 3680 4576 4249
1284 1560 4249 639 1560 1178 1577 2770 1560 4249 1577 2770 1560 4249 503 1560 4249 639 1560 4249
4103 4103 3890 2922 2922 2922 2496 4208 3071 4252 1284 1259 3071 4252 1284 1259 3071 639 1259 3071
3890 2922 1102 1722 4103 4103 4249 4249 4103 4103 3890 2922 2922 2922 2496 4208 3071 4252 1284 1259
4252 1284 992 4249 4252 1284 992 4249 639 992 4249 1577 2770 992 4249 3680 2922 4576 3890 1577
4103 3890 2922 2922 2922 2496 4208 3071 4252 1284 1259 4249 4252 1284 1259 4249 639 4208 4249 1577
4103 4103 3890 2922 2922 503 1560 4249 4252 1284 1560 4249 4252 1284 1560 4249 639 1560 1178 1577
1722 4208 4252 1284 503 4208 4249 639 4208 4249 1577 2770 4208 4249 1577 2770 1259 4249 503 4208
4249 4252 1284 1560 4249 639 1560 1178 1577 2770 1560 4249 1577 2770 1560 4249 503 1560 4249 639
2922 503 4208 4249 4252 1284 4208 4249 4252 1284 1259 4249 1722 4208 1259 4249 1577 2770 1259 4249
503 2770 4249 4252 1284 2770 4249 4252 1284 2770 4249 639 2770 4249 1577 2770 2770 4249 1722 2770
1418 4252 1284 4208 1418 4252 1284 1259 1418 639 1259 1418 1577 2770 1259 1418 1577 2770 1259 1418
2922 3890 2922 1102 1722 4103 4103 3890 2922 2922 503 1560 4249 4252 1284 1560 4249 4252 1284 1560
4208 1178 1577 2770 4208 1178 503 4208 4249 639 4208 1178 1722 4208 4208 1178 3890 2922 1722 4208
2922 1102 1722 4103 4103 4249 4249 4103 4103 3890 2922 2922 2922 2496 4208 3071 4252 1284 1259 3071
639 2770 4249 1577 2770 2770 4249 1722 2770 2770 4249 1722 2770 2922 503 4208 4249 4252 1284 4208
2922 503 4208 4249 4252 1284 4208 4249 4252 1284 1259 4249 639 1259 4249 1577 2770 1259 4249 3680
4576 4576 3890 2922 2922 3680 4576 3680 4576 2922 503 4208 4249 4252 1284 2770 4249 4252 1284 1259
4249 639 992 4249 1577 2770 992 4249 3680 2922 4576 3890 1577 2770 992 4249 1722 992 3680 4576
1259 1178 2922 1577 2770 4208 4249 503 4208 4249 639 4208 4249 1722 4208 1259 1178 1722 4208 1259
2922 2922 3890 1102 1722 4103 4103 4249 4249 4103 4103 3890 2922 2922 2922 503 4208 3071 4252 1284
2922 2922 2922 503 4208 4249 4252 1284 4208 4249 4252 1284 4208 4249 1722 4208 1259 4249 1577 2770
2922 3890 1102 1722 4103 4103 3890 2922 2922 503 4208 4249 4252 1284 4208 1178 4252 1284 4208 2496
3680 1102 2922 1102 1722 4103 4103 3890 2922 2922 503 4208 4249 4252 1178 1259 1178 4252 1284 1259
4103 4103 3890 2922 2922 2922 503 4208 3071 4252 1284 1259 1178 4252 1284 1259 4249 639 1259 1178
4249 4249 4103 4103 3890 2922 2922 2922 2496 4208 3071 4252 1284 1259 4249 4252 1284 1259 4249 639
3890 1102 3680 4103 4103 2922 3071 3071 4576 4576 3890 2922 2922 3071 4576 3071 4576 2922 503 4208
1284 2770 4249 4252 1284 1259 4249 639 1259 4249 1577 2770 1259 4249 3680 4576 3680 4576 1577 2770
3890 2922 2922 2922 503 4208 4249 4252 1284 1259 1178 4252 1284 4208 4249 639 1259 1178 1577 2770
4252 1284 1259 4249 639 4208 4249 1577 2770 4208 4249 1577 2770 1560 4249 503 1259 4249 639 1259
4252 1284 4208 4249 639 1259 1178 1577 2770 1259 1178 2922 1577 2770 1259 4249 503 1259 4249 639
3890 1102 1722 4103 4103 3890 2922 2922 2922 503 4208 3071 4252 1284 4208 3071 4252 1284 1259 3071
2922 2922 503 4208 4249 4252 1284 1259 1178 4252 1284 1259 4249 639 1259 4249 1577 2770 1259 4249
1577 2770 1259 1418 1577 2770 1259 1418 503 1259 1418 639 1259 1418 1722 4208 1259 1418 1722 4208
1102 1722 4103 4103 3890 2922 2922 2922 2496 4208 3071 4252 1284 4208 3071 4252 1284 4208 3071 639
1722 4103 4103 3890 2922 2922 503 4208 3071 4252 1178 1259 1178 4252 1284 1259 1178 639 1259 1178
1102 1722 4103 4103 4249 4249 4103 4103 3890 2922 2922 2922 503 4208 4249 4252 1284 1259 1178 992
4576 4576 3890 2922 2922 3680 4576 3680 4576 2922 503 4208 4249 4252 1284 2770 4249 4252 1284 1259
4208 1178 1577 2770 4208 1178 503 4208 4249 639 4208 1178 1722 4208 4208 1178 3890 2922 1722 4208
2770 1259 4249 503 4208 4249 639 1259 4249 1722 4208 1259 4249 3680 4576 3680 4576 4249 639 1259
3680 4576 3680 4576 3890 2922 1102 2922 503 4208 4249 4252 1284 1259 4249 4252 1284 1259 4249 639
2922 3890 2922 1102 1722 4103 4103 3890 2922 2922 503 1560 4249 4252 1284 1560 4249 4252 1284 1560
4103 4249 4249 4103 4103 3890 2922 2922 2922 2496 4208 3071 4252 1284 1259 4249 4252 1284 1259 4249
4249 503 4208 4249 639 4208 4249 503 4208 4208 4249 1722 4208 4208 4249 1722 4208 4208 4249 1722
4249 4252 1284 1259 4249 639 4208 4249 1577 2770 4208 4249 1577 2770 1560 4249 503 1259 4249 639
1418 1577 2770 1259 1418 1577 2770 1259 1418 503 1259 1418 639 1259 1418 1722 4208 1259 1418 1722
992 3680 4576 4249 639 992 4249 3890 2922 1722 4208 992 4249 3680 4576 4249 639 992 4249 3680
4252 1284 503 4208 4249 639 4208 4249 1577 2770 1259 4249 1577 2770 1259 4249 503 1259 4249 639
4252 1284 4208 4249 4252 1284 992 4249 639 4208 4249 1577 2770 4208 4249 1577 2770 1259 4249 503
4103 4103 2922 3071 4576 3071 4576 3890 2922 1102 2922 503 4208 3071 4252 1284 1259 3071 4252 1284
4103 3890 2922 2922 2922 503 4208 4249 4252 1284 1259 1178 4252 1284 1259 4249 639 1259 1178 1577
1284 1259 4249 639 1259 1178 1577 2770 1259 1178 1577 2770 1259 1178 503 1259 4249 639 1259 1178
4249 2922 3890 2922 1102 1722 4103 4103 4249 4249 4103 4103 3890 2922 2922 2922 2496 4208 3071 4252
4249 2922 3890 2922 1102 1722 4103 4103 4249 4249 4103 4103 3890 2922 2922 2922 2496 4208 3071 4252
4252 1284 4208 4249 4252 1284 1259 4249 639 4208 4249 1577 2770 4208 4249 1577 2770 1259 4249 503
1722 4103 4103 4249 4249 4103 4103 3890 2922 2922 2922 2496 4208 3071 4252 1284 1259 4249 4252 1284
1560 1178 1577 2770 2922 1560 1178 503 1560 4249 639 1560 1178 1722 1560 4208 1178 1722 1560 1259
4103 4103 3890 2922 2922 2922 2496 4208 3071 4252 1284 1259 4249 4252 1284 1259 4249 639 4208 4249
4576 4249 639 992 4249 3890 2922 1722 4208 992 4249 3680 4576 4249 639 992 4249 3680 1259 4249
1259 1178 4252 1284 1259 4249 639 1259 4249 1577 2770 1259 4249 1577 2770 1259 4249 503 1259 4249
2922 3890 2922 1102 1722 4103 4103 4249 4249 4103 4103 3890 2922 2922 2922 2496 4208 4249 4252 1284
4249 4252 1284 4208 4249 639 4208 4249 1577 2770 4208 4249 3890 2922 2922 1577 2770 4208 4249 503
4208 1178 4252 1284 4208 4249 639 4208 4249 1577 2770 4208 1178 1577 2770 4208 4249 503 4208 4249
4576 2922 503 4208 4249 4252 1284 2770 4249 4252 1284 1259 4249 639 1259 4249 1577 2770 1259 4249
4208 4249 639 4208 4249 1577 2770 4208 1178 1577 2770 4208 4249 503 4208 4249 639 4208 4249 1722
3890 2922 2922 503 4208 4249 4252 1284 1560 4249 4252 1284 1560 4249 639 1560 1178 1577 2770 4208
4208 4249 639 1560 1178 1722 1560 1560 1178 1722 1560 1560 4249 1722 1560 1259 1178 1722 1560 1259
4249 2922 2922 3890 1102 1722 4103 4103 3890 2922 2922 2922 2496 4208 3071 4252 1284 4208 3071 4252
1722 4103 4103 2922 3071 4576 3071 4576 3890 2922 1102 2922 503 4208 3071 4252 1284 1259 4249 4252
4208 4249 4252 1284 1259 1178 4252 1284 1259 4249 639 1259 1178 1577 2770 1259 1178 1577 2770 1259
1577 2770 1259 1178 2922 1577 2770 1259 4249 503 4208 4249 639 4208 4249 1722 4208 1259 4249 1722
639 1259 4249 1577 2770 1259 4249 1577 2770 1259 4249 503 1259 4249 639 1259 4249 1722 4208 1259
2770 4208 4249 1577 2770 1560 4249 503 1259 4249 639 1259 4249 1722 4208 1259 4249 1722 4208 4208
2770 4249 4252 1284 2770 4249 4252 1284 2770 4249 639 2770 4249 1577 2770 2770 4249 1722 2770 2770
503 4208 4249 639 4208 4249 1722 4208 1259 4249 1722 4208 4208 4249 1722 4208 1259 4249 1722 4208
1418 639 1259 1418 1577 2770 1259 1418 1577 2770 1259 1418 503 1259 1418 639 1259 1418 1722 4208
1102 1722 4103 4103 3890 2922 2922 2922 2496 4208 3071 4252 1284 4208 3071 4252 1284 4208 3071 639
4249 1722 4208 1259 1178 3680 4576 3680 4576 4249 639 1259 4249 1722 4208 1259 4249 3680 4576 3680
3890 1102 3680 4103 4103 2922 3071 3071 4576 4576 3890 2922 2922 3071 4576 3071 4576 2922 503 4208
1284 4208 4249 639 1259 1178 1577 2770 1259 1178 1577 2770 1560 1178 503 1259 4249 639 1259 4249
2922 3890 2922 1102 1722 4103 4103 4249 4249 4103 4103 3890 2922 2922 2922 2496 4208 4249 4252 1284
3890 2922 2922 503 4208 4249 1259 1722 1259 4252 1284 503 4208 4249 639 4208 4249 1577 2770 4208
4208 4249 4252 1178 1259 1178 4252 1284 1259 4249 639 1259 1178 1577 2770 1259 1178 1577 2770 1259
1259 4249 1722 4208 3680 4576 3680 4576 4249 639 1259 4249 1722 4208 1259 4249 3680 4576 3680 1259
2770 1259 1178 503 1259 4249 639 1259 1178 1722 4208 1259 1178 1722 4208 1259 4249 1722 4208 1259
1577 2770 1560 4249 503 4208 4249 639 1259 4249 1722 4208 1259 4249 1722 4208 1259 4249 1722 4208
2922 3890 2922 1102 1722 4103 4103 3890 2922 2922 503 4208 4249 4252 1284 2770 3071 992 1284 2770
2922 1102 1722 4103 4103 2922 503 4208 3071 4252 1284 4208 3071 4252 1284 4208 3071 639 1259 4249
1284 1259 1178 4252 1284 1259 4249 639 1259 4249 1577 2770 1259 4249 1577 2770 1259 4249 503 1259
992 4249 639 4208 4249 1577 2770 4208 4249 1577 2770 4208 4249 503 4208 4249 639 1259 4249 1722
4249 4252 1284 1259 4249 4252 1284 4208 4249 639 1259 4249 1577 2770 1259 4249 2922 1577 2770 1259
4249 503 4208 4249 639 4208 4249 1722 4208 4208 4249 1722 4208 4208 4249 1722 4208 1259 4249 1722
1577 2770 4208 4249 503 4208 4249 639 4208 4249 1722 4208 4208 4249 1722 4208 4208 4249 1722 4208
1178 1577 2770 1259 1178 503 1259 4249 639 1259 1178 1722 4208 1259 4249 1722 4208 1259 1178 1722
4249 4252 1284 992 4249 639 4208 4249 1577 2770 4208 4249 1577 2770 4208 4249 503 4208 503 639
1259 1178 503 1259 4249 639 1259 1178 1722 4208 1259 4249 1722 4208 1259 1178 1722 1259 1259 4249
1722 4103 4103 2922 3890 2922 2922 503 4208 4249 4252 1722 4208 4252 1284 1284 1259 4249 639 4208
4252 1284 1259 4249 639 1259 4249 1577 2770 1259 4249 3680 4576 3680 4576 1577 2770 1259 4249 503
2922 4576 3890 1577 2770 992 4249 1722 992 3680 4576 4249 639 992 4249 3890 2922 1722 4208 992
4103 4103 2922 503 4208 3071 4252 1284 4208 3071 4252 1284 4208 3071 639 1259 3071 1577 2770 4208
2922 2922 3890 1102 1722 4103 4103 3890 2922 2922 2922 2496 4208 3071 4252 1284 4208 3071 4252 1284
1418 1577 2770 1259 1418 1577 2770 1259 1418 503 1259 1418 639 1259 1418 1722 4208 1259 1418 1722
4249 503 1560 4249 639 1560 4249 1722 1560 1560 4249 1722 1560 1560 4249 1722 1560 1560 4249 1722
2922 3890 1102 1722 4103 4103 3890 2922 2922 2922 503 4208 3071 4252 1284 4208 3071 4252 1284 4208
992 3680 4576 4249 639 992 4249 3890 2922 1722 4208 992 4249 3680 4576 4249 639 992 4249 3680
4249 1577 2770 4208 4249 1577 2770 1560 4249 503 1259 4249 639 1259 4249 1722 4208 1259 4249 1722
2922 503 4208 4249 4252 1284 4208 4249 4252 1284 1259 4249 639 1259 4249 1577 2770 1259 4249 3680
1259 4249 503 4208 4249 639 4208 4249 1722 4208 1259 1178 1722 4208 1259 4249 1722 4208 1259 4249
2922 2922 2922 2496 4208 4249 4252 1284 4208 4249 4252 1284 4208 4249 639 4208 4249 1577 2770 4208
2922 3890 2922 1102 1722 4103 4103 4249 4249 4103 4103 3890 2922 2922 2922 2496 4208 3071 4252 1284
1259 4249 639 1259 4249 1577 2770 1259 4249 1577 2770 1259 4249 503 1259 4249 639 1259 4249 1722
2922 503 4208 4249 4252 1178 1259 1178 4252 1284 1259 4249 639 1259 1178 1577 2770 1259 1178 1577
4249 1577 2770 2770 4249 1722 2770 2770 4249 1722 2770 2922 503 4208 4249 4252 1284 4208 1178 4252
4249 639 4208 4249 1722 4208 4208 4249 1722 4208 1259 4249 1722 4208 1259 4249 1722 4208 1259 4249
2770 4208 4249 503 4208 4249 639 1259 1178 1722 4208 1259 4249 1722 4208 1259 4249 1722 4208 4208
4252 1284 4208 4249 4252 1284 1259 4249 639 4208 4249 1577 2770 4208 4249 1577 2770 1259 4249 503
2922 1560 1178 503 1560 4249 639 1560 1178 1722 1560 1560 1178 1722 1560 1259 4249 1722 1560 1259
2922 2922 3890 1102 1722 4103 4103 3890 2922 2922 2922 503 4208 1418 4252 1284 4208 1418 4252 1284
2922 2922 2922 503 4208 4249 4252 1284 1259 1178 4252 1284 4208 4249 639 1259 1178 1577 2770 1259
1284 1259 1178 639 1259 1178 1577 2770 1259 1178 1577 2770 1259 1178 503 1259 4249 639 1259 1178
503 4208 4249 4252 1284 4208 1178 4252 1284 4208 4249 639 4208 4249 1577 2770 1259 4249 1577 2770
4249 4252 1284 2770 4249 4252 1284 2770 4249 639 2770 4249 1577 2770 2770 4249 1722 2770 2770 4249
4103 3890 2922 2922 503 1560 4249 4252 1284 1560 4249 4252 1284 1560 4249 639 1560 1178 1577 2770
2922 503 4208 4249 4252 1178 1259 1178 4252 1284 1259 4249 639 1259 1178 1577 2770 1259 1178 1577
2922 3890 1102 1722 4103 4103 3890 2922 2922 2922 503 4208 1418 4252 1284 4208 1418 4252 1284 4208
1284 1560 4249 639 1560 1178 1577 2770 1560 1178 1577 2770 2922 1560 1178 503 1560 4249 639 1560
4249 4252 1284 2770 4249 4252 1284 1259 4249 639 1259 4249 1577 2770 1259 4249 3680 4576 3680 4576
3890 2922 2922 1102 2922 503 4208 4249 4252 1284 4208 4249 4252 1284 1259 4249 639 1259 4249 1577
4208 4249 639 1259 1178 1577 2770 1259 1178 2922 1577 2770 4208 4249 503 4208 4249 639 4208 4249
1178 1577 2770 1259 1178 2922 1577 2770 1259 4249 503 4208 4249 639 4208 4249 1722 4208 4208 4249
1722 4103 4103 3890 2922 2922 503 4208 3071 4252 1284 4208 1178 4252 1284 1560 3071 639 1259 1178
4103 3890 2922 2922 2922 2496 4208 3071 4252 1284 1259 3071 4252 1284 1259 3071 639 1259 3071 1577
1722 4103 4103 3890 2922 2922 2922 2496 4208 3071 4252 1284 4208 3071 4252 1284 4208 3071 639 4208
1102 1722 4103 4103 4249 4249 4103 4103 3890 2922 2922 2922 503 4208 3071 4252 1284 1560 4249 4252
3890 2922 1102 1722 4103 4103 3890 2922 2922 2922 503 4208 3071 4252 1284 4208 4249 4252 1284 4208
4103 4103 3890 2922 2922 503 1560 4249 4252 1284 1560 4249 4252 1284 1560 4249 639 1560 1178 1577
1722 4208 4252 1284 503 4208 4249 639 4208 4249 1577 2770 4208 4249 1577 2770 1259 4249 503 4208
4249 4252 1284 4208 4249 4252 1284 992 4249 639 4208 4249 1577 2770 4208 4249 1577 2770 4208 4249
4252 1284 1259 4249 639 1259 4249 1577 2770 1259 4249 3680 4576 3680 4576 1577 2770 1259 4249 503
3890 1102 1722 4103 4103 3890 2922 2922 2922 2496 4208 3071 4252 1284 4208 3071 4252 1284 4208 3071
1259 1418 639 1259 1418 1577 2770 1259 1418 1577 2770 1259 1418 503 1259 1418 639 1259 1418 1722
1259 1418 503 1259 1418 639 1259 1418 1722 4208 1259 1418 1722 4208 1259 1418 1722 4208 1259 1418
4103 3890 2922 2922 503 4208 3071 4252 1284 2770 3071 4252 1284 1259 3071 639 2770 3071 1577 2770
4103 3890 2922 2922 503 1560 4249 4252 1284 1560 4249 4252 1284 1560 4249 639 1560 1178 1577 2770
1259 1418 1577 2770 1259 1418 1577 2770 1259 1418 503 1259 1418 639 1259 1418 1722 4208 1259 1418
4249 639 4208 4249 1722 4208 4208 4249 1722 4208 1259 4249 1722 4208 1259 4249 1722 4208 1259 4249
1722 4103 4103 4249 4249 4103 4103 3890 2922 2922 2922 503 4208 4249 4252 1284 1259 3071 4252 1284
2770 1560 1178 1577 2770 2922 1560 1178 503 1560 4249 639 1560 1178 1722 1560 4208 1178 1722 1560
4208 4249 4252 1284 4208 1178 4252 1284 1560 4249 639 1259 4249 1577 2770 1259 1178 1577 2770 1259
2922 3890 2922 2922 503 4208 4249 503 1722 1259 4252 1284 1284 4208 4249 639 4208 4249 1577 2770
4208 4249 4252 1284 4208 1178 4252 1284 4208 4249 639 4208 4249 1577 2770 1259 1178 1577 2770 4208
1259 1178 1577 2770 1259 1178 1577 2770 1259 1178 503 1259 4249 639 1259 1178 1722 4208 1259 1178
3890 2922 2922 2922 503 4208 4249 4252 1284 1259 1178 4252 1284 1259 4249 639 1259 4249 1577 2770
1259 1178 503 4208 4249 639 4208 1178 1722 4208 1259 1178 1722 4208 1259 1178 1722 4208 1259 4249
4249 2922 2922 3890 1102 1722 4103 4103 4249 4249 4103 4103 3890 2922 1102 2922 503 4208 3071 2922
2770 4208 4249 1577 2770 4208 4249 503 4208 4249 639 4208 4249 503 4208 4208 4249 1722 4208 1259
4249 639 4208 4249 1577 2770 4208 4249 1577 2770 1560 4249 503 1259 4249 639 1259 4249 1722 4208
1560 4249 639 1560 1178 1577 2770 1560 4249 1577 2770 1560 4249 503 1560 4249 639 1560 4249 1722
4249 639 4208 4249 1577 2770 4208 4249 3890 2922 2922 1577 2770 4208 4249 503 4208 4249 639 4208
1560 4249 4252 1284 1560 4249 639 1560 1178 1577 2770 1560 4249 1577 2770 1560 4249 503 1560 4249
2922 503 4208 4249 4252 1284 4208 1178 4252 1284 4208 4249 639 1259 1178 1577 2770 1259 4249 2922
2770 2922 503 4208 4249 4252 1284 4208 1178 4252 1284 1560 4249 639 1259 4249 1577 2770 1259 1178
2922 503 4208 4249 4252 1178 1259 1178 4252 1284 1259 4249 639 1259 1178 1577 2770 1259 1178 1577
4208 4249 639 4208 4249 1722 4208 1259 4249 1722 4208 4208 4249 1722 4208 1259 4249 1722 4208 4208
4249 639 1259 4249 1577 2770 1259 4249 3680 4576 3680 4576 1577 2770 1259 4249 503 1259 3890 2922
4249 503 1259 3890 2922 4249 639 1259 4249 1722 4208 1259 1178 3680 4576 3680 4576 4249 639 1259
639 1259 4249 1577 2770 1259 4249 1577 2770 1259 4249 503 1259 4249 639 1259 4249 1722 4208 1259
2922 503 4208 4249 4252 1284 4208 1178 4252 1284 4208 4249 639 1259 1178 1577 2770 1259 4249 2922
4249 639 1560 1178 1577 2770 1560 1178 1577 2770 2922 1560 1178 503 1560 4249 639 1560 1178 1722
1722 4103 4103 3890 2922 2922 2922 503 4208 1418 4252 1284 4208 1418 4252 1284 1560 1418 639 1259
4249 639 4208 4249 1577 2770 4208 4249 1577 2770 4208 4249 503 4208 4249 639 1259 4249 1722 4208
1178 1577 2770 1560 4249 1577 2770 1560 4249 503 1560 4249 639 1560 4249 1722 1560 1560 4249 1722
1259 1418 1577 2770 1259 1418 503 1259 1418 639 1259 1418 1722 4208 1259 1418 1722 4208 1259 1418
503 4208 4249 4252 1284 4208 4249 4252 1284 1259 4249 639 1259 4249 1577 2770 1259 4249 3680 1259
2922 3890 1102 1722 4103 4103 4249 4249 4103 4103 3890 2922 1102 2922 503 4208 3071 2922 4252 1284
1178 4252 1284 4208 4249 639 4208 4249 1577 2770 4208 1178 1577 2770 4208 4249 503 4208 4249 639
4249 4103 4103 3890 2922 2922 2922 2496 4208 3071 4252 1284 1259 3071 4252 1284 1259 3071 639 1259
639 1560 1178 1577 2770 1560 1178 1577 2770 2922 1560 1178 503 1560 4249 639 1560 1178 1722 1560
3890 2922 2922 2922 503 4208 1418 4252 1284 4208 1418 4252 1284 1259 1418 639 1259 1418 1577 2770
1284 1560 4249 639 1560 1178 1577 2770 1560 1178 1577 2770 2922 1560 1178 503 1560 4249 639 1560
2922 2922 3890 1102 1722 4103 4103 2922 3890 2922 2922 503 4208 4249 4208 1722 4208 992 1284 1284
4249 4252 1284 4208 4249 639 4208 4249 1577 2770 4208 4249 3890 2922 2922 1577 2770 4208 4249 503
1178 1577 2770 1259 1178 2922 1577 2770 1259 4249 503 4208 4249 639 4208 4249 1722 4208 4208 4249
1284 1259 1178 4252 1284 1259 4249 639 1259 4249 1577 2770 1259 4249 1577 2770 1259 4249 503 1259
1102 1722 4103 4103 4249 4249 4103 4103 3890 2922 2922 2922 2496 4208 3071 4252 1284 1259 3071 4252
4103 4103 3890 2922 1102 2922 503 4208 3071 2922 4252 1284 992 4249 4252 1284 992 4249 639 992
2922 3890 1102 1722 4103 4103 4249 4249 4103 4103 3890 2922 2922 2922 503 4208 3071 4252 1284 1560
1418 639 1259 1418 1577 2770 1259 1418 1577 2770 1259 1418 503 1259 1418 639 1259 1418 1722 4208
4103 4103 2922 3680 3071 4576 4576 3890 2922 2922 3071 4576 3071 4576 2922 503 4208 3071 4252 1284
1102 1722 4103 4103 3890 2922 2922 2922 503 4208 3071 4252 1284 4208 3071 4252 1284 1259 3071 639
4208 1418 4252 1284 1259 1418 639 1259 1418 1577 2770 1259 1418 1577 2770 1259 1418 1722 1259 1418
4103 4103 3890 2922 1102 2922 503 4208 3071 2922 4252 1284 992 4249 4252 1284 992 4249 639 992
1577 2770 1259 4249 1577 2770 4208 4249 503 4208 4249 639 4208 4249 1722 4208 1259 4249 1722 4208
2770 1259 1178 503 1259 4249 639 1259 1178 1722 4208 1259 4249 1722 4208 1259 1178 1722 1259 1259
4249 639 4208 4249 503 4208 4208 4249 1722 1560 1259 4249 1722 4208 1560 4249 1722 4208 1259 4249
4249 4252 1284 2770 4249 4252 1284 1259 4249 639 1259 4249 1577 2770 1259 4249 3680 4576 3680 4576
2922 503 4208 4249 4252 1284 4208 1178 4252 1284 4208 4249 639 4208 4249 1577 2770 1259 4249 1577
992 4249 639 4208 4249 1577 2770 4208 4249 1577 2770 4208 4249 503 4208 4249 639 1259 4249 1722
4208 4249 4252 1284 1560 4249 4252 1284 1560 4249 639 1560 1178 1577 2770 1560 4249 1577 2770 1560
4249 503 4208 4249 639 4208 4249 1722 4208 4208 4249 1722 4208 4208 4249 1722 4208 1259 4249 1722
4208 4249 4252 1284 1259 1178 4252 1284 1259 4249 639 1259 1178 1577 2770 1259 1178 1577 2770 1259
1178 1577 2770 1259 1178 503 1259 4249 639 1259 1178 1722 4208 1259 4249 1722 4208 1259 1178 1722
4249 503 4208 4249 639 4208 4249 1722 4208 4208 4249 1722 4208 1259 4249 1722 4208 1259 4249 1722
2922 3890 1102 3680 4103 4103 2922 3071 3071 4576 4576 3890 2922 2922 3071 4576 3071 4576 2922 503
4208 4249 1577 2770 4208 4249 1577 2770 992 4249 503 4208 4249 639 4208 4249 1722 4208 1259 4249
4249 2922 3890 2922 1102 1722 4103 4103 2922 3071 4576 3071 4576 3890 2922 1102 2922 503 4208 3071
3890 2922 2922 1102 2922 503 4208 4249 4252 1284 4208 4249 4252 1284 1259 4249 639 1259 4249 1577
639 992 4249 3890 2922 1722 4208 992 4249 3680 4576 4249 639 992 4249 3680 1259 4249 639 992
4249 4249 4103 4103 3890 2922 2922 2922 2496 4208 3071 4252 1284 1259 3071 4252 1284 1259 3071 639
1577 2770 4208 1178 1577 2770 4208 4249 503 4208 4249 639 4208 1178 1722 4208 1259 1178 1722 4208
2770 1259 4249 503 1259 4249 639 1259 4249 1722 4208 1259 1178 1722 4208 1259 4249 1722 4208 1259
2922 2922 503 4208 4249 4252 1284 4208 4249 4252 1284 992 4249 639 4208 4249 1577 2770 1259 4249
4208 4249 639 4208 4249 1577 2770 1259 4249 2922 1577 2770 1259 4249 1722 1259 3680 4576 3680 4576
4249 1577 2770 1259 4249 503 1259 4249 639 1259 4249 1722 4208 1259 1178 1722 4208 1259 4249 1722
2922 503 4208 4249 4252 1284 2770 4249 4252 1284 1259 4249 639 1259 4249 1577 2770 1259 4249 3680
2922 2922 2922 503 4208 1418 4252 1284 4208 1418 4252 1284 1259 1418 639 1259 1418 1577 2770 1259
1577 2770 1560 4249 503 4208 4249 639 1259 4249 1722 4208 1259 4249 1722 4208 1259 4249 1722 4208
2770 4208 4249 3890 2922 2922 1577 2770 4208 4249 503 4208 4249 639 4208 1178 1722 4208 1259 4249
4208 4249 4252 1284 4208 4249 4252 1284 992 4249 639 4208 4249 1577 2770 1259 4249 1577 2770 4208
4249 1577 2770 4208 4249 3680 4576 3680 4576 1577 2770 1259 4249 503 1259 4249 639 1259 4249 1722
4249 1577 2770 1259 4249 503 1259 4249 639 1259 4249 1722 4208 1259 1178 1722 4208 1259 4249 1722
2770 1259 1178 1577 2770 1259 1178 503 1259 4249 639 1259 1178 1722 4208 1259 1178 1722 4208 1259
4208 4249 1577 2770 4208 1178 1577 2770 4208 4249 503 4208 4249 639 4208 1178 1722 4208 4208 1178
2922 1102 2922 503 992 4249 2922 4252 1284 992 4249 4252 1284 992 4249 639 992 4249 1577 2770
4208 4249 4252 1284 4208 4249 4252 1284 1259 4249 1722 4208 1259 4249 1577 2770 1259 4249 1577 2770
503 4208 4249 4252 1722 4208 992 1284 503 1259 4249 639 4208 4249 1577 2770 1259 4249 1577 2770
2770 1259 1178 1577 2770 1560 1178 503 1259 4249 639 1259 1178 1722 4208 1259 1178 1722 4208 1259
3890 2922 2922 503 2770 4249 4252 1284 2770 4249 4252 1284 2770 4249 639 2770 4249 1577 2770 2770
1284 4208 4249 639 4208 4249 1577 2770 4208 4249 3890 2922 2922 1577 2770 4208 4249 1722 4208 4249
4249 1577 2770 1259 4249 3680 4576 3680 4576 1577 2770 1259 4249 503 1259 3890 2922 4249 639 1259
4249 639 4208 4249 1577 2770 4208 4249 1577 2770 1560 4249 503 1259 4249 639 1259 4249 1722 4208
4249 4252 1284 4208 1178 4252 1284 1560 4249 639 1259 4249 1577 2770 4208 1178 1577 2770 1259 1178
2922 503 4208 4249 4252 1284 4208 4249 4252 1284 1560 4249 639 4208 4249 1577 2770 4208 4249 1577
1259 4249 1577 2770 1259 4249 1577 2770 1259 4249 503 1259 4249 639 1259 4249 1722 4208 1259 1178
2770 1259 4249 503 4208 4249 639 1259 4249 1722 4208 1259 4249 1722 4208 1259 4249 1722 4208 1259
4249 639 1259 4249 1722 4208 1259 1178 3680 4576 3680 4576 4249 639 1259 4249 1722 4208 1259 4249
4249 1577 2770 1259 4249 2922 1577 2770 1259 4249 1722 4208 3680 4576 3680 4576 4249 639 1259 4249
1284 4208 1418 4252 1284 1259 1418 639 1259 1418 1577 2770 1259 1418 1577 2770 1259 1418 1722 1259
2922 2922 2922 2496 4208 4249 4252 1284 4208 4249 4252 1284 4208 4249 639 4208 4249 1577 2770 4208
1560 4249 4252 1284 1560 4249 639 1560 1178 1577 2770 1560 1178 1577 2770 2922 1560 1178 503 4208
4208 4249 639 4208 4249 1722 4208 1259 4249 1722 4208 4208 4249 1722 4208 1259 4249 1722 4208 4208
2922 2922 2922 503 4208 4249 4252 1284 1259 1178 4252 1284 1259 4249 639 1259 4249 1577 2770 1259
1284 1259 4249 4252 1284 1259 4249 639 1259 4249 1577 2770 1259 4249 3680 4576 3680 4576 1577 2770
2922 3890 2922 1102 1722 4103 4103 4249 4249 4103 4103 3890 2922 2922 2922 2496 4208 3071 4252 1284
4249 2922 2922 3890 3890 1102 3680 4103 4103 2922 3071 3680 4576 4576 3890 2922 2922 3071 4576 3071
4249 503 1259 4249 639 1259 4249 1722 4208 1259 1178 1722 4208 1259 4249 1722 4208 1259 4249 1722
3890 2922 4249 639 1259 4249 1722 4208 1259 1178 3680 4576 3680 4576 4249 639 1259 4249 1722 4208
1284 1560 4249 639 1560 1178 1577 2770 1560 1178 1577 2770 2922 1560 1178 503 1560 4249 639 1560
3890 2922 2922 503 4208 4249 4252 1178 1259 1178 4252 1284 1259 4249 639 1259 1178 1577 2770 1259
4208 4249 1577 2770 4208 4249 1577 2770 992 4249 503 4208 4249 639 4208 4249 1722 4208 1259 4249
1259 4249 639 1259 1178 1577 2770 1259 1178 1577 2770 1259 1178 503 1259 4249 639 1259 1178 1722
1284 4208 4249 4252 1284 4208 4249 639 1259 4249 1577 2770 4208 4249 3890 2922 2922 1577 2770 4208
1284 2770 4249 4252 1284 1259 4249 639 1259 4249 1577 2770 1259 4249 3680 4576 3680 4576 1577 2770
3890 1102 1722 4103 4103 3890 2922 2922 2922 503 4208 3071 4252 1284 4208 3071 4252 1284 1259 3071
1284 1259 4249 4252 1284 4208 4249 639 1259 4249 1577 2770 1259 4249 2922 1577 2770 1259 4249 1722
4208 4249 1577 2770 4208 4249 503 4208 4249 639 1259 4249 1722 4208 1259 1178 1722 4208 1259 4249
4252 1284 1259 4249 639 1259 4249 1577 2770 1259 4249 1577 2770 1259 4249 503 1259 4249 639 1259
4249 2922 3890 2922 1102 1722 4103 4103 3890 2922 2922 2922 503 4208 3071 4252 1284 4208 4249 4252
4249 1577 2770 1259 4249 1577 2770 1259 4249 503 1259 4249 639 1259 4249 1722 4208 1259 1178 1722
3890 2922 2922 2922 503 4208 4249 4252 1284 1560 4249 4252 1284 1560 4249 639 1560 1178 1577 2770
1577 2770 4208 4249 503 4208 4249 639 4208 4249 1722 4208 4208 1178 1722 4208 1259 4249 1722 4208
2770 2922 503 4208 4249 4252 1284 4208 1178 4252 1284 1560 4249 639 1259 4249 1577 2770 1259 1178
992 3680 4576 4249 639 992 4249 3890 2922 1722 4208 992 4249 3680 4576 4249 639 992 4249 3680
4208 4249 4252 1284 1560 4249 639 4208 4249 1577 2770 4208 4249 1577 2770 4208 4249 503 4208 4249
2922 2922 2922 503 4208 4249 4252 1284 4208 4249 4252 1284 4208 4249 1722 4208 1259 4249 1577 2770
4249 2922 3890 2922 1102 1722 4103 4103 3890 2922 2922 503 4208 4249 4252 1284 2770 3071 992 1284
4249 1577 2770 4208 4249 1577 2770 4208 4249 503 4208 4249 639 4208 4249 503 4208 4208 4249 1722
4249 4103 4103 3890 2922 1102 2922 503 4208 3071 2922 4252 1284 992 4249 4252 1284 992 4249 639
2922 1577 2770 1259 4249 1722 4208 3680 4576 3680 4576 4249 639 4208 4249 1722 4208 1259 4249 3680
639 1259 4249 1722 4208 1259 4249 3680 4576 3680 4576 4249 639 1259 4249 3680 1259 3680 1259 4249
4208 4249 503 4208 4249 639 4208 4249 1722 4208 1259 4249 1722 4208 4208 4249 1722 4208 1259 4249
1722 4103 4103 3890 2922 2922 2922 2496 4208 3071 4252 1284 4208 3071 4252 1284 4208 3071 1722 4208
2922 2922 503 4208 4249 4252 1284 4208 1178 4252 1284 4208 4249 639 1259 1178 1577 2770 1259 4249
1102 1722 4103 4103 3890 2922 2922 2922 503 4208 4249 4252 1284 1259 1178 4252 1284 1259 4249 639
4249 1722 2770 2770 4249 1722 2770 2922 503 4208 4249 4252 1284 4208 1178 4252 1284 4208 4249 639
4208 4249 4252 1284 992 4249 639 4208 4249 1577 2770 4208 4249 1577 2770 4208 4249 503 4208 4249
2770 4208 4249 503 4208 4249 639 4208 4249 503 1560 4208 4249 1722 4208 1259 4249 1722 4208 4208
2922 3890 1102 1722 4103 4103 3890 2922 2922 2922 503 4208 3071 4252 1284 4208 3071 4252 1284 4208
3890 2922 1102 1722 4103 4103 2922 503 4208 3071 4252 1284 4208 3071 4252 1284 4208 3071 639 4208
2770 4249 1722 2770 2770 4249 1722 2770 2922 503 4208 4249 4252 1284 4208 1178 4252 1284 4208 4249
1577 2770 2770 4249 1722 2770 2770 4249 1722 2770 2922 503 4208 4249 4252 1284 4208 1178 4252 1284
639 1259 4249 1577 2770 1259 4249 1577 2770 1259 4249 503 1259 4249 639 1259 4249 1722 4208 1259
2770 1259 4249 2922 1577 2770 1259 4249 1722 1259 3680 4576 3680 4576 4249 639 1259 4249 1722 4208
1259 1178 1577 2770 1259 1178 2922 1577 2770 1259 4249 503 4208 4249 639 4208 4249 1722 4208 4208
503 4208 4249 639 1259 4249 1722 4208 1259 4249 3680 4576 3680 4576 4249 639 1259 4249 3680 1259
4249 2922 2922 3890 1102 1722 4103 4103 2922 3890 2922 2922 503 4208 4249 1259 1722 4208 4208 1284
4249 2922 2922 3890 1102 1722 4103 4103 3890 2922 2922 2922 503 4208 1418 4252 1284 4208 1418 4252
4249 1577 2770 1259 4249 2922 1577 2770 1259 4249 1722 4208 3680 4576 3680 4576 4249 639 1259 4249
2922 3890 2922 1102 1722 4103 4103 2922 3071 4576 3071 4576 3890 2922 1102 2922 503 4208 3071 4252
1284 1259 4249 639 1259 4249 1577 2770 1259 4249 1577 2770 1259 4249 503 1259 4249 639 1259 4249
4208 4249 4252 1284 1259 4249 4252 1284 1259 4249 639 1259 4249 1577 2770 1259 4249 2922 1577 2770
4249 639 1560 1178 1722 1560 1560 1178 1722 1560 1560 4249 1722 1560 1560 1178 1722 1560 1259 1178
1722 4208 4252 1284 503 4208 4249 639 4208 4249 1577 2770 4208 4249 1577 2770 1259 4249 503 4208
4208 4249 4252 1284 4208 1178 4252 1284 1259 4249 639 1259 1178 1577 2770 1259 1178 2922 1577 2770
4252 1284 992 4249 639 4208 4249 1577 2770 4208 4249 1577 2770 4208 4249 503 4208 4249 639 1259
1577 2770 4208 4249 1577 2770 4208 4249 503 4208 4249 639 4208 4249 503 4208 4208 4249 1722 4208
4249 2922 2922 3890 3890 1102 3680 4103 4103 2922 3071 3680 4576 4576 3890 2922 2922 3071 4576 3071
1259 4249 3680 4576 3680 4576 1577 2770 1259 4249 503 1259 3890 2922 4249 639 1259 4249 1722 4208
4249 4252 1284 1259 4249 4252 1284 4208 4249 639 1259 4249 1577 2770 1259 4249 2922 1577 2770 1259
4249 503 1259 4249 639 1259 4249 1722 4208 1259 1178 1722 4208 1259 4249 1722 4208 1259 4249 1722
4252 1284 1259 1178 639 1259 1178 1577 2770 1259 1178 1577 2770 1259 1178 503 1259 4249 639 1259
4249 4252 1284 4208 4249 639 4208 4249 1577 2770 1259 4249 2922 1577 2770 1259 4249 1722 1259 3680
1259 4249 2922 1577 2770 1259 4249 1722 1259 3680 4576 3680 4576 4249 639 1259 4249 1722 4208 1259
4576 3890 1577 2770 992 4249 1722 992 3680 4576 4249 639 992 4249 3890 2922 1722 4208 992 4249
1259 4249 3680 4576 3680 4576 1577 2770 1259 4249 503 1259 3890 2922 4249 639 1259 4249 1722 4208
1722 4103 4103 4249 4249 4103 4103 3890 2922 1102 2922 503 4208 3071 2922 4252 1284 4208 4249 4252
4103 4103 4249 4249 4103 4103 3890 2922 1102 2922 503 4208 3071 2922 4252 1284 992 4249 4252 1284
1722 4103 4103 3890 2922 2922 503 4208 3071 4252 1178 1259 1178 4252 1284 1259 1178 639 1259 1178
503 4208 4249 4252 1284 4208 4249 4252 1284 1259 4249 639 1259 4249 1577 2770 1259 4249 3680 1259
3680 1102 2922 1102 1722 4103 4103 3890 2922 2922 503 4208 4249 4252 1178 1259 1178 4252 1284 1259
3890 2922 1102 2922 503 992 4249 2922 4252 1284 992 4249 4252 1284 992 4249 639 992 4249 1577
2922 1102 2922 503 4208 4249 4252 1284 1259 4249 4252 1284 4208 4249 639 1259 4249 1577 2770 1259
2922 2922 2922 503 4208 4249 4252 1284 1259 1178 4252 1284 1259 4249 639 1259 4249 1577 2770 1259
2922 1102 1722 4103 4103 2922 503 4208 3071 4252 1284 4208 3071 4252 1284 4208 3071 639 1259 4249
4208 4249 4252 1284 1560 4249 4252 1284 1560 4249 639 1560 1178 1577 2770 1560 4249 1577 2770 1560
1259 4249 3680 4576 3680 4576 1577 2770 1259 4249 503 1259 4249 639 1259 4249 1722 4208 1259 4249
2922 503 4208 4249 4252 1284 1560 4249 4252 1284 1560 4249 639 1560 1178 1577 2770 1560 1178 1577
4249 4252 1284 1259 4249 639 4208 4249 1577 2770 4208 4249 1577 2770 1560 4249 503 1259 4249 639
1722 4103 4103 3890 2922 2922 2922 2496 4208 3071 4252 1284 4208 3071 4252 1284 4208 3071 639 4208
3890 1577 2770 992 4249 1722 992 3680 4576 4249 639 992 4249 3890 2922 1722 4208 992 4249 3680
4103 3890 2922 2922 2922 503 4208 4249 4252 1284 1259 1178 4252 1284 4208 4249 639 1259 1178 1577
1178 1577 2770 4208 4249 503 4208 4249 639 4208 1178 1722 4208 4208 1178 1722 4208 1259 4249 1722
4103 4103 2922 503 4208 3071 4252 1284 4208 3071 4252 1284 4208 3071 639 1259 3071 1577 2770 4208
3890 2922 2922 1577 2770 4208 4249 503 4208 4249 639 4208 1178 1722 4208 1259 4249 1722 4208 1259
1259 4249 639 1259 4249 1722 4208 1259 4249 3680 4576 3680 4576 4249 639 1259 4249 3680 1259 3680
1722 4103 4103 4249 4249 4103 4103 3890 2922 1102 2922 503 4208 3071 2922 4252 1284 4208 4249 4252
1577 2770 1259 4249 1577 2770 4208 4249 503 4208 4249 639 4208 4249 1722 4208 1259 4249 1722 4208
3890 1102 1722 4103 4103 4249 4249 4103 4103 3890 2922 1102 2922 503 4208 3071 2922 4252 1284 4208
2922 2922 503 4208 4249 4252 1284 4208 4249 4252 1284 992 4249 639 4208 4249 1577 2770 1259 4249
4208 4249 4252 1284 1259 4249 4252 1284 1259 4249 639 1259 4249 1577 2770 1259 4249 2922 1577 2770
1284 4208 4249 639 4208 4249 1577 2770 4208 1178 1577 2770 4208 1178 503 4208 4249 639 4208 1178
4208 4249 4252 1284 1560 4249 4252 1284 1560 4249 639 1560 1178 1577 2770 1560 1178 1577 2770 2922
2922 3890 2922 2922 1102 2922 503 4208 4249 4252 1284 4208 4249 4252 1284 1259 4249 639 1259 4249
4103 3890 2922 2922 503 4208 4249 4252 1178 1259 1178 4252 1284 1259 1178 639 1259 1178 1577 2770
3890 1102 1722 4103 4103 3890 2922 2922 2922 503 4208 3071 4252 1284 1259 3071 4252 1284 1259 3071
1577 2770 1259 4249 503 4208 4249 639 1259 4249 1722 4208 1259 4249 3680 4576 3680 4576 4249 639
639 1259 1178 1577 2770 1259 1178 1577 2770 1259 1178 503 1259 4249 639 1259 1178 1722 4208 1259
2922 2922 2922 2496 4208 4249 4252 1284 4208 1178 4252 1284 4208 4249 639 4208 4249 1577 2770 4208
2770 1259 1178 1577 2770 1560 1178 503 1259 4249 639 1259 1178 1722 4208 1259 1178 1722 4208 1259
4252 1284 1259 4249 639 1259 1178 1577 2770 1259 1178 1577 2770 1259 1178 503 1259 4249 639 1259
4249 1577 2770 4208 4249 1577 2770 1560 4249 503 1259 4249 639 1259 4249 1722 4208 1259 4249 1722
2922 503 992 4249 2922 4252 1284 992 4249 4252 1284 992 4249 639 992 4249 1577 2770 992 4249
2770 1259 1178 1577 2770 1259 1178 503 1259 4249 639 1259 1178 1722 4208 1259 1178 1722 4208 1259
2770 4208 4249 503 4208 4249 639 4208 4249 503 1560 4208 4249 1722 4208 1259 4249 1722 4208 4208
1418 4252 1284 4208 1418 4252 1284 1259 1418 639 1259 1418 1577 2770 1259 1418 1577 2770 1259 1418
4252 1284 4208 4249 4252 1284 1560 4249 639 4208 4249 1577 2770 4208 4249 1577 2770 4208 4249 503
1178 1577 2770 1259 1178 503 1259 4249 639 1259 1178 1722 4208 1259 1178 1722 4208 1259 4249 1722
4249 4252 1284 4208 4249 4252 1284 1259 4249 639 1259 4249 1577 2770 1259 4249 3680 4576 3680 1259
3890 2922 1102 1722 4103 4103 4249 4249 4103 4103 3890 2922 2922 2922 2496 4208 3071 4252 1284 4208
2770 4208 4249 503 4208 4249 639 4208 4249 1722 4208 4208 4249 1722 4208 1259 4249 1722 4208 1259
1577 2770 4208 4249 503 4208 4249 639 4208 4249 1722 4208 4208 1178 1722 4208 1259 4249 1722 4208
1102 2922 503 992 4249 2922 4252 1284 992 4249 4252 1284 992 4249 639 992 4249 1577 2770 992
4249 503 4208 4249 639 4208 4249 503 4208 4208 4249 1722 4208 4208 4249 1722 4208 4208 4249 1722
2922 3890 2922 1102 1722 4103 4103 4249 4249 4103 4103 3890 2922 2922 2922 2496 4208 4249 4252 1284
3680 4576 3680 4576 2922 503 4208 4249 4252 1284 2770 4249 4252 1284 1259 4249 639 1259 4249 1577
503 2770 4249 4252 1284 2770 4249 4252 1284 2770 4249 639 2770 4249 1577 2770 2770 4249 1722 2770
2922 1102 1722 4103 4103 4249 4249 4103 4103 3890 2922 2922 2922 2496 4208 3071 4252 1284 1259 4249
4208 4249 4252 1284 4208 4249 4252 1284 1560 4249 639 4208 4249 1577 2770 4208 4249 1577 2770 4208
639 4208 4249 1577 2770 1259 4249 2922 1577 2770 1259 4249 1722 4208 3680 4576 3680 4576 4249 639
2922 2922 3890 1102 1722 4103 4103 3890 2922 2922 2922 503 4208 3071 4252 1284 4208 3071 4252 1284
1259 1178 503 1259 4249 639 1259 1178 1722 4208 1259 1178 1722 4208 1259 4249 1722 4208 1259 4249
2770 4208 4249 503 4208 4249 639 4208 4249 1722 4208 4208 4249 1722 4208 1259 4249 1722 4208 1259
1722 4103 4103 3890 2922 2922 2922 503 4208 3071 4252 1284 4208 3071 4252 1284 1259 3071 639 4208
1284 1259 1178 4252 1284 1259 4249 639 1259 1178 1577 2770 1259 1178 1577 2770 1259 1178 503 1259
1577 2770 1259 4249 1722 4208 3680 4576 3680 4576 4249 639 4208 4249 1722 4208 1259 4249 3680 4576
2922 503 4208 4249 4252 1178 1259 1178 4252 1284 1259 4249 639 1259 1178 1577 2770 1259 1178 1577
503 1560 4249 639 1560 4249 1722 1560 1560 4249 1722 1560 1560 4249 1722 1560 1560 4249 1722 1560
1577 2770 1259 1178 1577 2770 1560 1178 503 1259 4249 639 4208 1178 1722 4208 1259 4249 1722 4208
4208 4249 1577 2770 4208 1178 1577 2770 1259 1178 503 4208 4249 639 4208 1178 1722 4208 4208 1178
3890 2922 2922 2922 503 4208 4249 4252 1284 1259 1178 4252 1284 4208 4249 639 1259 1178 1577 2770
2770 4208 1178 503 4208 4249 639 4208 1178 1722 4208 4208 1178 3890 2922 1722 4208 4208 1178 1722
2770 1259 1178 503 1259 4249 639 1259 1178 1722 4208 1259 4249 1722 4208 1259 1178 1722 1259 1259
1560 4249 4252 1284 1560 4249 639 1560 1178 1577 2770 1560 1178 1577 2770 2922 1560 1178 503 4208
992 4249 2922 4252 1284 992 4249 4252 1284 992 4249 639 992 4249 1577 2770 992 4249 3680 2922
4252 1284 1259 4249 639 1259 4249 1577 2770 1259 4249 3680 4576 3680 4576 1577 2770 1259 4249 503
4208 4249 503 4208 4249 639 4208 4249 1722 4208 4208 4249 1722 4208 1259 4249 1722 4208 1259 4249
1178 1577 2770 1560 1178 503 4208 4249 639 4208 1178 1722 4208 1259 1178 1722 4208 1259 4249 1722
1102 1722 4103 4103 2922 503 4208 3071 4252 1284 1560 3071 4252 1284 4208 3071 639 1259 3071 1577
2770 1560 4249 503 1560 4249 639 1560 4249 1722 1560 1560 4249 1722 1560 1560 4249 1722 1560 1560
4249 2922 3890 2922 1102 1722 4103 4103 2922 3071 4576 3071 4576 3890 2922 1102 2922 503 4208 3071
639 4208 4249 1577 2770 4208 1178 1577 2770 1259 1178 503 4208 4249 639 4208 1178 1722 4208 4208
4249 2922 3890 2922 1102 1722 4103 4103 3890 2922 2922 2922 503 4208 3071 4252 1284 4208 4249 4252
1577 2770 4208 1178 1577 2770 4208 1178 503 4208 4249 639 4208 1178 1722 4208 4208 1178 3890 2922
4208 4249 639 4208 4249 1577 2770 4208 1178 1577 2770 4208 1178 503 4208 4249 639 4208 1178 1722
3890 1102 1722 4103 4103 3890 2922 2922 2922 503 4208 1418 4252 1284 4208 1418 4252 1284 1560 1418
2770 1259 1418 1577 2770 1259 1418 503 1259 1418 639 1259 1418 1722 4208 1259 1418 1722 4208 1259
2922 3890 1102 1722 4103 4103 3890 2922 2922 2922 503 4208 1418 4252 1284 4208 1418 4252 1284 4208
1259 4249 639 1259 1178 1577 2770 1259 1178 1577 2770 1560 1178 503 1259 4249 639 1259 4249 1722
1102 1722 4103 4103 3890 2922 2922 2922 503 4208 3071 4252 1284 1259 3071 4252 1284 1259 3071 639
1577 2770 4208 1178 1577 2770 4208 4249 503 4208 4249 639 4208 1178 1722 4208 1259 1178 1722 4208
4208 4249 1577 2770 1560 4249 503 1259 4249 639 1259 4249 1722 4208 1259 4249 1722 4208 1259 4249
4249 639 1259 4249 1722 4208 1259 4249 3680 4576 3680 4576 4249 639 1259 4249 3680 1259 3680 1259
3890 2922 2922 3680 4576 3680 4576 2922 503 4208 4249 4252 1284 2770 4249 4252 1284 1259 4249 639
2922 2922 503 4208 4249 4252 1284 4208 1178 4252 1284 4208 4249 639 4208 4249 1577 2770 1259 1178
4249 639 1259 1178 1577 2770 1259 1178 1577 2770 1560 1178 503 1259 4249 639 1259 4249 1722 4208
2770 1259 1178 503 1259 4249 639 1259 1178 1722 4208 1259 4249 1722 4208 1259 1178 1722 1259 1259
1284 1259 4249 4252 1284 1259 4249 639 4208 4249 1577 2770 4208 4249 1577 2770 1259 4249 503 1259
1577 2770 2770 4249 1722 2770 2770 4249 1722 2770 2922 503 4208 4249 4252 1284 4208 1178 4252 1284
4208 4249 4252 1284 4208 1178 4252 1284 4208 4249 639 4208 4249 1577 2770 1259 1178 1577 2770 4208
2922 3680 4576 3680 4576 3890 2922 1102 2922 503 4208 4249 4252 1284 1259 4249 4252 1284 4208 4249
2922 1577 2770 4208 4249 503 4208 4249 639 4208 4249 1722 4208 4208 1178 1722 4208 1259 4249 1722
4103 4103 3890 2922 2922 2922 2496 4208 3071 4252 1284 1259 3071 4252 1284 1259 3071 639 1259 3071
4103 3890 2922 3890 2922 2922 1102 2922 503 4208 4249 4252 1284 4208 4249 4252 1284 1259 4249 639
4252 1284 4208 4249 4252 1284 1259 4249 639 4208 4249 1577 2770 4208 4249 1577 2770 1259 4249 503
4249 4252 1284 1259 4249 639 1259 4249 1577 2770 1259 4249 3680 4576 3680 4576 1577 2770 1259 4249
1284 1259 1178 4252 1284 1259 4249 639 1259 1178 1577 2770 1259 1178 1577 2770 1259 1178 503 1259
4252 1284 1259 4249 639 1259 4249 1577 2770 1259 4249 3680 4576 3680 4576 1577 2770 1259 4249 503
1560 1178 1577 2770 1560 1178 1577 2770 2922 1560 1178 503 1560 4249 639 1560 1178 1722 1560 4208
1577 2770 4208 1178 1577 2770 4208 1178 503 4208 4249 639 4208 1178 1722 4208 4208 1178 3890 2922
2922 2922 3890 1102 1722 4103 4103 4249 4249 4103 4103 3890 2922 2922 2922 503 4208 3071 4252 1284
1102 1722 4103 4103 3890 2922 2922 2922 503 4208 4249 4252 1284 1259 1178 4252 1284 1259 4249 639
639 2770 4249 1577 2770 2770 4249 1722 2770 2770 4249 1722 2770 2922 503 4208 4249 4252 1284 4208
2770 4208 1178 1577 2770 4208 4249 503 4208 4249 639 4208 1178 1722 4208 4208 1178 1722 4208 1259
1259 4249 4252 1284 1259 4249 639 1259 4249 1577 2770 1259 4249 3680 4576 3680 4576 1577 2770 1259
4249 1722 4208 3680 4576 3680 4576 4249 639 1259 4249 1722 4208 1259 4249 3680 4576 3680 1259 4249
4249 1577 2770 4208 4249 503 4208 4249 639 4208 4249 503 1560 4208 4249 1722 4208 1259 4249 1722
2770 4249 4252 1284 1259 4249 639 1259 4249 1577 2770 1259 4249 3680 4576 3680 4576 1577 2770 1259
1418 4252 1284 4208 1418 4252 1284 1259 1418 639 1259 1418 1577 2770 1259 1418 1577 2770 1259 1418
1178 503 4208 4249 639 4208 1178 1722 4208 1259 1178 3890 2922 1722 4208 4208 1178 1722 4208 4208
4249 3680 4576 3680 4576 1577 2770 1259 4249 503 1259 3890 2922 4249 639 1259 4249 1722 4208 1259
2770 1259 4249 2922 1577 2770 1259 4249 1722 1259 3680 4576 3680 4576 4249 639 1259 4249 1722 4208
4249 4252 1284 1560 4249 639 1560 1178 1577 2770 1560 1178 1577 2770 2922 1560 1178 503 4208 4249
2922 3890 1102 1722 4103 4103 3890 2922 2922 2922 503 4208 4249 4252 1284 1259 1178 4252 1284 1259
2922 2922 1102 2922 503 4208 4249 4252 1284 1259 4249 4252 1284 1259 4249 639 1259 4249 1577 2770
2770 1259 1418 503 1259 1418 639 1259 1418 1722 4208 1259 1418 1722 4208 1259 1418 1722 4208 1259
3890 2922 2922 2922 503 4208 1418 4252 1284 4208 1418 4252 1284 1259 1418 639 1259 1418 1577 2770
4249 1577 2770 4208 4249 503 4208 4249 639 4208 4249 503 1560 4208 4249 1722 4208 1259 4249 1722
503 1560 4249 4252 1284 1560 4249 4252 1284 1560 4249 639 1560 1178 1577 2770 1560 4249 1577 2770
4249 4252 1178 1259 1178 4252 1284 1259 4249 639 1259 1178 1577 2770 1259 1178 1577 2770 1259 1178
4252 1284 1259 1178 639 1259 1178 1577 2770 1259 1178 1577 2770 1259 1178 503 1259 4249 639 1259
2922 3890 2922 1102 1722 4103 4103 3890 2922 2922 503 1560 4249 4252 1284 1560 4249 4252 1284 1560
1284 1259 1178 4252 1284 1560 4249 639 1259 1178 1577 2770 1259 1178 1577 2770 1259 4249 503 1259
2922 2922 3890 1102 1722 4103 4103 3890 2922 2922 2922 503 4208 3071 4252 1284 1259 3071 4252 1284
1577 2770 1259 4249 503 4208 4249 639 1259 4249 1722 4208 1259 4249 3680 4576 3680 4576 4249 639
1722 4103 4103 4249 4249 4103 4103 3890 2922 2922 2922 2496 4208 3071 4252 1284 1259 4249 4252 1284
4252 1284 1560 4249 639 4208 4249 1577 2770 4208 1178 1577 2770 4208 1178 503 4208 4249 639 4208
4252 1284 1560 4249 639 1560 1178 1577 2770 1560 4249 1577 2770 1560 4249 503 1560 4249 639 1560
1102 2922 1102 1722 4103 4103 3890 2922 2922 503 4208 4249 4252 1178 1259 1178 4252 1284 1259 1178
1284 4208 4249 639 1259 1178 1577 2770 1259 1178 1577 2770 1560 1178 503 1259 4249 639 1259 4249
639 4208 4249 1577 2770 4208 4249 1577 2770 4208 4249 503 4208 4249 639 1259 4249 1722 4208 1259
2770 1259 1178 503 1259 4249 639 1259 1178 1722 4208 1259 4249 1722 4208 1259 1178 1722 1259 1259
2922 3890 1102 1722 4103 4103 3890 2922 2922 2922 503 4208 3071 4252 1284 1259 3071 4252 1284 1259
2922 1102 1722 4103 4103 2922 3071 4576 3071 4576 3890 2922 1102 2922 503 4208 3071 4252 1284 4208
2922 2922 2922 503 4208 4249 4252 1284 1259 1178 4252 1284 4208 4249 639 1259 1178 1577 2770 1259
4249 4252 1284 4208 4249 4252 1284 1259 4249 639 1259 4249 1577 2770 1259 4249 3680 4576 3680 1259
992 4249 639 4208 4249 1577 2770 4208 4249 1577 2770 4208 4249 503 4208 4249 639 1259 4249 1722
2922 3890 1102 1722 4103 4103 4249 4249 4103 4103 3890 2922 2922 2922 503 4208 3071 4252 1284 1560
4208 4249 639 4208 4249 503 4208 4208 4249 1722 1560 1259 4249 1722 4208 1560 4249 1722 4208 1259
1102 1722 4103 4103 2922 3890 2922 2922 503 4208 4249 1259 1722 4208 4252 1284 1284 4208 4249 639
4576 2922 503 4208 4249 4252 1284 2770 4249 4252 1284 1259 4249 639 1259 4249 1577 2770 1259 4249
4249 1722 2770 2770 4249 1722 2770 2922 503 4208 4249 4252 1284 4208 1178 4252 1284 4208 4249 639
2922 2922 3890 3890 1102 3680 4103 4103 2922 3071 3680 4576 4576 3890 2922 2922 3071 4576 3071 4576
2922 3890 1102 1722 4103 4103 2922 3890 2922 2922 503 4208 4249 4208 1722 4208 992 1284 1284 4208
503 4208 4249 4252 1284 4208 1178 4252 1284 4208 4249 639 4208 4249 1577 2770 1259 4249 1577 2770
4249 639 992 4249 1577 2770 992 4249 3680 2922 4576 3890 1577 2770 992 4249 1722 992 3680 4576
1178 4252 1284 4208 4249 639 1259 1178 1577 2770 1259 1178 2922 1577 2770 1259 4249 503 4208 4249
503 4208 4249 4252 1284 4208 4249 4252 1284 1259 4249 639 1259 4249 1577 2770 1259 4249 3680 1259
4208 4249 1577 2770 4208 4249 1577 2770 1560 4249 503 1259 4249 639 1259 4249 1722 4208 1259 4249
992 4249 639 992 4249 1577 2770 992 4249 3680 2922 4576 3890 1577 2770 992 4249 1722 992 3680
2922 2922 2922 503 4208 4249 4252 1284 4208 4249 4252 1284 4208 4249 1722 4208 1259 4249 1577 2770
1259 1178 1577 2770 1259 1178 503 1259 4249 639 1259 1178 1722 4208 1259 1178 1722 4208 1259 4249
503 4208 4249 639 4208 4249 1722 4208 1259 4249 1722 4208 1259 4249 1722 4208 1259 4249 1722 4208
639 2770 4249 1577 2770 2770 4249 1722 2770 2770 4249 1722 2770 2922 503 4208 4249 4252 1284 4208
4252 1284 4208 1178 4252 1284 1560 4249 639 1259 4249 1577 2770 4208 1178 1577 2770 1259 1178 503
3890 2922 2922 1577 2770 4208 4249 503 4208 4249 639 4208 1178 1722 4208 1259 4249 1722 4208 1259
4252 1284 992 4249 639 992 4249 1577 2770 992 4249 3680 2922 4576 3890 1577 2770 992 4249 1722
1259 4249 4252 1284 1259 4249 639 4208 4249 1577 2770 4208 4249 1577 2770 1259 4249 503 1259 4249
1722 2770 2770 4249 1722 2770 2922 503 4208 4249 4252 1284 4208 1178 4252 1284 4208 4249 639 1259
1284 1560 4249 639 1560 1178 1577 2770 1560 4249 1577 2770 1560 4249 503 1560 4249 639 1560 4249
1102 1722 4103 4103 3890 2922 2922 503 4208 3071 4252 1284 4208 1178 4252 1284 1560 2496 639 4208
4252 1284 1259 1178 4252 1284 1259 4249 639 1259 1178 1577 2770 1259 1178 1577 2770 1259 1178 503
4249 4249 4103 4103 3890 2922 1102 2922 503 4208 4249 2922 4252 1284 992 4249 4252 1284 992 3071
2770 2922 503 4208 4249 4252 1284 4208 1178 4252 1284 1560 4249 639 1259 4249 1577 2770 1259 1178
4252 1284 4208 1418 4252 1284 1259 1418 639 1259 1418 1577 2770 1259 1418 1577 2770 1259 1418 1722
3890 1102 1722 4103 4103 3890 2922 2922 2922 503 4208 4249 4252 1284 1259 1178 4252 1284 1259 4249
4103 4103 3890 2922 1102 2922 503 4208 3071 2922 4252 1284 992 4249 4252 1284 992 4249 639 992
2922 2922 3680 4576 3680 4576 2922 503 4208 4249 4252 1284 2770 4249 4252 1284 1259 4249 639 1259
4252 1284 4208 4249 4252 1284 4208 4249 1722 4208 1259 4249 1577 2770 1259 4249 1577 2770 4208 4249
639 4208 4249 1577 2770 4208 1178 1577 2770 4208 4249 503 4208 4249 639 4208 1178 1722 4208 4208
1102 1722 4103 4103 4249 4249 4103 4103 3890 2922 2922 2922 503 4208 4249 4252 1284 1259 1178 992
4249 2922 2922 3890 1102 1722 4103 4103 2922 3890 2922 2922 503 4208 4249 1259 1722 4208 4208 1284
4208 4249 4252 1284 2770 4249 4252 1284 1259 4249 639 1259 4249 1577 2770 1259 4249 3680 4576 3680
1284 4208 4249 4252 1284 1560 4249 639 4208 4249 1577 2770 4208 4249 1577 2770 4208 4249 503 4208
2922 503 4208 4249 4252 1284 4208 4249 4252 1284 1259 4249 1722 4208 1259 4249 1577 2770 1259 4249
1284 4208 4249 639 4208 4249 1577 2770 1259 4249 2922 1577 2770 1259 4249 1722 1259 3680 4576 3680
2922 2922 2922 503 4208 4249 4252 1284 1560 4249 4252 1284 1560 4249 639 1560 1178 1577 2770 1560
4249 1577 2770 4208 4249 503 4208 4249 639 4208 4249 1722 4208 4208 4249 1722 4208 1259 4249 1722
1178 503 1560 4249 639 1560 1178 1722 1560 1560 1178 1722 1560 1560 4249 1722 1560 1259 1178 1722
