369 369 369 369 369 369 180 180 180 180 453 453 453 453 453 453 180 453 453 453
444 444 444 207 207 436 436 436 436 436 436 436 436 436 436 436 436 436 436 436
207 180 180 134 134 321 207 180 180 180 180 180 180 180 453 207 436 140 436 436
134 134 134 134 134 321 207 134 180 180 369 180 180 180 180 180 180 453 453 134
444 321 321 321 321 453 444 444 444 453 444 453 444 436 436 436 436 436 436 436
444 444 444 134 134 453 453 453 134 134 180 180 180 180 180 180 180 180 180 180
207 373 373 459 321 181 459 181 321 321 181 181 321 181 459 181 321 181 459 181
369 369 369 369 369 369 453 444 453 444 453 444 444 444 134 134 444 444 453 444
453 459 321 321 181 321 37 321 181 453 453 453 453 134 134 180 180 180 180 180
181 459 459 181 436 436 436 436 436 436 214 436 436 436 436 436 436 436 436 436
180 180 180 180 180 134 134 321 207 180 180 134 453 134 436 140 436 436 140 436
140 436 436 140 436 436 436 436 436 214 436 436 436 214 436 214 436 214 436 214
321 181 321 321 321 37 321 181 459 37 453 453 453 444 453 444 453 444 321 181
321 453 453 453 453 140 453 453 453 453 140 436 453 453 453 453 140 140 140 453
453 453 453 453 444 453 453 369 369 321 321 181 37 181 453 453 321 37 321 321
321 181 459 321 181 459 321 181 134 453 453 453 453 453 453 453 453 134 134 134
436 140 436 140 436 436 140 436 436 436 207 444 444 436 436 436 436 436 436 436
436 140 436 140 436 436 140 436 436 214 436 207 444 436 436 436 436 436 214 436
459 466 466 181 459 321 181 459 321 181 181 466 321 459 459 181 459 181 459 459
37 37 37 37 37 37 180 369 180 369 369 369 369 369 180 369 453 444 444 444
453 444 134 134 134 134 369 369 180 369 37 37 37 180 369 37 37 37 37 37
453 444 321 37 321 37 37 37 321 181 453 444 444 444 453 444 453 444 37 37
453 453 453 453 453 134 134 134 134 180 180 180 180 180 180 180 180 180 180 180
453 444 453 444 444 444 444 444 140 140 436 436 436 436 436 436 436 436 459 436
453 453 453 444 453 444 37 321 37 37 37 37 37 37 37 37 37 37 453 444
436 436 436 140 140 436 436 207 207 444 444 140 140 436 436 436 436 140 140 436
436 436 436 436 214 436 436 214 214 214 436 214 444 436 436 214 436 453 321 321
444 207 207 436 436 140 140 436 436 214 436 140 140 436 436 140 140 436 436 436
207 180 180 180 180 180 369 134 134 321 207 180 180 180 453 453 436 140 436 436
207 453 134 444 444 134 321 321 134 134 134 134 134 321 321 134 134 180 180 369
181 466 181 466 466 181 466 466 181 466 466 181 466 466 466 181 181 466 181 466
37 37 321 37 37 37 37 37 453 444 453 444 453 444 453 444 134 134 140 140
134 134 134 134 321 37 369 369 180 369 37 37 37 37 37 37 321 37 180 369
436 436 436 436 436 436 207 444 453 436 436 214 436 436 436 214 444 453 321 321
444 444 444 444 134 134 453 453 453 134 134 369 369 180 180 180 180 369 180 180
466 466 466 466 466 459 181 181 466 181 466 181 181 181 466 181 466 466 181 466
453 134 134 180 369 134 134 369 180 180 180 180 180 180 180 180 180 369 453 369
453 453 453 134 134 180 180 180 180 180 180 180 180 321 180 321 180 37 181 180
140 321 453 444 444 444 444 453 444 444 444 140 140 436 436 453 444 444 444 444
444 444 207 207 436 436 140 140 436 436 436 436 140 140 436 436 207 207 444 444
37 37 37 37 444 444 444 444 453 444 134 134 134 134 180 369 180 369 369 369
181 181 37 181 453 453 453 453 453 453 453 453 321 321 207 207 37 37 37 321
444 444 444 140 140 140 436 453 444 453 444 444 444 444 444 453 444 453 444 444
207 459 181 321 181 459 37 321 181 181 37 181 453 321 321 453 453 453 453 453
37 37 37 369 369 369 369 369 369 453 444 369 369 453 444 453 444 444 444 453
436 436 436 436 436 436 436 453 321 321 321 207 134 453 444 444 134 207 436 436
444 444 444 444 444 134 134 453 453 453 134 134 180 180 180 180 180 180 369 180
37 37 37 37 37 37 37 37 453 444 453 444 453 444 134 134 134 134 180 369
436 140 436 436 436 436 436 436 207 436 436 436 436 436 436 436 436 436 436 459
444 444 444 453 453 444 436 436 436 436 436 436 436 436 436 436 436 436 436 436
466 466 466 453 466 466 453 453 134 466 466 181 181 181 466 181 466 181 181 181
37 37 37 321 37 37 37 37 37 37 369 369 37 37 37 37 37 180 369 180
466 459 459 181 459 181 459 459 181 181 459 181 459 321 181 459 321 181 459 466
453 453 321 453 453 453 453 453 453 453 453 321 321 181 37 181 453 466 181 466
134 134 134 134 134 134 453 134 134 180 369 180 369 180 369 180 369 180 369 180
436 436 436 436 436 436 436 436 436 436 436 436 436 453 453 453 321 321 321 321
453 453 453 453 453 453 453 466 466 181 181 181 466 181 321 321 181 181 466 181
453 453 444 134 134 453 453 453 134 134 180 180 180 180 180 180 180 180 180 180
37 369 369 369 369 37 37 37 37 37 37 37 37 180 369 453 37 37 37 37
466 459 459 466 459 181 466 459 459 181 459 181 466 459 181 181 459 181 459 459
436 436 436 436 436 436 436 436 436 436 207 207 134 466 466 181 181 181 466 181
444 444 207 444 436 140 436 436 140 436 140 436 436 140 436 436 436 436 436 436
444 444 436 214 436 436 436 214 436 436 436 436 436 436 436 436 436 436 207 207
444 444 134 134 180 369 134 134 180 369 180 369 369 369 180 369 180 369 180 369
37 37 37 37 37 181 181 369 369 37 181 369 369 37 37 37 37 37 37 37
453 37 37 37 37 37 37 37 37 37 180 369 180 369 180 369 321 37 180 369
444 321 321 37 321 37 37 37 37 134 134 453 444 444 444 444 444 207 207 453
369 453 453 453 453 453 453 369 453 453 453 453 453 444 453 453 453 444 140 134
444 453 444 444 444 140 140 436 436 453 444 444 444 453 444 444 444 140 140 140
436 436 436 207 436 436 436 436 436 436 436 436 436 436 321 321 321 321 453 444
134 134 134 134 369 369 369 369 37 180 369 37 37 180 369 37 37 37 37 37
459 459 466 181 459 459 181 459 466 459 459 181 181 181 181 459 181 459 459 181
134 180 369 369 369 37 180 369 37 37 180 369 37 37 37 37 37 37 453 37
181 181 181 321 181 321 181 181 181 181 436 436 436 436 436 436 436 436 436 436
369 369 369 180 369 453 453 453 444 453 453 444 444 134 134 453 453 453 134 134
369 369 180 369 369 369 180 180 453 453 453 453 444 453 453 453 453 453 453 453
444 444 444 444 444 444 134 134 140 140 436 436 444 444 444 444 444 444 444 444
453 453 453 453 134 134 134 134 180 180 180 180 180 180 180 180 180 180 180 180
444 444 134 134 207 207 134 134 134 134 207 207 321 207 134 134 134 134 134 134
180 180 180 180 180 180 180 180 180 134 134 180 453 453 453 453 369 453 369 369
444 444 453 444 444 444 444 444 134 134 444 444 444 444 444 444 444 444 444 444
369 369 180 369 369 369 321 180 369 37 37 37 37 37 37 37 37 180 369 453
466 466 466 466 134 134 466 466 466 181 181 466 181 466 466 181 181 466 181 466
369 369 37 180 369 37 37 180 369 37 37 37 37 37 37 37 37 37 37 37
436 453 466 466 321 321 453 453 453 321 453 436 436 436 436 436 436 436 436 436
453 453 453 444 453 444 453 453 134 134 180 369 180 180 180 180 180 180 180 453
466 466 466 466 466 466 466 207 207 466 466 181 181 181 466 181 466 466 181 181
321 181 459 466 181 459 321 181 459 321 181 459 321 181 459 321 181 181 181 181
369 369 369 369 453 453 453 140 453 453 369 453 453 453 453 453 453 453 453 453
373 459 459 181 459 181 321 321 181 181 321 181 459 181 321 181 459 181 321 181
444 444 444 444 444 444 444 134 134 134 134 180 369 180 369 180 369 369 369 369
466 466 466 466 466 181 181 181 459 181 466 181 181 181 466 181 459 466 181 459
369 369 369 369 180 369 369 369 180 180 453 453 453 453 453 453 180 453 453 453
369 369 369 180 369 369 369 180 369 134 134 180 369 180 369 180 369 453 444 180
436 207 436 436 436 436 444 453 453 453 453 453 453 134 134 180 180 180 180 180
453 453 134 134 134 181 181 181 181 181 181 181 181 181 181 37 181 37 321 181
181 459 321 181 459 321 181 459 321 181 453 453 453 453 134 134 180 180 180 180
369 369 180 369 369 453 369 453 453 453 453 140 453 453 453 453 453 134 453 453
436 436 214 436 140 140 436 436 140 140 214 436 214 436 140 140 436 436 436 436
134 134 453 180 180 369 180 180 180 180 180 180 180 180 453 180 37 37 181 180
436 436 436 436 436 436 436 436 436 436 436 436 436 436 436 436 436 436 140 140
181 181 181 181 181 181 181 181 181 181 181 181 181 181 181 181 181 181 459 453
37 369 369 37 37 37 37 37 180 369 180 369 180 369 180 369 180 369 453 453
459 466 466 459 181 466 181 459 459 181 459 459 181 459 466 181 459 181 459 181
369 369 37 37 37 37 369 369 37 37 37 37 37 37 37 37 37 37 180 369
37 37 37 444 444 444 444 207 134 444 444 134 134 444 444 444 444 444 444 207
37 37 37 37 37 37 321 37 321 37 37 37 37 37 321 321 453 453 453 453
181 37 181 453 453 453 453 453 453 453 453 180 180 180 180 180 180 180 180 180
436 436 436 436 436 436 436 321 321 321 321 134 444 444 444 453 453 444 436 436
444 207 436 140 436 436 140 436 140 214 436 140 436 436 436 436 436 436 436 436
37 37 369 369 369 369 369 369 453 444 453 444 453 444 453 444 453 444 453 453
453 453 453 134 134 369 180 180 180 180 180 180 180 369 180 180 180 180 453 453
369 369 369 369 369 369 453 453 453 453 453 453 453 444 453 453 453 453 453 453
140 436 436 214 436 436 436 436 214 214 214 436 214 444 436 436 214 436 444 459
369 369 369 369 369 369 369 180 369 180 369 369 369 453 444 453 444 453 444 453
444 444 444 444 444 444 444 436 436 436 436 436 436 436 436 436 436 436 436 436
436 436 436 214 436 436 436 214 436 436 436 436 436 436 436 436 436 436 436 436
181 181 181 37 181 37 37 181 181 37 37 37 181 37 37 37 181 37 453 453
140 436 436 214 436 140 140 214 436 214 436 214 436 436 436 436 436 436 436 436
466 181 459 466 459 181 321 459 459 181 459 181 459 459 181 181 466 181 459 459
140 436 140 214 214 140 436 436 214 214 214 214 436 436 436 207 444 444 436 436
459 373 459 181 466 459 459 181 459 181 466 459 181 181 466 181 459 181 466 181
207 321 321 321 207 444 444 444 444 444 444 134 134 134 134 444 444 207 207 134
134 134 369 180 369 180 180 180 369 180 453 134 134 180 180 180 453 180 453 453
207 453 453 436 436 214 436 436 436 214 444 453 321 321 321 321 453 444 444 436
369 369 369 369 369 180 369 453 453 453 444 453 453 453 453 207 134 453 453 453
453 453 453 134 134 369 180 180 180 180 180 180 180 180 180 180 180 453 453 453
37 37 37 321 37 37 37 37 37 453 444 453 444 453 444 453 444 134 134 207
459 373 181 459 321 181 459 321 181 459 321 181 181 466 321 459 459 181 459 181
444 453 453 444 444 134 134 453 453 453 134 134 180 180 180 180 180 180 180 180
321 444 444 444 134 436 436 436 436 436 436 436 436 436 436 436 436 436 436 436
444 453 444 369 369 453 444 453 444 453 444 444 444 444 444 453 453 444 444 444
37 181 140 453 453 453 453 453 140 207 436 436 436 436 207 436 436 436 436 453
466 181 466 466 181 181 466 181 466 466 181 466 181 466 181 466 181 466 466 181
453 453 134 134 369 180 369 180 180 180 180 180 180 453 453 453 453 453 453 453
444 444 444 444 444 134 134 134 134 453 444 207 207 134 37 37 37 37 37 321
444 444 444 134 134 134 134 140 140 134 134 369 369 180 369 180 369 180 369 180
369 369 369 180 369 180 369 453 444 453 444 453 444 207 207 436 436 140 140 436
466 466 466 466 466 207 466 466 181 181 181 466 181 466 466 181 181 466 181 466
466 207 207 466 466 181 181 181 466 181 466 466 181 181 466 181 466 466 181 466
321 181 321 37 321 37 453 453 453 453 134 134 180 180 180 180 180 134 134 180
37 37 37 37 37 37 37 453 444 453 444 453 444 134 134 134 134 180 369 180
444 134 134 444 444 444 444 444 444 140 140 207 207 444 444 444 444 444 444 444
37 37 37 37 444 444 453 444 453 444 134 134 134 134 180 369 180 369 180 369
180 369 180 369 369 453 207 207 180 180 180 453 369 453 453 453 453 453 180 453
321 321 207 207 453 444 444 134 207 134 436 436 436 436 436 436 436 436 436 436
466 181 459 466 181 453 459 321 181 181 181 181 321 453 453 453 453 453 453 459
369 180 180 180 369 180 180 180 180 207 134 134 453 453 453 453 453 369 180 453
466 466 181 466 181 466 181 466 181 466 181 453 453 453 453 321 459 459 459 459
459 459 181 459 181 321 321 181 181 459 181 459 181 321 181 459 181 321 181 459
436 436 436 436 436 436 436 436 436 436 436 436 436 436 436 436 436 436 436 436
37 453 207 444 444 453 453 453 453 134 134 180 180 369 180 180 180 180 321 134
453 453 453 321 37 321 37 453 453 453 453 444 453 453 453 453 134 134 134 134
37 369 369 321 37 37 37 37 180 369 180 369 37 37 37 321 37 180 369 180
373 459 459 181 459 181 321 321 181 181 466 181 459 459 181 459 321 181 459 459
207 207 207 444 444 444 453 444 134 134 134 134 321 321 321 207 134 134 134 134
321 181 181 37 181 207 453 453 453 453 453 453 453 134 134 180 180 180 180 180
466 466 466 466 466 181 181 181 466 466 466 181 466 181 181 181 466 181 466 466
207 436 436 436 436 207 436 436 436 436 444 453 444 444 444 444 444 134 134 180
466 181 466 466 181 466 466 181 181 466 181 466 466 181 466 466 181 459 466 181
453 436 436 436 436 207 453 453 453 134 134 180 180 180 180 180 180 180 180 180
369 369 321 37 37 369 369 37 37 37 37 37 37 180 369 37 37 37 37 37
369 134 180 180 180 180 134 180 180 180 180 180 180 180 180 453 453 453 369 453
207 453 453 453 453 134 140 453 453 453 453 140 453 453 453 453 321 453 453 140
134 321 37 369 369 37 37 369 369 37 37 37 321 37 37 37 37 37 180 369
369 369 369 369 369 369 369 180 453 453 453 453 453 453 453 453 453 453 453 444
466 466 466 207 207 466 466 181 181 181 466 466 181 466 181 181 181 466 181 466
436 436 436 207 453 453 453 134 134 180 180 180 180 180 180 180 180 180 453 453
466 466 466 459 181 181 466 181 466 181 181 181 466 181 466 466 181 466 466 181
466 466 466 181 466 466 466 466 181 459 466 181 466 181 466 181 466 181 466 466
466 181 181 466 181 459 453 466 321 181 459 321 181 459 321 181 453 453 453 453
436 436 436 214 214 436 214 214 214 214 214 444 321 321 321 321 453 444 444 453
207 444 453 134 444 134 134 321 321 134 134 134 134 134 321 207 134 180 180 180
181 459 459 466 181 181 466 466 459 459 181 181 181 459 181 321 321 181 181 459
181 181 453 453 207 181 181 181 321 181 321 181 37 181 181 181 181 181 321 181
134 453 134 453 453 453 134 134 180 180 180 180 180 180 180 180 180 180 180 180
466 466 181 466 466 181 459 453 459 453 453 459 453 466 181 453 453 466 466 181
140 369 369 369 369 369 369 180 180 453 453 453 453 453 453 453 453 453 453 453
453 453 134 134 180 369 134 134 369 180 180 180 180 180 180 180 180 180 369 453
207 466 466 459 459 181 459 181 466 466 181 181 466 181 459 466 181 459 207 207
459 459 373 466 459 321 181 459 181 459 181 321 321 181 181 466 181 459 321 181
134 37 37 37 37 37 37 37 37 37 37 37 37 37 37 180 369 37 37 37
134 134 180 180 369 180 180 180 180 180 180 453 453 134 436 140 436 436 140 436
181 466 181 459 321 181 459 321 181 459 181 459 181 459 181 321 181 181 181 181
181 181 181 181 181 459 181 37 37 181 37 181 181 37 181 181 181 453 453 459
444 453 444 444 444 444 444 444 444 444 444 453 444 444 444 444 444 444 444 321
37 321 37 369 369 37 37 37 37 37 37 37 37 37 37 180 369 180 369 180
369 369 453 444 444 444 444 134 453 134 453 453 453 134 134 180 180 180 180 180
369 180 369 180 369 453 444 207 207 436 436 140 140 436 436 436 436 140 140 436
37 37 37 321 37 37 37 37 453 444 453 444 453 444 453 444 134 134 134 134
180 180 180 180 180 180 453 207 436 140 436 436 140 436 140 436 436 140 436 436
444 444 140 134 453 453 453 444 140 436 453 453 453 444 207 140 140 453 453 453
207 444 444 444 436 436 436 436 436 436 436 436 436 436 436 436 436 436 436 436
436 436 436 436 436 436 436 436 436 207 207 466 466 181 181 181 466 181 466 181
466 466 466 466 207 207 466 466 181 181 181 459 181 466 181 181 181 466 181 466
369 369 453 444 369 369 453 453 453 444 453 444 453 444 444 444 453 444 453 444
459 453 134 453 134 134 180 180 180 180 180 180 180 207 134 180 321 207 180 453
436 453 453 444 453 436 436 436 436 207 453 453 453 134 134 180 180 180 180 180
181 459 466 181 459 459 181 181 466 181 181 321 181 181 181 459 181 459 459 181
321 37 321 37 181 37 181 321 453 453 453 134 134 180 180 180 180 180 180 180
466 466 181 459 453 459 453 453 459 453 466 181 453 453 466 321 181 181 181 181
466 181 466 466 181 466 466 181 466 466 181 466 466 466 466 466 466 181 181 181
181 181 453 453 453 453 453 453 453 453 321 321 37 181 37 459 181 181 181 181
140 140 436 436 436 436 140 140 436 436 207 207 444 444 140 140 436 436 436 436
444 444 436 436 436 436 436 436 436 436 436 436 436 436 436 436 436 436 207 207
459 459 181 459 181 459 459 181 181 459 181 459 459 181 459 459 181 459 181 459
369 369 180 134 369 369 369 180 180 180 180 180 453 453 453 453 453 453 453 453
369 369 369 369 369 369 369 369 180 369 453 444 207 207 444 444 436 436 140 140
466 466 466 181 466 181 466 181 466 181 466 181 466 466 181 466 466 466 466 207
466 466 181 459 466 181 459 466 181 181 466 181 181 466 181 181 181 459 181 321
373 459 321 181 459 321 321 321 181 181 466 181 459 321 181 459 321 181 459 321
321 37 321 37 37 37 37 321 321 181 181 37 37 453 453 453 453 453 453 453
459 37 321 181 459 37 453 453 453 453 453 453 453 444 321 181 321 181 181 181
181 181 181 181 466 181 466 181 207 207 181 181 181 181 181 466 181 181 181 181
436 436 436 436 436 214 436 214 436 214 436 444 444 321 321 321 321 453 444 444
453 453 453 453 134 140 453 453 453 453 140 453 444 453 453 436 453 453 140 453
207 134 180 180 369 180 180 180 180 180 180 180 180 180 453 453 453 453 453 453
180 180 453 453 207 436 207 140 453 453 436 436 140 436 140 436 436 140 436 436
369 369 369 369 369 369 453 453 453 444 453 444 37 37 37 37 37 37 37 37
369 453 369 444 453 453 444 140 453 453 453 453 444 134 453 453 453 453 453 453
181 181 181 436 436 436 436 436 436 436 436 436 436 436 436 436 436 436 436 436
436 453 444 444 444 444 444 444 444 140 140 140 140 140 140 453 444 444 444 453
459 459 459 181 181 466 466 181 181 181 181 181 459 181 321 321 181 181 459 181
459 466 181 466 181 466 466 181 181 466 181 466 466 181 466 459 466 181 459 181
436 436 436 207 207 444 444 436 436 436 436 436 436 436 436 436 436 436 436 436
369 180 369 369 369 369 180 180 180 180 180 180 453 453 453 453 453 453 453 453
181 466 466 181 466 466 181 466 466 181 181 181 181 466 466 207 181 181 181 466
207 373 466 459 459 181 459 181 466 459 181 181 466 181 459 321 181 459 466 459
466 466 373 466 181 181 181 459 181 459 181 181 181 466 181 459 466 181 459 459
369 369 369 369 369 369 369 369 180 369 180 369 180 369 180 369 180 369 453 444
134 321 321 321 207 134 134 134 134 134 134 134 134 134 321 134 134 180 369 180
436 436 436 436 140 140 436 436 207 207 444 444 140 140 436 436 436 436 140 140
453 444 140 140 321 453 436 436 453 444 453 444 444 444 453 444 140 140 140 140
436 436 140 436 444 444 444 444 444 444 444 444 436 436 436 436 436 436 436 436
37 37 37 37 37 37 37 37 37 321 37 453 444 444 444 207 207 453 444 134
459 181 466 181 466 459 181 181 466 181 459 466 181 459 466 181 459 466 181 466
369 369 180 369 180 369 453 444 207 207 436 436 140 140 436 436 436 436 140 140
369 453 444 444 444 444 134 444 134 453 453 453 134 134 180 180 180 180 180 180
444 453 444 444 444 453 444 37 37 37 453 444 37 37 37 37 37 37 37 37
140 207 444 436 436 140 436 140 436 436 140 436 436 436 436 436 436 436 436 436
436 436 140 444 207 436 140 436 436 140 436 436 436 436 436 436 436 436 436 436
181 181 466 466 466 181 466 466 181 181 466 181 466 466 466 466 181 466 181 466
436 444 444 453 444 321 321 321 321 444 444 453 444 444 444 134 207 134 37 37
37 37 37 37 37 369 369 180 369 180 369 37 37 180 369 37 37 37 37 37
369 180 369 180 453 453 453 453 453 453 453 453 453 453 134 453 453 453 453 134
207 321 321 321 207 444 444 444 444 444 444 134 134 134 134 444 444 207 207 134
180 180 369 180 180 180 180 180 180 453 453 207 436 140 436 436 140 436 140 436
369 180 369 140 180 180 180 453 453 453 453 444 453 453 453 453 453 453 453 453
180 180 453 444 207 436 140 436 214 140 436 140 436 436 140 436 436 436 436 207
459 181 181 373 466 181 181 181 181 181 459 181 321 321 181 181 321 181 459 459
466 466 181 466 466 181 466 466 181 466 181 466 181 466 181 466 181 207 466 466
134 453 453 453 134 134 180 180 180 180 180 180 180 180 180 180 180 180 453 453
181 453 444 444 444 444 444 453 444 134 134 37 37 37 37 37 321 37 37 37
436 436 436 436 436 436 436 436 436 453 444 321 321 321 321 453 444 444 444 444
466 466 181 459 466 181 459 466 181 459 466 181 459 466 181 181 466 181 181 466
180 466 181 453 466 453 459 321 181 180 466 321 181 453 453 459 453 321 453 181
459 459 207 466 181 181 466 459 459 181 459 181 459 459 181 181 466 181 459 459
369 369 369 369 369 453 369 453 453 453 453 453 369 453 453 453 453 453 453 453
140 436 436 436 436 140 140 436 436 214 436 436 436 436 436 436 436 207 207 444
466 181 459 321 181 459 321 181 459 321 181 453 453 453 453 453 453 453 453 207
37 37 37 37 37 37 37 37 180 369 369 369 369 369 453 453 453 444 453 453
134 134 134 321 207 134 134 180 369 180 369 180 369 180 369 180 369 180 369 180
436 436 436 436 436 436 436 436 436 436 436 436 436 436 436 436 436 436 436 140
369 369 369 180 369 369 369 180 369 453 444 207 207 436 436 140 140 436 436 436
181 466 466 466 181 466 466 466 466 181 466 466 181 466 181 466 181 466 181 466
369 436 436 436 436 180 180 180 180 369 180 180 180 180 180 453 453 453 453 453
436 436 436 214 436 436 436 214 436 436 214 444 436 436 436 436 453 321 321 321
436 436 436 436 436 436 436 436 436 214 444 436 436 436 436 453 321 321 321 321
453 140 453 444 453 453 453 453 453 453 207 140 453 453 453 453 140 453 453 453
436 140 140 436 436 436 436 214 436 436 436 214 436 207 207 444 444 436 436 436
444 444 369 369 444 444 444 444 453 444 369 369 444 444 444 444 444 444 444 444
436 436 436 436 436 436 214 436 214 436 436 436 214 436 436 436 436 436 436 436
453 453 453 444 444 207 453 453 134 453 453 453 453 180 180 180 180 180 180 180
444 444 444 140 140 453 444 453 444 453 444 453 444 140 140 140 140 453 444 444
181 181 181 37 321 181 321 181 181 37 181 459 321 181 181 37 181 453 453 453
453 453 134 134 369 369 369 180 180 180 180 180 180 453 453 453 453 453 207 444
181 466 181 181 181 181 181 453 453 453 453 453 453 453 453 321 321 181 181 181
444 444 444 453 444 444 444 444 444 134 134 444 444 444 444 444 444 444 444 444
444 444 444 444 134 134 444 444 453 444 444 444 444 444 444 444 444 444 453 444
436 436 214 214 436 214 214 214 214 214 453 321 321 321 321 453 444 444 453 453
444 453 444 453 453 453 453 134 134 134 180 180 180 180 180 180 180 180 180 453
444 444 134 134 180 369 134 134 180 369 180 369 369 369 180 369 180 369 180 369
453 466 181 466 181 181 181 181 466 181 466 181 207 207 181 181 181 181 181 459
453 453 453 321 37 321 37 453 453 453 453 444 453 453 453 453 134 134 134 134
466 466 466 181 181 181 181 181 181 459 181 181 181 181 181 181 181 181 181 181
181 436 436 436 436 436 436 436 436 436 436 436 436 436 436 436 436 436 436 436
436 436 436 207 436 436 436 436 453 453 444 453 444 444 453 134 134 180 180 180
436 436 436 436 214 207 444 453 436 436 214 214 436 436 214 444 453 321 321 321
444 444 444 444 453 444 369 369 453 444 444 444 444 444 444 444 207 453 444 444
181 453 436 436 436 436 140 453 436 436 436 436 436 436 436 436 140 453 369 453
134 180 180 369 369 134 134 180 180 180 369 180 180 180 180 453 369 453 180 453
37 444 444 444 444 444 444 134 134 134 134 369 369 180 369 453 37 37 180 369
453 453 134 134 134 134 134 134 134 134 134 321 134 134 180 369 180 369 180 369
369 180 180 180 180 180 180 207 207 180 453 453 453 453 453 453 453 369 180 453
436 436 436 436 436 436 436 436 436 436 436 436 436 436 436 134 207 207 134 207
181 466 453 466 453 181 453 459 453 466 181 466 321 181 459 321 459 453 134 134
369 369 369 453 453 453 453 140 453 453 453 453 453 453 453 453 453 453 140 453
369 369 180 369 180 369 453 444 453 444 453 444 207 207 436 436 140 140 436 436
321 37 444 444 444 444 444 444 134 134 134 134 369 369 180 369 453 180 369 37
466 459 459 181 466 181 466 466 181 181 466 181 466 181 466 181 466 181 466 181
134 134 134 134 369 180 180 180 180 180 180 180 180 180 180 180 180 453 453 453
37 37 369 369 37 37 37 180 369 180 369 180 369 180 369 180 369 180 369 180
466 466 466 466 466 466 466 466 181 181 181 466 181 466 181 181 181 466 181 466
436 436 436 436 436 436 436 436 436 436 436 436 436 436 436 453 444 321 321 321
369 369 369 453 444 369 369 453 444 453 444 444 444 453 444 37 453 37 453 444
436 436 436 436 436 436 436 436 436 436 436 436 436 436 436 436 436 436 436 436
459 373 181 459 321 181 459 321 181 459 321 181 181 466 321 459 459 181 459 181
321 181 134 321 37 321 37 453 453 453 453 134 134 453 453 453 453 134 134 180
37 37 37 37 37 444 444 453 444 453 444 134 134 134 134 180 369 180 369 453
436 436 436 436 436 436 436 436 436 436 436 214 436 436 207 207 466 466 181 181
134 37 37 37 37 37 37 37 37 37 37 37 37 37 37 180 369 37 37 37
453 459 453 444 453 444 321 181 453 444 459 321 181 37 181 37 37 181 134 134
466 181 453 466 459 459 466 181 180 466 321 181 453 321 466 453 466 453 181 453
453 134 134 369 369 369 369 180 180 180 180 180 453 453 453 453 453 134 444 134
453 453 453 453 444 453 453 453 453 453 453 453 453 453 453 453 140 453 444 453
436 436 436 436 214 436 436 436 436 436 436 436 436 436 436 207 207 466 321 181
369 453 444 369 369 453 444 453 444 453 444 453 444 444 444 453 444 453 444 453
459 453 134 134 134 134 134 321 207 134 180 180 180 180 180 180 180 180 180 453
37 37 37 37 369 369 180 369 180 369 369 369 369 369 180 369 453 453 180 369
134 134 180 369 369 369 180 180 180 180 180 453 453 453 453 453 134 453 453 453
369 180 369 453 444 207 207 444 444 436 436 140 140 436 436 436 436 140 140 436
466 181 466 466 181 466 466 181 466 466 181 181 181 181 466 466 207 181 181 181
444 444 140 140 321 453 453 444 444 444 453 444 444 444 140 140 140 436 453 444
369 453 444 369 369 453 444 453 444 453 444 453 444 453 444 453 444 369 369 453
373 459 459 181 459 181 459 459 181 181 459 181 459 459 181 459 459 181 459 459
459 466 466 181 459 459 181 181 466 466 181 181 181 459 181 459 181 321 321 181
436 436 207 436 436 436 436 436 436 436 436 436 436 321 321 321 321 453 444 444
466 466 466 459 181 181 466 181 466 181 181 181 466 181 466 466 181 466 466 181
436 436 436 436 436 436 436 436 436 436 214 436 436 436 436 436 436 436 436 436
453 453 453 134 444 134 134 134 134 180 180 180 180 134 134 321 207 180 180 180
369 369 180 369 369 453 444 453 453 453 134 444 134 453 453 453 134 134 180 180
453 453 453 453 453 453 453 369 180 180 180 369 369 180 180 180 453 453 453 453
181 466 466 181 466 466 181 466 181 466 181 466 181 466 181 181 181 181 466 466
369 444 444 453 453 453 140 453 453 453 453 134 453 444 453 453 140 453 453 453
453 453 134 134 369 369 369 180 180 180 180 180 180 453 453 453 453 453 453 453
436 207 207 436 436 436 436 444 444 453 444 321 321 321 321 444 444 453 444 444
181 369 369 37 37 37 181 180 369 37 37 37 37 37 37 37 37 37 37 180
453 453 453 207 453 444 453 453 134 134 180 180 180 180 180 180 180 180 180 453
134 134 180 180 180 180 180 180 180 180 180 180 180 180 134 134 134 453 453 369
436 436 436 436 214 436 436 436 436 436 436 436 436 436 436 207 207 466 321 181
453 453 453 444 444 207 453 453 134 453 453 453 453 180 180 180 180 180 180 180
140 453 444 453 444 134 140 453 453 453 453 436 436 436 436 436 453 444 453 444
453 453 453 453 321 207 140 140 140 140 459 321 181 321 181 140 140 207 207 466
453 444 444 444 140 140 453 453 453 444 453 444 444 444 140 140 140 140 453 444
37 37 37 37 37 37 369 369 321 37 37 37 37 37 37 37 37 37 180 369
453 453 453 453 453 453 140 453 453 453 453 140 321 453 453 453 453 321 140 140
466 466 436 436 436 436 436 466 436 436 436 466 466 466 181 181 181 466 181 466
436 436 436 436 436 214 436 214 214 214 214 214 436 436 436 436 207 207 459 459
436 214 436 214 214 214 214 214 453 321 321 321 321 453 444 444 453 453 436 436
436 436 436 436 436 207 181 181 181 181 181 37 181 181 181 181 181 181 181 181
369 369 369 369 369 453 453 321 453 453 453 453 453 453 453 453 453 453 134 453
444 444 444 444 444 444 140 140 453 444 453 444 444 444 453 444 140 140 140 140
466 466 466 466 181 181 466 181 466 466 181 181 466 181 466 466 466 181 466 466
436 436 453 466 321 321 321 453 444 444 207 436 436 436 436 436 436 436 436 436
444 444 140 207 207 436 436 436 436 436 436 436 436 436 436 436 436 436 436 436
444 444 207 207 436 436 140 140 436 436 436 436 140 140 436 436 140 140 436 436
453 453 207 444 453 453 134 134 180 180 180 180 180 180 180 180 180 453 453 453
444 444 444 444 444 444 444 444 134 134 134 134 444 444 444 444 444 444 207 134
444 444 444 444 444 140 140 453 444 453 444 444 444 444 444 140 140 321 453 436
181 466 466 466 466 181 466 466 181 466 466 181 466 466 181 181 181 181 466 466
466 373 373 459 321 181 459 459 321 321 181 181 321 181 459 321 181 459 321 181
466 466 466 181 181 181 466 181 466 466 181 181 466 181 466 466 181 466 181 466
444 444 453 453 444 436 436 436 436 436 436 436 436 436 436 436 436 436 436 436
369 369 369 369 180 369 180 369 453 444 453 444 453 444 207 207 436 436 140 140
369 369 37 37 37 37 37 37 37 37 369 369 37 37 37 37 37 37 37 37
369 369 369 180 369 369 453 369 453 453 453 453 140 453 453 453 453 453 134 453
207 373 373 459 321 181 459 181 321 321 181 181 321 181 459 181 321 181 459 181
207 207 180 180 180 180 180 180 180 134 134 369 321 207 180 453 453 453 436 140
459 181 466 181 466 459 181 181 466 181 459 466 181 459 466 181 459 466 181 466
453 453 453 444 453 453 453 453 134 134 180 180 180 180 180 180 180 180 180 453
369 369 369 369 369 369 369 369 180 369 180 369 180 369 180 369 180 369 180 369
466 466 466 466 466 466 181 181 181 466 181 466 466 181 181 466 181 466 466 181
134 134 369 369 369 369 37 37 37 180 369 37 37 37 37 37 37 180 369 453
466 466 181 466 466 181 466 466 181 466 466 181 181 181 181 466 466 207 181 181
140 140 140 140 321 321 181 321 181 140 140 207 207 436 436 207 207 453 444 453
466 453 453 453 459 453 453 453 134 207 466 466 181 181 181 466 181 466 181 181
436 436 436 436 436 436 436 207 444 453 444 444 207 207 444 453 453 134 134 180
453 453 453 140 453 453 453 453 436 453 453 140 453 453 140 453 453 453 453 140
459 181 459 181 181 181 181 453 140 436 436 436 436 453 453 453 459 436 436 436
436 436 140 444 436 436 436 436 436 436 436 436 140 444 453 444 453 207 140 444
453 459 466 181 459 181 181 181 181 453 436 436 436 436 321 453 436 436 436 436
466 466 459 466 459 466 181 181 466 466 459 181 181 459 181 459 459 466 466 181
134 134 134 180 180 180 180 180 180 180 180 180 180 180 180 180 453 369 453 453
453 453 453 453 369 453 453 453 321 453 453 453 453 453 453 453 453 321 321 321
369 369 369 369 369 369 369 369 180 369 180 369 180 369 180 369 180 369 453 444
459 466 181 181 466 181 181 466 181 181 181 459 181 459 459 181 181 459 181 459
369 369 369 140 369 453 453 453 453 453 453 453 453 453 453 453 453 453 453 453
37 181 181 369 369 37 37 37 181 181 37 37 37 37 37 37 321 37 37 37
444 453 444 444 453 444 444 134 444 134 134 444 444 453 134 134 180 180 180 180
466 466 466 466 466 466 181 181 181 459 181 321 321 181 181 466 181 459 459 181
444 207 436 140 436 436 207 140 436 140 436 436 140 436 436 436 436 436 436 436
444 207 436 436 436 436 436 436 436 436 436 214 436 436 436 436 436 436 207 207
466 459 459 373 466 459 459 181 459 181 459 459 321 321 181 181 321 181 459 321
140 436 436 214 436 140 140 436 436 140 140 436 436 436 436 140 140 436 436 436
444 444 369 369 453 444 444 444 453 444 453 444 453 444 369 369 453 444 453 444
37 37 37 321 37 37 37 37 453 444 453 444 453 444 453 444 134 134 134 134
181 181 466 181 466 466 181 466 466 181 466 466 181 466 466 181 466 466 466 466
444 444 444 444 444 453 444 453 444 453 444 444 444 140 140 453 444 453 444 453
444 444 444 207 207 436 436 140 140 436 436 436 436 140 140 436 436 207 207 444
134 321 207 207 134 369 369 180 369 180 369 180 369 180 369 180 369 180 369 180
459 373 466 459 459 181 459 181 459 181 321 321 181 181 321 181 459 321 181 459
37 37 321 37 321 181 37 37 181 321 321 181 181 37 181 453 453 453 453 453
459 181 459 466 181 459 466 181 459 181 459 181 459 181 459 181 181 466 466 181
444 207 436 207 140 444 444 436 436 140 436 140 436 436 140 436 436 436 436 436
444 321 37 321 321 37 453 453 453 453 134 134 180 180 180 180 321 134 180 180
436 436 436 436 214 436 436 214 444 436 436 214 436 453 321 321 321 321 453 444
37 181 321 181 453 453 453 444 453 444 453 444 37 37 37 37 37 321 181 181
436 436 444 453 321 321 321 321 453 444 444 436 436 436 436 436 436 436 436 436
369 453 453 453 453 444 453 453 453 453 453 453 444 453 453 134 134 321 321 37
453 444 453 444 453 453 453 453 134 134 134 180 180 180 180 180 180 180 180 180
444 444 134 134 453 453 453 453 134 134 180 180 180 180 180 180 180 180 180 180
369 180 369 369 369 369 369 180 369 453 444 453 444 453 444 207 207 436 436 140
453 444 453 444 37 321 37 37 37 37 37 37 37 37 37 37 453 444 453 444
369 369 369 453 453 453 453 453 453 180 453 453 453 453 453 453 453 453 321 321
369 369 369 369 369 180 369 180 369 180 369 180 369 180 369 180 369 180 369 453
459 466 466 181 181 466 181 466 466 181 459 466 181 459 466 181 466 459 466 181
321 37 37 37 37 37 37 37 37 321 37 369 369 369 369 369 369 453 444 37
453 453 453 134 134 134 180 180 180 180 180 180 180 180 180 180 180 180 134 134
459 373 466 459 459 181 459 181 459 181 321 321 181 181 321 181 459 321 181 459
134 453 453 134 453 453 453 453 180 180 180 180 180 180 180 134 180 369 180 180
134 453 321 453 134 134 134 134 180 180 180 180 134 134 321 207 180 180 180 180
436 436 436 436 436 436 436 207 207 444 444 436 436 436 436 436 436 436 436 436
444 444 444 444 444 444 444 453 444 453 444 444 444 140 140 453 444 140 140 453
180 453 466 181 466 181 181 181 466 181 459 459 453 466 181 181 459 459 466 466
453 453 453 134 134 369 369 180 180 180 180 180 180 180 453 453 453 453 453 453
459 459 459 459 466 181 181 466 321 181 181 181 181 181 459 181 466 321 181 181
459 459 466 459 181 466 181 181 466 181 181 181 459 181 321 321 181 181 459 181
321 453 444 444 444 444 444 453 444 436 436 436 436 436 436 436 436 436 436 436
453 453 453 453 453 453 134 134 180 180 180 180 180 180 180 180 180 453 453 453
369 453 453 453 453 444 453 140 453 453 453 444 453 453 453 453 140 453 453 453
453 453 453 321 321 321 207 453 453 444 134 436 436 436 436 436 436 436 436 436
369 369 369 369 369 369 369 453 444 180 369 453 444 453 453 453 444 453 444 453
207 436 140 436 436 140 436 140 436 436 140 436 436 207 436 436 436 436 436 436
466 466 466 466 466 466 466 466 466 181 181 181 466 181 466 466 181 181 466 181
321 37 369 369 37 37 37 37 37 369 369 37 37 37 37 37 180 369 180 369
37 37 37 321 37 134 134 453 444 453 444 444 444 134 134 453 444 453 444 453
369 369 369 369 369 369 369 453 453 453 453 453 453 444 453 453 134 453 453 453
436 436 436 436 436 436 436 436 436 436 436 436 436 436 436 207 207 466 321 181
436 140 436 140 436 436 140 436 436 436 207 444 444 436 436 436 436 436 436 436
459 466 459 466 459 181 466 466 459 181 181 459 181 459 459 466 466 181 181 466
207 321 453 134 453 321 453 134 134 134 134 180 180 369 180 134 134 321 207 180
453 444 453 453 453 453 444 453 207 453 453 134 453 453 453 453 180 180 180 180
369 180 369 180 369 369 369 180 369 180 369 180 369 180 369 180 369 453 453 453
134 134 134 321 134 134 369 369 180 369 369 369 180 369 180 369 180 369 180 369
207 207 134 134 207 207 321 207 134 134 134 134 134 134 134 134 134 207 207 134
181 466 181 466 181 466 181 466 181 466 181 466 181 466 181 466 466 181 466 181
207 207 207 369 369 180 369 180 369 180 369 180 369 180 369 180 369 180 369 180
180 180 207 134 321 207 180 180 180 453 453 207 453 436 140 436 436 140 436 140
444 453 444 37 37 181 37 37 37 37 37 37 37 321 37 207 207 453 453 453
181 37 37 181 369 369 180 369 37 181 37 37 181 37 37 37 37 181 180 369
459 466 466 181 459 321 181 459 321 181 181 466 321 459 459 181 459 181 459 459
466 207 207 466 466 466 466 181 466 181 466 466 181 181 466 181 466 466 181 466
37 37 37 37 37 37 37 37 37 321 37 453 444 444 444 207 207 453 444 134
453 453 453 453 453 134 134 180 180 180 180 180 180 180 321 134 180 180 180 180
453 453 444 453 453 453 453 453 444 453 453 453 444 321 321 181 37 181 459 37
466 466 466 466 181 181 466 181 466 466 181 466 466 181 466 466 181 466 466 466
140 436 436 140 140 436 436 436 436 140 140 436 436 436 436 436 436 436 436 436
207 207 180 180 180 180 180 180 180 180 180 453 453 453 207 436 140 436 436 207
453 453 134 134 134 453 180 180 180 180 180 180 180 180 180 180 180 453 180 37
37 37 37 37 321 37 37 37 37 453 444 453 444 453 444 453 444 134 134 134
436 436 436 436 436 436 436 436 436 436 436 436 321 321 321 321 134 444 444 444
37 444 444 444 444 134 134 444 444 134 134 444 444 444 444 444 444 134 134 134
444 444 444 444 140 140 453 444 453 444 453 444 453 444 140 140 140 140 453 444
134 134 321 207 134 134 180 180 180 180 180 180 180 180 180 453 453 134 436 140
181 466 181 466 466 181 466 466 181 466 466 181 466 466 181 466 453 453 466 466
181 466 466 466 466 181 181 466 181 466 181 466 181 466 466 466 181 466 181 466
436 436 436 436 436 436 436 214 436 436 436 436 321 321 321 321 453 444 444 436
453 140 453 453 453 453 140 453 453 453 453 436 140 140 321 453 453 453 453 140
453 453 466 181 321 181 181 181 181 466 181 466 181 207 207 181 181 181 181 181
369 369 453 37 37 37 37 369 369 37 37 37 37 37 180 369 180 369 180 369
369 369 369 369 180 369 369 180 180 453 453 453 444 453 453 453 453 207 134 453
321 369 369 37 37 37 37 37 37 37 37 369 369 321 37 369 369 37 37 37
181 459 459 459 459 181 181 459 181 459 459 181 459 459 181 459 459 181 181 466
453 444 134 134 453 453 453 134 134 180 180 180 180 180 180 180 180 453 180 321
134 459 453 134 134 134 134 134 321 207 134 180 180 369 180 180 180 180 180 180
37 37 37 37 37 37 37 37 37 37 37 37 37 37 37 453 453 453 453 453
369 369 369 369 369 134 134 369 369 180 369 369 369 453 444 180 369 453 444 453
181 466 466 181 181 466 181 459 466 181 459 466 181 459 181 466 181 466 466 466
444 453 140 134 453 444 453 453 140 436 453 444 453 453 321 140 140 140 453 453
207 134 134 321 207 134 180 180 180 180 180 180 180 180 180 453 453 453 207 436
37 37 37 37 369 369 37 37 37 37 369 369 37 37 37 37 37 37 37 37
459 37 321 181 321 321 321 37 453 453 453 453 207 207 453 453 453 453 134 140
453 453 207 453 453 453 453 134 140 453 453 453 453 140 453 453 453 453 321 453
37 453 444 444 444 444 453 453 453 134 134 134 134 180 180 180 180 180 180 180
444 207 207 436 436 140 140 436 436 214 436 140 140 436 436 140 140 436 436 436
436 436 436 207 436 436 436 436 453 453 444 453 444 444 453 134 134 180 180 180
180 369 453 444 207 207 436 436 140 140 436 436 436 436 140 140 436 436 140 140
453 453 207 134 180 180 180 180 180 180 180 180 180 180 180 180 453 369 453 321
466 321 459 459 466 181 459 321 181 459 321 181 459 321 181 181 466 459 181 321
181 181 181 181 181 181 181 181 181 181 181 181 181 181 466 181 466 181 181 181
373 459 459 181 459 459 466 459 181 181 466 181 459 459 181 459 466 459 459 466
321 181 207 207 37 37 37 37 37 321 37 37 37 37 453 453 453 453 453 453
444 134 134 134 134 369 180 180 180 134 134 321 207 180 180 180 180 180 453 453
369 37 37 369 369 37 37 37 180 369 180 369 180 369 180 369 180 369 180 369
436 436 436 436 214 436 436 207 436 321 321 321 321 453 444 444 207 436 436 436
181 181 37 181 321 453 321 453 453 453 134 134 180 180 180 180 180 180 180 180
436 436 436 436 436 436 436 436 436 214 436 321 321 321 321 134 453 444 444 453
453 453 453 453 453 453 453 453 453 453 453 444 453 453 134 134 321 321 181 37
369 369 369 453 444 369 369 453 453 453 444 453 444 453 444 444 444 453 444 453
466 459 459 181 459 181 466 181 181 181 466 181 459 466 181 459 466 459 181 459
