3130 710 1055 1055 1055 1055 2799 1122 1055 2799 1400 1122 2799 2799 2799 1122 2799 2799 2799 1122
1400 1122 1122 710 1400 1122 2799 1400 3130 2799 1400 3130 2799 3130 710 3130 3130 3130 3130 1122
1400 1122 2799 2799 2799 1122 2799 2799 2799 3130 2799 2799 3130 3130 3130 2799 710 1400 1400 3130
1122 2799 1122 2768 710 710 1055 487 487 710 1055 1259 1259 1055 1055 487 710 710 776 2768
776 1259 776 776 1259 776 776 1259 1259 776 1055 1259 1259 1055 1055 2768 1055 1055 2768 1259
710 1400 1400 1400 3130 3130 1400 1400 1400 3130 3130 2799 710 3130 2799 3130 2799 3130 2799 3130
2799 2799 1122 2799 2799 2799 3130 2799 2799 3130 2799 710 3130 3130 1400 1400 3130 3130 2799 1400
1055 1055 710 1122 1055 710 1400 1122 2799 2799 2799 1122 2799 2799 2799 3130 2799 2799 3130 1122
1055 1055 1055 710 1259 1259 710 2799 1122 2799 2799 2799 1122 2799 2799 2799 1122 2799 2799 1122
1259 2768 1055 1055 487 1259 776 710 710 776 2768 776 776 1259 1259 776 776 2768 776 776
3130 3130 710 3130 3130 3130 3130 710 2799 2799 1400 1400 1400 3130 710 1400 1400 3130 3130 3130
487 487 487 4397 4397 4397 4397 4397 4397 742 742 742 742 742 742 742 742 742 742 742
4397 4397 4397 4397 4397 487 487 4397 4397 4397 4397 4397 742 742 742 742 742 742 742 742
2799 1122 2799 2799 2799 1122 1122 2799 710 1400 1122 1122 1122 2799 2799 2799 2799 1122 2799 2799
742 742 487 487 710 710 1055 2768 1055 2799 2768 710 1259 1259 710 1055 1055 1055 1055 2799
710 1400 1122 2799 1400 1122 2799 1400 1122 2799 1122 710 1122 1122 1122 1122 3130 1055 487 487
1400 1122 2799 2799 2799 1122 3130 2799 2799 2799 710 2799 1122 3130 2799 3130 2799 3130 1400 1400
1400 3130 1122 2799 710 3130 2799 3130 2799 3130 2799 3130 2799 3130 2799 3130 2799 1400 1400 3130
742 742 742 742 742 742 742 742 742 487 487 710 710 1055 2768 1055 2799 2768 710 1259
1259 1259 776 776 487 1259 1259 776 1055 1259 1055 1055 1055 776 1259 776 776 1259 1259 776
742 742 742 742 742 742 742 742 742 742 742 742 742 487 487 710 710 1055 2768 1055
2799 1122 2799 2799 2799 3130 2799 2799 3130 3130 2799 3130 710 1400 1400 3130 3130 1400 1400 1400
1055 710 1259 710 710 1400 1122 2799 2799 2799 1122 2799 2799 2799 3130 2799 2799 3130 3130 2799
487 487 710 1055 2768 710 2768 1259 1055 1055 1055 487 710 710 776 2768 776 776 1259 1259
3130 1400 2799 2799 1400 3130 1400 3130 3130 3130 2799 3130 710 2799 3130 2799 710 1400 1400 1400
2799 1400 3130 3130 2799 3130 2799 3130 2799 3130 2799 1400 1400 3130 710 1400 3130 2799 3130 3130
4397 4397 4397 4397 742 742 742 742 742 742 742 742 742 742 742 742 742 742 742 742
710 2799 1400 1122 2799 2799 2799 1122 2799 2799 2799 3130 2799 2799 3130 3130 3130 2799 710 1400
1122 2799 1122 2799 1122 2799 3130 2799 1400 2799 3130 3130 3130 2799 1400 3130 3130 3130 3130 2799
1400 1122 2799 1122 1122 1122 2799 1122 2799 1122 710 776 1400 1400 2799 1400 1122 2799 1259 776
1055 1259 1259 1055 1055 710 710 776 1259 776 776 1259 1259 776 776 2768 776 776 1259 776
2768 710 710 1259 710 1055 1055 1055 1055 2799 710 710 710 1400 1122 2799 2799 2799 1122 2799
3130 2799 1400 3130 1122 710 1400 3130 2799 1400 1400 3130 1400 1400 3130 3130 710 3130 3130 3130
1259 1259 1259 1055 1055 1055 1055 1055 1122 1122 1122 710 1122 1122 1122 1055 710 1055 1122 1055
1122 2799 2799 2799 1122 2799 2799 2799 1122 2799 2799 1122 1122 1122 2799 710 2799 1400 1122 1122
1122 1122 1122 1122 1055 1055 1055 1055 710 1122 1055 710 1400 1122 2799 2799 2799 1122 2799 2799
1055 1055 710 1259 776 710 1259 2799 1055 1259 1055 1055 1055 1259 1055 1259 1259 1259 1055 710
487 487 487 710 710 1055 2768 1055 710 1122 3130 1122 1122 1122 1055 1055 1055 1055 710 1122
1055 1055 1259 1055 1055 487 487 710 710 1055 2768 1055 710 1122 1122 1122 1122 1122 1055 1055
1122 1122 2799 1122 2799 1122 2799 3130 2799 1400 1400 3130 1122 2799 1400 3130 2799 1400 3130 3130
710 1055 1055 1055 1055 710 1259 2799 2799 2799 1122 2799 2799 2799 1122 1400 2799 1122 2799 2799
3130 2799 3130 2799 3130 2799 3130 2799 1400 3130 710 1400 3130 2799 1400 3130 3130 3130 2799 3130
487 4397 4397 4397 4397 4397 742 742 742 742 742 742 742 742 742 742 742 742 742 742
1055 1055 1055 1055 1055 1055 1055 1055 1055 1055 1055 1055 1055 776 487 487 1055 1055 1055 1055
1122 2799 2799 710 1259 1122 2799 2799 1055 1259 1259 1122 1122 2799 2799 2799 1400 1122 2799 1122
3130 1122 710 710 1055 710 1055 1259 1122 1055 1055 1055 2768 1055 2799 1122 1122 1122 1122 3130
2768 1055 2799 1122 710 3130 1122 3130 1055 1055 1055 1055 710 1122 710 710 1400 1122 2799 2799
2799 1400 1122 1122 1122 1122 710 1122 1122 1122 3130 1122 1055 487 487 487 710 1055 1122 1122
487 487 1055 1055 1259 1259 1055 1055 487 710 776 1259 776 1055 1259 1259 776 776 2768 776
710 710 1055 710 1055 1122 2799 2799 2799 1122 2799 2799 1122 1122 1055 1055 1122 1122 2799 710
1122 1122 1122 2799 1122 1122 710 3130 1055 487 487 710 1055 710 1122 1055 1055 487 710 710
1122 2799 1400 1400 1122 1122 2799 1400 1400 3130 2799 1400 3130 2799 1400 3130 2799 3130 2799 3130
1122 1122 2799 1400 1122 1122 1122 1122 710 1122 1122 487 1122 1122 1055 710 1055 1122 1122 1122
2768 1055 1055 1055 1055 1055 1055 1055 1055 1055 1055 1259 1055 1055 1055 1259 1055 1259 1055 487
4397 4397 4397 742 742 742 742 742 742 742 742 742 742 742 742 742 742 742 742 4397
1055 776 2768 776 1055 1259 776 1055 2768 1259 776 1055 1259 1055 1055 2768 1055 2799 2768 710
2799 2799 1122 1122 2799 710 3130 1400 1400 1400 3130 3130 1400 1400 1400 3130 3130 2799 710 3130
1259 776 776 2768 776 776 1259 776 776 1259 1259 776 1055 1259 1055 1055 2768 1055 1055 2768
1122 1122 1122 1122 710 1122 1122 487 3130 1122 1055 710 1055 1122 1122 1122 1055 1055 1122 1055
710 710 1055 2768 1055 710 1122 3130 1122 1122 1122 1055 1055 1055 1055 2799 1122 2799 2799 1400
1259 776 776 2768 776 1055 1055 1055 1055 1259 776 1259 776 776 1055 1259 776 1055 710 1055
742 742 742 742 742 742 742 742 742 742 742 742 742 487 487 710 710 1055 2768 1055
1122 1055 1122 1122 1122 3130 1122 1055 487 487 487 710 1055 3130 1122 1055 1055 710 710 776
776 776 1055 776 776 487 487 776 1055 1055 1055 776 776 487 776 776 776 1259 487 4397
1122 2799 2799 710 3130 2799 3130 2799 1400 3130 2799 3130 2799 3130 2799 1400 3130 3130 2799 1400
2799 1122 2799 2799 2799 1122 2799 2799 1122 2799 710 1122 1122 1400 1400 3130 1122 2799 1400 1400
710 1122 2799 1122 2799 1122 2799 1122 2799 1122 2799 1122 2799 1400 3130 1122 2799 1400 3130 2799
776 1259 776 776 1259 1259 776 1055 1259 1055 1055 2768 1055 710 2768 1259 1259 1259 1259 1055
742 742 742 742 742 742 742 742 742 742 487 487 710 710 1055 2768 1055 2799 1122 3130
4397 742 742 742 742 742 742 742 742 742 742 742 742 742 742 742 742 4397 4397 4397
1122 1122 1122 2799 710 1055 710 1055 3130 1122 1055 1055 1055 1122 1055 710 1122 1122 1122 1122
742 742 742 742 742 742 742 742 742 742 742 742 742 742 742 742 4397 4397 4397 4397
742 742 742 742 742 742 742 487 487 710 710 1055 2768 1055 2799 1122 3130 3130 3130 710
1055 2768 1055 2799 1122 3130 1122 1122 1122 1055 1055 1055 1055 2799 1122 2799 2799 1400 1122 2799
710 1055 2768 1259 2768 2768 1055 1055 1055 487 710 710 776 2768 776 1055 1259 1259 1055 776
487 776 4397 4397 4397 4397 776 487 4397 4397 4397 4397 487 4397 4397 4397 4397 4397 4397 4397
1400 1400 3130 3130 2799 710 3130 2799 3130 2799 3130 2799 3130 2799 3130 3130 2799 2799 1400 3130
742 742 742 742 742 742 742 742 742 742 1055 1055 1259 1055 1055 487 487 710 710 1055
1122 2799 2799 2799 1122 2799 2799 2799 3130 2799 2799 3130 3130 2799 710 3130 1400 1400 3130 3130
1400 1122 1122 2799 1400 1400 1122 1122 2799 2799 1122 2799 1122 2799 1400 1400 1122 1122 2799 1122
1055 1055 2799 1259 710 710 1400 1122 2799 2799 2799 1122 2799 2799 2799 1122 2799 2799 1122 1122
1122 1400 1400 3130 1122 2799 1400 1400 1400 3130 3130 2799 710 1400 3130 1400 3130 1400 3130 1400
2799 710 1122 2799 1122 2799 1400 3130 2799 3130 3130 2799 1400 1400 3130 3130 3130 2799 2799 1400
2799 1122 2799 1122 2799 1122 2799 1400 1122 1122 710 1400 1122 2799 1122 1122 1122 2799 1122 2799
1055 1055 710 1259 2799 2799 2799 1122 2799 2799 2799 1122 1400 2799 1122 2799 2799 2799 1122 1122
2799 1400 1400 1400 1122 1122 2799 710 1400 1122 1400 1122 1122 2799 1122 2799 1122 2799 1400 1122
2799 2799 2799 1122 2799 2799 2799 3130 2799 2799 3130 3130 2799 710 3130 1400 1400 1400 3130 3130
487 487 4397 4397 4397 4397 4397 742 742 742 742 742 742 742 742 742 742 742 742 742
2799 3130 2799 3130 2799 3130 2799 1400 3130 710 1400 3130 2799 1400 3130 3130 3130 2799 3130 3130
1055 2799 1400 1122 2799 2799 2799 1122 2799 2799 2799 1122 2799 2799 1122 1122 1122 2799 2799 1400
487 487 4397 4397 4397 4397 4397 4397 742 742 742 742 742 742 742 742 742 742 742 742
1122 1122 2799 710 1400 1400 1122 1122 2799 1122 1122 710 1122 1122 1122 3130 1122 1122 1055 710
1259 776 2768 776 776 1259 1259 776 1055 1259 1055 487 1055 1055 1259 1055 776 2768 776 1055
710 710 1259 710 1055 1055 1055 1055 2799 710 2799 710 1400 1122 2799 2799 2799 1122 2799 2799
710 710 710 710 2799 1122 2799 2799 2799 1122 2799 2799 2799 1122 2799 2799 1122 1122 1122 2799
4397 4397 4397 4397 4397 487 487 487 4397 4397 4397 4397 4397 4397 742 742 742 742 742 742
2799 2799 1122 2799 2799 2799 3130 2799 2799 3130 2799 1122 710 3130 1400 1400 3130 1122 2799 1400
1400 1122 2799 1122 1122 710 1122 1122 1122 1122 1122 1055 487 487 487 710 1055 1122 1122 1122
2799 710 1400 1400 1122 1122 1400 1122 1122 710 1122 1122 1122 1122 1122 1122 1055 710 1055 1122
1122 1400 1400 1122 1122 710 1122 1055 710 1400 1122 1122 1122 3130 710 1122 2799 2799 2799 3130
3130 710 1055 1055 1055 1055 710 3130 1055 710 1400 1122 2799 2799 2799 1122 2799 2799 2799 1122
2799 2799 2799 3130 2799 2799 3130 3130 2799 3130 1055 1400 1400 1400 3130 3130 1400 1400 1400 3130
742 742 742 742 742 742 742 742 742 742 742 742 742 742 742 742 4397 4397 4397 4397
1122 1122 710 710 1055 710 1055 1259 1122 1055 1055 1055 1122 1055 2799 1122 1122 1122 1122 1122
1055 1055 2768 1055 710 2768 710 1259 1259 710 1055 1055 1055 1055 710 1259 1055 710 1400 2768
710 1400 1400 1122 3130 3130 710 3130 2799 3130 2799 1400 1400 1400 1400 3130 2799 2799 3130 2799
1400 1400 1400 3130 2799 2799 3130 2799 710 3130 1400 1400 3130 2799 1400 1400 3130 710 3130 1122
4397 4397 487 4397 487 4397 4397 4397 4397 4397 4397 742 742 742 742 742 742 742 742 742
487 3130 1055 710 1259 1055 710 2799 1122 2799 2799 2799 1122 2799 2799 2799 1122 2799 2799 1122
487 487 1122 2799 2799 2799 1122 2799 2799 1122 1122 2799 710 1122 1400 1400 1400 1122 1122 1400
1055 1055 1055 1055 1055 1055 1055 1055 1055 1055 1055 1055 1055 1055 1055 1055 487 487 1055 1055
4397 4397 4397 4397 4397 742 742 742 742 742 742 742 742 742 742 742 742 742 742 742
2799 2799 3130 1122 3130 2799 710 2799 1400 3130 3130 1400 1400 1400 3130 3130 2799 3130 2799 2799
742 1400 1400 1122 1122 1122 1055 1122 1122 1122 1055 1055 1055 487 487 1055 742 742 742 742
3130 3130 1400 1400 1400 3130 3130 2799 2799 2799 3130 2799 3130 2799 1400 3130 3130 1400 3130 1400
776 710 710 1055 1259 1055 710 1259 1259 1259 1259 1055 1055 1055 1259 1259 1055 1055 710 1259
742 2799 3130 4397 1122 4397 1122 1122 1122 1122 4397 1055 487 487 487 487 487 487 487 487
2799 1400 3130 3130 2799 710 1400 3130 2799 1400 3130 3130 3130 710 3130 3130 3130 1122 1122 2799
3130 1122 1122 710 1122 1122 1122 710 3130 1055 487 710 1055 1259 1122 1055 1055 710 710 1055
742 742 742 742 742 742 742 742 742 742 742 742 742 742 487 487 710 710 1055 2768
3130 1122 1400 1400 1400 3130 3130 2799 3130 2799 710 2799 3130 1400 2799 3130 3130 2799 3130 2799
1259 1055 487 487 1055 1055 1259 1259 1055 1055 710 710 776 2768 776 776 1259 1259 776 776
776 1259 776 776 1259 1259 1055 776 2768 776 1055 1259 776 1055 2768 1259 776 1055 1259 1055
742 487 487 710 710 1055 2768 1055 1055 2768 710 1259 1259 710 1055 1055 1055 1055 2799 1259
1122 2799 2799 2799 1122 1400 2799 3130 3130 2799 3130 2799 1400 1400 3130 2799 3130 710 2799 3130
2799 2799 2799 1122 1122 1400 1122 1122 2799 1122 1122 1122 1122 3130 1122 1055 710 1055 1122 1122
487 487 4397 4397 4397 4397 4397 4397 742 742 742 742 742 742 742 742 742 742 742 742
487 487 710 710 1055 2768 1055 710 1122 3130 1122 1122 1122 1055 1055 1055 1055 710 1122 1055
1122 1122 1259 1259 1055 487 1259 1055 1055 1259 1259 710 1055 1122 3130 1122 1055 1055 487 487
3130 1055 1055 1055 1055 1055 1122 1055 1055 1400 1122 2799 2799 2799 1122 2799 2799 2799 3130 2799
1259 1055 1055 1259 776 776 1259 1259 776 1055 1259 1055 1055 2768 1055 1055 2768 1259 1259 1259
487 4397 4397 4397 4397 4397 742 742 742 742 742 742 742 742 742 742 742 742 742 742
4397 4397 742 742 742 742 742 742 742 742 742 742 742 742 742 742 742 742 4397 4397
487 4397 4397 4397 4397 4397 742 742 742 742 742 742 742 742 742 742 742 742 742 742
710 2768 2768 710 1259 1055 710 1055 487 1259 1259 1055 1055 1055 1055 1055 1259 1055 1055 1055
2799 1400 1400 1400 1122 3130 2799 2799 3130 2799 3130 2799 3130 2799 3130 2799 3130 2799 3130 2799
1122 2799 1400 1122 1122 710 1400 1122 2799 1122 1122 1122 2799 1122 2799 1122 710 1259 1400 1400
3130 2799 1400 3130 710 1400 3130 2799 1400 3130 3130 3130 710 3130 3130 3130 3130 1122 2799 487
4397 4397 4397 4397 4397 742 742 742 742 742 742 742 742 742 742 742 742 742 742 742
1122 2799 1122 1122 1122 1122 1055 1122 1122 710 1122 1055 487 487 710 1055 1122 1122 1122 1055
1055 710 710 710 710 2799 1122 2799 2799 2799 1122 2799 2799 2799 1122 2799 2799 1122 1122 2799
1055 1055 1055 710 1122 710 710 1400 1122 2799 2799 2799 1122 2799 2799 2799 3130 2799 2799 3130
1122 2799 2799 2799 3130 2799 2799 3130 3130 2799 3130 710 1400 1400 3130 3130 2799 1400 1400 1400
1055 487 487 487 710 1055 2768 3130 1122 1055 1055 710 710 776 2768 776 776 1259 1259 776
710 1055 2768 1055 710 1122 1122 1122 1122 1122 1055 1055 1055 1055 710 1122 1055 710 1400 1122
776 1055 1259 776 1259 1259 1055 1055 1055 776 1055 1055 776 1055 710 1055 710 1055 1055 1055
1122 710 2799 1122 2799 1122 1122 1122 1122 710 1122 1122 1122 1122 1055 487 487 487 710 1055
1122 4397 4397 4397 4397 4397 4397 4397 742 742 742 742 742 742 742 742 742 742 742 742
1259 776 1259 1055 776 1259 776 776 1259 1259 776 1055 1259 1055 1055 2768 1055 1055 2768 1259
2799 710 1400 1122 2799 1400 1122 1122 1122 1122 710 1122 1122 1122 1122 1122 1055 487 487 487
1055 1055 1055 1055 710 1259 1055 710 1400 1122 2799 2799 2799 1122 2799 2799 2799 1122 2799 2799
742 742 742 742 742 742 487 487 710 710 1055 2768 1055 2799 1122 3130 3130 1259 710 1055
3130 2799 3130 2799 2799 2799 1400 1400 3130 2799 2799 3130 2799 710 3130 1400 1400 3130 2799 1400
487 487 487 1055 1055 1259 1259 1055 1055 2768 776 710 1259 776 2768 776 1055 1259 1259 776
1055 1055 710 1122 710 710 1400 1122 2799 2799 2799 1122 2799 2799 2799 3130 2799 2799 3130 3130
776 1259 776 776 1259 1259 776 776 1259 776 776 776 1259 776 776 1259 1259 776 776 1259
742 742 742 742 742 742 742 742 742 742 487 487 710 710 1055 2768 1055 2799 2768 710
1055 1055 1055 710 1259 1055 710 1400 1122 2799 2799 2799 1122 2799 2799 2799 1122 2799 2799 1122
1259 1259 1055 1055 2768 1055 1055 1259 1055 1055 1055 1055 1259 1259 1055 1259 1259 1259 1055 1055
2799 2799 1122 2799 2799 2799 1122 2799 2799 1122 1122 1122 2799 710 1400 1400 1122 1122 2799 1400
2799 1122 2799 1122 2799 1122 2799 3130 2799 1400 1400 1122 2799 2799 3130 710 1400 3130 2799 1400
1055 1055 2768 1055 710 2768 710 1259 1259 710 1055 1055 1055 1055 710 1259 1055 710 1400 2768
4397 4397 4397 4397 4397 742 742 742 742 742 742 742 742 742 742 742 742 742 742 742
2799 710 1122 1400 1400 1400 3130 3130 2799 1400 1400 3130 2799 710 3130 2799 3130 2799 3130 2799
2799 2799 1122 2799 2799 2799 3130 2799 2799 3130 3130 2799 710 3130 1400 1400 3130 3130 2799 3130
1122 710 3130 1259 3130 1055 1055 1055 1055 710 1259 1055 710 1400 1122 2799 2799 2799 1122 2799
487 487 487 487 487 487 487 487 487 487 4397 4397 4397 2768 1055 4397 1122 4397 3130 4397
2768 2768 2768 2768 4397 2768 4397 1055 487 487 487 487 487 487 487 487 1259 1055 1259 776
776 1055 776 487 487 1055 776 776 1055 487 487 776 487 1055 1055 2768 1055 710 2768 1259
3130 3130 2799 2799 3130 2799 3130 2799 1400 3130 2799 3130 2799 3130 2799 1400 3130 3130 710 1400
742 742 742 742 742 742 487 487 710 710 1055 2768 1055 2799 1122 1122 1122 1122 1122 1055
742 742 742 742 742 742 742 742 742 742 742 742 742 487 487 710 710 1055 2768 1055
710 1259 1259 710 1055 1055 1055 1055 2799 1259 710 2799 2799 1122 2799 2799 2799 1122 2799 2799
1400 1400 1122 1122 1122 2799 710 1400 3130 2799 3130 3130 3130 3130 2799 3130 3130 1122 1122 1055
1400 1122 1122 1122 1122 1055 1122 1122 710 3130 1055 487 1259 1055 1055 1259 1259 710 1055 1122
1259 1055 487 1055 1055 1259 1259 1055 1055 710 1259 776 1259 776 1055 1259 1259 776 776 1259
1055 1055 487 1055 1055 1055 776 710 1259 487 776 1055 1259 776 1055 1259 1259 776 776 2768
1055 1055 1055 2768 1055 710 1122 710 1122 1259 1122 1055 1055 1055 1055 710 1259 1055 710 1400
776 776 776 1259 776 776 1259 1259 776 776 1259 1055 1055 2768 1055 710 2768 1259 1259 1259
2799 2799 2799 1122 2799 710 710 1122 1122 2799 1122 1400 1400 3130 3130 2799 1122 1055 2799 1400
742 742 487 487 710 710 1055 2768 1055 710 1122 710 3130 1122 3130 1055 1055 1055 1055 2799
1055 1259 776 776 1259 776 1055 1259 1259 1055 1259 776 710 710 1055 1259 1055 710 2768 1259
742 742 742 742 742 742 742 742 487 487 710 710 710 2768 1055 2799 1122 3130 3130 3130
710 1259 1055 487 487 1055 1055 2768 1259 2768 1055 1055 487 1259 776 710 710 776 2768 776
2799 710 1400 1400 3130 3130 2799 1400 1400 1400 3130 3130 2799 710 3130 2799 3130 2799 3130 2799
710 710 710 710 1400 1122 2799 2799 2799 1122 2799 2799 2799 3130 2799 2799 3130 1122 1122 2799
1122 710 1400 1122 2799 1400 1122 2799 1400 1122 2799 1122 710 1122 1122 1122 1122 1122 1055 487
4397 4397 4397 4397 742 742 742 742 742 742 742 742 742 742 742 742 742 742 742 742
1055 1400 1400 1122 1400 1122 1122 1122 1055 1122 1122 1122 487 1400 1122 1055 487 487 710 1055
1400 1122 1122 1122 1055 1122 1122 1122 1122 1122 1055 487 487 487 710 1055 1122 1122 1055 1055
1122 2799 2799 2799 1122 2799 2799 2799 3130 2799 2799 3130 3130 3130 2799 2799 1400 1400 3130 3130
4397 4397 4397 4397 4397 487 4397 4397 4397 4397 4397 4397 4397 4397 487 4397 4397 4397 487 4397
1122 1122 710 1122 1122 1400 1122 710 2799 1122 710 1122 1122 1122 1055 487 487 1122 776 487
1122 2799 1122 1122 2799 2799 710 1400 1400 1122 3130 3130 710 3130 2799 3130 2799 1400 1400 1400
1122 2799 1122 2799 1122 2799 1400 1122 1400 1122 2799 710 1400 3130 2799 1400 3130 2799 1400 3130
2799 3130 3130 3130 2799 710 1400 1400 3130 3130 1400 3130 2799 3130 3130 3130 3130 1122 1122 1055
487 710 710 776 2768 776 776 1259 1259 776 776 2768 776 776 1259 776 776 1259 1259 776
1055 1055 1055 1055 1055 1055 1055 1055 1055 1055 1055 1055 1055 1055 1055 1259 1259 487 1055 1055
3130 2799 3130 2799 3130 2799 3130 2799 3130 2799 3130 2799 1400 3130 2799 710 1400 3130 2799 1400
742 742 742 742 487 487 710 710 1055 2768 1055 710 1122 1122 1122 1122 1122 1055 1055 1055
1055 1055 1259 1259 1055 1055 710 710 776 1259 776 776 1259 1259 776 776 2768 776 776 1259
2799 2799 1122 2799 2799 2799 3130 2799 2799 3130 3130 2799 3130 710 1400 1400 3130 3130 2799 1400
1259 1055 1055 2768 1055 2799 1122 1122 1122 1122 1122 1055 1055 1055 1055 2799 1122 1055 2799 1400
3130 3130 2799 710 3130 2799 1400 3130 3130 2799 3130 2799 3130 2799 3130 2799 1400 1400 3130 2799
1400 3130 3130 2799 3130 2799 3130 2799 3130 2799 1400 3130 710 1400 3130 2799 1400 3130 3130 3130
742 742 742 742 742 742 742 487 487 710 710 1055 2768 1055 2799 1122 3130 1122 1122 3130
2799 2799 3130 1122 1122 2799 710 1400 1400 3130 3130 2799 1400 1400 1400 3130 3130 2799 710 3130
742 742 487 487 710 710 1055 2768 1055 710 2768 3130 1122 2768 1122 1055 1055 1055 1055 2799
2768 1055 710 1122 710 1259 1122 3130 1055 1055 1055 1055 710 1122 1055 710 1400 1122 2799 2799
1122 1055 1122 487 1122 1122 1122 1055 487 487 710 1055 1122 1122 1122 1055 1055 710 710 776
2799 1122 2799 2799 2799 3130 2799 2799 3130 3130 3130 2799 710 1400 1400 3130 3130 1400 1400 1400
1055 2799 2799 1122 2799 2799 710 1122 2799 2799 2799 3130 2799 2799 3130 3130 2799 3130 2799 1400
2799 1400 1122 710 1400 3130 2799 1400 3130 3130 3130 710 3130 3130 3130 3130 1122 2799 487 487
1055 2768 1055 2799 1122 3130 1122 1122 1122 1055 1055 1055 1055 2799 1122 2799 710 1400 1122 2799
3130 2799 3130 2799 3130 2799 3130 2799 3130 2799 1400 3130 1400 1400 3130 2799 1400 3130 2799 3130
1122 2799 2799 2799 1122 2799 2799 2799 3130 2799 2799 3130 1122 3130 2799 710 1400 1400 3130 1122
710 3130 1400 1400 1400 3130 3130 1400 1400 1400 3130 3130 2799 710 3130 2799 3130 2799 3130 2799
2799 1400 1122 1122 1122 710 1122 1122 1122 3130 1122 1055 487 487 710 1055 1122 1122 1122 1122
742 742 742 742 742 742 742 742 742 742 742 742 742 487 487 710 710 1400 2768 1055
742 742 742 742 742 742 742 742 742 1055 1055 1259 1055 1055 487 487 710 710 1055 2768
1400 1122 2799 2799 2799 1122 2799 2799 2799 1122 2799 2799 1122 1122 1122 2799 710 1400 1400 1122
1122 710 1122 1122 1122 1259 1122 1055 487 487 487 710 1055 1122 1122 1055 1055 1122 776 710
1122 1055 710 1400 1122 2799 2799 2799 710 3130 2799 2799 2799 3130 2799 2799 1122 1055 3130 2799
1055 1259 1259 1055 1055 1055 2768 1055 710 2768 710 1259 1259 710 1055 1055 1055 1055 710 1259
776 2768 776 776 1259 776 776 2768 1259 776 1055 1259 1055 1055 2768 1055 1055 2768 1259 2768
4397 4397 487 4397 487 487 4397 4397 4397 4397 4397 742 742 742 742 742 742 742 742 742
1122 1122 2799 1122 1122 710 1122 1122 1122 1122 2799 3130 1055 710 1055 1122 1122 1055 1055 1122
2799 1122 2799 2799 1122 1122 2799 710 1122 1122 1122 2799 1122 710 1400 3130 1122 2799 1122 1122
1400 1259 1400 1259 1122 710 1122 1122 1122 1122 1259 1055 1055 1055 1259 1055 1259 1259 1055 1055
3130 2799 3130 2799 3130 2799 3130 2799 3130 2799 3130 2799 1400 3130 710 1400 3130 2799 1400 3130
3130 1122 710 710 1055 710 1055 1259 1122 1055 1055 1055 2768 1055 2799 1122 1122 1122 1122 3130
1055 2799 3130 710 710 2799 1122 2799 2799 2799 1122 2799 2799 2799 3130 2799 2799 3130 3130 2799
2799 1259 1055 2799 1400 1122 2799 2799 2799 1122 2799 2799 2799 1122 2799 2799 1122 1122 1122 2799
2768 710 1259 1259 1259 1055 1055 1055 1055 710 1259 1055 710 1400 1122 2799 2799 2799 1122 2799
487 487 1259 487 1259 1055 2768 1055 710 2768 3130 1259 1259 3130 1055 1055 1055 1055 710 1259
742 742 742 742 742 742 487 487 710 710 2799 2768 1055 2799 1122 710 3130 3130 710 1055
2799 2799 3130 2799 2799 1122 1055 3130 2799 1122 710 710 3130 1400 1400 3130 2799 3130 3130 3130
2768 710 3130 1055 487 487 487 710 1055 1122 1122 1122 1122 1055 1055 710 1055 2768 1055 2799
487 1055 1055 1259 1259 1055 1055 2768 776 710 1259 776 1259 776 1055 1259 1259 776 776 2768
1055 2799 1122 710 1122 1122 1122 1055 1055 1055 1055 2799 1122 2799 2799 1400 1122 2799 2799 2799
2799 2799 3130 2799 2799 3130 3130 2799 1122 710 1400 1400 3130 3130 2799 1400 1400 1400 3130 3130
2799 710 2768 710 1259 1259 710 1055 1055 1055 1055 710 710 710 710 1400 1122 2799 2799 2799
4397 487 4397 487 4397 4397 4397 4397 4397 4397 742 742 742 742 742 742 742 742 742 742
1122 1055 2799 2799 1122 2799 2799 710 1122 2799 2799 2799 3130 2799 2799 3130 3130 2799 1122 2799
1055 710 710 776 1259 776 776 1259 1259 776 776 2768 776 776 1259 776 776 1259 1259 776
2799 1122 2799 1122 2799 1122 2799 1122 2799 1400 1122 1400 1122 710 1400 1122 2799 1400 1122 2799
1122 1122 1122 1055 1055 1055 1055 710 1122 1055 710 1400 1122 2799 2799 2799 1122 2799 2799 2799
1400 1122 1122 2799 2799 710 3130 2799 1400 3130 1122 3130 2799 3130 2799 1400 1400 3130 3130 2799
1400 1400 1122 1122 710 1400 1122 2799 1400 1122 2799 1122 2799 1122 2799 2799 3130 1400 1122 3130
4397 4397 4397 4397 487 4397 4397 4397 4397 4397 4397 4397 4397 487 4397 4397 4397 487 4397 487
710 1400 1122 1122 710 1122 2768 3130 1259 1055 710 1055 1259 1122 1055 1055 1055 2768 1055 2799
776 1055 1259 1259 776 1055 1259 1259 1055 1055 2768 1055 710 2768 1259 2768 2768 1259 1055 1055
2799 2799 1122 2799 2799 2799 3130 2799 2799 3130 1122 1122 2799 710 1400 1400 3130 3130 2799 3130
3130 1400 1055 1400 1400 3130 2799 3130 1400 1400 1400 3130 3130 2799 2799 3130 2799 3130 1400 3130
2799 710 1400 1122 2799 1400 1122 1122 1122 710 1122 1122 1122 3130 1122 1055 487 487 487 710
742 742 742 742 742 742 742 742 742 487 487 710 710 1055 2768 1055 2799 1122 710 3130
1055 1055 1055 1055 2768 1055 710 2768 710 1259 1259 1259 1055 1055 1055 1055 710 1259 1055 710
3130 2799 1400 3130 3130 2799 3130 2799 3130 2799 3130 2799 1400 3130 710 1400 3130 2799 1400 3130
4397 4397 4397 4397 4397 4397 742 742 742 742 742 742 742 742 742 742 742 742 742 742
776 1259 1259 776 776 1259 776 776 776 1259 776 776 1259 1259 776 1055 1259 1055 1055 2768
3130 3130 3130 2799 710 1400 1400 3130 3130 1400 3130 2799 3130 3130 3130 3130 1122 1122 1055 2799
1259 710 1055 1055 1055 1055 710 1259 2799 2799 2799 1122 2799 2799 2799 1122 1400 2799 1122 2799
1122 3130 710 1055 710 1055 1122 1122 1055 1055 710 2768 1055 2799 1122 3130 1122 1122 3130 1055
710 1055 2768 1055 2799 1122 1122 1122 1122 1122 1055 1055 1055 1055 2799 1122 2799 2799 1400 1122
1055 1055 1055 1055 710 1259 1055 2799 1400 1122 1400 2799 2799 1122 2799 2799 2799 1122 2799 2799
2799 1400 1400 3130 3130 2799 1400 1400 1400 3130 3130 2799 710 3130 2799 3130 2799 3130 2799 3130
1055 2768 1055 2799 1122 1122 1122 1122 1122 1055 1055 1055 1055 2799 1122 710 2799 1400 1122 1400
4397 4397 487 4397 487 4397 4397 4397 4397 4397 4397 742 742 742 742 742 742 742 742 742
776 776 1259 1259 776 1055 1259 1259 1055 1259 1259 1055 1055 2768 1055 710 1122 3130 2768 2768
1400 2799 2799 1122 2799 2799 2799 1122 2799 2799 1122 1122 1122 1400 2799 2799 2799 3130 1122 1400
1122 2799 2799 1400 1122 2799 2799 2799 1122 2799 2799 2799 3130 2799 2799 3130 3130 3130 2799 2799
1400 1400 1122 710 1122 1122 1122 1122 1055 487 487 710 1055 1122 1122 1055 1055 1122 1055 710
3130 3130 1055 1055 1055 1055 710 1122 710 710 1400 1122 2799 2799 2799 1122 2799 2799 2799 3130
2799 1122 710 1122 1122 1122 1055 1055 1055 1055 2799 1122 710 710 1400 1122 2799 2799 2799 1122
1122 710 1122 1122 1122 1055 1055 1055 1055 710 1122 1055 710 1400 1122 2799 2799 2799 1122 2799
1400 1122 1122 2799 710 1122 2799 1122 2799 1122 2799 1122 2799 1122 2799 1400 1122 1400 1122 2799
4397 4397 4397 4397 4397 742 742 742 742 742 742 742 742 742 742 742 742 742 742 742
742 742 742 742 742 742 742 742 742 742 742 742 742 487 487 710 710 1055 2768 1055
2799 1122 2799 2799 1122 1055 3130 2799 1122 710 710 1122 1400 1400 3130 2799 3130 3130 3130 1122
487 710 1055 2768 1259 2768 2768 1055 1055 1055 487 710 710 776 2768 776 1055 1259 1259 1055
776 1055 776 1055 487 487 710 710 1055 776 1259 776 776 1259 1259 776 776 487 1259 1259
2799 2799 2799 3130 2799 2799 3130 3130 2799 710 3130 1400 1400 3130 3130 2799 2799 1400 3130 2799
1259 710 1259 1055 487 487 487 710 1055 1259 1259 1055 1055 710 710 776 1259 776 1055 1259
1122 2799 710 2799 1400 1122 1122 2799 1400 1400 1400 1122 2799 710 3130 2799 3130 2799 3130 2799
2799 2799 1122 2799 2799 710 1122 2799 2799 1122 2799 1122 1122 2799 1400 1122 2799 3130 1122 1122
742 742 742 742 742 742 742 742 742 742 742 742 742 742 487 487 710 710 1055 2768
742 742 742 742 742 742 742 742 742 487 487 710 710 1055 2768 1055 2799 1122 710 3130
742 742 742 742 742 742 487 487 710 710 1055 2768 1055 2799 1122 3130 1122 1122 3130 1055
2799 1055 1259 1259 1122 1122 2799 710 2799 1400 1122 2799 1122 2799 1400 1122 2799 1122 710 1122
1259 776 1055 1055 2768 1055 710 2768 710 1259 1259 1259 1055 1055 1055 1055 710 1259 1055 2799
4397 4397 4397 4397 4397 742 742 742 742 742 742 742 742 742 742 742 742 742 742 742
4397 4397 4397 4397 4397 4397 742 742 742 742 742 742 742 742 742 742 742 742 742 742
2799 2799 1122 2799 2799 1122 4397 1122 4397 1122 1122 1122 1122 3130 1055 487 487 487 487 487
1055 2768 1055 2799 1122 710 1259 1122 710 1055 1055 1055 1055 2799 1259 1055 2799 1400 1122 2799
2799 2799 1122 2799 2799 2799 3130 2799 2799 3130 3130 2799 710 3130 1400 1400 1400 3130 3130 2799
1055 1055 1259 2768 1055 1055 4397 487 1055 1055 1055 487 1055 1055 1055 776 710 1259 487 776
1055 2768 1055 710 1122 710 3130 1122 1259 1055 1055 1055 1055 710 1259 1055 710 1400 1122 2799
1122 1122 1055 1122 1122 1259 3130 1055 487 710 1055 2768 1122 1122 1055 1055 1259 487 1055 1055
1055 1055 1055 710 1259 1055 710 1400 1122 2799 2799 2799 1122 2799 2799 2799 3130 2799 2799 1122
1400 3130 2799 2799 3130 2799 710 3130 1400 1400 3130 2799 1400 1400 3130 710 3130 1122 1122 1122
2799 2799 2799 1259 1122 2799 2799 710 1259 1122 2799 2799 1055 1055 1259 1122 1122 2799 2799 2799
710 2768 710 1259 710 1055 1055 1055 487 487 1122 1055 710 1259 1055 710 1400 1122 2799 2799
1122 2799 2799 2799 3130 2799 2799 3130 3130 3130 2799 710 1400 1400 3130 3130 2799 1400 1400 1400
1122 1122 1122 1055 1122 1122 1122 487 2799 1122 1055 487 487 710 1055 1122 1122 1055 1055 710
1055 1055 1055 1055 2768 1055 710 2768 710 1259 1259 1259 1055 1055 1055 1055 710 1259 1055 710
1055 710 1122 710 1122 1259 3130 1055 1055 1055 1055 710 1259 1055 710 1400 1122 2799 2799 2799
1122 2799 2799 2799 1122 2799 2799 2799 3130 2799 2799 3130 2799 1122 710 1122 1400 1400 3130 1122
710 1055 1055 1055 1055 1055 1122 1122 1122 710 1122 1122 1122 1055 710 1055 1122 1055 710 1400
1122 710 1259 1259 3130 1055 1055 1055 1055 2799 3130 1055 2799 1400 1122 2799 2799 2799 1122 2799
1055 1055 1259 1259 1055 1055 710 1259 1055 1259 776 1055 1259 1259 776 776 2768 776 1055 1259
2799 1400 1122 1122 1122 710 1122 1122 1122 3130 1122 1055 487 487 487 710 1055 3130 1122 1055
3130 1122 1400 1400 1400 3130 3130 2799 3130 2799 710 2799 3130 1400 2799 3130 3130 2799 3130 2799
1055 1055 710 1259 1055 710 1400 1122 2799 2799 2799 1122 2799 2799 2799 3130 2799 2799 3130 1122
1122 1122 2799 2799 710 3130 2799 1400 3130 1122 3130 2799 3130 2799 1400 1400 3130 3130 2799 1400
1055 1055 1259 1055 776 1259 776 776 1259 1259 776 776 776 1259 776 1259 776 1055 2768 776
1055 1055 710 1122 710 710 2799 1122 2799 2799 2799 1122 3130 2799 2799 2799 2799 2799 1122 2799
2799 1122 2799 1122 2799 1400 1400 3130 1122 710 1400 1122 2799 1400 3130 2799 1400 3130 2799 3130
1122 2799 1400 1122 1122 1122 710 1122 1122 1122 3130 1122 1055 487 487 487 2799 1055 1122 1122
1122 2799 1122 2799 1400 1122 1400 1400 3130 2799 1400 3130 2799 3130 3130 3130 3130 2799 3130 1122
1122 2799 2799 2799 1122 2799 2799 2799 1122 2799 2799 1122 2799 710 1122 1122 1400 1400 1122 1122
776 1055 1259 1259 776 776 2768 776 1259 1055 1259 776 1055 1259 1055 1055 1055 1055 1055 1055
1055 1055 1259 1055 2768 1055 710 1259 2768 710 1259 1259 710 1055 1055 1055 1055 2799 1259 1400
1055 1055 1055 1055 710 1259 710 710 1400 1122 2799 2799 2799 1122 2799 2799 2799 1122 2799 2799
742 742 742 742 742 742 742 742 742 487 487 710 710 1055 2768 1055 2799 1122 710 1259
3130 3130 1055 710 1055 1122 1055 710 1400 1122 1122 1055 1055 1122 2799 2799 2799 1122 2799 2799
776 1259 487 487 1259 1055 1055 2768 1055 710 2768 710 1259 1259 3130 1055 1055 1055 1055 2799
3130 1055 1055 1055 1055 710 1122 710 710 1400 1122 2799 2799 2799 1122 2799 2799 2799 3130 2799
2799 2799 2799 1259 1122 2799 2799 2799 3130 2799 2799 3130 2799 710 1122 3130 1400 1400 3130 1122
1122 2799 710 1122 2799 3130 2799 3130 2799 3130 2799 3130 2799 1400 3130 1400 1400 3130 2799 1400
2799 1122 2799 1400 1122 1400 1400 3130 2799 1400 3130 2799 3130 3130 3130 3130 2799 3130 1122 3130
1055 1055 1400 1122 2799 2799 2799 1122 2799 2799 2799 3130 2799 2799 3130 3130 3130 1400 710 1400
1055 1055 1055 710 1122 710 710 1400 1122 2799 2799 2799 1122 2799 2799 2799 3130 2799 2799 3130
710 1122 710 710 2799 710 1122 2799 2799 710 1122 2799 2799 1122 2799 2799 2799 1122 2799 1122
1055 2799 1122 710 1122 1122 1122 1055 1055 1055 1055 2799 1122 2799 710 1400 1122 2799 2799 2799
776 1259 1055 1055 2768 1055 710 1122 710 1259 1259 710 1055 1055 1055 1055 710 1259 1055 2799
1122 1400 1400 1400 1122 2799 710 3130 2799 3130 2799 3130 2799 3130 2799 3130 2799 1400 1400 3130
4397 4397 4397 4397 742 742 742 742 742 742 742 742 742 742 742 742 742 742 742 742
710 710 1055 710 2799 1122 2799 2799 2799 1122 2799 2799 2799 1122 2799 2799 1122 2799 1122 710
742 742 742 487 487 710 710 1055 2768 1055 710 2768 710 3130 1122 1122 1055 1055 1055 1055
487 487 710 710 1055 2768 1055 710 1122 3130 1122 1122 1122 1055 1055 1055 1055 710 1122 1055
3130 710 3130 2799 3130 2799 3130 3130 1400 2799 2799 1400 3130 1400 3130 3130 3130 2799 3130 2799
710 1259 1259 710 1055 1055 1055 1055 710 1259 1055 710 1400 1122 2799 2799 2799 1122 2799 2799
1055 1122 2799 2799 710 1122 2799 2799 1122 2799 2799 2799 1122 2799 1122 1122 2799 2799 710 1400
4397 4397 4397 4397 4397 4397 487 487 487 487 4397 4397 4397 4397 4397 742 742 742 742 742
742 742 742 487 487 4397 4397 487 487 4397 4397 4397 487 487 4397 4397 487 487 4397 4397
2799 2799 3130 2799 2799 3130 3130 2799 710 3130 1400 1400 1400 3130 3130 1400 1400 1400 3130 3130
776 1055 1259 1259 1055 1055 2768 1055 710 1122 3130 1122 1122 1122 1055 1055 1055 1055 2799 1259
1259 1055 1055 2768 1055 2799 1122 710 3130 1259 3130 1055 1055 1055 1055 2799 1122 1055 2799 1400
1122 2799 2799 2799 1122 2799 2799 3130 2799 710 1122 1122 1400 1400 3130 3130 2799 3130 3130 2799
742 742 742 742 742 742 487 487 4397 4397 4397 4397 4397 487 4397 487 487 4397 4397 487
1259 1055 1055 2768 1055 2799 1122 710 3130 1259 3130 1055 1055 1055 1055 2799 1122 1055 2799 1400
487 487 487 4397 4397 4397 4397 4397 4397 742 742 742 742 742 742 742 742 742 742 742
710 1122 2799 1122 2799 3130 2799 3130 2799 3130 2799 1400 2799 3130 3130 3130 2799 1400 3130 3130
1122 2799 2799 2799 3130 2799 2799 3130 3130 2799 3130 710 1400 1400 3130 3130 1400 3130 3130 710
1122 2799 710 1400 1122 1400 1122 1400 1122 1400 1122 2799 1122 1400 1400 1122 1122 2799 1400 3130
1400 1122 1122 2799 710 1122 2799 3130 2799 3130 2799 3130 2799 3130 2799 1400 3130 1400 1400 3130
1400 3130 2799 3130 2799 3130 3130 710 3130 3130 3130 3130 710 2799 2799 1400 1400 1400 3130 2799
487 1122 3130 1122 1055 487 487 710 1055 1122 1122 1122 1055 1055 710 710 776 1259 776 1055
2799 1122 1122 1122 1122 2799 1122 1122 3130 1122 1055 487 487 710 1055 3130 1122 1055 1055 487
2799 2799 2799 1122 2799 2799 3130 2799 1122 710 1122 1400 1400 3130 3130 2799 1400 1400 3130 1122
1259 776 1055 1259 1259 1055 1055 2768 1055 710 1122 3130 1122 1122 1122 1055 1055 1055 1055 2799
2799 1122 710 1259 1259 710 1055 1055 1055 1055 2799 1259 2799 2799 1400 1122 2799 2799 2799 1122
1122 2799 2799 2799 1122 2799 2799 2799 3130 2799 2799 3130 2799 710 3130 3130 1400 1400 3130 3130
1122 2799 710 2799 1400 1122 1122 2799 1400 1400 1400 1122 2799 710 3130 2799 3130 2799 3130 2799
1122 2799 2799 1122 2799 1122 710 1122 1400 1400 3130 1122 2799 1400 1400 3130 3130 2799 2799 2799
1055 2768 1055 2799 1122 710 3130 1259 710 1055 1055 1055 1055 2799 1259 2799 2799 1400 1122 2799
1055 1055 1055 1259 2768 1055 1055 487 1055 487 1055 1055 1055 1055 1055 1259 1055 776 1055 487
1122 710 1400 1122 2799 1400 1122 1122 1122 710 1122 3130 1122 1122 1122 1055 487 487 487 2799
1122 1122 2799 1122 1122 710 1122 1122 1122 1122 1122 1122 1055 710 1055 1122 1122 1055 1055 1055
2799 1122 3130 1122 1122 1122 1055 1055 1055 1055 2799 1122 1055 2799 1400 1122 2799 2799 2799 1122
776 1259 776 776 1259 1259 776 776 487 1259 1259 776 776 1259 1055 1055 1055 776 1259 776
2799 1400 1400 3130 3130 2799 1400 1400 1400 3130 3130 2799 710 3130 2799 3130 2799 3130 2799 3130
4397 4397 4397 4397 487 487 487 487 4397 4397 4397 4397 4397 742 742 742 742 742 742 742
776 1259 776 776 1259 1259 776 776 1259 1055 1055 2768 1055 710 1122 3130 1122 1122 1122 1055
2799 2799 3130 3130 2799 3130 1055 1400 1400 1400 3130 3130 1400 1400 1400 3130 3130 1400 2799 3130
1122 1400 1400 1122 1122 2799 1400 1400 3130 1122 2799 2799 710 3130 2799 3130 2799 3130 2799 3130
1400 3130 1122 2799 710 3130 2799 1400 3130 3130 2799 3130 2799 3130 2799 3130 2799 1400 3130 2799
1055 1259 1122 1055 1055 1259 2768 1055 710 1122 710 3130 1122 3130 1055 1055 1055 1055 2799 710
2768 1055 2799 1122 710 1259 1259 710 1055 1055 1055 1055 2799 1259 2799 2799 1400 1122 2799 2799
2799 2799 1122 1122 2799 1122 1400 1400 1400 1122 1122 2799 3130 3130 3130 3130 1400 1122 1055 2799
2799 710 1400 3130 3130 2799 1400 3130 1400 3130 2799 3130 2799 3130 3130 710 3130 3130 3130 3130
1122 1259 1259 1055 487 487 487 710 1055 2768 3130 1122 1055 1055 710 710 776 1259 776 776
2799 1122 2799 1122 2799 1122 2799 1400 1122 1400 1122 710 1400 1122 2799 1400 1122 2799 1400 1122
776 1055 776 1055 776 487 487 1055 1055 1055 1055 487 487 776 487 1055 1055 2768 1055 710
1055 1055 2768 1055 2799 1122 710 1259 1122 710 1055 1055 1055 1055 2799 1259 1055 2799 1400 1122
1055 1055 1259 1055 776 1259 776 776 1259 1259 776 776 776 1259 776 1259 776 1055 2768 776
2799 3130 2799 3130 2799 1400 3130 3130 2799 3130 2799 1400 1400 3130 3130 710 1400 1400 3130 1400
1122 2799 2799 710 1122 2799 2799 1122 2799 1122 1122 2799 1400 1122 2799 3130 1122 1122 2799 1400
1055 1259 1259 776 776 1259 776 776 1259 776 776 1259 1259 776 1055 1259 1055 1055 2768 1055
1122 1055 2768 1122 710 1259 1055 487 487 710 1055 2768 710 1122 1055 1055 487 2768 776 710
1400 1122 1122 2799 2799 2799 1122 1122 2799 710 1400 1122 1400 1122 1400 1122 1400 1122 2799 1122
1122 2799 1122 710 2799 1122 1400 1122 1122 710 1122 1122 1122 710 2768 1055 1055 2768 776 1055
1122 1122 710 1400 1122 2799 1400 1122 2799 1400 1122 2799 1122 710 1122 1122 1122 1122 1122 1055
776 1055 1055 776 1055 776 1055 776 1055 1055 1055 487 1055 1055 1055 1055 1259 1055 487 487
1122 1122 1400 1400 1122 1122 2799 1122 1122 710 1122 1122 1122 1122 1400 1122 1055 710 1055 1122
1259 776 776 1259 1259 776 776 1259 1259 1055 1055 1055 1259 1055 1055 1400 710 1055 1055 2768
3130 3130 710 1055 1055 1055 1055 710 3130 2799 710 1400 1122 2799 2799 2799 1122 2799 2799 2799
742 742 742 742 742 742 742 742 742 742 742 742 742 742 742 487 4397 4397 4397 742
1122 1122 1259 1259 1055 487 1259 1055 1055 1259 1259 710 1055 1122 3130 1122 1055 1055 487 487
1400 1400 1122 1122 2799 710 1122 2799 3130 2799 3130 2799 3130 2799 3130 2799 1400 3130 1400 1400
4397 4397 4397 4397 4397 4397 4397 742 742 742 742 742 742 742 742 742 742 742 742 742
1055 1055 710 1259 1055 710 1400 1122 2799 2799 2799 1122 2799 2799 2799 3130 2799 2799 3130 3130
1259 1055 1055 1055 2768 1055 710 1122 710 3130 2768 3130 1055 1055 1055 1055 2799 1259 2799 2799
776 1055 1259 1055 1055 2768 1259 776 1055 1259 1259 1055 1055 2768 1055 710 1122 3130 3130 2768
1055 1055 1055 1055 1055 1122 1055 1055 1400 1122 2799 2799 2799 1122 2799 2799 2799 3130 2799 2799
1122 710 1400 1122 2799 1400 1122 2799 2799 1122 2799 1122 2799 1122 1122 1122 1122 1122 1055 487
1055 1259 1259 776 1259 776 710 710 1055 1259 1055 710 2768 1259 1259 1259 1055 1055 1055 710
1122 1400 1122 1122 1122 1055 1122 1122 1122 487 2799 1122 1055 487 487 710 1055 1122 1122 1055
2799 2799 1122 2799 2799 2799 1122 2799 2799 1122 1122 1122 2799 710 1400 1400 1122 1122 2799 1400
776 487 1055 1055 1055 776 776 1055 1055 776 1055 487 487 710 710 1055 776 2768 776 776
742 742 742 742 742 742 742 487 487 710 710 1055 2768 1055 2799 1122 710 1259 3130 710
4397 4397 4397 4397 487 487 4397 4397 4397 4397 4397 742 742 742 742 742 742 742 742 742
1055 1055 1259 1259 1055 1055 710 1259 1055 1259 776 776 1259 1259 776 776 1259 776 2768 1055
1259 1055 1055 2768 1055 2799 1122 710 1259 1122 710 1055 1055 1055 1055 2799 1259 1055 2799 1400
710 1259 487 776 1259 1259 776 776 1259 1259 776 776 2768 776 1055 1055 1055 1055 1259 776
1055 710 1055 1259 1259 1055 1055 1055 2768 1055 710 2768 710 1259 2768 1122 1055 1055 1055 1055
2799 1400 1122 2799 487 1122 1122 710 1122 1122 1122 1122 1122 1055 776 2768 776 776 2768 1259
1055 1055 1055 1055 1055 776 1055 1055 1055 1055 1055 1055 1055 487 1055 1259 1055 1055 1259 1055
3130 1122 1122 1122 1055 1055 1055 1055 2799 1122 1055 2799 1400 1122 2799 2799 2799 1122 2799 2799
1122 2799 710 1400 1400 1122 1122 1400 1122 1122 710 1122 1122 1122 3130 1122 1122 1055 710 1055
2799 2799 1122 1122 1122 2799 710 1400 1400 1122 1122 1400 1400 1400 1122 1122 2799 2799 710 1122
1400 1122 1122 1400 1122 1122 710 1122 1122 1122 1122 1122 1122 1055 710 1055 1122 1122 1055 1055
4397 487 487 4397 4397 4397 4397 487 4397 4397 742 742 742 742 742 742 742 742 742 742
1122 2799 2799 2799 3130 2799 2799 3130 3130 2799 3130 710 1400 1400 3130 3130 2799 1400 1400 1400
1400 1122 2799 1400 1122 1122 1122 710 1122 1122 1122 710 3130 1055 1055 710 1055 1259 1122 1055
4397 742 742 742 742 742 742 742 742 742 742 742 742 742 742 742 742 4397 4397 4397
3130 1259 710 1055 1055 1055 1055 710 1122 1055 710 2799 1122 2799 2799 2799 487 487 1122 2799
1400 1400 1400 3130 3130 1400 1400 1400 3130 3130 2799 710 3130 2799 3130 2799 3130 2799 3130 2799
4397 4397 4397 4397 4397 487 487 487 4397 4397 4397 4397 4397 4397 742 742 742 742 742 742
2799 1400 1400 1400 3130 1122 2799 710 3130 2799 3130 2799 3130 2799 3130 2799 3130 2799 1400 3130
2768 710 1259 1055 487 487 710 1055 1259 1259 1055 1055 487 710 710 776 2768 776 776 1259
1055 1259 776 1055 2768 2768 2768 2768 1259 776 776 1259 1055 2768 776 1055 1259 1055 1055 2768
1122 2799 1122 2799 1400 1122 1400 1122 710 1400 1122 2799 1400 1122 2799 1400 1122 2799 1122 2799
2799 2799 2799 1122 2799 2799 1122 2799 710 1122 1122 1400 1400 1122 1122 2799 2799 2799 1122 1122
1055 2768 1055 710 1122 710 1122 1259 1122 1055 1055 1055 1055 710 1259 1055 710 1400 1122 2799
742 742 742 742 487 487 710 710 1055 2768 1055 710 1122 1122 1122 1122 1122 1055 1055 1055
487 487 710 710 1055 2768 1055 710 1122 3130 3130 1122 3130 1055 1055 1055 1055 2799 1259 1055
4397 4397 4397 4397 487 487 487 487 4397 4397 4397 4397 4397 742 742 742 742 742 742 742
1259 1055 1055 710 1259 776 1259 776 1055 1259 1259 776 776 1259 776 1055 1259 776 1055 1259
1122 1122 1400 1122 1122 710 1122 1122 1122 1122 1122 1122 1055 710 1055 1122 1122 1055 1055 2799
2799 2799 2799 1122 3130 2799 2799 2799 2799 2799 1122 2799 2799 3130 3130 3130 3130 1400 2799 2799
1122 1400 1400 1122 1122 2799 1400 1400 1122 1122 2799 2799 1122 2799 1122 2799 1400 1400 1122 1122
487 487 4397 4397 4397 4397 4397 4397 742 742 742 742 742 742 742 742 742 742 742 742
776 776 776 1055 1055 1055 776 1055 776 487 776 776 487 487 487 1055 1259 487 4397 742
742 742 742 742 742 742 742 742 742 742 487 487 710 710 1055 2768 1055 2799 1122 710
2799 2799 2799 1122 2799 2799 2799 3130 2799 2799 3130 1122 2799 3130 710 1400 1400 3130 1122 1400
487 1055 1055 1259 1259 1055 1055 710 710 776 1259 776 776 1259 1259 776 776 2768 776 776
2799 2799 3130 3130 2799 3130 710 1400 1400 3130 3130 1400 1400 1400 3130 3130 2799 2799 2799 3130
1122 2799 710 1122 2799 1122 2799 1122 2799 1122 2799 1122 2799 1400 3130 1400 1400 3130 710 1400
3130 2799 3130 710 2799 3130 2799 710 1400 1400 1400 1400 3130 710 3130 3130 3130 1122 1055 487
1055 776 1055 487 1055 1055 776 1055 1055 1055 487 487 776 1055 1259 1055 776 776 487 776
1122 710 1259 1055 487 487 1055 1055 1055 1259 1055 1055 710 1055 3130 1122 1055 1055 4397 487
3130 2799 1400 3130 1122 710 1400 3130 2799 1400 1400 3130 1400 1400 3130 3130 710 3130 3130 3130
3130 710 1055 1055 1055 1055 710 1122 2799 710 1400 1122 2799 2799 2799 1122 3130 2799 2799 2799
2799 3130 3130 2799 2799 1400 1400 1400 1400 3130 710 1400 3130 2799 2799 3130 2799 3130 2799 1400
1400 1122 2799 2799 2799 1122 2799 2799 2799 3130 2799 2799 3130 3130 2799 710 3130 1400 1400 1400
2799 710 1400 1400 3130 3130 2799 1400 3130 3130 710 3130 3130 3130 3130 2799 1400 2799 1400 3130
3130 2799 1400 3130 710 1400 3130 2799 1400 1400 3130 1400 3130 2799 1400 3130 710 3130 3130 3130
1259 710 1055 1055 1055 1055 710 1259 1055 710 1400 1122 2799 2799 2799 1122 2799 2799 2799 1122
2768 1055 2799 1122 3130 3130 1122 1122 1055 1055 1055 1055 2799 1122 2799 2799 1400 1122 2799 2799
1400 1122 1400 1122 2799 2799 1122 4397 1122 1122 1122 1122 1122 1055 487 487 487 487 487 487
2768 1055 1055 487 776 487 1055 1055 1055 1055 1055 1259 1055 776 1055 487 487 710 710 1055
1122 1122 2799 2799 710 1122 2799 1122 2799 1122 2799 1122 2799 1122 2799 1400 1122 1122 2799 1400
2799 1122 2799 2799 2799 3130 2799 2799 3130 3130 2799 1122 710 1400 1400 3130 3130 2799 1400 1400
2799 2799 1122 2799 2799 3130 3130 3130 2799 710 2799 1400 3130 3130 1400 1400 1400 3130 3130 2799
3130 2799 3130 2799 3130 2799 3130 2799 1400 3130 710 1400 1400 3130 1400 3130 3130 3130 2799 3130
1400 1400 1122 710 1122 1122 1122 1122 1055 487 487 710 1055 1122 1122 1055 1055 1122 1055 710
1400 2799 2799 1122 1259 776 776 1122 2799 2799 2799 3130 2799 2799 1122 776 3130 2799 1122 710
776 1259 1259 776 776 1259 1055 1055 2768 1055 710 1122 3130 1122 1122 1122 1055 1055 1055 1055
2799 1122 2799 2799 2799 1122 2799 2799 1122 1122 1122 2799 710 1400 1400 1122 1122 2799 1400 1400
1122 1122 2799 710 1122 2799 1122 2799 1122 2799 1122 2799 3130 2799 1400 3130 1400 1400 3130 2799
487 487 4397 4397 4397 4397 4397 4397 742 742 742 742 742 742 742 742 742 742 742 742
2799 3130 1122 1122 2799 710 1400 1400 3130 3130 1400 3130 3130 710 3130 3130 3130 3130 1122 1122
1259 487 487 487 487 1055 2768 1055 4397 2768 710 1259 4397 1055 1055 1055 487 487 3130 1055
1122 2799 710 2799 1122 2799 2799 2799 1122 2799 2799 2799 3130 2799 2799 3130 3130 2799 742 3130
1055 1259 1122 1122 1055 1055 1055 1055 2768 1055 710 2768 710 1259 1259 1259 1055 1055 1055 1055
1122 1122 710 1122 1122 3130 1122 1055 487 487 487 710 1055 1122 1122 1122 1122 1055 1055 2799
1400 1400 1400 1122 3130 2799 2799 3130 2799 3130 2799 3130 2799 3130 2799 3130 2799 3130 2799 1400
2799 1400 1122 1400 1400 1122 2799 1400 1122 2799 1122 1122 3130 3130 2799 3130 1122 3130 1122 1055
1122 2799 710 1122 1122 1400 1400 3130 1122 2799 3130 1122 710 3130 3130 3130 1122 1400 1122 1055
1055 1055 1055 1259 1259 710 2768 1259 2768 2768 1259 1259 1055 710 1055 1259 1259 1055 1055 1055
742 742 742 742 742 742 742 742 487 487 710 710 1055 2768 1055 2799 1122 710 1259 1259
1259 1259 1055 776 2768 776 776 1259 1055 1055 2768 1259 776 1055 1259 1055 1055 2768 1055 2799
742 742 742 742 742 742 742 742 742 742 487 487 710 710 1055 2768 1055 2799 1122 3130
710 1400 1400 1122 1122 2799 1400 1400 1122 1122 2799 2799 710 1122 2799 1122 2799 1122 2799 1122
710 1122 2799 1122 2799 1400 3130 2799 3130 3130 2799 1400 1400 3130 3130 3130 2799 710 1400 3130
2799 2799 1400 1122 2799 2799 2799 1122 2799 2799 2799 1122 2799 2799 1122 1122 1122 2799 710 2799
1122 2799 1122 2799 1400 1122 1122 710 1122 1122 1400 1122 710 2799 3130 2799 1122 3130 1122 1055
742 742 742 742 742 742 742 487 487 4397 4397 4397 487 4397 487 4397 487 487 4397 4397
3130 2799 3130 2799 3130 2799 1400 3130 3130 2799 1400 3130 2799 1400 1400 3130 1400 1400 3130 3130
776 776 1259 1259 776 776 2768 776 776 1259 776 776 1259 1259 776 776 1259 1055 1055 2768
1400 1122 1122 2799 2799 710 1122 2799 3130 2799 3130 2799 3130 2799 3130 2799 1400 1400 3130 1122
742 742 742 742 487 487 710 710 1055 2768 1055 1055 2768 710 1259 1122 3130 1055 1055 1055
1400 1122 1122 710 1122 1122 1400 1122 710 2799 1122 710 1122 1122 1122 1055 487 487 1122 776
2799 1400 1400 1400 1122 1122 2799 710 1400 1122 1400 1122 1122 2799 1122 2799 1122 2799 1400 1122
710 1400 1122 2799 2799 2799 1122 2799 2799 2799 3130 2799 2799 3130 3130 3130 2799 710 1400 1400
776 1259 776 776 1259 1259 776 776 2768 776 776 1259 776 776 2768 1259 776 776 1259 1055
4397 4397 4397 4397 4397 4397 4397 742 742 742 742 742 742 742 742 742 742 742 742 742
4397 4397 487 4397 487 4397 4397 4397 4397 4397 4397 742 742 742 742 742 742 742 742 742
2799 1400 3130 1400 3130 2799 3130 2799 3130 3130 710 3130 3130 3130 3130 710 2799 2799 1400 1400
