2017 141 2033 2603 2603 2033 3314 2032 2017 2819 2958 2032 2017 112 112 112 913 903 903 3412
141 2033 2603 2603 2033 3314 3280 1189 559 559 559 913 913 913 2032 2017 141 2033 3314 2603
913 3412 1189 3412 3176 3176 3176 3176 3176 3903 112 2183 4012 1243 2136 112 112 2183 4012 1243
4041 3915 4041 348 913 252 252 3915 913 4041 4041 913 2183 1883 252 252 1883 1883 2136 2136
559 559 348 348 1189 3280 2032 4904 141 2033 2603 2603 2033 3314 3280 1189 559 559 559 913
913 913 2032 2017 141 2033 3314 2603 2033 3314 2032 2017 2819 2958 2032 2017 112 112 112 913
913 252 252 3915 913 4041 4041 913 2183 1883 252 252 1883 1883 2136 2136 2136 4012 1078 3412
2032 4904 141 2033 3314 2603 2033 2603 3280 1189 559 559 559 559 559 913 913 913 2032 4904
2033 3314 3280 1189 559 559 559 913 913 913 2032 2017 141 2033 2603 2603 2033 3314 2032 2017
348 1189 3280 2032 2017 141 2033 2603 2603 2033 2603 3280 1189 903 559 559 913 913 913 913
2032 4904 141 2033 3314 2603 4041 4041 2603 2032 2017 2819 2958 2032 2017 112 112 112 913 903
4012 2447 2447 1243 1078 2136 4012 1078 4445 4466 913 913 4445 4466 1206 1206 1206 1206 1206 3903
559 559 913 913 1189 3280 2032 4904 141 2033 3314 2603 2033 3314 2032 2017 2819 2958 2032 2017
3176 3176 3176 3176 3903 112 2183 4012 1243 2136 112 2183 4012 112 1243 1078 2136 4012 2136 903
2447 1243 1078 2136 4012 2136 4445 4466 913 4445 4466 1206 3176 1206 1206 1206 3903 1811 2183 4012
913 4445 4466 1206 1206 1206 1206 1206 3903 1811 1811 2183 4012 1883 2136 1811 1811 2183 4012 2447
141 2033 3314 2603 2033 3314 3280 1189 559 559 559 913 913 913 2032 2017 141 2033 3314 2603
2136 2447 2447 2183 4012 2447 2447 1243 1078 2136 4012 1078 4445 4466 913 913 4445 4466 1206 1206
4012 2447 1243 1078 2136 4012 2136 4445 4466 913 4445 4466 1206 3176 1206 1206 1206 3903 1811 2183
2032 2017 141 2033 3314 2603 2033 3314 3280 1189 559 559 559 913 913 2032 4904 141 2033 3314
2017 2819 2958 2032 2017 112 112 112 903 903 913 3412 1189 3412 3176 3176 3176 3176 3176 3903
2447 1243 1078 2136 4012 1078 4445 4466 913 913 4445 4466 1206 1206 1206 1206 1206 3903 1811 1811
3322 3322 3322 1189 4041 3915 4041 348 913 3915 913 4041 4041 913 3322 3322 3322 3322 3322 3322
2017 2819 2958 2032 2017 112 112 112 913 903 903 3412 1189 3412 3176 3176 3176 3176 3176 3903
4329 4329 2033 4329 3280 1189 559 559 559 559 559 2758 2758 2758 2032 4904 141 2033 4329 4329
559 913 913 913 1189 3280 913 2032 4904 141 2033 2603 2603 2033 3314 2032 2017 2819 2958 2032
4012 2136 4445 3412 913 4445 4466 3176 3176 1206 1206 1206 3903 112 2183 4012 1883 2136 112 112
3176 3176 3176 3903 252 252 2183 4012 1883 2136 4041 3915 4041 348 913 252 252 3915 913 4041
559 559 913 913 913 2032 2017 141 2033 2603 2603 2033 3314 2032 2017 2819 2958 2032 2017 903
3322 3322 3322 3322 3322 3322 3412 3176 1206 1206 4041 3915 4041 348 913 3915 913 3176 4041 4041
913 2032 4904 141 2033 3314 2603 4041 2033 3314 2032 2017 2819 2032 2017 112 2958 112 112 903
2447 1243 1078 2136 4012 1078 4445 4466 913 913 4445 4466 1206 1206 1206 1206 1206 3903 1811 1811
2032 2017 141 2033 2603 2603 2033 3314 2032 2017 2819 2958 2032 2017 112 112 112 913 903 903
141 2033 3314 2603 2033 3314 2032 2017 2819 2958 2032 4904 112 112 112 913 903 903 3412 1189
559 913 913 913 2032 4904 141 2033 3314 2603 2033 2603 2032 2017 2819 2958 2032 4904 903 903
3322 3322 3322 3412 903 4100 4100 1206 4041 3915 4041 348 913 903 913 903 4041 4041 913 1883
1206 3903 2447 2183 4012 1243 2136 2447 2183 4012 2447 1243 1078 2136 4012 2136 4445 4466 913 4445
3176 3176 3903 112 2183 4012 1243 2136 112 2183 4012 112 1883 1078 2136 3314 1078 903 3412 913
2603 2033 3314 2032 2017 2819 2958 2032 2017 112 112 112 913 903 903 3412 1189 3412 3176 3176
3280 1189 1189 559 559 913 913 913 2032 4904 141 2033 3314 2603 4041 4041 2603 2032 2017 2819
4041 913 4041 913 3915 913 4041 2183 913 913 4445 4041 3915 4041 348 913 559 913 4041 4041
2033 3314 2032 2017 2819 2958 2032 2017 112 112 112 913 903 903 3412 3280 1189 1189 3412 3176
2033 3314 2603 2033 2183 3314 2032 2017 2819 2032 2017 112 2958 112 112 903 903 3412 913 1189
2032 2017 141 2033 3314 2603 2033 3314 3280 1189 559 559 559 913 913 2032 4904 141 2033 3314
3280 3322 3322 3322 3322 3322 3322 3322 3322 3322 3322 1189 4041 3915 4041 348 913 3915 913 4041
2958 2032 2017 112 112 112 913 903 903 3412 1189 3412 3176 3176 3176 3176 3176 3903 112 2183
1189 1189 2819 2819 559 559 559 559 559 913 913 913 913 1189 3280 2032 4904 141 2033 3314
348 348 348 348 1189 3280 1189 2032 4904 141 2033 3314 3314 2033 3314 3280 1189 1189 2819 2819
2032 2017 2819 2958 2032 2017 112 112 112 903 903 913 3412 1189 3412 3280 1189 913 913 903
348 913 3915 913 903 4041 4041 913 3176 3903 2447 2447 2183 4012 1243 2136 2447 112 2183 4012
2032 4904 141 2033 4329 4329 2033 4329 3280 1189 559 559 559 559 559 2758 2758 2758 2032 4904
913 2032 4904 141 2033 3314 2603 2033 3314 2032 2017 2819 2958 2032 4904 112 112 112 913 903
913 252 252 3915 913 4041 4041 913 2183 1883 252 252 1883 1883 2136 2136 2136 4012 1078 3412
903 903 3412 1189 3412 3176 3176 3176 3176 3176 3903 112 2183 4012 1243 2136 112 112 2183 4012
3176 3176 3903 252 252 2183 4012 1883 2136 4041 3915 4041 348 913 252 252 3915 913 4041 4041
4904 141 2033 2603 2603 2033 2603 2032 2017 2819 2958 2032 2017 112 112 112 903 903 913 3412
903 4445 913 3412 3412 903 1206 1206 3176 1206 3903 2447 2183 4012 1883 2136 2447 112 2183 4012
1243 2136 2447 2447 2183 4012 2447 2447 1243 1078 2136 4012 1078 4445 4466 913 913 4445 4466 1206
913 3915 913 4041 4041 913 348 2603 4041 348 913 3915 913 4041 4041 913 903 3322 3322 3322
3176 3176 3176 3176 3903 2447 2183 4012 1243 2136 2447 2447 2183 4012 1243 1078 2136 4012 2136 4445
2183 4012 2447 2447 1243 1078 2136 4012 1078 4445 4466 913 913 4445 4466 1206 1206 1206 1206 1206
4041 2183 913 903 3322 3322 3322 3322 3322 3322 3322 3322 3322 3412 3176 1206 1206 1206 4041 3915
2603 2033 2033 2603 2032 2017 2819 2032 2017 112 2958 112 112 913 252 903 3412 3280 1189 1189
2603 2033 3314 3280 1189 559 559 559 913 913 913 2032 2017 141 2033 3314 2603 2183 2033 2603
903 3176 3176 3176 3176 3903 2447 2183 4012 1243 2136 2447 2447 2183 4012 1243 1078 2136 4012 2136
4041 4041 913 903 3322 3322 3322 3322 3322 3322 3322 3322 903 3412 3176 3176 3176 3176 3176 3903
2603 2603 2033 2603 3280 1189 559 559 559 913 913 913 2032 2017 141 2033 2603 2603 2033 3314
3322 1189 2033 141 4041 348 913 3915 913 4041 4041 913 903 3322 3322 3322 3322 3322 3322 3322
559 348 348 1189 3280 2032 2017 141 2033 3314 2603 2033 2183 2603 3280 1189 559 559 559 913
2603 2032 2017 2819 2958 2032 2017 112 112 112 903 903 913 3412 1189 3412 3280 1189 913 913
1189 1189 3280 3322 3322 3322 3322 3322 3322 3322 3322 3322 3322 1189 4041 3915 4041 348 913 3915
2032 2017 112 112 112 903 903 913 3412 1189 3412 3176 3176 3176 3176 3176 3903 112 2183 4012
2183 4012 1243 2136 2447 2183 4012 2447 1243 1078 2136 4012 2136 4445 4466 913 4445 4466 1206 3176
3903 112 2183 4012 1243 2136 112 2183 4012 112 1883 1078 2136 2603 1078 903 3412 913 903 913
559 559 559 913 913 913 2032 4904 141 2033 2603 2603 2033 2603 2032 2017 2819 2958 2032 2017
3314 2603 2033 2183 2603 2032 2017 2819 2958 2032 2017 112 112 112 913 903 903 3412 3412 3176
3412 3176 3176 3176 3176 3176 3903 112 2183 4012 1243 2136 112 2183 4012 112 1883 1078 2136 4012
2033 3314 3280 1189 1189 559 559 913 913 913 2032 2017 141 2033 2603 2603 2033 3314 2032 2017
3280 1189 1189 903 559 559 913 913 1189 3280 2032 4904 141 2033 3314 2603 2033 3314 2032 2017
3412 3176 3176 903 1206 1206 3903 2447 2183 4012 1243 2136 2447 2183 4012 2447 1243 1078 2136 4012
1883 2136 4041 3915 4041 348 913 252 252 3915 913 4041 4041 913 2183 1883 252 252 1883 1883
2033 3314 2032 2017 2819 2958 2032 4904 112 112 112 913 903 903 3412 1189 3412 3176 3176 3176
2017 2819 2958 2032 2017 112 112 112 913 903 903 3412 1189 3412 3176 3176 3176 3176 3176 3903
2603 2033 3314 2032 2017 2819 2958 2032 2017 112 112 112 112 112 112 913 903 903 3412 1189
913 2032 2017 141 2033 2603 2603 2033 3314 2032 2017 2819 2958 2032 2017 112 112 112 913 903
2819 2819 559 559 559 559 559 913 913 913 1189 3280 913 2032 4904 141 2033 2603 2603 2033
3176 3176 3903 112 2183 4012 1243 2136 112 112 2183 4012 1243 2183 2136 4012 1078 913 903 3412
3915 559 559 348 348 1189 3280 2032 4904 141 2033 3314 2603 2033 3314 3280 1189 559 559 559
4904 141 2033 2603 2603 2033 3314 3280 1189 559 903 559 559 913 913 1189 3280 2032 4904 141
2183 2033 2603 2032 2017 2819 2958 2032 2017 112 112 112 903 903 913 3412 1189 3412 3280 1189
4012 1243 2136 112 2183 4012 1243 112 1078 2136 4012 2136 903 3412 913 903 3412 3176 3176 4100
2183 4012 1243 2136 2447 2183 4012 2447 1243 1078 2136 4012 2136 4445 4466 913 4445 4466 1206 3176
1189 1189 3280 3322 3322 3322 3322 3322 3322 3322 3322 903 3322 1189 2033 2603 4041 348 913 348
2819 2958 2032 2017 112 112 112 913 903 903 3412 3280 1189 3915 903 1189 3412 3176 3176 3176
903 4445 3412 1189 3412 3176 3176 3176 3176 3176 3903 2447 2183 4012 1243 2136 2447 112 2183 4012
3314 2032 2017 2819 2958 2032 2017 112 112 112 913 903 903 3412 1189 3412 3176 3176 3176 4100
141 2033 3314 3314 2033 3314 3280 1189 1189 2819 2819 559 559 559 559 559 913 913 913 1189
903 903 3322 903 348 2603 4041 4041 348 913 913 3915 913 4041 348 2603 348 2603 4041 348
903 903 903 903 903 903 903 903 3280 4041 3903 4041 348 913 3915 913 4041 4041 913 903
2017 141 2033 2603 2603 2033 3314 3280 1189 559 559 559 913 913 913 2032 2017 141 2033 3314
903 903 3412 1189 3280 3280 3322 3322 3322 3322 3322 3322 3322 3322 3322 3322 1189 2033 2603 4041
2603 2033 2603 3280 1189 1189 559 559 913 913 913 2032 4904 141 2033 3314 2603 2033 3314 2032
4904 141 2033 2603 2603 2033 3314 3280 1189 559 559 559 913 913 913 2032 4904 141 2033 3314
2017 112 112 112 913 903 903 3412 3280 1189 1189 3412 3176 3176 3176 3176 3176 3903 112 2183
1078 2136 4012 2136 4445 4466 913 4445 4466 1206 3176 1206 1206 1206 3903 1811 2183 4012 1883 2136
1189 2819 2819 559 559 559 559 559 913 913 913 1189 3280 913 2032 4904 141 2033 2603 2603
2447 1243 1078 2136 4012 1078 4445 4466 913 913 4445 4466 1206 1206 1206 1206 1206 3903 1811 1811
2447 2447 2183 4012 1243 2136 2447 2447 2183 4012 2447 2447 1243 1078 2136 4012 1078 4445 4466 913
913 3412 4466 903 4100 903 3176 1206 3903 2447 2183 4012 1883 2136 2447 2447 2183 4012 1243 1078
1206 3903 2447 2183 4012 1243 2136 2447 2183 1243 2447 1243 1883 2136 2136 2136 4012 1078 4466 1189
2033 2603 2603 2033 3314 2032 2017 2819 2958 2032 2017 112 112 112 913 903 903 3412 1189 3412
903 559 559 913 913 913 2032 4904 141 2033 3314 2603 4041 4041 2603 2032 2017 2819 2958 2032
913 903 903 3412 3280 1189 2183 903 1189 3412 3176 3176 3176 3176 3176 3903 112 2183 4012 1883
3314 2603 2183 2033 2603 2032 2017 2819 2958 2032 2017 112 112 112 913 903 903 3412 3280 1189
348 348 1189 3280 2032 4904 141 2033 2603 2603 2033 2603 3280 1189 559 559 559 913 913 913
3176 3176 3176 3176 3176 3903 2447 2183 4012 1243 2136 2447 2447 2183 4012 1243 1078 2136 4012 2136
141 2033 2603 2603 2033 3314 2032 2017 2819 2958 2032 2017 112 112 112 112 112 112 913 903
3280 1189 559 559 559 913 913 913 2032 2017 141 2033 3314 2603 2033 2033 2603 2032 2017 2819
2136 4012 1078 3412 1189 913 903 3412 3280 1189 559 559 903 913 3412 903 3176 3176 3176 3176
2033 3314 2032 2017 2819 2958 2032 2017 112 112 112 913 903 903 3412 1189 3412 3176 3176 3176
4466 913 913 4445 4466 1206 1206 1206 1206 1206 3903 1811 1811 2183 2603 1883 2136 1811 2447 1811
4041 3915 4041 348 913 252 252 3915 913 4041 4041 913 2183 1883 252 252 1883 1883 2136 2136
4445 3412 913 4445 4466 903 3176 1206 1206 1206 3903 112 2183 4012 1883 2136 112 112 2183 4012
559 559 348 348 348 348 1189 3280 1189 2032 4904 141 2033 3314 3314 2033 3314 3280 1189 1189
2603 2033 3314 3280 1189 559 559 559 913 913 2032 4904 141 2033 3314 2603 2033 2603 2032 2017
2032 4904 141 2033 3314 2603 2033 3314 2032 2017 2819 2958 2032 2017 112 112 112 1189 903 903
3280 2032 2017 141 2033 2603 2603 2033 3314 3280 1189 559 559 559 913 913 913 2032 2017 141
1189 3280 2032 2017 141 2033 2603 2603 2033 2603 3280 1189 903 559 559 913 913 913 2032 2017
3314 3314 2033 3314 3280 1189 1189 2819 2819 559 559 559 559 559 913 913 913 1189 3280 913
348 913 4041 2183 913 903 3322 3322 3322 3322 3322 3322 3322 3322 3322 3412 3176 1206 4100 4100
903 3176 3176 1206 1206 3903 2447 2183 4012 1243 2136 2447 2183 4012 2447 1243 1078 2136 4012 2136
2136 4012 2136 4445 4466 913 4445 4466 1206 3176 1206 1206 1206 3903 1811 2183 4012 1883 2136 1811
4466 913 913 4445 4466 1206 1206 1206 1206 1206 3903 1811 1811 2183 4012 1883 2136 1811 1811 2183
903 903 3412 3280 3280 3280 903 3280 3322 3322 3322 3322 3322 3322 3322 3322 3322 2033 913 4041
1189 3280 3176 3322 3322 3322 3322 3322 3322 3322 903 3322 1189 2033 2603 4041 348 913 348 913
112 1189 903 4445 913 3412 3412 3176 1206 1206 3176 1206 3903 112 2183 4012 1883 2136 2447 112
3176 3176 3176 3903 112 2183 4012 1243 2136 112 112 2183 4012 1243 1078 2136 4012 2136 903 3412
3176 3903 112 2183 4012 1243 2136 112 2183 4012 112 1243 1078 2136 4012 2136 903 3412 3280 1189
2032 4904 141 2033 3314 2603 2033 3314 2032 2017 2819 2958 2032 4904 112 112 112 913 903 903
2033 3314 3314 2033 2033 2603 2032 2017 2819 2032 2017 112 112 112 112 2958 112 112 903 903
348 1189 3280 2032 2017 141 2033 2603 2603 2033 2603 3280 1189 903 559 559 913 913 913 2032
2183 913 903 3322 3322 3322 3322 3322 3322 3322 3322 3322 3412 3176 4100 1206 1206 4041 3915 4041
1189 3280 2032 2017 141 2033 2603 2603 2033 2603 3280 1189 903 559 559 913 913 913 913 2032
903 4445 3412 1189 3412 3176 3176 3176 3176 3176 3903 2447 2183 4012 1243 2136 2447 112 2183 4012
4012 2136 4445 4466 913 4445 4466 1206 3176 1206 1206 1206 3903 1811 2183 2603 1883 2136 1811 1811
2017 2819 2958 2032 4904 112 112 112 913 903 903 3412 1189 3412 3176 3176 3176 3176 3176 3903
2033 3314 3280 1189 1189 2819 2819 559 559 559 559 559 913 913 913 913 1189 3280 2032 4904
3176 3903 112 2183 4012 1243 2136 112 2183 4012 112 1883 1078 2136 3314 1078 903 3412 913 903
559 559 559 913 913 913 913 1189 3280 2032 4904 141 2033 3314 3314 2033 2033 2603 2032 2017
2033 2603 2603 2033 3314 3280 1189 559 559 559 913 913 913 2032 2017 141 2033 3314 2603 2033
3176 3176 3176 3903 2447 2183 4012 1243 2136 2447 2447 2183 4012 1243 1078 2136 4012 2136 4445 3412
3280 2032 2017 141 2033 2603 2603 2033 2603 3280 1189 903 559 559 913 913 913 2032 2017 141
913 903 903 3412 1189 3280 3280 3176 903 903 903 903 903 903 903 903 903 3280 2033 3903
3280 3280 903 3280 3322 903 903 3322 3322 3322 3322 3322 903 2033 141 4041 4041 348 913 913
2032 4904 141 2033 3314 2603 2033 2603 2032 2017 2819 2958 2032 4904 903 903 112 903 112 112
559 559 348 348 348 348 1189 3280 1189 2032 2017 141 2033 3314 3314 2033 3314 3280 1189 1189
559 559 348 348 348 348 1189 3280 1189 2032 4904 141 2033 3314 3314 2033 3314 3280 1189 559
3176 3176 3903 112 2183 4012 1243 2136 112 112 2183 4012 1243 1078 2136 4012 2136 903 3412 3280
913 913 1189 3280 2032 4904 141 2033 2603 2603 2033 2033 2603 2032 2017 2819 2958 2032 2017 112
559 913 913 913 2032 4904 141 2033 3314 2603 4041 4041 2603 2032 2017 2819 2958 2032 2017 112
3176 3176 3176 3176 3903 2447 2183 4012 1243 2136 2447 2447 2183 4012 1243 1078 2136 4012 2136 4445
2136 112 2183 4012 1243 112 1078 2136 4012 2136 4445 3412 913 4445 3412 3176 3176 1206 1206 1206
913 903 903 3412 1189 3412 3176 3176 903 1206 1206 3903 2447 2183 4012 1883 2136 2447 2183 4012
2819 2958 2032 4904 112 112 112 913 903 903 3412 1189 3412 3176 3176 3176 3176 3176 3903 112
903 3322 3322 3322 3322 3322 3322 3322 3322 3322 4041 3915 4041 348 913 4041 3915 3915 913 4041
2032 2017 141 2033 2603 2603 2033 2603 3280 1189 903 559 559 913 913 913 2032 4904 141 2033
2136 2447 2447 2183 4012 2447 2447 1243 1078 2136 4012 1078 4445 4466 913 913 4445 4466 1206 1206
903 3412 1189 3412 3176 3176 3176 3176 3176 3903 112 2183 4012 1883 2136 112 112 2183 4012 1243
2603 2032 2017 2819 2958 2032 4904 903 903 112 903 112 903 913 903 903 3412 1189 1189 3280
913 903 903 3412 1189 3412 3176 3176 3176 3176 3176 3903 2447 2183 4012 1243 2136 2447 112 2183
2183 2603 2032 2017 2819 2958 2032 2017 112 112 112 913 903 903 3412 3412 3176 1206 1206 4100
2033 3314 2032 2017 2819 2958 2032 2017 112 112 112 1189 903 903 913 3412 3412 3176 4100 4100
4904 141 2033 3314 2603 2033 2603 2032 2017 2819 2958 2032 4904 112 112 112 913 903 903 3412
3280 1189 559 559 559 559 559 913 913 913 2032 4904 141 2033 3314 2603 2033 2603 2032 2017
559 559 348 348 1189 3280 2032 2017 141 2033 3314 2603 2033 3314 3280 1189 559 559 559 913
1883 1883 2136 2136 2136 4012 1078 3412 1189 913 903 3412 3280 1189 559 559 903 913 3412 903
559 559 348 348 1189 3280 2032 4904 141 2033 2603 2603 2033 3314 3280 1189 559 559 559 913
2603 2033 2603 3280 1189 559 559 559 913 913 913 2032 4904 141 2033 3314 2603 2183 2183 2603
903 4445 913 3412 3412 903 1206 1206 3176 1206 3903 2447 2183 4012 1883 2136 2447 112 2183 4012
4466 1206 3176 1206 1206 1206 3903 1811 2183 3314 1883 2136 1811 1811 2183 4012 1243 2183 2136 4012
252 252 2183 4012 1883 2136 4041 3915 4041 348 913 252 252 3915 913 4041 4041 913 2183 1883
3176 3176 3176 3176 3903 112 2183 4012 1243 2136 112 112 2183 4012 1243 2183 2136 4012 1078 913
1189 3412 3176 3176 3176 3176 3176 3903 112 2183 4012 1243 2136 112 112 2183 4012 1243 1078 2136
3322 3322 3322 3322 3412 903 1206 1206 1206 4041 3915 4041 348 913 903 913 903 4041 4041 913
3176 3176 3176 3903 112 2183 4012 1243 2136 112 112 2183 4012 1243 1078 2136 4012 1078 903 3412
559 559 913 913 913 1189 3280 913 2032 4904 141 2033 2603 2603 2033 3314 2032 2017 2819 2958
2033 3314 2603 2033 3314 3280 1189 559 559 559 913 913 913 2032 4904 141 2033 3314 2603 2033
2603 2033 3314 2032 2017 2819 2958 2032 4904 112 112 112 913 903 903 3412 1189 3412 3176 3176
2017 2819 2032 2017 112 2958 112 112 913 252 903 3412 3280 1189 1189 3412 3176 3176 3176 4100
913 913 1189 3280 2032 4904 141 2033 3314 3314 2033 2033 2603 2032 2017 2819 2032 2017 112 112
559 559 559 559 559 913 913 913 2032 4904 141 2033 3314 2603 2033 2603 2032 2017 2819 2958
559 913 913 913 2032 4904 141 2033 2603 2603 2033 2603 2032 2017 2819 2958 2032 2017 112 112
1189 903 559 559 913 913 913 913 1189 3280 2032 4904 141 2033 2603 2603 2033 2033 2603 2032
3176 3176 3903 112 2183 4012 1243 2136 112 112 2183 4012 1243 1078 2136 4012 2136 903 3412 3280
112 913 903 903 3412 3412 3176 1206 1206 1206 1206 3903 112 2183 4012 1243 2136 112 2183 4012
559 559 348 348 1189 3280 2032 2017 141 2033 2603 2603 2033 2603 3280 1189 559 559 559 913
559 559 559 913 913 913 2032 4904 141 2033 3314 2603 2033 3314 2032 2017 2819 2958 2032 4904
913 913 2032 2017 141 2033 3314 2603 2033 3314 2032 2017 2819 2958 2032 2017 112 112 112 913
913 913 913 2032 2017 141 2033 2603 2603 2033 3314 2032 2017 2819 2958 2032 2017 112 112 112
559 913 913 913 2032 4904 141 2033 2603 2603 2033 2603 2032 2017 2819 2958 2032 2017 112 112
559 348 348 348 348 1189 3280 1189 2032 4904 141 2033 3314 3314 2033 3314 3280 1189 1189 2819
2603 2033 2603 2032 2017 2819 2958 2032 2017 112 112 112 913 903 903 3412 1189 3412 3176 3176
2032 2017 2819 2958 2032 2017 112 112 112 112 112 112 913 903 903 3412 1189 1189 3280 3176
2183 4012 2447 1243 1078 2136 4012 2136 4445 4466 913 4445 4466 1206 3176 1206 1206 1206 3903 1811
913 903 903 3412 1189 3412 3176 3176 3176 3176 3176 3903 112 2183 4012 1243 2136 112 112 2183
3280 1189 559 559 559 559 559 913 913 913 2032 4904 141 2033 3314 2603 2033 2603 2032 2017
3915 913 4041 348 4041 913 4041 913 3915 913 4041 2183 913 913 4445 4041 3915 348 348 913
3176 3176 1206 4100 3903 112 2183 4012 1243 2136 112 112 2183 4012 1243 2183 2136 4012 2183 903
3176 3176 3176 3176 3176 3903 112 2183 4012 1243 2136 112 112 2183 4012 1243 1078 2136 4012 2136
348 348 348 348 1189 3280 1189 2032 4904 141 2033 3314 3314 2033 3314 3280 1189 1189 2819 2819
4012 2447 1243 1078 2136 4012 2136 4445 4466 913 4445 4466 1206 3176 1206 1206 1206 3903 1811 2183
2033 2603 3280 1189 559 559 559 559 559 913 913 913 2032 4904 141 2033 3314 2603 2033 2603
2603 2033 2183 2603 2032 2017 2819 2958 2032 2017 112 112 112 913 903 903 3412 3412 3176 4100
3280 2032 2017 141 2033 2603 2603 2033 3314 3280 1189 559 559 559 913 913 913 2032 2017 141
3280 2033 141 4041 348 913 3915 913 4041 4041 913 903 3322 3322 3322 3322 3322 3322 3322 3322
3280 3322 3322 3322 3322 3322 3322 3322 3322 3322 3322 1189 4041 3915 4041 348 913 3915 913 4041
3322 3322 3322 3322 3412 903 1206 1206 1206 4041 3915 4041 348 913 903 913 903 4041 4041 913
3412 3280 1189 913 903 1189 3412 3176 3176 3176 3176 3176 3903 112 2183 4012 1243 2136 112 2183
3322 3322 3322 3322 3322 3322 3322 3322 3412 3176 1206 1206 4100 4041 3915 4041 348 913 903 913
913 913 2032 4904 141 2033 2603 2603 2033 2603 2032 2017 2819 2958 2032 2017 112 112 112 903
348 1189 3280 2032 2017 141 2033 2603 2603 2033 2603 3280 1189 903 559 559 913 913 913 913
2958 2032 2017 112 112 112 913 903 903 3412 1189 3412 3176 3176 3176 1206 1206 3903 112 2183
1189 559 559 913 913 913 2032 4904 141 2033 3314 2603 2033 3314 2032 2017 2819 2958 2032 2017
1243 2136 2447 2447 2183 4012 2447 2447 1243 1078 2136 4012 1078 4445 4466 913 913 4445 4466 1206
3176 3176 3176 3176 3903 112 2183 4012 1243 2136 112 2183 4012 112 1243 1078 2136 4012 1078 903
2819 2017 112 2958 112 112 903 903 3412 913 1189 3412 3176 4100 3176 4100 1206 3903 112 2183
2603 2033 2603 2032 2017 2819 2958 2032 2017 112 112 112 913 903 903 3412 1189 3412 3176 3176
4904 141 2033 3314 2603 2033 2603 2032 2017 2819 2958 2032 2017 112 112 112 913 903 903 3412
2819 2958 2032 2017 112 112 112 913 903 903 3412 1189 3412 3176 3176 3176 3176 3176 3903 112
348 1189 3280 2032 4904 141 2033 2603 2603 2033 2603 3280 1189 559 559 559 913 913 913 913
3280 1189 559 559 559 913 913 2032 4904 141 2033 3314 2603 2033 2603 2032 2017 2819 2958 2032
559 559 348 348 1189 3280 2032 2017 141 2033 2603 2603 2033 2603 3280 1189 559 559 559 913
2033 3314 2603 2033 2183 2603 2032 2017 2819 2958 2032 2017 112 112 112 913 903 903 3412 3412
2819 2958 2032 2017 112 112 112 913 903 903 3412 1189 3412 3176 3176 3176 1206 1206 3903 112
3314 2603 2033 2603 2032 2017 2819 2958 2032 2017 112 112 112 913 903 903 3412 1189 3412 3176
1189 4466 3176 3176 3176 3176 3176 3903 2447 2183 4012 1243 2136 2447 2447 2183 4012 1243 1078 2136
3412 3176 3176 903 1206 1206 3903 2447 2183 4012 1243 2136 2447 2183 4012 2447 1243 1078 2136 4012
1243 2136 112 2183 4012 112 2819 2183 348 4012 2136 903 348 3280 1189 913 903 2032 4904 141
3280 1189 1189 559 559 913 913 913 913 1189 3280 2032 4904 141 2033 2603 2603 2033 2033 2603
913 913 2032 4904 141 2033 3314 2603 2033 3314 2032 2017 2819 2958 2032 2017 112 112 112 913
903 3322 903 348 2603 4041 4041 348 913 913 3915 913 4041 4041 2603 348 2603 4041 348 913
348 348 348 1189 3280 2032 2017 141 2033 3314 2603 2033 3314 3280 1189 559 559 559 913 913
3280 1189 1189 2819 2819 559 559 559 559 559 913 913 913 1189 3280 913 2032 4904 141 2033
3412 3176 3176 1206 3176 3176 3903 112 2183 4012 1243 2136 112 112 2183 4012 1243 1078 2136 4012
4445 4466 1206 1206 1206 1206 1206 3903 1811 1811 2183 4012 1883 2136 1811 1811 2183 4012 2447 2447
2032 4904 141 2033 4329 2603 2033 4329 3280 1189 559 559 559 913 2758 913 2032 4904 141 2033
2819 2819 2017 112 2958 112 112 913 252 903 3412 3280 1189 1189 3412 3176 3176 3176 1206 4100
2033 2603 2032 2017 2819 2032 2017 112 2958 112 112 913 252 903 3412 3280 1189 1189 3412 3176
1189 3280 2032 2017 141 2033 2603 2603 2033 2603 3280 1189 903 559 559 913 913 913 2032 4904
559 348 348 348 348 1189 3280 1189 2032 4904 141 2033 3314 3314 2033 3314 3280 1189 1189 2819
2033 3314 3280 1189 559 559 559 913 913 913 2032 4904 141 2033 3314 2603 2033 2033 2603 2032
348 1189 3280 2032 2017 141 2033 3314 2603 2033 3314 3280 1189 903 559 559 913 913 913 2032
1189 1189 3280 3322 3322 3322 3322 3322 3322 3322 3322 3322 3322 1189 4041 3915 4041 348 913 3915
3412 3280 3280 3280 903 3280 3322 3322 3322 3322 3322 3322 3322 3322 3322 2033 141 4041 4041 348
2603 2603 2033 3314 3280 1189 559 559 559 913 913 913 2032 2017 141 2033 2603 2603 2033 3314
903 903 3412 1189 3412 3176 3176 3176 3176 3176 3903 2447 2183 4012 1243 2136 2447 112 2183 4012
2033 2603 2032 2017 2819 2032 2017 112 2958 112 112 913 252 903 3412 3280 1189 1189 3412 3176
559 348 348 1189 3280 2032 2017 141 2033 3314 2603 2033 3314 3280 1189 559 559 559 913 913
1243 1078 2136 4012 2136 4445 4466 913 4445 4466 1206 3176 1206 1206 1206 3903 1811 2183 4012 1883
559 913 913 913 2032 2017 141 2033 3314 2603 4041 2033 2603 2032 2017 2819 2032 2017 112 2958
903 913 3412 1189 3412 3176 3176 3176 3176 3176 3903 112 2183 4012 1243 2136 112 112 2183 4012
903 3322 3322 3322 3322 3322 3322 3322 3322 3322 3412 3176 4100 4100 4100 4041 3915 4041 348 913
4904 141 2033 2603 2603 2033 3314 3280 1189 559 559 559 913 913 913 2032 4904 141 2033 3314
903 903 903 903 903 3322 903 4041 2603 4041 4041 348 913 913 3915 913 4041 4041 913 4041
4041 4041 913 903 3322 3322 3322 3322 3322 3322 3322 3322 903 3412 3176 3176 3176 3176 3176 3903
112 112 112 913 903 903 3412 1189 3412 3176 3176 1206 3176 3176 3903 112 2183 4012 1883 2136
4466 1206 1206 1206 1206 1206 3903 1811 1811 2183 4012 1883 2136 1811 1811 2183 4012 2447 2447 1883
4445 3412 913 4445 3412 903 3176 1206 1206 1206 3903 112 2183 4012 1883 2136 112 112 2183 4012
2819 2958 2032 2017 112 112 112 913 903 903 3412 3412 3176 4100 4100 1206 1206 3903 112 2183
903 903 903 903 3322 903 4041 2603 4041 4041 348 913 913 3915 913 4041 4041 913 4041 141
2447 2183 4012 2447 2447 1243 1078 2136 4012 1078 4445 4466 913 913 4445 4466 1206 1206 1206 1206
348 913 252 252 3915 913 4041 4041 913 2183 1883 252 252 1883 1883 2136 2136 2136 4012 1078
3314 3280 1189 559 559 559 913 913 2032 4904 141 2033 3314 2603 2033 2603 2032 2017 2819 2958
348 913 913 3915 913 4041 348 2603 348 2603 4041 348 913 348 913 4041 348 913 903 3322
559 559 913 913 913 2032 2017 141 2033 3314 2603 2033 3314 2032 2017 2819 2958 2032 2017 112
2183 2183 3314 2032 2017 2819 2032 2017 112 2958 112 112 903 903 3412 913 1189 3412 3176 4100
913 913 2032 2017 141 2033 3314 2603 4041 2033 2603 2032 2017 2819 2032 2017 112 2958 112 112
4041 4041 913 4041 141 4041 348 913 3915 913 4041 4041 913 903 3322 3322 3322 3322 3322 3322
112 2183 4012 1243 2183 2136 4012 2136 4445 3412 913 4445 4466 3176 3176 1206 1206 1206 3903 112
559 559 559 559 559 913 913 913 2032 4904 141 2033 3314 2603 2033 2603 2032 2017 2819 2958
2603 2033 3314 2032 2017 2819 2958 2032 2017 112 112 112 903 903 913 3412 1189 3412 3176 3176
2603 2033 2033 2603 2032 2017 2819 2032 2017 112 2958 112 112 913 252 903 3412 3280 1189 1189
1243 2136 2447 2183 4012 2447 1243 1078 2136 4012 2136 4445 4466 913 4445 4466 1206 3176 1206 1206
348 348 1189 3280 2032 2017 141 2033 2603 2603 2033 2603 3280 1189 559 559 559 913 913 913
2136 2447 2447 2183 4012 2447 2447 1243 1078 2136 4012 1078 4445 4466 913 913 4445 4466 1206 1206
2033 2033 2603 2032 2017 2819 2032 2017 112 2958 112 112 913 252 903 3412 3280 1189 1189 3412
3322 3322 3322 3322 3322 3322 4041 3915 4041 348 913 4041 3915 3915 913 4041 348 4041 913 4041
141 2033 3314 3314 2033 3314 3280 1189 1189 2819 2819 559 559 559 559 559 913 913 913 1189
3322 3322 3322 3322 3322 3412 903 1206 1206 4041 3915 4041 348 913 3915 913 3176 4041 4041 913
2033 2603 2603 2033 2033 2603 2032 2017 2819 2958 2032 2017 112 112 112 903 903 913 3412 1189
2958 2032 2017 112 112 112 913 903 903 3412 3280 1189 1189 3412 3176 3176 3176 3176 3176 3903
2032 2017 2819 2958 2032 2017 112 112 112 913 903 903 3412 3280 1189 1883 903 1189 3412 3176
1189 559 559 559 913 913 913 2032 2017 141 2033 3314 2603 2033 2033 2603 2032 2017 2819 2032
2032 2017 112 112 112 913 903 903 3412 1189 3412 3176 3176 3176 4100 4100 3903 112 2183 4012
559 559 913 913 913 2032 4904 141 2033 3314 2603 2033 2603 2032 2017 2819 2958 2032 4904 903
112 112 903 903 3412 913 1189 3412 3176 1206 3176 1206 4100 3903 112 2183 4012 1243 2136 112
2447 2447 2183 4012 1243 2136 2447 2447 2183 4012 112 2447 1243 1078 2136 4012 1078 4445 4466 913
2183 2603 2032 2017 2819 2958 2032 2017 112 112 112 913 903 903 3412 3412 3176 1206 1206 4100
903 903 913 3412 1189 3412 3176 3176 3176 3176 3176 3903 112 2183 4012 1243 2136 112 112 2183
4329 4329 2033 4329 3280 1189 559 559 559 559 559 2758 2758 2758 2032 4904 141 2033 4329 4329
4041 4041 913 3176 3903 2447 2447 2183 4012 1243 2136 2447 112 2183 4012 2447 2447 1243 1078 2136
2819 2819 559 559 559 559 559 913 913 913 913 1189 3280 2032 4904 141 2033 3314 3314 2033
3176 3903 112 2183 4012 1243 2136 112 112 2183 4012 1243 1078 2136 4012 1078 903 3412 3280 1189
3176 3176 3176 3176 3903 2447 2183 4012 1243 2136 2447 2447 2183 4012 1243 1078 2136 4012 2136 4445
3314 3314 2033 2033 2603 2032 2017 2819 2032 2017 112 112 112 112 2958 112 112 903 903 3412
3322 3322 3322 3412 903 4100 4100 1206 4041 3915 4041 348 913 903 913 903 4041 4041 913 1883
3176 3176 3176 3176 3903 112 2183 4012 1243 2136 112 2183 4012 112 1243 1078 2136 4012 1078 903
2032 4904 141 2033 2603 2603 2033 2033 2603 2032 2017 2819 2958 2032 2017 112 112 112 903 903
559 559 348 348 1189 3280 2032 2017 141 2033 3314 2603 2033 3314 3280 1189 559 559 559 913
913 2032 4904 141 2033 3314 2603 2033 3314 2032 2017 2819 2958 2032 4904 112 112 112 913 903
3314 3280 1189 559 559 559 913 913 913 2032 4904 141 2033 3314 2603 2033 2603 2032 2017 2819
559 913 913 913 2032 4904 141 2033 3314 2603 4041 4041 2603 2032 2017 2819 2958 2032 2017 112
4041 4041 913 1243 2447 2447 2183 4012 1243 2136 2447 2447 2183 4012 112 2447 1243 1078 2136 4012
2032 4904 141 2033 2603 2603 2033 2603 3280 1189 559 559 559 913 913 913 913 1189 3280 2032
2819 2958 2819 4904 112 112 112 913 903 4445 3412 1189 3412 3176 3176 3176 3176 3176 3903 112
2958 2032 4904 112 112 112 913 903 903 3412 1189 3412 3176 3176 3176 3176 3176 3903 112 2183
559 559 913 913 913 913 1189 3280 2032 4904 141 2033 2603 2603 2033 2033 2603 2032 2017 2819
3915 913 4041 4041 913 3322 3322 3322 3322 3322 3322 3322 3322 3322 3322 3412 3176 1206 1206 4041
3280 2032 4904 141 2033 2603 2603 2033 3314 3280 1189 903 903 559 559 913 913 1189 3280 2032
903 903 3176 1206 1206 3903 2447 2183 4012 1243 2136 2447 2183 1243 2447 1243 1243 2136 2136 2136
3280 1189 559 559 559 913 913 913 2032 2017 141 2033 3314 2603 2033 3314 2032 2017 2819 2958
2032 2017 2819 2958 2032 2017 112 112 112 913 903 903 3412 3412 3176 1206 1206 1206 1206 3903
4466 1206 1206 1206 1206 1206 3903 1811 1811 2183 4012 1883 2136 1811 1811 2183 4012 2447 2447 1883
2033 2603 2032 2017 2819 2958 2032 2017 112 112 112 913 903 903 3412 1189 3412 3176 3176 4100
1883 252 252 1883 1883 2136 2136 2136 4012 1078 3412 1189 913 903 3412 3280 1189 559 559 903
3322 3322 3322 3322 3322 3322 903 3322 1189 2033 2603 4041 348 913 348 913 4041 2183 913 3176
559 559 913 913 913 2032 4904 141 2033 3314 2603 4041 4041 2603 2032 2017 2819 2958 2032 2017
913 2032 4904 141 2033 3314 2603 4041 4041 2603 2032 2017 2819 2958 2032 2017 112 112 112 913
1206 1206 3903 2447 2183 4012 1243 2136 2447 2183 1243 2447 1243 1883 2136 2136 2136 4012 1078 3412
559 559 913 913 913 2032 4904 141 2033 3314 2603 2033 2603 2032 2017 2819 2958 2032 4904 903
3280 1189 559 559 559 559 559 2758 2758 2758 2032 4904 141 2033 4329 4329 2033 4329 2032 4904
4466 3176 3176 3176 3176 3176 3903 2447 2183 4012 1243 2136 2447 2447 2183 4012 1243 1078 2136 4012
903 903 3412 913 1189 1189 3280 3322 3322 3322 3322 3322 3322 3322 3322 3322 3322 1189 4041 3915
2017 2819 2958 2032 2017 112 112 112 913 903 903 3412 3280 1189 1189 3412 3176 3176 3176 3176
2603 2603 2033 3314 3280 1189 559 559 559 559 913 913 1189 3280 2032 4904 141 2033 3314 2603
3322 3322 3322 3322 1189 4041 3915 4041 348 913 3915 913 4041 4041 913 3322 3322 3322 3322 3322
2032 2017 2819 2958 2032 2017 112 112 112 913 903 903 3412 1189 3412 3176 3176 1206 3176 3176
112 1078 2183 4012 2136 4445 3412 913 4445 3412 3176 3176 1206 1206 1206 3903 112 2183 4012 1883
1189 903 559 559 913 913 913 2032 4904 141 2033 3314 2603 4041 4041 2603 2032 2017 2819 2958
4041 913 4041 141 4041 348 913 3915 913 4041 4041 913 903 3322 3322 3322 3322 3322 3322 3322
913 903 903 3412 1189 3412 3176 3176 1206 3176 3176 3903 112 2183 4012 1243 2136 112 112 2183
903 3412 3280 1189 1189 3412 3176 3176 3176 3176 3176 3903 112 2183 4012 1243 2136 112 2183 4012
2603 2603 2033 2033 2603 2032 2017 2819 2958 2032 2017 112 112 112 903 903 913 3412 1189 3412
3176 3322 3322 3322 3322 3322 3322 3322 903 3322 1189 4041 2603 4041 348 913 348 913 2136 2136
559 913 913 913 2032 2017 141 2033 2603 2603 2033 3314 2032 2017 2819 2958 2032 2017 112 112
3412 913 4445 4466 3176 3176 1206 1206 1206 3903 112 2183 4012 1883 2136 112 112 2183 4012 1243
141 2033 3314 2603 2033 2603 2032 2017 2819 2958 2032 4904 903 903 112 903 112 903 913 903
1078 2136 4012 1078 4445 4466 913 913 4445 4466 1206 1206 1206 1206 1206 3903 1811 1811 2183 4012
2033 2603 2603 2033 3314 3280 1189 559 559 559 913 913 913 2032 4904 141 2033 3314 2603 2033
913 3915 913 4041 4041 913 3322 3322 3322 3322 3322 3322 3322 3322 3322 3322 3412 3176 1206 4100
3280 2032 2017 141 2033 2603 2603 2033 3314 3280 1189 559 559 559 913 913 913 2032 2017 141
1189 3412 3176 3176 3176 3176 3176 3903 112 2183 4012 1243 2136 112 112 2183 4012 1243 1078 2136
903 903 3412 1189 3280 3280 3176 903 3322 3322 903 903 903 903 903 903 3280 2033 3903 4041
903 903 3412 3412 3176 3176 3176 3176 3176 3903 112 2183 4012 1883 2183 112 2183 4012 112 1883
559 559 559 559 348 348 348 348 1189 3280 1189 2032 4904 141 2033 3314 2603 2033 2603 3280
1206 3903 2447 2183 4012 1243 2136 2447 2447 2183 4012 1243 1078 2136 4012 2136 4445 3412 3280 1189
1189 3280 2032 2017 141 2033 2603 2603 2033 2603 3280 1189 903 559 559 913 913 913 913 2032
903 559 559 913 913 913 2032 4904 141 2033 3314 2603 4041 4041 2603 2032 2017 2819 2958 2032
2819 2958 2032 2017 112 112 112 903 903 913 3412 1189 3412 3176 3176 3176 3176 3176 3903 112
1206 1206 3903 2447 2183 4012 1243 2136 2447 2183 1243 2447 1243 1883 2136 2136 2136 4012 1078 3412
3314 2603 2033 3314 2032 2017 2819 2958 2032 2017 112 112 112 913 903 903 3412 1189 3412 3176
3412 3176 3176 3176 3176 3176 3903 112 2183 4012 1243 2136 112 2183 4012 112 1883 1078 2136 4012
2136 112 112 2183 4012 1243 2183 2136 4012 2136 4445 3412 913 4445 4466 3176 3176 1206 1206 4100
913 4041 913 3915 913 4041 348 4041 913 4041 913 3915 913 4041 2183 913 913 4445 4041 3915
2033 2033 2603 2032 2017 2819 2032 2017 112 2958 112 112 913 252 903 3412 3280 1189 1189 3412
2017 141 2033 2603 2603 2033 2603 3280 1189 559 559 559 913 913 913 2032 4904 141 2033 3314
2017 2819 2958 2032 4904 112 112 112 913 903 4445 3412 1189 3412 3176 3176 3176 3176 3176 3903
3280 2032 4904 141 2033 4329 2603 2033 4329 3280 1189 559 559 559 913 913 913 2032 4904 141
3412 1189 3412 3176 3176 3176 3176 3176 3903 112 2183 4012 1243 2136 112 112 2183 4012 1243 2183
348 1189 3280 2032 4904 141 2033 2603 2603 2033 3314 3280 1189 559 559 559 913 913 913 2032
1206 3903 2447 2183 4012 1243 2136 2447 2183 4012 2447 1243 1078 2136 4012 2136 4445 4466 913 4445
2447 2447 2183 4012 1243 2136 2447 2447 2183 4012 2447 2447 1243 1078 2136 4012 1078 4445 4466 913
903 3412 3280 3280 3280 903 3280 3322 3322 3322 3322 3322 3322 3322 3322 3322 2033 913 4041 4041
1243 2136 112 112 2183 4012 1243 2183 2136 4012 2136 4445 3412 913 4445 4466 3176 3176 1206 4100
913 4041 348 4041 913 4041 913 3915 913 4041 2183 913 913 4445 4041 3915 348 348 913 348
3314 3314 2033 3314 3280 1189 1189 2819 2819 559 559 559 559 559 913 913 913 1189 3280 913
2603 2603 2033 3314 3280 1189 559 559 559 559 913 913 1189 3280 2032 4904 141 2033 3314 2603
2032 2017 112 112 112 913 903 903 3412 3280 1189 2033 903 1189 3412 3176 3176 3176 3176 3176
2017 2819 2958 2032 4904 903 903 112 903 112 903 913 903 903 3412 1189 1189 3280 903 3280
4041 348 913 3915 913 4041 4041 913 3322 3322 3322 3322 3322 3322 3322 3322 3322 3322 3412 3176
112 112 112 112 112 112 913 903 903 3412 1189 3280 3280 3176 3176 3176 3176 3176 3176 3176
903 903 913 3412 1189 3412 3176 3176 3176 3176 3176 3903 112 2183 4012 1243 2136 112 112 2183
903 3412 1189 3412 3176 3176 903 1206 1206 3903 2447 2183 4012 1883 2136 2447 2183 4012 2447 1243
559 348 348 1189 3280 2032 4904 141 2033 3314 2603 2033 3314 3280 1189 559 559 559 913 913
4466 1206 1206 1206 1206 1206 3903 1811 1811 2183 4012 1883 2136 1811 1811 2183 4012 2447 2447 1883
559 559 559 559 559 2758 2758 2758 2032 4904 141 2033 4329 4329 2033 4329 2032 4904 2819 2958
2017 2819 2819 2017 112 2958 112 112 903 903 3412 913 1189 3412 3176 1206 3176 1206 4100 3903
3176 3176 3176 3903 112 2183 4012 1243 2136 112 112 2183 4012 1243 2183 2136 4012 2136 903 3412
1206 1206 1206 3903 1811 1811 2183 4012 1883 2136 1811 1811 2183 4012 2447 1811 1883 2183 2136 4012
1189 903 559 559 913 913 913 2032 2017 141 2033 3314 2603 2033 3314 2032 2017 2819 2958 2032
2017 141 2033 2603 2603 2033 2603 3280 1189 559 559 559 913 913 913 2032 2017 141 2033 2603
913 913 2032 2017 141 2033 2603 2603 2033 3314 2032 2017 2819 2958 2032 2017 112 112 112 903
2033 2603 2603 2033 2603 3280 1189 559 559 559 913 913 913 913 2032 4904 141 2033 3314 2603
559 348 348 1189 3280 2032 2017 141 2033 2603 2603 2033 3314 3280 1189 559 559 559 913 913
348 913 913 3915 913 4041 348 2603 348 2603 4041 348 913 348 913 4041 348 913 903 3322
1206 3903 2447 2183 4012 1243 2136 2447 2183 1243 2447 1243 1883 2136 2136 2136 4012 1078 4466 1189
3176 3176 3903 252 252 2183 4012 1883 2136 4041 3915 4041 348 913 252 252 3915 913 4041 4041
2032 4904 141 2033 2603 2603 2033 3314 3280 1189 903 903 559 559 913 913 1189 3280 2032 4904
3915 4041 348 913 4041 3915 4445 913 4041 348 4041 913 4041 913 3915 913 4041 2183 913 913
3176 3176 1206 4100 4100 3903 112 2183 4012 1883 2136 112 112 2183 4012 1243 2183 2136 4012 2183
3176 3322 3322 3322 3322 3322 3322 3322 903 3322 1189 4041 2603 4041 348 913 348 913 2136 2136
913 3915 913 903 4041 4041 913 3176 3903 2447 2447 2183 4012 1243 2136 2447 112 2183 4012 2447
3176 3176 3176 3176 3176 3903 112 2183 4012 1243 2136 112 2183 4012 1243 112 1078 2136 4012 2136
3176 3176 3176 3903 112 2183 4012 1243 2136 112 2183 4012 112 1883 1078 2183 4012 1078 903 3412
4904 141 2033 4329 2603 2033 2183 2603 3280 1189 559 559 559 913 913 913 2032 4904 141 2033
559 913 913 913 1189 3280 913 2032 4904 141 2033 2603 2603 2033 3314 2032 2017 2819 2958 2032
3176 3903 252 252 2183 4012 1883 2136 4041 3915 4041 348 913 252 252 3915 913 4041 4041 913
2033 2603 2603 2033 2033 2603 2032 2017 2819 2958 2032 2017 112 112 112 903 903 913 3412 1189
2032 4904 141 2033 2603 2603 2033 2603 3280 1189 559 559 559 913 913 913 913 1189 3280 2032
913 1189 3280 913 2032 4904 141 2033 2603 2603 2033 3314 2032 2017 2819 2958 2032 2017 112 112
4012 1078 4445 4466 913 913 4445 4466 1206 1206 1206 1206 1206 3903 1811 1811 2183 4012 1883 2136
2033 3314 3314 2033 2033 2603 2032 2017 2819 2032 2017 112 112 112 112 2958 112 112 903 903
559 913 913 913 913 1189 3280 2032 4904 141 2033 2603 2603 2033 2033 2603 2032 2017 2819 2958
348 1189 3280 2032 2017 141 2033 3314 2603 2033 3314 3280 1189 559 559 559 913 913 2032 4904
903 3412 3280 1189 559 559 903 913 3412 903 3176 3176 3176 3176 3903 112 112 2183 4012 1883
3280 1189 1189 2819 2819 559 559 559 559 559 913 913 913 913 1189 3280 2032 4904 141 2033
2603 3280 1189 1189 559 559 913 913 913 2032 2017 141 2033 2603 2603 2033 3314 2032 2017 2819
2033 2603 2032 2017 2819 2958 2032 2017 112 112 112 913 903 903 3412 1189 3412 3176 3176 4100
112 903 903 3412 913 1189 3412 3176 1206 3176 1206 1206 3903 2447 2183 4012 1243 2136 2447 2183
2033 2603 3280 1189 1189 559 559 913 913 913 2032 4904 141 2033 3314 2603 2033 3314 2032 2017
3176 3176 3176 3903 112 2183 4012 1243 2136 112 112 2183 4012 1243 1078 2136 4012 2136 903 3412
4904 141 2033 3314 2603 2183 2183 2603 2032 2017 2819 2958 2032 2017 112 112 112 913 903 903
112 112 903 903 3412 913 1189 1189 3280 3322 3322 3322 3322 3322 3322 3322 3322 3322 3322 1189
4012 1243 2136 112 2183 4012 1243 112 1078 2136 4012 2136 903 3412 913 903 3412 3176 3176 4100
3176 3176 3903 112 2183 4012 1243 2136 112 112 2183 4012 1243 2183 2136 4012 2136 903 3412 913
913 913 913 913 1189 3280 2032 4904 141 2033 3314 3314 2033 2033 2603 2032 2017 2819 2032 2017
3280 1189 903 559 559 913 913 913 2032 2017 141 2033 2603 2603 2033 3314 2032 2017 2819 2958
913 3322 3322 3322 3322 3322 3322 3322 3322 3322 3322 3412 3176 4100 1206 4041 3903 4041 348 913
141 2033 2603 2603 2033 3314 2032 2017 2819 2958 2032 2017 112 112 112 903 903 913 3412 1189
1189 2819 2819 559 559 559 559 559 913 913 913 1189 3280 913 2032 4904 141 2033 2603 2603
913 2032 2017 141 2033 3314 2603 4041 2033 2603 2032 2017 2819 2032 2017 112 2958 112 112 913
903 3322 1189 348 2603 4041 348 913 348 913 4041 4041 913 903 3322 3322 3322 3322 3322 3322
1078 2183 4012 2136 4445 3412 913 4445 3412 903 3176 1206 1206 1206 3903 112 2183 4012 1243 2136
559 913 913 913 2032 2017 141 2033 2603 2603 2033 3314 2032 2017 2819 2958 2032 2017 112 112
3280 1189 1189 3412 3176 3176 3176 3176 3176 3903 112 2183 4012 1243 2136 112 2183 4012 112 1243
348 348 1189 3280 2032 2017 141 2033 3314 2603 2033 2183 2603 3280 1189 559 559 559 913 913
1189 559 559 559 913 913 2032 4904 141 2033 3314 2603 2033 2603 2032 2017 2819 2958 2032 2017
1883 252 252 1883 1883 2136 2136 2136 4012 1078 3412 1189 913 903 3412 3280 1189 559 559 903
3412 1189 4466 3176 3176 3176 3176 3176 3903 2447 2183 4012 1243 2136 2447 2447 2183 4012 1243 1078
3314 3280 1189 559 559 559 913 913 913 2032 4904 141 2033 3314 2603 2033 3314 2032 2017 2819
559 559 913 913 913 2032 2017 141 2033 2603 2603 2033 3314 2032 2017 2819 2958 2032 2017 112
559 559 559 348 348 348 348 1189 3280 1189 2032 4904 141 2033 3314 3314 2033 3314 3280 1189
4445 913 3412 3412 903 4100 1206 3176 1206 3903 2447 2183 4012 1883 2136 2447 112 2183 4012 1243
913 903 913 903 4041 4041 913 1883 2447 2447 2183 4012 1243 2136 2447 2447 2183 4012 112 112
2017 112 112 112 112 112 112 913 903 903 3412 1189 3280 3280 3176 3176 3176 3176 3176 3176
3903 112 2183 4012 1243 2136 112 112 2183 4012 1243 1078 2136 4012 2136 903 3412 3280 1189 913
2032 2017 112 112 112 903 903 913 3412 1189 3412 3176 3176 3176 3176 3176 3903 112 2183 4012
348 1189 3280 1189 2032 4904 141 2033 3314 2603 2033 2603 3280 1189 559 559 559 559 559 913
1189 3280 1189 2032 4904 141 2033 3314 3314 2033 3314 3280 1189 559 559 559 559 559 913 913
2819 2958 2032 2017 112 112 112 913 903 903 3412 1189 3412 3176 3176 3176 3176 3176 3903 112
2603 2033 2603 2032 2017 2819 2958 2032 2017 112 112 112 913 903 903 3412 1189 3412 3176 3176
348 348 348 1189 3280 2032 2017 141 2033 2603 2603 2033 2603 3280 1189 559 559 559 913 913
913 4445 4466 3176 3176 1206 1206 1206 3903 112 2183 4012 1883 2136 112 112 2183 4012 1243 2183
559 348 348 348 348 1189 3280 1189 2032 4904 141 2033 3314 3314 2033 3314 3280 1189 559 559
3176 3903 112 2183 4012 1243 2136 112 112 2183 4012 1243 2183 2136 4012 2136 903 3412 913 903
112 2183 4012 1243 2136 112 112 2183 4012 1243 1078 2136 4012 2136 903 3412 3280 1189 913 903
2819 2958 2032 2017 112 112 112 112 112 112 913 903 903 3412 1189 1189 3280 3176 903 3322
913 903 3322 3322 3322 3322 3322 3322 3322 3322 903 3412 3176 3176 3176 3176 3176 3903 252 252
903 3412 913 1189 3412 903 1206 3176 1206 1206 3903 2447 2183 4012 1243 2136 2447 2183 1883 112
2032 2017 2819 2958 2032 2017 112 112 112 1189 903 4445 913 3412 3412 3176 1206 1206 3176 4100
2603 2033 2603 3280 1189 559 559 559 559 559 913 2758 913 2032 4904 141 2033 3314 2603 2033
2136 112 2183 4012 1243 112 1078 2136 4012 2136 4445 3412 913 4445 3412 3176 3176 1206 1206 1206
3176 3176 3176 3176 3176 3903 112 2183 4012 1243 2136 112 112 2183 4012 1243 1078 2136 4012 1078
2603 2032 2017 2819 2958 2032 2017 112 112 112 903 903 913 3412 1189 3412 3280 1189 913 913
559 559 559 913 913 913 2032 2017 141 2033 3314 2603 2033 3314 2032 2017 2819 2958 2032 2017
903 559 559 913 913 913 2032 4904 141 2033 3314 2603 4041 4041 2603 2032 2017 2819 2958 2032
2017 112 112 112 913 903 903 3412 3412 3176 1206 1206 4100 4100 3903 112 2183 4012 1243 2136
2033 3314 3280 1189 559 559 559 913 913 913 2032 4904 141 2033 3314 2603 2033 3314 2032 2017
2447 2183 4012 2447 1243 1078 2136 4012 2136 4445 4466 913 4445 4466 1206 3176 1206 1206 1206 3903
2447 2183 4012 2447 2447 1243 1078 2136 4012 1078 4445 4466 913 913 4445 4466 1206 1206 1206 1206
903 1206 903 3176 1206 3903 2447 2183 4012 1243 2136 2447 2447 2183 4012 1243 1078 2136 4012 2136
4904 141 2033 3314 2603 2033 2603 2032 2017 2819 2958 2032 4904 112 112 112 913 903 903 3412
141 2033 2603 2603 2033 2603 3280 1189 559 559 559 913 913 913 913 2032 4904 141 2033 3314
2017 2819 2958 2032 2017 112 112 112 1189 903 4445 913 3412 3412 3176 4100 1206 3176 4100 3903
903 3176 3176 1206 1206 3903 2447 2183 4012 1243 2136 2447 2183 4012 2447 1243 1078 2136 4012 2136
112 903 903 3412 913 1189 3412 3176 1206 3176 1206 1206 3903 2447 2183 4012 1243 2136 2447 2183
2032 2017 112 112 112 903 903 913 3412 1189 3412 3176 3176 3176 3176 3176 3903 112 2183 4012
903 903 903 903 903 903 3322 903 4041 2603 4041 4041 348 913 913 3915 913 4041 4041 913
913 4445 4466 1206 3176 1206 1206 1206 3903 1811 2183 2603 1883 2136 1811 1811 2183 4012 1883 2183
141 2033 3314 2603 2033 3314 3280 1189 559 559 559 913 913 913 2032 4904 141 2033 3314 2603
112 2183 4012 1243 2183 2136 4012 2136 4445 3412 913 4445 4466 3176 3176 1206 1206 1206 3903 112
2033 2603 2032 2017 2819 2958 2032 2017 112 112 112 112 112 112 913 903 903 3412 1189 1189
4041 3915 4041 348 913 3915 913 4041 4041 913 3322 3322 3322 3322 3322 3322 3322 3322 3322 3322
903 3176 3176 1206 1206 3903 2447 2183 4012 1243 2136 2447 2183 4012 2447 1243 1078 2136 4012 2136
3280 1189 559 559 559 913 913 913 2032 4904 141 2033 3314 2603 2033 3314 2032 2017 2819 2958
1189 3280 2032 4904 141 2033 3314 2603 2033 3314 2032 2017 2819 2958 2032 2017 112 112 112 1189
559 559 913 913 1189 3280 2032 4904 141 2033 3314 2603 2033 3314 2032 2017 2819 2958 2032 2017
3176 3903 112 2183 4012 1243 2136 112 112 2183 4012 1243 2183 2136 4012 2136 903 3412 913 903
2032 2017 2819 2958 2032 4904 112 112 112 913 903 903 3412 1189 3412 3176 3176 3176 3176 3176
903 4100 4100 4041 3915 4041 348 913 3915 913 903 4041 4041 913 3176 3903 112 112 2183 4012
3280 3280 3176 903 903 903 903 903 903 903 903 903 3280 2033 141 4041 348 913 3915 913
2603 3280 1189 1189 559 559 913 913 913 913 2032 2017 141 2033 3314 2603 2033 2033 3314 2032
559 348 348 1189 3280 2032 4904 141 2033 2603 2603 2033 3314 3280 1189 559 559 559 913 913
903 559 559 913 913 1189 3280 2032 4904 141 2033 3314 2603 2033 3314 2032 2017 2819 2958 2032
4466 1206 1206 1206 1206 1206 3903 1811 1811 2183 4012 1883 2136 1811 1811 2183 4012 2447 2447 1883
2033 2603 2603 2033 2603 3280 1189 559 559 559 913 913 913 2032 4904 141 2033 3314 2603 2183
3280 1189 559 559 559 559 559 913 913 913 2032 4904 141 2033 3314 2603 2033 2603 2032 2017
3280 3280 903 3280 3322 903 903 3322 3322 3322 3322 3322 903 2033 141 4041 4041 348 913 913
913 913 2032 4904 141 2033 2603 2603 2033 2603 2032 2017 2819 2958 2032 2017 112 112 112 903
913 913 1189 3280 913 2032 4904 141 2033 2603 2603 2033 3314 2032 2017 2819 2958 2032 2017 112
