3653 2065 4458 2690 1287 3653 515 175 515 2006 4437 221 1840 3946 2541 1038 1635 3946 3802 2811
2065 4458 2690 1287 2402 2402 2690 1287 3653 515 175 515 2006 4437 2200 1840 3946 2590 4427 2456
515 3846 4437 3431 175 1635 376 2541 1038 1635 376 3802 2811 2091 3646 1038 1506 4401 3802 4427
2992 2091 2837 1038 2897 2611 2541 1038 406 2611 156 1038 406 2611 156 1038 406 2611 156 1038
4401 2456 1038 2897 4401 3764 2282 3431 2091 3646 1038 3653 515 2897 2611 2590 4427 3631 2282 4427
515 2006 4437 221 1840 1506 2456 3012 2629 1506 156 2811 2897 2611 156 2811 1319 4401 3646 2811
2402 515 3653 175 2065 4458 2690 1287 3653 515 515 2006 4437 3919 1840 376 4401 3919 1635 376
2006 4437 221 1840 3946 2590 1038 1635 3946 3802 3012 3861 156 1038 3946 4401 3646 1038 2099 4401
175 2065 4458 2690 1287 3653 515 515 2006 4437 3919 1840 376 4401 3919 1635 376 2541 4427 3861
1287 3653 515 175 515 3846 4437 3431 1840 2644 2541 3431 2629 2644 156 3431 3861 156 3431 1319
1541 4437 175 3846 4437 221 1840 3946 2590 1038 1635 3946 3802 3012 3861 156 1038 1319 4401 2456
4401 3646 3919 1541 4401 2541 3919 1541 4437 175 3846 4437 221 1840 3946 2590 1038 1635 3946 3802
2402 2690 1287 3653 515 175 515 2006 4437 221 1840 3946 2541 1038 1635 3946 3802 3431 3861 156
535 1635 531 2541 3431 3861 156 535 1319 4401 3646 535 3631 2282 1409 2282 2099 4401 3646 535
175 2065 4458 2690 1287 2402 2402 2690 1287 3653 515 175 515 2006 4437 221 1840 3946 2590 1038
2065 4458 2690 1287 515 3846 4437 3431 1840 3946 2541 4427 2456 3946 3802 3431 3861 156 1038 1319
515 175 515 2006 4437 221 1840 376 2590 1038 2456 376 3802 2811 3861 156 1038 1319 4401 3802
2690 1287 515 3631 2282 1409 2282 3653 515 852 515 2006 4437 221 1840 2644 2541 4427 2456 2644
2541 1038 3012 4401 3431 2091 3646 1038 2897 2611 2590 1038 406 2611 156 1038 406 2611 156 1038
2590 1038 2456 3946 3802 3431 3861 2456 1038 1319 4401 2456 1038 3846 4401 3646 1038 2644 4401 3431
1319 4401 2811 2091 2837 2811 2897 2611 2590 2811 406 2611 156 2811 406 2611 156 2811 406 2611
3919 406 2611 3646 1038 1409 2282 1409 2282 2992 3861 156 1038 3631 2282 1409 2282 2099 3861 156
3646 3431 175 2992 4401 2541 3012 2897 4401 3631 2282 1409 2282 2099 2091 2837 3012 406 2611 2541
2200 531 4401 2200 2091 3646 2200 406 2611 2590 2200 406 2611 156 2200 406 2611 156 2200 406
515 175 3653 2065 4458 2690 1287 3653 515 175 515 3846 4437 3431 1840 2644 2541 3431 2629 2644
175 515 2006 4437 221 1840 3946 2541 1038 1635 3946 3802 3431 3861 156 1038 1319 4401 156 4427
4401 3646 3919 1541 4401 2541 3919 1541 4437 175 3846 4437 221 1840 3946 2590 1038 1635 3946 3802
1287 2402 2402 2690 1287 3653 515 175 515 2006 4437 221 1840 3946 2590 1038 1635 3946 3802 3012
2091 2837 3012 406 2611 2541 2811 3631 2282 1409 2282 3431 3861 156 3012 3653 515 406 2611 156
4458 2690 1287 2402 2402 2690 1287 3653 515 175 515 2006 4437 221 1840 3946 2541 1038 1635 3946
3646 535 531 4401 3653 515 2099 2091 2837 535 2897 2611 2456 535 3631 2282 1409 2282 2099 3861
2282 1409 2282 2099 4401 3646 535 531 4401 3653 515 2099 2091 2837 535 2897 2611 2456 535 3631
2690 1287 3653 515 175 515 2006 4437 221 1840 1506 2456 3012 2629 1506 156 2811 2897 2611 156
1840 376 4401 3919 1635 376 2541 4427 3861 3802 1038 1319 4401 3646 3919 1541 4401 2541 3919 1541
1038 175 1319 4401 3646 4427 3946 4401 2992 2091 2837 2811 2897 2611 2541 1038 406 2611 156 4427
3802 3431 3861 2456 1038 1319 4401 2456 1038 3846 4401 3646 1038 2644 4401 3431 2091 3646 1038 406
2282 1409 2282 3653 515 852 515 2006 4437 221 1840 2644 2541 4427 2456 2644 2456 3431 3861 156
1287 3653 515 515 2006 4437 3919 1840 376 4401 3919 1635 376 2541 4427 3861 3802 1038 1840 4401
3653 515 2099 2091 2837 535 2897 2611 2456 535 3631 2282 1409 2282 2099 3861 156 535 406 2611
3946 3802 3431 3861 156 4427 1319 4401 156 4427 2992 4401 156 3431 531 4401 3431 2091 2837 3012
1319 4401 2541 3431 2282 4401 3431 2091 2837 531 2897 2611 3802 1038 406 2611 156 4427 406 2611
3653 515 175 515 2006 4437 221 1840 376 2590 1038 2456 376 3802 2811 3861 156 1038 1319 4401
515 852 515 3846 4437 3431 175 3802 376 2541 1038 1635 376 3802 2811 2091 3646 1038 1506 4401
221 1840 3946 2541 1038 1635 3946 3802 2811 3861 156 4427 1319 4401 156 1038 1319 4401 2541 4427
3653 175 2065 4458 2690 1287 3653 515 515 2006 4437 3919 1840 376 4401 3919 1635 376 2541 4427
2091 3646 1038 3653 515 2897 2611 2590 4427 2992 2282 4427 3861 2456 1038 1409 2282 2992 3861 2456
3012 2629 1506 156 2811 2897 2611 156 2811 1319 4401 3646 2811 1319 4401 2456 2811 1319 4401 2811
3946 2541 1038 1635 3946 3802 3431 3861 156 1038 1319 4401 156 4427 2992 4401 3802 4427 2456 4401
1287 175 3653 515 515 2006 4437 221 2837 3946 2541 3646 2644 535 2541 3431 3861 2590 3431 1287
3653 175 2065 4458 2690 1287 515 3631 2282 1409 2282 3653 515 852 515 2006 4437 221 1840 2644
1287 3653 515 175 2992 406 4437 2200 1840 376 2611 1038 2629 376 3802 2200 3861 156 2200 1506
4458 2690 1287 3653 515 515 2006 4437 3919 1840 376 4401 3919 1635 376 2541 4427 3861 3802 1038
2811 3861 156 4427 1319 4401 156 1038 1319 4401 2541 4427 3946 4401 3431 2091 3646 1038 2897 2611
2811 2091 2837 2811 2897 2611 2590 2811 406 2611 156 2811 406 2611 156 2811 406 2611 156 2811
3802 2811 3861 156 4427 1319 4401 156 1038 1319 4401 2541 4427 3946 4401 3431 2091 3646 1038 2897
4401 2200 2091 3646 2200 406 2611 2590 2200 406 2611 156 2200 406 2611 156 2200 406 2611 156
4458 2690 1287 175 3653 515 515 2006 4437 221 2837 3946 2541 3646 2644 535 2541 3431 3861 2590
175 3846 4437 221 1840 3946 2590 1038 1635 3946 3802 3012 3861 156 1038 1319 4401 2456 1038 1319
515 3764 3764 2282 2282 3653 515 175 3631 2282 1409 2282 3653 3846 4437 3431 1840 531 4437 535
3861 156 1038 2099 4401 3646 1038 3846 4401 3802 1038 3012 4401 3431 2091 2837 1038 406 2611 2541
156 1038 1319 4401 3646 1038 3846 4401 2541 3919 1506 4401 2811 2091 3646 1038 2897 2611 2541 3919
2690 1287 175 3653 515 515 2006 4437 221 2837 3946 2541 3646 2644 535 2541 3431 3861 2590 3431
1038 531 4401 2811 2091 2837 3919 406 2611 3646 1038 1409 2282 1409 2282 2200 3861 156 1038 3631
2282 2099 2091 2837 3012 406 2611 2541 2811 3631 2282 1409 2282 3431 3861 156 3012 3653 515 406
535 1635 531 2541 3431 3861 156 535 1319 4401 3646 535 3631 2282 1409 2282 2099 4401 3646 535
2065 4458 2690 1287 3653 515 515 2006 4437 221 1840 3946 2590 1038 2456 376 3802 3012 3861 156
1635 3946 3802 3431 3861 156 1038 1319 4401 2541 1038 1319 4401 175 2541 1038 3012 4401 3431 2091
221 1840 3946 2541 1038 1635 3946 3802 3431 3861 156 1038 1319 4401 156 4427 2992 4401 3802 4427
156 531 1319 4401 2541 3431 2282 4401 3431 2091 2837 531 2992 2611 3802 1038 406 2611 156 4427
2811 2897 2611 156 2811 1319 4401 3646 2811 1319 4401 2456 2811 1319 4401 2811 2091 2837 2811 2897
2456 3012 2629 1506 156 2811 2897 2611 156 2811 1319 4401 3646 2811 1319 4401 2456 2811 1319 4401
1635 3946 3802 3431 3861 156 1038 1319 4401 3646 1038 3846 4401 2541 3919 1506 4401 2811 2091 3646
376 2541 4427 3861 3802 1038 1319 4401 3646 3919 1541 4401 2541 3919 1541 4437 175 3846 4437 221
156 1038 2099 4401 3646 1038 3846 4401 3802 1038 3012 4401 3431 2091 2837 1038 406 2611 2541 1038
221 1840 3946 2541 1038 1635 3946 3802 2811 3861 156 4427 1319 4401 156 1038 1319 4401 2541 4427
3431 3861 156 1038 1319 4401 156 4427 2992 4401 3802 4427 3946 4401 3431 2091 2837 3431 2992 2611
2690 1287 2402 2402 2690 1287 3653 515 175 515 2006 4437 221 1840 3946 2541 1038 1635 3946 3802
1635 376 3802 2811 3861 156 4427 1319 4401 3802 1038 406 4401 3646 4427 2897 4401 2992 2091 2837
1506 4401 2456 1038 2897 4401 3764 2282 2811 2091 3646 1038 3653 515 2897 2611 2590 4427 3631 2282
1038 1635 3946 3802 3012 3861 156 1038 1319 4401 2456 1038 1319 4401 3646 1038 1319 4401 2992 2091
1038 1319 4401 2456 1038 3653 515 175 3846 4401 3646 1038 531 4401 3431 2091 3646 1038 406 2611
1038 1506 4401 3802 4427 3631 515 2282 3653 1506 4401 2456 1038 2897 4401 3764 2282 3431 2091 3646
2690 1287 3653 515 515 2006 4437 221 1840 3946 2541 1038 1635 376 3802 3431 3861 156 1038 1319
3946 3802 3431 3861 2456 1038 1319 4401 2456 1038 1319 4401 3646 1038 2644 4401 3431 2091 3646 1038
4458 2690 1287 515 3631 2282 1409 2282 3653 515 852 515 2006 4437 221 1840 2644 2541 4427 2456
4437 221 1840 3946 2590 1038 1635 3946 3802 3012 3861 156 1038 1319 4401 2456 1038 1319 4401 3646
2065 4458 2690 1287 3653 515 175 515 2006 4437 221 1840 531 2611 1038 1635 3946 3802 3431 3861
3012 3861 156 1038 1319 4401 156 1038 175 1319 4401 3646 4427 3946 4401 2992 2091 2837 2811 2897
4458 2690 1287 3653 515 515 2006 4437 3919 1840 376 4401 3919 1635 376 2541 4427 3861 3802 1038
515 175 3653 2065 4458 2690 1287 2402 2402 2690 1287 3653 515 852 515 3846 4437 3431 175 3802
4401 3646 1038 1319 4401 2992 2091 2837 1038 406 2611 3802 1038 3653 515 2897 2611 156 1038 406
2690 1287 3653 515 515 2006 4437 221 1840 3946 2590 1038 2456 3946 3802 3431 3861 2456 1038 1319
4401 2541 3919 1541 4437 175 3846 4437 221 1840 3946 2590 1038 1635 3946 3802 3012 3861 156 1038
4437 3431 1840 376 2541 1038 1635 376 3802 2811 3861 156 4427 1319 4401 3802 1038 406 4401 3646
4401 3646 1038 2099 4401 3802 1038 3012 4401 3431 2091 2837 1038 406 2611 2541 1038 406 2611 156
3012 3861 156 1038 1319 4401 156 1038 175 1319 4401 3646 4427 3946 4401 2992 2091 2837 2811 2897
3653 175 2065 4458 2690 1287 515 3846 4437 3431 1840 3946 2541 4427 2456 3946 3802 3431 3861 156
175 515 2006 4437 221 1840 3946 2541 1038 1635 3946 3802 3431 3861 156 1038 1319 4401 156 4427
515 2006 4437 221 1840 3946 2541 1038 1635 3946 3802 3431 3861 156 1038 1319 4401 2541 1038 1319
2456 3946 3802 3431 3861 2456 1038 1319 4401 2456 1038 1319 4401 3646 1038 2644 4401 3431 2091 3646
4437 3431 1840 531 4437 535 1635 531 2541 3431 3861 156 535 1319 4401 3646 535 3631 2282 1409
4458 2690 1287 175 3653 515 515 2006 4437 221 2837 3946 2541 3646 2644 535 2541 3431 3861 2590
175 515 2006 4437 221 1840 1506 2456 3012 2629 1506 156 2811 2897 2611 156 2811 1319 4401 3646
515 175 3846 4401 3646 1038 531 4401 3431 2091 3646 1038 406 2611 3646 1038 406 2611 156 1038
175 515 2006 4437 221 1840 3946 2541 1038 1635 3946 3802 2811 3861 156 4427 1319 4401 156 1038
2541 1038 1635 3946 3802 3431 3861 156 1038 1319 4401 2456 1038 1319 4401 175 2541 1038 3012 4401
3431 3861 2456 1038 1319 4401 2456 1038 3846 4401 3646 1038 2644 4401 3431 2091 3646 1038 406 2611
2541 2200 3846 4401 156 2200 531 4401 2200 2091 3646 2200 406 2611 2590 2200 406 2611 156 2200
175 515 2006 4437 221 1840 531 2611 1038 1635 3946 3802 3431 3861 156 4427 1319 4401 156 4427
2690 1287 2402 2402 2690 1287 3653 515 175 515 2006 4437 221 1840 3946 2590 1038 1635 3946 3802
2065 3653 2690 1287 3653 515 515 2006 4437 221 1840 3946 2541 1038 1635 376 3802 3431 3861 156
515 515 2006 4437 221 1840 3946 2590 1038 2456 3946 3802 3431 3861 2456 1038 1319 4401 2456 1038
2811 2091 2837 2811 2897 2611 2590 2811 406 2611 156 2811 406 2611 156 2811 406 2611 156 2811
3431 3861 156 1038 1319 4401 3646 1038 3846 4401 2541 3919 1506 4401 2811 2091 3646 1038 2897 2611
2402 2690 1287 3653 515 852 515 3846 4437 3431 175 3802 376 2541 1038 1635 376 3802 2811 2091
4401 156 4427 2992 4401 156 3431 531 4401 3431 2091 2837 3012 406 2611 2590 3012 406 2611 156
2099 4401 3802 1038 3012 4401 3431 2091 2837 1038 406 2611 2541 1038 406 2611 156 1038 406 2611
4427 2992 4401 156 3431 531 4401 2811 2091 2837 3012 406 2611 2590 3012 406 2611 156 2811 406
1038 1635 3946 3802 3012 3861 156 1038 1319 4401 2456 1038 1319 4401 3646 1038 1319 4401 2992 2091
4401 156 1038 175 1319 4401 3646 4427 3946 4401 2992 2091 2837 2811 2897 2611 2541 1038 406 2611
2456 3946 3802 2200 3861 156 1038 1319 4401 3646 1038 3846 4401 156 2200 531 4401 2200 2091 3646
3012 3946 4401 3631 2282 1409 2282 3431 2091 2837 3012 406 2611 2541 2811 3631 2282 1409 2282 3431
4427 2992 4401 2992 2091 2837 1038 2897 2611 2541 1038 406 2611 156 1038 406 2611 156 1038 406
1287 3653 515 175 2992 406 4437 2200 1840 376 2611 1038 2629 376 3802 2200 3861 156 2200 1506
515 175 3653 2065 4458 2690 1287 3653 515 515 2006 4437 221 1840 376 2590 1038 2456 376 3802
3946 3802 2200 3861 156 1038 1319 4401 2541 1038 3846 4401 156 2200 531 4401 2200 2091 3646 1038
1319 4401 3646 2811 2099 4401 2456 2811 1319 4401 2811 2091 2837 2811 2897 2611 2590 2811 406 2611
1635 3946 3802 3431 3861 156 1038 1319 4401 2541 1038 1319 4401 175 2541 1038 3012 4401 3431 2091
3646 535 3631 2282 1409 2282 2099 4401 3646 535 531 4401 3653 515 2099 2091 2837 535 2897 2611
4427 3946 4401 3646 3431 175 2992 4401 2541 3012 2897 4401 3631 2282 1409 2282 3431 2091 2837 3012
3653 515 515 2006 4437 221 2837 3946 2541 3646 2644 535 2541 3431 3861 2590 3431 1287 4401 156
175 3653 2065 4458 2690 1287 2402 2402 2690 1287 3653 515 852 515 3846 4437 3431 175 3802 376
2811 2091 3646 1038 2897 2611 2541 3919 406 2611 2541 1038 406 2611 3646 1038 406 2611 156 2200
3919 1635 3946 3802 3431 3861 3646 1038 3764 4401 3646 1038 2992 2282 1409 2282 1319 4401 3646 1038
175 3653 2065 4458 2690 1287 3653 515 175 515 2006 4437 221 1840 531 2611 1038 1635 3946 3802
1840 531 2611 1038 1635 3946 3802 3431 3861 156 4427 1319 4401 156 4427 2992 4401 156 3431 531
175 2992 4401 2541 3012 3946 4401 3631 2282 1409 2282 2099 2091 2837 3012 406 2611 2541 2811 3631
852 515 2006 4437 221 1840 2644 2541 4427 2456 2644 2541 3431 3861 156 4427 1319 4401 3646 3431
1840 2644 2541 4427 2456 2644 2541 3431 3861 156 4427 3946 4401 3646 3431 175 2992 4401 2541 3012
175 175 3653 2065 4458 2690 1287 515 3764 3764 2282 2282 3653 515 175 3631 2282 1409 2282 515
1287 3653 515 515 2006 4437 221 1840 3946 2541 1038 1635 3946 3802 3431 3861 156 1038 1319 4401
3653 175 2065 4458 2690 1287 515 3631 2282 1409 2282 3653 515 852 515 2006 4437 221 1840 2644
2456 3946 3802 3431 3861 2456 1038 1319 4401 2456 1038 1319 4401 3646 1038 2644 4401 3431 2091 3646
535 2897 2611 2456 535 3631 2282 1409 2282 2099 3861 156 535 406 2611 2456 535 3631 2282 1409
4427 3946 4401 3431 2091 2837 3431 2992 2611 3646 221 406 2611 156 1038 406 2611 156 1038 406
2811 3861 156 4427 1319 4401 156 1038 1319 4401 2541 4427 3946 4401 3431 2091 3646 1038 2897 2611
4401 2992 2091 2837 1038 2897 2611 2541 1038 406 2611 156 1038 406 2611 156 1038 406 2611 156
175 2992 406 4437 2992 1840 376 2611 1038 2629 376 3802 2811 3861 156 4427 2897 4401 3802 1038
1287 3653 515 175 2992 406 4437 2200 1840 376 2611 1038 2629 376 3802 2200 3861 156 2200 1506
221 1840 3946 2590 1038 2456 376 3802 2811 3861 156 1038 1319 4401 3802 1038 1319 4401 3646 1038
3012 3861 156 1038 1319 4401 156 1038 175 1319 4401 3646 4427 3946 4401 2992 2091 2837 2811 2897
3431 3861 156 1038 1319 4401 2456 1038 1319 4401 175 2541 1038 3012 4401 3431 2091 3646 1038 2897
175 3631 2282 1409 2282 515 3846 4437 3431 1840 531 4437 535 1635 531 2541 3431 3861 156 535
515 515 2006 4437 221 1840 3946 2590 1038 2456 3946 3802 3431 3861 2456 1038 1319 4401 2456 1038
1319 4401 156 1038 175 1319 4401 3646 4427 3946 4401 2992 2091 2837 2811 2897 2611 2541 1038 406
156 2811 1319 4401 3646 2811 1319 4401 2456 2811 1319 4401 2811 2091 2837 2811 2897 2611 2590 2811
2402 2690 1287 3653 515 175 515 2006 4437 221 1840 3946 2590 1038 1635 3946 3802 3012 3861 156
3946 2541 3919 1635 3946 3802 3431 3861 156 1038 1319 4401 3646 1038 3846 4401 2541 3919 1506 4401
3946 3802 2200 3861 156 1038 1319 4401 2541 1038 3846 4401 156 2200 531 4401 2200 2091 3646 1038
376 2541 1038 1635 376 3802 2811 3861 156 4427 1319 4401 3802 1038 406 4401 3646 4427 2897 4401
3431 3861 2456 1038 1319 4401 2456 1038 3846 4401 3646 1038 2644 4401 3431 2091 3646 1038 406 2611
175 2065 4458 2690 1287 3653 515 515 2006 4437 221 1840 3946 2590 1038 2456 376 3802 3431 3861
221 1840 3946 2541 1038 1635 3946 3802 3431 3861 156 1038 1319 4401 2541 1038 1319 4401 175 2541
4427 2992 4401 2992 2091 2837 1038 2897 2611 2541 1038 406 2611 156 1038 406 2611 156 1038 406
852 515 3846 4437 221 1840 376 2541 3919 1635 376 3802 3431 3861 3646 1038 2099 4401 3646 1038
515 3653 175 2065 4458 2690 1287 515 3631 2282 1409 2282 3653 515 852 515 2006 4437 221 1840
515 175 3653 2065 4458 2690 1287 3653 515 175 515 2006 4437 221 1840 376 2590 1038 2456 376
4401 2456 1038 3846 4401 3646 1038 2644 4401 3431 2091 3646 1038 406 2611 3802 4427 406 2611 156
515 175 852 515 3846 4437 221 1840 376 2541 3919 2629 376 3802 3431 3861 3646 1038 3764 4401
2402 515 175 3653 2065 4458 2690 1287 2402 2402 2690 1287 3653 515 175 515 2006 4437 221 1840
2897 2611 2456 535 3631 2282 1409 2282 2099 3861 156 535 406 2611 2456 535 3631 2282 1409 2282
156 1038 1319 4401 3646 1038 3846 4401 2541 3919 1506 4401 2811 2091 3646 1038 2897 2611 2541 3919
3846 4401 2541 3919 1506 4401 2811 2091 3646 1038 2897 2611 2541 3919 406 2611 2541 1038 406 2611
3431 3861 156 535 1319 4401 3646 535 3631 2282 1409 2282 2099 4401 3646 535 531 4401 3653 515
2541 4427 2456 3946 3802 3431 3861 156 1038 1319 4401 2456 1038 3653 515 175 2992 4401 3646 1038
2541 3919 1635 3946 3802 3431 3861 156 1038 1319 4401 3646 1038 3846 4401 2541 3919 1506 4401 2811
4401 3646 1038 1319 4401 2992 2091 2837 1038 406 2611 3802 1038 3653 515 2897 2611 156 1038 406
156 1038 1319 4401 2541 4427 3946 4401 3431 2091 3646 1038 2992 2611 3802 1038 406 2611 156 2811
1038 1319 4401 175 2541 1038 3012 4401 3431 2091 3646 1038 2897 2611 2590 1038 406 2611 156 1038
156 1038 1319 4401 3646 1038 3846 4401 2541 3919 1506 4401 2811 2091 3646 1038 2897 2611 2541 3919
1840 531 4437 535 1635 531 2541 3431 3861 156 535 1319 4401 3646 535 3631 2282 1409 2282 2099
515 175 515 2006 4437 221 1840 3946 2541 1038 1635 3946 3802 2811 3861 156 4427 1319 4401 156
221 1840 3946 2541 1038 1635 3946 3802 3431 3861 156 1038 1319 4401 156 4427 2992 4401 3802 4427
2541 3431 3861 2590 3431 1287 4401 156 531 1319 4401 2541 3431 2282 4401 3431 2091 2837 531 2897
4458 2690 1287 3653 515 515 2006 4437 3919 1840 376 4401 3919 1635 376 2541 4427 3861 3802 1038
4437 221 1840 1506 2456 3012 2629 1506 156 2811 2897 2611 156 2811 1319 4401 3646 2811 1319 4401
1287 2402 2402 2690 1287 3653 515 175 515 2006 4437 221 1840 3946 2541 1038 1635 3946 3802 3431
1287 4401 156 531 1319 4401 2541 3431 2282 4401 3431 2091 2837 531 2897 2611 3802 1038 406 2611
175 515 2006 4437 2200 1840 3946 2590 2200 2456 3946 3802 2200 3861 156 1038 1319 4401 2541 1038
4437 175 3846 4437 221 1840 3946 2590 1038 1635 3946 3802 3012 3861 156 1038 1319 4401 2456 1038
2282 2099 2091 2837 3012 406 2611 2541 2811 3631 2282 1409 2282 3431 3861 156 3012 3653 515 406
4458 2690 1287 3653 515 515 2006 4437 3919 1840 376 4401 3919 1635 376 2541 4427 3861 3802 1038
3631 2282 1409 2282 3653 515 852 515 2006 4437 221 1840 2644 2541 4427 2456 2644 2456 3431 3861
3646 1038 2644 4401 3431 2091 3646 1038 406 2611 3802 4427 406 2611 156 1038 406 2611 156 4427
3846 4437 3431 175 1635 376 2541 1038 1635 376 3802 2811 2091 3646 1038 1506 4401 3802 4427 3631
1038 175 1319 4401 3646 4427 3946 4401 2992 2091 2837 2811 2897 2611 2541 1038 406 2611 156 4427
175 515 2006 4437 221 1840 376 2590 1038 2456 376 3802 2811 3861 156 1038 1319 4401 3802 1038
1287 3653 515 175 515 2006 4437 221 1840 3946 2541 1038 1635 3946 3802 2811 3861 156 4427 1319
1038 1319 4401 2456 1038 1319 4401 175 2541 1038 3012 4401 3431 2091 3646 1038 2897 2611 2590 1038
535 3631 2282 1409 2282 2099 4401 3646 535 531 4401 3653 515 2099 2091 2837 535 2897 2611 2456
2590 1038 2456 3946 3802 3012 3861 156 1038 1319 4401 156 1038 175 1319 4401 3646 4427 3946 4401
535 1635 531 2541 3431 3861 156 535 1319 4401 3646 535 3631 2282 1409 2282 2099 4401 3646 535
2992 2091 2837 1038 2897 2611 2541 1038 406 2611 156 1038 406 2611 156 1038 406 2611 156 1038
1840 531 4437 535 1635 531 2541 3431 3861 156 535 1319 4401 3646 535 3631 2282 1409 2282 2099
4437 3431 1840 376 2541 1038 1635 376 3802 2811 3861 156 4427 1319 4401 3802 1038 406 4401 3646
1840 3946 2541 1038 1635 3946 3802 2811 3861 156 4427 1319 4401 156 1038 1319 4401 2541 4427 3946
2992 2091 2837 1038 2897 2611 2541 1038 406 2611 156 1038 406 2611 156 1038 406 2611 156 1038
3861 2590 3431 1287 4401 156 531 1319 4401 2541 3431 2282 4401 3431 2091 2837 531 2897 2611 3802
3653 515 175 515 3846 4437 3431 1840 2644 2541 3431 2629 2644 156 3431 3861 156 3431 1319 4401
2541 3919 1635 3946 3802 3431 3861 156 1038 1319 4401 3646 1038 3846 4401 2541 3919 1506 4401 2811
1287 3653 515 175 515 2006 4437 221 1840 531 2611 1038 1635 3946 3802 3431 3861 156 4427 1319
4401 3646 1038 1319 4401 2992 2091 2837 1038 406 2611 3802 1038 3653 515 2897 2611 156 1038 406
515 3846 4437 3431 1840 2644 2541 3431 2629 2644 156 3431 3861 156 3431 1319 4401 156 3012 2992
515 175 3653 2065 4458 2690 1287 3653 515 175 515 2006 4437 221 1840 3946 2541 1038 1635 3946
2065 4458 2690 1287 515 3764 3764 2282 2282 3653 515 175 3631 2282 1409 2282 3653 3846 4437 3431
175 3653 2065 4458 2690 1287 515 3764 3764 2282 2282 3653 515 175 3631 2282 1409 2282 515 3846
3919 1635 376 2541 4427 3861 3802 1038 1319 4401 3646 3919 1541 4401 2541 3919 1541 4437 175 3846
1840 3946 2541 4427 2456 3946 3802 3431 3861 156 1038 1319 4401 2456 1038 3653 515 175 2992 4401
4401 156 4427 2992 4401 3802 4427 2456 4401 3431 2091 2837 3431 2992 2611 3646 221 406 2611 156
2690 1287 3653 515 175 515 2006 4437 221 1840 531 2611 1038 1635 3946 3802 3431 3861 156 4427
1409 2282 1319 4401 3646 1038 531 4401 3431 2091 2837 3919 406 2611 3646 1038 1409 2282 1409 2282
4401 3431 2091 3646 1038 2897 2611 2590 1038 406 2611 156 1038 406 2611 156 1038 406 2611 156
1038 531 4401 2811 2091 2837 3919 406 2611 3646 1038 1409 2282 1409 2282 2200 3861 156 1038 3631
1840 3946 2590 1038 1635 3946 3802 3012 3861 156 1038 3946 4401 3646 1038 3846 4401 3802 1038 3012
1038 1319 4401 175 2541 1038 3012 4401 3431 2091 3646 1038 2897 2611 2590 1038 406 2611 156 1038
4458 2690 1287 3653 515 175 515 3846 4437 3431 1840 2644 2541 3431 2629 2644 156 3431 3861 156
2065 4458 2690 1287 3653 515 175 515 406 4437 2200 1840 376 2611 1038 2629 376 3802 2200 3861
1287 4401 156 531 1319 4401 2541 3431 2282 4401 3431 2091 2837 531 2897 2611 3802 1038 406 2611
1319 4401 3646 2811 2099 4401 2456 2811 1319 4401 2811 2091 2837 2811 2897 2611 2590 2811 406 2611
515 3653 515 175 852 515 3846 4437 221 1840 3946 2541 531 2629 376 3802 3431 3861 3646 1038
3653 2065 4458 2690 1287 3653 515 515 2006 4437 221 1840 376 2590 1038 2456 376 3802 3012 3861
3431 175 1635 376 2541 1038 1635 376 3802 2811 2091 3646 1038 1506 4401 3802 4427 3631 515 2282
2402 515 175 3653 2065 4458 2690 1287 175 3653 515 515 2006 4437 221 2837 2897 2541 3646 3764
175 2992 406 4437 2992 1840 376 2611 1038 2629 376 3802 2811 3861 156 4427 2897 4401 3802 1038
1287 2402 2402 2690 1287 3653 515 852 515 3846 4437 3431 175 3802 376 2541 1038 1635 376 3802
3946 3802 3431 3861 156 1038 1319 4401 2456 1038 3653 515 175 2992 4401 3646 1038 531 4401 3431
3653 515 175 515 2006 4437 221 1840 3946 2541 1038 1635 3946 3802 3431 3861 156 1038 1319 4401
2811 2091 2837 2811 2897 2611 2590 2811 406 2611 156 2811 406 2611 156 2811 406 2611 156 2811
2456 1038 2897 4401 3764 2282 3431 2091 3646 1038 3653 515 2897 2611 2590 4427 3631 2282 4427 3861
3946 3802 3431 3861 3646 1038 3764 4401 3646 1038 3764 2282 1409 2282 1319 4401 3646 1038 531 4401
2099 4401 3646 1038 2099 4401 3802 1038 3012 4401 3431 2091 2837 1038 406 2611 2541 1038 406 2611
2992 4437 3431 1840 376 2541 1038 1635 376 3802 2811 3861 156 4427 1319 4401 3802 1038 406 4401
2065 4458 2690 1287 3653 515 175 515 2006 4437 221 1840 531 2611 1038 1635 3946 3802 3431 3861
1840 3946 2541 1038 1635 3946 3802 3431 3861 156 1038 1319 4401 2456 1038 1319 4401 175 2541 1038
2456 1038 1319 4401 2456 1038 3846 4401 3646 1038 2644 4401 3431 2091 3646 1038 406 2611 3802 4427
3012 3861 156 1038 2099 4401 3646 1038 3846 4401 3802 1038 3012 4401 3431 2091 2837 1038 406 2611
3431 175 2992 4401 2541 3012 3946 4401 3631 2282 1409 2282 2099 2091 2837 3012 406 2611 2541 2811
4458 2690 1287 175 3653 515 515 2006 4437 221 2837 3946 2541 3646 2644 535 2541 3431 3861 2590
4401 3802 4427 3631 515 2282 3653 3764 4401 2456 1038 2897 4401 3764 2282 3431 2091 3646 1038 3653
3646 1038 1506 4401 3802 4427 3631 515 2282 3653 1506 4401 2456 1038 2897 4401 3764 2282 3431 2091
2282 1409 2282 2099 4401 3646 535 531 4401 3653 515 2099 2091 2837 535 2897 2611 2456 535 3631
531 4401 3431 2091 2837 3919 406 2611 3646 1038 1409 2282 1409 2282 2992 3861 156 1038 3631 2282
515 852 515 2006 4437 221 1840 2644 2541 4427 2456 2644 2456 3431 3861 156 4427 3946 4401 3646
1319 4401 175 2541 1038 3012 4401 3431 2091 3646 1038 2897 2611 2590 1038 406 2611 156 1038 406
156 4427 1319 4401 156 1038 1319 4401 2541 4427 3946 4401 3431 2091 3646 1038 2897 2611 3802 1038
4401 156 1038 175 1319 4401 3646 4427 3946 4401 2992 2091 2837 2811 2897 2611 2541 1038 406 2611
4401 3431 2091 2837 3431 2992 2611 3646 3012 406 2611 156 1038 406 2611 156 221 406 2611 156
2402 2690 1287 3653 515 3653 515 175 852 515 3846 4437 221 1840 376 2541 3919 3764 376 3802
3846 4401 3646 1038 531 4401 3431 2091 3646 1038 406 2611 3646 1038 406 2611 156 1038 406 2611
2282 3653 1506 4401 2456 1038 2897 4401 3764 2282 2811 2091 3646 1038 3653 515 2897 2611 2590 4427
4401 2541 2200 3846 4401 156 2200 531 4401 2200 2091 3646 2200 406 2611 2590 2200 406 2611 156
2006 4437 221 1840 3946 2541 1038 1635 3946 3802 2811 3861 156 4427 1319 4401 156 1038 1319 4401
2282 3653 515 175 3631 2282 1409 2282 515 3846 4437 3431 1840 531 4437 535 1635 531 2541 3431
221 1840 3946 2590 1038 2456 3946 3802 3012 3861 156 1038 1319 4401 156 1038 175 1319 4401 3646
3946 2541 3919 1635 3946 3802 3431 3861 3646 1038 3764 4401 3646 1038 2992 2282 1409 2282 1319 4401
175 2065 4458 2690 1287 2402 2402 2690 1287 3653 515 175 515 2006 4437 2200 1840 3946 2590 4427
3653 515 515 2006 4437 221 1840 3946 2541 1038 1635 3946 3802 3431 3861 156 1038 1319 4401 2456
2200 2091 3646 2200 406 2611 2590 2200 406 2611 156 2200 406 2611 156 2200 406 2611 156 2200
1038 1635 376 3802 2811 3861 156 4427 1319 4401 3802 1038 406 4401 3646 4427 2897 4401 2992 2091
531 2611 1038 1635 3946 3802 3431 3861 156 4427 1319 4401 156 4427 2992 4401 156 3431 531 4401
2282 2282 3653 515 175 3631 2282 1409 2282 3653 3846 4437 3431 1840 531 4437 535 1635 531 2541
2690 1287 2402 2402 2690 1287 3653 515 175 515 2006 4437 221 1840 3946 2541 1038 1635 3946 3802
3846 4401 3646 1038 531 4401 3431 2091 3646 1038 406 2611 3646 1038 406 2611 156 1038 406 2611
175 3653 2065 4458 2690 1287 3653 515 175 515 2006 4437 221 1840 3946 2541 1038 1635 3946 3802
1287 4401 156 531 1319 4401 2541 3431 2282 4401 3431 2091 2837 531 2897 2611 3802 1038 406 2611
2837 3012 406 2611 2541 2811 3631 2282 1409 2282 3431 3861 156 3012 3653 515 406 2611 156 2811
1319 4401 156 4427 2992 4401 156 3431 531 4401 3431 2091 2837 3012 406 2611 2590 3012 406 2611
3946 2590 1038 1635 3946 3802 3012 3861 156 1038 2099 4401 3646 1038 2099 4401 3802 1038 3012 4401
1319 4401 2456 1038 3653 515 175 2992 4401 3646 1038 531 4401 3431 2091 3646 1038 406 2611 3646
3946 2590 1038 1635 3946 3802 3012 3861 156 1038 2099 4401 3646 1038 2099 4401 3802 1038 3012 4401
4401 2456 2811 1319 4401 2811 2091 2837 2811 2897 2611 2590 2811 406 2611 156 2811 406 2611 156
1506 2456 3012 2629 1506 156 2811 2897 2611 156 2811 1319 4401 3646 2811 1319 4401 2456 2811 1319
1840 3946 2590 2200 2456 3946 3802 2200 3861 156 2200 1319 4401 2541 2200 2992 4401 156 2200 531
3946 2590 2200 2456 3946 3802 2200 3861 156 2200 1319 4401 2541 1038 2992 4401 156 2200 531 4401
3646 4427 3946 4401 2200 2091 2837 2811 2897 2611 2541 1038 406 2611 156 4427 406 2611 156 4427
3431 1840 3946 2541 4427 2456 3946 3802 3431 3861 156 1038 1319 4401 2456 1038 3653 515 175 2992
2590 1038 1635 3946 3802 3012 3861 156 1038 2099 4401 3646 1038 2099 4401 3802 1038 3012 4401 3431
4401 156 4427 2992 4401 156 3431 531 4401 3431 2091 2837 3012 406 2611 2590 3012 406 2611 156
3802 3012 3861 156 1038 2099 4401 3646 1038 3846 4401 3802 1038 3012 4401 3431 2091 2837 1038 406
2690 1287 2402 2402 2690 1287 3653 515 175 515 2006 4437 2200 1840 3946 2590 4427 2456 3946 3802
1635 376 3802 2811 3861 156 4427 1319 4401 3802 1038 406 4401 3646 4427 2897 4401 2992 2091 2837
175 3653 2065 4458 2690 1287 3653 515 175 515 2006 4437 221 1840 531 2611 1038 1635 3946 3802
1409 2282 1319 4401 3646 1038 531 4401 3431 2091 2837 3919 406 2611 3646 1038 1409 2282 1409 2282
4458 2690 1287 515 3846 4437 3431 1840 3946 2541 4427 2456 3946 3802 3431 3861 156 1038 1319 4401
175 515 2006 4437 221 1840 3946 2590 1038 1635 3946 3802 3012 3861 156 1038 2882 4401 3646 1038
1635 376 3802 2811 3861 156 4427 1319 4401 3802 1038 406 4401 3646 4427 2897 4401 2992 2091 2837
515 2006 4437 3919 1840 376 4401 3919 1635 376 2541 4427 3861 3802 1038 1319 4401 3646 3919 1541
3846 4437 3431 175 1635 376 2541 1038 1635 376 3802 2811 2091 3646 1038 1506 4401 3802 4427 3631
2811 3861 156 4427 1319 4401 3802 1038 406 4401 3646 4427 2897 4401 2992 2091 2837 1038 2897 2611
3653 2065 4458 2690 1287 3653 515 515 2006 4437 221 1840 376 2590 1038 2456 376 3802 3012 3861
2402 515 3653 175 2065 4458 2690 1287 3653 515 515 2006 4437 3919 1840 376 4401 3919 1635 376
3653 2065 4458 2690 1287 2402 2402 2690 1287 3653 515 852 515 3846 4437 3431 175 3802 376 2541
515 515 2006 4437 221 2837 3946 2541 3646 2644 535 2541 3431 3861 2590 3431 1287 4401 156 531
3946 2541 3919 1635 3946 3802 3431 3861 3646 1038 3764 4401 3646 1038 2992 2282 1409 2282 1319 4401
4401 2456 1038 2897 4401 3764 2282 3431 2091 3646 1038 3653 515 2897 2611 2590 4427 3631 2282 4427
3631 2282 1409 2282 3653 3846 4437 3431 1840 531 4437 535 1635 531 2541 3431 3861 156 535 1319
1840 3946 2541 3919 1635 3946 3802 3431 3861 156 1038 1319 4401 3646 1038 3846 4401 2541 3919 1506
2099 4401 3802 1038 3012 4401 3431 2091 2837 1038 406 2611 2541 1038 406 2611 156 1038 406 2611
1840 3946 2590 1038 1635 3946 3802 3012 3861 156 1038 3946 4401 3646 1038 3846 4401 3802 1038 3012
515 175 515 2006 4437 221 1840 531 2611 1038 1635 3946 3802 3431 3861 156 4427 1319 4401 156
2690 1287 2402 2402 2690 1287 3653 515 175 515 2006 4437 221 1840 3946 2590 1038 1635 3946 3802
3919 1541 4437 175 3846 4437 221 1840 3946 2590 1038 1635 3946 3802 3012 3861 156 1038 1319 4401
2690 1287 3653 515 175 515 3846 4437 3431 1840 2644 2541 3431 2629 2644 156 3431 3861 156 3431
2811 2099 4401 2456 2811 1319 4401 2811 2091 2837 2811 2897 2611 2590 2811 406 2611 156 2811 406
1635 3946 3802 3431 3861 156 1038 1319 4401 156 4427 2992 4401 3802 4427 3946 4401 3431 2091 2837
2065 4458 2690 1287 2402 2402 2690 1287 3653 515 175 515 2006 4437 2200 1840 3946 2590 4427 2456
515 2006 4437 2200 1840 3946 2590 2200 2456 3946 3802 2200 3861 156 2200 1319 4401 2541 2200 2992
2006 4437 221 1840 376 4401 3919 1635 376 2541 4427 3861 3802 1038 1319 4401 3646 3919 1541 4401
2992 2897 4437 2992 1840 376 2541 1038 2629 376 3802 2811 3861 156 4427 2897 4401 3802 1038 406
3653 2065 4458 2690 1287 3653 515 175 515 2006 4437 221 1840 531 2611 1038 1635 3946 3802 3431
3946 2541 1038 1635 3946 3802 2811 3861 156 4427 1319 4401 156 1038 1319 4401 2541 4427 3946 4401
4458 2690 1287 2402 2402 2690 1287 3653 515 175 515 2006 4437 221 1840 3946 2541 1038 1635 3946
4401 3802 4427 3946 4401 3431 2091 2837 3431 2992 2611 3646 3012 406 2611 156 221 406 2611 156
1635 376 3802 2811 2091 3646 1038 1506 4401 3802 4427 3631 515 2282 3653 1506 4401 2456 1038 2897
2690 1287 3653 515 175 515 3846 4437 3431 1840 2644 2541 3431 2629 2644 156 3431 3861 156 3431
2402 515 3653 175 2065 4458 2690 1287 2402 2402 2690 1287 3653 515 175 515 2006 4437 221 1840
4437 221 1840 3946 2541 1038 1635 3946 3802 2811 3861 156 4427 1319 4401 156 1038 1319 4401 2541
2590 3431 1287 4401 156 531 1319 4401 2541 3431 2282 4401 3431 2091 2837 531 2897 2611 3802 1038
2541 4427 3861 3802 1038 1319 4401 3646 3919 1541 4401 2541 3919 1541 4437 175 3846 4437 221 1840
4458 2690 1287 3653 515 515 2006 4437 221 1840 376 2590 1038 2456 376 3802 3012 3861 156 1038
175 3653 2065 4458 2690 1287 515 3764 3764 2282 2282 3653 515 175 3631 2282 1409 2282 515 3846
515 2402 2402 2065 175 2065 4458 2690 1287 3653 515 515 2006 4437 221 1840 3946 2590 1038 2456
2200 2456 3946 3802 2200 3861 156 1038 1319 4401 3646 1038 3846 4401 156 2200 531 4401 2200 2091
376 2541 4427 3861 3802 1038 1319 4401 3646 3919 1541 4401 2541 3919 1541 4437 175 3846 4437 221
2006 4437 221 1840 376 4401 3919 1635 376 2541 4427 3861 3802 1038 1319 4401 3646 3919 1541 4401
2690 1287 3653 515 515 2006 4437 221 1840 376 2590 1038 2456 376 3802 3012 3861 156 1038 1319
2541 2200 3846 4401 156 2200 531 4401 2200 2091 3646 2200 406 2611 2590 2200 406 2611 156 2200
515 175 515 2006 4437 221 1840 3946 2541 1038 1635 3946 3802 3431 3861 156 1038 1319 4401 156
2091 2837 3012 406 2611 2541 2811 3631 2282 1409 2282 3431 3861 156 3012 3653 515 406 2611 156
3802 3012 3861 156 1038 2099 4401 3646 1038 3846 4401 3802 1038 3012 4401 3431 2091 2837 1038 406
1038 1635 3946 3802 3012 3861 156 1038 2099 4401 3646 1038 2099 4401 3802 1038 3012 4401 3431 2091
2541 3919 1506 4401 2811 2091 3646 1038 2897 2611 2541 3919 406 2611 2541 1038 406 2611 3646 1038
3431 535 2541 3431 3861 2590 3431 1287 4401 156 531 1319 4401 2541 3431 2282 4401 3431 2091 2837
156 1038 1319 4401 2456 1038 1319 4401 175 2541 1038 3012 4401 3431 2091 3646 1038 2897 2611 2590
1840 3946 2590 1038 1635 3946 3802 3012 3861 156 1038 1319 4401 2456 1038 1319 4401 3646 1038 1319
4401 2541 531 1506 4401 2811 2091 3646 1038 2897 2611 2541 3919 406 2611 2541 1038 406 2611 3646
2282 1409 2282 3653 515 852 515 2006 4437 221 1840 2644 2541 4427 2456 2644 2456 3431 3861 156
2282 3653 515 175 3631 2282 1409 2282 515 3846 4437 3431 1840 531 4437 535 1635 531 2541 3431
175 3653 2065 4458 2690 1287 3653 515 175 515 2006 4437 221 1840 376 2590 1038 2456 376 3802
2402 515 175 3653 2065 4458 2690 1287 2402 2402 2690 1287 3653 515 852 515 3846 4437 3431 175
2541 1038 1635 3946 3802 3431 3861 156 1038 1319 4401 156 4427 2992 4401 3802 4427 2456 4401 3431
3802 3431 3861 156 1038 1319 4401 2456 1038 3653 515 175 1319 4401 3646 1038 531 4401 3431 2091
531 4437 535 1635 531 2541 3431 3861 156 535 1319 4401 3646 535 3631 2282 1409 2282 2099 4401
4401 2541 2200 3846 4401 156 2200 531 4401 2200 2091 3646 2200 406 2611 2590 2200 406 2611 156
3653 2065 4458 2690 1287 3653 515 175 515 406 4437 2200 1840 376 2611 1038 2629 376 3802 2200
3802 3431 3861 156 1038 1319 4401 156 4427 2992 4401 3802 4427 3946 4401 3431 2091 2837 3431 2992
3946 2541 1038 1635 3946 3802 3431 3861 156 1038 1319 4401 2456 1038 1319 4401 175 2541 1038 3012
515 2006 4437 221 1840 3946 2590 1038 1635 3946 3802 3012 3861 156 1038 2882 4401 3646 1038 2099
2644 2541 3431 2629 2644 156 3431 3861 156 3431 1319 4401 156 3012 2992 4401 3802 3431 2644 4401
156 1038 1319 4401 156 4427 2992 4401 3802 4427 3946 4401 3431 2091 2837 3431 2992 2611 3646 3012
3861 156 4427 1319 4401 3646 3431 175 2992 4401 2541 3012 3946 4401 3631 2282 1409 2282 3431 2091
3646 1038 1319 4401 2992 2091 2837 1038 406 2611 3802 1038 3653 515 2897 2611 156 1038 406 2611
1319 4401 156 1038 1319 4401 2541 4427 3946 4401 3431 2091 3646 1038 2992 2611 3802 1038 406 2611
1635 531 2541 3431 3861 156 535 1319 4401 3646 535 3631 2282 1409 2282 2099 4401 3646 535 531
3802 1038 3012 4401 3431 2091 2837 1038 406 2611 2541 1038 406 2611 156 1038 406 2611 156 1038
2402 2402 515 175 175 3653 2065 4458 2690 1287 515 3764 3764 2282 2282 3653 515 175 3631 2282
4458 2690 1287 3653 515 175 515 2006 4437 221 1840 376 2590 1038 2456 376 3802 2811 3861 156
1287 3653 515 3653 515 175 852 515 3846 4437 221 1840 376 2541 3919 2629 376 3802 3431 3861
3946 3802 3012 3861 156 1038 1319 4401 2456 1038 1319 4401 3646 1038 1319 4401 2992 2091 2837 1038
3653 515 175 515 3846 4437 3431 1840 3946 2541 3919 3764 3946 3802 3431 3861 156 1038 1319 4401
3646 1038 2897 4401 2811 2091 3646 1038 2897 2611 3802 1038 406 2611 156 4427 406 2611 156 3431
1840 2644 2541 4427 2456 2644 2541 3431 3861 156 4427 3946 4401 3646 3431 175 2992 4401 2541 3012
2065 4458 2690 1287 515 3846 4437 3431 1840 3946 2541 4427 2456 3946 3802 3431 3861 156 1038 1319
4437 3431 1840 2644 2541 3431 2629 2644 156 3431 3861 156 3431 1319 4401 156 3012 2992 4401 3802
1319 4401 2541 3431 2282 4401 3431 2091 2837 531 2897 2611 3802 1038 406 2611 156 4427 406 2611
4401 2541 3919 1541 4437 175 3846 4437 221 1840 3946 2590 1038 1635 3946 3802 3012 3861 156 1038
1038 3846 4401 2541 3919 1506 4401 2811 2091 3646 1038 2897 2611 2541 3919 406 2611 2541 1038 406
2065 3653 2690 1287 3653 515 515 2006 4437 221 1840 3946 2541 1038 1635 376 3802 3431 3861 156
4401 2541 4427 3946 4401 3431 2091 3646 1038 2992 2611 3802 1038 406 2611 156 2811 406 2611 156
1319 4401 175 2541 1038 3012 4401 3431 2091 3646 1038 2897 2611 2590 1038 406 2611 156 1038 406
2690 1287 3653 515 515 2006 4437 3919 1840 376 4401 3919 1635 376 2541 4427 3861 3802 1038 1840
535 1319 4401 3646 535 3631 2282 1409 2282 2099 4401 3646 535 531 4401 3653 515 2099 2091 2837
515 175 3653 2065 4458 2690 1287 3653 515 175 515 2006 4437 221 1840 3946 2541 1038 1635 3946
1287 3653 515 175 515 2006 4437 221 1840 376 2590 1038 2456 376 3802 2811 3861 156 1038 1319
515 2006 4437 221 1840 531 2611 1038 1635 3946 3802 3431 3861 156 4427 1319 4401 156 4427 2992
2541 3646 2644 535 2541 3431 3861 2590 3431 1287 4401 156 531 1319 4401 2541 3431 2282 4401 3431
1319 4401 2456 1038 1319 4401 175 2541 1038 3012 4401 3431 2091 3646 1038 2897 2611 2590 1038 406
4401 156 3012 2992 4401 3802 3431 2644 4401 3431 2091 2837 2811 406 2611 3646 2811 406 2611 156
3431 1840 3946 2541 4427 2456 3946 3802 3431 3861 156 1038 1319 4401 2456 1038 3653 515 175 2992
2541 3012 3946 4401 3631 2282 1409 2282 2099 2091 2837 3012 406 2611 2541 2811 3631 2282 1409 2282
3802 2200 3861 156 1038 1319 4401 2541 2200 3846 4401 156 2200 531 4401 2200 2091 3646 2200 406
1840 531 4437 535 1635 531 2541 3431 3861 156 535 1319 4401 3646 535 3631 2282 1409 2282 2099
2006 4437 221 1840 531 2611 1038 1635 3946 3802 3431 3861 156 4427 1319 4401 156 4427 2992 4401
2006 4437 221 1840 3946 2590 1038 2456 3946 3802 3431 3861 2456 1038 1319 4401 2456 1038 1319 4401
2402 515 175 175 3653 2065 4458 2690 1287 515 3764 3764 2282 2282 3653 515 175 3631 2282 1409
515 175 515 2006 4437 221 1840 3946 2541 1038 1635 3946 3802 2811 3861 156 4427 1319 4401 156
4401 3646 2811 2099 4401 2456 2811 1319 4401 2811 2091 2837 2811 2897 2611 2590 2811 406 2611 156
4401 3646 1038 2099 4401 3802 1038 3012 4401 3431 2091 2837 1038 406 2611 2541 1038 406 2611 156
2402 515 175 3653 2065 4458 2690 1287 3653 515 175 515 3846 4437 3431 1840 2644 2541 3431 2629
2811 3861 156 4427 1319 4401 156 1038 1319 4401 2541 4427 3946 4401 3431 2091 3646 1038 2897 2611
515 3653 175 2065 4458 2690 1287 3653 515 175 515 2006 4437 221 1840 1506 2456 3012 2629 1506
2282 1409 2282 515 3846 4437 3431 1840 531 4437 535 1635 531 2541 3431 3861 156 535 1319 4401
3631 515 2282 3653 1506 4401 2456 1038 2897 4401 3764 2282 2811 2091 3646 1038 3653 515 2897 2611
515 175 852 515 3846 4437 221 1840 376 2541 3919 2629 376 3802 3431 3861 3646 1038 3764 4401
2541 4427 3946 4401 3431 2091 3646 1038 2897 2611 3802 1038 406 2611 156 2811 406 2611 156 1038
4401 3802 1038 406 4401 3646 4427 2897 4401 2992 2091 2837 1038 2897 2611 2541 1038 406 2611 156
515 3653 175 2065 4458 2690 1287 515 3631 2282 1409 2282 3653 515 852 515 2006 4437 221 1840
515 2282 3653 1506 4401 2456 1038 2897 4401 3764 2282 3431 2091 3646 1038 3653 515 2897 2611 2590
1287 3653 515 175 515 2006 4437 221 1840 531 2611 1038 1635 3946 3802 3431 3861 156 4427 1319
2402 2402 2690 1287 3653 515 175 515 2006 4437 221 1840 3946 2590 1038 1635 3946 3802 3012 3861
4401 156 3431 531 4401 3431 2091 2837 3012 406 2611 2590 3012 406 2611 156 2811 406 2611 156
1409 2282 515 3846 4437 3431 1840 531 4437 535 1635 531 2541 3431 3861 156 535 1319 4401 3646
3802 3431 3861 3646 1038 3764 4401 3646 1038 3631 2282 1409 2282 1319 4401 3646 1038 531 4401 3431
2590 1038 1635 3946 3802 3012 3861 156 1038 1319 4401 2456 1038 1319 4401 3646 1038 1319 4401 2992
175 515 2006 4437 221 1840 376 2590 1038 2456 376 3802 2811 3861 156 1038 1319 4401 3802 1038
4458 2690 1287 2402 2402 2690 1287 3653 515 852 515 3846 4437 3431 175 3802 376 2541 1038 1635
4437 221 1840 1506 2456 3012 2629 1506 156 2811 2897 2611 156 2811 1319 4401 3646 2811 1319 4401
3919 406 2611 3646 1038 1409 2282 1409 2282 2992 3861 156 1038 3631 2282 1409 2282 2099 3861 156
2456 1038 1319 4401 175 2541 1038 3012 4401 3431 2091 3646 1038 2897 2611 2590 1038 406 2611 156
515 175 852 515 3846 4437 221 1840 376 2541 3919 2629 376 3802 3431 3861 3646 1038 3764 4401
4437 221 1840 3946 2590 1038 1635 3946 3802 3012 3861 156 1038 3946 4401 3646 1038 3846 4401 3802
3646 1038 2897 4401 2811 2091 3646 1038 2897 2611 3802 1038 406 2611 156 4427 406 2611 156 3431
2006 4437 221 1840 1506 2456 3012 2629 1506 156 2811 2897 2611 156 2811 1319 4401 3646 2811 1319
2541 1038 1635 376 3802 2811 2091 3646 1038 1506 4401 3802 4427 3631 515 2282 3653 1506 4401 2456
535 531 4401 3653 515 2099 2091 2837 535 2897 2611 2456 535 3631 2282 1409 2282 2099 3861 156
2402 515 3653 175 2065 4458 2690 1287 3653 515 175 515 2006 4437 221 1840 1506 2456 3012 2629
1287 3653 515 515 2006 4437 221 1840 3946 2590 1038 2456 3946 3802 3012 3861 156 1038 1319 4401
1287 2402 2402 2690 1287 3653 515 175 515 2006 4437 221 1840 3946 2541 1038 1635 3946 3802 3431
376 3802 2811 3861 156 1038 1319 4401 3802 1038 1319 4401 3646 1038 2897 4401 2992 2091 3646 1038
2541 4427 3861 3802 1038 1319 4401 3646 3919 1541 4401 2541 3919 1541 4437 175 3846 4437 221 1840
4458 2690 1287 2402 2402 2690 1287 3653 515 852 515 3846 4437 3431 175 3802 376 2541 1038 1635
3646 1038 2644 4401 3431 2091 3646 1038 406 2611 3802 4427 406 2611 156 1038 406 2611 156 4427
2065 4458 2690 1287 515 3846 4437 3431 1840 3946 2541 4427 2456 3946 3802 3431 3861 156 1038 1319
2541 1038 1635 3946 3802 2811 3861 156 4427 1319 4401 156 1038 1319 4401 2541 4427 3946 4401 3431
4437 221 1840 3946 2541 1038 1635 3946 3802 2811 3861 156 4427 1319 4401 156 1038 1319 4401 2541
175 3653 2065 4458 2690 1287 515 3764 3764 2282 2282 3653 515 175 3631 2282 1409 2282 515 3846
535 2897 2611 2456 535 3631 2282 1409 2282 2099 3861 156 535 406 2611 2456 535 3631 2282 1409
2065 4458 2690 1287 2402 2402 2690 1287 3653 515 175 515 2006 4437 221 1840 3946 2541 1038 1635
2690 1287 515 3764 3764 2282 2282 3653 515 175 3631 2282 1409 2282 3653 3846 4437 3431 1840 531
1319 4401 3802 1038 1319 4401 3646 1038 2897 4401 2811 2091 3646 1038 2897 2611 3802 1038 406 2611
1840 531 4437 535 1635 531 2541 3431 3861 156 535 1319 4401 3646 535 3631 2282 1409 2282 2099
3946 2541 1038 1635 3946 3802 2811 3861 156 4427 1319 4401 156 1038 1319 4401 2541 4427 3946 4401
4437 3431 1840 3946 2541 4427 2456 3946 3802 3431 3861 156 1038 1319 4401 2456 1038 3653 515 175
3646 1038 1506 4401 3802 4427 3631 515 2282 3653 1506 4401 2456 1038 2897 4401 3764 2282 3431 2091
3646 1038 2099 4401 3802 1038 3012 4401 3431 2091 2837 1038 406 2611 2541 1038 406 2611 156 1038
4401 2541 3012 3946 4401 3631 2282 1409 2282 2099 2091 2837 3012 406 2611 2541 2811 3631 2282 1409
2690 1287 515 3764 3764 2282 2282 3653 515 175 3631 2282 1409 2282 3653 3846 4437 3431 1840 531
3431 175 1635 376 2541 1038 1635 376 3802 2811 2091 3646 1038 1506 4401 3802 4427 3631 515 2282
3653 515 175 515 2006 4437 221 1840 531 2611 1038 1635 3946 3802 3431 3861 156 4427 1319 4401
4401 3646 1038 2099 4401 3802 1038 3012 4401 3431 2091 2837 1038 406 2611 2541 1038 406 2611 156
2590 1038 2456 3946 3802 3012 3861 156 1038 1319 4401 156 1038 175 1319 4401 3646 4427 3946 4401
2402 2690 1287 3653 515 3653 515 175 852 515 3846 4437 221 1840 376 2541 3919 3764 376 3802
156 1038 1319 4401 2541 4427 3946 4401 3431 2091 3646 1038 2992 2611 3802 1038 406 2611 156 2811
3946 2590 1038 1635 3946 3802 3012 3861 156 1038 1319 4401 2456 1038 1319 4401 3646 1038 1319 4401
1038 1319 4401 156 4427 2992 4401 3802 4427 3946 4401 3431 2091 2837 3431 2992 2611 3646 3012 406
3646 1038 1506 4401 3802 4427 3631 515 2282 3653 1506 4401 2456 1038 2897 4401 3764 2282 3431 2091
3431 3012 4401 156 531 1319 4401 2541 3431 2282 4401 3431 2091 2837 531 2897 2611 3802 1038 406
3012 2629 1506 156 2811 2897 2611 156 2811 1319 4401 3646 2811 1319 4401 2456 2811 1319 4401 2811
1840 3946 2590 1038 1635 3946 3802 3012 3861 156 1038 1319 4401 2456 1038 1319 4401 3646 1038 1319
2541 1038 1635 376 3802 2811 3861 156 4427 1319 4401 3802 1038 406 4401 3646 4427 2897 4401 2992
4401 3646 1038 2099 4401 3802 1038 3012 4401 3431 2091 2837 1038 406 2611 2541 1038 406 2611 156
1506 4401 3802 4427 3631 515 2282 3653 1506 4401 2456 1038 2897 4401 3764 2282 3431 2091 3646 1038
515 175 515 2006 4437 2200 1840 3946 2590 4427 2456 3946 3802 2200 3861 156 1038 1319 4401 2541
1038 1635 376 3802 2811 2091 3646 1038 1506 4401 3802 4427 3631 515 2282 3653 1506 4401 2456 1038
2402 2690 1287 3653 515 175 515 2006 4437 221 1840 3946 2590 1038 1635 3946 3802 3012 3861 156
2065 4458 2690 1287 3653 515 175 515 2006 4437 221 1840 1506 2456 3012 2629 1506 156 2811 2897
1319 4401 2541 4427 3946 4401 3431 2091 3646 1038 2992 2611 3802 1038 406 2611 156 2811 406 2611
1319 4401 3802 1038 1319 4401 3646 1038 2897 4401 2811 2091 3646 1038 2897 2611 3802 1038 406 2611
2690 1287 3653 515 515 2006 4437 3919 1840 376 4401 3919 1635 376 2541 4427 3861 3802 1038 1840
2590 1038 1635 3946 3802 3012 3861 156 1038 1319 4401 2456 1038 1319 4401 3646 1038 1319 4401 2992
1038 1635 3946 3802 3431 3861 156 1038 1319 4401 2456 1038 1319 4401 175 2541 1038 3012 4401 3431
1409 2282 515 3846 4437 3431 1840 531 4437 535 1635 531 2541 3431 3861 156 535 1319 4401 3646
515 2006 4437 221 2837 3946 2541 3646 2644 535 2541 3431 3861 2590 3431 3012 4401 156 531 1319
2402 515 3653 175 2065 4458 2690 1287 515 3631 2282 1409 2282 3653 515 852 515 2006 4437 221
1409 2282 1319 4401 3646 1038 531 4401 3431 2091 2837 3919 406 2611 3646 1038 1409 2282 1409 2282
3946 3802 3431 3861 3646 1038 3764 4401 3646 1038 3764 2282 1409 2282 1319 4401 3646 1038 531 4401
3653 515 515 2006 4437 221 1840 3946 2590 1038 2456 3946 3802 3012 3861 156 1038 1319 4401 156
3861 156 3431 1319 4401 156 3012 2992 4401 3802 3431 2644 4401 3431 2091 2837 2811 406 2611 3646
2456 2811 1319 4401 2811 2091 2837 2811 2897 2611 2590 2811 406 2611 156 2811 406 2611 156 2811
2282 3653 515 852 515 2006 4437 221 1840 2644 2541 4427 2456 2644 2456 3431 3861 156 4427 3946
3646 4427 3946 4401 2200 2091 2837 2811 2897 2611 2541 1038 406 2611 156 4427 406 2611 156 4427
1287 2402 2402 2690 1287 3653 515 175 515 2006 4437 221 1840 3946 2590 1038 1635 3946 3802 3012
1319 4401 2456 1038 1319 4401 175 2541 1038 3012 4401 3431 2091 3646 1038 2897 2611 2590 1038 406
531 2611 1038 1635 3946 3802 3431 3861 156 4427 1319 4401 156 4427 2992 4401 156 3431 531 4401
3861 156 1038 1319 4401 156 4427 2992 4401 3802 4427 3946 4401 3431 2091 2837 3431 2992 2611 3646
1635 3946 3802 3012 3861 156 1038 1319 4401 2456 1038 1319 4401 3646 1038 1319 4401 2992 2091 2837
2811 3861 156 1038 1319 4401 3802 1038 1319 4401 3646 1038 2897 4401 2992 2091 3646 1038 2897 2611
3802 2811 3861 156 4427 1319 4401 156 1038 1319 4401 2541 4427 3946 4401 3431 2091 3646 1038 2897
1287 4401 156 531 1319 4401 2541 3431 2282 4401 3431 2091 2837 531 2897 2611 3802 1038 406 2611
2402 2402 2690 1287 3653 515 852 515 3846 4437 3431 175 3802 376 2541 1038 1635 376 3802 2811
531 1319 4401 2541 3431 2282 4401 3431 2091 2837 531 2897 2611 3802 1038 406 2611 156 4427 406
1287 3653 515 175 515 2006 4437 221 1840 3946 2541 1038 1635 3946 3802 2811 3861 156 4427 1319
3946 2590 1038 2456 3946 3802 3012 3861 156 1038 1319 4401 156 1038 175 1319 4401 3646 4427 3946
515 3653 515 175 852 515 3846 4437 221 1840 3946 2541 531 2629 376 3802 3431 3861 3646 1038
515 3653 175 2065 4458 2690 1287 515 3631 2282 1409 2282 3653 515 852 515 2006 4437 221 1840
3861 156 1038 1319 4401 2541 1038 3846 4401 156 531 531 4401 2200 2091 3646 2200 406 2611 2590
3861 156 4427 1319 4401 156 4427 2992 4401 156 3431 531 4401 3431 2091 2837 3012 406 2611 2590
3846 4437 221 1840 3946 2590 1038 1635 3946 3802 3012 3861 156 1038 1319 4401 2456 1038 1319 4401
1038 1319 4401 3646 1038 3846 4401 2541 3919 1506 4401 2811 2091 3646 1038 2897 2611 2541 3919 406
531 2541 3431 3861 156 535 1319 4401 3646 535 3631 2282 1409 2282 2099 4401 3646 535 531 4401
