103 339 800 800 800 800 1472 339 800 1472 1879 103 1915 1915 1915 103 1915 1915 1915 103
1879 103 103 1472 1879 103 906 1879 103 906 1879 103 906 171 1472 171 171 171 171 103
1879 1366 906 906 906 1366 906 906 906 103 906 906 103 103 103 906 1472 1879 1879 777
103 1472 103 1366 339 339 800 802 802 1472 800 339 339 800 800 802 45 45 331 1366
331 1366 331 1574 1366 331 1574 1366 1574 331 1574 1366 1574 1574 1472 1366 800 1472 1366 339
1472 1879 1879 1879 103 103 1879 1879 1879 171 103 906 1472 103 906 103 906 103 906 103
1915 1915 103 1915 1915 1915 103 1915 1915 103 1915 1472 103 103 465 465 103 103 1915 465
800 800 1472 339 1574 1472 1879 1366 906 906 906 1366 906 1697 906 103 906 906 103 103
800 800 800 1472 339 800 1472 1879 1366 906 906 906 1366 906 906 906 103 906 1697 103
339 103 800 800 802 103 331 802 45 331 1366 331 331 1366 1574 331 331 1366 331 1574
171 171 1472 171 171 171 171 1472 906 906 1879 1879 1879 171 1472 1879 1879 171 171 171
802 802 802 802 802 802 802 802 802 252 252 252 252 252 252 252 252 252 252 252
339 339 339 802 1273 1273 1273 1273 1273 1273 1273 1273 1249 252 252 252 993 252 252 252
906 171 906 906 906 103 103 906 1472 1879 171 103 103 906 906 906 906 103 906 906
993 993 802 802 45 45 1472 1366 800 1472 1366 339 339 339 339 800 800 800 800 1472
1472 1879 103 906 1879 777 906 1879 103 906 171 1472 171 171 171 171 339 800 802 802
1879 1366 906 906 906 1366 103 465 906 906 1472 906 1366 103 906 103 1472 103 1879 1879
1879 171 103 906 1472 777 906 777 906 103 906 103 906 777 906 103 906 1879 1879 103
993 993 993 993 993 993 993 993 993 802 802 45 45 1472 1366 800 1472 1366 339 1366
1366 1574 331 331 802 1574 777 331 1574 1574 1574 1574 1574 1574 1366 331 1574 1366 1574 331
993 993 993 993 993 993 993 993 993 993 993 993 993 802 802 45 45 800 1366 800
906 1366 906 906 906 103 906 906 103 103 906 103 1472 1879 1879 777 103 1879 1879 1879
800 1472 339 800 1472 1879 1366 906 906 906 1366 906 906 906 103 906 906 103 103 906
802 1273 1472 800 1366 339 103 1366 800 800 1574 802 45 45 1574 1366 331 1574 1366 1574
103 1879 906 906 1879 103 1879 103 103 777 906 103 1472 906 777 1915 1472 1879 1879 1879
906 1879 103 103 906 103 906 103 906 103 906 1879 1879 103 1472 1879 103 906 777 103
1574 1574 1273 1273 1249 1249 1249 1249 1249 1249 1249 1249 1249 1249 1249 1249 1249 1249 1249 1249
800 1472 1879 1366 906 906 906 1366 906 906 906 103 906 906 103 103 103 906 1472 1879
103 1915 103 1915 103 1915 103 1915 1879 1915 103 103 103 1472 1879 171 171 171 171 1472
1879 103 906 171 171 171 1472 171 906 339 1472 1574 1879 1879 1915 1879 339 1472 1574 331
800 339 1366 800 800 45 45 331 1366 331 331 1366 1574 331 331 1366 331 1574 1366 331
1366 339 339 339 339 800 800 800 800 1472 339 1472 1472 1879 1366 906 1915 906 1366 906
103 906 1879 103 103 1472 1879 103 906 1879 1879 103 1879 1879 103 171 1472 171 171 171
1366 1366 339 1472 800 800 800 800 103 103 103 1472 103 777 339 800 1472 800 339 800
1366 906 906 906 1366 906 906 906 103 906 906 103 103 103 906 1472 906 1879 777 103
339 339 339 339 800 800 800 800 1472 339 1472 1472 1879 1366 906 906 906 1366 906 906
800 800 1472 339 800 1249 339 906 1574 1574 1472 1472 1472 1574 1472 1472 1472 1574 1472 1472
802 802 802 1472 993 1472 1366 800 1472 103 339 777 103 339 800 800 800 800 1472 103
1574 1574 1574 1574 1574 802 802 45 802 1472 1366 800 1472 1366 339 777 103 339 800 800
103 777 906 103 906 103 906 103 906 1879 1879 103 103 1472 1879 777 906 1879 777 103
339 800 800 800 800 1472 339 906 906 906 1366 906 906 906 1366 1879 906 171 906 906
103 906 103 906 103 906 103 906 1879 777 1472 1879 103 906 1879 103 171 171 1472 171
802 802 802 802 1273 802 1249 1249 1249 1249 1249 1249 1249 1249 1249 1249 1249 1249 1249 1249
1574 1574 1574 1574 1574 1574 1574 1574 1574 1574 1574 1574 1574 1574 802 802 1574 1574 1574 1574
1366 906 906 906 1574 1366 465 1879 1879 1574 1574 777 777 906 906 906 1879 777 906 777
103 103 660 103 800 1472 800 1366 103 800 800 1574 1366 800 1472 103 339 777 103 339
1366 800 1472 103 339 777 103 339 800 800 800 800 1472 1366 1574 1472 1879 103 906 906
906 1879 103 171 171 103 1472 171 103 103 339 339 800 802 802 802 1472 800 1366 103
802 802 1472 800 339 339 800 800 802 45 1574 1366 331 1574 1366 1574 331 331 1366 331
339 339 800 1472 800 171 906 906 906 103 906 906 339 1574 800 800 171 103 906 1472
171 171 103 1472 103 1366 339 339 800 802 802 1472 800 339 1366 800 800 802 45 45
103 906 1879 1879 103 103 1472 1879 1879 777 906 1879 777 906 1879 777 906 103 1472 171
103 103 1472 465 171 171 171 171 1472 103 103 1574 777 103 800 1472 800 103 103 103
103 800 1574 1574 1574 1574 1574 1574 1574 1574 1574 1574 1574 1574 1574 331 1574 1574 1574 802
802 802 802 252 252 252 252 252 252 252 252 252 252 252 252 252 252 252 252 802
331 331 1366 331 1574 1366 800 1574 1366 103 800 1574 1366 1574 1574 1366 800 1472 103 339
906 906 103 103 906 1472 103 1879 1879 1879 103 103 1879 1879 1879 103 103 906 1472 777
1366 331 331 1366 331 1574 1366 331 1574 1366 103 800 1574 1366 1574 1574 1366 800 1472 103
171 171 171 171 1472 103 103 1574 103 103 800 1472 800 103 103 103 800 800 103 800
802 339 1472 1366 800 906 1366 339 339 339 339 800 800 800 800 1472 1366 1472 1472 1879
1574 331 331 1366 331 1574 1574 1574 1574 1574 1574 1366 331 1574 1574 103 1574 1574 1574 1574
993 993 993 993 993 993 993 993 993 993 993 993 993 802 802 45 45 1574 1366 800
171 1472 171 103 171 339 339 800 802 802 802 1472 800 1366 103 800 800 45 339 1574
1574 1574 1574 1574 171 802 802 1574 1574 1574 171 1574 1574 802 1574 1574 1574 1574 802 802
171 906 906 1472 103 906 103 906 1879 103 906 103 906 103 906 1879 103 103 1472 1879
906 1366 906 906 906 103 906 906 103 906 1472 103 103 1879 1879 103 103 906 1879 1879
1472 103 906 103 906 103 906 103 906 103 906 103 906 1879 103 103 1472 1879 777 906
1574 1366 331 1574 1366 103 800 1574 1366 1574 1574 1366 800 1472 1366 339 103 103 339 800
252 252 993 252 993 252 993 252 252 252 802 802 45 45 800 1366 800 1472 103 339
802 252 252 252 252 252 252 252 252 252 252 252 252 252 252 252 252 802 802 802
103 103 103 1879 339 800 1472 800 1366 1366 800 800 1574 1366 800 1472 103 339 777 103
252 252 252 252 252 252 252 252 252 252 252 252 252 252 252 252 802 802 802 252
993 993 993 993 993 993 993 802 802 802 802 1472 1366 800 1472 103 339 777 103 339
1574 1366 800 1472 103 339 777 103 339 800 800 800 800 1472 339 1574 1472 1879 103 906
1472 800 1366 339 103 1366 800 800 1574 802 45 45 1574 1366 331 1574 1366 1574 331 331
1273 1574 1574 1574 103 1574 1574 802 1574 1574 1574 1574 802 802 1574 1574 802 802 802 802
1879 1879 171 103 906 1472 103 906 103 906 777 1915 777 906 103 777 906 906 1879 103
252 252 252 252 252 252 252 252 252 252 1574 1574 1574 1574 1574 802 802 45 802 1472
171 906 906 906 171 906 906 906 171 906 906 171 171 906 1472 171 1879 1879 171 171
1879 103 103 1915 1879 1879 171 103 906 1472 777 906 777 906 1879 1879 103 777 906 103
800 800 1472 339 1472 1472 1879 1366 906 906 906 1366 906 906 906 103 906 906 103 103
103 1879 1879 103 103 906 1879 1879 1879 171 103 906 1472 1879 103 1879 103 1879 103 1879
906 1472 103 906 777 1879 1879 103 1879 103 103 906 1879 1879 777 103 103 906 1472 1879
1915 103 1915 103 906 103 906 1879 171 103 1472 1879 103 1915 171 171 171 1472 171 1915
800 800 1472 339 906 906 906 1366 906 906 906 1366 1879 906 103 906 906 906 103 103
906 1879 1879 1879 103 103 906 1472 1879 103 1879 103 103 906 777 906 777 906 1879 103
906 906 906 1366 906 906 906 103 906 906 103 103 906 1472 103 1879 1879 1879 103 103
802 802 802 802 802 802 802 1249 1249 252 252 252 252 252 252 252 252 1249 252 252
906 777 906 103 906 103 906 1879 777 906 1879 103 906 1879 777 171 171 1472 171 103
800 1472 1879 1366 906 906 906 1366 1915 906 906 777 1915 906 103 103 103 906 1472 1879
802 802 802 802 802 802 802 802 252 252 252 252 252 252 252 252 252 252 252 252
103 103 906 1472 1879 1879 103 103 906 103 103 1472 103 103 103 103 777 339 800 1472
1366 331 103 331 1574 1366 1366 331 1574 1366 1574 339 1574 1574 1366 1574 1574 1366 331 1574
339 339 1574 339 800 800 800 800 1472 339 800 1472 1879 1366 906 906 906 1366 906 906
1472 339 800 1472 1879 1366 906 906 906 1366 906 906 906 103 906 906 103 103 103 1697
339 339 339 339 339 1273 1273 1273 1273 1273 1273 1273 1273 1273 1249 1249 252 252 252 252
906 906 1366 906 906 906 103 906 906 103 906 103 1472 103 1879 1879 103 103 906 1879
1879 103 906 171 171 1472 171 103 103 339 103 800 103 802 802 1472 800 103 103 103
906 1472 1879 1879 103 103 1879 103 103 1472 777 777 171 103 339 339 800 1472 800 339
103 1879 1879 103 103 906 339 800 1472 1879 103 777 1574 1574 1472 103 906 906 906 103
103 339 800 800 800 800 1472 339 1574 1472 1879 1366 906 906 906 1366 906 906 906 103
906 1915 906 103 906 1915 103 103 906 103 1472 1879 1879 1879 103 103 1879 1879 1879 171
252 252 252 252 252 252 252 252 252 252 252 252 252 252 252 252 802 802 45 45
171 103 660 103 800 1472 800 1366 103 800 800 1472 1366 800 1472 103 339 103 103 339
1574 1574 1366 800 1472 1366 339 1366 1366 339 800 800 800 800 1472 1366 800 1472 1879 1366
1472 1879 1879 1366 103 103 1472 103 906 103 906 1879 1879 1879 1879 103 906 906 777 906
1879 1879 1879 103 906 906 777 906 906 777 1879 1879 777 906 1879 1879 103 1915 103 1366
339 339 802 802 802 1273 1273 1273 1273 1273 802 252 252 252 252 252 252 252 252 252
802 103 800 1472 339 800 1472 1879 1366 906 906 906 1366 906 906 906 103 906 906 1366
802 802 103 906 906 906 103 906 906 103 103 906 1472 103 1879 1879 1879 103 103 1879
1574 1574 1574 1574 1574 1574 1574 1574 331 1574 1574 1574 1574 1574 1574 1574 802 802 1574 1574
1273 1273 1273 1273 1574 1249 1249 1249 1249 1249 1249 1249 1249 1249 1249 1249 1249 1249 1249 1249
906 906 103 103 103 906 1472 906 1879 777 103 1879 1879 1879 103 103 906 103 906 1472
1472 1879 1879 171 171 171 1472 171 171 171 103 103 103 802 103 103 103 103 103 993
777 103 1879 1879 1879 103 103 906 906 906 103 906 103 906 1879 103 777 906 777 906
1574 45 802 1574 1366 800 1472 1366 1697 339 1574 800 800 800 906 1273 800 800 1472 339
1472 1879 103 906 171 1472 171 171 171 171 103 800 802 802 802 802 802 802 802 802
906 1879 103 103 906 1472 1879 103 906 1879 171 171 103 1472 171 103 171 339 339 800
103 171 171 1472 171 103 171 339 339 800 802 1472 800 1366 103 800 800 45 339 1574
993 993 993 993 993 993 993 993 993 993 993 993 993 993 802 802 45 802 800 1366
777 103 1879 1879 1879 103 103 906 103 906 1472 906 103 1879 906 103 777 906 103 906
339 800 802 802 1472 800 339 1366 800 800 802 45 331 1366 331 331 1366 1574 331 331
1574 1366 331 1574 1366 1574 331 331 1366 331 1574 1366 331 1574 1366 103 331 1574 1366 1574
993 802 802 1472 45 1472 1366 800 1915 1366 339 777 1366 339 800 800 800 800 1472 1366
103 906 1472 906 103 1879 906 103 777 906 103 906 1879 1879 777 906 103 906 906 103
906 906 906 103 103 1879 103 103 1472 103 103 171 103 777 777 800 1472 800 1366 103
802 802 1273 802 802 802 802 802 252 252 252 252 252 252 252 252 252 252 252 252
802 802 1472 993 1472 1366 800 1472 103 339 777 103 339 800 800 800 800 1472 103 800
103 103 339 339 800 1574 1574 1574 1574 1574 1574 1472 1574 1366 339 103 800 800 802 802
339 800 800 800 800 1472 339 800 1472 1879 1366 906 906 906 1366 906 1915 906 103 906
103 1574 1574 1366 331 1574 1366 103 331 1574 1366 1574 1574 1366 800 1472 1366 339 777 103
802 802 802 802 1273 802 1249 1249 1249 1249 1249 1249 1249 1249 1249 1249 1249 1249 1249 1249
802 802 252 252 252 252 252 252 252 252 252 252 252 252 252 252 252 252 802 802
802 802 802 802 1273 802 1249 1249 1249 1249 1249 1249 1249 1249 1249 1249 1249 1249 1249 1249
1472 103 1366 1697 339 800 1472 800 802 103 1366 800 800 1574 1574 1574 1574 1574 1574 331
906 1879 1879 1879 777 103 906 906 777 906 103 906 103 906 103 906 103 906 103 906
103 1915 1879 171 103 1472 1879 103 906 171 171 171 1472 171 1915 1366 1472 331 1879 1879
103 906 1879 103 1472 1879 103 906 1879 777 171 171 1472 171 103 171 339 339 800 802
1273 1273 1273 1273 1574 1249 1249 1249 1249 1249 1249 1249 1249 1249 1249 1249 1249 1249 1249 1249
103 1915 171 171 171 103 1472 171 103 777 103 800 103 103 103 800 103 103 103 800
800 1472 339 1574 1915 465 1366 906 906 906 1366 906 906 906 103 906 906 103 103 906
800 800 800 1472 339 1472 1472 1879 1366 906 906 906 1366 906 906 906 103 906 906 103
103 906 1915 906 103 906 906 103 103 906 103 1472 1879 1879 777 103 906 1879 1879 1879
800 1273 802 802 1472 800 103 339 103 800 800 45 802 331 1366 331 331 1366 1574 331
802 1472 1366 800 1472 1366 339 339 1366 339 800 800 800 800 1472 1366 1574 1472 1879 1366
1574 1574 103 1574 1574 1574 1574 1574 171 1574 1574 777 1574 1574 1574 1574 1574 1574 1574 1574
103 1472 906 103 906 103 171 171 103 1472 171 103 339 339 103 1574 802 802 1472 800
171 103 1574 1574 1574 802 1273 1574 1249 1249 252 252 252 252 252 252 252 252 1249 252
1366 331 103 1574 1574 1366 331 1574 1366 1574 331 1574 1366 1574 1574 1366 800 1472 1366 339
906 339 1879 103 906 1879 777 171 171 103 1472 171 103 103 339 339 800 802 802 802
800 800 800 800 1472 339 1574 906 1879 1366 906 906 1697 1366 906 1697 906 777 906 906
993 993 993 993 993 993 802 802 45 45 1472 1366 800 1472 1366 339 777 1574 339 800
103 906 103 906 1879 1879 1879 1879 103 906 906 777 906 906 777 1879 1879 777 906 1879
802 802 1273 1472 800 1366 1366 800 800 103 800 45 45 1574 1366 331 1574 1366 1574 800
800 800 1472 339 800 1472 1879 1366 906 906 906 1366 906 906 906 103 906 906 103 103
331 1366 331 331 1366 1574 331 331 1366 331 331 1574 1366 331 1574 1366 103 331 331 1366
993 993 993 993 993 993 993 993 993 993 802 802 802 45 800 1366 800 1472 1366 339
800 800 800 1472 339 1472 906 1879 1366 906 906 906 1366 906 906 906 103 906 906 103
339 339 800 800 103 800 1574 1574 1574 1574 1574 1574 1574 1574 1574 331 1574 1574 1574 331
1915 906 1366 906 906 906 103 906 1915 103 103 103 906 1472 1879 1879 103 103 906 1879
906 103 906 103 906 103 906 103 906 1879 1879 171 906 906 103 1472 1879 103 906 1879
1574 1574 1366 800 1472 1366 339 1366 1366 339 800 800 800 800 1472 1366 800 1472 1879 1366
1273 1273 1273 1273 1574 1249 1249 1249 1249 1249 1249 1249 1249 1249 1249 1249 1249 1249 1249 1249
906 1472 103 1879 1879 1879 103 103 906 1879 1879 103 906 1472 777 906 777 906 103 906
906 906 1366 906 906 906 103 906 906 103 103 906 1472 103 1879 1879 103 103 906 103
1366 339 339 1574 339 800 800 800 800 1472 339 1574 1472 1879 1366 906 906 906 1366 906
1273 1273 1273 1273 1273 1273 1472 802 1273 1273 1472 339 1472 1366 800 1472 103 339 777 103
171 171 171 171 1574 103 103 800 1273 103 802 1273 802 1273 1273 103 103 800 103 1574
1574 1574 1574 802 802 1574 1574 1574 1574 802 802 1574 802 1574 1574 1366 800 1472 1366 339
171 103 906 1472 103 906 103 906 1879 103 906 103 906 103 906 1879 103 103 1472 1879
993 993 252 252 993 252 802 1273 45 339 800 1366 800 1472 103 339 777 103 339 800
993 993 993 993 993 993 993 993 993 993 993 252 252 802 802 45 45 800 1366 800
339 339 777 339 800 800 800 800 1472 339 800 1915 465 1366 906 906 906 1366 906 906
1879 1879 103 103 103 906 1472 1879 103 906 171 171 171 103 906 171 103 339 777 800
1879 103 171 171 103 1472 103 103 339 339 800 802 1574 1574 1574 1574 1574 1472 1574 1366
339 800 802 1472 800 339 339 800 800 45 802 1574 1366 331 1574 1366 1574 331 331 1366
1574 1574 1472 1574 1574 1574 331 802 802 802 1574 1574 1366 331 1574 1366 1574 331 331 1366
800 800 906 1366 800 906 1366 339 339 339 339 800 800 800 800 1472 339 1574 1472 1879
331 331 1574 1366 331 1574 1366 103 800 1574 1366 1574 1574 1366 800 1472 103 339 777 1574
906 906 1697 103 906 906 1472 103 103 1697 1574 1879 1879 103 103 1472 339 800 1472 1879
252 252 802 802 45 339 1574 1366 800 1472 1366 339 339 1366 339 800 800 800 800 1472
1574 1574 1574 1574 1366 331 1574 1366 1574 1574 1366 1574 45 802 1574 1366 800 1472 1366 1697
993 993 993 993 993 993 993 993 802 802 45 45 1574 1366 800 1472 1366 339 777 103
339 339 800 802 1273 1472 800 1366 339 103 800 800 802 103 331 802 45 331 1366 331
906 1472 1879 1879 777 103 906 1879 1879 1879 171 103 906 1472 103 906 103 906 777 906
1472 339 1574 1472 1879 1366 906 906 906 1366 906 906 906 103 906 906 103 103 103 906
103 1472 1879 103 906 1879 777 906 1879 103 906 171 1472 171 171 171 171 339 800 802
1273 1273 1273 1273 1249 1249 1249 1249 1249 1249 1249 1249 1249 1249 1249 1249 1249 1249 1249 1249
1472 1879 1879 103 1879 103 171 171 1472 171 103 171 1472 1879 339 800 802 802 1472 800
1879 103 103 103 1472 171 103 171 339 339 800 1574 802 802 1472 800 1366 103 800 800
1366 906 906 906 1366 906 906 906 103 906 906 103 103 103 906 1472 1879 1879 777 103
1574 1574 103 1574 1574 802 1574 1574 1574 1574 802 802 1574 1574 802 802 802 802 802 802
103 103 1472 171 103 1879 171 1472 906 103 1472 103 103 103 800 802 1273 103 103 802
103 906 103 103 906 906 1472 1879 1879 1366 103 103 1472 103 906 103 906 1879 1879 1879
103 906 777 906 777 906 1879 103 1879 103 906 906 1879 103 906 1879 103 906 1879 103
906 103 103 103 906 1472 1879 1879 103 103 1879 103 1472 777 777 103 1366 777 339 800
802 45 45 331 1366 331 1574 1366 1574 331 331 1366 331 1574 1366 331 1574 1366 103 800
800 1574 1574 1574 1574 1574 1574 1574 1574 1574 1574 1574 1574 1574 1574 1574 1574 802 1574 1574
103 906 103 906 777 906 777 906 777 906 103 906 1879 777 906 1472 1879 103 906 1879
993 993 993 993 802 802 1472 339 1472 1366 800 1472 1366 339 339 1574 339 800 800 800
1472 800 339 1366 800 800 45 45 331 1366 331 331 1366 1574 331 331 1366 331 1574 1366
906 1472 103 906 906 906 103 906 906 103 103 906 103 1472 1879 1879 777 103 906 1879
1366 1574 1574 1366 800 1472 1366 339 339 1366 339 800 800 800 800 1472 339 1574 1472 1879
103 103 906 1472 777 906 1879 103 103 906 103 906 103 906 103 906 1879 1879 103 1472
1879 103 777 906 777 906 103 906 103 906 1879 777 906 1879 103 906 1879 777 171 171
252 993 252 252 252 252 252 802 802 45 993 1574 1366 800 1472 103 339 777 103 339
906 906 103 103 103 906 1472 1879 1879 777 103 906 1879 1879 1879 171 103 906 1472 103
993 993 802 802 45 45 1574 1366 800 1472 103 339 777 777 339 800 800 800 800 1472
1366 800 1472 1366 339 339 103 339 800 800 800 800 1472 339 800 1472 1879 103 906 906
103 1472 171 1472 103 339 339 800 802 1273 1472 800 1366 339 103 800 800 802 339 331
906 1366 906 906 906 103 906 906 103 103 103 906 1472 1879 1879 777 103 1879 1879 1879
1574 906 906 1366 906 906 1915 1366 906 906 906 103 906 906 103 103 906 103 1472 1879
906 1879 103 1472 1879 103 906 1879 777 171 171 1472 171 103 171 339 339 800 802 802
1574 1366 800 1472 1366 339 339 1366 339 800 800 800 800 1472 1366 1574 1472 1879 1366 906
103 906 103 906 103 465 339 906 777 906 1879 103 1879 1879 777 1472 1879 777 906 103
103 906 906 906 1366 906 1915 1915 103 906 906 103 103 103 906 1472 1879 1879 103 103
1472 103 1879 1879 1879 103 103 1879 1879 1879 103 103 906 1472 777 906 777 906 103 906
906 1879 103 171 103 1472 171 171 103 339 339 800 802 1273 1472 800 103 103 103 1366
252 993 252 252 993 252 993 993 993 252 993 252 252 802 802 802 802 1472 1366 800
252 252 252 252 252 252 993 993 252 1574 1574 1574 1574 1574 802 802 45 802 1472 1366
1879 1366 906 1915 906 1366 906 1915 1915 103 906 906 103 103 103 906 1472 1879 1879 103
103 1472 171 103 171 339 339 800 802 802 1273 1472 800 1366 103 800 800 103 800 45
339 800 1472 1879 1366 906 906 906 800 103 906 906 906 103 906 465 103 800 103 906
800 339 339 800 800 906 1366 800 906 1366 339 339 339 339 800 800 800 800 1472 339
331 1366 331 1574 1366 331 1574 1366 103 331 1574 1366 1574 1472 1366 800 1472 103 339 777
777 339 802 802 802 1273 1273 1273 1273 1273 802 252 252 252 252 252 252 252 252 252
103 103 906 103 103 1472 103 777 103 103 1879 339 800 1472 800 339 103 800 800 103
906 103 906 906 103 103 906 1472 103 103 103 906 171 1472 1879 103 171 1472 777 1366
1879 103 1879 1574 103 1472 171 171 171 171 103 800 1574 1574 1574 1574 103 1574 103 1574
103 906 103 906 103 906 103 906 103 906 103 906 1879 777 906 1879 103 906 1879 777
103 103 660 103 800 1472 800 1366 103 800 800 1574 1366 800 1472 103 339 777 103 339
800 1472 339 1472 1472 1879 1366 906 906 906 1366 906 906 906 103 906 906 103 103 906
1472 339 800 1472 1879 1366 1915 906 1915 1366 1915 906 906 103 1915 906 103 103 103 906
1366 339 339 1574 339 800 800 800 800 1472 339 1574 1472 1879 1366 906 906 906 1366 906
802 802 1574 802 1574 1574 1366 800 1472 1366 339 339 1366 339 800 800 800 800 1472 1366
993 993 252 993 252 252 802 802 802 802 906 1366 800 1472 1366 339 339 339 339 800
906 1915 103 906 906 103 800 103 906 103 1472 1472 103 1879 1879 103 906 103 103 103
103 339 339 800 1472 802 1273 1472 800 1366 339 103 1366 800 800 1574 1574 1366 800 1472
1273 1472 800 1366 1366 800 800 103 800 45 45 1574 1366 331 1574 1366 1574 800 800 1366
800 1472 103 339 777 777 339 800 800 800 800 1472 339 1574 1472 1879 103 906 906 906
906 906 103 906 906 103 103 906 103 1472 1879 1879 103 103 906 1879 1879 1879 777 103
45 802 1366 339 339 339 339 800 800 800 800 1472 339 1472 1472 1879 1366 906 906 906
339 802 802 802 1273 802 1273 1273 1273 802 252 252 252 252 252 252 252 252 252 252
339 1574 906 906 1366 906 906 1472 1366 906 906 906 103 906 1915 103 103 1915 103 1472
800 45 45 331 1366 331 1574 1366 1574 331 331 1366 331 1574 1366 331 1574 1366 1574 331
906 777 906 103 906 777 906 777 906 1879 103 1879 103 906 1879 103 906 1879 777 906
339 339 339 800 800 800 800 1472 339 1472 1472 1879 1366 906 906 906 1366 906 906 906
1879 171 103 906 906 1472 103 906 1879 103 103 777 906 103 906 1879 1879 103 103 1472
1879 1879 777 103 906 1879 777 906 1879 777 906 103 1879 777 906 465 103 1879 777 777
1574 103 1574 1574 802 1574 1574 1574 1574 802 802 1574 1574 802 802 802 802 802 802 802
1472 1879 103 171 906 777 1366 777 339 800 1472 800 339 1366 800 800 1574 1366 800 1472
331 103 1366 1574 800 1574 1366 1574 1574 1574 1366 800 1472 1366 339 777 103 339 800 800
906 906 103 906 906 906 103 906 1915 103 103 103 906 1472 1879 1879 103 103 906 103
103 906 1472 1879 1879 777 906 103 1879 1879 1879 171 103 906 1472 103 906 103 906 777
906 1472 1879 103 906 1879 777 171 171 1472 171 103 103 339 339 800 802 802 1273 1472
993 993 993 993 993 993 993 993 993 802 802 45 45 1472 1366 800 1472 1366 339 777
906 800 1472 1697 1366 800 906 1366 339 339 1574 339 800 800 800 800 1472 339 800 1472
103 906 1879 103 777 906 777 906 103 906 103 906 1879 777 906 1879 103 906 1879 777
1273 802 1273 802 1273 802 1249 1249 1249 1249 1249 1249 1249 1249 1249 1249 1249 1249 1249 1249
1574 1366 1574 331 331 1366 331 331 1574 1366 331 1574 1366 103 331 1574 1366 1574 1574 1366
103 103 103 906 1472 1879 1879 103 103 1879 103 1472 777 777 103 1366 777 339 800 1472
1574 339 800 800 800 800 1472 339 906 906 906 1366 906 906 906 1366 1879 906 103 906
103 777 339 800 1472 800 1366 1366 800 800 1574 1366 800 1472 103 339 777 103 339 800
339 906 1366 800 906 1366 339 339 339 339 800 800 800 800 1472 339 1472 1472 1879 1366
800 800 800 800 1472 339 1574 1472 1879 1366 1879 906 906 1366 906 906 906 103 906 906
1472 1879 1879 777 103 906 1879 1879 1879 171 103 906 1472 103 906 103 906 103 906 103
906 1366 800 906 1366 339 339 339 339 800 800 800 1697 1472 339 1472 1472 1879 1366 1879
339 339 802 802 802 1273 1273 1273 1273 1273 802 252 252 252 252 252 252 252 252 252
331 1574 1366 103 800 1574 1366 103 1574 1366 1574 1574 1574 1366 800 1472 1366 339 1366 1366
1879 906 906 103 906 906 906 103 906 906 103 103 103 1879 1697 906 906 103 103 1879
339 1574 1472 1879 1366 906 906 906 1366 906 906 906 103 906 906 103 103 103 906 1472
1879 1879 103 1915 103 1366 339 339 800 802 802 1472 800 339 103 800 800 103 800 802
339 339 800 800 800 800 1472 339 800 1472 1879 1366 906 906 906 1366 906 906 906 103
1472 1366 339 339 339 339 800 800 800 800 1472 339 1574 1472 1879 1366 906 906 906 1366
1366 339 339 1366 339 800 800 800 800 1472 339 1574 1472 1879 1366 906 906 906 1366 906
1879 171 103 906 1472 777 906 777 906 103 906 777 906 777 906 1879 103 1879 103 1472
1273 1273 1273 1273 1574 1249 1249 1249 1249 1249 1249 1249 1249 1249 1249 1249 1249 1249 1249 1249
993 993 993 993 993 993 993 993 993 993 993 993 993 802 802 45 45 800 1366 800
1915 103 906 906 103 800 103 906 103 1472 1472 103 1879 1879 103 906 103 103 103 103
1273 1472 800 1366 339 103 1366 800 800 1574 802 45 45 1574 1366 331 1574 1366 1574 331
1574 1574 1574 1574 802 1273 45 339 1574 331 1366 331 1574 1366 1574 331 331 802 1574 777
906 906 906 171 906 906 171 171 906 1472 171 1879 1879 171 171 906 465 1879 171 906
103 339 339 800 802 802 802 1472 800 339 1366 800 800 802 45 331 1366 331 331 1366
103 906 1472 906 1879 777 103 906 1879 1879 1879 171 906 1472 103 906 103 906 103 906
906 906 103 906 906 1472 103 906 906 103 906 103 103 906 1879 777 906 103 103 103
252 252 252 252 252 993 993 252 993 252 252 252 252 252 802 802 45 993 800 1366
993 993 993 993 993 993 993 993 993 802 802 802 339 1472 1366 800 1472 103 339 777
993 993 993 993 993 993 802 802 45 45 800 1366 800 1472 103 339 777 103 339 800
906 1879 1574 1574 777 1366 906 906 906 1879 1366 906 1366 906 1879 777 906 777 1472 777
1366 800 800 1574 1366 800 1472 1366 339 777 103 339 800 800 800 800 1472 1366 1574 1472
1574 1574 1273 1273 1574 1249 1249 1249 1249 1249 1249 1249 1249 1249 1249 1249 1249 1249 1249 1249
1273 1273 1273 1273 1273 1273 1249 1249 1249 1249 1249 1249 1249 1249 1249 1249 1249 1249 1249 1249
906 1879 103 906 1879 103 906 171 1472 171 171 171 171 103 800 802 802 1273 802 802
1472 1366 800 1472 1366 339 339 339 339 800 800 800 800 1472 339 800 1472 1879 1366 1915
906 906 1366 906 906 906 103 906 906 103 103 906 1472 103 1879 1879 1879 103 103 906
1472 800 339 103 800 800 802 802 1574 1574 1574 802 1574 1574 1574 1574 802 802 802 1574
1574 1366 800 1472 1366 339 339 1366 339 800 800 800 800 1472 1366 1574 1472 1879 1366 1697
103 660 1472 103 103 339 339 800 1574 1472 800 103 339 103 800 800 1574 802 1574 1574
800 800 800 1472 339 800 1472 1879 1366 906 906 906 1366 906 906 906 103 906 906 103
1879 103 906 906 777 906 906 777 1879 1879 777 906 1879 1879 103 1915 103 1366 1697 339
906 906 906 1574 1366 906 1879 906 1574 1366 465 1879 1879 1574 1574 777 777 906 906 906
1472 103 339 103 339 800 800 1574 802 802 103 800 1472 339 800 1472 1879 103 906 906
1366 906 906 906 103 906 906 103 103 103 906 1472 1879 1879 777 103 906 1879 1879 1879
103 171 171 1472 171 103 171 1574 339 103 800 802 802 1472 800 103 103 800 800 45
906 800 1472 1697 1366 800 906 1366 339 339 1574 339 800 800 800 800 1472 339 800 1472
800 906 1366 339 339 339 339 800 800 800 800 1472 339 800 1472 1879 1366 906 906 906
1366 906 906 906 1366 906 906 906 103 906 906 103 906 103 1472 103 1879 1879 103 103
339 1472 800 800 800 800 103 103 103 1472 103 777 339 800 1472 800 339 800 1472 1879
1366 339 339 1366 339 800 800 800 800 1472 339 1574 1472 1879 1366 906 906 906 1366 906
1472 800 339 1366 800 800 802 802 331 1366 331 1574 1366 1574 331 331 1366 331 1574 1366
906 1879 103 171 103 1472 171 103 103 339 339 800 802 802 802 1472 800 1366 103 800
777 103 1879 1879 1879 103 103 906 103 906 1472 906 103 1879 906 103 777 906 103 906
800 800 1472 339 800 1472 1879 1366 906 906 906 1366 906 906 1915 103 906 906 103 103
171 103 906 906 1472 103 906 1879 103 103 777 906 103 906 1879 1879 103 103 1472 1879
1574 1574 103 1574 1574 1366 331 1574 1366 339 331 331 1574 1366 1574 1366 331 1574 1366 331
800 800 1472 339 800 1915 465 1366 906 906 465 1366 103 906 465 906 906 906 1366 465
906 103 906 103 906 1879 1879 103 103 906 1879 777 906 1879 103 906 1879 103 906 171
103 906 1879 171 171 103 1472 171 103 171 339 339 800 802 802 1273 1472 800 1366 103
777 906 103 906 1879 103 1879 1879 103 1472 1879 339 465 103 103 103 103 1472 103 1366
103 906 906 906 1366 1879 906 906 103 906 906 1366 906 1472 1366 103 1879 1879 103 103
1574 1574 1366 1574 331 331 1366 331 331 1574 1366 331 1574 1574 1574 1574 1574 1574 103 1574
1574 1574 331 1574 1366 800 1472 1574 1366 339 339 1366 339 800 800 800 800 1472 1366 800
800 800 800 800 1472 339 1574 1472 1879 1366 906 906 906 1366 906 906 906 103 906 1697
252 993 252 252 993 252 993 252 252 802 802 45 45 1472 1366 800 1472 103 339 777
339 339 800 1472 800 339 800 906 1879 339 103 800 800 1366 906 906 906 1366 906 906
1574 1366 802 802 1574 1574 1574 1366 800 1472 103 339 339 103 339 800 800 800 800 1472
339 800 800 800 800 1472 339 800 1472 1879 1366 906 906 906 1366 906 906 906 103 906
906 906 906 1574 339 906 906 906 777 906 906 103 906 1472 103 103 1879 1879 103 103
103 1915 1472 103 465 777 465 777 906 339 906 339 465 1879 103 1879 1879 777 1472 1879
906 103 906 1879 103 1879 1879 103 1472 1879 339 465 103 103 103 103 1472 103 1366 339
1574 1472 1879 1366 906 906 906 1366 906 1915 906 103 906 906 103 103 103 906 1472 1879
800 800 800 1472 339 1472 1472 1879 1366 906 906 906 1366 906 906 906 103 906 906 103
1472 339 800 1472 1879 1472 1366 906 906 1472 1366 906 906 1366 906 906 906 1366 906 103
800 1472 1366 339 339 1366 339 800 800 800 800 1472 339 1472 1472 1879 1366 906 906 906
1574 1366 1574 1472 1366 800 1472 1366 339 777 103 339 800 800 800 800 1472 1366 1574 1472
103 1879 1879 1879 103 906 1472 103 906 103 906 103 906 103 906 103 906 1879 1879 171
1273 1273 1273 1574 1249 1249 1249 1249 1249 1249 1249 1249 1249 1249 1249 1249 1249 1249 1249 1249
1472 339 800 1472 1879 1366 906 906 906 1366 906 906 906 103 906 906 103 906 103 1472
993 993 993 802 802 45 45 1574 1366 800 1472 1366 339 339 1574 339 800 800 800 800
802 802 1472 993 1472 1366 800 1472 103 339 777 103 339 800 800 800 800 1472 103 800
103 1472 103 906 103 906 103 103 1879 906 906 1879 171 1879 103 103 103 906 103 1472
1697 339 1574 339 800 800 800 800 1472 339 800 906 1879 1366 906 906 906 1366 906 906
1574 1366 906 906 1472 1366 906 906 1366 906 906 906 1366 906 103 103 906 906 1472 1879
1472 1472 339 339 777 339 1273 1273 1273 1273 1273 1273 1273 1273 1472 1249 1249 993 993 993
993 993 993 1273 1273 1273 1273 1273 1273 1273 1273 1273 1273 1273 1472 802 1273 1273 1472 1472
906 906 103 906 906 103 103 906 1472 103 1879 1879 1879 103 103 1879 1879 1879 103 103
800 1574 1366 1574 1574 1574 1366 800 1472 1366 339 339 1366 339 800 800 800 800 1472 1366
1574 1574 1574 1366 800 1472 1366 339 339 1366 339 800 800 800 800 1472 1366 1574 1472 1697
777 906 906 906 103 906 906 103 906 1472 103 103 1879 1879 103 103 906 103 103 1472
993 993 993 993 993 993 1273 1273 1273 1273 1273 1273 1273 802 802 802 802 1472 802 802
1574 1574 1574 1366 800 1472 1366 339 339 1366 339 800 800 800 800 1472 1366 1574 1472 1697
802 802 802 1273 802 802 802 802 802 252 252 252 252 252 252 252 252 252 252 252
1472 103 1915 103 1915 103 1915 103 1915 103 1915 1879 1915 103 103 103 1472 1879 171 171
1366 906 1697 906 103 906 906 103 103 906 103 1472 1879 1879 103 103 1879 103 103 1472
1366 906 906 1879 777 1879 1366 1879 1366 1879 339 906 1366 1879 1879 777 103 906 1879 777
1879 103 103 906 1472 777 906 777 906 777 906 777 906 777 906 1879 103 1879 1879 103
1879 171 906 171 906 171 171 906 171 171 171 171 1472 906 465 1879 1879 1879 171 1472
1472 103 339 339 800 802 1273 1472 800 1366 339 103 800 800 802 339 1574 1366 331 331
906 171 171 103 103 1472 103 1366 339 339 800 802 802 1472 800 339 1366 800 800 802
906 906 906 103 906 906 103 906 103 1472 103 1879 1879 103 103 906 1879 1879 103 103
1574 800 1574 1366 1574 1574 1574 1366 800 1472 1366 339 339 1366 339 800 800 800 800 1472
1472 1366 339 339 339 339 800 800 800 800 1472 339 1472 1472 1879 1366 906 906 906 1366
1366 906 906 906 1366 906 906 906 103 906 906 103 906 1472 103 103 1879 1879 103 103
103 906 1472 906 1879 777 103 906 1879 1879 1879 171 906 1472 103 906 103 906 103 906
103 906 906 103 906 103 1472 103 1879 1879 103 103 906 1879 1879 171 103 906 906 1472
800 1366 800 1472 1366 339 339 1366 339 800 800 800 800 1472 339 800 1472 1879 1366 906
800 1472 800 1366 103 800 800 1574 1574 1273 1574 1574 1574 1574 1574 1574 1574 1574 1574 802
103 1472 1879 103 906 1879 777 171 171 1472 171 103 171 339 339 800 802 802 802 1472
103 103 1472 103 103 1472 103 103 103 103 103 103 800 1472 800 103 103 800 800 1574
1472 1366 339 339 1366 339 800 800 800 800 1472 339 1574 1472 1879 1366 906 906 906 1366
1574 1366 331 1574 1366 1574 331 331 802 1574 777 331 1574 1574 1574 1574 1574 1574 1366 331
1472 1879 1879 777 103 906 1879 1879 1879 171 103 906 1472 103 906 103 906 103 906 103
339 339 777 339 1273 1273 1273 1273 1273 1273 1273 1273 1472 1249 1249 252 993 993 993 252
1574 1366 800 1574 1366 1366 331 1574 1366 1574 906 1366 800 1472 103 339 777 103 339 800
906 1915 103 103 906 103 1472 1879 1879 1879 103 103 1879 1879 1879 171 103 906 1472 777
103 1879 1879 103 103 906 1879 1879 103 103 906 906 1472 103 906 103 906 103 906 103
1879 171 103 906 1472 103 906 1879 103 777 906 777 906 103 906 103 906 1879 777 1472
800 1366 1366 800 800 1574 1366 800 1472 103 339 339 103 339 800 800 800 800 1472 1366
1366 800 1472 1366 339 339 339 339 800 800 800 800 1472 339 1472 1472 1879 1366 906 906
906 1472 103 103 906 103 1879 1879 1879 103 103 1472 103 777 777 103 1879 339 800 1472
906 1472 1879 171 171 906 1879 171 1879 171 906 171 906 171 171 1472 171 171 171 171
103 339 339 800 1472 802 802 1472 800 103 339 103 800 800 45 802 331 1366 331 331
906 103 906 777 906 777 906 1879 103 1879 103 906 1879 103 906 1879 777 906 1879 103
1574 1574 1574 1574 1574 802 802 1574 1574 1574 1574 802 802 1574 802 1574 1574 1366 800 1472
1574 1472 1366 800 1472 1366 339 339 339 339 800 800 800 800 1472 339 800 1472 906 1366
1574 1574 103 1574 1574 1366 331 1574 1366 339 331 331 1574 1366 1574 1366 331 1574 1366 331
1472 103 906 103 906 1879 103 777 906 777 906 1879 1879 103 103 1472 1879 1879 103 1879
103 906 906 1472 103 906 906 103 906 103 103 906 1879 777 906 103 103 103 1472 1879
1574 1366 339 331 331 1366 331 1574 1366 331 1574 1366 339 800 1574 1366 1574 1574 1366 800
103 1472 171 103 339 339 800 802 1273 1472 800 103 339 103 800 800 802 103 331 802
1879 103 103 906 906 906 103 1366 906 906 1879 103 1879 777 1879 103 1879 777 906 103
103 906 777 1472 465 103 1879 777 103 1472 103 103 777 1574 1574 1574 1574 1366 331 1574
103 103 1472 1879 103 906 1879 103 906 1879 103 906 171 1472 171 171 171 171 103 800
1574 1574 1574 1574 1574 1574 1574 1574 1574 1574 1574 802 1574 1574 1574 1574 1574 171 802 802
103 103 1879 1879 103 103 906 103 103 1472 103 777 103 1574 1879 339 800 1472 800 339
1366 331 1574 1366 1574 331 1574 1366 1574 1574 1574 1574 1574 1574 1574 1574 1574 1574 1574 1366
339 339 339 800 800 800 800 1472 339 1574 1472 1879 1366 906 906 906 103 906 906 1915
252 252 252 252 252 252 252 252 252 252 252 252 252 252 252 802 802 45 252 1574
103 103 339 339 800 1574 1574 1574 1574 1574 1574 1472 1574 1366 339 103 800 800 802 802
1879 1879 103 103 906 1472 777 906 777 906 777 906 777 906 777 906 1879 103 1879 1879
103 1574 1574 1574 802 1273 1574 1249 1249 1249 1249 1249 1249 1249 1249 1249 1249 1249 1249 1249
800 800 1472 339 1472 1472 1879 1366 906 906 906 1366 906 906 906 103 906 906 103 103
1366 800 800 1574 1366 800 1472 1366 339 777 103 339 800 800 800 800 1472 1366 1574 1472
1574 1574 1366 800 1574 1366 1574 800 1574 1366 1574 1574 1574 1366 800 1472 1366 339 777 103
800 800 800 800 1472 339 800 1472 1879 1366 906 906 906 1366 906 906 906 103 906 906
103 1472 1879 103 906 1879 103 906 906 103 906 171 1472 171 171 171 171 339 800 802
1574 1366 1574 1574 1366 1574 45 802 1574 1366 800 1472 1366 339 339 1574 800 800 800 906
103 1879 103 171 171 1472 171 103 171 1574 339 103 800 802 802 1472 800 1366 103 800
1915 906 1366 906 906 906 103 906 1915 103 103 103 906 1472 1879 1879 103 103 906 1879
1574 1273 1574 1574 1574 1574 1574 1574 1574 1574 1574 802 802 45 802 1574 331 1366 331 331
993 993 993 993 993 993 993 802 802 1574 45 800 1366 800 1472 1366 339 777 103 339
339 339 339 339 1273 1273 1273 1273 1273 1273 1273 252 252 252 252 252 1249 252 252 252
1472 800 339 339 800 800 45 802 1574 1366 331 1574 1366 1574 331 331 1366 331 1574 331
1574 1574 1472 1366 800 1472 1366 339 339 339 339 800 800 800 800 1472 339 800 1472 906
802 802 802 1574 1574 1366 331 1574 1366 1574 331 331 1366 331 1574 1574 1574 1574 1574 331
800 1472 800 1366 1366 800 800 1574 1366 800 1472 103 339 777 103 339 800 800 800 800
906 1879 103 906 802 103 103 1472 171 171 171 171 339 800 1574 1366 800 1574 1366 103
1574 103 1574 1574 1574 1574 1574 1574 1574 1574 1574 1574 1574 802 1574 1574 1574 1574 1574 171
339 339 1574 339 800 800 800 800 1472 339 1574 1472 1879 1366 906 906 906 1366 906 906
103 906 1472 1879 1879 103 103 1879 103 103 1472 777 777 171 103 339 339 800 1472 800
906 906 103 103 103 906 1472 1879 1879 777 103 1879 1879 1879 171 103 906 906 1472 103
1879 103 103 1879 103 103 1472 103 103 171 103 339 339 800 1472 800 1366 103 800 800
103 802 802 802 802 103 1574 802 1273 802 252 252 252 252 252 252 252 252 252 252
103 906 1915 906 103 906 906 103 103 906 103 1472 1879 1879 777 103 906 1879 1879 1879
1879 777 906 1879 103 103 777 1472 103 103 103 339 339 800 800 1472 800 1366 103 800
802 252 252 252 252 252 252 252 252 252 252 252 252 252 252 252 252 802 802 45
339 339 339 800 800 800 800 1472 339 1574 906 1879 1366 906 906 906 802 802 103 906
1879 1879 1879 103 103 1879 1879 1879 171 103 906 1472 103 906 103 906 103 906 103 906
1273 339 339 339 339 1273 1273 1273 1273 1273 1273 1273 1273 1472 1249 1249 252 252 252 252
906 1879 1879 1879 339 339 465 1472 777 906 777 465 339 465 339 906 777 906 1879 777
1366 339 339 800 802 802 1472 800 339 339 800 800 802 45 45 331 1366 331 331 1366
1472 1574 331 1574 171 103 103 103 1366 331 331 339 800 103 1574 1574 1366 800 1574 103
777 906 777 906 1879 103 1879 103 906 1879 103 906 1879 777 906 1879 103 906 171 1472
906 906 906 103 906 906 103 906 1472 103 103 1879 1879 103 103 906 465 906 103 103
1574 1366 800 906 1366 339 339 339 339 800 800 800 800 1472 339 800 1472 1879 1366 906
993 993 993 993 802 1273 45 339 800 1366 800 1472 103 339 777 103 339 800 800 800
802 802 45 339 1574 1366 800 1472 1366 339 339 1366 339 800 800 800 800 1472 1366 1574
339 339 339 339 1273 1273 1273 1273 1273 1273 1273 1273 1472 1249 252 252 252 993 252 252
339 800 800 802 339 331 1366 331 1574 1366 1574 331 331 1366 331 1574 1366 331 103 1366
103 103 1879 103 103 1472 103 103 103 103 777 339 800 1472 800 1366 1366 800 800 1574
906 906 906 1366 103 906 465 906 906 906 1366 465 906 103 103 103 103 1879 1915 906
103 1879 1879 103 103 906 1879 1879 171 103 906 1472 777 906 777 906 1879 1879 103 777
802 802 802 802 802 802 802 802 252 252 252 252 252 252 252 252 252 252 252 252
800 800 1574 1574 1574 1574 1574 1574 1574 802 1574 1574 802 802 1273 1574 1574 802 802 252
252 252 993 252 252 993 252 993 252 252 802 802 45 45 1472 1366 800 1472 1366 339
906 906 906 1366 906 906 906 103 906 906 103 103 906 103 1472 1879 1879 777 103 1879
802 1472 800 339 1366 800 800 802 45 331 1366 331 331 1366 1574 331 331 1366 331 331
906 906 103 103 906 103 1472 1879 1879 777 103 1879 1879 1879 171 103 906 906 1472 103
103 906 1472 777 906 777 906 777 906 777 906 777 906 1879 103 1879 1879 103 1472 1879
103 906 103 1472 906 103 906 1472 1879 1879 1879 1879 103 906 171 171 103 103 800 802
1574 1574 1574 802 1574 1574 1574 1574 1574 171 802 802 1574 1574 1574 171 1574 1574 802 1574
171 339 339 800 802 802 1574 1574 1574 1574 1574 1574 1472 800 1366 103 800 800 802 802
103 906 1879 103 103 1472 1879 103 906 1879 1879 103 1879 1879 103 171 1472 171 171 171
339 339 800 800 800 800 1472 339 1472 1472 1879 1366 906 906 906 1366 103 465 906 906
1472 103 103 1472 906 1879 1879 1879 1879 103 1472 1879 103 906 906 103 906 103 906 1879
1879 1366 906 906 906 1366 906 906 906 103 906 906 103 103 906 1472 103 1879 1879 1879
906 1472 1879 1879 103 103 906 1879 103 103 1472 777 777 777 777 906 1879 1915 1879 103
103 906 1879 103 1472 1879 777 906 1879 1879 103 1879 777 906 1879 103 1574 171 171 171
103 339 800 800 800 800 1472 339 1574 1472 1879 1366 906 906 906 1366 906 906 906 103
1366 800 1472 1366 339 339 103 339 800 800 800 800 1472 339 1574 1472 1879 103 906 906
1879 103 1879 103 906 1879 103 1574 171 171 171 171 339 800 802 802 1273 1273 802 802
103 800 800 1574 1574 1273 1574 1574 1574 1574 1574 1574 1574 1574 1574 802 1273 45 339 331
103 103 906 906 1472 103 906 103 906 103 906 103 906 103 906 1879 171 103 1472 1879
906 1366 906 906 906 103 906 906 103 103 906 103 1472 1879 1879 103 103 906 1879 1879
906 906 103 906 906 103 103 103 906 1472 906 1879 777 103 1879 1879 1879 103 103 906
103 906 103 906 103 906 103 906 1879 103 1472 1879 1879 103 1879 103 171 171 1472 171
1879 1879 103 1915 103 1366 339 339 800 802 802 1472 800 339 103 800 800 103 800 802
1879 906 906 1574 1574 331 331 103 906 906 906 103 906 906 1574 331 103 906 103 1472
1574 1366 1366 331 1574 1366 1574 906 1366 800 906 1366 339 777 103 339 800 800 800 800
906 1366 906 1915 1915 103 906 1915 103 103 103 906 1472 1879 1879 103 103 906 1879 1879
103 103 906 1472 777 906 777 906 777 906 777 906 777 906 1879 103 1879 1879 103 1472
802 802 802 802 802 802 802 802 252 252 252 252 252 252 252 252 252 252 252 252
906 103 103 103 906 1472 1879 1879 777 103 1879 103 103 1472 777 103 171 103 777 339
1366 802 802 802 802 1574 1366 800 1472 103 339 103 339 800 800 1574 802 802 103 800
103 1574 1472 906 171 906 906 906 171 906 906 906 171 906 906 171 171 906 1472 171
800 339 103 103 800 800 1472 1574 1366 800 1472 1366 339 339 1366 339 800 800 800 800
171 103 1472 171 103 339 339 171 1574 802 1273 1472 800 103 103 103 103 800 800 103
1879 1879 1879 777 103 906 906 777 906 103 906 103 906 103 906 103 906 103 906 1879
906 1879 103 1879 1879 103 1472 1879 339 465 103 103 103 103 1472 103 1366 339 339 800
103 906 1472 103 103 1879 1879 103 103 906 103 103 1472 103 777 103 1574 1879 339 800
1574 1574 1574 1574 1574 1472 103 103 103 103 1574 1472 800 1472 800 339 1574 800 800 800
993 993 993 993 993 993 993 993 802 802 802 45 800 1366 800 1472 103 339 777 103
1366 339 331 331 1366 331 1574 1366 800 1574 1366 103 331 1574 1366 1574 1574 1366 800 1472
252 252 993 252 993 252 993 252 252 252 802 802 45 45 800 1366 800 1472 103 339
1472 1879 1879 103 103 906 1879 1879 777 777 906 906 1472 103 906 103 906 103 906 103
1472 103 906 777 1879 1879 103 1879 103 103 906 1879 1879 777 103 103 906 1472 1879 103
800 1472 1879 1366 906 906 906 1366 906 906 906 103 906 906 103 103 103 906 1472 906
171 1915 103 906 1879 103 103 1472 171 103 1879 171 1472 1915 103 1472 103 103 103 800
252 252 252 252 252 252 252 802 1273 1273 1273 1273 1273 802 802 802 802 802 1472 802
103 906 103 906 103 906 1879 103 103 1472 1879 777 906 1879 1879 103 1879 1879 103 171
331 331 1366 1574 331 331 1366 331 1574 1366 331 1574 1366 1574 800 1574 1366 1574 1574 1366
1879 103 103 906 906 1472 103 906 103 906 103 906 103 906 103 906 1879 1879 103 103
993 993 993 993 802 802 1472 45 1472 1366 800 1472 1366 339 777 103 339 800 800 800
1879 103 103 1472 171 103 1879 171 1472 906 103 1472 103 103 103 800 802 1273 103 103
906 1879 1879 1879 103 103 906 1472 1879 103 1879 103 103 906 777 906 777 906 1879 103
1472 1879 1366 906 906 906 1366 906 906 906 103 906 906 103 103 103 906 1472 1879 1879
331 1366 331 331 1366 1574 331 331 1366 331 1574 1366 331 1574 1366 1574 331 1574 1366 1574
1273 1273 802 802 802 1273 802 252 252 252 252 252 252 252 252 252 252 252 252 252
339 339 802 802 802 1273 1273 1273 1273 1273 802 252 252 252 252 252 252 252 252 252
906 1879 171 1879 171 906 171 906 171 171 906 171 171 171 171 1472 906 465 1879 1879
