212 80 492 212 80 448 212 80 275 212 212 80 275 212 212 80 275 212 212 80
212 345 448 212 345 453 495 212 345 453 495 212 345 492 212 345 448 212 345 492
467 467 464 492 467 464 448 467 464 492 467 467 464 492 467 467 464 492 467 467
252 243 243 41 356 356 252 243 252 243 356 275 212 80 448 497 495 345 448 497
453 212 212 362 453 212 356 212 362 492 212 464 448 212 362 275 212 212 362 275
275 495 80 356 448 497 495 80 495 497 495 80 448 495 80 453 495 495 80 252
467 464 492 467 467 464 492 467 467 464 492 467 464 448 467 464 492 467 467 464
252 210 210 41 356 356 356 275 212 80 448 497 212 362 448 497 212 80 448 212
41 356 356 356 492 212 80 448 497 212 80 448 497 212 80 448 212 80 453 212
212 80 275 212 212 80 275 212 356 275 212 345 448 497 212 345 448 497 212 345
243 252 243 41 356 492 356 492 212 80 448 497 212 80 448 497 212 80 448 212
356 356 41 448 252 210 210 41 356 356 356 275 212 80 448 497 212 345 448 497
212 212 345 275 212 41 356 345 448 212 345 275 212 212 362 252 243 252 243 345
497 212 362 448 212 362 453 495 212 362 453 495 212 362 492 212 362 448 212 362
210 210 41 356 356 356 275 212 80 448 497 212 345 448 497 212 80 448 212 345
41 212 448 252 210 210 252 252 210 210 41 356 212 356 275 212 80 448 497 212
448 497 495 80 448 497 495 80 448 495 80 453 495 495 80 252 356 243 41 453
210 41 356 356 356 275 212 80 448 497 212 80 448 497 212 80 448 212 80 453
210 210 41 356 356 275 212 345 448 497 212 345 448 497 212 345 448 212 362 453
275 212 212 497 492 212 345 448 212 345 453 495 212 345 453 495 212 345 492 212
362 448 497 212 362 448 212 362 453 495 212 362 453 495 212 362 492 212 362 448
356 275 212 345 448 497 212 345 448 497 212 345 275 212 212 80 453 495 212 80
275 212 345 448 497 212 80 448 497 212 80 448 212 80 492 212 212 80 275 212
80 448 497 212 80 448 497 212 80 448 212 80 453 495 212 80 492 495 212 80
356 41 356 448 252 210 210 41 356 356 275 212 345 448 497 212 345 448 497 212
212 362 275 212 212 362 275 212 345 448 212 345 275 212 212 345 41 356 275 212
212 448 252 210 210 252 252 210 210 41 356 212 356 275 212 80 448 497 212 80
448 212 80 492 212 212 80 275 212 212 80 275 212 356 275 212 345 448 497 212
356 492 212 80 448 497 212 80 448 497 212 345 448 212 80 453 495 212 80 252
243 243 41 356 356 252 243 252 243 356 275 212 80 448 497 495 345 448 497 212
80 448 495 80 453 495 495 80 252 356 243 41 453 495 495 80 275 495 252 243
212 362 356 453 495 212 345 492 212 345 448 212 345 275 212 212 345 275 212 212
356 212 41 448 252 210 210 252 252 210 210 41 356 212 356 275 212 80 448 497
356 356 356 492 212 345 448 497 212 345 448 497 212 345 275 212 212 345 453 495
356 41 448 252 210 210 41 356 356 275 212 345 448 497 212 345 492 497 212 345
252 448 80 448 492 210 210 41 356 356 362 212 362 448 362 212 362 448 362 212
210 210 41 356 356 356 275 212 80 448 497 212 345 492 497 212 80 448 212 345
252 252 210 210 41 356 356 356 492 212 80 448 497 212 80 448 497 212 80 448
41 448 252 210 210 356 492 492 243 243 41 356 356 252 243 252 243 356 492 212
497 495 345 448 497 212 345 448 212 345 492 495 212 80 252 243 252 243 453 212
41 356 356 356 492 212 492 448 497 212 345 492 497 212 453 448 212 345 453 495
448 497 212 345 448 212 80 453 495 212 345 453 495 212 80 492 212 345 448 212
212 497 212 345 448 212 345 453 495 212 345 356 453 495 212 345 492 212 345 448
41 448 252 210 210 41 356 212 356 492 212 80 448 497 212 80 448 497 212 80
356 356 492 212 492 448 497 212 345 448 497 212 80 448 212 80 453 495 212 80
453 495 212 80 492 495 212 80 492 212 80 448 212 80 275 212 212 80 275 212
448 252 210 210 41 356 356 356 275 212 80 448 497 212 345 448 497 212 80 448
492 210 453 362 345 356 362 212 464 448 362 212 362 448 362 467 464 448 212 464
448 252 210 210 252 252 210 210 41 356 243 356 492 212 453 448 492 212 464 453
243 243 41 356 356 252 243 252 243 356 275 212 80 448 497 495 345 448 497 212
212 362 275 212 212 362 275 212 345 448 212 345 275 212 212 345 41 356 275 212
495 212 80 492 212 362 448 212 80 275 212 212 80 252 243 492 243 80 448 212
252 243 252 243 41 356 448 356 492 212 80 448 497 212 80 448 497 212 345 448
356 41 356 448 252 210 210 41 356 356 275 212 345 448 497 212 345 448 497 212
210 252 252 210 210 41 356 212 356 275 212 80 448 497 212 80 448 497 212 80
345 275 212 345 448 212 345 275 212 212 80 275 212 212 80 275 212 212 345 275
80 448 497 212 345 448 212 80 453 495 212 345 453 495 212 80 492 212 345 448
80 492 495 212 80 492 495 212 80 492 212 80 448 212 80 275 212 212 80 275
495 252 243 80 448 495 80 41 356 275 495 495 80 252 243 80 448 495 80 252
212 497 492 212 345 448 212 345 453 495 212 345 453 495 212 345 492 212 345 448
448 497 212 80 448 497 212 80 448 212 80 453 495 212 80 492 495 212 80 492
210 210 356 252 243 252 243 41 356 448 356 275 212 80 448 497 212 80 448 497
210 41 356 356 356 275 212 80 448 497 212 345 492 497 212 80 448 212 345 492
497 212 345 448 212 362 492 495 212 345 453 495 212 345 492 212 80 448 212 345
252 356 41 212 448 252 210 210 252 252 210 210 41 356 212 356 275 212 80 448
252 356 41 212 448 252 210 210 252 252 210 210 41 356 212 356 275 212 80 448
448 497 212 345 448 497 212 80 448 212 80 453 495 212 80 453 495 212 80 492
252 210 210 252 252 210 210 41 356 212 356 275 212 80 448 497 212 80 448 497
212 362 453 212 356 212 362 492 212 464 448 212 362 275 212 212 362 275 212 212
210 210 41 356 356 356 275 212 80 448 497 212 80 448 497 212 80 448 212 80
243 80 448 495 80 41 356 275 495 495 80 252 243 80 448 495 80 252 243 80
212 362 448 497 212 345 448 212 345 453 495 212 80 453 495 212 80 492 212 345
356 41 356 448 252 210 210 252 252 210 210 41 356 356 356 492 212 453 448 497
345 492 497 212 80 448 212 80 453 495 212 345 41 356 356 453 495 212 345 492
212 345 448 497 212 345 448 212 345 453 495 212 345 453 495 212 345 492 212 345
243 356 275 212 345 448 497 495 345 448 497 212 345 448 212 345 492 495 212 345
212 345 448 212 345 453 495 212 345 453 495 212 345 492 212 345 448 212 345 492
41 356 356 275 212 345 448 497 212 345 448 497 212 345 448 212 362 453 212 212
212 362 448 212 362 275 212 212 362 275 212 212 362 275 212 212 362 275 212 212
252 356 356 41 448 252 210 210 41 356 356 356 275 212 80 448 497 212 345 448
252 210 210 356 252 243 252 243 41 356 492 356 275 212 80 448 497 212 80 448
212 80 448 497 212 362 492 497 212 80 448 212 345 492 495 212 345 453 495 212
453 495 212 345 356 453 495 212 345 492 212 345 448 212 345 275 212 212 345 275
448 212 345 453 495 212 80 453 495 212 80 492 212 345 448 212 345 275 212 212
495 212 345 453 495 212 345 492 212 464 448 212 345 275 212 212 80 275 212 212
212 345 448 497 212 345 448 497 212 80 448 212 80 492 212 212 80 275 212 212
492 212 345 448 212 80 275 212 212 80 275 212 212 80 275 212 212 80 275 212
80 448 212 80 453 495 212 80 492 495 212 80 492 212 80 448 212 80 275 448
448 252 210 210 41 356 356 356 275 212 80 448 497 212 345 448 497 212 80 448
345 275 212 212 362 252 243 252 243 345 448 212 345 275 212 212 345 252 243 252
41 448 252 210 210 356 492 492 243 243 41 356 356 252 243 252 243 356 492 212
497 212 345 448 212 362 453 495 212 362 453 495 212 362 453 212 464 448 212 362
356 41 356 448 252 210 210 252 252 210 210 41 356 356 356 492 212 453 448 497
41 356 356 275 212 345 448 275 212 212 497 492 212 345 448 212 345 453 495 212
467 464 448 345 467 464 492 492 467 464 448 467 464 492 467 467 464 492 467 467
212 345 275 212 252 243 492 243 345 448 212 80 275 212 212 80 252 243 492 212
495 212 362 492 212 345 448 212 362 275 212 212 362 275 212 212 80 275 212 212
453 495 212 345 492 212 345 448 212 345 275 212 212 345 275 212 212 345 275 212
356 41 356 448 252 210 210 41 356 356 492 212 80 448 497 212 80 448 497 212
356 448 252 210 210 356 492 212 80 448 497 212 464 492 497 212 80 448 212 80
497 212 362 448 497 212 345 448 212 80 453 495 212 80 453 495 212 80 492 212
212 80 448 212 80 453 495 212 80 492 495 212 80 492 212 80 448 212 80 275
80 448 497 212 80 448 497 212 80 448 212 80 453 212 212 345 356 453 212 212
80 492 212 345 448 212 80 275 212 212 80 275 212 212 80 275 212 212 80 275
492 495 212 80 492 212 345 448 212 80 275 212 212 80 275 212 212 80 275 212
464 492 467 467 464 492 467 464 448 467 464 492 467 467 464 492 467 467 464 492
80 448 497 212 80 448 212 80 453 495 212 80 492 495 212 80 492 212 80 448
467 464 492 467 464 448 467 464 492 467 467 464 492 467 467 464 492 467 467 80
252 210 210 356 41 356 356 275 212 345 448 275 212 212 497 492 212 80 448 212
448 497 212 345 448 212 345 492 495 212 80 252 243 252 243 453 495 212 345 275
356 243 41 453 495 495 80 275 495 252 243 80 448 495 80 41 356 275 212 495
210 210 356 492 212 464 448 497 212 464 492 497 212 80 448 212 80 453 212 212
356 356 41 448 252 210 210 41 356 356 356 275 212 345 448 497 212 345 448 497
80 492 495 212 80 492 495 212 80 492 212 80 448 212 80 275 212 212 80 275
362 492 212 362 448 212 362 275 448 212 362 275 212 212 362 275 212 212 362 275
356 41 448 252 210 210 41 356 212 356 492 212 80 448 497 212 80 448 497 212
495 252 243 80 448 495 80 41 356 275 495 495 80 252 243 80 448 495 80 252
80 453 495 212 345 453 495 212 80 492 212 345 448 212 345 275 212 212 345 275
356 492 212 80 448 497 212 80 448 497 212 345 448 212 80 453 495 212 80 252
212 345 492 212 345 448 212 345 275 212 212 362 275 212 212 345 275 212 212 345
356 356 356 275 212 80 448 497 212 80 448 497 212 80 448 212 80 453 495 212
356 41 212 448 252 210 210 252 252 210 210 41 356 212 356 275 212 80 448 497
212 80 448 212 345 453 495 212 80 453 495 212 80 492 212 345 448 212 345 275
345 492 467 345 448 362 467 464 492 362 467 464 448 467 464 492 495 467 464 492
80 492 212 212 80 275 212 212 80 275 212 356 275 212 345 448 497 212 345 448
345 448 212 345 275 212 212 80 275 212 212 80 275 212 212 80 275 212 212 80
495 212 362 492 212 362 448 212 362 275 212 212 464 275 212 212 80 275 212 212
448 497 212 345 448 497 212 80 448 212 80 453 495 212 80 453 495 212 80 492
356 212 362 492 212 464 448 212 362 275 212 212 362 275 212 212 345 275 212 212
356 212 41 448 252 210 210 41 356 356 356 275 212 80 448 497 212 80 448 497
356 356 356 492 212 492 448 497 212 345 492 497 212 453 448 212 345 453 495 212
492 467 464 448 467 464 492 467 467 464 492 467 467 464 492 467 80 448 467 464
275 212 345 448 497 212 345 448 497 212 80 448 212 345 453 495 212 345 453 495
80 448 497 212 80 448 497 212 80 448 212 80 492 212 212 80 275 212 212 80
210 41 356 356 275 212 362 448 497 212 345 448 497 212 345 448 212 362 453 212
345 492 467 345 448 362 467 464 492 362 467 464 448 467 464 492 495 467 464 492
212 41 448 252 210 210 41 356 356 356 275 212 80 448 497 212 80 448 497 212
497 212 345 448 212 362 453 212 212 362 453 212 356 212 362 492 212 464 448 212
80 448 497 495 345 448 497 212 80 448 212 345 492 495 212 80 252 243 252 243
41 356 356 356 356 492 212 80 448 497 212 80 448 497 212 345 448 212 80 453
212 345 448 212 362 453 495 212 345 356 453 495 212 345 492 212 345 448 212 345
345 453 495 212 345 356 453 495 212 345 492 212 345 448 212 345 275 212 212 345
252 210 210 41 356 356 275 212 345 448 497 212 345 492 497 212 345 448 212 345
210 41 356 356 356 275 212 80 448 497 212 345 448 497 212 80 448 212 345 453
252 210 210 41 356 356 356 275 212 80 448 497 212 362 448 497 212 80 448 212
448 252 210 210 252 252 210 210 41 356 212 356 492 212 80 448 497 212 362 448
41 356 448 252 210 210 41 356 356 356 492 212 345 448 497 212 345 448 497 212
210 210 41 356 356 275 212 345 448 497 212 345 448 497 212 345 448 212 362 453
275 212 212 497 492 212 345 448 212 345 453 495 212 345 453 495 212 345 492 212
80 448 497 212 345 448 497 212 80 448 212 80 453 495 212 80 492 495 212 80
448 497 212 345 448 212 345 492 495 212 80 252 243 252 243 453 495 212 345 275
41 448 252 210 210 41 356 356 356 275 212 345 448 497 212 345 448 497 212 345
212 80 448 212 80 453 495 212 80 492 495 212 80 492 212 80 448 212 80 275
212 80 492 212 80 448 212 80 275 212 212 80 275 212 212 80 275 212 212 80
210 41 356 356 275 212 345 448 497 212 80 448 497 212 80 448 212 80 492 212
210 41 356 356 275 212 362 448 497 212 345 448 497 212 345 448 212 362 453 212
212 80 453 495 212 80 492 495 212 80 492 212 80 448 212 80 275 212 212 80
345 448 212 345 275 212 212 80 275 212 212 80 275 212 212 80 275 212 212 80
252 210 210 252 252 210 210 41 356 243 356 492 212 453 448 497 212 345 453 497
212 212 362 453 212 356 212 362 492 212 464 448 212 362 275 212 212 362 275 212
212 345 448 497 212 362 448 497 212 345 448 212 345 492 212 212 345 453 212 212
356 41 356 356 275 212 345 448 275 212 212 492 492 212 345 448 212 492 453 212
212 345 448 497 212 362 448 497 212 80 448 212 345 453 495 212 345 453 495 212
212 362 492 495 212 362 453 495 212 362 492 212 80 448 212 362 275 212 212 362
41 356 356 356 492 212 492 448 497 212 345 448 497 212 80 448 212 80 453 495
212 362 492 212 464 448 212 362 275 212 212 362 275 212 212 362 275 212 212 345
252 356 212 41 448 252 210 210 252 252 210 210 41 356 210 356 453 212 492 243
495 212 345 492 495 212 345 275 212 345 448 212 345 275 212 212 80 275 212 212
80 448 212 345 453 495 212 345 453 495 212 80 492 212 80 448 212 345 275 212
212 362 448 212 362 453 495 212 362 453 495 212 362 492 212 362 448 212 362 275
80 448 212 80 453 212 212 345 41 356 356 453 495 212 345 492 212 345 448 212
212 362 448 497 212 362 448 212 362 453 495 212 362 453 495 212 362 492 212 362
356 275 212 345 448 497 212 345 212 497 212 345 448 212 345 453 495 212 345 356
212 356 275 212 345 448 497 212 345 448 497 212 345 448 212 345 453 212 212 345
345 492 467 345 448 362 467 464 492 362 467 464 448 467 464 492 495 467 464 492
212 80 448 212 80 275 212 212 80 275 212 212 80 275 212 212 80 275 212 212
345 448 212 345 492 212 212 345 252 243 252 243 453 495 212 345 492 212 41 356
345 275 212 41 356 345 448 212 345 275 212 212 362 252 243 252 243 345 448 212
448 212 345 453 495 212 80 453 495 212 80 492 212 345 448 212 345 275 212 212
356 275 212 345 448 497 212 345 212 497 212 345 448 212 345 453 495 212 345 356
345 448 212 362 453 212 212 362 453 212 356 212 362 492 212 464 448 212 362 275
252 210 210 41 356 356 356 275 212 80 448 497 212 80 448 497 212 80 448 212
80 448 212 80 453 495 212 80 492 495 212 80 492 212 80 448 212 80 275 212
362 453 495 212 362 453 495 212 362 492 212 362 448 212 362 275 212 212 362 275
212 80 492 495 212 80 492 212 80 448 212 80 275 212 212 80 275 212 212 80
492 212 80 448 497 212 80 448 497 212 345 448 212 80 453 495 212 80 252 243
212 41 448 252 210 210 252 252 210 210 41 356 492 356 275 495 80 243 448 497
345 448 497 212 345 448 212 345 453 495 212 345 453 495 212 345 492 212 345 448
252 210 210 41 356 356 356 275 212 80 448 497 212 345 448 497 212 80 448 212
448 212 362 453 212 212 362 453 212 356 212 362 492 212 464 448 212 362 275 212
41 356 356 356 275 212 80 448 497 212 80 448 497 212 80 448 212 80 453 212
497 212 345 448 212 362 453 212 212 362 453 212 356 212 362 492 212 464 448 212
356 356 41 448 252 210 210 356 41 356 356 275 212 345 448 275 212 448 497 492
345 492 497 212 80 448 212 80 453 495 212 345 41 356 356 453 495 212 345 492
345 453 495 212 345 356 453 495 212 345 492 212 345 448 212 345 275 212 212 345
497 212 362 448 497 212 345 448 212 80 453 495 212 80 453 495 212 80 492 212
448 252 210 210 252 252 210 210 41 356 212 356 275 212 80 448 497 212 80 448
210 210 41 356 492 356 275 495 80 243 448 497 495 80 448 497 495 80 448 495
212 41 448 252 210 210 252 252 210 210 41 356 212 356 275 212 80 448 497 212
80 448 212 80 453 495 212 80 492 495 212 80 492 212 80 448 212 80 275 448
210 210 356 252 252 243 243 41 356 356 252 243 252 243 356 492 212 80 448 497
448 252 210 210 41 356 356 356 492 212 80 448 497 212 80 448 497 212 80 448
212 80 448 497 212 80 448 212 80 453 495 212 80 492 495 212 80 492 212 80
210 210 41 356 492 356 275 495 80 243 448 497 495 80 448 497 495 80 448 495
453 495 212 345 492 495 212 345 492 212 345 448 212 345 275 212 212 80 275 212
467 467 464 492 467 464 448 467 464 492 467 467 464 492 467 467 464 492 467 467
345 448 212 345 275 212 212 345 275 212 212 80 275 212 212 80 275 212 212 80
80 448 497 495 345 448 497 212 80 448 212 345 492 495 212 80 252 243 252 243
356 275 212 345 448 497 212 345 448 497 212 345 448 212 345 453 495 212 345 453
212 80 448 212 80 453 495 212 80 492 495 212 80 492 212 80 448 212 80 275
212 362 448 497 212 362 448 497 212 362 448 212 362 453 495 212 362 453 495 212
80 492 212 345 448 212 80 275 212 212 80 275 212 212 80 275 212 212 80 275
212 80 448 497 212 362 492 497 212 80 448 212 345 492 495 212 345 453 495 212
464 492 467 467 464 492 467 464 448 467 464 492 467 467 464 492 467 467 464 492
345 492 212 345 448 212 345 275 212 212 80 275 212 212 80 275 212 212 345 275
492 41 448 252 210 210 356 492 492 243 243 41 356 356 252 243 252 243 356 492
212 80 453 495 212 80 492 495 212 80 492 212 345 448 212 80 275 212 212 80
252 356 41 356 448 252 210 210 356 252 243 252 243 41 356 448 356 275 212 80
41 356 356 356 356 492 212 80 448 497 212 80 448 497 212 345 448 212 80 453
448 495 80 41 356 275 495 495 80 252 243 80 448 495 80 252 243 80 448 495
252 252 210 210 41 356 356 356 275 212 80 448 497 212 80 448 497 212 80 448
453 495 212 345 453 495 212 345 492 212 345 448 212 345 453 212 212 345 275 212
495 212 80 492 212 345 448 212 345 275 212 212 345 275 212 212 80 275 212 212
356 356 275 212 80 448 497 212 80 448 497 212 80 448 212 80 453 495 212 80
212 345 448 212 80 453 212 212 345 356 453 212 212 80 275 212 252 243 252 243
80 453 495 212 345 492 212 345 448 212 345 275 212 212 345 275 212 212 80 275
356 275 212 345 448 497 495 345 448 497 212 345 448 212 345 492 495 212 345 252
356 356 356 275 212 80 448 497 212 80 448 497 212 80 448 212 80 453 495 212
453 495 212 345 492 212 345 448 212 345 275 212 212 345 275 212 212 345 275 212
495 212 345 41 356 356 453 495 212 345 492 212 345 448 212 362 275 212 212 80
212 80 448 497 212 345 448 497 212 80 448 212 80 453 495 212 80 492 495 212
80 453 495 212 80 252 243 252 243 453 495 212 80 492 212 80 448 212 80 275
80 453 495 212 345 492 212 345 448 212 345 275 212 212 345 275 212 212 80 275
495 212 362 492 495 212 362 492 212 80 448 212 362 275 212 212 362 275 212 212
212 345 453 495 212 345 453 495 212 345 492 212 345 448 212 345 453 212 212 345
356 356 356 275 495 80 356 448 497 495 80 495 497 495 80 448 495 80 453 495
212 345 448 497 212 345 448 497 212 80 275 212 212 345 453 495 212 80 492 495
275 212 345 448 275 212 212 497 492 212 345 448 212 345 453 495 212 345 453 495
495 212 362 453 495 212 362 492 212 464 448 212 362 275 212 212 362 275 212 212
41 356 356 275 212 345 448 497 212 80 448 497 212 80 448 212 80 492 212 212
497 212 80 448 212 80 453 495 212 345 41 356 356 453 495 212 345 492 212 345
345 492 495 212 345 252 243 252 243 453 495 212 345 275 212 41 356 345 448 212
80 448 212 345 453 495 212 345 453 495 212 80 492 212 80 448 212 345 275 212
345 448 497 212 362 448 497 212 345 448 212 345 492 212 212 345 453 212 212 345
356 275 212 80 448 497 212 345 448 497 212 80 448 212 345 453 495 212 345 492
212 345 453 495 212 80 453 495 212 80 492 212 345 448 212 345 275 212 212 345
495 212 80 492 212 345 448 212 80 275 212 212 345 275 212 212 80 275 212 212
345 448 212 345 275 212 212 362 252 243 252 243 345 448 212 80 275 212 212 345
80 492 212 212 345 356 453 212 212 80 275 212 252 243 252 243 345 448 212 80
497 212 80 448 497 212 80 448 212 80 453 495 212 80 492 495 212 80 492 212
356 356 356 275 212 80 448 497 212 80 448 497 212 80 448 212 80 453 495 212
212 345 448 497 212 345 448 212 362 453 212 212 362 453 212 356 212 362 492 212
212 80 448 212 80 275 212 212 80 275 212 212 80 275 212 212 80 275 212 212
356 356 356 492 212 492 448 497 212 345 448 497 212 80 448 212 80 453 495 212
497 212 80 448 497 212 345 448 212 80 453 495 212 80 252 243 252 243 453 212
356 41 212 448 252 210 210 252 252 210 210 41 356 212 356 275 212 80 448 497
252 356 356 492 41 448 252 210 210 356 252 252 243 243 41 356 212 252 243 252
80 492 212 345 448 212 345 275 212 212 345 275 212 212 80 275 212 212 345 275
41 356 345 448 212 345 275 212 212 362 252 243 252 243 345 448 212 345 275 212
497 212 345 448 212 362 453 212 212 362 453 212 356 212 362 492 212 464 448 212
41 356 356 362 212 362 448 362 212 362 448 362 467 362 448 467 362 362 495 212
212 80 453 495 212 80 492 495 212 80 492 212 345 448 212 80 275 212 212 80
212 345 448 212 362 492 495 212 362 453 495 212 362 492 212 80 448 212 362 275
497 212 464 492 497 212 80 448 212 80 453 495 212 345 41 356 356 453 212 212
497 495 345 448 497 212 345 448 212 345 492 495 212 80 252 243 252 243 453 212
41 448 252 210 210 41 356 212 356 492 212 80 448 497 212 80 448 497 212 80
497 212 80 448 497 212 345 448 212 80 453 212 212 345 356 453 212 212 80 275
212 345 453 495 212 345 492 212 345 448 212 345 275 212 212 345 275 212 212 345
448 497 212 80 448 212 345 453 495 212 80 453 495 212 80 492 212 345 448 212
252 356 41 356 448 252 210 210 41 356 356 356 492 212 345 448 497 212 345 448
345 453 495 212 80 453 495 212 80 492 212 345 448 212 345 275 212 212 345 275
41 356 356 356 492 212 345 448 497 212 345 448 497 212 345 448 212 362 453 495
492 495 212 345 492 212 345 448 212 345 275 212 212 362 275 212 212 345 275 212
212 356 275 212 345 448 497 212 345 448 497 212 345 448 212 345 453 212 212 345
495 252 243 80 448 495 80 41 356 275 495 495 80 252 243 80 448 495 80 252
212 345 448 497 212 345 448 212 345 453 495 212 80 492 495 212 80 275 212 345
356 356 356 492 212 345 448 497 212 345 448 497 212 345 275 212 212 345 453 495
252 356 41 356 448 252 210 210 41 356 356 275 212 80 448 497 212 80 448 497
345 492 495 212 345 492 495 212 80 275 212 345 448 212 80 275 212 212 345 275
252 210 210 41 356 356 356 492 495 80 243 448 497 495 80 448 497 495 80 448
356 453 212 212 345 275 212 252 243 252 243 345 448 212 80 275 212 212 345 252
448 212 80 275 448 212 80 252 243 492 243 80 448 212 80 252 212 492 212 80
212 80 492 212 345 448 212 80 275 212 212 80 275 212 212 80 275 212 212 80
252 210 210 41 356 356 356 492 212 345 448 497 212 345 448 497 212 80 275 212
356 356 275 212 345 448 497 212 345 212 497 212 345 448 212 345 453 495 212 345
448 252 210 210 41 356 356 356 275 212 80 448 497 212 345 492 497 212 80 448
80 275 212 212 80 275 212 356 275 212 345 448 497 212 345 448 497 212 345 448
212 80 448 497 212 80 448 212 80 453 495 212 80 492 495 212 80 492 212 80
495 212 345 275 212 345 448 212 80 275 212 212 345 275 212 212 80 275 212 212
356 41 448 252 210 210 41 356 212 356 492 212 80 448 497 212 80 448 497 212
41 356 448 252 210 210 356 492 212 80 448 497 212 464 492 497 212 80 448 212
212 80 275 212 212 80 275 212 356 275 212 345 448 497 212 345 448 497 212 345
492 212 212 80 275 212 212 80 275 212 356 275 212 345 448 497 212 345 448 497
448 212 345 453 495 212 80 453 495 212 80 492 212 345 448 212 345 275 212 212
212 212 345 356 453 212 212 345 275 212 252 243 252 243 345 448 212 80 275 448
212 345 453 495 212 345 356 453 495 212 345 492 212 345 448 212 345 275 212 212
492 212 362 448 212 345 275 212 212 80 252 243 492 243 80 448 212 80 252 212
252 356 356 41 448 252 210 210 356 41 356 356 275 212 80 448 275 212 448 497
252 356 212 41 448 252 210 210 41 356 356 356 275 212 80 448 497 212 80 448
80 492 212 212 345 356 453 212 212 80 275 212 252 243 252 243 345 448 212 80
356 41 356 448 252 210 210 356 252 243 252 243 41 356 448 356 275 212 80 448
497 212 80 448 212 345 453 495 212 80 453 495 212 80 492 212 345 448 212 345
212 80 448 497 212 80 448 497 212 80 448 212 80 453 495 212 345 356 453 212
362 448 212 362 275 212 212 362 275 212 212 345 275 212 212 362 275 212 212 362
275 212 212 497 492 212 345 448 212 345 453 495 212 345 453 495 212 345 492 212
212 345 448 497 212 345 492 497 212 345 448 212 345 453 495 212 345 356 453 495
448 497 212 80 448 212 80 453 495 212 80 492 495 212 80 492 212 80 448 212
492 495 212 345 492 495 212 345 275 212 345 448 212 80 275 212 212 345 275 212
252 356 356 492 41 448 252 210 210 356 252 252 243 243 41 356 212 252 243 252
212 345 252 243 252 243 453 495 212 345 492 212 41 356 345 448 212 345 275 212
80 448 497 212 80 448 497 212 80 448 212 80 453 212 212 345 356 453 212 212
80 492 212 345 448 212 345 275 212 212 345 275 212 212 80 275 212 212 345 275
448 492 467 464 448 467 464 492 467 467 464 492 467 467 464 492 467 464 448 467
80 448 497 212 345 448 212 80 453 495 212 345 356 453 495 212 80 275 212 252
212 345 356 453 212 212 345 275 212 252 243 252 243 345 448 212 80 275 448 212
243 41 453 495 495 80 275 495 252 243 80 448 495 80 41 356 275 212 495 80
212 345 252 243 252 243 453 495 212 345 492 212 41 356 345 448 212 345 275 212
252 210 210 252 252 210 210 41 356 492 356 275 495 80 243 448 497 495 80 448
210 210 252 252 210 210 41 356 492 356 275 495 80 243 448 497 495 80 448 497
492 210 453 362 345 356 362 212 464 448 362 212 362 448 362 467 464 448 212 464
492 212 80 448 497 212 80 448 497 212 345 448 212 80 453 495 212 80 252 243
252 448 80 448 492 210 210 41 356 356 362 212 362 448 362 212 362 448 362 212
41 356 356 356 275 495 80 356 448 497 495 80 495 497 495 80 448 495 80 453
356 448 356 492 212 80 448 497 212 80 448 497 212 80 448 212 80 453 212 212
356 356 356 492 212 492 448 497 212 345 448 497 212 80 448 212 80 453 495 212
356 448 252 210 210 356 492 212 80 448 497 212 464 492 497 212 80 448 212 80
212 362 448 497 212 362 448 497 212 362 448 212 362 453 495 212 362 453 495 212
212 80 252 243 252 243 453 495 212 80 492 212 80 448 212 80 275 212 212 80
356 275 212 345 448 497 212 345 448 497 212 345 448 212 362 453 212 212 362 453
80 448 497 212 345 448 212 80 453 495 212 345 453 495 212 80 492 212 345 448
252 210 210 41 356 356 356 275 212 80 448 497 212 362 448 497 212 80 448 212
41 453 495 495 80 275 495 252 243 80 448 495 80 41 356 275 495 495 80 252
210 41 356 356 356 492 212 492 448 497 212 345 492 497 212 453 448 212 345 453
345 453 495 212 345 492 212 345 448 212 345 492 212 212 345 275 212 212 345 275
210 210 356 492 212 464 448 497 212 464 492 497 212 80 448 212 80 453 212 212
41 356 356 492 212 212 345 492 212 345 448 212 362 275 212 212 80 275 212 212
212 362 448 212 345 275 212 212 80 252 243 492 243 80 448 212 80 252 212 492
252 210 210 252 252 210 210 41 356 492 356 275 495 80 243 448 497 495 80 448
453 495 212 345 492 495 212 345 492 212 345 448 212 345 275 212 212 80 275 212
41 448 252 210 210 252 252 210 210 41 356 492 356 275 495 80 243 448 497 495
356 356 275 212 80 448 497 212 80 448 497 212 80 448 212 80 453 495 212 80
212 80 448 497 212 80 448 497 212 80 448 212 80 453 495 212 345 356 453 212
497 212 345 448 212 345 492 212 212 345 453 212 212 345 275 212 345 448 212 345
212 345 448 497 212 345 448 497 212 345 448 212 362 453 212 212 362 453 212 356
356 41 356 356 356 356 492 212 80 448 497 212 80 448 497 212 345 448 212 80
453 41 356 356 362 212 362 448 362 212 362 448 362 467 464 448 467 362 362 495
41 448 252 210 210 41 356 356 356 492 212 492 448 497 212 345 448 497 212 80
492 212 212 345 497 212 345 448 212 80 275 212 212 80 252 243 492 243 80 448
448 212 362 492 495 212 362 453 495 212 362 492 212 80 448 212 362 275 212 212
356 356 356 275 212 345 448 497 212 345 448 497 212 80 448 212 80 453 495 212
495 212 362 453 495 212 362 492 212 464 448 212 362 275 212 212 362 275 212 212
492 497 212 345 448 212 362 492 495 212 362 453 495 212 362 492 212 80 448 212
80 453 495 212 345 453 495 212 80 492 212 345 448 212 345 275 212 212 345 275
356 275 495 80 356 448 497 495 80 495 497 495 80 448 495 80 453 495 495 80
495 212 362 492 495 212 362 492 212 80 448 212 362 275 212 212 362 275 212 212
495 212 345 275 212 345 448 212 80 275 212 212 345 275 212 212 80 275 212 212
80 448 497 212 80 448 497 212 80 448 212 80 453 495 212 80 492 495 212 80
448 497 212 345 448 497 212 80 448 212 345 453 495 212 80 453 495 212 80 275
362 492 495 212 362 492 212 80 448 212 362 275 212 212 362 275 212 212 80 275
80 448 497 212 345 448 497 212 345 448 212 80 453 495 212 80 252 243 252 243
41 356 448 252 210 210 252 252 210 210 41 356 212 356 275 212 80 448 497 212
495 212 345 492 212 345 448 212 80 275 212 212 80 275 212 212 80 275 212 212
492 495 212 345 492 212 345 448 212 345 275 212 212 362 275 212 212 345 275 212
356 356 275 495 80 356 448 497 495 80 495 497 495 80 448 495 80 453 495 495
345 275 212 345 448 212 345 275 212 212 80 275 212 212 80 275 212 212 345 275
356 41 356 448 252 210 210 252 252 210 210 41 356 356 356 492 212 453 448 497
252 243 252 243 356 275 212 80 448 497 495 345 448 497 212 80 448 212 345 492
275 212 345 448 497 212 80 448 497 212 80 448 212 80 492 212 212 80 275 212
212 448 252 210 210 252 252 210 210 41 356 212 356 275 212 80 448 497 212 80
212 80 448 497 212 345 448 497 212 80 448 212 345 453 495 212 80 453 495 212
448 212 80 453 212 212 345 356 453 495 212 345 275 212 252 243 252 243 345 448
356 356 41 448 252 210 210 41 356 212 356 492 212 80 448 497 212 80 448 497
212 362 492 212 345 448 212 362 275 212 212 362 275 212 212 80 275 212 212 80
495 212 345 492 212 345 448 212 80 275 212 212 80 275 212 212 80 275 212 212
252 210 210 41 356 356 356 492 212 80 448 497 212 80 448 497 212 80 448 212
497 212 345 492 497 212 345 448 212 345 492 495 212 345 453 495 212 345 492 212
453 212 212 345 275 212 252 243 252 243 345 448 212 80 275 212 212 345 252 243
345 492 467 345 448 362 467 464 492 362 467 464 448 467 464 492 495 467 464 492
492 212 362 448 212 362 275 448 212 362 275 212 212 362 275 212 212 362 275 448
453 495 212 362 453 495 212 362 492 212 464 448 212 362 275 212 212 362 275 212
212 345 492 212 212 362 453 212 212 362 275 212 345 448 212 362 275 212 212 362
41 356 356 356 492 212 492 448 497 212 345 492 497 212 453 448 212 345 453 495
212 212 362 275 212 345 448 212 345 275 212 212 345 41 356 275 212 212 345 275
467 467 464 492 467 464 448 467 464 492 467 467 464 492 467 467 464 492 467 467
212 345 448 497 212 345 448 212 362 453 212 212 362 453 212 356 212 362 492 212
495 80 356 448 497 495 80 448 497 495 80 448 495 80 453 495 495 80 252 356
448 497 212 345 448 212 345 492 495 212 80 252 243 252 243 453 495 212 345 275
212 345 492 212 345 448 212 80 275 212 212 80 275 212 212 80 275 212 212 345
362 453 495 212 362 492 212 464 448 212 362 275 212 212 362 275 212 212 362 275
448 252 210 210 356 492 212 464 448 497 212 464 492 497 212 80 448 212 80 453
495 212 362 492 212 362 448 212 362 275 448 212 362 275 448 212 362 275 448 212
252 356 41 356 448 252 210 210 356 252 243 252 243 41 356 448 356 275 212 80
448 212 345 492 212 212 362 453 212 212 362 275 212 345 448 212 362 275 212 212
252 356 41 356 448 252 210 210 41 356 356 356 492 212 345 448 497 212 345 448
492 212 212 362 453 212 212 362 275 212 345 448 212 345 275 212 212 345 41 356
212 345 448 212 345 492 212 212 362 453 212 212 362 275 212 345 448 212 362 275
41 448 252 210 210 41 356 356 356 275 212 80 448 497 212 80 448 497 212 80
495 212 80 492 495 212 80 492 212 80 448 212 80 275 212 212 80 275 212 212
212 41 448 252 210 210 41 356 356 356 275 212 80 448 497 212 80 448 497 212
212 345 448 212 362 453 495 212 362 453 495 212 362 453 212 464 448 212 362 275
448 252 210 210 41 356 356 356 492 212 492 448 497 212 345 448 492 212 80 448
453 495 212 345 453 495 212 345 492 212 345 448 212 345 453 212 212 345 275 212
212 345 453 495 212 345 492 212 345 448 212 345 275 212 212 80 275 212 212 345
362 448 212 362 275 448 212 80 252 243 492 243 80 448 212 80 252 212 492 212
41 356 356 252 243 252 243 356 492 212 80 448 497 495 345 448 497 212 80 448
356 356 275 212 345 448 497 212 345 448 497 212 345 448 212 80 453 495 212 345
345 448 212 362 453 495 212 362 453 495 212 362 453 212 464 448 212 362 275 212
467 467 464 492 467 464 448 467 464 492 467 467 464 492 467 467 464 492 467 467
497 212 80 448 497 212 345 448 212 80 453 495 212 345 453 495 212 80 492 212
492 212 212 80 275 212 212 80 275 212 356 275 212 345 448 497 212 345 448 497
212 345 448 497 212 362 448 497 212 80 448 212 345 453 495 212 345 453 495 212
356 252 243 252 243 41 356 448 356 492 212 80 448 497 212 80 448 497 212 345
356 453 495 212 345 492 212 345 448 212 345 275 212 212 345 275 212 212 345 275
210 210 41 356 356 356 275 212 80 448 497 212 345 448 497 212 80 448 212 345
210 41 356 41 356 356 356 356 492 212 80 448 497 212 80 448 497 212 345 448
448 497 212 345 448 497 212 80 448 212 80 453 495 212 80 453 495 212 80 492
345 448 497 212 345 448 212 345 492 495 212 345 252 243 252 243 453 495 212 345
497 212 345 492 497 212 345 448 212 345 492 495 212 345 453 495 212 345 492 212
448 497 212 362 448 212 80 453 495 212 80 252 243 252 243 453 495 212 80 492
212 362 453 212 212 362 453 212 356 212 362 492 212 464 448 212 362 275 212 212
492 212 212 362 453 212 212 362 275 212 345 448 212 345 275 212 212 345 41 356
356 212 41 448 252 210 210 252 252 210 210 41 356 212 356 275 212 80 448 497
448 252 210 210 41 356 356 356 275 212 80 448 497 212 345 492 497 212 80 448
448 212 80 492 212 212 80 275 212 212 80 275 212 356 275 212 345 448 497 212
495 212 345 453 495 212 345 492 212 345 448 212 345 492 212 212 345 275 212 212
212 80 448 497 212 362 448 212 80 453 495 212 80 252 243 252 243 453 212 212
345 275 212 252 243 492 243 345 448 212 80 275 212 212 345 252 243 492 212 80
345 492 495 212 345 275 212 345 448 212 80 275 212 212 80 275 212 212 80 275
495 345 448 497 212 345 448 212 345 492 495 212 80 252 243 252 243 453 495 212
80 448 497 212 80 448 497 212 80 448 212 80 453 495 212 80 492 495 212 80
345 275 212 345 448 212 362 275 212 212 345 41 356 275 212 212 345 275 212 212
345 252 243 252 243 453 495 212 345 492 212 41 356 345 448 212 345 275 212 212
212 212 345 356 453 212 212 345 275 212 252 243 252 243 345 448 212 80 275 448
345 448 497 212 345 448 212 362 453 212 212 362 453 212 356 212 362 492 212 464
356 41 448 252 210 210 41 356 356 356 275 212 80 448 497 212 345 492 497 212
356 356 356 356 492 212 80 448 497 212 80 448 497 212 345 448 212 80 453 212
495 212 80 492 212 80 448 212 80 275 212 212 80 275 212 212 80 275 212 212
41 356 356 356 275 212 80 448 497 212 80 448 497 212 80 448 212 80 453 212
345 492 495 212 345 275 212 345 448 212 80 275 212 212 80 275 212 212 80 275
345 212 362 448 497 212 362 448 497 212 362 448 212 362 453 495 212 362 453 495
80 448 492 467 464 492 492 467 464 448 467 464 492 467 467 464 492 467 467 464
448 492 467 464 448 467 464 492 467 467 464 492 467 467 464 492 467 464 448 467
356 41 356 448 252 210 210 41 356 356 275 212 345 448 497 212 345 448 497 212
497 212 362 492 497 212 345 448 212 362 453 495 212 362 453 495 212 362 453 212
356 356 41 448 252 210 210 41 356 356 356 492 212 492 448 497 212 345 448 492
492 212 212 345 497 212 345 448 212 80 275 212 212 80 252 243 492 243 80 448
252 210 210 252 252 210 210 41 356 212 356 275 212 80 448 497 212 80 448 497
448 497 212 345 448 212 345 492 212 212 362 453 212 212 345 492 212 345 448 212
448 497 212 362 448 212 362 453 495 212 362 453 495 212 362 492 212 362 448 212
448 80 448 492 210 210 41 356 356 362 212 362 448 362 212 362 448 362 212 464
497 212 345 448 212 362 453 495 212 362 453 495 212 362 453 212 464 448 212 362
448 212 80 453 495 212 80 492 495 212 80 492 212 80 448 212 80 275 212 212
467 467 464 492 467 464 448 467 464 492 467 467 464 492 467 467 464 492 467 467
356 41 448 252 210 210 41 356 356 356 492 212 492 448 497 212 345 448 497 212
356 448 252 210 210 356 252 243 252 243 41 356 492 356 275 212 80 448 497 212
356 356 356 492 212 492 448 497 212 345 492 497 212 453 448 212 345 453 495 212
80 448 497 212 345 448 497 212 345 448 212 80 453 495 212 80 252 243 252 243
212 80 448 212 80 453 495 212 80 492 495 212 80 492 212 80 448 212 80 275
212 41 448 252 210 210 252 252 210 210 41 356 212 356 275 212 80 448 497 212
212 345 448 212 345 275 212 212 80 275 212 212 345 275 212 212 80 275 212 212
448 252 210 210 356 41 356 356 492 212 80 448 275 212 212 492 492 212 492 448
243 356 275 212 345 448 497 495 345 448 497 212 345 448 212 345 492 495 212 345
80 275 212 212 80 275 212 356 275 212 345 448 497 212 345 448 497 212 345 448
356 356 492 41 448 252 210 210 356 252 252 243 243 41 356 212 252 243 252 243
356 41 448 252 210 210 356 41 356 356 275 212 345 448 275 212 212 492 492 212
275 212 345 448 497 212 345 448 497 212 80 448 212 345 453 495 212 345 453 495
80 448 495 80 453 495 495 80 252 356 243 41 453 495 495 80 275 495 252 243
345 212 497 212 345 448 212 345 453 495 212 345 356 453 495 212 345 492 212 345
492 212 80 448 497 212 80 448 497 212 345 448 212 80 453 495 212 80 252 243
212 80 453 495 212 345 453 495 212 80 492 212 345 448 212 80 275 212 212 345
495 80 448 495 80 453 495 495 80 252 356 243 41 453 495 495 80 275 495 252
356 356 356 492 212 345 448 497 212 345 448 497 212 345 275 212 212 345 453 495
212 362 492 495 212 362 492 212 80 448 212 362 275 212 212 362 275 212 212 80
492 212 345 448 212 345 275 212 212 80 275 212 212 80 275 212 212 345 275 212
448 212 80 492 212 212 80 275 212 212 80 275 212 356 275 212 345 448 497 212
448 497 212 362 448 497 212 345 448 212 345 453 212 212 345 453 212 212 345 492
41 356 356 492 212 212 345 492 212 345 448 212 362 275 212 212 80 275 212 212
495 497 495 80 448 495 80 453 495 495 80 252 356 243 41 453 495 495 80 275
212 80 448 497 212 345 448 212 80 453 495 212 345 453 495 212 80 492 212 464
275 212 212 80 275 212 356 275 212 345 448 497 212 345 448 497 212 345 448 212
497 212 362 448 212 362 453 495 212 362 453 495 212 362 492 212 362 448 212 362
448 252 210 210 41 356 356 492 212 345 448 497 212 345 492 497 212 345 448 212
448 497 212 362 492 497 212 80 448 212 345 492 495 212 345 453 495 212 345 492
252 252 210 210 41 356 356 356 492 495 80 243 448 497 495 80 448 497 495 80
212 356 275 212 345 448 497 212 345 448 497 212 345 448 212 345 453 212 212 345
448 497 212 80 448 497 212 80 448 212 80 453 495 212 80 492 495 212 80 492
41 448 252 210 210 41 356 356 356 275 212 80 448 497 212 345 492 497 212 80
210 210 41 356 492 356 275 495 80 243 448 497 495 80 448 497 495 80 448 495
356 356 252 243 252 243 356 492 212 80 448 497 495 345 448 497 212 80 448 212
448 497 212 345 448 497 212 345 275 212 212 345 453 495 212 80 492 495 212 345
448 212 345 453 495 212 345 453 495 212 345 492 212 345 448 212 345 453 212 212
448 252 210 210 252 252 210 210 41 356 243 356 492 212 453 448 492 212 464 453
252 356 356 41 448 252 210 210 356 41 356 356 275 212 80 448 275 212 448 497
212 345 448 497 495 345 448 497 212 80 448 212 345 492 495 212 80 252 243 252
497 212 345 448 497 212 345 448 212 345 453 495 212 80 492 495 212 80 275 212
356 275 212 345 448 497 212 345 448 497 212 345 275 212 212 80 453 495 212 80
497 212 345 448 212 80 453 212 212 345 356 453 212 212 80 275 212 252 243 252
356 356 356 492 212 345 448 497 212 345 448 497 212 362 448 212 362 453 495 212
345 492 495 212 345 492 212 345 448 212 80 275 212 212 80 275 212 212 80 275
362 492 212 362 448 212 362 275 212 212 362 275 212 212 345 275 212 212 362 275
