510 1205 381 248 1692 1144 1692 510 603 712 118 375 603 1917 614 1063 1794 1692 856 1692
1205 1917 248 1692 1144 1692 1545 603 712 248 375 603 381 614 1063 1794 1692 856 1692 796
712 381 1618 1467 1205 1917 248 510 603 1917 118 1110 1144 1692 758 1692 1545 603 89 118
603 1917 248 1110 1144 1692 375 603 381 118 1110 758 1692 1144 1692 1545 603 381 248 1110
1545 1205 1917 614 510 603 712 118 1110 1144 1692 375 603 1917 248 1110 1144 1692 375 603
1805 118 1692 856 1692 796 891 856 1692 1545 603 89 1618 1467 1205 1917 248 510 603 1917
603 381 118 1110 1545 603 712 248 1692 1144 1692 510 603 1805 118 375 712 1917 614 1063
1794 1692 856 1692 758 1692 796 891 856 1692 1545 603 1805 1618 1467 1205 1917 614 510 603
1383 796 891 856 277 1545 712 712 1618 1467 1205 1917 614 510 603 712 118 1110 1144 277
1110 1144 1692 375 603 89 248 1110 1144 1692 375 1205 712 118 1110 758 1692 1545 1205 712
856 1692 758 1692 796 891 856 1692 758 1692 758 1692 796 891 758 1692 758 1692 1545 712
118 1110 1144 1692 375 603 1805 248 1144 1383 1383 1545 1205 381 118 1110 758 1692 1144 1692
1205 381 118 1692 1144 1692 510 603 712 248 375 712 1917 614 1063 1794 1692 856 1692 1545
1545 1205 381 118 1692 1144 1692 510 603 712 248 375 712 1917 614 1063 1794 1692 856 1692
118 1110 1144 1692 375 603 712 248 1110 1144 1692 375 1205 712 118 1110 758 1692 1144 1692
510 603 1917 118 1110 1144 1692 758 1692 1545 603 1917 248 1063 1545 1205 712 118 466 796
758 277 1545 603 712 1618 1467 1205 1917 248 510 603 1917 118 1110 1144 277 758 277 1545
381 248 1692 1144 1692 510 603 712 118 375 603 1917 614 1063 1794 1692 856 1692 758 1692
614 510 603 712 118 1110 1144 1692 375 603 1805 248 1144 1383 1383 1545 1205 381 118 1110
1545 603 712 1618 1545 1205 712 248 510 603 1917 118 1110 1144 1692 758 1692 1545 603 712
118 1110 1144 1692 375 603 1917 248 1110 1144 1692 375 603 381 118 1110 758 1692 1144 1692
1144 1110 614 1692 510 1205 381 248 1692 1144 1692 510 603 712 118 375 603 1917 614 1063
248 1692 510 1205 381 248 1692 1144 1692 510 603 712 118 375 603 1917 614 1063 1794 1692
796 891 856 1692 1545 603 712 1618 1467 1205 1917 614 510 603 712 118 1110 1144 1692 758
1063 1794 1692 856 1692 1545 603 89 1618 1467 1205 1917 118 510 603 712 118 1110 1144 1692
466 1545 1205 712 118 1692 856 1692 1545 1205 712 1794 1692 1545 1205 1917 614 510 603 712
1545 712 758 1110 1144 1692 758 1383 1545 712 381 248 1063 1794 466 1545 1205 712 118 1692
1692 375 603 381 118 89 1383 1383 1144 1692 1545 603 381 118 1110 1545 603 712 248 1692
603 712 118 1110 1144 1692 375 603 712 248 1110 1144 1692 375 1205 712 118 1110 758 1692
712 118 375 712 1917 614 1063 1794 1692 856 1692 796 891 758 1692 758 1692 1545 603 1805
1545 603 712 1618 1467 1205 1917 614 510 603 712 118 1110 1144 277 758 277 1545 603 712
277 1545 712 712 1618 1467 1205 1917 248 510 603 1917 118 1110 1144 277 758 277 1545 603
796 891 758 1692 1545 712 381 248 1063 1794 1692 856 1692 1545 603 89 1618 1467 1205 1917
1545 712 712 1618 1467 1205 1917 614 510 603 712 118 1110 1144 277 758 277 1545 603 712
891 758 1692 758 1692 1545 603 1805 1618 1467 1205 1917 248 510 603 1917 118 1110 1144 1692
712 118 1110 1144 277 758 277 1545 603 89 248 1110 1545 1205 712 1618 466 796 891 1545
1917 614 1063 1794 1692 856 1692 758 1692 796 891 856 1692 1545 603 1805 1618 1467 1205 1917
603 1917 248 1110 1144 1692 375 603 381 118 1110 758 1692 1144 1692 1545 603 381 248 1110
603 1917 614 1063 1794 1692 856 1692 758 1692 796 891 856 1692 1545 603 1805 1618 1467 1205
1692 856 1692 796 891 856 1692 1545 603 89 1618 1467 1205 1917 248 510 603 1917 118 1110
375 712 1917 614 1063 1794 1692 856 1692 1545 1205 712 118 1692 856 1692 796 891 856 1692
603 712 1618 1467 1205 1917 614 510 603 712 118 1110 1144 1692 758 1692 1545 603 712 118
89 1618 1467 1205 1917 248 510 603 1917 118 1110 1144 1692 758 1692 1545 603 1805 248 1063
1692 1618 1692 1545 1205 712 118 1110 1545 1205 381 118 1692 1144 1692 510 603 712 248 375
603 712 118 375 603 1917 614 1063 1794 1692 856 1692 758 1692 796 891 856 1692 1545 603
277 796 891 856 277 1545 603 712 1618 1467 1205 1917 248 510 603 1917 118 1110 1144 277
1618 1467 1205 1917 614 510 603 712 118 1110 1144 1692 758 1692 1545 603 89 118 1063 796
603 712 248 375 712 1917 614 1063 1794 1692 856 1692 1545 1205 712 118 1692 856 1692 796
248 1144 1383 1383 1545 1205 381 118 1110 758 1692 1144 1692 1545 1205 712 118 1110 1545 1205
1794 1692 856 1383 796 891 758 1692 758 1692 1545 603 1805 1618 1467 1205 1917 248 510 603
277 1545 603 89 1618 1467 1205 1917 614 510 603 712 118 1110 1144 277 758 1383 1545 603
1467 1205 1917 614 510 603 712 118 1110 1144 277 758 1383 1545 603 1805 118 1063 796 891
1692 1618 1692 1545 1205 712 118 1110 1545 1205 381 118 1692 1144 1692 510 603 712 248 375
1144 1692 375 603 1917 248 1110 1144 1692 375 603 381 118 1110 758 1692 1144 1692 1545 603
1467 1205 712 614 510 603 712 118 1110 1144 277 758 277 1545 603 89 118 1110 1545 1205
1692 796 891 856 1692 758 1692 758 1692 796 891 758 1692 758 1692 1545 712 381 1618 1467
1545 712 758 1110 1144 1692 758 1383 1545 712 381 248 1063 1794 466 1545 1205 712 118 1692
1063 1794 1692 856 1692 796 891 758 1692 758 1692 1545 712 381 1618 1467 1205 1917 248 510
856 1692 1545 603 1805 1618 1467 1205 1917 614 510 603 712 118 1110 1144 1692 758 1692 1545
1917 118 510 603 712 118 1110 1144 1692 375 603 712 248 1110 1144 1692 375 1205 712 118
758 277 1545 603 712 1618 1467 1205 712 614 510 603 712 118 1110 1144 277 758 277 1545
1618 1467 1205 1917 248 510 603 1917 118 1110 1144 277 758 277 1545 603 1917 118 1063 796
1618 1467 1205 712 614 510 603 712 118 1110 1144 277 758 277 1545 603 89 118 1110 1545
856 1692 758 1692 758 1692 796 891 758 1692 758 1692 1545 712 381 1618 1467 1205 1917 614
510 1205 381 248 1692 1144 1692 510 603 712 118 375 603 1917 614 1063 1794 1692 856 1692
758 1692 796 891 856 1692 1545 603 1805 1618 1467 1205 1917 614 510 603 712 118 1110 1144
1467 1205 1917 118 510 603 712 118 1110 1144 1692 375 603 712 248 1110 1144 1692 375 1205
1205 1917 614 510 603 712 118 1110 1144 1692 758 1692 1545 603 89 118 1063 796 891 1545
1545 1205 712 248 1692 1144 1692 1545 603 712 118 375 712 1917 614 1063 1794 1692 856 1692
712 381 1618 1467 1205 1917 248 510 603 712 118 1110 1144 1692 375 603 89 248 1110 1144
891 856 1692 1545 603 712 1618 1467 1205 1917 614 510 603 712 118 1110 1144 1692 758 1692
603 381 1618 1467 1205 1917 248 510 603 1805 118 1110 1144 1692 1545 603 1917 248 1110 1144
796 891 856 277 1545 603 712 1618 1467 1205 1917 614 510 603 712 118 1110 1144 277 758
712 118 1692 856 1692 1545 1205 712 1794 1692 1545 1205 1917 614 510 603 712 118 1110 1144
1110 1144 1692 375 603 1917 248 1110 1144 1692 375 603 381 118 89 1383 1383 1144 1692 1545
466 1545 1205 712 118 1692 856 1692 1545 1205 712 1794 1692 1545 1205 1917 614 510 603 712
1063 1794 1692 856 1692 796 891 758 1692 758 1692 1545 603 1805 1618 1467 1205 1917 248 510
1144 1692 510 603 712 118 375 712 1917 614 1063 1794 1692 856 1692 796 891 758 1692 758
712 118 375 712 1917 614 1063 1794 1692 856 1692 796 891 758 1692 758 1692 1545 603 1805
712 118 1110 1144 1692 375 603 1917 248 1110 1144 1692 375 603 381 118 1110 758 1692 1144
1063 1794 466 1545 1205 712 118 1692 856 1692 1545 1205 712 1794 1692 1545 1205 1917 614 510
603 381 1618 1467 1205 1917 248 510 603 1805 118 1110 1144 1692 1545 603 1917 248 1110 1144
796 891 856 1692 1545 1205 1805 118 1692 856 1692 796 891 856 1692 1545 603 89 1618 1467
1618 1467 1205 1917 614 510 603 712 118 1110 1144 1692 375 603 1917 248 1110 1144 1692 375
248 1110 1545 1205 1917 248 1692 1144 1692 510 603 712 118 375 603 381 614 1063 1794 1692
1144 1692 510 603 1805 118 375 712 1917 614 1063 1794 1692 856 1383 796 891 758 1692 758
891 856 277 1545 603 712 1618 1467 1205 1917 248 510 603 1917 118 1110 1144 277 758 277
891 856 277 1545 712 712 1618 1467 1205 1917 614 510 603 712 118 1110 1144 277 758 277
1063 1794 1692 856 1692 758 1692 796 891 856 1692 1545 603 1805 1618 1467 1205 1917 614 510
614 510 603 712 118 1110 1144 1692 758 1692 1545 603 89 118 1063 796 891 1545 1205 712
891 758 1692 758 1692 1545 603 1805 1618 1467 1205 1917 248 510 603 1917 118 1110 1144 1692
248 1063 1794 466 1545 1205 712 118 1692 856 1692 1545 1205 712 1794 1692 1545 1205 1917 614
1794 1692 856 1692 1545 1205 712 118 1692 856 1692 796 891 856 1692 1545 603 712 1618 1467
1110 758 1692 1144 1692 375 1205 712 248 1110 1545 1205 712 248 1692 1144 1692 1545 603 712
1794 1692 856 1692 758 1692 796 891 856 1692 758 1692 758 1692 796 891 758 1692 758 1692
856 277 758 277 1545 712 712 1618 1467 1205 1917 614 510 603 712 118 1110 1144 277 758
1545 1205 1917 614 510 603 712 118 1110 1144 1692 375 603 1917 248 1110 1144 1692 375 603
1692 1618 1692 1545 1205 712 118 1110 1545 1205 381 118 1692 1144 1692 510 603 712 248 375
375 603 381 118 89 1383 1383 1144 1692 1545 603 381 118 1110 1545 603 712 248 1692 1144
510 603 712 118 1110 1144 1692 758 1692 1545 603 89 118 1063 796 891 1545 1205 712 118
1805 1618 1467 1205 1917 614 510 603 712 118 1110 1144 1692 758 1692 1545 603 712 248 1063
1692 856 1692 796 891 856 1692 1545 603 89 1618 1467 1205 1917 248 510 603 1917 118 1110
1692 1545 603 1805 1618 1467 1205 1917 248 510 603 1917 118 1110 1144 1692 758 1692 1545 603
1692 1545 603 89 1618 1467 1205 1917 118 510 603 712 118 1110 1144 1692 375 603 712 248
375 1205 712 118 1110 758 1692 1383 1205 712 1144 1110 248 1692 510 1205 381 248 1692 1144
1205 1917 248 1692 1144 1692 1545 603 712 248 375 603 381 614 1063 1794 1692 856 1692 796
1205 1917 118 510 603 712 118 1110 1144 1692 375 603 712 248 1110 1144 1692 375 1205 712
277 1545 712 712 1618 1467 1205 1917 614 510 603 712 118 1110 1144 277 758 277 1545 603
375 603 1805 248 1144 1383 1383 1545 1205 381 118 1110 758 1692 1144 1692 1545 1205 712 248
375 603 1917 248 1110 1144 1692 375 603 381 118 89 1383 1383 1144 1692 1545 603 381 118
1110 1144 1692 375 603 1805 248 1144 1383 1383 1545 1205 381 118 1110 758 1692 1144 1692 1545
1205 1917 248 510 603 1917 118 1110 1144 1692 758 1692 1545 603 1917 248 1063 1545 1205 712
712 381 1618 1467 1205 1917 248 510 603 1917 118 1110 1144 277 758 277 1545 603 1917 118
1545 603 1917 248 1110 1144 1692 375 1205 381 758 614 1383 603 1144 1692 1545 603 381 118
614 1063 1794 1692 856 1692 1545 1205 712 118 1692 856 1692 796 891 856 1692 1545 603 712
248 1063 1794 466 1545 1205 712 118 1692 856 1692 1545 1205 712 1794 1692 1545 1205 1917 614
375 1205 381 758 614 1383 603 1144 1692 1545 603 381 118 1110 1545 1205 89 248 1383 1144
1144 1692 375 603 89 248 1110 1144 1692 375 1205 712 118 1110 758 1692 1545 1205 712 1144
1545 712 381 1618 1467 1205 1917 248 510 603 712 118 1110 1144 1692 375 603 89 248 1110
758 1692 796 891 856 1692 1545 603 1805 1618 1467 1205 1917 614 510 603 712 118 1110 1144
1692 856 1692 1545 1205 712 1794 1692 1545 1205 1917 614 510 603 712 118 1110 1144 1692 375
758 277 1545 712 712 1618 1467 1205 1917 614 510 603 712 118 1110 1144 277 758 277 1545
1205 1917 248 510 603 1917 118 1110 1144 1692 758 1692 1545 603 89 118 1063 796 891 1545
603 712 118 1110 1144 1692 375 603 1917 248 1110 1144 1692 375 603 381 118 614 1383 1383
758 1692 1545 712 381 1618 1467 1205 1917 614 510 603 712 118 1110 1144 1692 758 1692 1545
1110 1144 1692 758 1692 1545 603 1917 248 1063 1545 1205 712 118 466 796 891 1545 1205 712
277 758 277 1545 712 712 1618 1467 1205 1917 614 510 603 712 118 1110 1144 277 758 277
603 381 614 1063 1794 1692 856 1692 796 891 758 1692 758 1692 1545 712 381 1618 1467 1205
1144 1383 1383 1545 1205 381 118 1110 758 1692 1144 1692 1545 1205 712 118 1110 1545 1205 712
248 1692 1144 1692 510 603 712 248 375 603 381 614 1063 1794 1692 856 1692 796 891 758
381 118 1110 758 1692 1144 1692 1545 1205 712 118 1110 1545 1205 381 118 1692 1144 1692 510
712 248 1110 1144 1692 375 1205 712 118 1110 758 1692 1144 1692 1545 603 381 248 1110 1545
1794 1692 856 1692 758 1692 796 891 856 1692 1545 603 1805 1618 1467 1205 1917 614 510 603
603 712 118 1110 1144 1692 375 603 712 248 1110 1144 1692 375 1205 712 118 1110 758 1692
375 1205 712 118 1110 758 1692 1383 1205 712 1144 1110 248 1692 510 1205 381 248 1692 1144
1917 118 510 603 712 118 1110 1144 1692 375 603 712 248 1110 1144 1692 375 1205 712 118
1794 1692 856 1692 1545 603 89 1618 1467 1205 1917 118 510 603 712 118 1110 1144 1692 375
796 891 856 1692 1545 603 712 1618 1467 1205 1917 614 510 603 712 118 1110 1144 1692 758
510 603 1805 248 375 712 381 614 1063 1794 1692 856 1692 758 1692 796 891 856 1692 1545
118 1110 758 1692 1144 1692 1545 1205 712 248 1110 1545 1205 712 248 1692 1144 1692 1545 603
381 1618 1467 1205 1917 248 510 603 1917 118 1110 1144 1692 758 1692 1545 603 89 118 1063
856 277 1545 712 712 1618 1467 1205 1917 614 510 603 712 118 1110 1144 277 758 277 1545
1692 1545 1205 712 118 1692 856 1692 796 891 856 1692 1545 603 712 1618 1467 1205 1917 614
1692 856 1692 1383 1205 712 118 1692 856 1692 796 891 856 1692 1545 603 712 1618 1467 1205
1692 856 1692 758 1692 796 891 856 1692 758 1692 758 1692 796 891 758 1692 758 1692 1545
1383 1383 1144 1692 375 603 381 118 1110 1545 603 712 248 1692 1144 1692 510 603 1805 118
712 381 1618 1467 1205 1917 248 510 603 1917 118 1110 1144 1692 758 1692 1545 603 89 118
248 1692 1144 1692 510 603 712 118 375 712 1917 614 1063 1794 1692 856 1692 796 891 758
118 1110 758 1692 1144 1692 1545 1205 712 248 1110 1545 1205 712 248 1692 1144 1692 1545 603
1692 856 1692 1545 1205 712 1794 1692 1545 1205 1917 614 510 603 712 118 1110 1144 1692 375
758 1692 1144 1692 375 1205 712 118 1110 1545 1205 712 248 1692 1144 1692 1545 603 712 118
1545 603 712 1618 1467 1205 1917 614 510 603 712 118 1110 1144 1692 758 1692 1545 603 1805
1618 1467 1205 1917 248 510 603 1917 118 1110 1144 277 758 277 1545 603 1805 118 1063 1545
1110 1545 1205 1805 248 1692 1144 1692 510 603 712 248 375 712 381 614 1063 1794 1692 856
381 118 1110 758 1692 1144 1692 1545 603 381 248 1110 1545 1205 1917 248 1692 1144 1692 510
381 248 1692 1144 1692 510 603 712 118 375 603 1917 614 1063 1794 1692 856 1692 758 1692
856 1692 1545 603 1805 1618 1467 1205 1917 614 510 603 712 118 1110 1144 1692 758 1692 1545
712 381 248 1063 1794 1692 856 1692 1545 603 89 1618 1467 1205 1917 118 510 603 712 118
712 712 1618 1467 1205 1917 248 510 603 1917 118 1110 1144 277 758 277 1545 603 1805 118
712 1618 1467 1205 1917 248 277 603 1917 118 1110 1144 277 758 277 1545 603 1805 248 1063
375 712 1917 614 1063 1794 1692 856 1692 1545 1205 712 118 1692 856 1692 796 891 856 1692
758 1110 1144 1692 758 1383 1545 712 381 248 1063 1794 466 1545 1205 712 118 1692 712 1692
856 277 1545 1205 381 118 277 1794 277 758 277 1545 603 89 1618 1467 1205 1917 614 510
758 1692 796 891 856 1692 1545 603 1805 1618 1467 1205 1917 614 510 603 712 118 1110 1144
1692 856 1692 758 1692 796 891 856 1692 1545 603 712 1618 1467 1205 1917 614 510 603 712
1805 248 375 712 381 614 1063 1794 1692 856 1692 758 1692 796 891 856 1692 1545 603 1805
1545 603 1805 1618 1467 1205 1917 614 510 603 712 118 1110 1144 1692 758 1692 1545 603 712
1692 856 1692 1383 1205 712 118 1692 856 1692 796 891 856 1692 1545 603 712 1618 1467 1205
375 1205 381 758 614 1383 603 1144 1692 1545 603 381 118 1110 1545 1205 89 248 1383 1144
1063 1794 1692 856 1692 796 891 758 1692 758 1692 1545 712 381 1618 1467 1205 1917 248 510
856 1383 796 891 758 1692 758 1692 1545 603 1805 1618 1467 1205 1917 248 510 603 1917 118
1383 796 891 856 277 1545 712 712 1618 1467 1205 1917 614 510 603 712 118 1110 1144 277
712 118 1110 1144 1692 375 603 1917 248 1110 1144 1692 375 603 381 118 1110 758 1692 1144
1467 1205 1917 248 510 603 1917 118 1110 1144 1692 758 1692 1545 603 1917 248 1063 1545 1205
1545 712 381 1618 1467 1205 1917 248 510 603 712 118 1110 1144 1692 375 603 89 248 1110
1144 1692 375 603 381 118 1110 758 1692 1144 1692 1545 603 381 118 1110 1545 1205 1917 248
856 1692 1545 603 89 1618 1467 1205 1917 248 510 603 1917 118 1110 1144 1692 758 1692 1545
856 1692 1545 603 712 1618 1467 1205 1917 614 510 603 712 118 1110 1144 1692 758 1692 1545
1545 603 712 1618 1467 1205 1917 614 510 603 712 118 1110 1144 277 758 277 1545 603 712
1692 375 603 712 248 1110 1144 1692 375 1205 712 118 1110 758 1692 1144 1692 1545 603 381
1692 510 603 712 118 375 603 1917 614 1063 1794 1692 856 1692 758 1692 796 891 856 1692
712 1618 1467 1205 1917 248 510 603 1917 118 1110 1144 277 758 277 1545 603 1805 248 1063
1063 1794 1692 856 1692 758 1692 796 891 856 1692 1545 603 1805 1618 1467 1205 1917 614 510
1110 758 1692 1144 1692 375 1205 712 248 1110 1545 1205 712 248 1692 1144 1692 1545 603 712
1692 1545 712 381 248 1063 1794 1692 856 1692 1545 603 89 1618 1467 1205 1917 118 510 603
375 712 381 614 1063 1794 1692 856 1692 758 1692 796 891 856 1692 1545 603 712 1618 1467
1110 1144 1692 375 603 1805 248 1144 1383 1383 1545 1205 381 118 1110 758 1692 1144 1692 1545
381 758 614 1383 603 1144 1692 1545 603 381 118 1110 1545 1205 89 248 1383 1144 1692 510
1205 1805 118 1692 856 1692 796 891 856 1692 1545 603 89 1618 1467 1205 1917 248 510 603
1205 712 118 1692 856 1692 796 891 856 1692 1545 603 712 1618 1467 1205 1917 614 510 603
1805 118 1110 1144 1692 1545 603 1917 248 1110 1144 1692 375 1205 381 758 614 1383 603 1144
603 381 118 1110 758 1692 1144 1692 1545 603 381 118 1110 1545 1205 1917 248 1692 1144 1692
603 712 1618 1467 1205 712 614 510 603 712 118 1110 1144 277 758 277 1545 603 89 248
758 277 758 277 1545 603 712 1618 1467 1205 1917 248 510 603 1917 118 1110 1144 277 758
375 712 381 614 1063 1794 1692 856 1692 758 1692 796 891 856 1692 1545 603 1805 1618 1467
375 1205 712 118 1110 758 1692 1383 1205 712 1144 1110 248 1692 510 1205 381 248 1692 1144
1383 1545 603 381 1618 1467 1205 1917 248 510 603 1805 118 1110 1144 1692 1545 603 1917 248
1692 1545 1205 712 118 1110 1545 1205 381 118 1692 1144 1692 510 603 712 248 375 712 1917
614 1063 1794 1692 856 1692 758 1692 796 891 856 1692 1545 603 1805 1618 1467 1205 1917 614
1618 1467 1205 1917 614 510 603 712 118 1110 1144 1692 758 1692 1545 603 89 118 1063 796
510 603 1805 118 1110 1144 1692 375 603 1917 248 1110 1144 1692 375 1205 381 118 1110 758
603 1805 1618 1467 1205 1917 614 510 603 712 118 1110 1144 1692 758 1692 1545 603 712 248
1692 510 603 1805 118 375 712 1917 614 1063 1794 1692 856 1383 796 891 758 1692 758 1692
1383 1805 248 510 603 1805 118 1110 1144 1692 375 603 1917 248 1110 1144 1692 375 1205 381
1144 1692 375 603 1917 248 1110 1144 1692 375 1205 381 118 1110 758 1692 1144 1692 1545 1205
1144 1692 375 603 1917 248 1110 1144 1692 375 603 381 118 1110 758 1692 1144 1692 1545 603
1545 603 381 1618 1467 1205 1917 248 510 603 1805 118 1110 1144 1692 1545 603 1917 248 1110
510 603 712 118 1110 1144 1692 758 1692 1545 603 89 118 1063 796 891 1545 1205 712 118
1383 796 891 856 277 1545 712 712 1618 1467 1205 1917 614 510 603 712 118 1110 1144 277
603 1917 118 1110 1144 1692 758 1692 1545 603 1917 248 1063 1545 1205 712 118 466 796 891
1692 758 1692 1545 712 381 1618 1467 1205 1917 248 510 603 1917 118 1110 1144 1692 758 1692
381 1618 1467 1205 1917 248 510 603 712 118 1110 1144 1692 375 603 89 248 1110 1144 1692
1618 1467 1205 1917 248 510 603 712 118 1110 1144 1692 375 603 89 248 1110 1144 1692 375
381 248 1063 1794 1692 856 1692 1545 603 89 1618 1467 1205 1917 118 510 603 712 118 1110
712 381 1618 1467 1205 1917 248 510 603 1917 118 1110 1144 1692 758 1692 1545 603 89 118
1110 1545 1205 712 248 1692 1144 1692 1545 603 712 118 375 712 1917 614 1063 1794 1692 856
89 248 1383 1144 1692 510 603 1805 118 375 712 381 614 1063 1794 1692 856 1692 758 1692
248 1692 1144 1692 510 603 712 248 375 603 381 614 1063 1794 1692 856 1692 796 891 758
248 510 603 1805 118 1110 1144 1692 1545 603 1917 248 1110 1144 1692 375 1205 381 758 614
856 277 1545 603 712 1618 1467 1205 1917 614 510 603 712 118 1110 1144 277 758 277 1545
758 1692 796 891 758 1692 758 1692 1545 712 381 1618 1467 1205 1917 614 510 603 712 118
758 614 1383 603 1144 1692 1545 603 381 118 1110 1545 1205 89 248 1383 1144 1692 510 603
277 1545 603 712 1618 1467 1205 1917 614 510 603 712 118 1110 1144 277 758 277 1545 603
712 1917 614 1063 1794 1692 856 1692 796 891 758 1692 758 1692 1545 603 1805 1618 1467 1205
1917 614 510 603 712 118 1110 1144 1692 375 603 1917 248 1110 1144 1692 375 603 381 118
712 118 1110 1144 1692 758 1692 1545 603 89 118 1063 796 891 1545 1205 712 118 466 796
1205 712 118 1692 856 1692 796 891 856 1692 1545 603 712 1618 1467 1205 1917 614 510 603
1692 758 1692 1545 603 1917 248 1063 1545 1205 712 118 466 796 891 1545 1205 712 118 466
1692 1144 1692 510 603 712 248 375 603 381 614 1063 1794 1692 856 1692 796 891 758 1692
603 712 1618 1467 1205 1917 614 510 603 712 118 1110 1144 277 758 277 1545 603 712 118
856 1692 796 891 856 1692 1545 603 712 1618 1467 1205 1917 614 510 603 712 118 1110 1144
758 1692 758 1692 1545 712 381 1618 1467 1205 1917 248 510 603 1917 118 1110 1144 1692 758
1545 1794 1692 856 1692 758 1692 796 891 856 1692 758 1692 856 1692 796 891 758 1692 758
1794 1692 856 1692 1545 1205 712 118 1692 856 1692 796 891 856 1692 1545 603 712 1618 1467
248 510 603 1805 118 1110 1144 1692 1545 603 1917 248 1110 1144 1692 375 1205 381 758 614
1618 1467 1205 1917 712 510 603 712 118 1110 1144 1692 375 603 712 248 1110 1144 1692 375
1692 1545 712 381 1618 1467 1205 1917 248 510 603 1917 118 1110 1144 1692 758 1692 1545 603
856 1692 758 1692 796 891 856 1692 1545 603 1805 1618 1467 1205 1917 614 510 603 712 118
1144 1692 375 603 381 118 89 1383 1383 1144 1692 1545 603 381 118 1110 1545 603 712 248
1692 510 603 712 248 375 712 1917 614 1063 1794 1692 856 1692 1545 1205 712 118 1692 856
712 248 1692 1144 1692 510 603 1805 118 375 712 1917 614 1063 1794 1692 856 1383 796 891
1467 1205 1917 614 510 603 712 118 1110 1144 1692 758 1692 1545 603 712 248 1063 1545 1205
758 1692 796 891 856 1692 758 1692 758 1692 796 891 758 1692 758 1692 1545 712 381 1618
1110 1144 1692 375 603 1805 248 1144 1383 1383 1545 1205 381 118 1110 758 1692 1144 1692 1545
1383 758 1383 1545 603 712 1618 1545 1205 712 248 510 603 1917 118 1110 1144 1692 758 1692
603 712 118 1110 1144 1692 375 603 712 248 1110 1144 1692 375 1205 712 118 1110 758 1692
1692 375 603 1917 248 1110 1144 1692 375 1205 381 118 1110 758 1692 1144 1692 375 1205 712
1692 1545 603 381 118 1110 1545 1205 89 248 1383 1144 1692 510 603 1805 248 375 712 381
1692 1545 603 1805 1618 1467 1205 1917 248 510 603 1917 118 1110 1144 1692 758 1692 1545 603
712 1618 1467 1205 1917 614 510 603 712 118 1110 1144 277 758 277 1545 603 1805 118 1063
1692 796 891 856 1692 1545 603 1805 1618 1467 1205 1917 614 510 603 712 118 1110 1144 1692
758 277 1545 712 381 1618 1467 1205 1917 248 510 603 1917 118 1110 1144 277 758 277 1545
603 1805 1618 1467 1205 1917 248 510 603 1917 118 1110 1144 1692 758 1692 1545 603 1805 118
1110 1545 1205 381 118 1692 1144 1692 510 603 712 248 375 712 1917 614 1063 1794 1692 856
1545 603 712 1618 1467 1205 1917 614 510 603 712 118 1110 1144 1692 758 1692 1545 603 712
1692 796 891 856 1692 1545 603 89 1618 1467 1205 1917 248 510 603 1917 118 1110 1144 1692
1205 1917 614 510 603 712 118 1110 1144 1692 375 603 1917 248 1110 1144 1692 375 603 381
614 1063 1794 1692 856 1692 796 891 758 1692 758 1692 1545 603 1805 1618 1467 1205 1917 248
712 248 1692 1144 1692 510 603 1805 118 375 712 1917 614 1063 1794 1692 856 1383 796 891
712 758 1110 1144 1692 758 1383 1545 712 381 248 1063 1794 466 1545 1205 712 118 1692 856
1205 381 118 1110 758 1692 1144 1692 1545 1205 712 118 1110 1545 1205 381 118 1692 1144 1692
375 712 1917 614 1063 1794 1692 856 1692 796 891 758 1692 758 1692 1545 603 1805 1618 1467
1110 758 1692 1383 1205 712 1144 1110 248 1692 510 1205 381 248 1692 1144 1692 510 603 712
1110 1144 1692 375 603 1917 248 1110 1144 1692 375 1205 381 118 1110 758 1692 1144 1692 1545
1618 1467 1205 1917 614 510 603 712 118 1110 1144 277 758 1383 1545 603 1805 118 1063 796
1692 758 1692 1545 712 381 1618 1467 1205 1917 614 510 603 712 118 1110 1144 1692 758 1692
1794 1692 856 1692 1545 1205 712 118 1692 856 1692 796 891 856 1692 1545 603 712 1618 1467
1205 712 248 1692 1144 1692 1545 603 712 118 375 712 1917 614 1063 1794 1692 856 1692 796
118 1110 1144 1692 375 603 1917 248 1110 1144 1692 375 603 381 118 1110 758 1692 1144 1692
1692 1545 1205 1917 614 510 603 712 118 1110 1144 1692 375 603 1917 248 1110 1144 1692 375
712 248 1110 1144 1692 375 1205 712 118 1110 758 1692 1144 1692 1545 603 381 248 1110 1545
118 375 603 1917 614 1063 1794 1692 856 1692 758 1692 796 891 856 1692 1545 603 1805 1618
375 603 1917 614 1063 1794 1692 856 1692 758 1692 796 891 856 1692 1545 603 1805 1618 1467
1692 856 1692 796 891 856 1692 1545 603 89 1618 1467 1205 1917 248 510 603 1917 118 1110
796 891 758 1692 758 1692 1545 712 381 1618 1467 1205 1917 614 510 603 712 118 1110 1144
118 1692 856 1692 796 891 856 1692 1545 603 712 1618 1467 1205 1917 614 510 603 712 118
381 614 1063 1794 1692 856 1692 758 1692 796 891 856 1692 1545 603 1805 1618 1467 1205 1917
712 1618 1467 1205 1917 248 510 603 1917 118 1110 1144 277 758 277 1545 603 89 118 1063
1794 466 1545 1205 712 118 1692 856 1692 1545 1205 712 1794 1692 1545 1205 1917 614 510 603
1692 375 603 1917 248 1110 1144 1692 375 1205 381 118 1110 758 1692 1144 1692 375 1205 712
118 375 603 381 614 1063 1794 1692 856 1692 796 891 758 1692 758 1692 1545 712 381 1618
603 712 118 375 712 1917 614 1063 1794 1692 856 1692 796 891 758 1692 758 1692 1545 603
1144 1692 375 603 1805 248 1144 1383 1383 1545 1205 381 118 1110 758 1692 1144 1692 375 1205
1144 1692 1545 603 381 118 1110 1545 1205 1917 248 1692 1144 1692 510 603 712 248 375 603
1805 1618 1467 1205 1917 248 510 603 1917 118 1110 1144 1692 758 1692 1545 603 1917 248 1063
248 1063 1794 466 1545 1205 712 118 1692 856 1692 1545 1205 712 1794 1692 1545 1205 1917 614
1917 118 510 603 712 118 1110 1144 1692 375 603 712 248 1110 1144 1692 375 1205 712 118
381 248 1063 1794 466 1545 1205 712 118 1692 856 1692 1545 1205 712 1794 1692 1545 1205 1917
1144 1692 375 603 381 118 1110 758 1692 1144 1692 1545 603 381 118 1110 1545 1205 1917 248
796 891 758 1692 1545 712 381 248 1063 1794 1692 856 1692 1545 603 89 1618 1467 1205 1917
712 248 375 712 381 614 1063 1794 1692 856 1692 758 1692 796 891 856 1692 1545 603 712
375 603 1917 614 1063 1794 1692 856 1692 758 1692 796 891 856 1692 1545 603 1805 1618 1467
510 603 1805 118 1110 1144 1692 375 603 1917 248 1110 1144 1692 375 1205 381 118 1110 758
381 118 1110 758 1692 1144 1692 1545 1205 712 118 1110 1545 1205 381 118 1692 1144 1692 510
381 118 1110 1545 1205 89 248 1383 1144 1692 510 603 1805 118 375 712 381 614 1063 1794
614 510 603 712 118 1110 1144 1692 758 1692 1545 603 89 118 1063 796 891 1545 1205 712
89 1618 1467 1205 1917 118 510 603 712 118 1110 1144 1692 375 603 712 248 1110 1144 1692
1692 856 1383 796 891 758 1692 758 1692 1545 603 1805 1618 1467 1205 1917 248 510 603 1917
758 277 1545 603 89 1618 1467 1205 1917 614 510 603 712 118 1110 1144 277 758 1383 1545
1692 375 603 1805 248 1144 1383 1383 1545 1205 381 118 1110 758 1692 1144 1692 1545 1205 712
712 118 1692 856 1692 796 891 856 1692 1545 603 712 1618 1467 1205 1917 614 510 603 712
381 248 1110 1545 1205 1805 248 1692 1144 1692 510 603 712 118 375 712 381 614 1063 1794
277 1545 603 712 1618 1467 1205 1917 248 510 603 1917 118 1110 1144 277 758 277 1545 603
1692 1545 603 1805 1618 1467 1205 1917 614 510 603 712 118 1110 1144 1692 758 1692 1545 603
1917 248 1110 1144 1692 375 603 381 118 1110 758 1692 1144 1692 1545 603 381 248 1110 1545
248 1692 1144 1692 510 603 712 118 375 603 1917 614 1063 1794 1692 856 1692 758 1692 796
1692 1144 1692 510 603 712 248 375 712 1917 614 1063 1794 1692 856 1692 1545 1205 712 118
891 856 277 1545 603 712 1618 1467 1205 1917 614 510 603 712 118 1110 1144 277 758 277
375 712 381 614 1063 1794 1692 856 1692 758 1692 796 891 856 1692 1545 603 1805 1618 1467
118 375 712 1917 614 1063 1794 1692 856 1692 796 891 758 1692 758 1692 1545 603 1805 1618
891 758 1692 758 1692 1545 603 1805 1618 1467 1205 1917 248 510 603 1917 118 1110 1144 1692
118 375 712 1917 614 1063 1794 1692 856 1692 796 891 758 1692 758 1692 1545 603 1805 1618
758 1692 1545 603 1805 1618 1467 1205 1917 248 510 603 1917 118 1110 1144 1692 758 1692 1545
118 375 712 1917 614 1063 1794 1692 856 1383 796 891 758 1692 758 1692 1545 603 1805 1618
603 712 1618 1467 1205 1917 614 510 603 712 118 1110 1144 1692 758 1692 1545 603 1805 118
1063 1794 1692 856 1692 1545 1205 712 118 1692 856 1692 796 891 856 1692 1545 603 712 1618
1383 796 891 856 277 1545 603 712 1618 1467 1205 1917 614 510 603 712 118 1110 1144 277
603 712 118 375 603 1917 614 1063 1794 1692 856 1692 758 1692 796 891 856 1692 1545 603
1144 1692 758 1383 1545 712 381 248 1063 1794 466 1545 1205 712 118 1692 856 1692 1545 1205
248 510 603 712 118 1110 1144 1692 375 603 89 248 1110 1144 1692 375 1205 712 118 1110
614 1063 1794 1692 856 1692 758 1692 796 891 856 1692 1545 603 712 1618 1467 1205 1917 614
1618 1467 1205 1917 614 510 603 712 118 1110 1144 1692 758 1692 1545 603 712 118 1063 1545
375 712 381 614 1063 1794 1692 856 1692 758 1692 796 891 856 1692 1545 603 1805 1618 1467
712 1618 1467 1205 1917 248 510 603 1917 118 1110 1144 277 758 277 1545 603 89 118 1063
856 1692 796 891 856 1692 1545 603 712 1618 1467 1205 1917 614 510 603 712 118 1110 1144
856 1692 1545 603 1805 1618 1467 1205 1917 614 510 603 712 118 1110 1144 1692 758 1692 1545
1205 1917 118 510 603 712 118 1110 1144 1692 375 603 712 248 1110 1144 1692 375 1205 712
248 1110 1144 1692 375 603 381 118 1110 758 1692 1144 1692 1545 603 381 248 1110 1545 1205
1692 375 603 381 118 1110 758 1692 1144 1692 1545 603 381 118 1110 1545 1205 1917 248 1692
603 712 118 1110 1144 277 758 277 1545 603 89 248 1110 1545 1205 712 1618 466 796 891
758 1692 758 1692 1545 603 1805 1618 1467 1205 1917 248 510 603 1917 118 1110 1144 1692 758
1692 758 1692 1545 603 1805 1618 1467 1205 1917 248 510 603 1917 118 1110 1144 1692 758 1692
1383 796 891 1112 277 758 277 1545 712 712 1618 1467 1205 1917 614 510 603 712 118 1110
1205 381 118 1110 758 1692 1144 1692 1545 1205 712 118 1110 1545 1205 381 118 1692 1144 1692
712 1618 1467 1205 1917 614 510 603 712 118 1110 1144 1692 758 1692 1545 603 712 118 1063
1618 1467 1205 1917 248 510 603 1805 118 1110 1144 1692 1545 603 1917 248 1110 1144 1692 375
712 118 1110 1144 1692 758 1692 1545 603 89 118 1063 796 891 1545 1205 712 118 466 796
1692 375 603 1917 248 1110 1144 1692 375 603 381 118 1110 758 1692 1144 1692 1545 603 381
375 603 381 118 1110 1545 603 712 248 1692 1144 1692 510 603 1805 118 375 712 1917 614
856 1692 796 891 856 1692 1545 603 89 1618 1467 1205 1917 248 510 603 1917 118 1110 1144
248 1692 1144 1692 510 603 1805 118 375 712 1917 614 1063 1794 1692 856 1383 796 891 758
712 614 510 603 712 118 1110 1144 277 758 277 1545 603 89 118 1110 1545 1205 712 1618
758 1383 758 277 1545 712 381 1618 1467 1205 1917 248 510 603 1917 118 1110 1144 277 758
1692 856 1692 796 891 758 1692 758 1692 1545 712 381 1618 1467 1205 1917 248 510 603 1917
248 1110 1144 1692 375 603 381 118 758 1383 1383 1144 1692 1545 603 381 118 1110 1545 603
375 1205 712 248 1110 1545 1205 712 248 1692 1144 1692 1545 603 712 118 375 712 1917 614
375 603 1917 248 1110 1144 1692 375 1205 381 118 1110 758 1692 1144 1692 375 1205 712 118
1144 1692 375 603 1917 248 1110 1144 1692 375 1205 381 118 1110 758 1692 1144 1692 1545 1205
614 1063 1794 1692 856 1692 796 891 758 1692 758 1692 1545 712 381 1618 1467 1205 1917 248
277 1545 712 381 1618 1467 1205 1917 248 510 603 1917 118 1110 1144 277 758 277 1545 603
1692 1144 1692 510 603 712 248 375 603 381 614 1063 1794 1692 856 1692 796 891 758 1692
1917 248 510 603 1917 118 1110 1144 1692 758 1692 1545 603 89 118 1063 796 891 1545 1205
1110 1144 1692 375 603 1917 248 1110 1144 1692 375 603 381 118 1110 758 1692 1144 1692 1545
1545 712 758 1110 1144 1692 758 1383 1545 712 381 248 1063 1794 466 1545 1205 712 118 1692
1144 1692 375 603 1917 248 1110 1144 1692 375 1205 381 118 1110 758 1692 1144 1692 1545 1205
856 277 1545 712 712 1618 1467 1205 1917 614 510 603 712 118 1110 1144 277 758 277 1545
603 89 248 1110 1144 1692 375 1205 712 118 1110 758 1692 1383 1205 712 1144 1110 248 1692
856 1692 796 891 856 1692 1545 603 89 1618 1467 1205 1917 248 510 603 1917 118 1110 1144
1467 1205 1917 248 510 603 1917 118 1110 1144 277 758 277 1545 603 1805 118 1063 1545 1205
1110 1144 1692 758 1383 1545 712 381 248 1063 1794 466 1545 1205 712 118 1692 856 1692 1545
758 1110 1144 1692 758 1383 1545 712 381 248 1063 1794 466 1545 1205 712 118 1692 712 1692
1144 1692 375 1205 712 118 1110 758 1692 1383 1205 712 1144 1110 248 1692 510 1205 381 248
603 712 1618 1467 1205 1917 614 510 603 712 118 1110 1144 1692 758 1692 1545 603 1805 118
712 614 510 603 712 118 1110 1144 277 758 277 1545 603 89 118 1110 1545 1205 712 1618
381 1618 1467 1205 1917 248 510 603 1805 118 1110 1144 1692 1545 603 1917 248 1110 1144 1692
248 1110 1144 1692 375 1205 712 118 1110 758 1692 1383 1205 712 1144 1110 248 1692 510 1205
603 1917 614 1063 1794 1692 856 1692 758 1692 796 891 856 1692 1545 603 1805 1618 1467 1205
1917 118 510 603 712 118 1110 1144 1692 375 603 712 248 1110 1144 1692 375 1205 712 118
118 1110 1144 1692 758 1692 1545 603 89 118 1063 796 891 1545 1205 712 118 466 796 891
1205 712 248 1110 1545 1205 712 248 1692 1144 1692 1545 603 712 118 375 712 1917 614 1063
603 712 118 1110 1144 1692 375 603 1805 248 1144 1383 1383 1545 1205 381 118 1110 758 1692
1545 1794 1692 856 1692 758 1692 796 891 856 1692 758 1692 856 1692 796 891 758 1692 758
248 1692 1144 1692 510 603 712 118 375 712 381 614 1063 1794 1692 856 1692 758 1692 796
1063 1794 1692 856 1692 758 1692 796 891 856 1692 1545 603 712 1618 1467 1205 1917 614 510
1545 1205 712 248 1692 1144 1692 1545 603 712 118 375 712 1917 614 1063 1794 1692 856 1692
614 1063 1794 1692 856 1692 796 891 758 1692 758 1692 1545 603 1805 1618 1467 1205 1917 248
118 277 1794 277 758 277 1545 603 89 1618 1467 1205 1917 614 510 603 712 118 1110 1144
758 1692 758 1692 1545 603 1805 1618 1467 1205 1917 248 510 603 1917 118 1110 1144 1692 758
89 1618 1467 1205 1917 614 510 603 712 118 1110 1144 277 758 1383 1545 603 1805 118 1063
277 1545 712 381 1618 1467 1205 1917 248 510 603 1917 118 1110 1144 277 758 277 1545 603
1917 248 1110 1144 1692 375 603 381 118 89 1383 1383 1144 1692 1545 603 381 118 1110 1545
118 1110 1144 1692 375 603 1917 248 1110 1144 1692 375 603 381 118 89 1383 1383 1144 1692
1144 1692 510 603 1805 248 375 712 381 614 1063 1794 1692 856 1692 758 1692 796 891 856
1692 856 1692 796 891 856 1692 1545 603 89 1618 1467 1205 1917 248 510 603 1917 118 1110
758 1692 1144 1692 1545 603 381 118 1110 1545 1205 1917 248 1692 1144 1692 510 603 712 248
603 712 248 375 603 381 614 1063 1794 1692 856 1692 796 891 758 1692 758 1692 1545 712
891 856 1692 1545 603 1805 1618 1467 1205 1917 614 510 603 712 118 1110 1144 1692 758 1692
1545 712 381 248 1063 1794 466 1545 1205 712 118 1692 856 1692 1545 1205 712 1794 1692 1545
1110 1144 1692 375 603 1917 248 1110 1144 1692 375 603 381 118 1110 758 1692 1144 1692 1545
277 758 277 1545 603 89 1618 1467 1205 1917 614 510 603 712 118 1110 1144 277 758 1383
1545 712 712 1618 1467 1205 1917 248 510 603 1917 118 1110 1144 277 758 277 1545 603 1805
1383 1545 1205 381 118 1110 758 1692 1144 1692 1545 1205 712 118 1110 1545 1205 712 248 1692
1917 248 1110 1144 1692 375 603 381 118 1110 758 1692 1144 1692 1545 603 381 248 1110 1545
603 381 248 1110 1545 1205 1805 248 1692 1144 1692 510 603 712 118 375 712 381 614 1063
614 1063 1794 1692 856 1692 758 1692 796 891 856 1692 1545 603 1805 1618 1467 1205 1917 614
1692 510 603 712 118 375 603 381 614 1063 1794 1692 856 1692 796 891 758 1692 758 1692
712 248 1692 1144 1692 1545 603 712 118 375 712 1917 614 1063 1794 1692 856 1692 796 891
277 1545 603 712 1618 1467 1205 1917 248 277 603 1917 118 1110 1144 277 758 277 1545 603
856 1692 758 1692 758 1692 796 891 758 1692 758 1692 1545 712 381 1618 1467 1205 1917 614
603 712 118 1110 1144 1692 375 603 89 248 1110 1144 1692 375 1205 712 118 1110 758 1692
381 1618 1467 1205 1917 248 510 603 1917 118 1110 1144 1692 758 1692 1545 603 89 118 1063
856 1383 796 891 758 1692 758 1692 1545 603 1805 1618 1467 1205 1917 248 510 603 1917 118
89 1618 1467 1205 1917 248 510 603 1917 118 1110 1144 1692 758 1692 1545 603 1805 248 1063
614 510 603 712 118 1110 1144 1692 758 1692 1545 603 712 118 1063 1545 1205 712 118 466
1545 1205 712 118 1110 1545 1205 381 118 1692 1144 1692 510 603 712 248 375 712 1917 614
381 118 1692 1144 1692 510 603 712 248 375 712 1917 614 1063 1794 1692 856 1692 1545 1205
1618 1467 1205 1917 248 510 603 1917 118 1110 1144 277 758 277 1545 603 1917 118 1063 796
1383 1545 712 381 1618 1467 1205 1917 248 510 603 712 118 1110 1144 1692 375 603 89 248
856 1692 1545 603 1805 1618 1467 1205 1917 614 510 603 712 118 1110 1144 1692 758 1692 1545
381 614 1063 1794 1692 856 1692 796 891 758 1692 758 1692 1545 712 381 1618 1467 1205 1917
510 603 712 118 375 603 1917 614 1063 1794 1692 856 1692 758 1692 796 891 856 1692 1545
712 118 1110 1144 277 758 277 1545 603 89 248 1110 1545 1205 712 1618 466 796 891 1545
758 1692 1545 712 381 1618 1467 1205 1917 614 510 603 712 118 1110 1144 1692 758 1692 1545
891 758 1692 758 1692 1545 712 381 1618 1467 1205 1917 248 510 603 1917 118 1110 1144 1692
1805 248 375 712 381 614 1063 1794 1692 856 1692 758 1692 796 891 856 1692 1545 603 1805
1545 603 1917 248 1110 1144 1692 375 1205 381 758 614 1383 603 1144 1692 1545 603 381 118
381 118 758 1383 1383 1144 1692 1545 603 381 118 1110 1545 603 712 248 1692 1144 1692 510
118 1110 1144 1692 375 603 1917 248 1110 1144 1692 375 603 381 118 1110 758 1692 1144 1692
118 1110 758 1692 1383 1205 712 1144 1110 248 1692 510 1205 381 248 1692 1144 1692 510 603
381 118 277 1794 277 758 277 1545 603 89 1618 1467 1205 1917 614 510 603 712 118 1110
603 381 118 1110 1545 1205 89 248 1383 1144 1692 510 603 1805 118 375 712 381 614 1063
603 381 118 1110 1545 603 712 248 1692 1144 1692 510 603 1805 118 375 712 1917 614 1063
1545 603 712 1618 1467 1205 1917 614 510 603 712 118 1110 1144 1692 758 1692 1545 603 712
118 375 712 1917 614 1063 1794 1692 856 1383 796 891 758 1692 758 1692 1545 603 1805 1618
1692 796 891 856 1692 1545 603 1805 1618 1467 1205 1917 614 510 603 712 118 1110 1144 1692
1692 1545 603 1805 1618 1467 1205 1917 248 510 603 1917 118 1110 1144 1692 758 1692 1545 603
1917 614 510 603 712 118 1110 1144 1692 375 603 1805 248 1144 1383 1383 1545 1205 381 118
381 118 1692 1144 1692 510 603 712 248 375 712 1917 614 1063 1794 1692 856 1692 1545 1205
614 1063 1794 1692 856 1383 796 891 758 1692 758 1692 1545 603 1805 1618 1467 1205 1917 248
248 1110 1545 1205 1805 248 1692 1144 1692 510 603 712 248 375 712 381 614 1063 1794 1692
277 796 891 758 277 758 1383 758 277 1545 712 381 1618 1467 1205 1917 248 510 603 1917
603 712 118 1110 1144 1692 375 603 1917 248 1110 1144 1692 375 603 381 118 1110 758 1692
712 118 1692 856 1692 1545 1205 712 1794 1692 1545 1205 1917 614 510 603 712 118 1110 1144
796 891 856 1692 1545 1205 1805 118 1692 856 1692 796 891 856 1692 1545 603 89 1618 1467
510 603 1805 118 1110 1144 1692 375 603 1917 248 1110 1144 1692 375 1205 381 118 1110 758
381 614 1063 1794 1692 856 1692 758 1692 796 891 856 1692 1545 603 1805 1618 1467 1205 1917
1618 1467 1205 1917 248 510 603 1805 118 1110 1144 1692 1545 603 1917 248 1110 1144 1692 375
1917 248 1110 1144 1692 375 603 381 118 89 1383 1383 1144 1692 1545 603 381 118 1110 1545
1144 1692 510 603 712 248 375 712 381 614 1063 1794 1692 856 1692 758 1692 796 891 856
277 1545 712 712 1618 1467 1205 1917 614 510 603 712 118 1110 1144 277 758 277 1545 603
1692 375 603 1917 248 1110 1144 1692 375 603 381 118 89 1383 1383 1144 1692 1545 603 381
758 277 758 1383 758 277 1545 712 381 1618 1467 1205 1917 248 510 603 1917 118 1110 1144
1692 1144 1692 1545 603 381 118 1110 1545 1205 1805 248 1692 1144 1692 510 603 712 248 375
1692 856 1383 796 891 758 1692 758 1692 1545 603 1805 1618 1467 1205 1917 248 510 603 1917
1383 758 277 1545 712 381 1618 1467 1205 1917 248 510 603 1917 118 1110 1144 277 758 277
1545 1205 712 248 1692 1144 1692 1545 603 712 118 375 712 1917 614 1063 1794 1692 856 1692
1545 603 712 1618 1467 1205 1917 248 510 603 1917 118 1110 1144 277 758 277 1545 603 89
248 1063 1794 466 1545 1205 712 118 1692 856 1692 1545 1205 712 1794 1692 1545 1205 1917 614
758 1692 758 1692 1545 712 381 1618 1467 1205 1917 248 510 603 1917 118 1110 1144 1692 758
1917 614 1063 1794 1692 856 1692 1545 1205 712 118 1692 856 1692 796 891 856 1692 1545 603
118 1110 1545 1205 381 118 1692 1144 1692 510 603 712 248 375 712 1917 614 1063 1794 1692
1467 1205 1917 248 510 603 1917 118 1110 1144 277 758 277 1545 603 1805 118 1063 1545 1205
1383 1545 712 381 1618 1467 1205 1917 248 510 603 712 118 1110 1144 1692 375 603 89 248
1110 758 1692 1144 1692 1545 603 381 248 1110 1545 1205 1805 248 1692 1144 1692 510 603 712
712 118 1110 1144 277 758 277 1545 603 89 248 1110 1545 1205 712 1618 466 796 891 1545
758 1692 1545 603 1805 1618 1467 1205 1917 248 510 603 1917 118 1110 1144 1692 758 1692 1545
891 856 1692 1545 603 1805 1618 1467 1205 1917 614 510 603 712 118 1110 1144 1692 758 1692
248 510 603 712 118 1110 1144 1692 375 603 89 248 1110 1144 1692 375 1205 712 118 1110
1144 1692 375 1205 381 118 1110 758 1692 1144 1692 1545 1205 712 118 1110 1545 1205 381 118
1110 758 1692 1144 1692 375 1205 712 118 1110 1545 1205 381 118 1692 1144 1692 510 603 712
1917 118 1110 1144 1692 758 1692 1545 603 1917 248 1063 1545 1205 712 118 466 796 891 1545
1144 1692 375 603 1917 248 1110 1144 1692 375 603 381 118 89 1383 1383 1144 1692 1545 603
603 381 1618 1467 1205 1917 248 510 603 1805 118 1110 1144 1692 1545 603 1917 248 1110 1144
856 1692 1545 1205 1805 118 1692 856 1692 796 891 856 1692 1545 603 89 1618 1467 1205 1917
375 603 1917 248 1110 1144 1692 375 1205 381 118 1110 758 1692 1144 1692 375 1205 712 118
1110 1144 1692 758 1692 1545 603 1917 248 1063 1545 1205 712 118 466 796 891 1545 1205 712
1144 1692 375 1205 381 758 614 1383 603 1144 1692 1545 603 381 118 1110 1545 1205 89 248
1545 603 381 118 1110 1545 1205 1917 248 1692 1144 1692 510 603 712 118 375 603 381 614
1383 856 277 1545 1205 381 118 277 856 277 758 277 1545 603 89 1618 1467 1205 1917 614
712 381 614 1063 1794 1692 856 1692 758 1692 796 891 856 1692 1545 603 1805 1618 1467 1205
1110 1545 1205 712 248 1692 1144 1692 1545 603 712 118 375 712 1917 614 1063 1794 1692 856
1205 1917 614 510 603 712 118 1110 1144 1692 375 603 1917 248 1110 1144 1692 375 603 381
603 712 1618 1545 1205 712 248 510 603 1917 118 1110 1144 1692 758 1692 1545 603 712 248
1917 248 510 603 1917 118 1110 1144 1692 758 1692 1545 603 1917 248 1063 1545 1205 712 118
603 89 1618 1467 1205 1917 118 510 603 712 118 1110 1144 1692 375 603 712 248 1110 1144
1692 1144 1692 510 603 712 118 375 603 1917 614 1063 1794 1692 856 1692 758 1692 796 891
1917 614 510 603 712 118 1110 1144 1692 375 603 1917 248 1110 1144 1692 375 603 381 118
1618 1467 1205 1917 248 510 603 1917 118 1110 1144 1692 758 1692 1545 603 1917 248 1063 1545
248 510 603 1805 118 1110 1144 1692 1545 603 1917 248 1110 1144 1692 375 1205 381 758 614
375 712 381 614 1063 1794 1692 856 1692 758 1692 796 891 856 1692 1545 603 712 1618 1467
1383 1545 712 381 1618 1467 1205 1917 614 510 603 712 118 1110 1144 1692 375 603 1917 248
1545 603 712 1618 1467 1205 1917 248 510 603 1917 118 1110 1144 277 758 277 1545 603 89
1618 1467 1205 1917 248 510 603 1917 118 1110 1144 1692 758 1692 1545 603 89 118 1063 796
796 891 856 1692 1545 603 712 1618 1467 1205 1917 614 510 603 712 118 1110 1144 1692 758
1110 1545 603 712 248 1692 1144 1692 510 603 1805 118 375 712 1917 614 1063 1794 1692 856
1692 1144 1692 510 603 712 118 375 603 1917 614 1063 1794 1692 856 1692 758 1692 796 891
1794 1692 856 1692 796 891 758 1692 758 1692 1545 712 381 1618 1467 1205 1917 248 510 603
1205 1917 248 510 603 1917 118 1110 1144 277 758 277 1545 603 1805 118 1063 1545 1205 1917
1205 1917 614 510 603 712 118 1110 1144 1692 758 1692 1545 603 89 118 1063 796 891 1545
1545 603 1805 1618 1467 1205 1917 614 510 603 712 118 1110 1144 1692 758 1692 1545 603 712
1917 614 510 603 712 118 1110 1144 1692 375 603 1917 248 1110 1144 1692 375 603 381 118
1063 1794 1692 856 1383 796 891 758 1692 758 1692 1545 603 1805 1618 1467 1205 1917 248 510
1545 603 712 1618 1545 1205 712 248 510 603 1917 118 1110 1144 1692 758 1692 1545 603 712
1692 758 1692 796 891 758 1692 758 1692 1545 712 381 1618 1467 1205 1917 614 510 603 712
758 1692 758 1692 1545 712 381 1618 1467 1205 1917 614 510 603 712 118 1110 1144 1692 758
1917 248 510 603 1805 118 1110 1144 1692 1545 603 1917 248 1110 1144 1692 375 1205 381 758
1383 1383 1144 1692 375 603 381 118 1110 1545 603 712 248 1692 1144 1692 510 603 1805 118
1692 856 1692 758 1692 796 891 856 1692 758 1692 758 1692 796 891 758 1692 758 1692 1545
712 614 510 603 712 118 1110 1144 277 758 277 1545 603 89 118 1110 1545 1205 712 1618
1144 1692 375 603 1917 248 1110 1144 1692 375 1205 381 118 1110 758 1692 1144 1692 1545 1205
