268 480 480 480 47 115 268 233 115 204 367 204 204 115 367 204 204 204 367 204
481 68 68 481 68 481 204 481 204 204 481 481 233 204 481 204 204 481 204 481
480 115 367 57 315 315 268 47 47 47 47 115 268 233 115 204 315 68 204 204
68 68 481 68 481 481 204 204 204 481 481 481 204 233 204 481 204 481 481 481
68 68 68 367 68 68 367 115 68 367 204 204 367 204 367 367 115 315 233 315
480 480 480 480 115 268 233 115 204 367 204 204 204 367 204 204 204 367 204 204
239 239 315 480 115 268 47 115 204 367 204 204 204 367 204 204 204 367 204 204
481 68 481 68 481 68 481 68 204 481 115 204 481 68 204 481 481 481 233 481
467 315 268 315 467 467 398 239 398 398 398 398 239 239 398 398 398 398 422 422
480 233 233 233 233 47 233 233 47 233 233 398 233 233 47 233 233 239 239 239
68 481 481 68 233 204 481 204 481 481 204 481 204 481 204 204 481 204 481 204
233 233 233 233 315 47 115 315 57 57 315 268 47 47 47 47 115 268 233 115
130 156 130 315 315 115 315 315 315 315 268 233 239 239 239 239 239 239 239 239
239 239 398 398 398 422 398 398 398 422 398 315 467 115 315 57 57 315 268 467
115 68 315 315 115 315 268 57 268 467 115 467 268 315 467 467 398 268 467 115
68 68 481 68 68 481 481 481 204 115 204 204 481 481 204 481 481 233 481 481
480 480 115 268 233 204 57 367 204 204 204 367 57 204 57 367 57 57 367 367
481 68 481 68 481 204 481 204 481 481 204 204 481 115 204 481 204 204 481 204
130 130 156 115 68 315 68 315 315 315 315 115 315 315 57 268 467 239 239 115
367 115 68 367 68 68 204 367 68 367 204 204 367 233 367 367 367 367 268 47
68 68 233 367 68 204 204 367 204 204 268 47 367 204 367 115 115 367 204 204
239 239 398 398 398 398 398 398 115 467 268 315 467 467 239 239 398 398 398 239
68 68 481 481 68 204 204 115 204 367 481 204 481 115 481 204 204 204 481 481
315 115 315 315 315 57 268 467 239 239 239 115 467 268 315 467 467 422 422 398
268 480 480 422 422 398 233 47 233 233 233 47 47 315 47 398 233 47 233 315
315 115 315 315 57 268 467 239 239 115 467 268 315 467 467 239 422 422 398 268
233 115 204 367 204 204 204 367 204 204 204 481 204 204 481 481 204 481 115 57
268 315 467 467 398 315 467 115 315 57 57 315 268 467 467 467 467 115 268 47
480 115 268 233 115 204 367 204 204 204 367 204 204 204 367 204 204 367 204 115
367 68 68 367 115 204 367 68 68 315 367 367 115 367 367 367 57 268 47 239
68 68 68 481 204 204 367 204 115 367 367 204 204 481 481 204 367 367 115 367
57 268 467 115 467 268 315 467 467 398 315 467 115 315 57 57 315 268 467 467
68 156 68 115 204 204 204 57 315 115 315 315 315 268 47 239 239 239 239 239
315 115 68 315 315 115 315 268 57 268 467 115 467 268 315 467 467 398 268 467
57 315 315 268 47 47 47 47 115 268 233 204 57 367 204 204 204 367 204 204
480 115 268 233 115 204 367 204 204 204 367 204 204 204 367 204 204 367 204 367
480 480 115 268 233 115 204 367 204 204 204 367 204 204 204 367 204 204 367 367
115 68 367 68 68 204 367 204 204 204 481 204 204 481 204 115 367 367 204 68
367 68 315 367 115 315 315 315 315 57 268 47 115 480 268 315 47 47 47 268
233 233 233 47 233 315 233 47 233 233 233 233 315 47 115 315 57 315 233 268
315 315 115 315 315 315 57 268 47 239 239 239 115 467 315 268 315 467 467 422
239 422 422 422 422 239 239 239 239 239 239 239 422 422 422 422 422 422 422 115
480 480 480 115 268 47 115 204 367 204 204 204 233 367 204 204 204 367 204 204
239 239 239 115 480 315 268 315 467 47 422 422 398 233 47 233 268 233 47 47
467 315 268 315 467 467 398 239 398 398 398 398 239 239 398 398 398 398 422 422
480 115 268 233 115 204 367 204 204 204 367 204 204 204 367 204 204 367 367 367
315 57 268 467 239 47 467 315 268 315 467 467 398 239 398 398 398 398 239 239
422 422 422 422 239 239 239 239 239 239 239 239 239 422 422 422 422 115 115 115
68 367 68 68 367 367 115 204 367 115 204 367 115 367 204 367 115 204 367 204
268 233 115 68 367 68 204 68 367 68 204 204 481 204 204 481 367 367 204 115
398 398 233 233 315 47 204 398 315 57 315 233 268 467 467 47 467 115 268 47
367 57 315 315 315 47 47 47 47 115 268 233 233 204 367 204 204 204 367 204
68 367 367 367 68 115 204 204 367 367 204 367 481 115 367 367 367 367 315 268
422 239 239 239 239 239 422 422 422 422 422 422 422 422 422 422 422 422 422 422
268 268 480 480 422 422 398 233 47 233 268 233 47 47 315 47 398 233 47 233
68 367 68 68 204 367 204 204 204 481 204 204 481 481 204 481 115 204 204 481
233 367 68 68 68 367 481 47 233 367 204 204 204 367 204 204 367 47 367 204
422 422 422 422 422 239 239 422 422 398 315 47 115 315 57 57 315 268 467 467
422 422 422 239 239 239 239 239 239 239 239 239 422 422 422 422 422 422 422 115
481 68 68 481 481 481 204 115 204 204 481 481 204 204 204 481 481 68 233 481
68 68 367 68 367 68 481 204 367 367 115 367 481 481 367 233 204 204 204 68
367 115 367 367 367 367 115 204 68 68 68 68 367 115 68 68 367 367 367 115
130 115 68 367 68 204 315 315 315 115 315 315 315 57 268 467 239 239 239 422
68 367 367 68 115 367 204 367 68 367 204 367 204 367 204 204 367 204 367 47
398 233 233 233 233 398 239 398 398 239 239 239 398 47 239 239 422 422 422 422
367 68 68 68 367 204 204 204 367 68 204 367 481 481 68 233 204 204 367 367
115 480 268 315 47 47 233 315 467 204 315 57 57 315 268 467 467 467 467 115
315 57 268 467 239 239 115 467 315 268 47 467 467 422 422 398 268 47 233 268
233 480 47 398 398 398 398 398 398 398 239 398 398 239 239 239 398 47 239 239
233 233 233 233 422 422 233 233 47 233 233 68 233 233 47 47 47 204 115 47
233 233 233 480 47 233 47 398 233 47 233 233 233 47 233 233 233 233 268 47
68 481 481 68 204 204 481 204 204 115 481 204 367 204 481 204 367 204 481 204
367 57 315 315 268 47 47 47 480 115 268 47 115 204 367 204 204 204 367 204
481 68 68 68 481 481 204 115 481 204 481 204 204 204 481 481 204 481 204 204
367 68 367 68 367 204 367 204 367 204 367 204 204 204 367 233 204 204 367 204
68 481 367 68 481 68 204 367 481 68 233 204 481 115 204 481 481 367 233 367
68 68 367 68 204 204 367 204 204 367 204 204 204 481 481 204 233 204 367 481
480 68 367 57 315 315 268 47 47 47 47 115 268 233 233 204 367 204 204 204
367 68 115 68 367 367 68 68 367 367 204 367 68 481 68 68 367 367 68 68
422 422 422 398 398 398 398 233 239 239 422 422 47 315 467 115 315 57 315 268
481 68 481 68 481 481 204 204 481 115 204 481 204 204 481 204 204 481 204 481
480 480 233 47 233 233 47 233 233 233 47 233 233 233 233 233 233 233 233 268
233 233 233 233 481 233 233 481 233 115 47 422 47 422 233 47 47 233 481 481
68 233 233 233 233 233 233 233 233 233 233 233 233 367 481 481 367 233 422 47
481 68 68 68 481 68 204 68 481 68 68 481 204 115 481 481 204 204 481 481
268 315 480 480 367 47 422 422 398 233 47 233 233 233 47 47 233 233 233 233
68 68 68 367 68 204 204 367 204 204 367 481 481 204 233 204 204 367 481 204
481 68 68 68 481 481 481 68 115 68 481 204 481 481 481 481 233 481 481 367
233 233 233 367 367 204 115 115 68 367 68 367 115 68 367 115 367 115 367 68
239 422 422 422 422 239 239 239 239 239 239 239 239 239 422 422 115 115 422 115
233 398 398 233 233 233 398 398 398 398 398 398 233 47 315 47 115 233 315 57
115 115 367 68 68 367 204 367 367 367 315 57 315 268 268 115 47 47 47 47
480 480 233 47 47 233 233 47 233 233 398 398 398 398 398 398 233 233 233 398
480 480 68 268 233 68 204 367 204 204 204 367 204 204 367 204 57 57 367 367
480 239 398 239 398 398 398 398 398 398 398 398 398 239 239 422 422 398 233 233
47 115 68 367 68 204 204 233 367 204 204 204 367 204 204 315 47 367 204 367
422 422 239 239 239 239 239 239 239 239 239 422 422 422 422 422 422 115 422 115
367 480 480 422 422 398 233 47 233 233 233 47 47 315 47 233 233 47 233 315
422 422 422 422 422 422 422 422 422 239 239 422 422 47 315 47 115 315 57 57
480 315 268 367 315 47 47 233 239 422 422 398 268 47 233 268 233 47 47 315
480 233 233 233 47 47 233 47 233 233 47 233 233 233 47 233 233 233 47 315
233 239 239 422 422 398 315 467 115 315 57 315 315 268 467 467 467 467 115 268
233 68 481 68 204 204 481 204 204 204 481 204 204 481 481 481 204 233 204 204
367 68 367 68 68 367 115 204 367 204 204 204 367 204 367 204 204 367 233 367
480 398 398 398 398 398 398 398 398 398 398 398 398 398 398 398 398 239 398 398
239 239 239 422 422 422 422 422 422 422 422 422 422 422 422 422 422 422 422 239
68 68 115 481 204 481 204 204 367 204 481 204 481 204 204 204 367 367 115 204
68 68 115 481 204 367 204 367 204 367 204 481 204 204 204 481 481 481 115 204
68 68 68 481 68 204 204 481 204 204 481 481 481 204 233 204 204 481 481 204
367 481 68 481 68 367 204 481 68 68 68 367 115 68 367 204 367 367 367 367
268 315 480 467 233 268 47 115 315 57 315 268 268 47 47 47 47 115 268 47
367 315 68 367 315 315 315 57 268 47 115 47 268 315 47 47 47 315 47 115
239 239 239 239 422 422 422 422 422 422 422 422 422 422 422 422 422 422 422 422
481 68 68 367 481 115 233 68 481 115 68 481 481 481 233 481 367 367 315 315
233 398 398 398 239 398 233 398 233 239 239 398 233 239 239 239 239 239 239 239
68 68 367 68 115 204 367 481 68 204 367 204 367 68 481 204 367 367 115 367
315 115 315 315 315 57 268 480 239 239 115 47 315 268 315 315 467 47 47 239
481 480 422 422 233 233 47 233 233 233 47 47 315 47 233 233 47 233 315 233
422 422 422 239 239 115 422 398 315 467 115 315 57 57 315 268 467 467 467 467
315 315 68 315 315 115 315 315 315 315 57 268 467 115 467 268 315 467 467 315
233 480 480 233 47 233 233 47 233 233 233 47 233 233 233 233 233 233 233 47
57 268 480 239 239 115 467 268 268 467 467 315 467 422 422 398 233 47 233 268
68 68 367 68 367 204 204 204 367 367 68 115 481 204 481 68 367 204 367 204
115 480 268 315 47 47 233 315 47 204 315 57 315 315 268 47 47 47 467 115
367 68 68 68 367 68 233 204 367 367 68 204 367 367 204 367 68 367 204 68
68 367 68 68 68 367 204 204 204 481 204 204 481 481 481 204 233 204 204 481
68 481 68 68 481 204 115 367 367 204 204 481 481 204 204 204 481 204 204 115
115 268 233 68 68 367 204 204 204 367 204 204 204 481 204 204 367 204 115 367
422 422 422 422 422 422 422 422 422 239 239 422 422 233 268 467 115 315 57 268
68 68 367 68 204 204 367 204 204 367 204 204 204 481 481 204 233 204 367 481
68 68 367 367 68 115 367 204 204 367 367 204 204 204 367 204 115 204 367 367
422 422 422 422 422 422 422 422 422 422 239 239 422 422 233 268 467 115 315 57
68 367 68 367 115 204 367 68 68 204 367 204 204 481 367 233 367 367 367 367
233 233 398 398 398 398 398 398 233 233 233 398 398 47 233 233 47 398 47 233
367 68 367 115 68 68 204 367 367 68 204 204 367 367 68 115 367 68 367 68
422 422 422 422 422 422 422 422 422 422 239 239 422 422 233 268 467 115 315 57
239 239 239 239 239 239 239 239 239 422 422 422 422 422 422 422 422 422 422 115
233 233 480 233 367 233 47 233 233 233 233 398 398 398 233 233 398 233 233 47
480 268 315 480 467 422 422 398 233 47 233 268 233 47 47 233 47 398 233 47
315 68 315 68 68 315 115 315 315 315 315 268 47 239 239 239 239 239 239 239
367 130 130 367 68 367 367 115 367 367 367 367 268 233 239 239 239 239 239 239
367 68 367 115 68 68 204 367 367 68 204 204 367 367 68 115 367 68 367 68
422 422 239 239 422 422 233 315 467 115 315 57 315 315 268 467 467 467 467 115
268 480 480 47 47 115 268 233 115 204 367 204 204 204 367 204 204 204 367 204
239 239 422 422 422 422 422 422 422 422 422 422 422 422 422 422 422 422 239 239
367 115 367 68 68 68 367 367 115 367 367 367 367 315 268 47 115 47 268 315
481 68 115 68 481 481 481 204 204 204 204 481 204 204 233 481 204 204 481 204
115 233 233 233 481 233 422 47 422 47 422 233 47 47 233 233 233 47 233 239
480 480 367 367 367 115 367 57 268 47 115 47 268 480 115 68 268 315 47 47
481 68 68 367 367 481 115 115 204 204 367 367 204 204 204 367 204 204 115 367
422 422 422 422 422 422 422 422 422 422 239 239 422 422 233 315 467 115 315 57
68 367 367 367 481 268 68 268 268 115 47 480 480 480 367 367 367 115 367 268
367 115 68 315 315 315 115 315 315 315 57 268 467 239 239 239 115 467 422 268
68 367 68 68 68 367 204 204 204 481 204 204 481 481 481 204 115 204 204 367
268 480 115 68 367 204 204 204 233 315 204 204 115 233 315 204 204 398 398 233
115 68 68 367 367 204 367 315 115 367 367 367 367 57 268 47 115 480 268 315
68 367 68 68 367 315 315 115 315 315 315 57 268 47 239 115 467 268 315 47
233 233 233 268 239 239 233 233 398 315 467 115 315 57 315 315 268 467 467 467
268 233 68 68 367 204 204 204 367 204 204 204 367 204 204 367 367 204 367 115
367 115 367 367 367 367 57 268 47 115 47 268 315 467 47 47 315 467 115 315
233 480 233 315 233 47 233 233 233 233 268 47 115 315 57 315 315 268 47 467
367 367 68 367 68 204 204 315 315 233 367 367 367 367 268 268 480 115 47 268
115 367 367 367 367 115 204 68 68 68 68 367 115 68 68 367 367 367 115 367
315 398 398 480 204 204 315 47 47 398 398 315 315 47 315 315 57 268 467 239
115 480 268 315 47 47 233 315 47 204 315 57 315 315 268 47 47 47 467 115
130 315 68 68 315 315 315 115 315 315 315 57 268 47 239 239 239 115 467 268
467 115 47 268 315 467 467 233 315 467 204 315 57 57 315 268 467 467 467 467
68 367 68 68 68 367 204 204 204 367 204 204 367 481 481 68 233 204 204 367
68 68 367 68 68 367 481 367 68 115 204 204 481 481 204 481 233 481 367 481
367 68 115 367 68 204 481 481 204 204 204 367 204 115 204 481 481 204 204 367
233 233 480 480 233 47 233 233 47 233 315 233 47 233 233 233 233 233 233 233
315 315 315 315 115 315 315 57 268 467 239 239 239 115 467 315 268 315 467 467
68 481 68 68 481 204 481 204 481 204 204 481 481 233 204 367 204 204 204 367
239 239 481 233 239 239 239 422 422 422 422 422 422 422 422 422 422 422 422 422
480 480 480 115 268 47 115 204 367 204 204 204 367 204 204 204 367 204 204 367
47 233 268 233 233 398 268 47 68 315 57 315 315 268 467 467 467 467 115 268
480 115 268 233 233 204 367 204 204 204 367 204 204 204 367 204 204 367 367 367
68 367 68 367 68 68 68 367 367 68 115 367 204 481 68 367 68 367 68 367
480 315 268 315 47 47 315 467 239 239 422 422 398 233 47 233 268 233 47 47
367 68 367 68 367 68 367 68 367 68 204 204 481 367 233 204 367 204 204 367
480 233 233 233 233 315 47 204 315 57 57 315 268 47 47 47 47 115 268 47
68 481 68 68 115 481 204 367 204 367 204 367 204 481 204 204 204 481 367 481
115 315 315 315 57 268 47 239 239 115 47 315 268 315 315 467 47 47 239 422
480 68 367 57 315 315 268 47 47 47 47 115 268 47 47 204 367 204 204 204
480 422 315 47 47 239 398 239 398 398 398 398 398 398 398 398 398 239 239 422
68 130 315 68 315 115 315 315 315 315 268 480 239 239 239 239 239 239 239 239
422 422 422 239 239 239 239 239 239 239 239 239 422 422 422 422 422 422 422 422
367 57 315 315 268 47 47 47 47 115 268 47 68 204 367 204 204 204 315 204
422 422 422 422 239 239 422 422 47 315 467 115 315 57 315 315 268 467 467 467
239 239 239 239 422 422 422 422 422 422 422 422 422 422 422 422 422 422 422 422
115 481 68 481 68 481 68 481 68 481 204 204 481 481 115 204 481 204 481 481
315 268 480 47 47 47 115 268 47 115 204 315 204 204 204 233 315 204 204 115
315 315 315 57 268 467 239 239 239 115 467 268 315 467 467 422 422 398 233 47
422 422 422 422 422 422 422 422 422 239 239 422 422 47 315 467 115 315 57 315
233 47 233 233 233 398 315 47 115 315 57 315 315 268 47 467 47 47 115 268
68 68 68 367 204 204 204 481 204 204 367 367 204 233 367 204 204 481 367 68
239 239 239 115 467 268 315 467 467 422 422 398 233 47 233 268 233 47 47 268
68 233 367 115 367 367 367 367 268 47 398 398 233 398 233 398 398 398 233 233
398 233 398 398 398 239 398 398 398 398 239 239 398 233 239 239 239 239 239 239
315 57 268 480 115 467 268 315 47 47 233 315 467 115 315 57 57 315 268 467
398 398 398 398 398 233 398 398 398 233 398 398 398 239 398 398 398 398 233 398
315 480 115 315 57 57 315 268 47 47 47 467 115 268 47 115 204 315 204 204
268 480 480 115 47 268 315 47 47 239 398 239 398 398 398 398 398 398 398 398
68 268 480 239 239 239 115 467 268 315 467 467 315 47 422 422 398 233 47 233
315 115 315 315 315 57 268 467 239 239 239 115 467 268 315 467 467 422 422 398
68 68 68 481 204 204 481 367 204 115 367 204 204 481 481 204 367 367 115 367
481 480 233 233 233 398 233 233 233 47 233 481 233 47 233 233 233 233 398 398
367 57 315 315 268 47 47 47 47 115 268 47 115 204 47 315 204 204 47 315
422 422 422 422 239 239 239 239 239 239 239 239 239 422 422 422 115 115 115 115
315 480 480 47 47 115 268 233 204 204 367 204 204 204 367 367 204 204 204 115
115 315 315 68 315 115 204 315 115 315 315 268 47 239 239 315 233 239 239 239
367 68 367 115 68 204 367 367 204 204 204 204 367 367 204 233 367 68 367 204
367 68 115 367 204 204 481 367 204 204 204 481 481 204 204 115 204 367 367 204
68 156 115 68 68 367 367 367 115 367 367 268 233 233 233 239 239 233 422 422
422 422 239 239 239 239 239 239 239 239 239 422 422 422 422 422 422 422 115 115
268 233 68 68 367 204 204 204 367 204 204 204 367 204 204 367 367 204 367 115
367 68 68 315 315 47 47 367 367 204 115 367 204 204 367 367 204 204 204 367
115 367 68 367 68 367 68 367 68 367 68 204 204 367 204 204 367 115 204 367
315 268 315 467 467 239 239 398 398 239 239 398 398 398 422 398 398 398 422 47
233 156 233 233 315 47 115 315 57 315 315 268 47 47 47 47 115 268 47 115
115 315 315 315 315 57 268 47 115 480 268 315 47 47 47 315 467 204 315 57
480 480 115 268 233 233 204 367 204 204 204 367 204 204 204 367 204 204 367 367
480 115 268 233 115 204 367 204 204 68 367 204 204 204 367 204 204 367 367 204
268 315 480 480 315 47 239 239 422 422 398 233 47 233 268 233 47 47 233 47
315 367 268 47 47 47 47 115 268 233 115 204 367 204 204 204 367 204 204 204
115 130 68 367 204 204 367 204 204 367 204 367 115 367 367 367 367 268 47 239
68 68 68 481 204 204 367 367 367 204 115 204 204 481 367 204 204 204 367 367
480 68 367 57 315 315 268 47 47 47 47 115 268 233 204 204 367 204 204 204
422 233 233 480 233 233 233 47 47 233 47 233 233 47 233 315 233 47 233 233
68 367 367 367 367 204 367 204 204 204 367 57 268 47 115 47 367 204 204 204
68 367 68 68 367 204 115 204 367 204 204 367 367 367 367 233 367 367 315 57
68 68 367 57 268 47 115 47 315 204 204 204 367 204 204 315 315 47 467 367
156 367 315 480 480 47 47 115 268 233 68 204 367 204 204 204 367 204 204 204
68 115 68 68 367 367 204 315 115 315 315 367 315 268 268 47 115 47 268 268
367 367 367 68 233 68 68 367 367 68 68 204 367 367 68 367 68 233 68 367
115 68 68 68 204 315 115 315 315 315 268 47 239 239 239 239 239 239 239 239
68 367 68 367 68 481 68 68 367 68 115 68 481 68 68 481 481 367 233 367
68 367 367 68 367 367 115 367 315 315 315 57 268 47 115 47 268 315 47 47
156 68 115 367 367 68 68 367 367 68 367 367 115 367 367 367 315 268 268 47
480 315 467 47 315 57 57 315 268 467 467 467 467 47 268 467 47 47 315 47
367 367 115 367 367 315 315 57 268 47 115 47 268 315 467 47 47 315 467 115
57 268 480 115 480 268 315 47 47 398 315 47 204 315 57 315 315 268 467 467
156 233 233 315 47 115 315 57 315 315 268 47 47 47 47 115 268 47 115 204
68 68 68 481 68 204 481 367 367 204 115 204 204 367 481 204 204 204 367 367
68 367 367 115 315 47 115 204 367 367 367 367 233 367 204 204 204 367 57 268
68 481 68 481 68 481 68 68 367 68 68 367 115 68 481 68 367 367 367 367
481 481 68 115 68 204 481 367 204 204 204 367 204 204 115 481 204 481 68 204
115 68 68 481 481 204 204 204 367 204 204 115 481 204 481 68 204 481 204 481
398 398 398 398 239 239 398 398 398 398 422 422 398 47 398 233 47 233 47 233
422 239 239 115 422 398 315 467 115 315 57 57 315 268 467 467 467 467 115 268
367 68 68 68 204 204 367 367 367 233 367 204 367 68 367 367 204 68 204 204
68 68 68 481 68 204 367 367 367 204 115 204 204 367 367 204 204 204 367 367
68 115 233 315 68 204 398 233 233 367 367 204 233 204 204 367 204 367 204 204
422 422 422 422 422 239 239 239 239 239 239 239 239 239 239 239 239 422 239 239
480 480 233 315 467 204 315 57 57 315 268 47 467 47 467 115 268 47 233 204
68 68 68 367 204 204 204 481 204 68 367 367 204 481 204 204 204 367 367 233
315 115 315 315 57 268 467 239 239 239 115 467 315 268 315 467 467 422 422 398
68 68 68 367 204 204 204 481 68 204 481 481 481 204 115 204 204 481 367 367
68 481 68 481 68 204 481 481 115 204 481 204 204 481 204 481 481 233 481 481
239 239 239 239 239 239 239 239 422 422 422 422 422 422 422 422 422 422 115 422
239 422 422 422 422 422 422 422 422 422 422 422 422 422 422 422 422 239 239 422
268 268 480 115 47 268 480 115 68 315 367 47 47 367 68 204 204 315 204 68
239 239 239 239 239 239 239 239 422 422 422 422 422 422 422 422 422 422 115 422
239 239 115 480 315 268 315 467 47 422 422 398 233 47 233 268 233 47 47 233
233 233 480 47 315 47 233 233 47 233 233 233 47 233 233 233 233 268 47 115
233 367 367 68 233 115 68 367 68 367 115 68 367 115 367 115 367 68 367 68
367 68 68 367 367 367 204 115 68 68 204 367 367 204 204 204 367 68 115 367
367 68 68 68 481 68 68 481 367 481 68 115 68 68 481 481 68 481 367 115
422 422 422 422 422 422 422 239 239 422 422 233 268 47 115 315 57 204 268 268
268 467 239 239 239 115 467 268 315 467 467 422 422 398 315 47 398 268 233 47
68 481 68 68 204 481 204 204 204 481 204 204 481 481 204 233 481 204 204 481
68 68 481 481 204 481 115 204 204 367 367 204 481 481 115 367 367 481 481 367
480 480 480 115 268 47 115 204 367 204 204 204 367 204 204 204 367 204 204 367
367 68 68 68 367 204 204 367 204 204 367 204 367 233 367 367 367 367 268 47
315 268 57 268 47 115 47 268 268 47 467 398 268 47 115 315 57 315 268 268
422 233 233 47 233 268 233 47 47 268 47 233 233 233 233 47 47 233 233 47
480 480 233 47 233 233 47 233 233 233 47 233 233 233 233 233 233 233 47 268
68 68 367 68 68 68 481 68 204 481 481 204 481 115 204 204 481 481 204 481
367 156 68 68 68 367 68 115 367 68 367 68 367 68 481 204 367 204 204 68
480 480 480 480 115 268 233 115 204 367 204 204 204 367 204 204 204 367 204 204
315 268 480 480 480 47 115 268 233 204 204 367 204 204 57 367 57 204 367 57
115 268 233 115 68 367 204 204 204 367 204 204 204 481 204 204 367 367 367 204
239 239 239 422 422 422 422 422 422 422 422 422 422 422 422 422 422 422 422 239
68 367 367 68 315 367 115 315 315 315 315 57 268 47 115 47 268 315 315 47
367 57 315 315 268 47 47 47 47 115 268 233 204 57 367 204 204 204 367 204
367 68 268 480 115 47 268 315 47 47 233 315 467 115 315 57 315 315 268 467
481 68 115 68 68 481 481 204 204 204 481 481 68 233 481 204 481 68 204 481
68 367 367 68 367 68 481 204 68 367 367 68 233 68 481 204 68 481 204 68
233 480 233 233 233 47 47 233 47 398 233 47 233 233 233 47 233 233 233 233
130 130 315 68 68 315 204 315 115 315 315 315 315 268 47 239 239 239 239 239
68 367 367 367 68 47 47 204 367 367 47 204 367 367 47 367 367 367 367 480
422 422 422 422 422 239 239 422 422 398 315 47 115 315 57 57 315 268 467 467
68 68 68 367 47 47 47 367 204 204 367 367 367 47 47 47 47 367 367 47
115 68 68 367 367 204 367 315 115 367 367 367 367 57 268 47 115 480 268 315
481 480 233 233 233 398 233 233 233 47 233 481 233 47 233 233 233 233 398 398
480 115 268 233 115 204 367 204 204 204 367 204 204 204 367 204 204 367 367 204
480 68 367 57 315 315 268 47 47 47 47 115 268 47 204 204 47 315 204 204
68 367 68 115 315 204 204 315 204 204 204 315 233 367 315 57 268 467 239 239
68 68 367 367 367 480 47 47 204 367 367 47 204 367 367 47 367 367 367 367
233 156 480 115 367 57 315 315 315 47 47 47 47 115 268 47 47 204 367 204
422 233 315 480 115 315 57 315 315 268 467 47 47 467 115 268 47 47 204 315
367 68 367 68 367 68 204 367 115 68 367 367 367 367 115 367 367 268 268 47
422 422 367 57 315 315 268 47 47 47 47 115 268 47 115 204 367 204 204 204
115 367 68 68 367 367 204 315 315 115 315 315 367 315 57 268 47 115 47 268
115 367 367 367 367 115 204 68 68 68 68 367 115 68 68 367 367 367 115 367
422 422 422 422 422 422 422 422 422 422 422 239 239 422 422 47 268 467 47 315
68 367 68 68 367 68 367 115 367 115 367 367 115 68 367 68 68 367 367 367
68 115 68 481 68 204 481 204 204 481 204 481 481 115 481 481 481 481 367 233
315 315 315 115 315 315 315 268 268 47 467 115 467 268 315 467 467 239 398 239
233 480 233 315 233 47 233 233 233 233 315 47 115 315 57 315 315 268 47 47
367 57 315 315 268 47 47 47 47 115 268 47 115 204 367 68 204 204 480 367
398 398 398 398 398 398 233 239 239 398 398 398 398 239 239 398 239 47 47 233
68 68 367 367 233 233 367 204 204 204 367 204 204 367 47 367 204 367 233 367
68 68 481 68 204 481 481 204 481 115 204 204 481 481 204 367 481 115 367 367
268 480 480 480 47 115 268 233 68 204 367 204 204 204 367 204 204 204 367 204
115 268 233 115 204 367 204 204 204 367 204 204 204 367 204 204 367 367 204 115
367 315 315 115 315 315 315 57 268 47 239 115 467 268 315 47 467 422 422 233
233 398 398 398 398 398 398 398 47 315 47 115 398 315 57 315 47 268 467 47
315 480 68 315 57 315 315 268 47 47 47 47 115 47 268 47 204 315 467 204
68 481 481 68 115 481 204 204 481 481 204 204 204 481 204 204 233 481 204 481
480 115 268 233 233 204 367 204 204 204 367 204 204 204 367 204 204 367 367 367
367 367 367 68 233 68 68 367 367 68 68 204 367 367 68 367 68 233 68 367
239 156 480 115 268 47 115 204 367 204 204 204 367 204 204 204 367 204 204 367
156 130 130 315 315 115 315 315 204 315 115 204 315 47 315 315 268 47 239 239
480 480 480 47 115 268 233 204 204 367 204 204 204 367 204 204 204 367 204 204
68 481 367 68 68 115 367 68 367 68 367 68 367 68 481 204 204 204 367 367
57 315 315 268 47 47 467 47 115 268 47 115 204 367 204 204 204 315 204 204
481 68 68 68 68 481 481 68 115 204 481 204 481 204 481 204 481 204 481 481
239 422 422 422 422 422 422 422 422 422 422 115 422 422 422 422 422 239 239 422
68 315 315 115 315 315 315 57 268 47 239 239 239 115 467 315 268 315 467 467
68 481 481 68 68 115 481 68 481 68 481 68 481 68 481 204 204 481 481 115
480 233 233 47 47 233 47 47 233 233 47 233 233 398 398 398 398 398 398 233
68 367 68 68 204 367 204 204 204 481 204 204 481 481 204 367 115 481 367 204
68 68 68 367 68 204 204 481 68 204 481 481 481 204 115 204 204 481 481 68
130 367 68 68 367 204 367 367 115 367 367 367 367 268 233 239 239 239 239 239
467 239 47 467 315 268 315 467 467 398 239 398 398 398 398 239 239 398 398 398
68 115 68 68 367 367 204 204 204 367 367 204 367 204 233 204 367 204 204 367
422 239 239 422 422 398 315 467 115 315 57 315 315 268 467 467 467 467 115 268
367 367 367 68 233 204 204 367 367 204 204 204 204 367 204 233 481 68 367 204
398 233 398 398 239 239 398 239 398 233 315 467 115 315 57 315 315 268 467 467
481 68 68 68 481 204 204 204 481 204 204 481 204 233 481 481 204 204 481 481
47 233 233 315 233 233 268 47 115 315 57 315 315 268 47 47 47 467 115 268
481 481 68 68 115 481 68 481 68 481 68 481 68 481 204 204 481 481 115 68
367 68 68 367 367 204 315 315 115 367 315 315 315 57 268 47 115 467 268 268
422 422 422 422 422 422 422 422 422 422 115 422 422 422 422 422 239 239 422 422
480 115 480 268 315 47 47 398 315 47 204 315 57 57 315 268 47 47 467 467
315 480 480 480 233 268 47 115 315 57 315 315 268 47 47 47 47 115 268 47
422 422 239 239 422 422 398 315 47 115 315 57 57 315 268 467 467 467 467 115
481 68 481 68 481 68 204 481 115 68 481 68 204 481 481 481 233 481 481 481
422 422 239 239 422 422 398 315 467 68 315 57 315 315 268 467 467 467 467 115
115 367 367 68 68 68 367 367 68 68 204 367 204 233 204 367 367 68 68 367
68 68 68 481 204 204 367 204 367 115 367 204 204 481 481 68 204 204 367 367
367 367 268 233 233 233 239 239 233 422 422 422 422 422 422 422 422 422 422 422
233 233 233 233 233 233 233 239 239 233 233 233 315 47 115 315 57 315 268 268
68 367 315 115 367 315 315 315 57 268 47 115 47 268 315 47 47 233 315 467
268 480 239 239 115 467 268 268 467 467 315 467 422 422 398 233 47 233 233 233
367 367 68 367 367 115 367 315 315 315 57 268 47 115 47 268 315 47 47 233
315 480 480 480 47 115 268 233 68 204 367 204 204 204 367 204 204 204 367 204
239 422 422 398 315 467 115 315 57 57 315 268 467 467 467 467 115 268 47 115
481 68 481 68 233 204 481 204 204 481 204 204 481 204 481 481 115 481 481 481
422 422 422 422 422 422 422 422 422 422 115 422 422 422 422 422 239 239 422 422
68 68 367 367 367 204 115 204 68 367 367 367 367 115 367 367 57 268 47 115
481 68 68 68 481 481 204 115 204 367 481 481 204 204 204 204 367 204 204 233
480 233 315 233 47 233 233 233 233 233 315 47 115 367 57 315 315 268 467 47
68 367 367 68 115 367 204 367 68 367 204 367 204 367 204 204 367 204 367 47
315 315 268 480 47 47 47 115 268 47 68 204 367 204 204 204 367 204 204 204
115 367 315 315 315 57 268 467 115 467 268 315 467 467 315 467 398 398 398 398
315 480 480 315 47 239 239 422 422 398 233 47 233 233 233 47 47 233 47 398
367 268 480 480 480 47 115 268 233 68 204 367 204 204 204 367 204 204 204 367
239 422 422 233 315 467 115 315 57 57 315 268 47 467 467 467 115 268 47 115
315 315 68 315 115 68 315 115 315 315 268 47 239 239 233 233 239 239 239 239
481 68 481 68 481 204 481 481 68 204 481 115 204 481 68 204 481 204 204 481
367 68 68 367 115 204 367 204 68 204 367 204 367 204 204 367 233 367 367 367
422 233 233 47 233 233 233 47 47 233 47 233 233 47 233 233 233 47 233 233
481 481 68 68 115 481 204 481 68 204 481 367 204 481 204 204 367 481 204 233
422 422 422 422 422 422 422 422 422 422 422 422 422 422 422 422 239 239 422 422
367 68 367 68 367 204 367 204 367 68 204 367 204 115 204 367 204 204 367 367
239 239 115 480 315 268 315 315 47 47 47 239 422 422 398 268 47 47 268 233
480 233 315 480 115 315 57 57 315 268 47 47 47 467 115 268 47 233 204 315
233 233 480 233 233 233 233 233 233 422 422 233 233 47 233 233 68 233 233 47
115 268 233 68 204 367 204 204 204 367 204 204 204 367 204 204 367 367 367 204
367 367 68 68 68 367 68 115 481 68 481 68 481 68 367 68 367 68 481 68
233 315 480 68 367 57 57 315 268 47 47 47 47 115 268 233 204 204 315 204
68 68 367 367 367 115 204 315 315 315 315 115 367 315 239 57 315 47 115 480
68 367 68 68 68 481 204 68 367 204 367 233 367 204 204 481 367 204 204 204
233 480 115 233 233 47 47 233 47 233 233 233 47 233 233 233 47 233 233 233
233 481 480 233 233 398 233 233 47 233 233 239 239 239 239 233 233 47 115 315
315 315 315 115 315 315 315 57 268 467 239 239 239 115 467 268 315 467 467 422
115 68 367 68 204 204 367 204 204 204 481 204 204 481 481 204 115 367 204 204
68 68 68 367 268 367 367 367 204 367 233 204 367 204 233 57 57 204 57 367
422 422 422 422 422 422 422 422 422 422 422 422 422 422 239 239 422 422 233 268
422 233 233 47 233 268 233 47 47 268 47 233 233 233 233 47 47 233 233 47
480 480 480 47 115 268 47 115 204 367 204 204 204 367 204 204 204 367 204 204
422 480 315 467 47 315 57 57 315 268 467 467 467 467 47 268 467 467 47 315
239 115 480 268 315 47 467 422 422 398 233 47 233 268 233 47 47 315 47 233
422 422 422 422 422 422 422 422 422 239 239 422 422 233 315 47 115 315 57 57
367 367 68 115 68 68 367 68 367 68 68 204 367 367 68 115 367 204 367 68
480 480 233 47 233 233 47 233 233 233 47 233 233 233 47 315 47 115 315 57
398 398 480 68 204 315 47 47 398 398 315 315 47 315 315 57 315 467 239 47
480 115 268 233 115 204 367 204 204 115 367 204 204 204 367 204 204 367 367 204
239 422 422 233 315 467 115 315 57 315 315 268 467 467 467 467 115 268 47 115
367 68 68 68 367 367 204 204 204 367 204 233 204 367 367 68 204 367 367 204
239 398 398 398 398 239 239 398 398 398 398 422 422 398 47 398 233 47 233 47
315 480 68 367 57 57 315 268 47 47 47 47 115 268 233 204 204 315 204 204
367 115 367 367 268 233 233 233 239 239 233 422 422 422 422 422 422 422 422 422
233 481 480 233 233 398 233 233 47 233 233 239 239 239 239 233 233 47 115 315
233 481 68 233 233 47 47 47 68 233 47 47 233 268 47 233 233 204 233 233
268 480 480 480 480 115 268 233 115 204 367 204 204 204 367 204 204 204 367 204
233 115 204 367 204 204 204 367 204 204 204 481 204 204 481 481 204 481 115 57
268 480 115 47 268 315 47 47 398 268 47 115 315 57 57 315 268 47 467 467
68 115 367 367 68 204 367 367 68 367 367 115 367 367 367 315 57 268 47 115
367 57 268 47 115 47 268 315 47 47 233 315 467 204 315 57 315 315 268 47
239 422 422 398 315 467 115 315 57 57 315 268 467 467 467 467 115 268 47 115
68 68 367 68 68 204 481 204 204 367 204 367 233 367 204 204 481 367 68 204
68 367 367 68 367 68 481 68 367 68 204 481 233 204 481 68 204 367 367 367
239 239 422 422 398 315 467 204 315 57 57 315 268 467 467 467 467 115 268 47
268 233 115 68 367 204 204 204 367 204 204 204 481 204 204 481 481 204 367 115
68 367 315 115 315 315 315 315 57 268 467 115 47 268 315 467 467 47 315 467
130 315 130 315 315 315 315 115 315 315 57 268 47 239 239 115 467 315 422 315
422 422 422 422 422 422 422 422 422 115 422 422 422 422 422 239 239 422 422 115
115 480 367 268 367 47 47 422 422 398 233 47 233 268 233 47 47 315 47 233
367 68 115 68 68 367 315 315 367 115 367 315 57 268 47 115 47 239 268 315
268 480 480 47 47 115 268 47 204 57 367 204 204 204 367 204 204 204 367 204
367 367 367 481 233 47 47 268 47 233 233 233 233 47 233 233 233 47 233 233
239 239 239 239 239 239 239 239 422 422 422 422 422 422 422 422 422 422 115 115
367 367 115 367 367 315 315 57 268 47 115 47 268 315 467 47 47 315 467 115
233 47 233 233 233 398 315 47 115 315 57 315 315 268 47 467 47 47 115 268
422 233 233 47 233 233 233 47 47 233 47 233 233 47 233 233 233 47 233 233
115 268 233 233 68 367 204 204 204 367 204 204 204 367 204 204 367 367 367 204
233 268 480 115 315 57 315 315 268 47 47 47 47 115 268 47 115 204 315 204
68 481 481 68 115 481 204 481 68 481 204 481 204 481 204 204 481 204 204 481
130 130 367 115 68 204 367 367 367 115 367 367 268 233 233 398 239 239 233 422
481 68 481 68 481 204 481 204 481 204 367 204 204 481 481 233 204 481 204 68
156 480 115 367 57 315 315 268 47 47 47 47 115 268 47 115 204 367 204 204
233 233 480 233 233 233 47 47 233 47 233 233 47 233 233 233 47 47 233 233
367 367 68 115 367 204 367 115 367 204 367 204 367 204 204 367 204 367 47 204
315 268 480 480 233 239 239 268 47 115 268 47 115 204 315 204 204 204 315 204
268 480 481 233 233 233 47 233 233 233 47 233 233 315 233 233 315 47 115 315
68 68 68 367 481 204 204 115 481 204 481 204 204 481 204 481 204 481 204 204
315 315 268 480 47 47 47 115 268 47 204 204 47 315 204 204 47 315 204 204
422 422 422 422 422 422 422 422 422 422 422 239 239 422 422 47 315 467 115 315
68 233 115 68 367 204 204 204 367 204 204 204 367 204 204 367 204 367 115 367
367 367 367 68 233 68 68 367 367 68 68 204 367 367 68 367 68 233 68 367
233 480 480 315 47 233 233 47 233 315 233 47 233 233 233 233 47 268 47 115
57 156 367 268 47 47 47 47 115 268 233 115 204 367 204 204 204 367 204 204
130 315 130 315 315 315 315 115 315 315 57 268 47 239 239 115 467 315 422 315
130 130 315 68 68 315 204 315 115 315 315 315 315 268 47 239 239 239 239 239
367 367 68 367 68 204 367 204 367 115 204 367 204 204 204 367 204 204 367 367
315 480 480 422 422 398 233 47 233 233 233 47 47 315 47 398 233 47 233 233
68 68 367 367 115 68 367 115 68 367 115 367 68 367 115 68 367 204 367 367
156 68 315 315 315 315 204 315 239 315 57 268 467 239 239 115 467 315 268 47
68 68 367 481 68 481 204 367 204 367 204 204 204 367 233 204 367 204 367 367
115 315 315 57 268 467 239 239 115 467 315 268 315 467 467 239 47 47 422 422
367 57 315 315 268 47 47 47 47 115 268 233 204 204 367 204 204 204 315 204
239 233 233 315 47 204 315 57 315 315 268 47 467 47 467 115 268 47 115 204
68 315 68 68 315 315 315 115 315 315 315 268 268 47 467 115 47 268 315 467
130 115 367 68 68 367 367 115 315 367 367 367 268 233 239 239 239 239 239 239
268 315 467 467 398 239 398 398 398 398 239 239 398 398 398 398 422 422 398 398
68 367 57 315 315 268 47 47 47 47 115 268 233 204 204 367 204 57 57 367
239 422 422 422 422 239 239 239 239 239 239 239 239 239 422 422 422 115 115 115
480 233 315 233 47 233 233 233 233 233 268 47 115 315 57 315 315 268 47 47
115 422 233 315 47 115 315 57 57 315 268 47 47 47 47 115 268 47 115 204
156 367 115 115 68 367 68 204 315 315 315 233 315 315 315 57 268 467 239 239
68 68 68 367 68 204 204 481 204 204 367 367 204 233 367 204 204 204 367 367
233 233 233 233 233 233 233 233 233 233 481 481 481 481 233 115 47 422 47 422
239 422 422 47 315 467 47 315 57 57 315 268 467 467 467 467 47 268 467 467
422 422 422 422 422 422 239 239 422 422 233 268 467 115 315 57 315 268 268 467
422 422 422 239 239 239 239 239 422 422 422 422 422 422 422 422 422 422 422 422
239 239 239 239 239 239 239 239 239 422 422 422 422 422 422 422 422 422 115 422
268 480 480 480 47 115 268 47 115 204 367 204 204 204 367 204 204 204 367 204
115 268 233 115 68 367 204 204 204 367 204 204 204 481 204 204 481 204 115 481
268 480 480 480 47 115 268 47 204 204 233 315 204 204 47 315 204 204 367 204
268 315 480 467 239 239 398 398 398 239 398 398 398 398 422 422 239 398 398 268
367 367 68 115 68 68 367 367 68 204 204 367 481 68 68 115 481 204 367 204
239 422 422 233 315 47 204 315 57 57 315 268 47 467 467 467 115 268 47 204
233 156 480 68 367 57 315 315 268 47 47 47 47 115 268 233 115 204 367 204
367 68 367 68 68 68 367 367 115 68 367 204 204 481 68 204 367 204 367 115
315 480 68 239 115 398 315 204 204 204 315 57 315 315 268 467 467 467 467 315
367 68 367 68 367 204 367 204 204 367 204 367 47 204 367 204 204 367 204 204
481 481 68 68 68 68 481 481 68 115 204 481 204 481 204 481 204 481 204 481
268 315 480 480 422 422 398 233 47 233 268 233 47 47 233 47 398 233 47 233
422 422 115 422 422 422 422 422 239 239 422 422 233 315 467 115 315 57 315 315
68 367 315 115 315 315 315 315 57 268 467 115 47 268 315 467 467 47 315 467
239 239 239 239 239 422 422 422 422 422 422 422 422 422 422 422 422 422 422 422
68 481 68 367 68 367 68 481 68 68 367 68 233 68 481 68 204 481 481 367
68 115 367 68 367 204 204 367 367 204 367 68 204 367 204 367 115 204 367 204
422 422 422 422 422 422 115 422 422 422 422 422 239 239 422 422 204 268 467 115
315 315 57 268 47 239 239 398 398 398 398 398 398 115 467 268 315 467 467 239
68 367 115 68 68 367 367 68 367 367 115 367 367 367 367 57 268 47 115 480
239 398 398 398 398 239 239 398 398 398 398 422 422 398 47 398 233 47 233 47
315 68 315 115 68 315 315 115 315 268 57 268 467 115 467 268 315 467 467 233
68 315 268 47 47 47 47 115 268 47 115 204 315 204 204 204 233 315 204 204
233 480 233 233 47 233 233 233 47 233 233 233 233 315 47 115 315 268 315 268
422 422 422 422 422 422 422 422 422 422 422 422 422 422 422 239 239 239 239 239
315 315 57 268 47 239 239 398 398 398 398 398 398 115 467 268 315 467 467 239
239 239 422 422 422 422 239 239 239 239 239 239 239 239 239 422 115 115 115 115
481 367 68 115 68 204 481 367 204 204 204 204 367 204 233 481 68 481 204 481
315 115 315 315 57 268 47 239 398 398 398 398 398 115 47 315 268 315 467 467
367 68 115 68 68 367 367 204 367 367 115 367 367 367 367 57 268 47 115 47
68 115 367 68 68 367 367 204 315 315 115 367 367 367 367 57 268 47 115 47
