314 638 133 58 58 638 133 638 133 924 351 351 838 24 986 823 223 528 351 823
314 638 133 58 58 638 133 924 823 351 838 24 986 823 223 528 823 351 223 57
24 351 780 57 755 133 971 528 24 351 351 223 57 838 314 24 986 351 223 133
819 133 977 133 977 133 924 379 379 838 24 986 379 819 528 379 379 819 57 755
223 528 351 823 223 57 755 133 971 133 24 351 823 223 57 24 986 351 223 314
351 838 24 986 823 223 528 351 823 223 57 755 314 971 314 24 351 351 223 57
57 24 986 351 223 133 755 133 24 823 351 223 24 351 351 223 57 838 133 638
638 133 924 823 351 838 24 986 823 223 528 351 351 223 57 755 314 24 823 823
823 223 528 823 351 223 57 755 133 971 133 24 351 351 223 57 24 986 351 223
24 986 351 223 57 971 133 755 133 24 986 351 223 57 24 986 351 223 133 755
823 223 528 823 351 223 57 755 133 971 133 24 351 351 223 57 24 986 351 223
57 755 133 24 823 351 223 57 755 133 24 351 351 223 57 971 314 755 314 24
57 838 133 638 133 58 58 638 133 638 133 924 823 351 838 24 986 823 223 528
351 351 223 57 838 133 638 133 58 58 638 133 638 314 924 823 351 838 24 986
823 223 57 755 133 971 133 24 351 823 223 57 24 986 351 223 133 58 58 24
133 58 58 638 133 924 823 351 838 24 986 823 223 528 351 351 223 314 755 133
58 58 977 133 924 379 379 838 24 986 379 819 528 379 379 819 57 755 133 971
351 223 57 971 133 24 986 351 755 57 223 314 24 986 351 223 314 755 133 24
223 57 755 133 24 351 823 223 57 755 314 24 351 351 223 971 57 57 755 314
755 314 24 351 823 223 57 755 133 24 351 351 223 971 57 57 755 314 24 351
314 638 133 24 986 351 223 133 638 133 58 58 638 314 924 823 351 838 24 986
223 528 351 351 223 57 755 133 24 823 351 223 57 755 314 24 351 351 223 57
379 379 838 24 986 379 819 528 379 379 819 57 755 133 971 133 24 379 379 819
314 638 133 58 58 638 133 924 823 351 838 24 986 823 223 528 351 351 223 57
24 986 823 223 528 351 351 223 57 755 314 971 314 24 823 351 223 57 58 58
838 133 638 133 58 58 638 133 638 133 924 351 351 838 24 986 823 223 528 351
314 24 986 351 223 57 971 133 755 133 24 986 351 223 57 24 986 351 223 133
314 24 986 351 755 57 223 133 24 986 351 223 314 755 314 24 351 351 223 24
755 133 971 528 24 351 351 223 57 838 133 24 986 351 223 314 638 314 924 986
133 58 58 977 133 977 57 977 133 924 379 379 838 24 986 379 819 528 379 379
24 351 351 223 57 838 133 638 133 924 823 351 838 24 986 823 223 528 351 351
924 379 379 838 24 986 379 819 528 379 379 819 57 755 133 971 133 24 379 379
351 823 223 57 755 133 971 133 24 351 351 223 57 58 58 57 986 351 223 133
351 223 133 755 133 24 823 351 223 24 351 351 223 57 838 133 638 133 58 58
986 351 971 223 314 57 755 133 24 351 351 223 57 24 986 351 223 314 755 133
314 924 638 351 838 24 986 823 223 528 351 351 223 57 755 314 24 823 351 223
314 24 351 351 223 57 971 133 755 133 24 351 351 223 57 24 986 351 223 133
924 823 351 838 24 986 823 223 528 351 351 223 57 755 314 971 133 24 351 351
823 223 528 351 823 223 57 755 133 971 133 24 351 823 223 57 24 986 351 223
638 133 924 823 351 838 24 986 823 223 528 351 823 223 314 755 314 971 133 24
379 838 24 986 379 819 528 379 379 819 57 755 133 971 133 24 379 379 819 57
223 57 838 133 638 133 58 58 638 133 638 133 924 823 351 838 24 986 823 223
838 133 638 133 58 58 638 133 638 133 924 351 351 838 24 986 823 223 528 351
314 58 58 638 133 924 351 823 838 24 986 823 223 528 351 351 223 57 755 133
638 133 924 351 351 838 24 986 823 223 528 351 351 223 57 755 314 971 133 24
986 351 223 133 755 133 24 351 823 223 24 351 351 223 57 838 133 638 133 58
133 924 823 351 838 24 986 823 223 528 351 351 223 314 755 133 971 133 24 351
351 823 223 57 755 133 24 351 351 223 971 57 57 755 314 24 351 351 223 57
314 24 986 351 755 57 223 133 24 986 351 223 314 755 314 24 351 351 223 24
528 379 379 819 57 755 133 971 133 24 379 379 819 314 24 986 379 838 133 58
638 133 58 58 638 133 924 823 351 838 24 986 823 223 528 351 351 223 57 755
838 24 986 379 819 528 379 379 819 57 755 133 971 57 24 379 379 819 57 58
223 57 971 133 24 986 351 755 57 223 133 24 986 351 223 314 755 133 24 351
351 223 24 351 351 223 57 838 133 638 314 58 58 638 314 638 314 924 823 351
351 823 223 57 755 133 971 133 24 351 823 223 57 24 986 351 223 133 58 58
223 528 351 351 223 57 755 133 24 351 823 223 57 755 314 24 351 351 223 971
755 133 971 528 24 351 351 223 57 838 133 24 986 351 223 314 638 314 924 986
24 986 351 223 133 755 133 24 823 351 223 24 351 351 223 57 838 133 638 133
755 314 24 986 351 971 223 314 57 755 133 24 351 351 223 57 24 986 351 223
638 133 638 133 638 133 58 58 638 133 638 314 924 351 351 838 24 986 823 223
223 57 755 133 24 986 351 223 57 971 133 755 314 24 986 351 223 57 24 986
351 223 57 755 133 971 133 24 823 351 223 57 58 58 24 986 351 223 133 58
638 133 924 986 351 838 133 24 986 823 223 528 351 351 223 57 755 314 24 351
638 314 58 58 638 133 638 133 924 823 351 838 24 986 823 223 528 351 823 223
755 57 223 133 24 986 351 223 133 755 133 24 351 351 223 24 351 351 223 57
351 838 24 986 823 223 528 351 823 223 57 755 314 971 314 24 351 351 223 57
314 755 133 24 986 351 223 57 24 986 351 223 314 755 314 24 351 351 223 24
223 57 971 133 223 133 24 986 351 223 57 24 986 351 223 314 755 133 24 823
57 838 133 638 314 58 58 638 133 638 314 924 823 351 838 24 986 823 223 528
351 223 24 351 351 223 57 838 133 638 133 638 314 58 58 638 314 924 351 351
24 986 823 223 528 351 351 223 57 755 314 24 351 351 223 755 57 314 24 351
223 528 823 351 223 57 755 133 24 351 351 223 57 755 314 24 986 351 971 223
58 58 638 133 924 351 823 838 24 986 823 223 528 351 351 223 57 755 133 971
24 986 823 223 528 351 351 223 57 755 314 24 823 351 223 57 755 314 24 351
314 24 986 823 223 528 351 351 223 57 755 314 24 351 823 223 57 755 314 24
57 977 133 24 986 379 819 133 977 133 977 133 924 379 379 838 24 986 379 819
823 351 838 24 986 823 223 528 351 823 223 57 755 314 971 133 24 351 351 223
379 838 24 986 379 819 528 379 379 819 57 755 133 971 133 24 379 379 819 57
24 351 351 223 57 24 823 351 223 133 755 314 24 351 351 223 24 351 351 223
971 528 24 351 351 223 57 838 133 24 986 351 223 314 638 314 924 986 351 838
57 971 133 24 986 351 755 57 223 133 24 986 351 223 314 755 314 24 351 351
314 24 823 351 223 57 24 986 351 223 133 755 314 24 351 823 223 24 351 351
24 986 351 223 314 223 133 24 351 351 223 24 351 351 223 57 838 314 638 133
314 58 58 638 133 924 986 351 223 133 638 133 58 58 638 57 924 823 351 838
24 351 351 223 57 838 133 638 133 58 58 638 314 638 314 924 351 351 838 24
755 133 24 351 351 223 755 314 314 24 351 351 223 57 971 314 755 314 24 986
379 838 24 986 379 819 528 379 379 819 314 755 133 971 133 24 379 379 819 57
351 351 223 24 351 351 223 57 838 133 638 314 58 58 638 314 638 314 924 823
528 379 379 819 57 755 133 971 133 24 379 379 819 57 24 986 379 819 133 58
57 838 133 638 133 924 823 351 838 24 986 823 223 528 351 351 223 57 755 314
977 133 924 379 379 838 24 986 379 819 528 379 379 819 57 755 133 971 133 24
924 379 379 838 24 986 379 819 528 379 379 819 57 755 133 971 133 24 379 379
314 755 133 24 823 351 223 57 24 986 351 223 314 755 314 24 351 823 223 24
971 314 24 351 351 223 57 838 133 638 133 924 823 351 838 24 986 823 223 528
351 223 57 24 986 351 223 133 755 133 24 351 823 223 24 351 351 223 57 838
379 379 838 24 986 379 819 528 379 379 819 57 755 133 971 133 24 379 379 819
223 57 838 133 638 133 638 133 58 58 638 133 924 823 351 838 24 986 823 223
351 223 57 971 133 24 986 351 755 57 223 314 24 986 351 223 314 755 133 24
755 57 314 24 823 351 223 57 971 133 755 314 24 986 351 223 57 24 986 351
924 379 379 838 24 986 379 819 528 379 379 819 57 755 133 971 133 24 379 379
924 351 351 838 24 986 823 223 528 823 351 223 57 755 314 24 351 351 223 57
351 223 57 24 823 351 223 133 755 133 24 351 351 223 24 351 351 223 57 838
838 24 986 823 223 528 351 351 223 57 755 314 24 823 823 223 57 755 314 24
314 24 986 351 223 133 755 133 24 351 351 223 24 351 351 223 57 838 314 638
314 924 638 351 838 24 986 823 223 528 351 351 223 57 755 314 24 823 351 223
24 351 823 223 57 755 133 24 351 351 223 971 57 57 755 314 24 351 351 223
838 24 986 823 223 528 823 351 223 57 755 314 24 351 351 223 57 755 314 24
823 223 528 351 351 223 57 755 133 971 133 24 351 351 223 57 24 986 351 223
638 133 638 133 58 58 638 133 924 351 351 838 24 986 823 223 528 351 351 223
823 351 838 24 986 823 223 528 351 351 223 314 755 314 971 133 24 351 351 223
379 838 24 986 379 819 528 379 379 819 57 755 133 971 133 24 379 379 819 57
823 223 57 755 133 24 986 351 223 57 223 314 755 314 24 823 351 223 57 24
133 977 133 58 58 977 133 924 379 379 838 24 379 379 819 528 379 379 819 57
133 924 351 351 838 24 986 823 223 528 351 823 223 57 755 314 971 133 24 351
314 24 351 351 223 24 351 351 223 57 838 314 638 314 24 986 351 223 314 638
133 924 379 379 838 24 986 379 819 528 379 379 819 57 755 133 971 133 24 379
351 823 223 57 755 133 971 133 24 351 351 223 57 58 58 57 986 351 223 133
351 223 133 755 133 24 351 351 223 24 351 351 223 57 838 314 638 314 58 58
838 24 986 823 223 528 823 351 223 57 755 314 24 351 351 223 57 755 314 24
986 823 223 528 351 351 223 57 755 133 24 823 823 223 57 755 314 24 986 351
838 24 986 823 223 528 823 351 223 57 755 314 971 314 24 351 351 223 57 24
57 223 133 755 133 24 823 351 223 57 24 986 351 223 314 755 314 24 351 351
379 838 24 986 379 819 528 379 379 819 57 755 133 971 133 24 379 379 819 57
223 133 638 133 58 58 638 133 924 823 351 838 24 986 823 223 528 351 351 223
351 351 223 24 351 351 223 57 838 133 638 314 24 986 351 223 314 638 314 58
819 57 755 133 971 133 24 379 379 819 57 24 379 379 838 133 58 58 780 986
638 528 924 351 351 838 24 986 351 223 528 351 823 223 57 755 314 971 133 24
977 133 924 379 379 838 24 986 379 819 528 379 379 819 57 755 133 971 133 24
823 223 528 351 351 223 57 755 133 24 351 823 223 57 755 314 24 351 351 223
924 351 351 838 24 986 823 223 528 351 351 223 57 755 314 971 133 24 823 351
838 24 986 823 223 528 351 351 223 57 755 314 24 823 351 223 57 755 314 24
351 351 838 24 986 823 223 528 823 351 223 57 755 314 24 351 351 223 57 755
638 133 924 351 823 838 24 986 823 223 528 351 351 223 57 755 314 971 133 24
823 223 528 823 351 223 57 755 133 971 133 24 351 351 223 57 24 986 351 223
755 133 971 133 24 379 379 819 314 24 379 379 838 133 58 58 780 986 379 819
977 133 977 133 924 379 379 838 24 986 379 819 528 379 379 819 57 755 133 971
314 755 133 24 986 351 223 57 24 986 351 223 314 755 314 24 351 351 223 24
838 24 986 823 223 528 351 823 223 57 755 314 971 314 24 351 351 223 57 58
24 986 351 971 223 314 57 755 133 24 351 351 223 57 24 986 351 223 314 755
223 133 638 133 58 58 638 528 924 823 351 838 24 986 823 223 528 351 823 223
638 133 924 823 351 838 24 986 823 223 528 351 823 223 57 755 314 971 314 24
924 823 351 838 24 986 823 223 528 351 823 223 314 755 314 971 133 24 351 351
223 133 755 133 24 823 351 223 24 351 351 223 57 838 133 638 133 58 58 638
57 838 133 638 133 638 133 58 58 638 133 924 351 823 838 24 986 823 223 528
223 314 223 133 24 351 823 223 24 351 351 223 57 838 314 638 314 638 314 58
977 133 924 379 379 838 24 986 379 819 528 379 379 819 57 755 133 971 133 24
823 223 57 755 314 24 351 351 223 971 57 57 755 314 24 351 351 223 57 24
971 133 755 133 24 823 351 223 57 24 986 351 223 314 755 133 24 351 823 223
223 528 823 351 223 57 755 133 24 351 351 223 57 755 314 24 986 351 971 223
351 223 57 755 133 24 823 351 223 57 755 133 24 986 351 223 57 971 133 755
986 351 223 57 24 986 351 223 133 755 133 24 823 351 223 24 351 351 223 57
823 223 57 755 314 24 351 351 223 971 57 57 755 314 24 351 351 223 57 24
314 58 58 638 133 638 133 924 351 351 838 24 986 823 223 528 351 351 223 57
755 133 24 986 351 223 57 971 133 24 986 351 755 57 223 314 24 986 351 223
838 24 986 379 819 528 379 379 819 57 755 133 971 57 24 379 379 819 57 58
58 977 133 924 379 379 838 24 986 379 819 528 379 379 819 57 755 133 971 133
528 24 351 351 223 57 838 133 24 986 351 223 314 638 314 924 986 351 838 133
379 379 838 24 986 379 819 528 379 379 819 57 755 133 971 133 24 379 379 819
638 133 638 133 58 58 638 133 638 133 924 351 351 838 24 986 823 223 528 351
314 24 351 351 223 57 24 986 351 223 314 755 314 24 351 823 223 24 351 351
314 638 133 638 133 58 58 638 133 924 823 351 838 24 986 823 223 528 351 351
351 351 223 57 24 986 351 223 314 755 314 24 351 823 223 24 351 351 223 57
58 638 133 314 986 351 223 133 638 133 58 58 638 528 924 823 351 838 24 986
819 57 755 133 971 133 24 379 379 819 57 24 379 379 838 133 58 58 780 986
351 351 223 57 971 133 755 133 24 351 351 223 57 24 986 351 223 133 755 133
314 638 133 58 58 638 133 924 823 351 838 24 986 823 223 528 351 351 223 57
223 528 351 823 223 57 755 133 971 133 24 351 823 223 57 24 986 351 223 314
838 24 986 823 223 528 823 351 223 57 755 314 971 314 24 351 351 223 57 24
379 838 24 986 379 819 528 379 379 819 57 755 133 971 57 24 379 379 819 57
986 351 223 133 755 133 24 823 351 223 24 351 351 223 57 838 133 638 133 58
58 58 977 133 924 379 379 838 24 986 379 819 528 379 379 819 57 755 133 971
924 379 379 838 24 986 379 819 528 379 379 819 57 755 133 971 133 24 379 379
57 755 314 24 351 351 223 57 24 823 351 223 314 755 314 24 351 351 223 24
314 924 351 351 838 24 986 823 223 528 351 351 223 57 755 314 971 133 24 823
924 823 351 838 24 986 823 223 528 351 351 223 57 755 314 971 133 24 351 351
314 24 351 351 223 57 838 133 638 133 924 823 351 838 24 986 823 223 528 351
57 755 314 24 351 823 223 755 57 314 24 351 351 223 57 971 314 755 314 24
223 57 838 133 638 133 24 986 351 223 133 638 314 58 58 638 314 924 823 351
977 133 924 379 379 838 24 986 379 819 528 379 379 819 57 755 133 971 133 24
351 223 24 351 351 223 57 838 133 638 314 58 58 638 314 638 314 924 823 351
755 133 24 823 351 223 57 755 133 24 986 351 223 57 971 314 755 133 24 986
924 351 351 838 24 986 823 223 528 823 351 223 57 755 314 24 351 351 223 57
977 133 924 379 379 838 24 986 379 819 528 379 379 819 57 755 133 971 133 24
986 823 223 528 351 351 223 57 755 133 24 823 823 223 57 755 314 24 986 351
24 986 351 223 133 638 133 924 986 351 838 133 24 986 823 223 528 351 351 223
314 24 823 351 223 57 24 986 351 223 133 755 314 24 351 823 223 24 351 351
351 223 133 755 133 24 823 351 223 24 351 351 223 57 838 133 638 133 58 58
223 528 351 351 223 57 755 133 24 351 823 223 57 755 314 24 351 351 223 971
638 133 924 351 823 838 24 986 823 223 528 351 351 223 57 755 314 971 133 24
971 223 314 57 755 133 24 823 351 223 57 24 986 351 223 314 223 314 24 351
24 823 351 223 57 24 986 351 223 133 755 133 24 351 351 223 24 351 351 223
823 823 223 57 755 133 24 986 351 223 57 223 314 755 314 24 823 351 223 57
755 133 971 528 24 351 351 223 57 838 133 24 986 351 223 314 638 314 924 986
314 24 986 823 223 528 351 351 223 57 755 314 24 351 823 223 57 755 314 24
977 133 977 133 924 379 379 838 24 986 379 819 528 379 379 819 57 755 133 971
823 351 223 57 755 133 24 986 351 223 57 971 314 755 314 24 986 351 223 57
351 223 57 971 133 223 133 24 986 351 223 57 24 986 351 223 314 755 133 24
823 223 528 351 351 223 57 755 133 971 133 24 823 351 223 57 58 58 24 986
986 351 223 133 638 133 58 58 638 133 924 823 351 838 24 986 823 223 528 351
638 133 58 58 638 133 638 133 924 351 351 838 24 986 823 223 528 351 823 223
755 57 223 133 24 986 351 223 133 755 133 24 351 351 223 24 351 351 223 57
24 351 823 223 24 351 351 223 57 838 133 638 314 58 58 638 314 638 314 924
924 351 351 838 24 986 823 223 528 351 351 223 57 755 314 971 133 24 823 351
823 351 838 24 986 823 223 528 351 351 223 314 755 314 971 133 24 351 351 223
24 351 351 223 971 314 57 755 133 24 351 351 223 57 24 823 351 223 314 755
838 24 986 823 223 528 351 351 223 57 755 314 24 823 351 223 57 755 314 24
24 986 351 223 133 755 133 24 823 351 223 24 351 351 223 57 838 133 638 133
24 986 351 223 133 638 133 924 986 351 838 133 24 986 823 223 528 351 351 223
57 755 133 24 823 351 223 57 755 133 24 351 351 223 57 971 314 755 314 24
24 986 823 223 528 351 351 223 57 755 314 24 823 351 223 57 755 314 24 986
755 314 24 351 823 223 57 755 133 24 351 351 223 971 57 57 755 314 24 351
314 24 823 351 223 57 24 986 351 223 133 755 314 24 351 351 223 24 351 351
133 58 58 638 133 924 823 351 838 24 986 823 223 528 351 351 223 314 755 133
977 133 977 133 924 379 379 838 24 986 379 819 528 379 379 819 57 755 133 971
755 133 971 528 24 351 351 223 57 838 133 24 986 351 223 314 638 314 924 986
351 223 57 24 986 351 223 133 755 133 24 351 823 223 24 351 351 223 57 838
755 133 971 528 24 351 351 223 57 838 133 24 986 351 223 314 638 314 924 986
314 223 133 24 986 351 223 57 24 986 351 223 314 755 314 24 823 351 223 24
638 133 58 58 638 133 638 133 924 823 351 838 24 986 823 223 528 351 823 223
223 528 351 351 223 57 755 133 24 351 351 223 755 57 314 24 351 351 223 57
351 223 57 755 133 971 133 24 823 351 223 57 58 58 24 986 351 223 133 58
638 133 924 823 351 838 24 986 823 223 528 823 351 223 57 755 314 971 314 24
314 638 133 638 133 58 58 638 133 924 823 351 838 24 986 823 223 528 351 351
223 57 971 133 24 986 351 755 57 223 133 24 986 351 223 314 755 133 24 351
223 57 838 133 638 133 24 986 351 223 133 638 314 58 58 638 314 924 823 351
314 755 133 24 351 351 223 24 351 351 223 57 838 314 638 314 58 58 638 314
379 838 24 986 379 819 528 379 379 819 57 755 133 971 133 24 379 379 819 57
223 57 755 133 24 823 351 223 57 755 314 24 986 351 223 57 971 314 24 986
314 924 823 351 838 24 986 823 223 528 351 351 223 57 755 314 24 823 823 223
755 133 24 823 351 223 57 755 133 24 986 351 223 57 971 314 755 133 24 986
24 351 351 223 57 971 133 755 133 24 351 351 223 57 24 986 351 223 133 755
351 351 223 57 755 133 24 351 351 223 755 57 314 24 823 351 223 57 971 133
379 819 528 379 379 819 57 755 133 971 133 24 379 379 819 57 24 986 379 819
58 58 638 133 924 351 823 838 24 986 823 223 528 351 351 223 57 755 133 971
823 351 223 57 24 986 351 223 133 755 133 24 351 351 223 24 351 351 223 57
986 823 223 528 351 823 223 57 755 133 971 314 24 351 351 223 57 58 58 24
58 638 133 638 133 638 133 58 58 638 133 638 314 924 351 351 838 24 986 823
977 133 977 133 924 379 379 838 24 986 379 819 528 379 379 819 57 755 133 971
314 24 351 351 223 24 351 351 223 57 838 314 638 314 24 986 351 223 314 638
986 379 819 528 379 379 819 57 755 133 971 133 24 379 379 819 314 24 986 379
58 58 638 133 924 823 351 838 24 986 823 223 528 823 351 223 57 755 133 971
223 24 351 351 223 57 838 133 638 133 24 986 351 223 314 638 314 58 58 638
977 133 58 58 977 133 924 379 379 838 24 986 379 819 528 379 379 819 57 755
223 57 838 133 638 133 58 58 638 133 638 133 924 351 351 838 24 986 823 223
57 977 133 924 379 379 838 24 986 379 819 528 379 379 819 57 755 133 971 133
838 24 986 823 223 528 351 351 223 57 755 314 971 314 24 823 351 223 57 58
351 838 24 986 823 223 528 351 823 223 57 755 314 971 314 24 351 351 223 57
638 314 58 58 638 528 924 823 351 838 24 986 823 223 528 351 823 223 57 755
528 351 351 223 57 755 133 971 133 24 823 351 223 57 58 58 24 986 351 223
351 351 223 971 314 57 755 133 24 351 351 223 57 24 823 351 223 314 755 133
314 58 58 638 133 638 133 924 823 351 838 24 986 823 223 528 351 823 223 314
755 133 24 986 351 223 57 24 986 351 223 133 755 314 24 351 351 223 24 351
528 351 351 223 57 755 133 24 823 351 223 57 755 314 24 351 351 223 57 971
528 351 351 223 57 755 314 24 823 351 223 57 755 314 24 986 351 223 57 971
838 24 986 379 819 528 379 379 819 57 755 133 971 133 24 379 379 819 314 24
24 351 351 223 57 755 133 24 986 351 971 223 57 57 755 314 24 351 351 223
24 351 351 223 57 24 986 351 223 133 755 314 24 351 823 223 24 351 351 223
755 133 24 986 351 223 57 223 133 755 133 24 823 351 223 57 24 986 351 223
223 24 351 351 223 57 838 133 638 133 638 133 58 58 638 314 924 823 351 838
638 133 638 133 58 58 638 133 638 133 924 351 351 838 24 986 823 223 528 351
24 986 351 223 133 638 133 924 986 351 838 133 24 986 823 223 528 351 351 223
351 223 24 351 351 223 57 838 133 638 314 58 58 638 314 638 314 924 823 351
838 314 638 133 638 133 58 58 638 133 638 314 638 314 58 58 638 314 638 314
314 24 351 351 223 57 24 986 351 223 314 755 314 24 351 823 223 24 351 351
379 819 528 379 379 819 57 755 133 971 133 24 379 379 819 314 24 986 379 838
133 924 986 351 838 133 24 986 823 223 528 351 351 223 57 755 133 24 351 823
379 838 24 986 379 819 528 379 379 819 57 755 133 971 133 24 379 379 819 57
351 351 223 24 351 351 223 57 838 133 638 314 24 986 351 223 314 638 314 58
314 24 351 351 223 57 24 823 351 223 314 755 314 24 351 351 223 24 351 351
314 24 986 823 223 528 351 351 223 57 755 314 24 351 823 223 57 755 314 24
24 351 351 223 24 351 351 223 57 838 314 638 314 638 314 58 58 638 314 924
133 977 133 58 58 977 133 924 379 379 838 24 379 379 819 528 379 379 819 57
351 223 57 755 133 24 351 351 223 57 755 314 24 986 351 971 223 314 57 755
223 57 755 133 24 986 351 223 57 971 133 24 986 351 755 57 223 314 24 986
58 977 133 924 379 379 838 24 986 379 819 528 379 379 819 57 755 133 971 133
977 57 977 133 924 379 379 838 24 986 379 819 528 379 379 819 57 755 133 971
223 24 351 351 223 57 838 133 638 133 58 58 638 314 638 314 924 351 351 838
24 351 351 223 24 351 351 223 57 838 314 638 314 24 986 351 223 314 638 314
977 133 924 379 379 838 24 986 379 819 528 379 379 819 57 755 133 971 133 24
351 223 24 351 351 223 57 838 133 638 133 638 314 58 58 638 314 924 823 351
314 638 133 924 351 351 838 24 986 823 223 528 351 351 223 57 755 314 971 133
638 133 924 823 351 838 24 986 823 223 528 823 351 223 57 755 314 971 314 24
379 379 838 24 986 379 819 528 379 379 819 57 755 133 971 133 24 379 379 819
223 528 351 351 223 57 755 314 24 823 351 223 57 755 314 24 986 351 223 57
57 755 133 24 986 351 971 223 314 57 755 314 24 351 351 223 57 24 986 351
638 133 638 133 58 58 638 133 638 133 924 351 351 838 24 986 823 223 528 351
24 351 223 528 351 351 223 57 755 133 24 823 351 223 57 755 314 24 986 351
351 351 223 57 971 133 755 133 24 351 351 223 57 24 986 351 223 133 755 133
379 819 528 379 379 819 57 755 133 971 133 24 379 379 819 314 24 986 379 838
223 528 351 823 223 57 755 133 971 133 24 351 351 223 57 58 58 24 986 351
351 351 223 57 755 133 24 823 351 223 57 755 314 24 986 351 223 57 971 133
986 823 223 528 351 351 223 57 755 133 24 823 351 223 57 755 314 24 986 351
223 57 755 133 24 351 351 223 57 971 133 755 314 24 351 351 223 57 24 986
133 924 379 379 838 24 986 379 819 528 379 379 819 57 755 133 971 133 24 379
314 24 986 351 223 57 971 133 24 986 351 755 57 223 314 24 986 351 223 133
314 924 351 351 838 24 986 823 223 528 351 351 223 57 755 314 24 823 351 223
24 986 823 223 528 351 351 223 57 755 314 24 823 351 223 57 755 314 24 986
57 755 314 24 351 823 223 755 57 314 24 351 351 223 57 971 314 755 314 24
351 823 223 57 755 133 24 351 351 223 971 57 57 755 314 24 351 351 223 57
638 133 638 133 924 351 351 838 24 986 823 223 528 351 351 223 57 755 133 971
351 223 57 755 133 24 823 351 223 57 755 133 24 986 351 223 57 971 133 755
924 823 351 838 24 986 823 223 528 823 351 223 57 755 314 971 133 24 351 351
223 528 823 351 223 57 755 133 971 133 24 351 351 223 57 24 986 351 223 133
57 58 58 977 133 924 379 379 838 24 986 379 819 528 379 379 819 57 755 133
755 133 971 133 24 351 823 223 57 24 986 351 223 133 58 58 24 986 351 223
314 24 351 823 223 57 755 133 24 351 351 223 971 57 57 755 314 24 351 351
314 24 351 351 223 57 971 133 755 133 24 351 351 223 57 24 986 351 223 133
314 755 133 24 351 823 223 24 351 351 223 57 838 314 638 314 58 58 638 133
314 24 823 351 223 57 755 133 24 986 351 223 57 971 314 755 133 24 986 351
24 986 351 223 57 971 133 24 986 351 755 57 223 314 24 986 351 223 133 755
977 133 924 379 379 838 24 986 379 819 528 379 379 819 57 755 133 971 133 24
351 351 223 57 755 133 971 133 24 823 351 223 57 58 58 24 986 351 223 133
58 638 133 924 351 823 838 24 986 823 223 528 351 351 223 57 755 133 971 133
977 133 924 379 379 838 24 986 379 819 528 379 379 819 314 755 133 971 133 24
58 58 977 133 977 133 924 379 379 838 24 986 379 819 528 379 379 819 57 755
24 351 351 223 57 755 133 24 986 351 971 223 57 57 755 314 24 351 351 223
379 838 24 986 379 819 528 379 379 819 57 755 133 971 133 24 379 379 819 314
638 133 58 58 638 133 638 133 924 351 351 838 24 986 823 223 528 351 351 223
351 351 223 24 351 351 223 57 838 133 638 314 638 314 58 58 638 314 924 823
986 351 223 133 638 133 924 986 351 838 133 24 986 823 223 528 351 351 223 57
351 351 223 57 24 986 351 223 314 755 314 24 351 823 223 24 351 351 223 57
638 133 638 133 58 58 638 133 924 351 351 838 24 986 823 223 528 351 351 223
57 838 133 638 133 638 133 58 58 638 133 924 823 351 838 24 986 823 223 528
223 528 823 351 223 57 755 133 971 133 24 351 351 223 57 24 986 351 223 133
223 57 755 133 971 133 24 351 351 223 57 58 58 57 986 351 223 133 58 58
314 755 133 24 351 351 223 24 351 351 223 57 838 314 638 314 58 58 638 314
223 24 351 351 223 57 838 133 638 133 638 133 58 58 638 314 924 823 351 838
971 223 314 57 755 133 24 823 351 223 57 24 986 351 223 314 223 314 24 351
924 986 351 838 133 24 986 823 223 528 351 351 223 57 755 133 24 351 823 223
57 755 133 24 823 823 223 57 755 133 24 986 351 223 57 223 314 755 314 24
986 351 223 133 755 133 24 351 351 223 24 351 351 223 57 838 133 638 133 638
57 755 133 24 351 351 223 57 971 133 755 314 24 351 351 223 57 24 986 351
57 838 133 638 133 24 986 351 223 133 638 314 58 58 638 314 924 823 351 838
924 379 379 838 24 986 379 819 528 379 379 819 57 755 133 971 133 24 379 379
24 986 379 819 528 379 379 819 57 755 133 971 57 24 379 379 819 57 58 58
314 638 133 58 58 638 133 638 133 924 823 351 838 24 986 823 223 528 351 823
971 133 755 133 24 823 351 223 57 24 986 351 223 314 755 133 24 351 823 223
638 133 924 823 351 838 24 986 823 223 528 351 351 223 314 755 314 971 133 24
638 133 58 58 638 133 924 823 351 838 24 986 823 223 528 823 351 223 57 755
314 924 823 351 838 24 986 823 223 528 351 823 223 57 755 314 971 314 24 351
57 838 133 638 133 58 58 638 133 638 133 924 823 351 838 24 986 823 223 528
223 528 823 351 223 57 755 133 971 133 24 351 351 223 57 24 986 351 223 133
351 223 57 971 133 755 133 24 823 351 223 57 24 986 351 223 314 755 133 24
351 223 57 755 133 24 351 351 223 755 57 314 24 823 351 223 57 971 133 755
314 24 351 351 223 755 314 314 24 351 351 223 57 971 314 755 314 24 986 351
351 223 133 638 133 58 58 638 133 924 823 351 838 24 986 823 223 528 351 351
223 133 755 133 24 823 351 223 57 24 986 351 223 314 755 133 24 351 351 223
351 838 24 986 823 223 528 351 351 223 57 755 314 24 823 351 223 57 755 133
638 133 924 823 351 838 24 986 823 223 528 823 351 223 57 755 314 971 314 24
133 58 58 638 133 924 823 351 838 24 986 823 223 528 351 351 223 314 755 133
223 314 755 133 24 351 351 223 24 351 351 223 57 838 314 638 314 638 314 58
351 223 133 638 133 58 58 638 57 924 823 351 838 24 986 823 223 528 351 823
379 379 838 24 986 379 819 528 379 379 819 57 755 133 971 133 24 379 379 819
58 638 133 924 823 351 838 24 986 823 223 528 351 351 223 314 755 133 971 133
223 133 755 133 24 351 351 223 24 351 351 223 57 838 314 638 314 638 314 58
638 133 638 133 924 823 351 838 24 986 823 223 528 351 823 223 57 755 133 971
351 223 57 24 823 351 223 133 755 133 24 351 351 223 24 351 351 223 57 838
924 379 379 838 24 986 379 819 528 379 379 819 57 755 133 971 133 24 379 379
223 57 755 133 24 351 351 223 57 971 133 755 314 24 351 351 223 57 24 986
823 351 223 57 755 133 24 351 351 223 57 971 314 755 314 24 351 351 223 57
379 379 838 24 986 379 819 528 379 379 819 57 755 133 971 133 24 379 379 819
314 223 133 24 351 823 223 24 351 351 223 57 838 314 638 314 638 314 58 58
823 223 528 823 351 223 57 755 133 971 133 24 351 351 223 57 24 986 351 223
971 133 223 133 24 986 351 223 57 24 986 351 223 314 755 133 24 823 351 223
379 819 57 755 133 971 133 24 379 379 819 57 24 986 379 838 133 58 58 780
223 314 57 755 133 24 823 351 223 57 24 986 351 223 314 223 314 24 351 823
223 57 223 133 755 133 24 823 351 223 57 24 986 351 223 314 755 133 24 351
638 133 58 58 638 133 924 823 351 838 24 986 823 223 528 823 351 223 57 755
823 351 223 57 24 986 351 223 133 755 133 24 351 351 223 24 351 351 223 57
986 823 223 528 351 823 223 57 755 133 971 314 24 351 351 223 57 58 58 24
924 379 379 838 24 986 379 819 528 379 379 819 57 755 133 971 133 24 379 379
223 528 351 823 223 57 755 133 971 133 24 351 823 223 57 24 986 351 223 314
57 58 58 977 133 924 379 379 838 24 986 379 819 528 379 379 819 57 755 133
638 133 924 823 351 838 24 986 823 223 528 823 351 223 57 755 314 971 314 24
314 24 351 351 223 24 823 351 223 57 838 314 638 314 58 58 638 314 638 314
823 351 838 24 986 823 223 528 351 823 223 314 755 314 971 133 24 351 351 223
223 57 971 133 755 133 24 823 351 223 57 24 986 351 223 314 755 133 24 351
58 638 133 638 133 924 351 351 838 24 986 823 223 528 351 823 223 57 755 133
223 57 755 133 24 823 351 223 57 755 314 24 986 351 223 57 971 314 24 986
638 133 638 133 924 351 351 838 24 986 823 223 528 351 351 223 57 755 133 971
986 351 838 133 24 986 823 223 528 351 351 223 57 755 314 24 351 823 223 57
924 379 379 838 24 986 379 819 528 379 379 819 57 755 133 971 133 24 379 379
977 133 924 379 379 838 24 986 379 819 528 379 379 819 57 755 133 971 133 24
977 133 924 379 379 838 24 986 379 819 528 379 379 819 57 755 133 971 133 24
24 351 351 223 24 351 351 223 57 838 314 638 314 58 58 638 314 638 314 924
57 755 314 24 351 351 223 971 314 57 755 314 24 351 351 223 57 24 823 351
755 133 24 823 351 223 57 24 986 351 223 314 755 314 24 351 823 223 24 351
58 638 133 924 351 823 838 24 986 823 223 528 351 351 223 57 755 133 971 133
924 986 351 223 133 638 133 58 58 638 57 924 823 351 838 24 986 823 223 528
57 755 314 24 986 351 223 57 223 133 755 314 24 823 351 223 57 24 986 351
314 24 986 351 223 57 971 133 24 986 351 755 57 223 314 24 986 351 223 133
133 924 379 379 838 24 986 379 819 528 379 379 819 57 755 133 971 133 24 379
351 823 223 57 755 133 971 133 24 351 823 223 57 24 986 351 223 133 58 58
57 223 133 755 133 24 823 351 223 57 24 986 351 223 314 755 314 24 351 351
351 351 223 57 838 133 638 133 638 133 58 58 638 314 924 823 351 838 24 986
379 838 24 986 379 819 528 379 379 819 57 755 133 971 133 24 379 379 819 57
223 57 971 133 24 986 351 755 57 223 133 24 986 351 223 314 755 133 24 351
351 223 57 755 133 24 823 351 223 57 755 314 24 986 351 223 57 971 314 24
314 638 133 58 58 638 133 638 133 924 351 351 838 24 986 823 223 528 351 823
314 58 58 638 133 924 351 823 838 24 986 823 223 528 351 351 223 57 755 133
638 133 924 823 351 838 24 986 823 223 528 823 351 223 57 755 314 971 314 24
351 351 223 57 24 823 351 223 133 755 314 24 351 351 223 24 351 351 223 57
314 638 314 58 58 638 133 638 133 924 823 351 838 24 986 823 223 528 351 823
57 223 133 755 133 24 823 351 223 57 24 986 351 223 314 755 314 24 351 351
24 351 351 223 57 24 823 351 223 133 755 314 24 351 351 223 24 351 351 223
24 986 351 223 133 755 133 24 351 351 223 24 351 351 223 57 838 314 638 133
924 638 351 838 24 986 823 223 528 351 351 223 57 755 314 24 823 351 223 57
351 351 223 24 351 351 223 57 838 133 638 314 24 986 351 223 314 638 314 58
58 58 638 133 924 823 351 838 24 986 823 223 528 823 351 223 57 755 133 971
24 351 351 223 24 351 351 223 57 838 133 638 314 638 314 58 58 638 314 924
314 24 351 351 223 24 823 351 223 57 838 314 638 314 638 314 58 58 638 314
986 351 223 133 638 133 58 58 638 57 924 823 351 838 24 986 823 223 528 351
314 638 133 58 58 638 133 638 133 638 133 58 58 638 314 638 314 924 351 351
379 838 24 986 379 819 528 379 379 819 57 755 133 971 133 24 379 379 819 57
351 223 57 755 133 24 986 351 971 223 57 57 755 314 24 351 351 223 57 24
314 24 351 351 223 57 755 133 24 986 351 971 223 57 57 755 314 24 351 351
924 823 351 838 24 986 823 223 528 823 351 223 57 755 314 971 133 24 351 351
977 133 924 379 379 838 24 986 379 819 528 379 379 819 57 755 133 971 133 24
314 24 351 351 223 24 351 351 223 57 838 314 638 314 638 314 58 58 638 314
57 838 133 638 133 638 133 58 58 638 314 638 314 638 314 58 58 638 314 638
924 351 351 838 24 986 823 223 528 351 351 223 57 755 314 971 133 24 351 351
924 379 379 838 24 986 379 819 528 379 379 819 57 755 133 971 133 24 379 379
314 58 58 638 133 924 986 351 223 133 638 133 58 58 638 57 924 823 351 838
24 351 351 223 57 838 133 638 133 924 823 351 838 24 986 823 223 528 351 351
638 133 638 133 924 823 351 838 24 986 823 223 528 351 823 223 57 755 133 971
223 57 755 314 24 351 351 223 971 57 57 755 314 24 351 351 223 57 24 823
924 379 379 838 24 986 379 819 528 379 379 819 57 755 133 971 133 24 379 379
528 379 379 819 57 755 133 971 133 24 379 379 819 314 24 986 379 838 133 58
924 379 379 838 24 986 379 819 528 379 379 819 57 755 133 971 133 24 379 379
755 314 24 986 351 971 223 314 57 755 133 24 351 351 223 57 24 986 351 223
314 638 133 638 133 58 58 638 133 924 351 351 838 24 986 823 223 528 351 351
638 133 638 133 58 58 638 133 638 133 924 351 351 838 24 986 823 223 528 351
986 351 223 133 755 133 24 823 351 223 24 351 351 223 57 838 133 638 133 58
528 351 351 223 57 755 133 24 823 351 223 57 755 314 24 986 351 223 57 971
314 58 58 638 528 924 823 351 838 24 986 823 223 528 351 823 223 57 755 133
986 823 223 528 351 351 223 57 755 133 24 823 823 223 57 755 314 24 986 351
755 133 24 351 351 223 57 755 133 24 986 351 971 223 57 57 755 314 24 351
133 971 133 24 379 379 819 314 24 986 379 838 133 58 58 57 986 379 819 133
223 528 351 351 223 57 755 133 971 133 24 351 351 223 57 24 986 351 223 133
314 24 351 823 223 24 351 351 223 57 838 314 638 314 58 58 638 314 638 314
314 24 823 351 223 57 24 986 351 223 133 755 314 24 351 351 223 24 351 351
57 755 314 971 528 24 351 351 223 57 838 314 24 986 351 223 314 638 314 924
58 58 638 133 924 823 351 838 24 986 823 223 528 351 351 223 57 755 133 971
223 755 57 314 24 823 351 223 57 971 314 755 314 24 986 351 223 57 24 986
528 823 351 223 57 755 133 24 351 351 223 57 755 314 24 986 351 971 223 314
986 823 223 528 351 823 223 57 755 133 971 314 24 351 351 223 57 58 58 24
838 133 638 133 638 133 58 58 638 133 924 351 351 838 24 986 823 223 528 351
223 57 838 133 24 986 351 223 133 638 133 924 986 351 838 133 24 986 823 223
351 351 223 24 351 351 223 57 838 133 638 314 58 58 638 314 638 314 924 823
58 638 133 924 823 351 838 24 986 823 223 528 351 351 223 57 755 133 971 133
986 379 819 528 379 379 819 57 755 133 971 133 24 379 379 819 57 24 986 379
977 133 924 379 379 838 24 986 379 819 528 379 379 819 57 755 133 971 133 24
351 223 314 223 133 24 351 823 223 24 351 351 223 57 838 314 638 314 638 133
924 823 351 838 24 986 823 223 528 351 351 223 57 755 314 971 133 24 351 351
823 351 223 57 24 986 351 223 133 755 133 24 351 351 223 24 351 351 223 57
351 223 133 755 133 24 351 351 223 24 351 351 223 57 838 314 638 314 58 58
314 924 351 351 838 24 986 823 223 528 351 351 223 57 755 314 24 823 351 223
314 638 314 638 133 58 58 638 314 638 314 638 314 58 58 638 314 638 314 924
314 924 823 351 838 24 986 823 223 528 823 351 223 57 755 314 971 133 24 351
823 223 24 351 351 223 57 838 133 638 133 58 58 638 314 638 314 924 351 351
351 351 223 57 838 133 638 133 58 58 638 133 638 314 924 823 351 838 24 986
223 528 351 823 223 57 755 133 971 133 24 351 351 223 57 58 58 24 986 351
351 838 24 986 823 223 528 351 351 223 314 755 314 971 314 24 351 351 223 57
351 351 223 57 971 133 223 133 24 986 351 223 57 24 986 351 223 133 755 133
351 223 133 755 133 24 351 823 223 24 351 351 223 57 838 133 638 133 58 58
58 977 133 924 379 379 838 24 986 379 819 528 379 379 819 57 755 133 971 133
57 977 133 977 133 58 58 977 133 924 379 379 838 24 986 379 819 528 379 379
351 351 223 57 755 133 24 986 351 971 223 57 57 755 314 24 351 351 223 57
314 638 133 924 823 351 838 24 986 823 223 528 351 823 223 57 755 314 971 133
638 133 924 823 351 838 24 986 823 223 528 351 823 223 314 755 314 971 133 24
24 986 379 819 528 379 379 819 57 755 133 971 133 24 379 379 819 314 24 986
351 351 223 57 838 133 638 133 638 133 58 58 638 314 924 351 351 838 24 986
314 638 133 924 823 351 838 24 986 823 223 528 351 823 223 57 755 314 971 133
351 351 223 57 838 133 638 133 58 58 638 133 638 314 924 351 351 838 24 986
133 924 379 379 838 24 986 379 819 528 379 379 819 57 755 133 971 133 24 379
57 977 133 924 379 379 838 24 986 379 819 528 379 379 819 57 755 133 971 133
351 351 223 57 755 133 24 823 351 223 57 755 314 24 986 351 223 57 971 133
351 823 223 57 755 133 971 133 24 351 351 223 57 58 58 57 986 351 223 133
58 638 133 314 986 351 223 133 638 133 58 58 638 528 924 823 351 838 24 986
133 977 133 924 379 379 838 24 986 379 819 528 379 379 819 57 755 133 971 528
223 57 755 133 24 986 351 223 57 223 314 755 314 24 823 351 223 57 24 986
379 379 838 24 986 379 819 528 379 379 819 57 755 133 971 57 24 379 379 819
314 638 133 58 58 638 133 924 823 351 838 24 986 823 223 528 823 351 223 57
314 24 986 351 971 223 314 57 755 314 24 351 351 223 57 24 986 351 223 314
838 24 986 379 819 528 379 379 819 57 755 133 971 133 24 379 379 819 57 58
314 971 528 24 351 351 223 57 838 133 24 986 351 223 314 638 314 924 986 351
58 58 977 133 977 133 924 379 379 838 24 986 379 819 528 379 379 819 57 755
823 351 838 24 986 823 223 528 351 351 223 314 755 314 971 133 24 351 351 223
528 379 379 819 57 755 133 971 133 24 379 379 819 57 24 986 379 819 133 58
638 133 924 351 823 838 24 986 823 223 528 351 351 223 57 755 314 971 133 24
351 971 223 314 57 755 314 24 823 351 223 57 24 986 351 223 314 223 314 24
823 223 528 351 351 223 57 755 133 24 823 823 223 57 755 314 24 986 351 223
977 133 924 379 379 838 24 986 379 819 528 379 379 819 57 755 133 971 133 24
57 24 986 351 223 133 755 133 24 823 351 223 24 351 351 223 57 838 133 638
314 924 823 351 838 24 986 823 223 528 351 823 223 314 755 314 971 133 24 351
823 223 528 351 351 223 57 755 133 24 823 823 223 57 755 314 24 986 351 223
24 351 351 223 57 971 133 755 133 24 351 351 223 57 24 986 351 223 133 755
986 351 223 57 971 133 24 986 351 755 57 223 314 24 986 351 223 133 755 133
351 838 24 986 823 223 528 351 351 223 57 755 314 971 314 24 351 351 223 57
57 971 133 223 133 24 986 351 223 57 24 986 351 223 314 755 133 24 823 351
