4599 4599 3302 3302 4599 4599 4599 4599 3302 4599 2908 1698 2908 2908 2908 2908 3302 2908 2908 2908
3625 3625 2908 239 4077 229 229 229 229 229 229 229 229 229 229 229 229 229 229 229
2166 4599 4599 4077 4077 239 4077 4599 4599 4599 4599 4599 4599 4599 2908 2166 229 4473 229 229
2166 2166 2166 4077 4077 239 4077 2166 4599 4599 863 4599 4599 4599 4599 4599 4599 2908 2908 2166
3996 239 92 239 92 3996 3996 2908 3625 2908 3625 3996 3625 229 229 229 229 229 229 229
2908 2908 2908 2166 2166 2908 1698 1698 2166 2166 4599 4599 4599 4599 4599 4599 4599 4599 4599 4599
2166 239 239 314 4551 314 314 4551 92 92 314 1989 92 314 314 4551 92 314 314 4551
4599 863 4599 863 3302 863 2908 3625 2908 3625 2908 3625 2908 3625 2166 2166 2908 3625 2908 3625
2908 314 4551 92 1989 314 4551 92 314 2908 1698 1698 2908 2166 2166 4599 4599 4599 4599 4599
1989 314 92 1989 229 229 229 229 229 229 229 229 229 229 229 229 229 229 229 229
4599 4599 4599 4599 4599 4077 4077 239 4077 863 4599 2166 2908 2166 229 4473 229 229 4473 229
4473 2861 2861 2861 2861 2861 2861 2861 2861 2861 2861 2861 2861 2861 2861 2861 2861 2861 2861 2861
92 1989 239 239 314 4551 92 1989 314 4551 2908 2908 2908 3625 2908 3625 2908 3625 92 314
239 1698 2908 2908 2908 4473 1698 2908 2908 2908 4473 314 1698 2908 2908 2908 4473 4473 4473 2908
3996 3996 3996 3996 3996 3996 3996 3302 863 239 239 314 4551 1989 3996 3625 314 4551 92 92
92 1989 314 92 1989 314 92 314 2166 2908 2908 2908 2908 2908 2908 1698 2908 2166 4077 4077
2861 4473 229 2861 2861 2861 4473 229 229 229 1706 3996 3996 229 229 229 229 229 229 229
2861 2861 229 2861 2861 2861 2861 2861 229 2861 2861 1706 3996 229 229 229 2861 2861 2861 2861
1989 314 92 1989 314 92 1989 314 92 1989 314 239 239 314 92 1989 92 1989 314 4551
4365 4551 4365 4551 92 4365 4599 863 4599 863 4599 863 4599 863 863 863 2908 3625 3625 3625
3996 3996 2166 2166 2166 2166 3302 863 3302 863 239 4551 4551 863 863 92 4365 4551 92 4365
2908 3625 239 4365 314 4551 4551 4365 92 1989 1698 2908 2908 3625 2908 3625 2908 3625 4551 4365
2908 2908 1698 1698 1698 2166 4077 4077 2166 4599 4599 4599 4599 4599 4599 4599 863 4599 3302 4599
3996 3996 2908 3625 3996 3625 2908 3625 4473 4473 229 229 229 229 229 229 229 229 239 229
3996 3996 2908 3625 3996 3996 4365 239 4365 4551 92 4551 4365 4551 92 4551 92 4365 2908 2908
229 2861 229 4473 4473 229 229 1706 1706 2908 3625 4473 4473 229 229 229 229 4473 4473 229
2861 2861 2861 2861 2861 2861 2861 2861 2861 229 229 2861 3996 229 229 2861 229 3996 239 239
3996 1706 1706 229 229 4473 4473 229 229 2861 229 4473 4473 229 229 4473 4473 2861 229 2861
2166 4599 4599 3302 4599 4599 3302 4077 4077 239 4077 4599 4599 4599 2908 2908 229 4473 229 229
4077 2908 4077 2908 2908 4077 239 239 2166 2166 2166 4077 4077 239 4077 2166 2166 4599 4599 3302
1989 92 1989 314 92 1989 314 92 1989 314 92 1989 239 314 92 314 1989 92 1989 239
92 4365 239 4551 4365 4551 4551 4365 2908 3625 1698 3625 1698 3625 1698 3625 2166 2166 4473 4473
2166 1706 2166 2166 4365 4365 4599 863 4599 863 4551 4551 4365 92 92 4551 92 314 863 863
2861 2861 2861 2861 229 2861 1706 3996 3996 229 229 2861 2861 229 229 2861 2908 3996 239 239
2908 2908 2908 2908 2166 2166 2908 1698 1698 2166 2166 4599 4599 4599 4599 4599 4599 3302 4599 4599
3453 3453 239 239 239 314 4551 314 314 4551 92 92 314 314 92 314 314 92 314 314
1698 2166 2166 4599 3302 4077 4077 3302 4599 4599 4599 4599 4599 4599 4599 4599 4599 2908 1698 2908
2908 1698 1698 2166 2166 4599 4599 4599 3302 4599 4599 4599 4599 239 3302 1989 4599 92 1989 4599
4473 239 239 2908 3625 2908 3625 2908 3625 2908 3625 4473 863 229 3996 2908 3625 2908 3625 2908
3996 3996 1706 1706 229 229 4473 4473 229 229 229 229 4473 4473 229 229 2166 2166 2908 3625
4365 4551 92 4365 2908 3625 1698 3625 1698 3625 2166 2166 2166 2166 4599 863 3302 863 3302 863
314 314 4551 1989 3996 3996 3996 3996 3996 3996 3996 2908 239 239 92 4077 4551 4365 4551 92
3625 2908 3625 4473 4473 229 229 1698 3625 2908 3625 2908 3625 2908 3625 2908 3625 2908 3625 2908
2166 314 4551 92 314 314 4551 92 314 314 4551 314 2908 239 2908 2908 2908 2908 2908 1698
4551 92 4365 4599 863 4599 863 3302 863 1698 2908 3302 863 2908 3625 2908 3625 2908 3625 2908
229 2861 2861 2861 2861 2861 2861 3996 239 239 4473 239 2166 2908 2908 2908 4077 4077 229 229
2908 2908 2908 2908 2908 2166 2166 2908 1698 1698 2166 2166 4599 4599 4599 4599 4599 4599 3302 4599
4551 4551 4365 4551 239 4551 92 239 2908 3625 1698 3625 1698 3625 2166 2166 2166 2166 4599 863
2861 2861 2861 2861 2861 229 2861 2861 1706 2861 2861 229 229 229 229 229 229 229 229 239
3996 3996 3996 3996 3996 3996 229 229 229 229 229 229 229 229 229 229 229 229 229 229
2908 2908 2908 2908 239 2908 2908 2908 2166 239 239 314 92 1989 314 4551 92 92 1989 314
4551 4365 4551 4551 4365 239 4365 4551 4551 4365 4599 863 4551 4365 4551 92 4365 4599 863 4599
92 314 4551 314 314 4551 92 92 314 314 92 314 314 92 314 314 92 314 314 92
3996 239 3996 2908 3996 3996 3996 3996 2908 2908 2908 239 239 314 4551 314 2908 314 4551 92
2166 2166 2166 4077 4077 4077 239 2166 2166 4599 863 4599 863 863 863 4599 863 4599 863 863
229 2861 2861 2861 2861 229 229 229 229 229 229 229 229 3996 3996 3996 239 239 239 239
2908 2908 2908 2908 3625 2908 3625 239 92 314 92 1989 314 4551 92 92 314 314 92 314
1698 2908 2908 2166 2166 2908 2908 1698 2166 2166 4599 4599 4599 4599 4599 4599 4599 4599 4599 4599
4365 4599 863 4599 863 4551 4551 4365 4551 92 4551 92 314 4599 863 239 4365 4551 4551 314
92 1989 314 314 92 1989 92 314 92 1989 314 4551 92 92 1989 1989 92 1989 314 92
2861 229 2861 2861 2861 2861 229 229 229 229 4077 4077 2166 239 239 314 4551 1989 314 4551
3996 3996 1706 3996 229 4473 2861 2861 4473 229 4473 229 229 4473 229 229 229 229 229 229
3996 3996 229 2861 229 229 2861 2861 229 229 229 229 229 229 2861 229 2861 2861 4077 4077
1698 3625 2166 2166 4473 4473 2166 2166 4599 863 4599 863 863 863 4599 863 4599 863 4599 863
4551 4551 4365 4551 92 4365 314 3302 863 239 4365 4599 863 4551 4551 4365 4551 4365 4551 4551
239 4365 4551 4551 4365 4551 4365 4551 92 4365 4599 863 4599 863 4599 863 239 4365 4599 863
3625 314 92 314 239 4365 4551 4551 4365 2166 2166 2908 3625 2908 3625 2908 3625 239 3996 2908
4599 2908 1698 2908 2908 2908 2908 4599 2908 2908 2908 2908 2908 2908 2908 2908 2908 2908 4473 2166
3625 2908 3625 2908 3625 4473 4473 229 229 2908 2908 2908 3625 2908 3625 2908 3625 4473 4599 4473
229 2861 2861 1706 229 229 229 229 229 229 229 229 229 229 239 92 239 239 1698 2908
2166 2166 2166 2166 4599 863 4599 863 4365 4599 863 92 4551 863 863 92 4365 4551 92 4365
1989 314 92 1989 314 92 314 314 314 314 314 92 92 1989 1989 314 92 92 92 1989
2166 4599 863 4599 863 4365 4599 863 4551 4551 4599 863 92 4365 4551 92 4365 4365 4365 4365
92 4365 4551 92 4365 4365 4365 4551 4551 4365 2861 229 2861 229 2861 2861 2861 229 229 229
4599 4599 4599 4599 4599 2908 2908 2908 2908 2908 2908 2908 2908 2166 2166 2908 1698 1698 2166 2166
4599 4599 4599 3302 4599 3302 4599 4599 2908 2908 2908 2908 2908 2908 2908 2908 2908 2908 1698 2908
2908 2908 2908 3625 2908 3625 2166 2166 4473 863 239 3996 2908 3625 2908 3625 2908 3625 2908 3625
2908 1698 1698 1698 2166 4077 4077 2166 4599 4599 4599 4599 4599 863 4599 4599 4599 4599 3302 4599
2908 3625 4077 4077 2908 3625 4077 4077 2166 2166 239 239 239 3996 2166 2166 2166 2166 2166 2166
4599 4599 4599 4599 4599 4599 4599 4599 4599 4077 4077 3302 2908 2908 2908 2908 2908 2908 2908 2908
2908 2908 2908 3625 2908 3625 2908 3625 2166 2166 2908 3625 2908 3625 2908 3625 2908 3625 2908 3625
4599 863 4599 863 3302 863 239 4599 863 4551 4551 4551 4365 4551 92 4365 4365 4599 863 239
2861 229 239 239 2166 2166 239 239 314 92 314 314 4551 92 92 314 314 92 314 314
4599 4599 4365 4599 863 4551 4551 3302 863 92 4365 4551 92 4365 4365 239 4365 4551 4551 4365
2861 3996 239 239 4473 92 239 3996 3996 3996 3996 229 229 229 229 229 229 229 229 229
239 2908 2908 2908 2908 2908 1698 2908 2166 2166 4599 3302 4599 4599 4599 4599 4599 4599 4599 2908
229 2861 229 2861 2861 2861 2861 4077 4077 239 239 314 4551 1989 314 4551 92 92 314 1989
92 314 314 92 314 314 92 314 314 92 314 314 314 314 314 92 314 314 92 314
4599 4599 4599 3302 2908 2908 2908 4599 2908 2908 4599 2908 2908 2908 2908 2908 1698 2908 2908 2908
239 314 92 1989 314 4551 92 92 314 1989 92 314 314 4551 92 314 314 4551 92 1989
2908 1698 3625 1698 3625 1698 3625 2166 2166 2166 2166 4599 863 4599 863 4599 863 3302 863 3302
229 229 229 239 239 314 4551 314 314 4551 92 92 314 314 92 314 314 92 314 314
4599 4599 4599 3302 4599 3302 3302 3302 4599 4599 2908 2908 2908 2908 2908 2908 4599 2908 2908 2908
863 4599 863 4599 863 4599 863 3302 863 2166 2166 3302 863 4599 863 4599 863 2908 3625 3302
229 239 229 229 229 229 3996 2908 2908 2908 2908 1698 1698 2166 2166 4599 4599 3302 4599 4599
239 3996 4077 4077 4077 4551 4365 4551 92 4365 239 4365 4551 4551 4365 4551 92 4551 4551 92
314 314 92 314 314 92 314 314 92 314 2908 2908 1698 1698 2166 2166 4599 4599 4599 4599
4599 4599 4599 4599 4599 2908 863 2908 2908 2908 2908 4599 2908 2908 2908 2908 2908 2166 1698 2908
2861 2861 2861 2861 2861 4473 229 229 2861 4473 2861 2861 2861 229 4473 4473 2861 229 2861 229
2166 2166 239 4599 4599 3302 4599 4599 4599 4599 4599 4599 4599 4599 2908 3302 314 92 1989 4599
2861 229 2861 229 229 229 229 229 229 229 2861 2861 2861 2861 2861 2861 2861 229 239 239
4551 4365 4551 92 4365 4365 239 4365 4551 4551 4551 92 4551 4365 4365 4551 92 4365 3996 3625
4365 4599 863 4551 4365 4551 92 4365 4599 863 4599 863 4599 863 4599 863 4599 863 2908 3625
92 92 92 1989 1989 92 1989 314 92 1989 314 92 314 314 92 1989 314 92 92 314
4599 863 92 4551 92 4365 3302 863 239 4365 4551 4551 4365 4551 92 4551 92 314 4599 863
4551 92 4365 2908 3625 2908 3625 2166 2166 2908 3625 2166 2166 2908 3625 1698 3625 1698 3625 2166
4551 4551 4365 4551 4365 4551 92 4365 4365 4365 4551 4551 4551 4365 239 229 3996 3625 2908 3625
314 4551 1989 239 2908 2908 2908 2908 2908 1698 2908 4599 4599 4599 4599 4599 4599 4599 4599 4599
229 229 229 229 229 2861 229 239 239 239 239 2166 2908 2908 3625 2908 2908 2908 229 229
3996 1706 229 4473 229 229 4473 2861 4473 2861 2861 4473 2861 2861 2861 2861 2861 2861 2861 229
92 4365 4599 863 4599 863 4599 863 2908 3625 2908 3625 2908 2908 2908 3625 2908 3625 3302 1698
1698 1698 1698 2166 2166 4599 4599 4599 3302 4599 4599 4599 4599 863 4599 4599 4599 3302 2908 2908
4599 4599 4599 3302 4599 4599 2908 2908 2908 2908 2908 2908 2908 2908 2908 2908 1698 2908 2908 2908
2861 2861 2861 2861 2861 2861 2861 2861 2861 2861 229 229 2861 3996 229 229 2861 229 3996 239
863 4599 863 4599 863 4599 863 4599 863 4599 863 3302 863 2908 3625 2908 3625 2908 3625 2908
3996 3996 3625 3996 3996 3996 3996 229 229 229 229 229 229 229 229 229 229 229 229 229
229 2861 229 229 229 2861 229 2861 229 229 229 229 229 229 229 229 229 2861 2861 2861
4551 4365 4551 92 4365 4365 4365 4365 4551 4551 4551 4551 4365 4551 4365 4551 92 4365 3996 3996
4473 2861 2861 2861 2861 4473 4473 2861 229 2861 229 2861 229 2861 229 2861 2861 2861 2861 2861
92 1989 314 239 92 1989 239 314 92 314 314 92 92 92 314 314 92 314 314 92
4473 2861 2861 2861 2861 4473 2861 2861 2861 2861 2861 2861 2861 229 2861 1706 3996 3996 229 229
314 239 92 1989 92 314 92 314 314 4551 92 92 314 314 92 314 314 4551 92 314
229 239 239 239 239 3996 3996 2908 3625 2908 3625 4077 4077 2166 2166 2908 3625 239 3996 4077
2166 2166 4599 4599 3302 4599 4599 4599 3302 4599 3996 4077 4077 4599 4599 4599 2908 3302 2908 2908
1706 3996 3996 229 229 229 229 229 229 229 2908 2908 239 239 239 239 2908 2908 2908 229
4599 4599 4599 3302 3302 4599 4599 2908 2908 2908 2908 2908 2908 2908 2908 2166 2166 2908 1698 1698
2908 1698 1698 2166 2166 4599 4599 3302 4599 4599 3302 4599 4599 4599 4599 4599 4599 2908 2908 2908
4551 92 4365 4365 4551 4551 4365 4365 4551 2908 3625 1698 3625 1698 3625 1698 3625 2166 2166 4077
1989 92 1989 314 92 1989 314 92 1989 314 92 1989 314 239 92 314 92 1989 92 1989
2908 2908 1698 2908 2908 2166 2166 2908 1698 1698 2166 2166 4599 4599 4599 3302 4599 4599 4599 4599
92 239 3996 3996 1706 229 229 2861 229 229 229 229 229 2861 2861 2861 2861 2861 2861 2861
2908 2908 2908 3302 863 2908 3625 2908 3625 2908 3625 2908 3625 2908 3625 2908 2908 2908 2908 2908
4551 1989 239 239 3996 3996 3996 3996 239 239 229 229 229 229 239 229 229 229 229 3996
314 92 92 92 314 314 92 314 314 92 314 314 92 92 314 314 92 92 314 314
1698 1698 2166 2166 4599 4599 3302 3302 4599 4599 4599 4599 4599 2908 2908 2908 2908 2908 2908 2908
3996 2908 3625 3996 3625 4077 4077 2166 2166 3996 3625 239 239 4077 4551 4365 4551 239 4365 4365
2908 1698 3625 2166 2166 4077 4077 4473 863 2166 2166 4599 863 4599 863 4599 863 4599 863 4599
863 4599 863 4599 863 4599 863 1698 3625 2908 2908 2908 3625 2166 2166 229 229 4473 4473 229
2861 2861 2861 2861 2861 1706 239 239 314 92 314 314 4551 92 92 314 314 92 314 314
2908 4077 4077 239 92 314 92 314 314 4551 92 92 314 314 92 314 314 92 314 314
92 314 314 4551 92 314 2908 1698 1698 2908 2166 2166 4599 4599 4599 4599 4599 4077 4077 863
4551 4365 4551 4365 4551 239 239 3996 3625 2908 3625 2908 2908 2166 2166 2166 2166 4599 863 4599
2908 2166 2166 3625 3625 2908 3625 2908 3625 4473 863 239 618 2908 3625 2908 3625 2908 3625 2908
4365 4551 92 239 2908 3625 3996 3625 1698 3625 2166 2166 2166 2166 4599 863 4599 863 4599 863
4599 4599 4599 3302 4599 239 4077 4077 3302 4599 4599 2908 3302 2908 2908 2908 2908 2908 4599 2908
239 239 229 92 239 3996 3996 4077 4077 2166 229 229 229 229 229 229 2861 2861 229 229
92 1989 314 92 1989 314 314 92 314 1989 4551 1989 239 314 2908 2908 2908 314 239 239
4599 4599 4599 4599 4599 4599 4599 4599 4599 4077 4077 2166 2908 2908 2908 2908 2908 2908 3302 2908
314 92 314 314 92 92 314 314 4551 92 314 2908 2908 2908 2908 239 2908 2908 2908 1698
314 92 1989 314 92 92 92 1989 1989 92 1989 314 92 92 1989 314 92 92 1989 314
2861 2861 2861 229 2861 229 2861 229 229 229 229 229 2861 2861 2861 2861 2861 2861 2861 2861
4365 2908 239 2908 2908 2908 1698 1698 2908 2166 2166 4599 4599 863 4599 4599 4599 4599 4077 4077
1698 2908 2908 314 4551 92 4365 2908 1698 2908 2908 2908 2908 2908 1698 2908 2166 2166 4077 4077
4365 4599 863 239 4365 4551 4551 4365 4599 863 4599 863 92 92 4551 92 4365 4599 863 4599
239 314 92 1989 314 92 92 92 1989 1989 92 1989 314 92 1989 314 92 1989 314 92
4077 4077 3996 2908 2908 3625 2908 2908 4077 4077 4077 4077 239 239 239 3996 2166 2166 2166 2166
92 1989 1989 4551 1989 239 2908 2908 2908 2908 2908 2908 2908 2166 2166 4599 4599 4599 4599 4599
2908 2908 2908 239 239 314 4551 314 239 2908 314 4551 92 92 314 314 92 314 2908 2908
1706 2861 229 229 229 239 229 229 229 229 2908 2908 2908 2908 2908 1698 1698 2166 2166 3302
92 1989 314 314 92 92 92 314 314 92 314 314 92 314 314 92 314 314 92 314
2908 229 229 229 229 239 2908 1698 1698 2166 2166 4599 4599 4599 4599 4599 4599 4599 4599 4599
4599 863 239 4551 4551 863 863 4551 4365 4551 92 4365 314 4599 863 239 4551 4551 4365 4365
4473 2166 4599 4599 3302 4599 2166 4599 4599 3302 4599 4599 4599 4599 4599 2908 2908 2908 2908 2908
239 2908 2908 2908 2908 2166 4473 1698 2908 2908 2908 4473 2908 2908 2908 2908 3996 2908 2908 4599
2166 239 92 4599 863 92 4551 3302 863 4551 4365 4551 92 4551 92 4551 92 4365 3302 863
4599 4599 4599 3302 3302 4599 3302 4599 1698 2908 2908 2908 2908 2908 2908 2908 2908 2908 2908 2908
229 229 229 4077 4077 239 239 314 92 1989 314 3996 4551 92 92 314 314 92 1989 314
229 229 229 239 2908 1698 1698 2166 2166 4599 4599 4599 4599 4599 4599 4599 4599 4599 2908 2908
314 239 239 314 92 1989 314 92 92 92 1989 1989 92 1989 314 92 1989 314 92 1989
314 239 92 314 2908 2908 314 92 314 2908 314 92 92 314 314 4551 92 314 2908 1698
92 314 314 92 314 3996 2908 314 92 314 314 92 314 314 92 314 2908 2908 2908 2908
2861 2861 2861 2861 2861 229 2861 2861 2861 2861 2861 3996 239 239 4473 92 2908 2908 2908 3996
4077 2908 2908 4077 2908 4077 2166 239 239 2166 2166 2166 4077 4077 239 4077 2166 4599 4599 4599
1989 314 92 92 1989 314 314 92 314 92 1989 92 314 314 92 92 92 314 314 92
4551 1989 239 3996 4077 4551 4365 4551 92 4365 239 4365 4551 4551 1989 4551 4365 4551 92 4365
2166 2908 2166 2908 1698 1698 2166 2166 4599 4599 863 4599 4599 4599 4599 4599 4599 4599 4599 4599
314 92 314 314 92 314 2908 2908 314 2908 2908 2908 2908 92 314 2908 2908 314 92 314
4599 4599 4599 3302 4599 4599 3302 4599 4599 2908 2908 2908 2908 2908 2908 2908 2908 1698 2908 2908
1698 1698 2166 2166 4599 3302 4077 4077 3302 4599 4599 4599 4599 4599 4599 4599 4599 4599 2908 1698
4077 239 239 314 92 1989 314 4551 92 92 1989 1989 92 1989 314 92 1989 314 2166 2166
1989 314 239 314 314 92 1989 92 1989 314 92 92 92 1989 1989 92 314 314 92 1989
1706 4551 4551 4551 4365 4551 4365 4551 92 4365 4365 4365 4551 4551 4365 863 863 4551 92 4551
2166 2166 4599 4599 3302 4599 4599 4599 4599 4599 4599 2908 2908 2166 229 4473 229 229 4473 229
314 92 314 314 92 314 314 92 314 314 92 92 314 314 92 92 314 314 92 314
239 4551 92 4365 239 239 4365 4551 4551 4551 4551 4365 4551 92 4551 92 92 3996 2908 3996
2908 2908 3625 2908 3625 2908 3625 2908 3625 2908 3625 1698 3625 2908 3625 2908 3625 2908 3625 2908
4551 92 4365 863 863 239 4365 4551 4551 314 4551 4365 4551 92 4365 4599 863 4599 863 4599
4599 4599 1698 2908 2908 2908 2908 2166 2908 2166 2908 1698 1698 2166 2166 4599 4599 3302 4599 4599
863 4599 863 4599 863 3996 3996 1706 1706 229 229 4473 4473 229 229 229 229 4473 4473 229
4551 92 239 239 4365 4551 4551 4365 2908 3625 1698 3625 1698 3625 1698 3625 2166 2166 2166 2166
4599 4599 4599 4599 3302 3302 3996 1706 229 4473 229 229 4473 229 4473 229 229 4473 229 229
2908 2908 4473 2166 2908 2908 2908 2908 4473 229 2908 2908 2908 2908 239 4473 4473 2908 2908 2908
1706 3996 3996 3996 229 229 229 229 2861 229 229 2861 229 229 229 229 2861 2861 229 2861
2861 2861 2861 2861 2861 2861 2861 2861 2861 4077 4077 239 239 314 4551 314 314 4551 92 92
2861 2861 2861 2861 4077 4077 239 239 314 4551 314 314 4551 92 92 314 314 92 314 314
4599 4599 2908 2908 3302 3302 2908 2908 2908 3625 2908 3625 2908 3625 2908 3625 2908 3625 2908 3625
239 2908 4077 2908 2166 2166 3302 4599 4599 4599 4599 4599 4599 4077 4077 3302 239 4077 4599 2908
229 3996 3996 2908 3996 229 229 229 229 239 2908 1698 1698 2166 2166 4599 4599 4599 4599 4599
314 314 92 314 314 92 314 314 314 92 314 239 314 92 1989 314 92 92 92 1989
314 4551 92 314 314 4551 1989 239 2908 2908 1698 2166 2166 4599 4599 4599 4599 4599 4599 4599
314 92 314 2908 2908 314 2908 3625 2908 2908 92 314 2908 3625 314 92 314 239 314 4551
92 314 314 92 314 314 92 314 314 92 314 314 314 2908 314 92 92 314 314 4551
4551 314 3996 3996 3996 3996 3996 3996 3996 3996 239 239 92 4365 4551 92 4365 4365 239 4365
4473 4473 229 229 2861 229 4473 4473 229 229 1706 1706 2908 3625 4473 4473 229 229 229 229
3996 3996 229 229 229 229 2861 229 229 2861 229 229 229 229 2861 2861 229 2861 4077 4077
314 92 314 314 92 92 92 314 314 92 314 314 92 314 314 92 314 314 92 92
4599 4599 4599 2166 4599 4599 3302 4599 4599 4599 4599 4599 2908 2908 2908 2908 2908 2908 2908 2908
4599 863 3302 863 4599 863 3302 863 4599 863 2908 2908 2166 1706 3625 3625 229 229 4473 863
314 314 92 314 314 92 92 314 314 4551 92 314 314 92 314 2908 2908 2908 2908 314
314 92 314 314 92 314 314 92 314 314 239 92 314 92 314 92 1989 314 92 92
239 314 92 1989 314 92 92 92 1989 314 92 314 314 92 1989 314 92 314 314 92
92 92 239 4365 4551 4551 4365 314 92 314 314 4551 314 2908 3625 2908 2908 2908 2908 2908
314 4551 92 1989 314 4551 2908 2908 2908 3625 2908 3625 2908 3625 92 314 239 314 4551 92
4365 4551 4551 4365 314 4551 92 314 4077 4077 4551 92 4551 92 92 92 314 4551 4551 314
229 229 229 229 229 2861 229 2861 229 229 229 3996 3625 239 92 239 239 2908 2908 2908
2908 2908 2908 2908 2166 4473 1698 2908 2908 2908 4473 2908 2908 2908 2908 3996 2908 2908 4599 2908
2166 2166 4599 4599 3302 4599 4599 4599 4599 4599 4599 4599 4599 4599 2908 2908 2908 2908 2908 2908
4599 4599 3996 3996 1706 229 1706 4473 3996 3996 229 229 4473 229 4473 229 229 4473 229 229
4599 863 4599 863 4599 863 3996 2908 2908 3625 2908 3625 92 239 314 4551 4551 4551 4365 4551
4599 2908 3302 2908 2908 2908 2908 4599 2908 2908 2908 2908 2908 2166 2908 2908 2908 2908 2908 2908
92 4551 4365 229 229 229 229 229 229 229 229 229 229 229 229 229 229 229 229 229
229 2908 2908 2908 3625 2908 3625 2908 3625 4473 4599 4473 4599 4473 4599 2908 2908 2908 3625 2908
314 92 92 314 314 314 314 314 92 314 92 314 314 92 92 92 314 314 92 314
314 92 314 314 4551 92 92 314 314 92 314 314 92 314 314 92 92 314 314 4551
229 2861 229 1706 1706 3996 3625 229 229 229 229 229 229 229 229 229 229 229 229 229
4599 4599 4599 4599 4599 3302 4599 3302 4599 4599 3302 4599 2908 2908 2908 2908 2908 2908 2908 2908
1989 314 92 1989 314 92 1989 314 92 314 314 4551 1989 314 2908 314 92 314 4551 92
239 239 92 314 92 1989 314 4551 92 92 1989 1989 92 1989 314 92 1989 314 92 314
229 229 239 239 314 4551 314 314 4551 92 92 314 314 92 314 314 92 314 314 92
4599 863 4599 863 4599 863 3302 863 4599 863 4599 863 4599 863 4599 863 3302 863 2908 3625
4077 239 239 239 239 2166 2166 2166 2166 2166 2166 4077 4077 4077 239 2166 2166 4599 863 4599
229 229 2861 229 4473 4473 229 229 1706 1706 2908 3625 4473 4473 229 229 229 229 4473 4473
2908 3625 4473 4473 239 239 229 229 2908 3625 2908 3625 2908 3625 2908 3625 4473 863 4473 863
229 229 239 239 3996 3996 2908 3625 2908 3625 2908 3625 229 229 229 229 229 229 229 229
239 4365 4551 4551 4551 4365 4551 4365 4551 92 4365 2908 2908 2908 3625 2166 2166 2908 3625 2166
92 1989 314 4551 92 92 1989 1989 92 1989 314 92 1989 314 92 1989 314 92 1989 239
4599 863 4599 863 4599 863 3996 3996 2166 1706 229 229 4473 4473 229 229 229 229 4473 4473
4599 1698 2908 2908 2908 2908 2166 2908 2166 2908 1698 1698 2166 2166 4599 4599 3302 4599 4599 4599
3996 3996 3996 3996 3625 3996 3996 92 239 314 1698 2908 4551 4551 4551 4365 4551 4365 4551 92
4473 1706 3996 229 229 4473 229 4473 2861 2861 4473 229 229 229 229 229 229 229 2861 2861
2861 2861 4473 3996 1706 229 4473 229 229 4473 2861 229 229 229 2861 2861 2861 2861 2861 2861
92 314 314 2908 314 4551 92 92 314 314 92 314 2908 2908 314 92 314 314 92 92
229 2908 3625 3996 3625 239 239 239 92 2908 3625 1698 2908 3625 3625 4077 4077 4077 92 4365
4551 4365 4551 92 4365 3302 863 4599 863 4599 863 239 4365 4599 863 4551 4551 4365 4551 4365
4599 4599 4599 4599 2908 2908 2908 2908 2908 2908 2908 2908 2908 2908 2166 2908 2908 2908 2908 4077
229 239 239 239 239 3996 3996 2908 3625 2908 3625 4077 4077 2166 2166 2908 3625 239 3996 4077
4599 4599 4599 4599 4599 4599 4599 4599 4599 1698 2908 2166 229 4473 229 229 4473 229 4473 229
4599 4599 4599 4473 4599 4599 4599 2908 2908 2908 2908 2908 2908 2908 2908 2908 2908 1698 2908 2908
4599 4599 3996 3996 1706 229 4473 2861 2861 4473 229 4473 229 229 4473 229 229 229 229 1706
92 314 314 239 314 314 92 314 92 314 314 92 92 92 314 314 92 314 314 92
314 92 314 314 92 314 314 92 314 314 92 92 314 314 92 92 314 239 314 239
2166 2908 1698 1698 2166 2166 4599 4599 4599 3302 4599 4599 4599 4599 4599 4599 4599 4599 2908 2908
1989 3996 3996 2908 3625 2908 3625 2908 3625 2166 2166 92 4365 4551 92 4365 239 4365 4551 4551
229 229 229 229 229 229 229 229 229 2908 3625 239 239 239 92 2908 3625 2908 3625 2908
92 92 314 314 92 314 314 92 314 314 92 314 314 92 314 314 239 92 314 239
314 92 1989 239 314 314 239 92 1989 4599 314 92 1989 2908 2908 314 2908 92 2908 1989
314 314 314 239 92 314 239 314 92 314 314 4551 92 92 314 314 92 314 314 92
4599 4599 3302 4599 3302 1698 4599 2908 2908 2908 2908 2908 4599 2908 2908 2908 239 2908 2908 2908
4473 2861 229 229 229 2861 4473 229 229 2861 229 229 229 229 229 2861 229 1706 1706 3625
92 314 314 92 314 314 92 314 314 92 314 1698 2908 2908 2908 2908 2908 1698 1698 2166
4551 4551 4365 4551 4365 4551 92 4365 4599 863 4599 863 4599 863 2908 3625 2908 3625 2908 2908
4077 4077 4077 239 4077 2166 2166 4599 863 4599 863 4599 863 4599 863 4599 863 4599 863 4599
2861 2861 229 229 229 229 229 229 229 229 229 2861 2861 2861 2861 2861 2861 2861 2861 239
863 4599 863 4599 863 4599 863 4599 863 2908 2908 2166 1706 229 229 4473 4473 229 229 229
314 314 239 92 314 2908 2908 314 92 314 2908 314 92 92 314 314 4551 92 314 2908
4599 229 229 229 229 3302 4599 4599 4599 3302 4599 4599 4599 4599 4599 2908 2908 2908 2908 2908
2861 2861 2861 2861 2861 2861 2861 2861 229 229 2861 3996 229 229 2861 229 3996 239 239 239
2861 2861 2861 2861 2861 2861 2861 229 229 2861 3996 229 229 2861 229 3996 239 239 239 239
2908 4473 2908 2908 2908 2908 1698 2908 2908 2908 4077 4473 1698 2908 2908 2908 4473 2908 2908 2908
229 2861 4473 229 229 2861 229 2861 229 229 229 2861 229 1706 1706 3625 3625 229 229 229
2908 2908 3302 863 2908 3625 3625 3625 2908 3625 4599 863 2908 3625 2908 3625 2908 3625 2908 3625
2861 229 2861 2861 2861 229 2861 229 2861 229 2861 229 2861 229 2861 2861 2861 2861 2861 2861
2908 2908 1698 2908 2908 2166 2908 2908 2166 2908 2908 2908 2908 4599 4599 3302 4599 3302 4599 4599
3625 2908 3625 4473 4473 3996 3625 2908 3625 2908 3625 2908 3625 4473 863 4473 863 1698 2908 2908
4365 4551 92 4551 92 239 239 92 4551 4551 314 314 92 314 314 4551 314 2908 2908 2908
1698 1698 2166 2166 4599 4599 3302 3302 4599 4599 4599 4599 4599 2908 2908 2908 2908 2908 2166 2908
4551 92 314 314 4551 4551 1989 3996 3625 2908 2908 2908 3625 2908 3625 239 3996 92 4365 4551
2908 2908 3625 2908 3625 2908 3625 2908 3625 2166 2166 2908 3625 2908 3625 2908 3625 2908 3625 2908
2908 3625 2908 3625 2166 2166 2908 3625 2908 3625 2908 3625 2908 3625 3625 3625 2908 3625 1698 3625
2861 2861 2861 2861 229 2861 2861 2861 2861 2861 3996 239 239 239 92 2908 2908 2908 2908 3996
2908 2908 2908 2908 2908 1698 1698 2166 2166 2166 4599 4599 4599 4599 4599 4599 4599 4599 4599 2908
1698 3625 2166 2166 4473 4473 2166 2166 4599 863 4599 863 863 863 4599 863 4599 863 4599 863
3625 92 4365 239 4365 4551 4551 4365 314 4551 92 1989 4077 4077 4551 92 4551 92 314 239
1698 2908 2908 314 4551 92 4365 2908 1698 2908 2908 2908 2908 2908 1698 2908 2166 2166 4077 4077
3996 239 229 4551 239 4551 92 4365 92 239 4365 4551 4551 4551 4551 4365 4551 4365 4551 92
4365 2861 229 229 229 229 229 229 229 229 229 229 229 229 229 229 229 229 229 229
229 229 229 239 229 229 229 229 3996 2908 2908 2908 2908 1698 1698 2166 2166 4599 4599 3302
2861 2861 2861 2861 2861 1706 3996 3996 229 229 2861 2861 229 229 2861 2908 3996 239 239 239
2908 3625 3625 3625 2908 3625 3302 863 2908 3625 2908 3625 2908 3625 2908 3625 2908 2908 2908 3625
314 3996 2861 229 229 229 239 3996 229 229 229 229 229 229 229 229 239 3996 3996 3996
2166 4599 4599 4599 3302 4077 4077 4599 4599 4599 3302 4599 4599 4599 4599 2908 2908 2908 4599 2908
239 2908 3625 1698 3625 1698 3625 2166 2166 2166 2166 4599 863 4599 863 239 4551 4551 863 863
239 239 2166 2166 2166 2166 2166 2166 4077 4077 4077 239 2166 2166 4599 863 863 863 4599 863
4599 4599 4599 4599 4599 4599 4599 4077 4077 3302 2908 2908 2908 2908 2908 2908 2908 2908 4599 2908
2861 2861 2861 229 229 2861 229 2861 2861 2861 2861 229 229 229 2861 4077 4077 239 1706 239
314 314 3996 92 2908 314 2908 314 2908 92 314 314 92 314 2908 1698 1698 2908 2166 2166
4599 4599 4599 2908 1698 2908 2908 4473 2908 2908 2908 2908 2908 2908 2908 2908 2908 2908 4599 2908
4599 863 4599 863 4599 863 1698 3625 2908 2908 2908 3625 2166 2166 229 229 4473 4473 229 229
92 4365 2908 3625 1698 3625 1698 3625 2166 2166 2166 2166 4599 863 4599 863 4365 4599 863 4551
92 314 92 314 314 92 92 92 314 314 92 314 314 92 92 314 314 92 92 314
2166 4077 4077 2166 4599 4599 4599 4599 4599 863 4599 4599 4599 4599 863 4599 4599 2908 2908 2908
4551 4365 3302 863 4551 92 4365 4599 863 4599 863 4599 863 4599 863 4599 863 4599 863 4599
2908 2908 239 2908 2908 2908 239 239 314 92 1989 314 92 92 92 1989 1989 92 1989 314
229 229 229 229 229 229 229 229 229 229 229 229 229 229 229 3996 3625 239 239 239
863 4599 863 1698 2908 3302 863 2908 3625 2908 3625 2908 3625 2908 3625 3302 1698 4365 1698 2908
2861 2861 2861 2861 2861 2861 2861 2861 229 229 229 229 229 229 229 229 229 229 229 229
1989 92 1989 314 92 1989 314 92 1989 314 92 1989 314 239 92 314 92 1989 92 1989
92 1989 2166 314 4551 92 314 2908 2908 2908 2908 4077 4077 2908 2908 1698 1698 2166 2166 3302
4551 4365 4551 92 239 2908 3625 3996 3625 1698 3625 2166 2166 2166 2166 4599 863 4599 863 239
2861 2861 2861 229 2861 2861 2861 2861 2861 2861 2861 2861 2861 229 4077 4077 239 239 4365 92
1706 4551 4551 4551 4365 4551 4365 4551 92 4365 4365 4365 4551 4551 4365 863 863 4551 92 4551
2908 314 2908 3625 3996 2908 92 314 2908 3625 314 92 314 239 4365 4551 4551 4365 2166 2166
92 1989 239 314 239 239 92 1989 4599 314 92 1989 2908 2908 314 2908 92 2908 1989 2908
1698 2166 2166 4599 4599 3302 3302 4599 4599 4599 4599 4599 2908 2908 2908 2908 2908 2166 2908 2166
2908 2908 2908 2908 2908 2908 2908 2908 2908 2908 2908 2908 1698 2908 2908 2908 4599 2908 2908 2908
2861 2861 2861 2861 2861 2861 229 2861 2861 2861 2861 2861 2861 2861 2861 4077 4077 239 239 314
4599 2908 2908 3302 3302 2908 2908 2908 3625 2908 3625 2908 3625 2908 3625 2908 3625 2908 3625 2908
239 239 2166 2166 2166 4077 4077 239 4077 2166 4599 4599 4599 4599 4599 4599 4599 4599 4599 2908
4365 4551 92 4365 863 863 4599 863 4599 863 4599 863 4599 863 4599 863 2908 3625 4599 863
2166 2166 4599 3302 4599 3302 4599 4599 4599 4599 4599 2908 2908 2908 2908 2908 2166 2908 2908 2908
863 4599 863 3996 3996 2166 1706 3625 3625 229 229 4473 4473 229 229 229 229 4473 4473 229
92 1989 314 92 1989 314 92 1989 314 92 314 314 4551 1989 314 2908 314 92 314 4551
2908 3625 4473 4473 239 239 2908 3625 2908 3625 2908 3625 2908 3625 4473 863 4473 3996 2908 2908
863 1698 3625 3302 863 2908 3625 3625 3625 2908 3625 2908 3625 2908 3625 2908 3625 3302 863 239
239 314 92 314 314 92 92 92 314 314 92 314 314 92 314 314 92 314 314 92
1989 314 92 1989 314 92 1989 314 314 314 314 92 1989 92 1989 314 92 92 92 1989
2861 2861 1706 229 229 229 229 229 229 229 229 229 229 239 92 239 239 1698 2908 2908
314 239 92 314 92 314 314 4551 92 92 314 314 92 314 314 92 314 314 92 314
2861 229 2861 229 229 229 2861 229 229 229 229 229 229 229 229 229 229 229 229 229
1698 92 2908 4077 2908 2166 2166 2166 2166 4599 4599 4599 4599 4077 4077 239 4077 4599 3302 4599
4599 4599 4599 4599 4599 2908 2908 2908 2908 2908 2166 2908 2166 2908 1698 1698 2166 2166 4599 3302
2908 2908 2908 2908 2908 1698 2908 3302 4599 4599 4599 4599 4599 4599 4599 4599 2908 2908 2908 2908
314 314 92 314 314 92 314 314 92 92 314 314 92 92 314 314 92 314 314 314
3302 2908 2908 2908 2908 2908 4473 2908 2908 2908 2908 2166 2908 2908 2908 2908 4599 1698 2908 2908
1698 2908 2166 2166 4599 3302 3302 3302 4599 4599 4599 4599 4599 2908 3625 2908 2908 2908 2908 2908
229 2166 2166 229 229 229 229 2908 3625 2908 3625 239 239 3302 2908 2908 3625 1698 2908 3625
4551 4599 863 92 4551 92 4365 3302 863 239 4365 4551 4551 4365 4551 92 4551 92 92 3302
2908 2908 2908 4077 239 2908 1698 1698 2166 2166 4599 4599 4599 4599 4599 4599 4599 4599 4599 2908
2166 2166 4599 4599 3302 4599 4599 4599 4599 4599 4599 4599 4599 4599 4077 4077 2166 2908 2908 2908
2861 2861 2861 2861 2861 2861 229 2861 2861 2861 2861 2861 2861 2861 2861 4077 4077 239 239 314
2908 2908 1698 2908 2908 2166 2908 2908 2166 2908 2908 2908 2908 4599 4599 3302 4599 3302 4599 4599
4473 3996 2908 2908 2908 2166 4473 3996 2908 2908 2908 229 229 229 229 229 2908 2908 2908 2908
3996 3996 3996 3996 239 229 4473 4473 4473 4473 314 92 1989 92 314 4473 4473 4077 4077 229
2908 3625 2908 3625 4473 4473 2908 2908 2908 3625 2908 3625 2908 3625 4599 863 314 3996 1698 2908
4365 4551 92 4551 92 239 3302 863 239 92 4551 4551 4365 4551 92 4551 92 4365 4599 863
2908 2908 1698 2908 2908 2908 4473 2908 2908 2908 2908 4599 314 1698 2908 2908 2908 239 4473 4473
2861 2861 229 229 2861 229 229 2861 2861 229 229 239 239 239 314 4551 1989 314 4551 92
2861 2861 2861 2861 2861 2861 2861 2861 2861 2861 2861 2861 2861 2861 2861 2861 4077 4077 239 239
2861 2861 229 2861 2861 2861 2861 2861 3996 239 239 239 239 2908 2908 2908 2908 2908 229 229
229 229 229 229 229 4077 4551 4365 4551 92 4365 4365 4551 4551 4365 4365 4551 4551 92 4551
4599 4599 4599 3302 3302 2908 2908 239 3625 2908 2908 2908 2908 2908 1698 2908 2908 2908 2166 2908
2908 3625 2908 3625 2908 3625 4473 4473 2908 3625 2908 3625 2908 3625 2908 3625 4473 863 4473 863
2908 239 92 314 4551 314 314 4551 92 92 314 314 92 314 314 2908 92 314 2908 2908
229 229 3996 239 239 239 239 239 3996 3996 2166 229 229 229 229 229 229 229 229 2861
3996 3996 239 4077 4077 229 229 229 229 229 229 229 229 229 229 229 229 229 229 2861
3996 3996 1706 1706 229 229 4473 4473 229 229 229 229 4473 4473 229 229 4473 4473 2861 229
239 2908 239 2908 1698 1698 2166 2166 4599 4599 3302 4599 4599 4599 4599 4599 4599 2908 2908 2908
2908 3625 1698 3625 2908 3625 2908 3625 2166 2166 2166 2166 2908 3625 1698 3625 1698 3625 2166 2166
3625 2908 3625 2908 3625 4473 4473 1698 3625 2908 3625 2908 3625 2908 3625 4473 863 239 618 229
1989 314 239 239 92 1989 314 92 314 314 92 1989 314 92 314 314 4551 1989 314 2908
314 239 239 314 92 1989 314 92 92 92 314 314 92 1989 314 92 1989 314 92 1989
3996 239 92 314 4551 314 314 4551 92 92 314 314 92 314 314 92 314 314 92 92
3996 3996 3996 3996 3996 229 229 229 229 229 229 229 229 229 229 229 229 229 229 229
4599 863 4599 863 4599 863 4599 863 1698 3625 2908 2908 2908 3625 2166 2166 229 229 4473 4473
4599 863 4551 4551 4365 4551 92 4551 92 314 4599 863 239 314 4551 4551 314 4551 4365 4551
4599 4599 4599 4599 4599 4599 2908 863 2908 2908 2908 2908 4599 2908 2908 2908 2908 2908 2166 1698
2166 239 239 314 4551 314 314 4551 92 92 314 1989 92 314 314 4551 92 314 314 4551
2166 2166 4599 4599 4599 4599 4599 4599 4599 4077 4077 3302 239 4077 4599 2908 2908 2908 229 4473
92 1989 314 4551 92 92 1989 1989 92 1989 314 92 1989 314 92 1989 314 92 1989 239
239 2908 2908 2908 2908 2908 1698 2908 2166 2166 4599 4599 4599 4599 4599 4599 4599 4599 4599 2908
4599 863 4599 863 3302 863 4599 863 4599 863 4599 863 4599 863 4599 863 4599 863 4599 863
2908 2908 2908 2908 239 239 314 92 314 314 4551 92 92 314 314 92 314 314 92 314
2166 2166 4599 863 3302 863 239 4551 4551 863 863 92 4365 4551 92 4365 4365 4599 863 239
239 92 1989 314 92 1989 314 92 1989 314 92 314 314 4551 1989 314 2908 4077 92 314
4473 4473 4473 4473 314 92 1989 92 314 4473 4473 4077 4077 314 229 239 239 2908 2908 2908
2908 2908 2908 2908 1698 2908 2908 2908 4077 4077 239 239 314 92 314 314 4551 92 92 314
229 229 229 229 229 229 229 239 3996 2908 2908 2908 4077 239 2908 1698 1698 2166 2166 3302
2908 2908 2908 4473 2908 2908 2908 2908 239 2908 2908 4599 2908 2908 4473 2908 2908 2908 2908 4473
314 4551 92 314 314 4551 1989 239 239 229 229 2861 229 2908 2908 2908 2908 229 229 229
2861 2861 239 3996 229 229 229 229 229 229 229 229 239 3996 2908 2908 3996 4077 239 3996
239 3996 314 4551 92 314 314 4551 314 3996 229 229 229 229 239 3996 229 229 229 229
314 92 314 314 314 92 314 314 314 92 314 92 314 92 1989 314 92 92 92 1989
2166 4077 4077 4599 3302 4599 3302 4599 4599 4599 4599 4599 4599 4599 4599 4599 2908 2908 2908 2908
1698 2908 1698 2908 3302 2908 2908 2908 239 2908 2908 2908 2908 1698 2908 2908 2908 2908 239 314
4599 863 4599 863 4599 863 4599 863 4599 863 4599 863 4599 863 4599 863 4599 863 2908 3625
314 92 314 314 239 92 314 92 314 92 1989 314 92 92 92 1989 1989 92 1989 314
4599 4599 4599 4473 3302 2908 2908 2908 2908 2908 2908 2908 2908 2908 2908 2908 2908 2908 2908 1698
92 4365 92 3302 863 239 4551 4551 4365 4365 4551 4551 92 4551 92 92 239 92 4551 4551
2908 2908 2908 2908 2908 2908 2908 2166 2908 2166 2166 2908 1698 1698 2166 2166 4599 4599 3302 4599
314 314 314 314 239 239 314 92 1989 314 92 92 92 314 314 92 314 314 92 1989
3996 1706 229 4473 229 229 1706 4473 229 4473 229 2861 4473 2861 2861 2861 2861 2861 2861 229
3996 1706 229 229 229 2861 2861 229 229 229 2861 2861 229 229 229 229 229 229 4077 4077
92 314 314 314 92 314 92 314 92 1989 314 92 92 92 1989 314 92 314 314 92
4473 2861 2861 2861 2861 4473 4473 2861 229 4473 4473 2861 229 2861 2861 2861 4473 2861 229 2861
2908 3625 4599 863 2908 3625 2908 3625 2908 3625 2908 2908 2908 3625 4599 863 2908 3625 2908 3625
4551 92 239 239 4365 4551 4551 4365 2908 3625 1698 3625 1698 3625 1698 3625 2166 2166 2166 2166
314 314 92 314 314 92 314 314 92 314 314 92 314 314 92 314 314 314 314 314
3625 2908 3625 2908 3625 1698 2908 2908 3625 2908 3625 2908 3625 4599 863 2908 2908 2908 3625 2908
3996 3996 3996 1706 1706 229 229 4473 4473 229 229 229 229 4473 4473 229 229 2166 2166 2908
4077 239 4077 2166 2166 4599 863 4599 863 4599 863 4599 863 4599 863 863 863 4599 863 4599
314 314 92 314 92 314 92 314 314 92 92 92 314 314 92 314 314 92 314 314
92 4551 92 92 239 314 4551 4551 4365 314 92 314 314 4551 314 2908 2908 2908 2908 2908
92 314 314 92 314 314 92 314 314 92 92 314 314 92 92 314 314 314 314 314
3996 1706 229 1706 4473 3996 3996 229 229 4473 229 4473 2861 229 4473 229 229 229 229 2861
2908 92 314 314 92 314 2908 1698 1698 2908 2166 2166 4599 4599 4599 4599 4077 4077 4599 4599
2861 2861 2861 2861 2861 229 229 2861 3996 229 229 2861 229 2908 239 239 239 239 1698 2908
4551 4365 92 1989 239 3996 3996 3625 2908 3625 2908 3625 4551 4365 4551 92 4365 239 4365 4551
229 2861 3996 3996 239 239 239 92 3996 3996 3996 229 229 229 229 229 229 229 229 229
4599 2908 2908 2908 2908 2908 2908 2908 2908 2908 2908 1698 2908 2908 2908 4077 4077 2908 2908 314
239 2908 2908 2908 2908 2908 1698 1698 2166 2166 2166 4599 4599 4599 4599 4599 4599 4599 4599 4599
2908 2908 4077 4077 2908 1698 1698 1698 2166 2166 4599 4599 4599 4599 4599 4599 4599 4599 3302 3302
863 4599 863 4599 863 4599 863 4599 863 2908 3625 2908 3625 2908 3625 2166 2166 229 229 4473
2908 3625 3996 3625 239 239 4365 4551 4551 4551 4365 4551 4365 4551 92 4365 2908 2908 2908 3625
4599 3302 4599 2908 1698 2908 2908 2908 2908 3302 2908 2908 2908 2908 2908 2908 2908 2908 2908 239
863 4599 863 4599 863 4599 863 4599 863 4599 863 4599 863 4599 863 4599 863 4599 863 2908
4551 92 92 1989 1989 92 1989 314 92 1989 314 92 314 314 92 1989 314 314 92 314
239 4365 4551 92 4551 4365 4551 239 4551 92 4365 4599 863 4599 863 863 863 2908 2908 239
1698 1698 1698 2166 2166 2166 4599 4599 3302 4599 4599 4599 4599 4599 4599 4599 4599 4599 4077 4077
314 314 92 314 92 314 92 314 314 92 92 92 314 314 92 314 314 92 1989 314
2166 2908 2908 2166 2908 2908 2908 2908 3302 4599 4599 4599 4599 4599 4599 2166 4599 2908 4599 4599
4077 2908 239 2908 2166 2166 2166 2166 4599 4599 3302 4599 4077 4077 239 4077 4599 4599 4599 4599
229 229 229 2861 229 229 229 1706 1706 3996 3625 229 229 229 229 229 229 229 229 229
2908 2908 3625 2908 3625 2908 3625 2908 3625 2908 3625 2908 3625 4599 863 2908 3625 4473 863 239
314 239 314 4551 92 92 1989 1989 92 1989 2908 2908 2908 314 92 1989 2908 2908 314 92
2908 1698 1698 2166 2166 4599 4599 4599 3302 4599 4599 4599 4599 4599 2908 2908 2908 2908 2908 2908
92 314 314 92 92 314 314 314 92 92 314 314 92 1989 314 92 92 92 1989 314
314 314 92 314 314 239 92 314 92 314 92 314 314 92 92 92 314 314 92 1989
92 239 3996 3996 3625 3996 3996 3996 3996 229 229 229 229 229 229 229 229 229 229 229
2908 2908 2908 2908 1698 2908 2166 2166 4599 4599 3302 4599 4599 4599 4599 4599 4599 2908 2908 2908
4599 2908 2908 2908 2908 2908 2908 4473 2908 2908 2908 2908 1698 2908 2908 2908 4599 1698 2908 2908
3996 3996 3996 239 239 239 92 239 3996 3996 2166 229 229 229 229 229 229 229 229 229
863 4599 863 4599 863 4599 863 2908 3625 4599 863 2908 3625 2908 2908 2908 3625 2908 3625 2908
1706 229 4473 2861 2861 2861 229 4473 229 229 4473 229 229 1706 229 229 229 229 229 229
2908 2908 2908 239 2908 2908 2908 239 92 314 92 314 314 4551 92 92 314 314 92 314
92 92 4599 863 239 314 4551 4551 92 4599 863 92 92 4551 92 4365 4599 863 4599 863
4551 92 4551 92 239 2166 2166 2908 3625 2908 3625 2908 2908 2166 2166 2908 3625 1698 3625 1698
4599 4599 4599 4599 4599 4599 3302 2908 2908 2908 2908 2908 1698 2908 2908 2908 2166 2908 2908 2908
2861 2861 2861 229 229 229 229 2861 229 229 229 229 229 229 229 4077 4077 239 239 4365
2861 4473 229 2861 2861 2861 4473 229 229 229 1706 3996 3996 229 229 229 229 229 229 229
314 314 314 92 314 314 314 92 314 92 314 92 1989 314 92 92 92 1989 314 92
4077 239 1698 4077 2908 239 2908 2166 2166 2166 2166 4599 4599 3302 4599 4077 4077 239 4077 4599
1698 2908 2908 2908 2908 1698 2908 2908 2166 2908 2908 2166 2908 2908 2908 2908 3302 4599 3302 4599
863 4599 863 4599 863 3302 863 4599 863 4599 863 4599 863 4599 863 4599 863 1698 3625 2908
4077 4077 4077 239 2166 2166 4599 863 4599 863 863 863 4599 863 4599 863 4599 863 4599 863
2908 3625 4077 4077 239 239 239 239 2166 2166 2166 2166 2166 2166 4077 4077 4077 239 4077 2166
314 92 1989 314 4551 92 314 314 4551 92 314 314 92 92 1989 314 314 92 92 314
4077 2166 2166 4599 863 4599 863 4599 863 4599 863 4599 863 4599 863 4599 863 4599 863 4599
4599 4599 4077 4077 239 4077 3302 4599 4599 2908 2908 2166 2908 229 4473 229 229 4473 229 4473
3625 2908 3625 4365 239 4365 4551 4551 4551 4365 4551 239 4551 92 92 2166 2166 2908 2908 2908
92 4551 92 92 3302 863 4599 863 239 4365 4551 4551 4365 4551 4365 4551 92 4365 4599 863
1989 314 92 1989 314 92 1989 314 92 1989 314 239 239 314 92 1989 92 1989 314 4551
2908 4077 4077 239 239 314 92 1989 314 4551 92 92 314 314 92 314 314 92 1989 314
239 4365 4551 4551 4551 4365 4551 4365 4551 92 4365 2908 2908 2908 3625 2166 2166 2908 3625 2166
2908 2908 1698 1698 1698 2166 2166 4599 4599 3302 4599 4599 4599 4599 4077 4077 4599 4599 4599 4599
2908 2908 3625 3996 2908 2908 2908 2908 3625 2908 2908 2908 3625 239 92 314 92 314 314 4551
314 4551 92 92 1989 1989 92 1989 314 92 1989 314 92 1989 314 92 1989 239 314 92
4473 2861 2861 4473 4473 2861 2861 2861 229 2861 4473 229 229 2861 229 2861 229 2861 229 2861
2166 2166 4599 4599 4599 3302 4599 4599 4599 4599 4599 2908 2908 2908 2166 229 4473 229 229 2166
1698 1698 2166 2166 2166 239 4599 4599 3302 4599 4599 4599 4599 4599 4599 4599 4599 2908 3302 4365
4365 4551 92 4365 239 4365 4551 4551 4365 2908 3625 1698 3625 1698 3625 1698 3625 2166 2166 4077
2861 2861 2861 2861 229 229 229 229 229 229 2861 229 239 239 239 239 2166 2908 2908 2908
4365 2908 2908 2908 3625 2166 2166 2908 3625 2166 2166 2908 3625 1698 3625 1698 3625 2166 2166 2166
2908 3625 2908 3625 4473 4473 3996 3625 2908 3625 2908 3625 2908 3625 4473 863 4473 863 1698 2908
4077 4077 239 4077 2166 2166 4599 4599 863 4599 4599 4599 4599 4599 4599 2908 2908 2166 229 4473
314 92 314 314 92 314 314 92 314 314 92 314 314 92 314 2908 2908 2908 2908 2908
314 314 4551 92 92 314 314 92 314 314 92 92 314 314 314 314 92 92 314 314
2861 2861 2861 2861 2861 229 229 2861 229 229 229 229 239 92 239 92 3996 2908 2908 229
2908 4473 1698 2908 2908 2908 4473 2908 2908 2908 2908 314 4473 4473 239 1698 2908 2908 2908 4473
2908 3625 92 314 239 4365 4551 4551 4365 314 4551 92 1989 4077 4077 4551 92 4551 92 314
4599 4599 239 314 4551 4551 92 4599 863 92 92 4551 92 4365 4599 863 4599 863 4599 863
4599 4599 4599 4599 4599 4599 4599 4599 4599 2908 2908 2908 2908 2908 2908 2908 2908 2166 2166 2908
239 4599 863 4551 4551 4551 4365 4551 92 4365 314 4599 863 239 4365 4599 863 4551 4551 4365
314 314 92 92 92 314 314 92 314 314 92 314 314 92 314 314 92 314 314 239
2908 2908 2166 2166 2908 1698 1698 2166 2166 4599 4599 4599 4599 4599 4599 4599 4599 2908 3302 1989
4077 239 239 2166 2166 2166 4077 4077 239 4077 2166 4599 4599 863 4599 4599 4599 4599 4599 4599
92 4365 4365 4365 4365 4551 4551 4551 4551 4365 4551 4365 4551 92 4365 2908 3625 1698 2908 1698
863 4599 863 3302 863 2166 2166 3302 863 4599 863 4599 863 2908 3625 3302 863 2908 3625 2908
4551 92 92 314 314 92 314 314 92 314 314 92 314 314 92 92 314 314 314 314
2908 2908 4473 2166 1698 2908 2908 2908 4473 314 2908 2908 2908 2908 239 4473 4473 4473 2908 2908
2166 4077 4077 239 4077 2166 4599 4599 4599 4599 4599 4599 4599 4599 4599 2908 2908 2908 2166 229
4551 4551 4365 4551 3302 863 92 4551 92 4365 4599 863 239 4365 4551 4551 4365 4551 92 4551
314 4551 92 314 314 92 92 314 1698 2908 2908 2908 4077 4077 2908 1698 1698 1698 2166 4473
2908 2908 239 2908 2908 2908 2908 2166 4473 1698 2908 2908 2908 4599 2908 2908 2908 2908 3996 2908
314 1698 2908 2908 2908 2908 1698 1698 1698 2166 2166 4077 4077 4599 4599 4599 4599 4599 4599 4599
3996 1706 1706 229 229 4473 4473 229 229 2861 229 4473 4473 229 229 4473 4473 2861 229 2861
229 229 229 239 229 229 229 229 3996 2908 2908 2908 2908 1698 1698 2166 2166 4599 4599 3302
4599 863 3996 3996 1706 1706 229 229 4473 4473 229 229 229 229 4473 4473 229 229 4473 4473
2908 1698 2166 2166 4599 4599 3302 4599 4599 4599 4599 4599 4599 4599 4599 4599 2908 2908 2908 239
92 92 1989 1989 92 1989 314 92 1989 314 92 1989 314 92 1989 314 239 92 1989 239
4551 4365 4551 92 4365 239 4365 4551 4551 4365 4551 4551 4365 4551 92 92 4365 4365 4551 4551
92 314 4551 314 314 4551 92 92 314 314 92 314 314 92 314 314 92 314 314 92
92 4365 4077 4077 4551 239 4551 92 239 239 4365 4551 4551 4365 2908 3625 1698 3625 1698 3625
2908 2166 2166 2166 2166 4599 4599 4599 4599 4077 4077 239 4077 4599 4599 4599 4599 4599 1698 2908
863 4551 4365 3302 863 4551 92 4365 4599 863 4599 863 4599 863 4599 863 4599 863 4599 863
2861 2861 2861 229 2861 229 229 1706 229 239 239 239 239 1698 2908 2908 1706 229 229 229
1989 1989 4551 1989 239 2908 239 2908 1698 1698 2166 2166 4599 4599 4599 4599 4599 4599 4599 4599
2861 2861 2861 229 229 229 229 229 229 2861 229 239 239 239 239 2166 2908 2908 2908 3996
2908 2908 2908 2908 2908 2908 2908 2908 2908 2908 1698 2908 2908 2908 4077 4077 2908 2908 314 92
863 4599 4599 2908 2908 3302 863 2908 2908 2908 3625 2908 3625 2908 3625 2908 3625 2908 3625 2908
92 314 92 314 314 4551 92 92 314 314 92 314 314 92 314 314 314 92 314 314
