282 766 766 282 282 766 546 766 282 766 766 282 282 282 546 282 282 282 135 135
766 766 766 606 766 766 766 606 766 766 606 766 606 546 606 766 766 606 606 766
546 766 997 766 766 766 385 606 766 766 766 997 766 766 997 37 997 766 997 546
766 546 606 766 766 606 606 766 606 606 546 606 606 606 606 135 135 37 546 37
997 135 135 997 135 37 37 37 37 546 997 37 546 766 997 766 766 766 997 766
37 37 606 385 37 37 606 37 385 385 37 385 606 997 37 997 606 997 385 606
877 546 135 135 135 135 877 877 877 877 877 877 877 877 877 36 36 36 36 36
766 766 766 766 606 546 766 766 606 606 606 546 606 606 135 37 385 385 877 877
766 766 606 766 766 606 766 766 606 766 606 546 606 606 606 606 135 37 877 877
766 997 766 766 766 997 766 766 606 766 546 997 997 766 766 606 997 766 766 766
37 385 997 997 37 385 997 37 546 606 135 135 997 135 37 37 37 37 546 997
606 606 766 606 766 766 606 606 546 997 37 546 766 606 606 606 606 546 606 766
37 37 37 37 546 997 37 546 766 997 766 766 766 385 997 766 766 766 997 766
385 385 385 385 877 385 385 385 385 385 385 877 877 385 385 385 385 385 385 877
766 766 766 766 606 606 606 546 606 766 606 766 282 606 766 766 766 766 606 546
877 877 546 135 385 997 37 546 606 135 135 997 135 37 37 37 37 546 997 37
766 766 546 606 766 766 606 766 606 606 766 766 606 766 606 606 606 546 766 766
766 766 606 766 766 606 766 606 606 546 606 606 606 606 135 37 877 877 877 877
524 524 524 524 36 36 36 36 36 36 36 36 36 36 36 36 36 36 36 36
766 282 766 766 766 282 766 766 766 282 766 766 282 282 766 546 282 766 766 282
282 766 766 766 282 282 546 766 282 766 766 282 282 282 546 282 282 282 135 282
37 546 997 37 546 766 606 766 766 766 385 606 766 766 546 385 997 766 766 385
997 997 766 546 766 766 606 766 606 766 766 606 766 997 546 997 766 997 766 766
606 546 766 821 606 606 766 606 606 546 606 606 606 606 135 135 37 546 37 135
997 37 385 997 37 546 606 135 135 997 135 37 37 37 37 546 997 37 546 766
36 36 36 36 36 36 36 36 36 36 36 36 36 524 524 524 524 524 524 524
606 766 766 766 766 606 606 766 546 766 606 766 606 766 606 766 606 766 606 606
606 766 766 766 606 606 766 766 546 606 766 766 606 606 606 766 606 766 766 766
877 877 385 877 385 385 997 37 546 606 135 135 997 135 37 37 37 37 546 997
606 766 766 766 606 766 766 606 766 546 606 606 766 766 606 606 766 606 606 546
135 135 37 37 385 877 877 997 37 546 997 37 546 766 606 766 766 766 606 766
546 997 37 546 766 997 766 766 766 997 766 766 766 606 766 546 997 606 766 606
546 766 606 766 766 606 766 766 606 766 606 606 546 606 606 606 606 135 37 877
766 766 766 606 766 766 606 606 606 766 546 766 766 606 606 766 606 546 606 606
766 606 766 546 606 766 766 606 766 766 766 606 546 606 606 135 997 37 877 877
606 766 766 606 766 546 766 606 766 766 606 606 606 546 606 606 606 135 135 37
997 606 606 997 135 37 385 385 385 385 385 385 385 385 385 385 385 385 385 385
546 135 385 385 37 997 606 385 37 37 606 37 385 997 37 546 606 997 37 37
766 766 766 606 766 766 766 282 766 766 282 282 766 282 546 766 766 282 282 766
606 606 606 546 606 766 606 546 385 766 766 766 766 606 546 385 606 997 606 606
36 36 36 36 36 36 36 36 36 524 524 524 524 524 524 524 524 524 524 524
524 524 524 524 524 524 524 36 36 36 36 36 36 36 36 36 36 36 36 36
766 606 766 546 766 606 766 766 606 606 766 606 766 766 766 606 766 606 546 766
766 606 606 766 766 766 606 606 766 606 766 546 766 606 766 766 606 606 766 606
524 524 524 524 524 524 524 524 524 36 36 36 36 36 36 36 36 36 36 36
36 36 36 36 524 524 524 524 36 36 36 36 524 36 36 36 524 36 36 36
606 766 766 766 606 766 766 606 606 606 766 546 766 766 606 606 766 766 766 766
606 606 606 135 135 37 546 877 877 546 37 135 606 37 37 135 135 385 385 606
606 606 766 766 766 606 766 546 766 606 606 766 766 606 606 766 606 766 606 766
766 766 606 766 606 546 606 606 606 606 546 606 135 37 877 877 877 877 877 877
606 606 135 135 37 546 877 877 546 37 135 606 37 37 135 135 385 385 606 997
524 524 524 36 36 36 36 36 36 36 36 36 36 36 36 36 36 36 36 524
546 135 385 997 37 546 606 135 135 997 135 37 37 37 37 546 997 37 546 766
606 546 606 606 606 606 135 135 37 546 37 135 606 37 37 37 997 37 546 606
546 385 606 37 546 766 385 606 997 606 766 766 766 606 385 606 606 606 766 766
606 766 606 766 766 606 606 546 606 606 766 606 546 766 606 546 606 606 135 37
37 37 546 997 37 546 766 606 766 766 766 606 766 766 766 606 766 766 606 606
606 546 766 606 606 546 606 606 135 135 37 546 37 135 606 37 37 385 997 37
524 524 36 36 36 36 36 36 36 36 36 36 36 36 36 36 36 36 524 524
766 766 606 766 766 606 766 546 606 766 766 606 766 766 766 606 546 606 606 135
766 606 766 606 766 606 766 606 766 766 606 546 766 606 766 766 606 606 606 546
606 766 766 766 606 766 766 766 606 766 766 606 606 606 766 546 766 766 606 606
766 766 606 766 606 766 606 766 606 606 546 766 606 766 766 606 606 606 546 606
36 385 385 385 385 385 877 877 135 135 385 997 37 546 606 135 135 997 135 37
37 37 546 546 997 385 385 37 546 997 385 37 37 997 37 385 385 37 385 997
135 135 135 766 37 37 37 37 606 606 606 546 606 135 135 37 546 37 997 37
766 766 766 766 606 606 606 546 606 766 606 766 282 606 766 766 766 766 606 546
36 36 36 36 36 36 36 36 36 36 36 36 36 36 524 524 524 524 524 524
37 385 997 37 385 997 37 546 606 135 997 997 135 37 37 37 37 546 606 37
766 766 606 766 546 606 766 606 766 606 766 606 766 606 766 606 766 766 606 606
37 546 37 997 37 546 766 135 606 37 37 997 766 766 766 997 766 766 766 997
37 546 766 606 766 766 766 606 766 766 766 606 766 766 606 606 766 546 606 766
385 997 37 546 606 135 997 606 135 37 37 37 37 546 606 37 546 766 606 766
877 877 385 385 877 877 385 385 385 546 385 385 385 877 385 997 37 546 606 135
766 606 606 766 766 766 766 546 606 766 766 606 606 606 606 546 766 766 821 766
606 766 606 766 766 606 606 546 766 606 766 766 606 766 766 606 766 282 546 606
606 766 546 606 766 606 766 606 766 606 766 606 766 606 766 766 606 546 766 606
546 766 766 606 606 766 606 606 546 606 606 606 606 135 997 37 546 37 997 606
766 766 606 766 766 606 606 766 606 546 766 766 766 606 606 766 766 766 606 606
606 766 606 766 606 766 606 766 766 606 37 766 766 606 766 606 606 606 546 606
546 606 37 546 766 606 766 766 766 606 766 766 766 606 766 766 606 606 766 606
766 606 766 766 766 606 546 766 606 606 606 766 546 766 766 606 606 606 606 546
524 524 524 524 524 524 524 524 36 36 36 36 36 36 36 36 36 36 36 36
37 546 997 37 546 546 135 606 135 135 997 135 37 37 37 37 546 997 37 546
37 877 877 546 877 385 385 37 37 606 385 37 37 606 37 385 385 37 385 606
606 766 766 606 766 766 766 606 546 606 606 135 997 37 877 877 546 37 135 606
37 766 766 606 766 606 606 606 546 606 606 606 546 135 135 37 877 877 546 37
546 766 606 766 766 766 606 766 766 766 606 766 766 606 606 606 766 546 766 766
135 135 135 135 877 877 877 877 877 877 877 877 877 36 36 36 36 36 36 36
997 997 546 997 997 606 606 135 135 37 546 37 135 606 37 37 385 997 37 546
524 524 524 524 524 524 524 524 524 524 36 36 36 36 36 36 36 36 36 36
766 546 606 766 766 606 606 766 766 766 766 606 606 766 546 606 766 606 766 606
606 606 135 135 37 546 877 877 546 37 135 606 37 37 997 135 385 997 606 997
135 135 135 135 37 37 37 37 546 997 37 546 766 606 766 766 766 997 766 766
36 36 36 36 36 36 36 36 36 36 36 524 524 524 524 524 524 524 524 524
546 766 606 766 766 766 606 766 766 766 606 766 766 606 606 766 606 546 766 766
766 606 606 766 546 606 766 766 766 606 606 766 766 766 606 606 766 546 606 766
37 546 606 37 546 766 606 766 766 766 606 766 766 766 606 766 766 606 606 606
606 606 606 606 135 37 385 997 37 546 997 997 37 385 385 385 606 997 37 385
135 37 546 37 135 606 37 37 385 606 37 546 606 135 997 606 135 37 37 37
606 135 135 37 546 37 135 606 37 37 37 997 37 546 606 135 997 997 135 37
606 606 135 997 37 877 385 385 385 385 385 546 37 606 997 606 37 37 877 877
997 37 385 997 37 546 606 135 997 997 135 37 37 37 37 546 997 37 546 766
766 766 766 766 606 766 766 546 606 766 766 606 766 606 606 766 766 606 766 606
877 135 135 135 135 877 877 877 877 877 877 877 877 877 36 36 36 36 36 36
36 36 36 36 36 36 36 36 524 524 524 524 524 524 524 524 524 524 524 524
766 766 766 606 546 766 766 606 606 606 546 606 606 135 37 385 385 877 877 385
385 385 385 385 385 385 385 385 385 385 385 385 385 385 385 385 385 385 385 385
546 766 606 766 766 766 606 766 766 766 606 766 766 606 766 606 546 606 766 766
766 997 766 766 766 606 766 546 606 606 766 606 766 766 766 606 606 546 606 606
546 135 135 135 135 877 877 877 877 877 877 877 877 877 36 36 36 36 36 36
385 385 385 385 385 877 877 385 385 385 385 877 877 385 877 385 385 385 37 546
997 37 546 766 606 766 766 766 606 766 766 766 606 766 766 606 766 606 546 606
997 997 546 135 135 37 546 37 997 135 606 37 37 997 37 877 877 135 135 385
997 606 997 37 546 997 37 385 997 37 546 606 135 135 997 135 37 37 37 37
37 997 135 606 37 37 606 37 877 877 135 135 385 385 37 37 997 385 37 606
766 606 546 766 766 606 606 766 766 766 766 606 606 766 546 606 766 606 766 606
524 524 524 524 524 524 36 36 36 36 36 36 36 36 36 36 36 36 36 36
606 546 766 606 766 546 766 766 766 766 606 546 606 606 606 135 37 877 877 877
37 37 37 546 997 37 546 546 135 606 135 135 997 135 37 37 37 37 546 997
766 546 606 766 606 766 606 766 606 766 606 606 766 766 766 606 546 766 606 766
606 766 606 766 606 766 766 766 606 546 766 606 766 606 606 606 606 546 606 997
37 546 606 135 135 997 135 37 37 37 37 546 606 37 546 766 606 766 766 766
385 385 385 877 877 135 135 385 997 37 546 606 135 997 997 135 37 37 37 37
36 36 36 36 36 36 36 36 36 36 36 36 36 36 524 524 524 524 524 524
766 546 385 997 766 766 385 385 385 997 997 766 546 766 766 997 766 997 766 766
766 766 766 606 766 766 766 606 766 766 606 766 546 606 606 766 766 766 606 606
546 37 135 606 37 37 606 37 997 135 385 385 37 37 606 385 37 606 606 385
766 606 606 546 766 606 766 606 606 606 606 546 606 606 135 135 37 877 877 546
37 37 37 37 546 997 37 546 766 606 766 766 766 606 766 766 766 606 766 766
37 37 546 877 385 385 37 37 606 385 37 37 606 37 385 997 37 997 606 997
606 766 766 766 606 766 766 766 606 766 766 606 606 766 606 546 766 766 606 606
37 37 37 546 606 37 546 766 606 766 766 766 606 766 766 766 606 766 766 606
135 997 135 37 37 37 37 546 997 37 546 766 606 766 766 766 606 766 766 766
766 606 606 766 766 766 606 606 766 546 606 766 606 766 766 766 606 606 766 606
606 766 766 997 606 766 766 766 606 766 766 546 606 766 606 766 766 606 766 606
385 385 606 606 546 606 606 135 135 37 546 546 37 606 135 606 37 37 385 877
766 766 606 766 766 606 546 766 606 766 606 606 606 606 546 606 606 135 997 37
37 546 997 37 546 606 135 997 997 135 37 37 37 37 546 997 37 546 766 606
606 606 766 766 766 766 606 606 766 546 766 606 766 606 766 606 766 606 766 606
766 606 766 766 606 766 606 606 546 606 606 606 606 135 37 877 877 877 877 877
606 766 766 766 606 606 766 606 766 546 766 606 766 766 606 606 766 606 766 766
766 606 766 606 606 766 766 766 606 546 766 606 766 766 606 606 606 546 606 606
36 877 877 135 135 546 997 37 546 606 135 135 997 135 37 37 37 37 546 606
606 606 606 766 546 766 766 766 606 606 766 766 766 606 766 546 606 766 606 766
766 606 766 766 606 606 766 606 546 766 766 606 606 766 766 766 766 606 606 766
135 135 135 877 877 877 877 877 877 877 877 524 36 36 36 36 36 36 36 36
606 997 997 606 606 606 606 606 997 606 546 606 997 606 606 606 997 606 606 606
36 36 877 877 524 524 546 997 546 546 606 135 135 997 135 37 37 36 37 546
37 385 385 37 546 606 997 37 546 997 37 546 997 37 546 606 135 135 997 135
821 606 766 606 606 546 606 606 606 606 997 37 877 877 877 877 877 877 877 877
606 606 606 766 546 766 766 606 606 766 766 766 606 606 766 766 546 606 766 606
766 766 606 606 766 606 766 766 766 606 766 606 546 766 606 766 606 606 606 606
766 766 766 606 766 606 606 766 766 546 766 766 606 606 606 546 606 766 606 766
524 524 36 36 36 36 36 36 36 36 36 36 36 36 36 36 36 36 524 524
766 766 766 997 766 766 606 606 766 546 606 766 766 606 606 766 997 606 546 606
37 37 997 37 385 385 37 997 606 997 37 37 997 37 385 997 37 546 606 135
135 606 37 37 37 997 37 546 606 135 997 997 135 37 37 37 37 546 606 37
606 766 546 766 766 606 606 766 766 606 606 546 606 606 606 606 766 766 766 766
766 606 766 606 606 546 606 606 135 37 997 37 385 385 37 546 997 997 37 997
36 36 36 36 36 36 36 36 36 36 524 524 524 524 524 524 524 524 524 524
766 766 766 606 606 766 766 766 546 766 606 606 766 606 546 606 766 766 766 606
37 385 385 385 385 385 385 385 385 385 385 385 385 385 385 385 385 877 385 385
37 37 37 546 997 37 546 766 606 766 766 766 606 606 766 766 766 546 766 606
135 135 135 135 37 37 37 37 546 997 37 546 766 997 766 766 766 385 997 766
606 546 606 606 606 606 135 135 37 546 37 135 606 37 37 385 997 37 546 606
877 546 135 385 997 37 546 606 135 135 997 135 37 37 37 37 546 997 37 546
606 135 997 37 546 37 135 606 37 37 385 606 37 546 606 135 997 997 135 37
135 37 546 37 135 606 37 37 385 997 37 546 606 135 135 997 135 37 37 37
877 546 135 135 135 135 877 877 877 877 877 877 877 877 877 36 36 36 36 36
37 37 37 37 546 997 37 546 766 606 766 766 766 606 766 766 766 606 766 766
37 385 997 37 546 606 135 997 997 135 37 37 37 37 546 606 37 546 766 606
135 37 37 37 37 546 997 37 546 766 606 766 766 766 606 766 766 766 606 766
606 766 766 766 606 766 766 766 606 766 766 606 606 766 546 606 766 766 606 606
37 546 766 606 766 766 766 606 766 766 766 606 766 766 606 606 606 766 546 766
766 766 766 606 766 766 606 606 766 546 606 766 766 766 606 606 766 766 766 606
524 524 524 524 524 524 524 524 524 524 36 36 36 36 36 36 36 36 36 36
766 766 606 766 606 766 766 606 546 606 606 606 606 135 37 877 877 877 877 877
37 37 606 385 37 37 606 37 385 385 37 385 606 997 37 997 606 997 385 606
37 385 997 385 37 37 606 37 385 385 37 37 606 997 37 385 997 37 385 997
135 606 37 37 385 606 37 546 606 135 997 606 135 37 37 37 37 546 606 37
766 606 766 766 766 606 766 766 606 606 766 546 606 766 766 606 606 766 766 766
524 524 524 524 524 524 524 36 36 36 36 36 36 36 36 36 36 36 36 36
766 766 606 766 606 546 766 606 766 766 606 766 766 606 766 606 546 606 606 606
766 766 766 997 766 766 135 606 37 37 997 997 766 546 997 766 766 997 997 766
606 766 766 606 606 766 606 606 546 606 606 606 606 135 997 37 546 37 135 606
385 385 385 385 997 37 385 385 385 385 606 997 385 385 37 385 385 997 37 546
877 546 37 135 606 37 37 546 135 385 385 37 37 606 997 606 37 606 606 385
37 997 37 385 385 997 997 997 997 997 37 546 997 37 385 997 37 546 606 135
385 385 385 385 385 385 877 385 385 877 877 877 385 385 877 877 36 36 36 36
606 135 135 37 546 37 135 606 37 37 37 997 37 546 606 135 997 997 135 37
546 766 606 606 766 606 546 606 766 766 766 606 606 546 606 606 606 606 135 135
606 546 606 606 606 606 135 135 37 546 37 135 606 37 37 385 997 37 546 606
606 546 766 606 766 766 606 766 766 606 766 282 546 606 282 282 282 606 37 877
766 766 606 766 766 766 606 766 766 606 606 606 766 546 766 766 606 606 766 606
36 36 36 36 524 524 524 524 36 36 524 36 524 36 36 36 36 524 36 36
877 877 546 135 385 997 37 546 606 135 135 997 135 37 37 37 37 546 997 37
37 546 877 385 385 37 385 606 385 37 37 606 37 385 997 37 997 606 997 606
606 606 766 766 766 606 606 766 546 606 766 606 766 606 766 606 766 606 766 606
997 546 546 385 385 997 37 385 385 37 37 606 385 37 37 606 385 385 385 37
606 135 135 37 546 37 135 606 37 37 37 997 37 546 606 135 135 997 135 37
766 766 282 282 282 546 282 282 282 135 135 37 606 877 877 546 37 135 282 606
606 546 606 606 606 606 546 606 997 37 877 877 877 877 877 877 877 877 606 606
877 877 546 37 606 135 606 37 37 546 606 997 546 135 385 385 37 37 606 385
606 766 766 766 606 766 766 766 606 766 766 606 606 766 606 546 766 766 606 606
997 135 37 37 37 37 546 997 37 546 766 606 766 766 766 606 766 766 766 606
37 135 606 37 37 385 997 37 546 606 135 997 997 135 37 37 37 37 546 606
766 606 606 766 546 606 766 606 766 766 606 766 606 821 606 766 766 606 606 546
524 524 524 36 36 36 36 36 36 36 36 36 36 36 36 36 36 36 36 524
606 606 766 766 766 766 606 606 766 546 766 606 766 606 766 606 766 606 766 606
766 766 606 766 546 606 606 766 766 606 606 766 766 766 606 606 766 546 766 606
766 606 766 766 606 997 546 766 606 766 766 606 766 766 766 997 766 385 997 546
37 877 385 997 37 385 385 385 385 385 385 997 37 997 606 997 37 385 606 997
997 135 37 37 37 37 546 997 37 546 766 606 766 766 766 606 766 766 766 606
606 546 606 606 606 606 135 135 37 546 37 135 606 37 37 385 606 37 546 606
997 135 135 37 546 37 997 37 546 766 135 606 37 37 606 766 766 766 606 766
606 766 766 766 766 606 606 766 546 766 606 766 606 606 766 606 766 606 766 766
766 766 766 606 766 766 766 606 766 766 606 606 606 766 546 766 766 606 606 766
997 546 997 135 135 37 546 37 997 37 546 766 135 606 37 37 997 766 766 766
606 606 766 766 766 606 606 766 766 546 606 766 606 766 766 606 606 766 606 766
606 766 546 766 766 606 606 766 606 606 37 606 606 606 606 135 997 37 546 37
766 766 282 282 766 766 766 282 282 766 766 546 282 766 282 766 766 282 282 766
766 606 546 606 606 606 766 606 546 766 606 766 546 766 766 766 766 606 546 606
766 606 606 766 766 546 606 766 606 766 766 606 766 606 766 606 766 766 766 606
877 546 37 606 135 606 606 37 37 37 546 997 37 546 546 135 606 135 135 997
37 37 37 37 546 997 37 546 766 606 766 766 766 606 766 766 766 606 766 766
37 546 606 135 135 997 135 37 37 37 37 546 606 37 546 766 606 766 766 766
36 36 36 36 36 36 524 524 524 524 524 524 524 524 524 524 524 524 524 524
606 37 997 877 385 385 37 37 606 385 37 37 606 385 385 997 37 606 606 997
546 766 997 766 766 766 997 766 766 766 997 766 766 606 766 546 997 997 766 766
36 36 36 36 36 36 36 36 36 36 524 524 524 524 524 524 524 524 524 524
821 766 766 606 821 766 766 606 766 766 606 606 821 606 546 821 766 606 606 821
606 766 606 766 766 606 766 766 606 546 766 606 766 766 606 766 766 606 766 606
606 606 37 606 606 606 606 135 997 37 546 37 135 606 37 37 385 606 37 546
766 606 766 766 606 606 606 766 546 766 766 606 606 766 766 766 606 766 766 546
997 135 37 37 37 37 546 997 37 546 766 606 766 766 766 606 766 766 766 606
766 766 606 766 766 997 37 606 766 606 546 546 606 766 766 606 766 606 606 606
546 766 997 766 766 766 385 606 766 766 546 385 606 766 766 385 385 385 997 606
524 524 524 877 524 877 524 877 877 877 524 36 36 36 36 36 36 36 36 36
524 524 524 524 524 524 524 36 36 36 36 36 36 36 36 36 36 36 36 36
37 37 546 997 37 546 766 606 766 766 766 606 766 766 766 606 766 766 606 606
606 135 135 997 135 37 37 37 37 546 997 37 546 766 606 766 766 766 606 766
606 606 606 546 606 606 997 135 997 37 546 37 606 135 606 37 37 606 37 877
37 877 877 546 37 606 135 606 606 37 37 37 546 135 997 385 385 37 546 997
766 766 606 546 766 385 385 606 606 546 606 606 135 135 37 877 546 37 606 135
606 766 606 766 766 766 606 606 546 766 766 606 766 766 606 766 766 606 766 606
997 37 385 997 997 37 385 997 37 546 606 135 135 997 135 37 37 37 37 546
606 766 606 766 766 766 606 606 546 766 606 766 606 606 606 606 546 606 606 135
766 766 606 606 766 766 766 766 606 606 766 546 606 766 606 766 606 766 606 766
997 135 37 37 37 37 546 997 37 546 766 606 766 766 766 606 766 766 766 606
606 766 546 606 766 766 606 606 766 606 606 546 606 606 606 606 135 997 37 546
606 546 606 606 606 135 997 37 997 877 877 546 37 135 606 37 37 997 135 385
36 36 36 36 36 36 36 36 36 36 36 524 524 524 524 524 524 524 524 524
766 385 606 766 766 766 606 766 766 606 766 546 606 606 766 766 606 606 766 606
766 606 766 606 766 606 766 606 766 766 606 37 766 766 606 766 606 606 606 546
766 606 546 546 606 766 766 606 766 606 606 606 606 135 135 997 135 766 37 37
821 606 606 606 766 546 766 766 606 606 766 821 766 606 606 821 546 606 821 606
766 546 766 766 606 606 766 766 766 766 282 766 546 606 766 606 766 606 766 606
36 36 36 36 36 36 36 36 36 36 524 524 524 524 524 524 524 524 524 524
37 546 997 37 546 766 606 766 766 766 606 766 766 766 606 766 766 606 606 606
997 135 135 997 135 546 37 37 37 37 606 606 606 546 606 135 135 37 546 37
385 37 385 606 997 37 385 997 37 385 997 37 546 606 135 997 997 135 37 37
766 766 606 766 766 766 997 766 385 997 546 606 606 606 606 135 37 385 385 385
766 606 766 546 766 606 606 766 766 606 766 606 766 606 766 606 606 546 606 606
524 524 36 36 36 36 36 36 36 36 36 36 36 36 36 36 36 36 524 524
997 385 606 37 546 606 135 606 606 997 37 37 37 37 546 606 37 546 766 606
877 546 37 997 606 37 37 606 37 546 135 385 997 606 997 606 997 606 606 606
36 36 36 36 36 36 36 36 524 524 524 524 524 524 524 524 524 524 524 524
37 997 135 997 37 37 385 877 385 385 385 385 877 877 385 385 385 385 546 135
766 606 766 606 766 606 766 766 606 546 766 606 766 766 606 606 606 546 606 606
606 766 606 766 606 766 606 766 606 766 766 606 606 546 766 606 766 606 606 606
766 766 766 606 546 766 766 606 766 606 766 766 606 766 877 606 606 546 606 606
766 766 606 606 606 766 546 766 766 606 606 766 766 766 766 606 766 546 606 766
997 135 37 37 37 37 546 606 37 546 766 606 766 766 766 606 766 766 766 606
37 546 606 135 135 997 135 37 37 37 37 546 606 37 546 766 606 766 766 766
766 546 385 997 766 766 385 385 385 997 997 766 546 766 766 997 766 997 766 766
37 37 37 546 997 37 546 766 606 766 766 766 606 766 766 766 606 766 766 606
606 606 766 766 606 606 766 606 606 546 606 606 606 606 135 135 37 546 37 135
524 524 524 524 524 524 524 36 36 36 36 36 36 36 36 36 36 36 36 36
606 766 606 546 606 766 766 606 606 766 766 766 606 606 766 766 546 606 766 606
37 37 37 546 997 37 546 766 606 766 766 766 606 766 766 766 606 766 766 606
766 766 766 606 766 766 766 606 766 766 606 606 766 606 546 766 766 606 606 766
766 606 766 766 606 606 606 766 546 766 766 606 606 766 766 766 606 606 766 606
524 524 524 524 524 36 36 36 36 36 36 36 36 36 36 36 36 36 36 36
37 997 37 385 385 385 385 385 385 385 37 385 385 385 385 385 385 385 385 385
766 546 606 606 766 766 606 606 766 766 766 766 606 606 766 546 766 606 766 606
135 606 37 37 385 997 37 546 606 135 135 997 135 37 37 37 37 546 997 37
606 766 606 606 606 546 606 766 606 546 385 766 766 766 766 606 546 385 606 997
524 524 36 36 36 36 36 36 36 36 36 36 36 36 36 36 36 36 524 524
37 385 997 37 37 606 997 37 385 997 37 385 997 37 546 606 135 997 997 135
37 546 997 135 135 997 135 37 37 37 37 546 997 37 546 821 606 821 766 821
37 546 766 606 766 766 766 877 877 606 766 766 766 606 766 766 606 606 766 546
546 606 606 135 135 37 877 877 877 546 37 606 135 606 37 37 135 135 385 997
766 606 546 766 606 766 546 766 606 766 766 606 606 606 546 606 606 606 135 135
766 606 766 606 766 606 766 606 766 606 766 766 606 546 766 606 766 766 766 606
135 606 37 37 385 997 37 546 606 135 135 997 135 37 37 37 37 546 997 37
37 877 877 546 877 385 385 37 37 606 385 37 37 606 37 385 385 37 385 606
997 37 385 385 37 385 606 997 37 37 997 37 385 997 37 546 606 135 997 997
606 766 766 606 766 606 766 766 606 606 766 546 766 766 606 766 606 766 766 606
36 36 36 36 524 524 524 524 524 36 36 36 524 36 36 524 524 36 36 36
37 997 37 546 877 385 997 606 546 606 135 997 997 606 606 606 135 997 606 606
606 766 766 606 606 766 606 546 766 766 766 606 606 766 766 766 606 606 766 546
606 135 135 997 135 37 37 37 37 546 997 37 546 766 606 766 766 766 606 766
766 606 766 606 606 606 606 546 606 606 135 135 37 877 877 546 37 135 606 37
37 37 37 546 997 37 546 766 606 766 766 766 606 766 766 766 606 766 766 606
135 606 37 37 546 997 37 546 606 135 135 997 135 37 37 37 37 546 997 37
606 766 766 766 606 606 766 606 766 766 606 997 546 766 606 766 766 606 766 766
821 606 606 766 766 606 766 606 766 606 766 606 606 546 606 606 606 606 546 766
36 36 36 36 36 524 524 524 524 524 524 524 524 524 36 524 524 524 524 524
766 766 766 606 766 766 766 606 766 766 606 606 766 546 606 766 766 606 606 766
606 606 546 606 606 606 135 135 37 877 877 546 37 606 135 606 606 37 37 37
37 385 385 385 385 606 997 385 385 37 385 385 997 37 546 606 135 135 997 135
606 766 606 546 606 606 766 606 606 546 606 606 546 766 766 766 766 766 606 546
606 766 766 606 606 606 766 546 766 766 606 606 766 766 766 766 606 766 546 606
606 606 135 135 37 546 37 135 606 37 37 37 997 37 546 606 135 997 997 135
524 524 524 524 524 524 36 36 36 36 36 36 36 36 36 36 36 36 36 36
766 546 606 766 766 766 606 606 766 766 766 606 766 546 606 766 606 766 606 766
766 606 766 606 766 606 766 606 766 766 766 606 766 766 606 546 766 606 766 766
282 282 546 282 282 282 997 997 37 997 546 37 997 282 606 37 997 997 385 606
135 385 997 37 546 606 135 997 997 135 37 37 37 37 546 606 37 546 766 606
36 36 36 36 36 36 36 36 524 524 524 524 524 524 524 524 524 524 524 524
546 997 606 766 766 606 606 766 766 766 606 766 766 546 606 766 606 766 606 766
385 997 385 37 37 997 37 606 37 385 385 37 997 606 997 606 385 997 606 37
385 997 37 546 606 135 135 135 135 37 37 37 37 546 997 37 546 766 606 766
524 524 524 524 524 524 524 524 524 524 524 36 36 36 36 36 36 36 36 36
606 37 546 766 606 766 766 766 606 766 766 766 606 766 766 606 606 606 766 546
606 766 766 606 766 766 606 766 606 546 606 606 606 606 135 37 877 877 877 877
37 546 766 385 606 997 606 766 766 766 606 385 606 606 606 766 766 766 606 766
524 524 524 524 524 36 36 36 36 36 36 36 36 36 36 36 36 36 36 36
546 37 877 135 606 37 37 385 385 385 385 385 385 385 877 385 385 877 877 877
36 36 36 524 524 36 524 524 36 36 36 36 524 524 36 36 36 36 36 36
524 524 524 36 36 36 36 36 36 36 36 36 36 36 36 36 36 36 36 524
606 766 766 766 606 606 766 766 606 766 766 606 766 766 606 766 606 546 606 606
36 36 36 36 36 36 36 36 524 524 524 524 524 524 524 524 36 524 524 524
606 606 606 135 997 37 546 37 997 606 37 37 385 997 37 546 606 135 997 997
766 766 606 766 766 766 606 546 606 606 135 997 37 877 877 546 37 135 606 37
606 821 766 606 546 821 606 821 821 606 606 606 546 606 606 606 135 997 37 997
135 877 877 546 135 385 997 37 546 606 135 997 997 135 37 37 37 37 546 606
766 546 606 766 606 766 766 606 766 606 766 606 766 766 606 606 546 766 606 766
524 36 36 36 36 36 36 36 36 36 36 36 36 36 36 36 36 524 524 524
766 606 766 766 766 606 606 546 766 606 766 606 606 606 606 546 606 606 135 997
766 766 606 766 606 606 606 546 766 766 606 766 766 606 606 606 546 606 606 606
37 37 37 546 997 37 546 766 606 766 766 766 606 766 766 766 606 766 766 606
385 385 37 37 606 385 37 37 606 37 385 997 37 37 606 997 37 385 997 37
385 385 997 37 385 385 37 37 606 385 37 37 606 385 385 385 37 546 606 606
606 606 606 606 135 135 37 546 37 135 606 37 37 385 606 37 546 606 135 997
385 385 385 385 877 877 385 385 385 385 385 385 877 385 385 385 385 877 877 385
766 606 766 766 606 606 546 766 606 766 766 766 606 766 766 606 606 546 606 606
997 135 37 37 37 37 546 606 37 546 766 606 766 766 766 606 766 766 766 606
546 606 135 135 135 37 37 385 877 877 997 37 546 997 37 546 766 606 766 766
385 385 385 385 877 385 385 385 385 385 385 877 877 385 385 385 385 385 385 877
36 36 36 36 36 36 36 36 36 524 524 524 524 524 524 524 524 524 524 524
135 135 135 877 877 877 877 877 877 877 877 524 36 36 36 36 36 36 36 36
606 821 821 606 821 606 606 546 606 606 606 135 135 37 546 877 877 546 37 606
37 37 546 997 37 546 766 997 766 766 766 385 997 766 766 766 997 766 766 997
546 546 877 385 385 37 37 606 385 37 37 606 37 385 997 37 546 606 997 37
997 135 37 37 37 37 546 997 37 546 766 606 766 766 766 606 766 766 766 606
606 766 606 766 606 766 606 766 766 606 766 766 606 546 766 606 766 606 606 606
385 385 37 546 606 997 37 546 997 37 546 997 37 546 606 135 135 135 135 37
877 997 37 385 997 37 546 606 135 135 997 135 37 37 37 37 546 997 37 546
37 546 766 606 766 766 546 606 766 766 766 606 766 766 606 606 766 606 546 766
36 877 877 546 135 385 997 37 546 606 135 135 135 135 37 37 37 37 546 997
766 606 766 766 606 766 606 766 606 546 766 606 766 606 606 546 606 606 135 37
606 606 606 546 606 606 606 997 135 135 37 877 877 546 37 135 606 37 37 135
37 37 546 997 37 546 766 606 766 766 766 606 766 766 766 606 766 766 606 606
606 766 606 766 606 766 606 766 766 606 766 606 546 766 606 766 766 606 766 766
37 385 385 37 546 606 997 37 385 606 997 37 385 997 37 546 606 135 135 997
37 546 766 606 766 766 766 606 766 766 766 606 766 766 606 606 606 766 546 766
997 606 997 37 997 606 997 606 385 997 37 546 606 135 135 997 135 37 37 37
606 766 766 766 997 766 766 997 37 606 766 997 546 546 606 766 766 606 766 606
997 546 997 766 997 766 766 606 766 606 766 606 766 997 606 546 766 997 766 766
766 766 606 606 766 606 546 606 606 606 606 135 135 37 546 37 135 606 37 37
766 606 606 546 606 606 606 606 135 135 37 546 37 135 606 37 37 37 606 37
821 766 606 606 766 546 606 766 766 606 606 766 606 766 606 766 606 766 766 606
135 37 546 37 877 135 606 37 37 385 385 385 385 385 385 385 877 385 385 877
135 135 135 135 37 37 37 37 546 997 37 546 766 606 766 766 766 606 606 766
606 766 606 766 766 766 606 606 546 766 766 606 766 766 606 766 766 606 766 606
877 877 877 877 877 877 877 546 135 385 997 37 546 606 135 997 997 135 37 37
766 766 606 766 766 766 606 766 546 606 606 606 766 546 766 766 606 606 766 606
606 766 606 766 821 821 606 606 546 606 606 606 606 135 135 37 546 37 135 606
606 606 766 546 606 766 821 606 606 766 606 766 606 766 606 766 766 606 115 821
36 36 36 36 36 36 36 36 36 36 36 36 36 36 36 524 524 524 524 524
766 766 606 766 766 606 606 606 766 546 766 766 606 606 766 766 766 606 606 766
766 606 766 766 606 606 766 546 606 766 766 766 606 606 766 766 766 606 766 546
135 997 997 135 37 37 37 37 546 606 37 546 821 606 766 766 766 606 606 766
766 766 606 606 766 766 766 606 766 766 546 606 766 606 766 606 766 606 766 606
135 135 37 37 37 37 546 385 997 37 546 997 37 766 877 546 385 606 766 766
766 606 606 766 546 606 766 606 766 606 766 606 766 606 766 606 766 766 606 546
606 766 766 606 766 766 606 546 766 606 766 606 606 606 606 546 606 606 135 997
606 135 135 997 135 37 37 37 37 546 997 37 546 766 606 766 766 766 385 606
606 37 546 766 385 606 997 606 766 766 766 606 385 606 606 606 766 766 766 606
135 385 385 37 385 606 385 37 37 606 37 385 997 37 997 606 997 606 385 606
36 36 36 36 36 36 36 36 36 36 36 36 36 524 524 524 524 524 524 524
606 766 606 766 606 766 766 766 606 606 606 546 766 606 606 606 606 546 606 606
997 997 385 997 997 37 546 997 37 546 606 135 135 997 135 37 37 37 37 546
766 606 766 766 766 606 766 766 606 606 606 766 546 766 766 606 606 766 606 606
606 546 606 606 606 606 135 135 37 546 37 135 606 37 37 385 606 37 546 606
36 36 36 36 36 36 524 524 524 524 524 524 524 524 524 524 524 524 524 524
766 766 606 766 766 606 606 766 546 606 766 766 766 606 606 766 766 766 606 606
766 606 766 766 766 606 766 766 606 606 766 546 606 766 766 766 606 606 766 766
282 766 766 766 282 766 766 282 282 766 546 282 766 766 282 282 766 766 766 282
766 606 766 766 606 766 766 606 766 606 546 282 282 282 606 546 606 997 37 877
385 37 37 37 385 385 997 37 606 37 385 606 997 37 385 606 546 546 385 385
385 37 37 997 37 385 385 37 37 606 997 37 385 997 37 385 997 37 546 606
36 36 36 36 36 36 36 36 524 524 524 524 524 524 524 524 524 524 524 524
606 766 546 766 766 606 606 766 766 766 606 606 821 546 606 766 606 766 821 606
606 766 766 606 606 606 546 606 606 606 135 997 37 877 877 385 385 385 385 385
821 606 766 821 606 606 606 546 606 606 606 135 997 37 546 877 877 546 37 135
997 37 385 385 37 37 606 997 37 385 997 37 385 997 37 546 606 135 997 997
546 37 135 606 37 37 385 997 37 546 606 135 997 997 135 37 37 37 37 546
135 135 135 877 877 877 877 877 877 877 877 524 36 36 36 36 36 36 36 36
606 606 135 135 997 135 546 37 37 37 37 606 606 606 546 606 135 135 37 546
766 821 606 766 766 606 766 766 766 606 766 606 606 766 766 546 766 766 606 606
282 546 282 282 282 997 997 37 997 546 37 997 282 37 37 997 997 385 606 606
877 877 877 877 877 877 877 877 135 877 877 546 135 385 997 37 546 606 135 997
135 135 135 135 877 877 877 877 877 877 877 877 524 36 36 36 36 36 36 36
606 766 606 606 546 606 606 606 606 546 766 766 766 766 766 606 546 766 766 606
766 766 766 606 766 766 606 766 546 606 606 766 766 606 606 766 766 766 766 606
606 37 385 385 37 997 606 997 37 546 997 37 385 997 37 546 606 135 135 997
766 606 766 766 546 606 766 606 766 766 606 766 606 606 766 766 766 606 606 606
766 766 606 766 766 606 606 766 546 606 766 766 606 606 766 766 766 606 766 546
606 766 606 606 606 606 546 606 997 606 135 997 37 877 877 546 37 606 997 606
606 766 606 766 606 766 606 766 606 766 606 766 766 606 546 766 606 766 766 606
766 606 606 606 606 546 821 766 821 766 606 606 606 546 606 766 606 766 282 606
766 997 766 766 766 997 766 766 766 997 766 546 606 606 766 997 766 766 766 606
766 606 766 606 766 766 606 766 546 766 606 766 766 606 606 606 546 606 606 606
135 37 37 37 37 546 997 37 546 766 997 766 766 766 997 766 766 766 997 766
37 606 37 385 385 37 997 606 997 37 546 997 37 385 997 37 546 606 135 135
766 606 766 606 766 606 766 606 766 766 606 766 546 766 606 766 766 606 606 606
766 606 606 766 766 766 606 606 766 546 606 766 606 766 606 766 606 766 606 766
877 877 877 877 877 877 877 877 877 877 135 877 877 546 135 385 997 37 546 606
766 606 766 546 606 766 606 766 606 766 606 766 606 766 606 766 766 606 606 546
997 135 135 135 135 37 37 37 37 546 997 37 546 766 606 766 766 766 606 766
606 606 766 766 766 606 606 766 766 546 606 766 606 766 766 606 606 766 606 766
135 37 37 37 37 546 997 37 546 766 606 766 766 821 606 766 766 766 606 821
546 135 385 385 37 385 606 385 37 37 606 37 385 385 37 385 606 997 37 385
37 546 606 135 135 997 135 37 37 37 37 546 606 37 546 766 606 766 766 766
766 766 766 606 766 766 766 606 766 766 606 606 766 546 606 766 766 606 606 766
997 37 385 385 37 385 606 997 37 385 997 37 385 997 37 546 606 135 135 997
997 135 37 37 37 37 546 606 37 546 766 37 997 766 766 821 997 766 766 606
36 36 36 36 36 36 36 524 524 524 524 524 524 524 524 524 524 524 524 524
766 606 766 606 546 606 766 766 606 606 766 766 766 606 606 766 766 546 606 766
546 997 135 135 37 546 37 997 37 546 766 135 606 37 37 606 766 766 766 606
546 37 135 606 37 37 877 135 385 385 37 546 606 385 606 37 997 37 385 385
36 36 36 36 36 36 36 36 36 36 524 524 524 524 524 524 524 524 524 524
606 37 546 766 606 766 766 766 606 766 766 766 606 766 766 606 606 606 766 546
546 135 385 385 37 385 606 385 37 37 606 37 385 385 37 385 606 997 37 385
606 606 606 546 997 766 766 766 606 135 135 37 546 37 997 766 766 766 997 766
877 877 877 877 877 877 877 546 135 385 997 37 546 606 135 997 997 135 37 37
606 766 766 766 606 606 766 766 606 766 766 606 766 766 606 766 606 546 606 606
546 997 37 546 766 606 766 766 766 606 766 766 766 606 766 766 606 606 606 766
524 524 524 524 524 524 524 36 36 36 36 36 36 36 36 36 36 36 36 36
766 606 546 766 606 766 766 606 766 766 606 766 606 546 606 606 606 606 135 37
766 282 766 766 282 282 766 546 282 766 766 282 282 766 766 766 282 282 766 766
766 606 766 606 606 766 766 606 766 606 606 606 546 766 766 606 766 766 606 606
997 997 385 997 997 37 546 997 37 546 606 135 135 997 135 37 37 37 37 546
524 135 135 877 877 877 877 877 877 877 877 524 36 36 36 36 36 36 36 36
766 766 606 606 606 766 546 766 766 606 606 766 766 766 606 606 766 766 546 606
135 135 135 877 877 877 877 877 877 877 877 524 36 36 36 36 36 36 36 36
135 997 135 37 37 37 37 546 606 37 546 766 606 766 766 766 606 766 766 766
606 766 766 766 606 766 766 766 606 766 766 606 606 606 766 546 766 766 606 606
766 766 546 606 766 766 606 766 606 606 766 766 606 766 606 606 606 546 766 766
766 766 282 282 766 282 546 766 766 282 282 766 766 766 282 282 766 766 37 282
385 997 37 546 606 135 135 997 135 37 37 37 37 546 997 37 546 766 606 766
766 766 766 606 766 606 766 766 606 546 606 606 606 606 135 37 877 877 877 877
37 546 766 606 766 766 766 606 766 766 766 606 766 766 606 606 606 766 546 766
36 36 36 36 36 36 36 36 36 36 36 36 36 36 524 524 524 524 524 524
385 877 877 385 385 385 385 877 877 385 877 385 385 997 37 546 997 135 135 997
766 766 766 385 997 766 766 766 997 766 766 997 37 997 766 997 546 546 606 766
37 37 546 997 37 546 766 606 766 766 766 385 606 766 766 766 606 766 766 606
766 766 606 766 546 606 606 766 766 606 606 766 606 606 546 606 606 606 606 135
766 606 606 766 766 766 766 606 766 546 606 766 606 766 606 766 606 766 606 766
766 546 766 766 606 606 766 766 606 606 546 606 606 606 606 766 766 821 766 606
37 546 606 135 135 997 135 37 37 37 37 546 606 37 546 766 606 766 766 766
766 606 766 766 766 606 606 766 606 766 766 606 606 546 766 606 766 766 606 766
36 36 36 36 524 524 524 524 524 36 524 524 524 36 36 524 524 524 524 524
135 135 135 135 37 37 37 37 546 997 37 546 766 606 766 766 766 606 766 766
606 766 606 546 606 606 606 606 546 606 997 37 877 877 877 877 877 877 877 877
135 37 37 37 37 546 606 37 546 766 606 766 766 766 606 766 766 766 606 766
37 37 37 37 546 997 37 546 766 606 766 766 766 606 766 766 766 606 766 766
524 524 524 524 524 524 524 524 524 524 36 36 36 36 36 36 36 36 36 36
37 546 606 135 135 135 135 37 37 37 37 546 997 37 546 766 606 766 766 766
997 606 546 997 135 997 606 997 997 997 606 997 997 997 606 997 997 606 606 606
37 385 385 385 546 606 37 37 606 877 877 877 877 385 997 37 546 606 135 135
385 385 385 385 385 385 385 385 385 385 385 385 385 385 877 385 385 385 385 385
36 36 877 877 877 877 877 877 877 877 877 877 877 877 135 877 877 546 135 385
606 606 766 546 766 766 606 606 766 606 606 546 606 606 606 606 135 997 37 546
766 766 766 606 766 821 606 606 546 606 606 606 606 135 37 877 877 877 877 877
546 135 385 385 37 37 606 997 37 37 606 37 385 997 37 37 606 997 37 385
135 135 135 135 37 37 37 37 546 997 37 546 766 606 766 766 766 997 766 766
36 36 36 36 36 36 524 877 524 524 877 524 524 877 524 524 877 524 524 877
766 606 766 766 606 606 766 606 766 766 606 766 606 546 766 606 766 766 766 606
37 37 37 37 546 606 37 546 766 37 997 766 766 821 997 766 766 606 766 766
37 385 997 385 37 385 997 37 385 997 37 546 606 135 135 997 135 37 37 37
766 766 606 766 606 546 766 606 766 766 766 606 766 766 606 606 546 606 606 606
766 606 546 766 606 766 546 766 606 766 766 606 606 606 546 606 606 606 135 135
606 766 606 766 606 766 606 766 606 766 606 766 766 606 766 37 766 606 766 766
997 997 37 385 997 37 385 997 37 546 606 135 135 997 135 37 37 37 37 546
36 36 36 877 877 524 524 36 997 36 546 606 135 135 36 135 36 36 36 36
766 606 766 766 606 766 546 606 606 766 766 766 606 606 766 766 766 606 766 546
