2753 1620 1620 3895 3837 140 140 4133 4279 2753 1620 1620 3837 2867 22 1620 1620 3837 140 4133
1620 3837 2753 1620 1620 3837 2255 3895 4279 3895 4279 3895 4279 1852 1852 3895 4279 2753 1620 1620
1620 3837 2867 4133 4279 2753 1620 1620 3837 2867 4133 4279 2753 1620 1620 3837 2867 3895 4279 4133
3837 2806 1620 1620 3837 2867 4133 4279 2753 1620 1620 3837 2867 4133 4279 2753 1620 1620 3895 3837
3837 2753 1620 1620 3837 2255 3895 4279 3895 4279 1852 1852 4133 4279 3895 4279 2753 1620 1620 2351
4279 2753 1620 1620 3837 2753 1620 1620 3837 2255 3895 4279 3895 4279 2753 1620 1620 3837 4279 3895
124 692 2806 124 124 692 2867 4133 4279 3895 4279 22 124 124 692 2255 22 124 124 692
2806 124 124 692 2867 4133 4279 3895 4279 22 124 124 692 2255 22 124 124 692 4279 1852
1620 1620 4133 2867 3837 4279 2753 1620 1620 3837 4279 4133 4279 2753 1620 1620 3837 2753 1620 1620
1620 1620 3837 2867 4133 4279 2753 1620 1620 3895 3837 140 140 4133 4279 2753 1620 1620 3837 2867
4279 22 124 124 2351 22 124 124 692 2806 124 124 692 2867 4133 4279 3895 4279 22 124
124 124 692 4279 3895 4279 3895 4279 22 124 124 2351 22 124 124 692 2806 124 124 692
4279 22 124 124 2351 22 124 124 692 2806 124 124 692 2867 4133 4279 3895 4279 22 124
1620 3837 3895 140 140 4133 4279 2753 1620 1620 3837 2867 22 1620 1620 3837 4279 4133 4279 2753
2867 4133 4279 2753 1620 1620 3837 2867 4133 4279 2753 1620 1620 3837 2867 3895 4279 4133 4279 2753
22 1620 1620 3837 4279 4133 4279 2753 1620 1620 3837 2753 1620 1620 3837 2255 3895 4279 3895 4279
2753 1620 1620 2351 22 1620 1620 3837 2806 1620 1620 3837 2867 4133 4279 2753 1620 1620 3837 2867
692 2806 124 124 692 2867 4133 4279 3895 4279 22 124 124 692 2255 22 124 124 692 4279
2806 1620 1620 3837 2867 4133 4279 3895 4279 22 1620 1620 3837 2255 2753 1620 1620 3837 4279 1852
1620 2351 22 1620 1620 3837 2806 1620 1620 3837 140 4133 4279 3895 4279 22 1620 1620 3837 2753
2351 22 124 124 692 2806 124 124 692 2867 4133 4279 3895 4279 22 124 124 692 2255 1852
1852 3895 4279 3895 4279 22 124 124 2351 22 124 124 692 2806 124 124 692 2867 4133 4279
1620 1620 3837 2753 1620 1620 3837 2255 3895 4279 3895 4279 3895 4279 1852 1852 3895 4279 2753 1620
1620 3837 2867 22 1620 1620 3837 4279 4133 4279 2753 1620 1620 3837 2753 1620 1620 3837 2255 3895
4279 3895 4279 2753 1620 1620 2351 22 1620 1620 3837 2806 1620 1620 3837 2867 4133 4279 2753 1620
1620 1620 3837 4279 3895 4279 1852 1852 3895 4279 2753 1620 1620 2351 22 1620 1620 3837 2806 1620
4133 4279 2753 1620 1620 3837 2867 3895 4279 4133 4279 2753 1620 1620 3837 2867 22 1620 1620 3837
4279 2753 124 124 2351 22 124 124 692 2806 124 124 692 2867 4133 4279 3895 4279 22 124
4133 4279 2753 1620 1620 3837 2867 22 1620 1620 3837 4279 4133 4279 2753 1620 1620 3837 2753 1620
1620 1620 3837 2867 4133 4279 2753 1620 1620 3895 3837 140 140 4133 4279 2753 1620 1620 3837 2867
2351 22 1620 1620 3837 2806 1620 1620 3837 2867 4133 4279 3895 4279 22 1620 1620 3837 2255 2753
140 2753 1620 1620 2351 22 1620 1620 3837 2806 1620 1620 3837 2867 4133 4279 3895 4279 22 1620
3837 22 1620 1620 3837 2806 1620 1620 3837 2867 4133 4279 2753 1620 1620 3837 4133 140 140 2753
2753 1620 1620 3837 2867 4133 4279 2753 1620 1620 3895 3837 140 140 4133 4279 2753 1620 1620 3837
1620 2351 22 1620 1620 3837 2806 1620 1620 3837 2867 4133 4279 2753 1620 1620 3837 2867 4133 4279
1620 1620 3837 2867 4133 4279 2753 1620 1620 3837 2867 3895 4279 4133 4279 2753 1620 1620 3837 2867
2867 4133 4279 3895 4279 22 124 124 692 140 22 124 124 2351 4279 1852 1852 22 124 124
1620 1620 3837 2867 3895 4279 4133 4279 2753 1620 1620 3837 2867 22 1620 1620 3837 4279 4133 4279
1852 124 4279 3895 140 3895 4279 22 124 124 2351 22 124 124 692 2806 124 124 692 2867
2753 1620 1620 3837 2867 3895 4279 4133 4279 2753 1620 1620 3837 2867 22 1620 1620 3837 4279 4133
140 4133 4279 2753 1620 1620 3837 2867 22 1620 1620 3837 140 4133 4279 22 1620 1620 3837 2753
2867 4133 4279 3895 140 22 4279 1620 3837 2255 3895 4279 22 1620 1620 3837 4279 3895 4279 2753
1620 3837 2867 3895 4279 4133 4279 2753 1620 1620 3837 2867 22 1620 1620 3837 4279 4133 4279 2753
1620 1620 3837 2867 22 1620 1620 3837 4279 4133 4279 2753 1620 1620 3837 2753 1620 1620 3837 2255
1620 1620 3837 2806 1620 1620 3837 2867 4133 4279 3895 4279 22 1620 1620 3837 2255 2753 1620 1620
2753 1620 1620 4133 2867 3837 4279 2753 1620 1620 3837 4279 4133 4279 2753 1620 1620 3837 2753 1620
4279 3895 4279 1852 1852 3895 4279 2753 1620 1620 2351 22 1620 1620 3837 2806 1620 1620 3837 2867
1620 1620 3837 2867 4133 4279 2753 1620 1620 3837 4133 140 140 2753 1620 1620 3837 2867 3895 4279
2753 1620 1620 2351 22 1620 1620 3837 2806 1620 1620 3837 2867 4133 4279 2753 1620 1620 3837 2867
3837 3895 140 140 4133 4279 2753 1620 1620 3837 2867 22 1620 1620 3837 4279 4133 4279 2753 1620
2753 1620 1620 3837 2867 4133 4279 2753 1620 1620 3837 2867 3895 4279 4133 4279 2753 1620 1620 3837
1620 1620 3837 4279 4133 4279 2753 1620 1620 3837 2753 1620 1620 3837 2255 3895 4279 3895 4279 3895
4133 4279 2753 1620 2351 3837 2753 1620 1620 3837 2255 3895 4279 3895 4279 1852 1852 4133 4279 3895
4279 4133 4279 2753 1620 1620 3837 2753 1620 1620 3837 2255 3895 4279 3895 4279 3895 4279 1852 1852
1620 3837 2753 1620 1620 3837 2255 3895 4279 3895 4279 3895 4279 1852 1852 3895 4279 2753 1620 1620
2806 1620 1620 3837 2867 4133 4279 3895 4279 22 1620 1620 3837 2255 1852 1852 2753 1620 1620 3837
1620 1620 3837 2806 1620 1620 3837 2867 4133 4279 3895 4279 22 1620 1620 3837 2255 2753 1620 1620
2867 4133 4279 2753 1620 1620 3837 4133 140 140 2753 1620 1620 3837 2867 3895 4279 4133 4279 2753
4279 3895 4279 2753 1620 1620 2351 4279 22 1620 1620 3837 2806 1620 1620 3837 2867 4133 4279 2753
4279 3895 140 1852 1852 4133 4279 3895 4279 2753 1620 1620 2351 22 1620 1620 3837 2806 1620 1620
3837 2867 3895 4279 2753 1620 1620 4133 2867 3837 4279 2753 1620 1620 3837 4279 4133 4279 2753 1620
22 1620 1620 3837 4279 4133 4279 2753 1620 1620 3837 2753 1620 1620 3837 2255 3895 4279 3895 4279
3895 4279 2753 1620 1620 2351 22 1620 1620 3837 2806 1620 1620 3837 140 4133 4279 3895 4279 22
3837 4279 4133 4279 2753 1620 1620 3837 2753 1620 1620 3837 2255 3895 4279 3895 4279 3895 4279 1852
1852 3895 4279 3895 4279 22 124 124 2351 22 124 124 692 2806 124 124 692 2867 4133 4279
1852 3895 4279 22 124 124 2351 22 124 124 692 2806 124 124 692 2867 4133 4279 3895 4279
1620 1620 3837 2867 4133 4279 2753 1620 1620 3837 2867 3895 4279 4133 4279 2753 1620 1620 3837 2867
1620 3837 2867 22 1620 1620 3837 4279 4133 4279 2753 1620 2351 3837 2753 1620 1620 3837 2255 3895
1620 1620 3837 2255 3895 4279 3895 140 1852 1852 4133 4279 3895 4279 2753 1620 1620 2351 22 1620
3837 2867 22 1620 1620 3837 4279 4133 4279 2753 1620 1620 3837 2753 1620 1620 3837 2255 3895 4279
4279 2753 1620 1620 3837 2867 22 1620 1620 3837 4279 4133 4279 2753 1620 1620 3837 2753 1620 1620
3837 140 4133 4279 22 1620 1620 3837 2753 1620 1620 3837 2255 3895 4279 3895 4279 3895 4279 1852
1852 3895 4279 22 1620 1620 3837 4279 3895 4279 1852 1852 3895 140 2753 1620 1620 2351 22 1620
1620 1620 3837 2753 1620 1620 3837 2255 3895 4279 3895 4279 3895 4279 1852 1852 3895 4279 2753 1620
4133 4279 2753 1620 1620 3837 2867 4133 4279 2753 1620 1620 3837 2867 3895 4279 4133 4279 2753 1620
4279 2753 1620 1620 3837 2867 22 1620 1620 3837 4279 4133 4279 2753 1620 2351 3837 2753 1620 1620
2867 4133 4279 2753 1620 1620 3837 2867 3895 4279 4133 4279 2753 1620 1620 3837 2867 22 1620 1620
2806 1620 1620 3837 2867 4133 4279 2753 1620 1620 3837 2867 4133 4279 2753 1620 1620 3837 3895 140
3837 2867 22 1620 1620 3837 4279 4133 4279 2753 1620 1620 3837 2753 1620 1620 3837 2255 3895 4279
2753 1620 1620 2351 22 1620 1620 3837 2806 1620 1620 3837 2867 4133 4279 2753 1620 1620 3837 2867
3837 2806 1620 1620 3837 2867 4133 4279 2753 1620 1620 3837 2867 4133 4279 2753 1620 1620 3837 2867
2753 1620 1620 3837 4279 4133 4279 2753 1620 1620 3837 2753 1620 1620 3837 2255 3895 4279 3895 4279
3895 4279 3895 4279 3895 4279 1852 1852 3895 4279 2753 1620 1620 2351 22 1620 1620 3837 2806 1620
4279 1852 1852 3895 140 2753 1620 1620 2351 22 1620 1620 3837 2806 1620 1620 3837 2867 4133 4279
4279 22 124 124 2351 22 124 124 692 2806 124 124 692 2867 4133 4279 3895 4279 22 124
1620 2351 22 1620 1620 3837 2806 1620 1620 3837 2867 4133 4279 3895 4279 22 1620 1620 3837 2255
2867 22 1620 1620 3837 4279 4133 4279 2753 1620 1620 3837 2753 1620 1620 3837 2255 3895 4279 3895
2867 4133 4279 2753 1620 1620 3837 2867 3895 4279 4133 4279 2753 1620 1620 3837 2867 22 1620 1620
1620 3837 2867 4133 4279 2753 1620 1620 3837 2867 3895 4279 4133 4279 2753 1620 1620 3837 2867 22
2867 1852 1852 3895 4279 2753 124 124 2351 22 124 124 692 2806 124 124 692 2867 4133 4279
3837 4279 4133 4279 2753 1620 1620 3837 2753 1620 1620 3837 2255 3895 4279 3895 4279 3895 4279 1852
1852 4133 4279 3895 4279 2753 1620 1620 2351 22 1620 1620 3837 2806 1620 1620 3837 140 4133 4279
4279 1852 1852 3895 4279 4133 4279 3895 4279 1852 1852 1620 4279 3895 4279 2753 1620 1620 2351 22
2867 4133 4279 2753 1620 1620 3895 3837 140 140 4133 4279 2753 1620 1620 3837 2867 22 1620 1620
1620 1620 3837 2753 1620 1620 3837 2255 3895 4279 3895 4279 3895 4279 1852 1852 3895 4279 2753 1620
4279 2753 1620 1620 2351 22 1620 1620 3837 2806 1620 1620 3837 140 4133 4279 3895 4279 22 1620
1852 3895 4279 2753 124 124 2351 22 124 124 692 2806 124 124 692 2867 4133 4279 3895 4279
1620 1620 3837 2806 1620 1620 3837 2867 4133 4279 3895 4279 22 1620 1620 3837 2255 1852 1852 2753
1620 1620 3837 2806 1620 1620 3837 2867 4133 4279 3895 4279 22 1620 1620 3837 2255 1852 1852 140
4279 3895 4279 3895 4279 1852 1852 3895 4279 2753 1620 1620 2351 22 1620 1620 3837 2806 1620 1620
2753 1620 1620 3837 2867 22 1620 1620 3837 4279 4133 4279 2753 1620 2351 3837 2753 1620 1620 3837
3837 2867 4133 4279 2753 1620 1620 3837 2867 3895 4279 4133 4279 2753 1620 1620 3837 2867 22 1620
2255 3895 4279 3895 4279 3895 4279 1852 1852 3895 4279 2753 1620 1620 2351 22 1620 1620 3837 2806
1620 2351 22 1620 2351 3837 2806 1620 1620 3837 2867 4133 4279 3895 4279 22 1620 1620 3837 2255
1620 3837 4279 4133 4279 2753 1620 1620 3837 2753 1620 1620 3837 2255 3895 4279 3895 4279 2753 1620
1620 3837 2867 22 1620 1620 3837 4279 4133 4279 2753 1620 1620 3837 2753 1620 1620 3837 2255 3895
3895 4279 1852 1852 3895 4279 22 1620 1620 2351 22 1620 1620 3837 2806 1620 1620 3837 2867 4133
2753 1620 1620 2351 4279 22 1620 1620 3837 2806 1620 1620 3837 2867 4133 4279 2753 1620 1620 3837
22 124 124 692 2806 124 124 692 2867 4133 4279 3895 4279 22 124 124 692 2255 22 124
1620 1620 2351 22 1620 1620 3837 2806 1620 1620 3837 2867 4133 4279 3895 4279 22 1620 1620 3837
1620 1620 3837 4133 140 140 2753 1620 1620 3837 2867 3895 4279 4133 4279 2753 1620 1620 3837 2867
124 2351 22 124 124 692 2806 124 124 692 2867 4133 4279 3895 4279 22 124 124 692 2255
22 1620 1620 3837 4279 4133 4279 2753 1620 1620 3837 2753 1620 1620 3837 2255 3895 4279 3895 4279
124 2351 22 124 124 692 2806 124 124 692 2867 4133 4279 3895 4279 22 124 124 692 2255
1620 1620 3837 2753 1620 1620 3837 2255 3895 4279 3895 4279 1852 1852 4133 4279 3895 4279 2753 1620
1852 4133 4279 3895 4279 2753 1620 1620 2351 22 1620 1620 3837 2806 1620 1620 3837 2867 4133 4279
124 2351 22 124 124 692 2806 124 124 692 2867 4133 4279 3895 4279 22 124 124 692 2255
3837 2867 4133 4279 2753 1620 1620 3837 2867 4133 4279 2753 1620 1620 3837 3895 140 140 4133 4279
4133 4279 2753 1620 1620 3837 2753 1620 1620 3837 2255 3895 4279 3895 4279 1852 1852 4133 4279 3895
3837 2867 22 1620 1620 3837 4279 4133 4279 2753 1620 1620 3837 2753 1620 1620 3837 2255 3895 4279
3895 4279 1852 1852 3895 4279 2753 1620 1620 2351 22 1620 1620 3837 2806 1620 1620 3837 140 4133
3895 4279 22 1620 1620 3837 4279 3895 4279 1852 1852 3895 4279 2753 1620 1620 2351 22 1620 1620
22 124 124 2351 22 124 124 692 2806 124 124 692 2867 4133 4279 3895 4279 22 124 124
1620 3837 2255 3895 4279 3895 4279 3895 4279 1852 1852 3895 4279 2753 1620 1620 2351 22 1620 1620
4133 4279 2753 1620 1620 3837 2867 22 1620 1620 3837 4279 4133 4279 2753 1620 1620 3837 2753 1620
3895 4279 3895 4279 22 124 124 2351 22 124 124 692 2806 124 124 692 2867 4133 4279 3895
1620 1620 2351 22 1620 1620 3837 2806 1620 1620 3837 2867 4133 4279 3895 4279 22 1620 1620 3837
1620 2351 22 1620 1620 3837 2806 1620 1620 3837 2867 4133 4279 2753 1620 1620 3837 2867 4133 4279
1620 3837 2806 1620 1620 3837 2867 4133 4279 3895 4279 22 1620 1620 3837 2255 2753 1620 1620 3837
4279 2753 1620 1620 3837 2867 3895 4279 4133 4279 2753 1620 1620 3837 2867 22 1620 1620 3837 4279
2753 1620 1620 3837 2255 3895 4279 3895 4279 3895 4279 1852 1852 3895 4279 2753 1620 1620 2351 22
2806 1620 1620 3837 2867 4133 4279 3895 4279 22 1620 1620 3837 2255 22 1620 1620 3837 4279 1852
3837 2806 1620 1620 3837 2867 4133 4279 2753 1620 1620 3837 2867 4133 4279 2753 1620 1620 3837 2867
4279 1852 1852 3895 4279 22 124 124 2351 22 124 124 692 2806 124 124 692 2867 4133 4279
2753 1620 1620 2351 22 1620 1620 3837 2806 1620 1620 3837 2867 4133 4279 2753 1620 1620 3837 2867
2806 1620 1620 3837 2867 4133 4279 2753 1620 1620 3837 2867 4133 4279 2753 1620 1620 3837 3895 140
1620 2351 22 1620 1620 3837 2806 1620 1620 3837 2867 4133 4279 3895 4279 22 1620 1620 3837 2255
140 3895 140 2753 1620 1620 2351 22 1620 2351 3837 2806 1620 1620 3837 2867 4133 4279 3895 4279
3895 4279 22 124 124 2351 22 124 124 692 2806 124 124 692 2867 4133 4279 3895 4279 22
4279 22 124 124 2351 22 124 124 692 2806 124 124 692 2867 4133 4279 3895 4279 22 124
1620 1620 2351 22 1620 1620 3837 2806 1620 1620 3837 2867 4133 4279 2753 1620 1620 3837 2867 4133
1620 3837 2867 3895 4279 2753 1620 1620 4133 2867 3837 4279 2753 1620 1620 3837 4279 4133 4279 2753
2867 4133 4279 3895 4279 22 124 124 692 140 22 124 124 2351 4279 1852 1852 22 124 124
2806 124 124 692 2867 4133 4279 3895 4279 22 124 124 692 2255 22 124 124 692 4279 1852
3837 2867 22 1620 1620 3837 4279 4133 4279 2753 1620 1620 3837 2753 1620 1620 3837 2255 3895 4279
1620 1620 2351 22 1620 1620 3837 2806 1620 1620 3837 2867 4133 4279 3895 4279 22 1620 1620 3837
3837 2806 1620 1620 3837 2867 4133 4279 2753 1620 1620 3837 2867 4133 4279 2753 1620 1620 3837 2867
22 1620 1620 3837 2753 1620 1620 3837 2255 3895 4279 3895 4279 3895 4279 1852 1852 3895 4279 2753
4279 2753 1620 1620 2351 22 1620 1620 3837 2806 1620 1620 3837 2867 4133 4279 2753 1620 1620 3837
3837 4279 4133 4279 2753 1620 1620 3837 2867 22 1620 1620 3837 4279 4133 4279 2753 1620 1620 3837
140 22 1620 1620 2351 22 1620 1620 3837 2806 1620 1620 3837 2867 4133 4279 2753 1620 1620 3837
2351 22 1620 1620 3837 2806 1620 1620 3837 2867 4133 4279 2753 1620 1620 3837 2867 4133 4279 2753
2753 1620 1620 3837 2867 4133 4279 2753 1620 1620 3837 2867 3895 4279 4133 4279 2753 1620 1620 3837
4279 1852 1852 3895 140 2753 1620 1620 2351 22 1620 1620 3837 2806 1620 1620 3837 2867 4133 4279
3837 2806 1620 1620 3837 2867 4133 4279 2753 1620 1620 3837 4133 140 140 2753 1620 1620 3837 2867
3837 2806 1620 1620 3837 2867 4133 4279 3895 4279 22 1620 1620 3837 2255 1852 1852 22 1620 1620
1620 1620 3837 2867 4133 4279 2753 1620 1620 3837 2867 3895 4279 2753 1620 1620 4133 2867 3837 4279
1620 2351 22 1620 1620 3837 2806 1620 1620 3837 2867 4133 4279 2753 1620 1620 3837 2867 4133 4279
2867 22 1620 1620 3837 4279 4133 4279 2753 1620 1620 3837 2753 1620 1620 3837 2255 3895 4279 3895
1620 3837 2255 3895 4279 3895 4279 3895 4279 1852 1852 3895 4279 2753 1620 1620 2351 22 1620 1620
3895 140 1852 1852 4133 4279 3895 4279 2753 1620 1620 2351 22 1620 1620 3837 2806 1620 1620 3837
1620 3837 140 4133 4279 22 1620 1620 3837 2753 1620 1620 3837 2255 3895 4279 3895 4279 3895 4279
3895 4279 4133 4279 1852 1852 3895 4279 4133 4279 3895 4279 1852 1852 1620 4279 3895 4279 2753 1620
3895 4279 4133 4279 1852 1852 3895 4279 2753 1620 1620 2351 22 1620 1620 3837 2806 1620 1620 3837
2867 4133 4279 2753 1620 1620 3837 2867 4133 4279 2753 1620 1620 3837 2867 3895 4279 4133 4279 2753
4279 2753 1620 1620 2351 22 1620 1620 3837 2806 1620 1620 3837 2867 4133 4279 2753 1620 1620 3837
1620 3837 2806 1620 1620 3837 2867 4133 4279 3895 4279 22 1620 1620 3837 2255 2753 1620 1620 3837
4279 3895 140 22 4279 1620 3837 2255 3895 4279 22 1620 1620 3837 4279 3895 4279 2753 1620 1620
22 1620 1620 3837 4279 3895 4279 2753 1620 1620 2351 4279 22 1620 1620 3837 2806 1620 1620 3837
3895 4279 2753 1620 1620 2351 22 1620 1620 3837 2806 1620 1620 3837 2867 4133 4279 3895 4279 22
2753 1620 1620 2351 22 1620 1620 3837 2806 1620 1620 3837 2867 4133 4279 3895 4279 22 1620 1620
4279 2753 124 124 2351 22 124 124 692 2806 124 124 692 2867 4133 4279 3895 4279 22 124
2867 3895 4279 4133 4279 2753 1620 1620 3837 2867 22 1620 1620 3837 4279 4133 4279 2753 1620 2351
2806 1620 1620 3837 2867 4133 4279 2753 1620 1620 3837 2867 4133 4279 2753 1620 1620 3837 2867 3895
1620 2351 4279 22 1620 1620 3837 2806 1620 1620 3837 2867 4133 4279 2753 1620 1620 3837 2867 4133
2753 1620 1620 3837 2867 4133 4279 2753 1620 1620 3837 2867 3895 4279 2753 1620 1620 4133 2867 3837
3837 4279 4133 4279 2753 1620 1620 3837 2753 1620 1620 3837 2255 3895 4279 3895 4279 3895 4279 1852
3895 4279 2753 1620 1620 3837 2255 3895 4279 3895 4279 2753 1620 1620 2351 22 1620 1620 3837 2806
2806 1620 1620 3837 2867 4133 4279 3895 4279 22 1620 1620 3837 2255 2753 1620 1620 3837 4279 1852
2753 1620 1620 3837 2867 3895 4279 4133 4279 2753 1620 1620 3837 2867 22 1620 1620 3837 4279 4133
1620 3837 4279 3895 4279 2753 1620 1620 2351 4279 22 1620 1620 3837 2806 1620 1620 3837 2867 4133
3895 3837 140 140 4133 4279 2753 1620 1620 3837 2867 22 1620 1620 3837 140 4133 4279 22 1620
1620 1620 3837 2255 3895 4279 3895 4279 1852 1852 4133 4279 3895 4279 2753 1620 1620 2351 22 1620
1620 1620 3837 2753 1620 1620 3837 2255 3895 4279 3895 140 1852 1852 4133 4279 3895 4279 2753 1620
140 22 1620 1620 2351 22 1620 1620 3837 2806 1620 1620 3837 2867 4133 4279 2753 1620 1620 3837
2867 4133 4279 2753 1620 1620 3837 4133 140 140 2753 1620 1620 3837 2867 3895 4279 4133 4279 2753
3837 4279 3895 4279 1852 1852 3895 140 2753 1620 1620 2351 22 1620 1620 3837 2806 1620 1620 3837
124 2351 22 124 124 692 2806 124 124 692 2867 4133 4279 3895 4279 22 124 124 692 2255
2806 1620 1620 3837 2867 4133 4279 3895 4279 22 1620 1620 3837 2255 1852 1852 2753 1620 1620 3837
3895 4279 22 1620 1620 3837 4279 3895 4279 2753 1620 1620 2351 4279 22 1620 1620 3837 2806 1620
4279 2753 124 124 2351 22 124 124 692 2806 124 124 692 2867 4133 4279 3895 4279 22 124
3895 4279 3895 4279 3895 4279 1852 1852 3895 4279 2753 1620 1620 2351 22 1620 1620 3837 2806 1620
4133 4279 2753 1620 1620 3837 2867 3895 4279 2753 1620 1620 4133 2867 3837 4279 2753 1620 1620 3837
1620 3837 2867 4133 4279 2753 1620 1620 3837 4133 140 140 2753 1620 1620 3837 2867 4133 4279 4133
4279 3895 4279 2753 1620 1620 2351 22 1620 1620 3837 2806 1620 1620 3837 140 4133 4279 3895 4279
1620 3837 4279 4133 4279 2753 1620 1620 3837 2753 1620 1620 3837 2255 3895 4279 3895 4279 2753 1620
2255 3895 4279 3895 140 1852 1852 4133 4279 3895 4279 2753 1620 1620 2351 22 1620 1620 3837 2806
22 124 124 2351 22 124 124 692 2806 124 124 692 2867 4133 4279 3895 2806 22 124 124
4279 3895 4279 22 124 124 2351 22 124 124 692 2806 124 124 692 2867 4133 4279 3895 2806
2351 4279 22 1620 1620 3837 2806 1620 1620 3837 2867 4133 4279 2753 1620 1620 3837 2867 4133 4279
4133 4279 2753 1620 1620 3837 2753 1620 1620 3837 2255 3895 4279 3895 4279 1852 1852 4133 4279 3895
140 4133 4279 2753 1620 1620 3837 2867 22 1620 1620 3837 140 4133 4279 22 1620 1620 3837 2753
2753 1620 1620 3837 2255 3895 4279 3895 4279 2753 1620 1620 3837 4279 3895 4279 1852 1852 3895 4279
3895 4279 4133 4279 2753 1620 1620 3837 2867 22 1620 1620 3837 4279 4133 4279 2753 1620 1620 3837
4133 4279 2753 1620 1620 3837 2867 4133 4279 2753 1620 1620 3895 3837 140 140 4133 4279 2753 1620
4133 4279 2753 1620 1620 3837 2867 22 1620 1620 3837 4279 4133 4279 2753 1620 2351 3837 2753 1620
3837 3895 140 140 4133 4279 2753 1620 1620 3837 2867 22 1620 1620 3837 4279 4133 4279 2753 1620
1620 1620 3837 2806 1620 1620 3837 2867 4133 4279 3895 4279 22 1620 1620 3837 2255 1852 1852 140
3837 2867 4133 4279 2753 1620 1620 3837 2867 4133 4279 2753 1620 1620 3837 2867 3895 4279 4133 4279
1620 3837 2753 1620 1620 3837 2255 3895 4279 3895 4279 3895 4279 1852 1852 3895 4279 2753 1620 1620
1620 3837 2867 4133 4279 2753 1620 1620 3837 2867 4133 4279 2753 1620 1620 3837 2867 3895 4279 4133
140 3895 140 2753 1620 1620 2351 22 1620 2351 3837 2806 1620 1620 3837 2867 4133 4279 3895 4279
3837 2806 1620 1620 3837 2867 4133 4279 2753 1620 1620 3837 2867 4133 4279 2753 1620 1620 3837 2867
140 140 4133 4279 2753 1620 1620 3837 2867 22 1620 1620 3837 140 4133 4279 22 1620 1620 3837
2753 1620 1620 3837 2255 3895 4279 3895 4279 1852 1852 4133 4279 3895 4279 2753 1620 1620 2351 22
22 1620 1620 3837 2806 1620 1620 3837 2867 4133 4279 3895 4279 22 1620 1620 3837 2255 2753 1620
3895 4279 2753 1620 1620 2351 22 1620 1620 3837 2806 1620 1620 3837 2867 4133 4279 3895 4279 22
3895 4279 3895 4279 22 124 124 2351 22 124 124 692 2806 124 124 692 2867 4133 4279 3895
2867 4133 4279 2753 1620 1620 3837 3895 140 140 4133 4279 2753 1620 1620 3837 2867 22 1620 1620
2753 1620 1620 2351 22 1620 1620 3837 2806 1620 1620 3837 2867 4133 4279 3895 4279 22 1620 1620
3837 2255 3895 4279 3895 140 1852 1852 4133 4279 3895 4279 2753 1620 1620 2351 22 1620 1620 3837
2867 4133 4279 2753 1620 1620 3837 2867 3895 4279 4133 4279 2753 1620 1620 3837 2867 22 1620 1620
2351 22 1620 1620 3837 2806 1620 1620 3837 2867 4133 4279 3895 4279 22 1620 1620 3837 2255 1852
4133 4279 1852 1852 3895 4279 4133 4279 3895 4279 1852 1852 1620 4279 3895 4279 2753 1620 1620 2351
4279 2753 1620 1620 3837 2867 22 1620 1620 3837 4279 4133 4279 2753 1620 2351 3837 2753 1620 1620
4279 22 1620 1620 3837 2753 1620 1620 3837 2255 3895 4279 3895 4279 3895 4279 1852 1852 3895 4279
1852 1852 3895 4279 22 124 124 2351 22 124 124 692 2806 124 124 692 2867 4133 4279 3895
2806 1620 1620 3837 2867 4133 4279 2753 1620 1620 3837 2867 4133 4279 2753 1620 1620 3837 2867 3895
2753 1620 1620 2351 22 1620 1620 3837 2806 1620 1620 3837 140 4133 4279 3895 4279 22 1620 1620
1620 1620 3837 2806 1620 1620 3837 2867 4133 4279 2753 1620 1620 3837 2867 4133 4279 2753 1620 1620
124 2351 22 124 124 692 2806 124 124 692 2867 4133 4279 3895 4279 22 124 124 692 2255
2351 22 124 124 692 2806 124 124 692 2867 4133 4279 3895 4279 22 124 124 692 2255 1852
1620 1620 2351 22 1620 1620 3837 2806 1620 1620 3837 2867 4133 4279 3895 4279 22 1620 1620 3837
3837 2867 4133 4279 3895 4279 22 1620 1620 3837 2255 2753 1620 1620 3837 4279 1852 1852 2753 1620
3837 2753 1620 1620 3837 2255 3895 4279 3895 4279 4133 4279 1852 1852 3895 4279 2753 1620 1620 2351
4279 2753 1620 1620 2351 22 1620 1620 3837 2806 1620 1620 3837 2867 4133 4279 2753 1620 1620 3837
4279 4133 4279 2753 1620 1620 3837 2867 22 1620 1620 3837 4279 4133 4279 2753 1620 1620 3837 2753
3837 2867 22 1620 1620 3837 4279 4133 4279 2753 1620 1620 3837 2753 1620 1620 3837 2255 3895 4279
2806 1620 1620 3837 2867 4133 4279 2753 1620 1620 3837 2867 4133 4279 2753 1620 1620 3837 2867 3895
3837 2867 22 1620 1620 3837 140 4133 4279 22 1620 1620 3837 2753 1620 1620 3837 2255 3895 4279
140 2753 1620 1620 2351 22 1620 2351 3837 2806 1620 1620 3837 2867 4133 4279 3895 4279 22 1620
1620 2351 22 1620 1620 3837 2806 1620 1620 3837 140 4133 4279 3895 4279 22 1620 1620 3837 2753
3895 4279 22 124 124 2351 22 124 124 692 2806 124 124 692 2867 4133 4279 3895 4279 22
3837 4133 140 140 2753 1620 1620 3837 2867 3895 4279 4133 4279 2753 1620 1620 3837 2867 22 1620
140 1852 1852 3895 4279 22 1620 1620 3837 4279 3895 4279 1852 1852 3895 140 2753 1620 1620 2351
3895 4279 2753 1620 1620 3837 2255 3895 4279 3895 4279 2753 1620 1620 2351 22 1620 1620 3837 2806
1852 1852 3895 4279 2753 1620 1620 2351 22 1620 1620 3837 2806 1620 1620 3837 2867 4133 4279 3895
3895 4279 4133 4279 1852 1852 3895 4279 2753 1620 1620 2351 22 1620 1620 3837 2806 1620 1620 3837
1852 1852 3895 4279 2753 124 124 2351 22 124 124 692 2806 124 124 692 2867 4133 4279 3895
1620 1620 3837 2806 1620 1620 3837 2867 4133 4279 3895 4279 22 1620 1620 3837 2255 2753 1620 1620
1620 1620 3837 2867 4133 4279 3895 4279 22 1620 1620 3837 2255 1852 1852 2753 1620 1620 3837 4279
4133 4279 2753 1620 2351 3837 2753 1620 1620 3837 2255 3895 4279 3895 4279 1852 1852 4133 4279 3895
1620 1620 3837 2255 3895 4279 3895 4279 2753 1620 1620 2351 22 1620 1620 3837 2806 1620 1620 3837
2867 3895 4279 2753 124 124 2351 22 124 124 692 2806 124 124 692 140 4133 4279 3895 4279
2867 4133 4279 2753 1620 1620 3837 2867 4133 4279 2753 1620 1620 3837 3895 140 140 4133 4279 2753
2351 22 1620 1620 3837 2806 1620 1620 3837 2867 4133 4279 3895 4279 22 1620 1620 3837 2255 2753
4279 2753 1620 1620 3837 2867 22 1620 1620 3837 4279 4133 4279 2753 1620 1620 3837 2753 1620 1620
1620 3837 2867 4133 4279 2753 1620 1620 3895 3837 140 140 4133 4279 2753 1620 1620 3837 2867 22
124 692 2806 124 124 692 2867 4133 4279 3895 4279 22 124 124 692 2255 22 124 124 692
1852 3895 140 2753 1620 1620 2351 22 1620 1620 3837 2806 1620 1620 3837 2867 4133 4279 3895 4279
3895 4279 2753 124 124 2351 22 124 124 692 2806 124 124 692 2867 4133 4279 3895 4279 22
1620 3837 2753 1620 1620 3837 2255 3895 4279 3895 4279 2753 1620 1620 3837 4279 3895 4279 1852 1852
22 1620 1620 3837 4279 3895 4279 1852 1852 3895 4279 2753 1620 1620 2351 22 1620 1620 3837 2806
3895 4279 2753 1620 1620 2351 22 1620 1620 3837 2806 1620 1620 3837 2867 4133 4279 3895 4279 22
1620 1620 3837 2753 1620 1620 3837 2255 3895 4279 3895 4279 3895 4279 1852 1852 3895 4279 2753 1620
3895 4279 4133 4279 1852 1852 3895 4279 2753 1620 1620 2351 22 1620 1620 3837 2806 1620 1620 3837
3837 2806 1620 1620 3837 2867 4133 4279 3895 4279 22 1620 1620 3837 2255 2753 1620 1620 3837 4279
1620 3837 4279 3895 4279 2753 1620 1620 2351 4279 22 1620 1620 3837 2806 1620 1620 3837 2867 4133
1620 3837 2806 1620 1620 3837 2867 4133 4279 2753 1620 1620 3837 4133 140 140 2753 1620 1620 3837
1620 1620 3837 2867 4133 4279 3895 4279 22 1620 1620 3837 2255 1852 1852 2753 1620 1620 3837 4279
2753 1620 1620 3837 2255 3895 4279 3895 140 1852 1852 4133 4279 3895 4279 2753 1620 1620 2351 22
4279 3895 4279 22 124 124 2351 22 124 124 692 2806 124 124 692 2867 4133 4279 3895 2806
4279 2753 1620 1620 3837 2867 4133 4279 2753 1620 1620 3837 2867 3895 4279 4133 4279 2753 1620 1620
1620 1620 3837 2255 3895 4279 3895 4279 1852 1852 4133 4279 3895 4279 2753 1620 1620 2351 22 1620
2753 1620 1620 3837 2255 3895 4279 3895 4279 2753 1620 1620 2351 22 1620 1620 3837 2806 1620 1620
1620 3837 2867 22 1620 1620 3837 4279 4133 4279 2753 1620 2351 3837 2753 1620 1620 3837 2255 3895
1620 2351 3837 2753 1620 1620 3837 2255 3895 4279 3895 4279 1852 1852 4133 4279 3895 4279 2753 1620
1620 2351 22 1620 1620 3837 2806 1620 1620 3837 2867 4133 4279 2753 1620 1620 3837 2867 4133 4279
2867 4133 4279 2753 1620 1620 3837 2867 4133 4279 2753 1620 1620 3837 2867 3895 4279 4133 4279 2753
3837 2753 1620 1620 3837 2255 3895 4279 3895 4279 4133 4279 1852 1852 3895 4279 2753 1620 1620 2351
4279 3895 4279 22 1620 1620 3837 2255 2753 1620 1620 3837 4279 1852 1852 2753 1620 1620 3837 4279
2753 1620 1620 2351 22 1620 1620 3837 2806 1620 1620 3837 2867 4133 4279 2753 1620 1620 3837 2867
2753 124 124 2351 22 124 124 692 2806 124 124 692 2867 4133 4279 3895 4279 22 124 124
1852 1852 3895 4279 2753 124 124 2351 22 124 124 692 2806 124 124 692 2867 4133 4279 3895
1620 3837 2753 1620 1620 3837 2255 3895 4279 3895 4279 3895 4279 1852 1852 3895 4279 2753 1620 1620
692 2867 4133 4279 3895 4279 22 124 124 692 140 22 124 124 2351 4279 1852 1852 22 124
140 3895 4279 22 124 124 2351 22 124 124 692 2806 124 124 692 2867 4133 4279 3895 4279
1620 1620 2351 22 1620 1620 3837 2806 1620 1620 3837 2867 4133 4279 3895 4279 22 1620 1620 3837
1620 1620 3837 2753 1620 1620 3837 2255 3895 4279 3895 4279 3895 4279 1852 1852 3895 4279 2753 1620
3837 4279 4133 4279 2753 1620 1620 3837 2867 22 1620 1620 3837 4279 4133 4279 2753 1620 1620 3837
1620 1620 3837 2867 22 1620 1620 3837 4279 4133 4279 2753 1620 1620 3837 2753 1620 1620 3837 2255
124 2351 22 124 124 692 2806 124 124 692 2867 4133 4279 3895 4279 22 124 124 692 2255
3895 4279 3895 4279 3895 4279 1852 1852 3895 4279 2753 1620 1620 2351 22 1620 1620 3837 2806 1620
1620 1620 3837 2753 1620 1620 3837 2255 3895 4279 3895 4279 3895 4279 1852 1852 3895 4279 2753 1620
1852 3895 4279 2753 1620 1620 2351 22 1620 1620 3837 2806 1620 1620 3837 2867 4133 4279 3895 4279
2806 1620 1620 3837 2867 4133 4279 2753 1620 1620 3837 2867 4133 4279 2753 1620 1620 3837 2867 3895
1620 4279 3895 4279 2753 1620 1620 2351 22 1620 1620 3837 2806 1620 1620 3837 2867 4133 4279 3895
1620 3837 4279 3895 4279 2753 1620 1620 2351 4279 22 1620 1620 3837 2806 1620 1620 3837 2867 4133
1852 3895 4279 22 124 124 2351 22 124 124 692 2806 124 124 692 2867 4133 4279 3895 4279
1852 1852 3895 4279 3895 4279 22 124 124 2351 22 124 124 692 2806 124 124 692 2867 4133
1620 1620 2351 22 1620 1620 3837 2806 1620 1620 3837 2867 4133 4279 3895 4279 22 1620 1620 3837
1620 3837 2867 4133 4279 3895 4279 22 1620 1620 3837 2255 1852 1852 2753 1620 1620 3837 4279 1852
1620 2351 22 1620 1620 3837 2806 1620 1620 3837 2867 4133 4279 2753 1620 1620 3837 2867 4133 4279
3895 4279 1852 1852 4133 4279 3895 4279 2753 1620 1620 2351 22 1620 1620 3837 2806 1620 1620 3837
22 1620 1620 3837 4279 4133 4279 2753 1620 1620 3837 2753 1620 1620 3837 2255 3895 4279 3895 4279
1620 3837 2753 1620 1620 3837 2255 3895 4279 3895 4279 3895 4279 1852 1852 3895 4279 2753 1620 1620
4279 2753 1620 1620 3837 2867 4133 4279 2753 1620 1620 3895 3837 140 140 4133 4279 2753 1620 1620
4279 4133 4279 2753 1620 1620 3837 2753 1620 1620 3837 2255 3895 4279 3895 4279 3895 4279 1852 1852
2753 1620 1620 3837 2867 3895 4279 4133 4279 2753 1620 1620 3837 2867 22 1620 1620 3837 4279 4133
4279 2753 1620 1620 3837 2867 22 1620 1620 3837 4279 4133 4279 2753 1620 1620 3837 2753 1620 1620
4279 3895 4279 2753 1620 1620 2351 22 1620 1620 3837 2806 1620 1620 3837 2867 4133 4279 3895 4279
22 1620 1620 3837 2806 1620 1620 3837 2867 4133 4279 2753 1620 1620 3837 2867 4133 4279 2753 1620
3837 2867 22 1620 1620 3837 4279 4133 4279 2753 1620 1620 3837 2753 1620 1620 3837 2255 3895 4279
1620 1620 3837 2867 22 1620 1620 3837 140 4133 4279 22 1620 1620 3837 2753 1620 1620 3837 2255
4279 2753 1620 1620 3837 2867 22 1620 1620 3837 4279 4133 4279 2753 1620 1620 3837 2753 1620 1620
1620 3837 2753 1620 1620 3837 2255 3895 4279 3895 4279 3895 4279 1852 1852 3895 4279 2753 1620 1620
2753 1620 1620 2351 22 1620 1620 3837 2806 1620 1620 3837 2867 4133 4279 3895 4279 22 1620 1620
3837 2806 1620 1620 3837 2867 4133 4279 2753 1620 1620 3837 2867 4133 4279 2753 1620 1620 3837 3895
1620 1620 3837 2867 4133 4279 2753 1620 1620 3837 2867 3895 4279 4133 4279 2753 1620 1620 3837 2867
1620 1620 2351 22 1620 1620 3837 2806 1620 1620 3837 2867 4133 4279 3895 4279 22 1620 1620 3837
3837 2867 3895 4279 2753 1620 1620 4133 2867 3837 4279 2753 1620 1620 3837 4279 4133 4279 2753 1620
2867 22 1620 1620 3837 4279 4133 4279 2753 1620 1620 3837 2753 1620 1620 3837 2255 3895 4279 3895
140 1852 1852 4133 4279 3895 4279 2753 1620 1620 2351 22 1620 1620 3837 2806 1620 1620 3837 140
1852 1852 4133 4279 3895 4279 2753 1620 1620 2351 22 1620 1620 3837 2806 1620 1620 3837 2867 4133
1620 3837 2753 1620 1620 3837 2255 3895 4279 3895 4279 2753 1620 1620 3837 4279 3895 4279 1852 1852
1620 3837 2867 4133 4279 2753 1620 1620 3837 3895 140 140 4133 4279 2753 1620 1620 3837 2867 22
1620 1620 3837 2255 3895 4279 3895 4279 2753 1620 1620 2351 22 1620 1620 3837 2806 1620 1620 3837
1620 1620 3837 2867 4133 4279 2753 1620 1620 3837 2867 4133 4279 2753 1620 1620 3837 3895 140 140
124 124 2351 22 124 124 692 2806 124 124 692 2867 4133 4279 3895 4279 22 124 124 692
4279 1852 1852 3895 140 2753 1620 1620 2351 22 1620 1620 3837 2806 1620 1620 3837 2867 4133 4279
4133 4279 2753 1620 1620 3837 2867 3895 4279 2753 1620 1620 4133 2867 3837 4279 2753 1620 1620 3837
2753 1620 1620 2351 22 1620 1620 3837 2806 1620 1620 3837 2867 4133 4279 3895 4279 22 1620 1620
1620 3837 2867 22 1620 1620 3837 4279 4133 4279 2753 1620 1620 3837 2753 1620 1620 3837 2255 3895
4279 2753 1620 1620 3837 3895 140 140 4133 4279 2753 1620 1620 3837 2867 22 1620 1620 3837 4279
1620 3837 4279 4133 4279 2753 1620 1620 3837 2753 1620 1620 3837 2255 3895 4279 3895 4279 1852 1852
4279 2753 124 124 2351 22 124 124 692 2806 124 124 692 140 4133 4279 3895 4279 22 124
4279 4133 4279 2753 1620 1620 3837 2867 22 1620 1620 3837 4279 4133 4279 2753 1620 1620 3837 2753
3837 2867 4133 4279 2753 1620 1620 3895 3837 140 140 4133 4279 2753 1620 1620 3837 2867 22 1620
1620 1620 3837 2806 1620 1620 3837 2867 4133 4279 2753 1620 1620 3837 2867 4133 4279 2753 1620 1620
124 2351 22 124 124 692 2806 124 124 692 2867 4133 4279 3895 2806 22 124 124 692 2255
1852 3895 4279 2753 1620 1620 2351 22 1620 1620 3837 2806 1620 1620 3837 140 4133 4279 3895 4279
1620 1620 3837 2867 22 1620 1620 3837 140 4133 4279 22 1620 1620 3837 2753 1620 1620 3837 2255
2351 22 1620 1620 3837 2806 1620 1620 3837 2867 4133 4279 2753 1620 1620 3837 2867 4133 4279 2753
1852 3895 4279 4133 4279 3895 4279 1852 1852 1620 4279 3895 4279 2753 1620 1620 2351 22 1620 1620
2753 1620 1620 3837 2867 3895 4279 2753 1620 1620 4133 2867 3837 4279 2753 1620 1620 3837 4279 4133
3895 4279 124 4279 1852 1852 3895 4279 22 124 124 2351 22 124 124 692 2806 124 124 692
1620 1620 2351 22 1620 1620 3837 2806 1620 1620 3837 140 4133 4279 3895 4279 22 1620 1620 3837
3895 4279 1852 1852 3895 140 2753 1620 1620 2351 22 1620 1620 3837 2806 1620 1620 3837 2867 4133
4279 124 4279 1852 1852 3895 4279 22 124 124 2351 22 124 124 692 2806 124 124 692 2867
4279 2753 1620 1620 3837 2867 4133 4279 2753 1620 1620 3895 3837 140 140 4133 4279 2753 1620 1620
4279 4133 4279 1852 1852 3895 4279 4133 4279 3895 4279 1852 1852 1620 4279 3895 4279 2753 1620 1620
3895 4279 1852 1852 4133 4279 3895 4279 2753 1620 1620 2351 22 1620 1620 3837 2806 1620 1620 3837
692 4279 3895 4279 3895 4279 22 124 124 2351 22 124 124 692 2806 124 124 692 2867 4133
22 1620 1620 3837 4279 3895 4279 2753 1620 1620 2351 4279 22 1620 1620 3837 2806 1620 1620 3837
3837 4133 140 140 2753 1620 1620 3837 2867 3895 4279 4133 4279 2753 1620 1620 3837 2867 22 1620
2867 4133 4279 2753 1620 1620 3837 3895 140 140 4133 4279 2753 1620 1620 3837 2867 22 1620 1620
2806 1620 1620 3837 2867 4133 4279 2753 1620 1620 3837 2867 4133 4279 2753 1620 1620 3837 2867 3895
3837 2867 4133 4279 2753 1620 1620 3837 2867 4133 4279 2753 1620 1620 3837 2867 3895 4279 2753 1620
4279 3895 4279 1852 1852 3895 4279 2753 1620 1620 2351 22 1620 1620 3837 2806 1620 1620 3837 2867
3895 4279 22 1620 1620 3837 4279 3895 4279 1852 1852 3895 140 2753 1620 1620 2351 22 1620 1620
124 124 692 2806 124 124 692 2867 4133 4279 3895 4279 22 124 124 692 2255 22 124 124
2753 1620 1620 2351 22 1620 1620 3837 2806 1620 1620 3837 2867 4133 4279 3895 4279 22 1620 1620
3837 2255 3895 4279 3895 4279 22 1620 1620 3837 4279 3895 4279 1852 1852 3895 4279 2753 1620 1620
124 2351 22 124 124 692 2806 124 124 692 2867 4133 4279 3895 2806 22 124 124 692 2255
4133 2867 3837 4279 2753 1620 1620 3837 4279 4133 4279 2753 1620 1620 3837 2753 1620 1620 3837 2255
2867 22 1620 1620 3837 4279 4133 4279 2753 1620 1620 3837 2753 1620 1620 3837 2255 3895 4279 3895
2867 4133 4279 2753 1620 1620 3837 3895 140 140 4133 4279 2753 1620 1620 3837 2867 22 1620 1620
3837 4279 4133 4279 2753 1620 1620 3837 2753 1620 1620 3837 2255 3895 4279 3895 4279 3895 4279 1852
124 2351 22 124 124 692 2806 124 124 692 2867 4133 4279 3895 4279 22 124 124 692 140
4279 2753 1620 1620 3837 2867 4133 4279 2753 1620 1620 3837 2867 3895 4279 4133 4279 2753 1620 1620
1620 2351 22 1620 2351 3837 2806 1620 1620 3837 2867 4133 4279 3895 4279 22 1620 1620 3837 2255
2753 1620 1620 3837 2867 3895 4279 2753 1620 1620 4133 2867 3837 4279 2753 1620 1620 3837 4279 4133
1620 1620 3837 2867 4133 4279 3895 4279 22 1620 1620 3837 2255 22 1620 1620 3837 4279 1852 1852
2753 1620 1620 3837 2255 3895 4279 3895 4279 3895 4279 1852 1852 3895 4279 2753 1620 1620 2351 22
3895 4279 22 1620 1620 3837 4279 3895 4279 2753 1620 1620 2351 4279 22 1620 1620 3837 2806 1620
2867 4133 4279 2753 1620 1620 3837 2867 4133 4279 2753 1620 1620 3837 2867 3895 4279 4133 4279 2753
4279 2753 1620 1620 3837 2867 4133 4279 2753 1620 1620 3837 2867 3895 4279 2753 1620 1620 4133 2867
1852 4133 4279 3895 4279 2753 1620 1620 2351 22 1620 1620 3837 2806 1620 1620 3837 2867 4133 4279
124 4279 3895 140 3895 4279 22 124 124 2351 22 124 124 692 2806 124 124 692 2867 4133
1852 3895 4279 2753 1620 1620 2351 22 1620 1620 3837 2806 1620 1620 3837 2867 4133 4279 3895 4279
4279 2753 1620 1620 3837 2867 4133 4279 2753 1620 1620 3837 2867 3895 4279 4133 4279 2753 1620 1620
2806 124 124 692 2867 4133 4279 3895 4279 22 124 124 692 2255 22 124 124 692 4279 1852
1852 3895 4279 22 1620 1620 3837 4279 3895 4279 1852 1852 3895 140 2753 1620 1620 2351 22 1620
1620 2351 22 1620 1620 3837 2806 1620 1620 3837 2867 4133 4279 3895 4279 22 1620 1620 3837 2255
1852 3895 4279 2753 124 124 2351 22 124 124 692 2806 124 124 692 2867 4133 4279 3895 4279
2351 22 1620 1620 3837 2806 1620 1620 3837 2867 4133 4279 2753 1620 1620 3837 2867 4133 4279 2753
1620 2351 22 1620 1620 3837 2806 1620 1620 3837 2867 4133 4279 2753 1620 1620 3837 2867 4133 4279
4279 2753 124 124 2351 22 124 124 692 2806 124 124 692 2867 4133 4279 3895 4279 22 124
2753 1620 1620 3837 2753 1620 1620 3837 2255 3895 4279 3895 4279 2753 1620 1620 3837 4279 3895 4279
22 124 124 2351 22 124 124 692 2806 124 124 692 2867 4133 4279 3895 4279 22 124 124
1620 1620 3837 2867 4133 4279 2753 1620 1620 3837 2867 4133 4279 2753 1620 1620 3837 2867 3895 4279
2806 1620 1620 3837 2867 4133 4279 2753 1620 1620 3837 2867 4133 4279 2753 1620 1620 3837 2867 3895
3837 2867 4133 4279 2753 1620 1620 3837 2867 3895 4279 4133 4279 2753 1620 1620 3837 2867 22 1620
1620 1620 3837 2867 4133 4279 2753 1620 1620 3837 2867 3895 4279 4133 4279 2753 1620 1620 3837 2867
4279 2753 1620 1620 3837 2867 4133 4279 2753 1620 1620 3895 3837 140 140 4133 4279 2753 1620 1620
2753 1620 1620 3837 2255 3895 4279 3895 4279 4133 4279 1852 1852 3895 4279 2753 1620 1620 2351 22
2753 1620 1620 3837 2753 1620 1620 3837 2255 3895 4279 3895 4279 3895 4279 1852 1852 3895 4279 2753
2351 22 124 124 692 2806 124 124 692 2867 4133 4279 3895 2806 22 124 124 692 2255 1852
4279 2753 124 124 2351 22 124 124 692 2806 124 124 692 140 4133 4279 3895 4279 22 124
2753 1620 1620 3837 4133 140 140 2753 1620 1620 3837 2867 3895 4279 4133 4279 2753 1620 1620 3837
2753 1620 1620 3837 2867 22 1620 1620 3837 4279 4133 4279 2753 1620 2351 3837 2753 1620 1620 3837
2753 1620 1620 3837 2867 22 1620 1620 3837 140 4133 4279 22 1620 1620 3837 2753 1620 1620 3837
2753 1620 3895 2867 4133 4279 3895 140 22 4279 1620 3837 2255 3895 4279 22 1620 1620 3837 4279
1852 3895 140 2753 1620 1620 2351 22 1620 1620 3837 2806 1620 1620 3837 2867 4133 4279 3895 4279
2867 3895 4279 2753 124 124 2351 22 124 124 692 2806 124 124 692 140 4133 4279 3895 4279
124 124 692 2806 124 124 692 2867 4133 4279 3895 4279 22 124 124 692 140 22 124 124
4279 2753 1620 1620 3837 2867 22 1620 1620 3837 4279 4133 4279 2753 1620 1620 3837 2753 1620 1620
4279 3895 4279 3895 4279 1852 1852 3895 4279 2753 1620 1620 2351 22 1620 1620 3837 2806 1620 1620
4133 4279 2753 1620 1620 3837 2867 4133 4279 2753 1620 1620 3837 2867 3895 4279 2753 1620 1620 4133
1620 1620 3837 2867 4133 4279 2753 1620 1620 3837 4133 140 140 2753 1620 1620 3837 2867 3895 4279
1620 1620 3837 2255 3895 4279 3895 4279 3895 4279 1852 1852 3895 4279 2753 1620 1620 2351 22 1620
3895 4279 1852 1852 3895 4279 2753 1620 1620 2351 22 1620 1620 3837 2806 1620 1620 3837 140 4133
3837 2867 22 1620 1620 3837 4279 4133 4279 2753 1620 1620 3837 2753 1620 1620 3837 2255 3895 4279
3837 2867 4133 4279 2753 1620 1620 3837 2867 4133 4279 2753 1620 1620 3837 2867 3895 4279 4133 4279
4279 3895 4279 1852 1852 3895 4279 2753 1620 1620 2351 22 1620 1620 3837 2806 1620 1620 3837 2867
2255 3895 4279 3895 4279 3895 4279 1852 1852 3895 4279 2753 1620 1620 2351 22 1620 1620 3837 2806
4279 2753 1620 1620 3837 2867 3895 4279 4133 4279 2753 1620 1620 3837 2867 22 1620 1620 3837 4279
22 1620 1620 3837 4279 3895 4279 1852 1852 3895 4279 2753 1620 1620 2351 22 1620 1620 3837 2806
2753 124 124 2351 22 124 124 692 2806 124 124 692 2867 4133 4279 3895 4279 22 124 124
4279 2753 1620 1620 3837 2255 3895 4279 3895 4279 2753 1620 1620 2351 22 1620 1620 3837 2806 1620
1852 1852 3895 4279 4133 4279 3895 4279 1852 1852 1620 4279 3895 4279 2753 1620 1620 2351 22 1620
124 2351 22 124 124 692 2806 124 124 692 2867 4133 4279 3895 4279 22 124 124 692 2255
1620 3895 3837 140 140 4133 4279 2753 1620 1620 3837 2867 22 1620 1620 3837 140 4133 4279 22
2753 1620 1620 2351 22 1620 1620 3837 2806 1620 1620 3837 2867 4133 4279 2753 1620 1620 3837 2867
3837 2806 1620 1620 3837 2867 4133 4279 2753 1620 1620 3837 4133 140 140 2753 1620 1620 3837 2867
1620 3837 2867 4133 4279 2753 1620 1620 3837 2867 4133 4279 2753 1620 1620 3837 2867 3895 4279 2753
1620 1620 2351 22 1620 1620 3837 2806 1620 1620 3837 2867 4133 4279 3895 4279 22 1620 1620 3837
4279 4133 4279 2753 1620 1620 3837 2867 22 1620 1620 3837 4279 4133 4279 2753 1620 1620 3837 2753
1620 3837 2255 3895 4279 3895 4279 3895 4279 1852 1852 3895 4279 2753 1620 1620 2351 22 1620 1620
3837 2867 4133 4279 2753 1620 1620 3837 2867 3895 4279 4133 4279 2753 1620 1620 3837 2867 22 1620
1620 1620 3837 2753 1620 1620 3837 2255 3895 4279 3895 4279 3895 4279 1852 1852 3895 4279 2753 1620
1620 1620 3837 2867 4133 4279 2753 1620 1620 3837 2867 4133 4279 2753 1620 1620 3837 2867 3895 4279
3895 4279 1852 1852 1620 4279 3895 4279 2753 1620 1620 2351 22 1620 1620 3837 2806 1620 1620 3837
1620 3837 4279 3895 4279 1852 1852 3895 4279 2753 1620 1620 2351 22 1620 1620 3837 2806 1620 1620
140 3895 140 2753 1620 1620 2351 22 1620 2351 3837 2806 1620 1620 3837 2867 4133 4279 3895 4279
1620 3837 2867 22 1620 1620 3837 140 4133 4279 22 1620 1620 3837 2753 1620 1620 3837 2255 3895
2753 1620 1620 3837 2867 3895 4279 4133 4279 2753 1620 1620 3837 2867 22 1620 1620 3837 4279 4133
3895 4279 3895 4279 1852 1852 4133 4279 3895 4279 2753 1620 1620 2351 22 1620 1620 3837 2806 1620
2255 3895 4279 3895 4279 3895 4279 1852 1852 3895 4279 2753 1620 1620 2351 22 1620 1620 3837 2806
1620 1620 3837 2867 4133 4279 3895 4279 22 1620 1620 3837 2255 2753 1620 1620 3837 4279 1852 1852
124 2351 22 124 124 692 2806 124 124 692 2867 4133 4279 3895 4279 22 124 124 692 2255
1620 3837 2867 22 1620 1620 3837 140 4133 4279 22 1620 1620 3837 2753 1620 1620 3837 2255 3895
1620 1620 3837 2867 4133 4279 2753 1620 1620 3837 2867 4133 4279 2753 1620 1620 3837 2867 3895 4279
1620 3837 4279 3895 4279 1852 1852 3895 4279 2753 1620 1620 2351 22 1620 1620 3837 2806 1620 1620
3895 4279 3895 4279 3895 4279 1852 1852 3895 4279 2753 1620 1620 2351 22 1620 1620 3837 2806 1620
1620 1620 2351 22 1620 1620 3837 2806 1620 1620 3837 2867 4133 4279 3895 4279 22 1620 1620 3837
1620 3837 4133 140 140 2753 1620 1620 3837 2867 3895 4279 4133 4279 2753 1620 1620 3837 2867 22
1620 1620 3837 2867 4133 4279 3895 4279 22 1620 1620 3837 2255 1852 1852 2753 1620 1620 3837 4279
3837 2753 1620 1620 3837 2255 3895 4279 3895 140 1852 1852 1620 4279 3895 4279 2753 1620 1620 2351
124 692 2806 124 124 692 2867 4133 4279 3895 4279 22 124 124 692 140 22 124 124 2351
3895 4279 4133 4279 1852 1852 3895 4279 2753 1620 1620 2351 22 1620 1620 3837 2806 1620 1620 3837
4279 2753 1620 1620 3837 2867 22 1620 1620 3837 4279 4133 4279 2753 1620 1620 3837 2753 1620 1620
3837 4279 2753 1620 1620 3837 4279 4133 4279 2753 1620 1620 3837 2753 1620 1620 3837 2255 3895 4279
2867 1852 1852 3895 4279 2753 124 124 2351 22 124 124 692 2806 124 124 692 2867 4133 4279
1620 1620 3837 2753 1620 1620 3837 2255 3895 4279 3895 4279 3895 4279 1852 1852 3895 4279 2753 1620
1620 1620 3837 2867 22 1620 1620 3837 4279 4133 4279 2753 1620 2351 3837 2753 1620 1620 3837 2255
4133 4279 2753 1620 1620 3837 2867 22 1620 1620 3837 4279 4133 4279 2753 1620 1620 3837 2753 1620
4279 2753 1620 1620 2351 22 1620 1620 3837 2806 1620 1620 3837 2867 4133 4279 3895 4279 22 1620
4133 4279 3895 4279 22 124 124 692 140 22 124 124 2351 4279 1852 1852 22 124 124 692
4279 1852 1852 124 4279 3895 140 3895 4279 22 124 124 2351 22 124 124 692 2806 124 124
1620 1620 2351 22 1620 1620 3837 2806 1620 1620 3837 2867 4133 4279 2753 1620 1620 3837 2867 4133
22 1620 1620 3837 4279 4133 4279 2753 1620 1620 3837 2753 1620 1620 3837 2255 3895 4279 3895 4279
22 4279 1620 3837 2255 3895 4279 22 1620 1620 3837 4279 3895 4279 2753 1620 1620 2351 4279 22
3895 4279 2753 1620 1620 2351 22 1620 1620 3837 2806 1620 1620 3837 140 4133 4279 3895 4279 22
1620 3837 2255 3895 4279 3895 140 1852 1852 4133 4279 3895 4279 2753 1620 1620 2351 22 1620 1620
1620 3837 2806 1620 1620 3837 2867 4133 4279 2753 1620 1620 3837 4133 140 140 2753 1620 1620 3837
22 1620 1620 3837 2806 1620 1620 3837 2867 4133 4279 2753 1620 1620 3837 2867 4133 4279 2753 1620
3895 4279 3895 4279 3895 4279 1852 1852 3895 4279 2753 1620 1620 2351 22 1620 1620 3837 2806 1620
1620 2351 22 1620 1620 3837 2806 1620 1620 3837 2867 4133 4279 2753 1620 1620 3837 2867 4133 4279
3895 4279 1852 1852 124 4279 3895 140 3895 4279 22 124 124 2351 22 124 124 692 2806 124
1620 2351 22 1620 1620 3837 2806 1620 1620 3837 2867 4133 4279 2753 1620 1620 3837 2867 4133 4279
1620 3837 2867 4133 4279 2753 1620 1620 3837 2867 4133 4279 2753 1620 1620 3837 2867 3895 4279 4133
140 2753 1620 1620 2351 22 1620 1620 3837 2806 1620 1620 3837 2867 4133 4279 2753 1620 1620 3837
22 124 124 2351 22 124 124 692 2806 124 124 692 2867 4133 4279 3895 4279 22 124 124
4133 4279 2753 1620 1620 3837 2753 1620 1620 3837 2255 3895 4279 3895 4279 4133 4279 1852 1852 3895
4279 3895 4279 2753 1620 1620 2351 22 1620 1620 3837 2806 1620 1620 3837 2867 4133 4279 3895 4279
692 4279 3895 4279 3895 4279 22 124 124 2351 22 124 124 692 2806 124 124 692 2867 4133
2867 3837 4279 2753 1620 1620 3837 4279 4133 4279 2753 1620 1620 3837 2753 1620 1620 3837 2255 3895
2867 22 1620 1620 3837 4279 4133 4279 2753 1620 2351 3837 2753 1620 1620 3837 2255 3895 4279 3895
124 2351 22 124 124 692 2806 124 124 692 2867 4133 4279 3895 4279 22 124 124 692 2255
2753 1620 1620 2351 22 1620 1620 3837 2806 1620 1620 3837 2867 4133 4279 2753 1620 1620 3837 2867
2867 4133 4279 3895 140 22 4279 1620 3837 2255 3895 4279 22 1620 1620 3837 4279 3895 4279 2753
1620 3837 4279 4133 4279 2753 1620 2351 3837 2753 1620 1620 3837 2255 3895 4279 3895 4279 1852 1852
3837 2753 1620 1620 3837 2255 3895 4279 3895 4279 4133 4279 1852 1852 3895 4279 2753 1620 1620 2351
2753 124 124 2351 22 124 124 692 2806 124 124 692 2867 4133 4279 3895 4279 22 124 124
3837 2806 1620 1620 3837 2867 4133 4279 2753 1620 1620 3837 2867 4133 4279 2753 1620 1620 3837 3895
3895 4279 3895 4279 3895 4279 1852 1852 3895 4279 2753 1620 1620 2351 22 1620 1620 3837 2806 1620
124 124 2351 22 124 124 692 2806 124 124 692 2867 4133 4279 3895 4279 22 124 124 692
1620 1620 3837 2255 3895 4279 3895 4279 2753 1620 1620 2351 22 1620 1620 3837 2806 1620 1620 3837
124 124 2351 22 124 124 692 2806 124 124 692 2867 4133 4279 3895 140 22 124 124 692
3837 3895 140 140 4133 4279 2753 1620 1620 3837 2867 22 1620 1620 3837 4279 4133 4279 2753 1620
1852 1620 4279 3895 4279 2753 1620 1620 2351 22 1620 1620 3837 2806 1620 1620 3837 2867 4133 4279
1620 3837 2867 22 1620 1620 3837 4279 4133 4279 2753 1620 1620 3837 2753 1620 1620 3837 2255 3895
3837 3895 140 140 4133 4279 2753 1620 1620 3837 2867 22 1620 1620 3837 4279 4133 4279 2753 1620
2806 1620 1620 3837 2867 4133 4279 2753 1620 1620 3837 2867 4133 4279 2753 1620 1620 3837 2867 3895
3895 4279 2753 1620 1620 2351 22 1620 1620 3837 2806 1620 1620 3837 2867 4133 4279 3895 4279 22
3895 4279 3895 140 1852 1852 4133 4279 3895 4279 2753 1620 1620 2351 22 1620 1620 3837 2806 1620
2806 1620 1620 3837 2867 4133 4279 2753 1620 1620 3837 2867 4133 4279 2753 1620 1620 3837 2867 3895
22 1620 1620 3837 2806 1620 1620 3837 2867 4133 4279 2753 1620 1620 3837 2867 4133 4279 2753 1620
1852 3895 4279 2753 124 124 2351 22 124 124 692 2806 124 124 692 2867 4133 4279 3895 4279
