1670 1670 4782 4782 1670 1670 3860 1362 625 1362 1584 611 4153 1067 763 611 4153 1067 763 611
1670 3860 1362 625 1362 1584 2320 1792 1067 3452 2320 2860 1067 3452 2320 1792 1488 2320 763 2367
1362 625 1362 1584 2320 1792 1067 3452 2320 2860 1067 3452 2320 1792 1488 2320 763 2367 3772 2320
2367 3772 611 763 2367 3772 611 763 763 3772 2860 2518 611 763 1584 602 611 763 1584 602
1670 1670 4782 4782 1670 1670 3860 1362 625 1362 1584 611 2860 1067 3452 611 2860 1067 3452 611
611 2860 1584 3772 2860 2518 611 2860 1584 611 611 763 1584 611 611 2860 1584 611 611 2860
625 1362 1584 611 2860 1067 3452 611 763 1067 3452 611 2860 1488 611 2860 1584 3772 611 2860
1792 2518 1584 611 2518 3452 1584 611 1792 1488 611 1792 2367 3772 611 1792 2367 3772 611 1792
1584 1670 1670 3860 1362 625 1362 1584 611 1792 1067 3452 611 1792 1067 3452 611 1792 1488 611
4782 1362 625 3860 3860 2518 1584 1670 1670 1362 1370 1370 1227 1227 3860 1362 625 1370 1227 1370
1670 1670 3860 1362 625 1362 1584 611 763 1067 3452 611 763 1067 3452 611 1792 1488 611 1792
1792 1067 3452 611 763 1067 3452 611 1792 1488 611 763 2367 3772 611 763 625 2367 3772 611
602 2860 1488 602 2860 2367 3772 602 2860 1370 1227 1370 1227 2367 3772 602 763 1584 3772 2860
1362 625 4782 1362 1584 602 2860 1067 3452 602 2860 2518 3452 602 2860 1488 602 2860 2367 3772
602 763 1584 3772 2860 2518 602 2860 1584 602 602 2860 1370 1227 1370 1227 2860 1488 611 2860
1584 611 2518 3452 1584 611 1792 1488 611 1792 2367 3772 611 1792 2367 3772 611 1792 1584 3772
2518 1584 1670 1670 3860 1362 625 1362 1584 611 1792 1067 3452 611 1792 611 3452 611 1792 1488
3452 2320 2860 1067 3452 2320 1792 1488 2320 763 2367 3772 2320 1792 2367 3772 2320 763 1584 3772
611 1792 2367 3772 611 1792 1584 3772 1792 2518 611 1792 1584 602 611 1792 1584 602 611 1792
123 1792 1067 3452 123 1792 123 3452 123 1792 1488 123 1792 2367 3772 123 1792 625 2367 3772
611 2860 1488 2320 2860 2367 3772 123 2860 2367 3772 611 2860 1584 3772 2860 2518 611 2860 1584
611 1792 1067 3452 123 2860 1067 3452 611 2860 1584 602 611 2860 2367 3772 611 2860 2367 3772
2367 3772 611 4153 2367 3772 611 4153 1584 3772 1792 2518 611 4153 1584 602 611 4153 1584 602
611 4153 2367 3772 611 4153 1584 3772 1792 2518 611 4153 1584 602 611 4153 1584 602 611 4153
4153 1067 763 611 4153 1067 763 611 1792 1488 611 4153 2367 3772 611 4153 2367 3772 611 4153
2367 3772 602 763 1584 3772 2860 2518 602 2860 1584 602 602 2860 1370 1227 1370 1227 2860 1488
625 2518 1584 1670 1670 4782 4782 1670 1670 3860 1362 625 1362 1584 611 1792 1067 3452 611 1792
1362 1370 1370 1227 1227 3860 1362 625 1370 1227 1370 1227 1362 1584 611 1792 1067 3452 611 2860
3452 123 1792 1488 123 1792 2367 3772 123 1792 625 2367 3772 123 1792 1584 3772 1370 1227 1370
1227 3860 1362 4782 1362 1584 123 1792 1067 3452 123 1792 123 3452 123 1792 1488 123 1792 2367
1227 1370 1227 3860 1362 4782 1362 1584 123 1792 1067 3452 123 1792 123 3452 123 1792 1488 123
2320 763 2367 3772 2320 1792 2367 3772 2320 763 3452 3772 1792 2518 2320 1792 1584 602 2320 1792
763 625 2367 3772 611 1792 763 3772 1792 2518 611 1792 1584 602 611 763 1584 602 611 1792
1670 1670 3860 1362 1362 1584 611 1792 1067 3452 611 763 1067 3452 611 1792 1488 611 763 2367
2367 3772 611 1792 2367 3772 611 1792 1584 3772 1792 2518 611 1792 1584 602 611 1792 1584 602
1584 1670 1670 1362 1584 611 2860 1067 3452 602 763 1067 3452 611 1792 1488 611 2860 2367 3772
2518 1584 1670 1670 3860 1362 625 1362 1584 611 1792 1067 3452 611 763 1067 3452 611 1792 1488
1488 2320 2860 2367 3772 123 2860 2367 3772 611 2860 1584 3772 2860 2518 611 2860 1584 602 611
1362 3860 1362 625 4782 1362 1584 602 2860 1067 3452 602 2860 2518 3452 602 2860 1488 602 2860
4782 1362 625 3860 2518 1584 1670 1670 3860 1362 625 1362 1584 611 1792 1067 3452 611 763 1067
4153 1067 763 611 1792 1488 611 4153 2367 3772 611 4153 2367 3772 611 4153 1584 3772 1792 2518
4782 2518 1584 2518 1584 1670 1670 3860 1362 1362 1584 611 1792 1067 3452 611 763 2518 3452 611
1067 3452 2320 1792 1488 2320 763 2367 3772 123 763 2367 3772 625 611 763 1584 3772 1792 2518
611 763 2367 3772 611 763 2367 3772 611 763 1584 3772 1792 2518 611 763 1584 602 2320 763
1792 2367 3772 611 1792 2367 3772 611 1792 1584 3772 1792 2518 611 1792 1584 602 611 1792 1584
1670 1670 3860 1362 625 1362 1584 611 763 1067 3452 611 763 1067 3452 611 1792 1488 611 1792
1362 625 2272 1584 1670 1670 4782 4782 1670 1670 3860 1362 625 1362 1584 611 2860 1067 3452 611
3772 1792 2518 2320 1792 1584 602 2320 1792 1584 602 2320 1792 1584 602 2320 1792 1584 602 2320
1370 1227 1370 1227 2367 3772 602 763 1584 3772 1792 2518 602 2860 1584 602 602 2860 1370 1227
3452 123 1792 123 3452 123 1792 1488 123 1792 2367 3772 123 1792 625 2367 3772 123 1792 1584
763 1067 3452 611 1792 1488 611 763 2367 3772 611 763 625 2367 3772 611 1792 763 3772 1792
1488 2320 1792 2367 3772 611 1792 2367 3772 611 1792 3452 3772 2860 2518 611 1792 1584 602 611
123 1792 1584 3772 1370 1227 1370 1227 1792 2518 123 1792 1584 602 123 1792 1370 1227 1370 1227
2367 3772 602 763 611 3772 2860 2518 611 763 1584 602 611 763 3860 1362 1584 602 611 763
611 1792 763 3772 1792 2518 611 1792 1584 602 611 763 1584 602 611 1792 1584 602 611 763
1792 2518 611 763 1584 602 611 1792 1584 602 2320 2860 1584 602 2320 763 1584 602 2320 1792
2518 3452 611 1792 1488 123 763 2367 3772 123 763 2367 3772 611 763 3452 3772 1792 2518 611
1792 1067 3452 123 1792 1067 3452 611 2860 1488 611 2860 2367 3772 123 2860 2367 3772 611 2860
1362 3860 625 2518 1584 1670 1670 3860 1362 1362 1584 611 1792 1067 3452 611 2860 1067 3452 611
1067 3452 3772 1792 2518 3452 611 763 1488 602 1792 2367 3772 602 1792 1584 3772 611 1792 1584
2518 611 763 3860 1362 1584 602 611 1792 1370 1227 1792 1488 123 2860 1370 1227 2860 1488 2320
1670 1670 3860 1362 625 1362 1584 2320 1792 1067 3452 2320 2860 1067 3452 2320 1792 1488 2320 763
1488 611 763 2367 3772 611 763 2367 3772 611 763 611 3772 2860 2518 611 763 1584 602 611
611 763 763 3452 611 2860 1488 611 1792 2367 3772 611 763 2367 3772 611 763 763 3772 2860
4153 1067 763 611 4153 1067 763 611 1792 1488 611 4153 2367 3772 611 4153 2367 3772 611 4153
3860 2518 1584 1670 1670 3860 1362 625 1362 1584 611 1792 1067 3452 611 1792 1067 3452 611 1792
1362 625 2518 1584 1670 1670 4782 4782 1670 1670 3860 1362 625 1362 1584 611 4153 1067 763 611
1792 1067 3452 2320 2860 1067 3452 611 1792 1488 2320 763 2367 3772 123 763 2367 3772 625 611
763 3452 611 2860 1488 611 1792 2367 3772 611 763 2367 3772 611 763 763 3772 2860 2518 611
611 1792 1067 3452 611 763 611 3452 611 2860 1488 611 763 2367 3772 611 763 2367 3772 611
1227 3860 1362 4782 1362 1584 123 1792 1067 3452 123 1792 123 3452 123 1792 1488 123 1792 2367
1584 602 2860 1067 3452 602 2860 2518 3452 602 2860 1488 602 2860 2367 3772 602 2860 1370 1227
4153 2367 3772 611 4153 1584 3772 1792 2518 611 4153 1584 602 611 4153 1584 602 611 4153 1584
1488 611 1792 2367 3772 611 1792 2367 3772 611 1792 1584 3772 1792 2518 611 1792 1584 602 611
1584 602 602 2860 1370 1227 1370 1227 2860 1488 602 2860 1370 1227 1370 1227 1792 1488 611 2860
3860 1362 1362 1584 611 1792 1067 3452 2320 2860 1067 3452 2320 1792 1488 2320 763 2367 3772 123
3860 1362 625 1362 1584 611 2860 1067 3452 611 2860 1067 3452 611 2860 1488 611 2860 2367 3772
2367 3772 611 4153 1584 3772 1792 2518 611 4153 1584 602 611 4153 1584 602 611 4153 1584 602
4782 1362 625 3860 2518 1584 1670 1670 3860 1362 625 1362 1584 611 2860 1067 3452 611 763 1067
1067 3452 123 1792 123 3452 123 1792 1488 123 1792 2367 3772 123 1792 625 2367 3772 123 1792
611 763 2367 3772 602 763 611 3772 2860 2518 611 763 1584 602 611 763 3860 1362 1584 602
625 4782 1362 1584 602 2860 1067 3452 602 2860 2518 3452 602 2860 1488 602 2860 2367 3772 602
1488 123 1792 2367 3772 123 1792 625 2367 3772 123 1792 1584 3772 1370 1227 1370 1227 1792 2518
1584 1670 1670 3860 1362 1362 1584 611 1792 1067 3452 2320 2860 1067 3452 611 1792 1488 2320 763
625 3860 2518 1584 1670 1670 4782 4782 1670 1670 3860 1362 4782 1362 1584 611 1792 625 1067 3452
4782 1670 1670 3860 1362 625 1362 1584 611 4153 1067 763 611 4153 1067 763 611 1792 1488 611
2367 3772 611 2860 2367 3772 123 2860 1584 3772 2860 2518 1067 2860 1584 602 611 2860 1584 602
1362 4782 4782 2518 3860 2518 1584 1670 1670 3860 1362 1362 1584 611 1792 1067 3452 611 4153 2518
611 763 2367 3772 611 763 763 3772 2860 2518 611 763 1584 602 611 763 1584 602 611 1792
3860 1362 625 1362 1584 602 1792 1067 3452 602 2860 1067 3452 602 1792 1488 2320 1792 2367 3772
625 1067 3452 611 2860 1067 3452 611 1792 2518 611 2860 2367 3772 611 763 1370 1362 611 3860
611 1792 1488 2320 1792 2367 3772 611 1792 2367 3772 611 1792 1584 3772 1792 2518 611 1792 1584
1362 3860 1362 625 4782 1362 1584 602 2860 1067 3452 602 2860 2518 3452 602 2860 1488 602 2860
1067 3452 611 2860 1067 3452 611 2860 1488 611 2860 2367 3772 123 2860 2367 3772 611 2860 1584
2860 1067 3452 611 2860 1584 602 611 2860 2367 3772 611 2860 2367 3772 123 2860 1584 3772 1792
3772 2320 763 3452 3772 1792 2518 2320 1792 1584 602 2320 1792 1584 602 2320 1792 1584 602 2320
2518 3452 602 2860 1488 602 2860 2367 3772 602 2860 1370 1227 1370 1227 2367 3772 602 763 1584
1670 4782 4782 1670 1670 3860 1362 625 1362 1584 611 1792 1067 3452 611 1792 1067 3452 611 1792
611 2860 1584 602 611 2860 2367 3772 611 2860 2367 3772 123 2860 1584 3772 2860 2518 1067 2860
1584 602 602 2860 1370 1227 1370 1227 2860 1488 602 2860 1370 1227 1370 1227 1792 1488 611 2860
2860 3860 1362 625 2367 3772 602 2860 625 3772 1792 2518 602 763 625 602 602 2860 1584 602
3772 611 2860 2367 3772 611 2860 1584 3772 2860 2518 611 2860 1584 611 611 763 1584 611 611
611 2860 1067 3452 611 2860 1067 3452 611 2860 1488 611 2860 2367 3772 123 2860 2367 3772 611
1584 611 1792 625 1067 3452 611 2860 1067 3452 611 1792 2518 611 2860 2367 3772 611 763 1370
2320 1792 2367 3772 611 1792 3452 3772 2860 2518 611 1792 1584 602 611 1792 1584 602 2320 1792
2320 763 3452 3772 1792 2518 2320 1792 1584 602 2320 1792 1584 602 2320 1792 1584 602 2320 1792
2860 1488 2320 2860 2367 3772 123 2860 2367 3772 611 2860 1584 3772 2860 2518 611 2860 1584 602
3772 625 611 763 1584 3772 1792 2518 611 763 1584 602 611 763 1584 602 611 2860 1584 602
1067 3452 611 763 763 3452 611 2860 1488 611 1792 2367 3772 611 763 2367 3772 611 763 763
611 1792 1067 3452 611 763 2518 3452 611 1792 1488 123 763 2367 3772 123 763 2367 3772 611
1370 1227 1370 1227 1362 1584 611 1792 1067 3452 611 2860 1067 3452 611 1792 1488 2320 763 2367
3452 2320 2860 1488 123 2860 2367 3772 123 2860 2367 3772 611 2860 1584 3772 1792 2518 611 763
611 2860 1067 3452 611 2860 1488 2320 2860 2367 3772 123 2860 2367 3772 611 2860 1584 3772 2860
3772 2860 2518 611 2860 1584 602 611 2860 1584 602 611 2860 1584 602 123 763 1584 602 2320
2860 2367 3772 611 763 1370 1362 611 3860 2367 3772 123 763 1584 3772 1370 1227 1792 2518 611
2518 1584 1670 1670 3860 1362 1362 1584 611 1792 1067 3452 2320 2860 1067 3452 611 1792 1488 2320
625 3860 2518 1584 1670 1670 3860 1362 625 1362 1584 611 1792 1067 3452 611 763 1067 3452 611
1584 1670 1670 625 3860 1362 1362 1584 2518 1792 2518 1584 611 2518 3452 1584 611 1792 1488 611
3452 3772 1792 2518 3452 611 763 1488 602 1792 2367 3772 602 1792 1584 3772 611 1792 1584 611
1362 3860 625 2272 1584 1670 1670 4782 4782 1670 1670 3860 1362 625 1362 1584 611 2860 1067 3452
3452 611 763 1067 3452 611 2860 1488 611 2860 1584 3772 611 2860 2367 3772 611 2860 1584 3772
1362 625 3860 2518 1584 1670 1670 3860 1362 625 1362 1584 611 2860 1067 3452 611 763 1067 3452
1362 625 1362 1584 611 1792 1067 3452 123 1792 1067 3452 611 1792 1584 602 611 1792 2367 3772
1670 4782 4782 1670 1670 3860 1362 625 1362 1584 611 1792 1067 3452 611 1792 1067 3452 611 1792
625 3860 2518 1584 1670 1670 3860 1362 625 1362 1584 611 1792 1067 3452 611 1792 1067 3452 611
1067 3452 611 763 2518 3452 611 1792 1488 123 763 2367 3772 123 763 2367 3772 611 763 1584
2518 3452 1584 611 1792 1488 611 1792 2367 3772 611 1792 2367 3772 611 1792 1584 3772 1792 2518
2860 2367 3772 602 2860 1370 1227 1370 1227 2367 3772 602 763 1584 3772 2860 2518 602 2860 1584
1067 3452 611 763 763 3452 611 2860 1488 611 1792 2367 3772 611 763 2367 3772 611 763 763
2367 3772 2320 763 3452 3772 1792 2518 2320 1792 1584 602 2320 1792 1584 602 2320 1792 1584 602
3452 611 2860 1067 3452 611 1792 1488 2320 763 2367 3772 611 2860 1370 1227 1370 1227 2367 3772
611 2860 2367 3772 611 2860 2367 3772 123 2860 1584 3772 1792 2518 1067 2860 1584 602 611 2860
1067 3452 611 2860 1584 602 611 2860 2367 3772 611 2860 2367 3772 123 2860 1584 3772 1792 2518
611 1792 1488 611 1792 2367 3772 611 1792 2367 3772 611 1792 1584 3772 1792 2518 611 1792 1584
763 1584 3772 2860 2518 602 2860 1584 602 602 2860 1370 1227 1370 1227 2860 1488 602 2860 1370
4153 1067 763 611 4153 1067 763 611 1792 1488 611 4153 2367 3772 611 4153 2367 3772 611 4153
1584 1670 1670 3860 1362 625 1362 1584 611 1792 1067 3452 123 1792 1067 3452 611 1792 1584 602
2518 1584 1670 1670 4782 4782 1670 1670 3860 1362 625 1362 1584 611 4153 1067 763 611 4153 1067
1370 1227 1362 1584 611 1792 1067 3452 611 2860 1067 3452 611 1792 1488 2320 763 2367 3772 611
3860 625 2518 1584 1670 1670 3860 1362 1362 1584 602 1792 1067 3452 3772 1792 2518 3452 611 763
763 2367 3772 625 611 763 1584 3772 1792 2518 611 763 1584 602 611 763 1584 602 611 2860
1670 1670 3860 1362 625 1362 1584 611 1792 1067 3452 611 1792 1067 3452 611 1792 1488 611 2860
1362 1584 611 1792 1067 3452 611 2860 1067 3452 611 1792 1488 2320 763 2367 3772 611 2860 1370
625 2518 1584 1670 1670 4782 4782 1670 1670 3860 1362 625 1362 1584 611 4153 1067 763 611 4153
2367 3772 611 4153 2367 3772 611 4153 1584 3772 1792 2518 611 4153 1584 602 611 4153 1584 602
2860 1488 602 2860 2367 3772 602 2860 1370 1227 1370 1227 2367 3772 602 763 1584 3772 2860 2518
611 763 2367 3772 611 763 1584 3772 1792 2518 611 763 1584 602 2320 763 1584 602 611 1792
1584 611 1792 1067 3452 611 1792 1067 3452 611 2860 1488 611 2860 2367 3772 123 2860 2367 3772
1370 1227 1370 1227 3860 1362 4782 1362 1584 123 1792 1067 3452 123 1792 123 3452 123 1792 1488
2860 1067 3452 611 1792 1488 2320 763 2367 3772 611 2860 1370 1227 1370 1227 2367 3772 611 2860
1584 1670 1670 3860 1362 625 1362 1584 611 1792 1067 3452 123 1792 1067 3452 611 1792 1584 602
1792 2367 3772 611 1792 2367 3772 611 1792 1584 3772 1792 2518 611 1792 1584 602 611 1792 1584
625 3860 1362 1362 1584 2518 1792 2518 1584 611 2518 3452 1584 611 1792 1488 611 1792 2367 3772
611 625 1584 611 1792 1067 3452 611 763 1067 3452 611 2860 1488 611 763 2367 3772 611 763
2860 2367 3772 602 2860 1370 1227 1370 1227 2367 3772 602 763 1584 3772 2860 2518 602 2860 1584
763 625 2367 3772 611 1792 763 3772 1792 2518 611 1792 1584 602 611 763 1584 602 611 1792
611 2860 1584 3772 2860 2518 611 2860 1584 611 611 763 1584 611 611 2860 1584 611 611 2860
3452 123 2860 1067 3452 611 2860 1584 602 611 2860 2367 3772 611 2860 2367 3772 123 2860 1584
3772 3860 1362 1792 2518 611 2860 1584 602 2320 763 1370 1227 1370 1227 1792 1488 2320 2860 1584
611 763 625 2367 3772 611 1792 763 3772 1792 2518 611 1792 1584 602 611 763 1584 602 611
611 4153 2367 3772 611 4153 2367 3772 611 4153 1584 3772 1792 2518 611 4153 1584 602 611 4153
123 763 2367 3772 123 763 2367 3772 611 763 3452 3772 1792 2518 611 763 1584 602 611 763
3772 611 1792 1584 3772 1792 2518 611 1792 1584 602 611 1792 1584 602 611 1792 1584 602 611
1670 3860 1362 1362 1584 602 1792 1067 3452 3772 1792 2518 3452 611 763 1488 602 1792 2367 3772
1670 1670 3860 1362 625 1362 1584 2320 1792 1067 3452 2320 2860 1067 3452 2320 1792 1488 2320 763
3772 1792 2518 611 763 1584 602 611 763 1584 602 611 2860 1584 602 611 763 1584 602 611
4782 4782 1362 625 3860 3860 2518 1584 1670 1670 1362 1370 1370 1227 1227 3860 1362 625 1370 1227
2367 3772 602 2860 1370 1227 1370 1227 2367 3772 602 763 1584 3772 2860 2518 602 2860 1584 602
1362 1584 611 763 1067 3452 611 763 763 3452 611 1792 1488 611 1792 2367 3772 611 763 2367
1584 611 1792 1067 3452 611 1792 1067 3452 611 2860 1488 611 2860 2367 3772 123 2860 2367 3772
1792 2518 611 2860 1584 602 2320 763 1370 1227 1370 1227 1792 1488 2320 2860 1584 602 123 2860
2320 1792 1488 2320 763 2367 3772 123 763 2367 3772 625 611 763 1584 3772 1792 2518 611 763
1792 1067 3452 611 763 1067 3452 611 1792 1488 611 763 2367 3772 611 763 625 2367 3772 611
1362 3860 625 2518 1584 1670 1670 3860 1362 1362 1584 602 1792 1067 3452 3772 1792 2518 3452 611
1584 1670 1670 3860 1362 625 1362 1584 611 1792 1067 3452 611 763 1067 3452 611 1792 1488 611
1670 3860 1362 1362 1584 611 1792 1067 3452 611 763 2518 3452 611 1792 1488 123 763 2367 3772
3452 611 1792 1067 3452 611 1792 1488 611 1792 2367 3772 611 1792 2367 3772 611 1792 3452 3772
3860 1362 3860 1362 625 4782 1362 1584 602 1792 1067 3452 602 2860 2518 3452 602 2860 1488 602
4782 1670 1670 3860 1362 625 1362 1584 611 1792 1067 3452 611 1792 1067 3452 611 1792 1488 611
1792 1488 2320 1792 2367 3772 611 1792 2367 3772 611 1792 1584 3772 1792 2518 611 1792 1584 602
2860 1067 3452 611 2860 1067 3452 611 2860 1488 611 2860 2367 3772 123 2860 2367 3772 611 2860
1488 2320 763 2367 3772 611 2860 1370 1227 1370 1227 2367 3772 611 2860 1584 3772 3860 1362 1792
1670 1670 3860 1362 625 1362 1584 611 1792 1067 3452 602 2860 1067 3452 602 1792 1488 2320 1792
2518 1584 1670 1670 1362 1370 1227 1370 1227 3860 1362 4782 1362 1584 611 1792 1067 3452 123 1792
3860 1362 1362 1584 602 1792 1067 3452 3772 1792 2518 3452 611 763 1488 602 1792 2367 3772 602
1584 611 2860 1067 3452 611 2860 1067 3452 611 2860 1488 2320 2860 2367 3772 123 2860 2367 3772
1792 1488 2320 763 2367 3772 611 2860 1370 1227 1370 1227 2367 3772 611 2860 1584 3772 3860 1362
2860 1067 3452 2320 1792 1488 2320 763 2367 3772 123 763 2367 3772 625 611 763 1584 3772 1792
1584 123 1792 1067 3452 123 1792 123 3452 123 1792 1488 123 1792 2367 3772 123 1792 625 2367
1792 1067 3452 123 1792 123 3452 123 1792 1488 123 1792 2367 3772 123 1792 625 2367 3772 123
1792 2367 3772 602 1792 1584 3772 611 1792 1584 611 625 1584 611 1792 1067 3452 611 763 1067
1584 123 1792 1067 3452 123 1792 123 3452 123 1792 1488 123 1792 2367 3772 123 1792 625 2367
2860 1067 3452 611 2860 1488 2320 2860 2367 3772 123 2860 2367 3772 611 2860 1584 3772 2860 2518
3772 611 1792 1584 611 625 1584 611 1792 1067 3452 611 763 2518 3452 611 2860 1488 611 763
1067 3452 611 2860 1067 3452 611 2860 1488 611 2860 2367 3772 123 2860 2367 3772 611 2860 1584
2860 2367 3772 602 2860 1370 1227 1370 1227 2367 3772 602 763 1584 3772 2860 2518 602 2860 1584
2860 1370 1227 1370 1227 2367 3772 602 763 1584 3772 1792 2518 602 2860 1584 602 602 2860 1370
1067 3452 602 2860 1067 3452 611 1792 1488 2320 1792 2367 3772 611 1792 2367 3772 611 1792 1584
611 2860 1067 3452 611 1792 1488 2320 763 2367 3772 611 2860 1370 1227 1370 1227 2367 3772 611
2367 3772 611 763 763 3772 2860 2518 611 763 1584 602 611 763 1584 602 611 1792 1584 602
611 763 2367 3772 602 763 611 3772 2860 2518 611 763 1584 602 611 763 3860 1362 1584 602
611 763 1067 3452 611 1792 1488 611 763 2367 3772 611 763 625 2367 3772 611 1792 763 3772
123 763 1584 3772 1370 1227 2860 2518 611 763 3860 1362 1584 602 611 1792 1370 1227 1792 1488
3772 2860 2518 611 2860 1584 602 611 2860 1584 602 611 2860 1584 602 123 763 1584 602 2320
2518 1584 1670 1670 3860 1362 1362 1584 611 1792 1067 3452 611 763 2518 3452 611 1792 1488 123
763 2367 3772 2320 1792 2367 3772 2320 763 3452 3772 1792 2518 2320 1792 1584 602 2320 1792 1584
1584 611 1792 1067 3452 2320 2860 1067 3452 611 1792 1488 2320 763 2367 3772 123 763 2367 3772
611 1792 1067 3452 611 1792 1067 3452 611 2860 1488 611 2860 2367 3772 123 2860 2367 3772 611
1584 3772 1792 2518 2320 1792 1584 602 2320 1792 1584 602 2320 1792 1584 602 2320 1792 1584 602
3772 123 2860 2367 3772 611 2860 1584 3772 2860 2518 611 2860 1584 602 611 2860 1584 602 611
2518 123 1792 1584 602 123 1792 1370 1227 1370 1227 1792 1488 123 1792 3860 1362 1584 602 611
2367 3772 2320 1792 2367 3772 2320 763 3452 3772 1792 2518 2320 1792 1584 602 2320 1792 1584 602
2518 1584 1670 1670 3860 1362 1362 1584 611 1792 1067 3452 611 763 1067 3452 611 1792 1488 611
611 1792 1067 3452 123 2860 1067 3452 611 2860 1584 602 611 2860 2367 3772 611 2860 2367 3772
2860 1370 1227 1370 1227 2367 3772 611 2860 1584 3772 3860 1362 1792 2518 611 2860 1584 602 2320
1670 1670 3860 1362 3860 1362 625 4782 1362 1584 602 1792 1067 3452 602 2860 2518 3452 602 1792
1584 602 2860 1067 3452 602 2860 2518 3452 602 2860 1488 602 2860 2367 3772 602 2860 1370 1227
2320 2860 1067 3452 2320 1792 1488 2320 763 2367 3772 2320 1792 2367 3772 2320 763 1584 3772 1792
611 1792 1067 3452 611 2860 1067 3452 611 1792 1488 2320 763 2367 3772 611 2860 1370 1227 1370
2367 3772 611 4153 2367 3772 611 4153 1584 3772 1792 2518 611 4153 1584 602 611 4153 1584 602
602 763 1584 3772 2860 2518 602 2860 1584 602 602 2860 1370 1227 1370 1227 2860 1488 611 2860
4782 1362 625 3860 2518 1584 1670 1670 3860 1362 625 1362 1584 611 1792 1067 3452 611 4153 1067
763 2367 3772 611 2860 1370 1227 1370 1227 2367 3772 611 2860 1584 3772 3860 1362 1792 2518 611
1792 1488 123 1792 2367 3772 123 1792 625 2367 3772 123 1792 1584 3772 1370 1227 1370 1227 1792
611 1792 2367 3772 611 1792 1584 3772 1792 2518 611 1792 1584 602 611 763 1584 602 611 763
1792 1067 3452 602 2860 1067 3452 611 1792 1488 2320 1792 2367 3772 611 1792 2367 3772 611 1792
4782 1362 625 3860 2518 1584 1670 1670 625 3860 1362 1362 1584 2518 1792 2518 1584 611 2518 3452
3772 611 1792 763 3772 1792 2518 611 1792 1584 602 611 763 1584 602 611 1792 1584 602 611
4782 1362 625 3860 3860 2518 1584 1670 1670 1362 1370 1370 1227 1227 3860 1362 625 1370 1227 1370
1362 625 1362 1584 611 1792 1067 3452 611 763 1067 3452 2320 1792 1488 611 763 2367 3772 611
3860 1362 625 1362 1584 611 2860 1067 3452 602 1792 1067 3452 611 1792 1488 611 1792 2367 3772
1584 3772 611 2860 1584 3772 2860 2518 611 2860 1584 611 611 763 1584 611 611 2860 1584 611
1584 1670 1670 3860 1362 1362 1584 611 1792 1067 3452 611 763 2518 3452 611 1792 1488 123 763
1362 625 3860 2518 1584 1670 1670 3860 1362 625 1362 1584 611 1792 1067 3452 611 763 1067 3452
611 3452 611 2860 1488 611 763 2367 3772 611 763 2367 3772 611 763 1584 3772 2860 2518 611
602 763 1370 3452 602 1792 1488 602 2860 2367 3772 123 2860 3860 1362 625 2367 3772 611 2860
1670 3860 1362 625 1362 1584 611 1792 1067 3452 611 763 1067 3452 611 1792 1488 611 1792 2367
3860 1362 625 1362 1584 611 1792 1067 3452 123 1792 1067 3452 611 1792 1584 602 611 1792 2367
2860 1584 3772 1792 2518 611 763 1584 602 611 1792 1584 602 2320 2860 1584 602 2320 763 1584
1792 2518 3452 611 763 1488 602 1792 2367 3772 602 1792 1584 3772 611 1792 1584 611 625 1584
3772 611 2860 1584 3772 3860 1362 1792 2518 611 2860 1584 602 2320 763 1370 1227 1370 1227 1792
3452 2320 2860 1067 3452 2320 1792 1488 2320 763 2367 3772 2320 1792 2367 3772 2320 763 1584 3772
2860 2518 3452 602 2860 1488 602 2860 2367 3772 602 2860 1370 1227 1370 1227 2367 3772 602 763
3860 1362 4782 1362 1584 611 1792 625 1067 3452 611 1792 1067 3452 611 1792 2518 611 2860 2367
1584 611 2518 3452 1584 611 1792 1488 611 1792 2367 3772 611 1792 2367 3772 611 1792 1584 3772
3860 1362 625 1362 1584 2320 1792 1067 3452 2320 2860 1067 3452 2320 1792 1488 2320 763 2367 3772
4782 1362 625 3860 2518 1584 1670 1670 3860 1362 625 1362 1584 611 1792 1067 3452 611 1792 1067
1584 1670 1670 4782 4782 1670 1670 3860 1362 625 1362 1584 611 1792 1067 3452 611 1792 1067 3452
1792 1067 3452 123 2860 1067 3452 611 2860 1584 602 611 2860 2367 3772 611 2860 2367 3772 123
1067 3452 2320 1792 1488 2320 763 2367 3772 2320 1792 2367 3772 2320 763 3452 3772 1792 2518 2320
1362 625 1362 1584 611 763 1067 3452 611 763 763 3452 611 1792 1488 611 1792 2367 3772 611
1792 1488 611 763 2367 3772 611 763 625 2367 3772 611 1792 763 3772 1792 2518 611 1792 1584
1792 1067 3452 611 1792 1488 611 1792 2367 3772 611 1792 2367 3772 611 1792 3452 3772 2860 2518
3772 2860 2518 602 2860 1584 602 602 2860 1370 1227 1370 1227 2860 1488 602 2860 1370 1227 1370
1362 1584 611 1792 1067 3452 602 2860 1067 3452 611 1792 1488 2320 1792 2367 3772 611 1792 2367
611 1792 1488 611 1792 2367 3772 611 1792 2367 3772 611 1792 1584 3772 1792 2518 611 1792 1584
2367 3772 611 763 3452 3772 1792 2518 611 763 1584 602 611 763 1584 602 611 763 1584 602
3452 1584 611 1792 1488 611 1792 2367 3772 611 1792 2367 3772 611 1792 1584 3772 1792 2518 611
611 2860 1488 611 763 2367 3772 611 763 2367 3772 611 763 611 3772 2860 2518 611 763 1584
1227 3860 2367 3772 123 763 1584 3772 1370 1227 1792 2518 611 763 3860 1362 1584 602 611 1792
2860 2367 3772 123 2860 2367 3772 611 2860 1584 3772 2860 2518 611 2860 1584 602 611 2860 1584
1488 123 1792 2367 3772 123 1792 625 2367 3772 123 1792 1584 3772 1370 1227 1370 1227 1792 2518
4782 4782 1670 1670 3860 1362 625 1362 1584 611 2860 1067 3452 611 2860 1067 3452 611 2860 1488
625 1370 1227 1370 1227 1362 1584 611 1792 1067 3452 611 2860 1067 3452 611 1792 1488 2320 763
625 3860 2518 1584 1670 1670 3860 1362 1362 1584 611 1792 1067 3452 611 763 1067 3452 611 1792
1067 3452 123 1792 1067 3452 611 2860 1488 611 2860 2367 3772 123 2860 2367 3772 611 2860 1584
3452 611 1792 1488 2320 1792 2367 3772 611 1792 2367 3772 611 1792 3452 3772 2860 2518 611 1792
1584 1670 1670 4782 4782 1670 1670 3860 1362 625 1362 1584 2320 1792 1067 3452 2320 2860 1067 3452
1362 625 1362 1584 611 2860 1067 3452 611 1792 1067 3452 611 1792 1488 611 1792 2367 3772 611
3860 1362 625 2367 3772 602 2860 625 3772 1792 2518 602 763 625 602 602 2860 1584 602 611
2860 1067 3452 611 1792 1488 2320 763 2367 3772 611 2860 1370 1227 1370 1227 2367 3772 611 2860
3860 625 2518 1584 1670 1670 3860 1362 1362 1584 602 1792 1067 3452 3772 1792 2518 3452 611 763
611 2860 1584 602 611 2860 2367 3772 611 2860 2367 3772 123 2860 1584 3772 2860 2518 1067 2860
2518 3452 602 2860 1488 602 2860 2367 3772 602 2860 1370 1227 1370 1227 2367 3772 602 763 1584
2367 3772 602 763 611 3772 2860 2518 611 763 1584 602 611 763 3860 1362 1584 602 611 763
1792 1584 3772 1370 1227 1370 1227 1792 2518 123 1792 1584 602 123 1792 1370 1227 1370 1227 1792
4782 1362 625 3860 2518 1584 1670 1670 3860 1362 625 1362 1584 611 1792 1067 3452 602 2860 1370
611 1792 2367 3772 611 1792 2367 3772 611 1792 1584 3772 1792 2518 611 1792 1584 602 611 763
1067 3452 611 763 2518 3452 611 1792 1488 123 763 2367 3772 123 763 2367 3772 611 763 1584
1362 1584 611 763 1067 3452 611 763 763 3452 611 1792 1488 611 1792 2367 3772 611 763 2367
3772 611 2860 1584 3772 3860 1362 1792 2518 611 2860 1584 602 2320 763 1370 1227 1370 1227 1792
611 2860 2518 611 2860 1584 3772 611 2860 1584 3772 611 2860 1584 3772 2860 2518 611 2860 1584
1067 3452 2320 763 1067 3452 2320 1792 1488 611 763 2367 3772 611 763 2367 3772 611 763 1584
1370 1227 1792 2518 123 1792 1584 602 123 1792 1370 1227 1370 1227 1792 1488 611 1792 3860 1362
3452 3772 1792 2518 3452 611 763 1488 602 1792 2367 3772 602 1792 1584 3772 611 1792 1584 611
3772 611 1792 2367 3772 611 1792 1584 3772 1792 2518 611 1792 1584 602 611 763 1584 602 611
2367 3772 123 2860 1584 3772 1792 2518 611 763 1584 602 611 1792 1584 602 2320 2860 1584 602
1067 3452 2320 2860 1067 3452 2320 1792 1488 2320 763 2367 3772 2320 1792 2367 3772 2320 763 1584
1792 1488 2320 763 2367 3772 611 2860 1370 1227 1370 1227 2367 3772 611 2860 1584 3772 3860 1362
1488 602 2860 2367 3772 123 2860 3860 1362 625 2367 3772 602 2860 1584 3772 1792 2518 611 763
611 763 1067 3452 611 763 763 3452 611 1792 1488 611 1792 2367 3772 611 763 2367 3772 611
3772 123 1792 625 2367 3772 123 1792 1584 3772 1370 1227 1370 1227 1792 2518 123 1792 1584 602
4153 1067 763 611 1792 1488 611 4153 2367 3772 611 4153 2367 3772 611 4153 1584 3772 1792 2518
1670 1670 3860 1362 625 1362 1584 611 1792 1067 763 611 4153 1067 763 611 1792 1488 611 4153
1067 3452 123 1792 123 3452 123 1792 1488 123 1792 2367 3772 123 1792 625 2367 3772 123 1792
763 1370 3452 602 1792 1488 602 2860 2367 3772 123 2860 3860 1362 625 2367 3772 611 2860 625
1362 625 1362 1584 2320 1792 1067 3452 2320 2860 1067 3452 2320 1792 1488 2320 763 2367 3772 2320
611 1792 1488 611 763 2367 3772 611 763 625 2367 3772 611 1792 763 3772 1792 2518 611 1792
1792 2518 3452 611 763 1488 602 1792 2367 3772 602 1792 1584 3772 611 1792 1584 611 625 1584
2367 3772 611 4153 1584 3772 1792 2518 611 4153 1584 602 611 4153 1584 602 611 4153 1584 602
2518 1792 2518 1584 611 2518 3452 1584 611 1792 1488 611 1792 2367 3772 611 1792 2367 3772 611
1792 2367 3772 2320 1792 2367 3772 611 1792 3452 3772 2860 2518 611 1792 1584 602 611 1792 1584
602 2860 1067 3452 602 2860 2518 3452 602 2860 1488 602 2860 2367 3772 602 2860 1370 1227 1370
611 763 2367 3772 611 763 625 2367 3772 611 1792 763 3772 1792 2518 611 1792 1584 602 611
763 2320 1792 1488 2320 1792 2367 3772 611 1792 2367 3772 611 1792 1584 3772 1792 2518 611 1792
611 4153 2367 3772 611 4153 1584 3772 1792 2518 611 4153 1584 602 611 4153 1584 602 611 4153
763 2320 1792 1488 2320 763 2367 3772 123 763 2367 3772 625 2320 763 1584 3772 1792 2518 611
1792 2518 611 763 1584 602 611 1792 1584 602 2320 2860 1584 602 2320 763 1584 602 2320 1792
2272 1584 1670 1670 4782 4782 1670 1670 3860 1362 625 1362 1584 611 2860 1067 3452 611 2860 1067
1670 3860 1362 3860 1362 625 4782 1362 1584 602 1792 1067 3452 602 2860 2518 3452 602 1792 1488
2367 3772 611 1792 3452 3772 2860 2518 611 1792 1584 602 611 1792 1584 602 611 1792 1584 602
611 1792 763 3772 1792 2518 611 1792 1584 602 611 763 1584 602 611 1792 1584 602 611 763
2860 1488 602 2860 2367 3772 602 2860 1370 1227 1370 1227 2367 3772 602 763 1584 3772 2860 2518
3860 1362 625 1362 1584 611 2860 1067 3452 611 763 1067 3452 611 2860 1488 611 2860 1584 3772
1670 3860 1362 4782 1362 1584 611 1792 625 1067 3452 611 1792 1067 3452 611 1792 2518 611 2860
1362 625 3860 2518 1584 1670 1670 3860 1362 625 1362 1584 611 1792 1067 3452 602 2860 1370 3452
1584 611 1792 1067 3452 611 763 2518 3452 611 1792 1488 123 763 2367 3772 123 763 2367 3772
4782 4782 1670 1670 3860 1362 4782 1362 1584 611 1792 625 1067 3452 611 2860 1067 3452 611 1792
1584 3772 2860 2518 1067 2860 1584 602 611 2860 1584 602 611 2860 1584 602 611 2860 1584 602
2860 1584 3772 1792 2518 611 763 1584 602 611 1792 1584 602 2320 2860 1584 602 2320 763 1584
1670 1670 3860 1362 625 1362 1584 611 1792 1067 763 611 4153 1067 763 611 1792 1488 611 4153
1670 3860 1362 3860 1362 625 4782 1362 1584 602 1792 1067 3452 602 2860 2518 3452 602 1792 1488
4782 1362 3860 625 2518 1584 1670 1670 4782 4782 1670 1670 3860 1362 625 1362 1584 611 1792 1067
2367 3772 123 1792 1584 3772 1370 1227 1370 1227 1792 2518 123 1792 1584 602 123 1792 1370 1227
3772 123 763 2367 3772 611 763 3452 3772 1792 2518 611 763 1584 602 611 763 1584 602 611
1670 1670 3860 1362 625 1362 1584 611 1792 1067 3452 611 1792 1067 3452 611 1792 1488 611 1792
2860 2367 3772 123 2860 2367 3772 611 2860 1584 3772 2860 2518 611 2860 1584 602 611 2860 1584
763 1584 3772 1792 2518 2320 1792 1584 602 2320 1792 1584 602 2320 1792 1584 602 2320 1792 1584
1792 1488 123 763 2367 3772 123 763 2367 3772 611 763 1584 3772 1792 2518 611 763 1584 602
611 2860 1584 3772 611 2860 1584 3772 2860 2518 611 2860 1584 611 611 763 1584 611 611 2860
625 3860 2518 1584 1670 1670 3860 1362 1362 1584 611 1792 1067 3452 611 763 1067 3452 611 1792
625 2518 1584 1670 1670 3860 1362 1362 1584 611 1792 1067 3452 2320 2860 1067 3452 611 1792 1488
4782 1670 1670 3860 1362 625 1362 1584 611 4153 1067 763 611 4153 1067 763 611 1792 1488 611
625 3860 2518 1584 1670 1670 3860 1362 625 1362 1584 611 1792 1067 3452 611 1792 1067 3452 611
2367 3772 611 2860 1584 3772 3860 1362 1792 2518 611 2860 1584 602 2320 763 1370 1227 1370 1227
763 1067 3452 611 2860 1488 611 2860 1584 3772 611 2860 2367 3772 611 2860 1584 3772 2860 2518
1670 3860 1362 1362 1584 602 1792 1067 3452 3772 1792 2518 3452 611 763 1488 602 1792 2367 3772
611 1792 1488 611 763 2367 3772 611 763 625 2367 3772 611 1792 763 3772 1792 2518 611 1792
1670 4782 4782 1670 1670 3860 1362 625 1362 1584 2320 1792 1067 3452 2320 2860 1067 3452 2320 1792
2367 3772 602 763 2367 3772 611 763 611 3772 2860 2518 611 763 1584 602 611 763 3860 1362
2367 3772 123 2860 1584 3772 2860 2518 1067 2860 1584 602 611 2860 1584 602 2320 2860 1584 602
2860 1584 3772 611 2860 1584 3772 2860 2518 611 2860 1584 611 611 763 1584 611 611 2860 1584
1584 1670 1670 3860 1362 1362 1584 611 1792 1067 3452 2320 2860 1067 3452 611 1792 1488 2320 763
3772 123 2860 2367 3772 611 2860 1584 3772 1792 2518 611 763 1584 602 611 1792 1584 602 2320
2860 1067 3452 611 2860 1488 2320 2860 2367 3772 123 2860 2367 3772 611 2860 1584 3772 2860 2518
1227 1370 1227 1792 2518 123 1792 1584 602 123 1792 1370 1227 1370 1227 1792 1488 611 1792 3860
1067 3452 611 2860 1488 611 2860 1584 3772 611 2860 2367 3772 611 2860 1584 3772 2860 2518 611
1362 625 3860 2518 1584 1670 1670 3860 1362 625 1362 1584 611 1792 1067 3452 611 763 1067 3452
625 3860 2518 1584 1670 1670 625 3860 1362 1362 1584 2518 1792 2518 1584 611 2518 3452 1584 611
611 1792 1067 3452 3772 1792 2518 3452 611 763 1488 602 1792 2367 3772 602 1792 1584 3772 611
123 1792 1584 602 123 1792 1370 1227 1370 1227 1792 1488 123 1792 3860 1362 1584 602 611 1792
1792 2367 3772 611 1792 1584 3772 1792 2518 611 1792 1584 602 611 1792 1584 602 611 1792 1584
611 763 1067 3452 611 763 763 3452 611 1792 1488 611 1792 2367 3772 611 763 2367 3772 611
611 763 2367 3772 611 763 2367 3772 611 763 611 3772 2860 2518 611 763 1584 602 611 763
3860 1362 1792 2518 611 2860 1584 602 2320 763 1370 1227 1370 1227 1792 1488 2320 2860 1584 602
2860 1584 3772 2860 2518 611 2860 1584 611 611 763 1584 611 611 2860 1584 611 611 2860 1584
1670 1670 3860 1362 1362 1584 611 1792 1067 3452 2320 2860 1067 3452 611 1792 1488 2320 763 2367
3772 611 2860 1370 1227 1370 1227 2367 3772 611 2860 1584 3772 3860 1362 1792 2518 611 2860 1584
611 1792 1067 3452 602 2860 1067 3452 611 1792 1488 2320 1792 2367 3772 611 1792 2367 3772 611
3452 611 2860 1488 2320 2860 2367 3772 123 2860 2367 3772 611 2860 1584 3772 2860 2518 611 2860
625 3860 2518 1584 1670 1670 4782 4782 1670 1670 3860 1362 4782 1362 1584 611 1792 625 1067 3452
1067 3452 2320 1792 1488 611 763 2367 3772 611 763 2367 3772 611 763 1584 3772 1792 2518 611
1584 1670 1670 3860 1362 625 1362 1584 611 1792 1067 3452 602 2860 1067 3452 602 1792 1488 2320
1670 3860 1362 1362 1584 611 1792 1067 3452 2320 2860 1067 3452 2320 1792 1488 2320 763 2367 3772
1670 3860 1362 625 1362 1584 611 1792 1067 763 611 4153 1067 763 611 1792 1488 611 4153 2367
1792 2367 3772 611 1792 1584 3772 1792 2518 611 1792 1584 602 611 1792 1584 602 611 1792 1584
1670 1670 1362 1370 1370 1227 1227 3860 1362 625 1370 1227 1370 1227 1362 1584 2518 1792 1067 3452
3860 2518 1584 1670 1670 3860 1362 1362 1584 611 1792 1067 3452 611 763 1067 3452 611 1792 1488
1584 2320 1792 1067 3452 2320 2860 1067 3452 2320 1792 1488 2320 763 2367 3772 2320 1792 2367 3772
3860 1362 1362 1584 611 1792 1067 3452 611 763 2518 3452 611 1792 1488 123 763 2367 3772 123
123 1792 1584 602 123 1792 1370 1227 1370 1227 1792 1488 123 1792 3860 1362 1584 602 611 1792
2320 763 2367 3772 611 2860 1370 1227 1370 1227 2367 3772 611 2860 1584 3772 3860 1362 1792 2518
1067 3452 602 2860 2518 3452 602 2860 1488 602 2860 2367 3772 602 2860 1370 1227 1370 1227 2367
1362 1584 602 1792 1067 3452 3772 1792 2518 3452 611 763 1488 602 1792 2367 3772 602 1792 1584
611 4153 1067 763 611 4153 1067 763 611 1792 1488 611 4153 2367 3772 611 4153 2367 3772 611
2860 2367 3772 611 2860 1584 3772 2860 2518 611 2860 1584 602 611 2860 1584 602 611 2860 1584
3452 611 1792 1488 2320 763 2367 3772 611 2860 1370 1227 1370 1227 2367 3772 611 2860 1584 3772
1067 3452 2320 2860 1067 3452 2320 1792 1488 2320 763 2367 3772 123 763 2367 3772 625 611 763
1584 3772 2860 2518 1067 2860 1584 602 611 2860 1584 602 611 2860 1584 602 611 2860 1584 602
1792 2367 3772 2320 763 1584 3772 1792 2518 2320 1792 1584 602 2320 1792 1584 602 2320 1792 1584
625 3860 2518 1584 1670 1670 3860 1362 625 1362 1584 611 1792 1067 3452 611 1792 1067 3452 611
2320 1792 1488 611 763 2367 3772 611 763 2367 3772 611 763 1584 3772 1792 2518 611 763 1584
2320 763 2367 3772 611 2860 1370 1227 1370 1227 2367 3772 611 2860 1584 3772 3860 1362 1792 2518
4782 1362 625 3860 3860 2518 1584 1670 1670 1362 1370 1370 1227 1227 3860 1362 625 1370 1227 1370
1584 2518 1792 2518 1584 611 2518 3452 1584 611 1792 1488 611 1792 2367 3772 611 1792 2367 3772
625 1362 1584 611 1792 1067 763 611 4153 1067 763 611 1792 1488 611 4153 2367 3772 611 4153
1067 3452 611 763 763 3452 611 2860 1488 611 1792 2367 3772 611 763 2367 3772 611 763 763
1362 625 3860 2518 1584 1670 1670 4782 4782 1670 1670 3860 1362 625 1362 1584 2320 1792 1067 3452
1584 602 602 2860 1370 1227 1370 1227 2860 1488 602 2860 1370 1227 1370 1227 1792 1488 611 2860
3772 1370 1227 1370 1227 1792 2518 123 1792 1584 602 123 1792 1370 1227 1370 1227 1792 1488 611
1670 4782 4782 1670 1670 3860 1362 4782 1362 1584 611 1792 625 1067 3452 611 2860 1067 3452 611
1792 1488 611 763 2367 3772 611 763 2367 3772 611 763 1584 3772 1792 2518 611 763 1584 602
1584 3772 1370 1227 1370 1227 1792 2518 123 1792 1584 602 123 1792 1370 1227 1370 1227 1792 1488
1370 1227 3860 1362 4782 1362 1584 123 1792 1067 3452 123 1792 123 3452 123 1792 1488 123 1792
1670 3860 1362 625 1362 1584 611 1792 1067 3452 611 1792 1067 3452 611 1792 1488 611 1792 2367
611 763 2367 3772 611 763 763 3772 2860 2518 611 763 1584 602 611 763 1584 602 611 1792
1584 2320 1792 1067 3452 2320 2860 1067 3452 2320 1792 1488 2320 763 2367 3772 2320 1792 2367 3772
1670 3860 1362 3860 1362 625 4782 1362 1584 602 1792 1067 3452 602 2860 2518 3452 602 1792 1488
1362 1584 602 1792 1067 3452 3772 1792 2518 3452 611 763 1488 602 1792 2367 3772 602 1792 1584
3860 625 2518 1584 1670 1670 1362 1370 1227 1370 1227 3860 1362 4782 1362 1584 611 1792 1067 3452
763 2367 3772 123 763 763 3772 2860 2518 611 763 1584 602 611 763 1584 602 611 1792 1584
2860 2367 3772 123 2860 2367 3772 611 2860 1584 3772 1792 2518 611 763 1584 602 611 1792 1584
611 763 2367 3772 611 763 625 2367 3772 611 1792 763 3772 1792 2518 611 1792 1584 602 611
3452 123 1792 1488 123 1792 2367 3772 123 1792 625 2367 3772 123 1792 1584 3772 1370 1227 1370
1067 763 611 1792 1488 611 4153 2367 3772 611 4153 2367 3772 611 4153 1584 3772 1792 2518 611
2518 611 2860 1584 3772 611 2860 1584 3772 611 2860 1584 3772 2860 2518 611 2860 1584 611 611
1670 3860 1362 1362 1584 602 1792 1067 3452 3772 1792 2518 3452 611 763 1488 602 1792 2367 3772
611 1792 1067 3452 2320 2860 1067 3452 611 1792 1488 2320 763 2367 3772 123 763 2367 3772 625
1584 1670 1670 3860 1362 625 1362 1584 611 1792 1067 3452 611 763 1067 3452 611 1792 1488 611
1670 1670 1362 1370 1227 1370 1227 3860 1362 4782 1362 1584 123 1792 1067 3452 123 1792 123 3452
1067 3452 3772 1792 2518 3452 611 763 1488 602 1792 2367 3772 602 1792 1584 3772 611 1792 1584
3452 123 2860 1067 3452 611 2860 1584 602 611 2860 2367 3772 611 2860 2367 3772 123 2860 1584
3772 2320 1792 2367 3772 2320 763 3452 3772 1792 2518 2320 1792 1584 602 2320 1792 1584 602 2320
2518 602 2860 1584 602 602 2860 1370 1227 1370 1227 1792 1488 602 2860 1370 1227 1370 1227 1792
1792 1067 3452 602 2860 1067 3452 611 1792 1488 2320 1792 2367 3772 611 1792 2367 3772 611 1792
611 763 2367 3772 611 763 2367 3772 611 763 763 3772 1792 2518 611 763 1584 602 611 763
2367 3772 123 2860 2367 3772 611 2860 1584 3772 2860 2518 611 2860 1584 602 611 2860 1584 602
2320 1792 2367 3772 2320 1792 2367 3772 611 1792 3452 3772 2860 2518 611 1792 1584 602 611 1792
1362 1584 602 2860 1067 3452 602 2860 2518 3452 602 2860 1488 602 2860 2367 3772 602 2860 1370
611 3452 611 2860 1488 611 763 2367 3772 611 763 2367 3772 611 763 1584 3772 2860 2518 611
1584 1670 1670 3860 1362 625 1362 1584 611 1792 1067 3452 123 1792 1067 3452 611 1792 1584 602
1362 625 3860 2518 1584 1670 1670 4782 4782 1670 1670 3860 1362 625 1362 1584 2320 1792 1067 3452
2518 611 2860 1584 3772 611 2860 1584 3772 611 2860 1584 3772 2860 2518 611 2860 1584 611 611
1362 1584 611 763 1067 3452 611 763 763 3452 611 1792 1488 611 1792 2367 3772 611 763 2367
611 1792 1584 3772 1792 2518 611 1792 1584 602 611 763 1584 602 611 763 1584 602 611 1792
1362 4782 1362 1584 611 1792 625 1067 3452 611 2860 1067 3452 611 1792 2518 611 2860 2367 3772
611 1792 2367 3772 611 1792 1584 3772 1792 2518 611 1792 1584 602 611 1792 1584 602 611 1792
1067 3452 611 1792 1067 3452 611 1792 1488 611 1792 2367 3772 611 1792 2367 3772 611 1792 3452
123 763 2367 3772 611 763 3452 3772 1792 2518 611 763 1584 602 611 763 1584 602 611 763
611 1792 1488 611 1792 2367 3772 611 1792 2367 3772 611 1792 1584 3772 1792 2518 611 1792 1584
4782 1670 1670 3860 1362 625 1362 1584 611 1792 1067 3452 611 1792 1067 3452 611 1792 1488 611
2518 611 2860 1584 602 2320 763 1370 1227 1370 1227 1792 1488 2320 2860 1584 602 123 2860 1370
1584 3772 2860 2518 602 2860 1584 602 602 2860 1370 1227 1370 1227 2860 1488 602 2860 1370 1227
763 1584 3772 1792 2518 2320 1792 1584 602 2320 1792 1584 602 2320 1792 1584 602 2320 1792 1584
602 2860 1067 3452 611 1792 1488 2320 1792 2367 3772 611 1792 2367 3772 611 1792 1584 3772 1792
4782 1362 1584 611 1792 625 1067 3452 611 2860 1067 3452 611 1792 2518 611 2860 2367 3772 611
602 1792 1488 602 2860 2367 3772 123 2860 3860 1362 625 2367 3772 602 2860 1584 3772 1792 2518
1792 1067 3452 123 1792 1067 3452 611 2860 1488 611 2860 2367 3772 123 2860 2367 3772 611 2860
1370 1227 2860 2518 611 763 3860 1362 1584 602 611 1792 1370 1227 1792 1488 123 2860 1370 1227
1067 3452 611 763 2518 3452 611 1792 1488 123 763 2367 3772 123 763 2367 3772 611 763 1584
1584 1670 1670 3860 1362 625 1362 1584 611 2860 1067 3452 611 763 1067 3452 611 2860 1488 611
3772 611 2860 1584 3772 2860 2518 611 2860 1584 602 611 2860 1584 602 611 2860 1584 602 123
2860 1584 3772 611 2860 2367 3772 611 2860 1584 3772 2860 2518 611 2860 1584 611 611 763 1584
611 2860 1584 3772 3860 1362 1792 2518 611 2860 1584 602 2320 763 1370 1227 1370 1227 1792 1488
602 2860 1067 3452 611 1792 1488 2320 1792 2367 3772 611 1792 2367 3772 611 1792 1584 3772 1792
3860 2518 1584 1670 1670 3860 1362 625 1362 1584 602 1792 1067 3452 602 2860 1067 3452 611 1792
611 763 2367 3772 611 763 1584 3772 1792 2518 611 763 1584 602 2320 763 1584 602 611 1792
1227 1370 1227 2367 3772 602 763 1584 3772 1792 2518 602 2860 1584 602 602 2860 1370 1227 1370
3772 2860 2518 602 2860 1584 602 602 2860 1370 1227 1370 1227 2860 1488 602 2860 1370 1227 1370
4782 2518 1584 2518 1584 1670 1670 3860 1362 1362 1584 611 1792 1067 3452 611 763 2518 3452 611
611 2860 1584 602 611 2860 2367 3772 611 2860 2367 3772 123 2860 1584 3772 2860 2518 1067 2860
3860 1362 625 1362 1584 611 1792 1067 3452 611 763 1067 3452 2320 1792 1488 611 763 2367 3772
1488 123 763 2367 3772 123 763 2367 3772 611 763 3452 3772 1792 2518 611 763 1584 602 611
2367 3772 123 763 2367 3772 611 763 3452 3772 1792 2518 611 763 1584 602 611 763 1584 602
2367 3772 123 2860 1584 3772 1792 2518 611 763 1584 602 611 1792 1584 602 2320 2860 1584 602
625 2367 3772 602 2860 625 3772 1792 2518 602 763 625 602 602 2860 1584 602 611 763 1584
1362 625 3860 2518 1584 1670 1670 3860 1362 625 1362 1584 611 2860 1067 3452 611 763 1067 3452
2860 1067 3452 611 763 1067 3452 611 2860 1488 611 2860 1584 3772 611 2860 2367 3772 611 2860
1670 3860 1362 3860 1362 625 4782 1362 1584 602 1792 1067 3452 602 2860 2518 3452 602 1792 1488
625 1584 3860 2518 1584 1670 1670 1362 1370 1370 1227 1227 3860 1362 625 1370 1227 1370 1227 1362
3452 2320 2860 1488 123 2860 2367 3772 123 2860 2367 3772 611 2860 1584 3772 1792 2518 611 763
1584 3772 611 2860 2367 3772 611 2860 1584 3772 2860 2518 611 2860 1584 611 611 763 1584 611
2860 3860 1362 625 2367 3772 602 2860 625 3772 1792 2518 602 763 625 602 602 2860 1584 602
1227 2860 2518 611 763 3860 1362 1584 602 611 1792 1370 1227 1792 1488 123 2860 1370 1227 1792
2367 3772 123 763 2367 3772 625 611 763 1584 3772 1792 2518 611 763 1584 602 611 763 1584
1792 1488 2320 763 2367 3772 2320 1792 2367 3772 2320 763 1584 3772 1792 2518 2320 1792 1584 602
1362 625 1362 1584 611 1792 1067 3452 611 1792 1067 3452 611 1792 1488 611 2860 2367 3772 123
1488 2320 1792 2367 3772 611 1792 2367 3772 611 1792 3452 3772 2860 2518 611 1792 1584 602 611
3452 611 763 2518 3452 611 1792 1488 123 763 2367 3772 123 763 2367 3772 611 763 1584 3772
1370 3452 602 1792 1488 602 2860 2367 3772 123 2860 3860 1362 625 2367 3772 611 2860 625 3772
1584 611 2860 1067 3452 611 2860 1067 3452 611 2860 1488 2320 2860 2367 3772 123 2860 2367 3772
763 1584 3772 1792 2518 2320 1792 1584 602 2320 1792 1584 602 2320 1792 1584 602 2320 1792 1584
1362 3860 625 2518 1584 1670 1670 1362 1370 1227 1370 1227 3860 1362 4782 1362 1584 611 1792 1067
611 2860 1067 3452 602 763 1488 3452 602 1792 1488 602 2860 2367 3772 123 2860 3860 1362 625
3772 611 763 1370 1362 1227 3860 2367 3772 123 763 1584 3772 1370 1227 1792 2518 611 763 3860
2518 1584 1670 1670 3860 1362 625 1362 1584 611 1792 1067 3452 611 763 1067 3452 611 1792 1488
2367 3772 611 763 625 2367 3772 611 1792 763 3772 1792 2518 611 1792 1584 602 611 763 1584
3772 123 2860 1584 3772 1792 2518 611 763 1584 602 611 1792 1584 602 2320 2860 1584 602 2320
2320 2860 1067 3452 2320 1792 1488 2320 763 2367 3772 2320 1792 2367 3772 2320 763 1584 3772 1792
1584 611 2860 1067 3452 602 763 1488 3452 602 1792 1488 602 2860 2367 3772 123 2860 3860 1362
2860 2367 3772 611 2860 1584 3772 2860 2518 611 2860 1584 602 611 2860 1584 602 611 2860 1584
1370 1227 2367 3772 602 763 1584 3772 1792 2518 602 2860 1584 602 602 2860 1370 1227 1370 1227
625 2518 1584 1670 1670 1362 1370 1227 1370 1227 3860 1362 4782 1362 1584 611 1792 1067 3452 123
2367 3772 611 763 2367 3772 611 763 763 3772 2860 2518 611 763 1584 602 611 763 1584 602
3452 602 2860 1067 3452 611 1792 1488 2320 1792 2367 3772 611 1792 2367 3772 611 1792 1584 3772
625 1362 1584 611 2860 1067 3452 611 1792 1067 3452 611 1792 1488 611 1792 2367 3772 611 1792
625 2518 1584 1670 1670 1362 1370 1227 1370 1227 3860 1362 4782 1362 1584 611 1792 1067 3452 123
611 1792 1067 3452 611 2860 1067 3452 611 1792 1488 2320 763 2367 3772 611 2860 1370 1227 1370
611 763 1370 1362 1227 3860 2367 3772 123 763 1584 3772 1370 1227 1792 2518 611 763 3860 1362
123 763 1584 3772 1370 1227 2860 2518 611 763 3860 1362 1584 602 611 1792 1370 1227 1792 1488
2518 1584 1670 1670 3860 1362 625 1362 1584 611 2860 1067 3452 611 763 1067 3452 611 2860 1488
1362 1792 2518 611 2860 1584 602 2320 763 1370 1227 1370 1227 1792 1488 2320 2860 1584 602 123
625 2518 1584 1670 1670 3860 1362 1362 1584 611 1792 1067 3452 2320 2860 1067 3452 611 1792 1488
4782 1670 1670 3860 1362 3860 1362 625 4782 1362 1584 602 1792 1067 3452 602 2860 2518 3452 602
2518 1584 1670 1670 3860 1362 1362 1584 611 1792 1067 3452 611 763 1067 3452 611 1792 1488 611
3860 2518 1584 1670 1670 3860 1362 625 1362 1584 602 1792 1067 3452 602 2860 1067 3452 611 1792
1488 2320 763 2367 3772 123 763 2367 3772 625 611 763 1584 3772 1792 2518 611 763 1584 602
2367 3772 2320 1792 2367 3772 611 1792 3452 3772 2860 2518 611 1792 1584 602 611 1792 1584 602
4782 4782 1670 1670 3860 1362 625 1362 1584 611 1792 1067 3452 611 1792 1067 3452 611 1792 1488
1670 1670 3860 1362 625 1362 1584 2320 1792 1067 3452 2320 2860 1067 3452 2320 1792 1488 2320 763
