93 182 182 13 13 13 13 182 182 52 52 52 52 52 52 52 52 52 52 52
144 144 144 100 82 100 82 67 82 67 100 100 67 82 82 100 82 67 82 67
93 67 82 82 87 100 100 100 67 150 82 100 93 67 182 182 182 182 182 182
52 52 52 52 52 52 52 52 144 144 93 93 83 150 206 83 150 92 150 206
140 140 140 13 140 140 140 140 13 144 13 144 182 182 182 144 144 140 140 140
92 206 83 150 92 206 206 150 206 93 182 182 182 182 182 93 144 52 52 52
140 140 140 13 13 241 140 13 13 181 144 140 140 13 13 181 181 140 140 13
248 248 13 241 248 248 248 248 248 248 248 248 248 248 241 13 241 13 13 13
52 52 52 52 52 52 52 52 52 52 52 52 93 93 93 93 182 182 241 241
182 83 92 206 182 182 13 13 83 150 92 206 13 182 13 13 13 182 182 182
248 248 248 248 248 248 248 248 248 248 248 248 248 248 248 248 248 248 248 248
13 13 181 181 93 93 140 140 13 13 13 13 13 13 181 181 181 181 140 140
52 93 93 93 93 144 182 13 13 182 182 182 52 52 52 52 52 52 52 52
52 52 52 52 52 52 52 52 144 144 93 93 83 150 206 83 150 92 150 206
88 140 88 140 140 140 140 140 13 13 140 182 13 13 13 140 13 241 13 144
144 144 140 140 88 88 140 88 88 88 182 88 88 182 182 182 140 241 241 140
144 13 13 13 13 144 144 93 93 93 93 144 144 144 144 144 144 144 144 144
88 88 182 182 88 88 140 144 144 144 182 13 182 140 13 182 181 140 13 13
206 92 206 83 92 206 83 182 92 13 206 13 83 13 92 206 83 92 206 182
88 88 88 88 52 52 52 52 52 52 52 52 144 13 52 52 52 52 52 52
140 88 140 140 140 140 140 140 241 140 140 241 13 144 144 182 140 140 144 144
88 93 144 88 182 182 88 52 52 52 52 52 52 52 52 144 13 52 52 52
88 182 182 88 140 182 182 88 144 144 182 182 182 182 241 182 140 140 182 181
140 140 140 140 140 140 140 88 88 140 13 140 140 140 140 241 144 241 144 140
92 206 206 93 150 206 93 83 150 206 83 150 92 150 206 206 92 206 83 92
83 182 150 92 92 206 206 92 206 83 92 206 83 92 206 83 92 206 206 93
52 93 93 93 83 150 206 83 150 92 92 206 206 92 206 83 92 206 83 92
140 13 241 13 144 93 181 140 13 241 13 181 182 13 181 241 13 181 140 140
83 92 206 83 150 92 150 206 206 92 206 83 92 206 83 93 92 206 83 92
100 67 140 182 140 140 182 182 140 140 144 144 181 181 144 144 140 140 140 140
248 248 248 248 248 248 248 248 248 248 241 248 248 248 248 248 241 241 248 248
67 82 67 100 100 67 100 100 67 100 82 67 82 67 100 100 67 181 181 181
83 150 92 206 93 93 83 150 92 206 206 150 150 206 88 88 182 182 182 182
67 100 82 206 140 140 140 182 140 182 144 144 144 144 140 140 140 140 140 182
52 52 52 52 52 52 52 52 52 52 52 144 52 52 52 52 52 88 88 88
140 144 140 140 140 140 140 241 241 241 241 241 144 144 93 140 140 140 144 144
144 144 144 140 88 88 88 182 88 88 88 181 88 88 88 88 88 13 88 88
82 144 82 144 144 82 67 100 100 67 100 67 100 82 67 82 67 100 100 67
92 206 13 140 13 13 13 140 140 140 140 144 144 144 144 144 140 140 140 140
67 87 92 67 83 92 67 67 93 150 93 67 67 150 67 83 150 92 150 67
248 248 248 248 248 248 248 248 248 248 248 248 248 248 241 241 241 241 248 248
92 206 83 150 92 206 83 150 92 206 182 182 182 182 83 150 92 87 87 150
88 88 88 88 88 88 88 88 88 248 248 88 88 88 88 144 144 181 181 181
92 67 241 182 83 13 13 140 182 92 206 13 13 87 92 206 82 67 100 100
88 182 182 182 144 144 88 93 144 88 182 182 182 52 52 52 52 52 52 52
144 93 144 93 144 144 140 182 182 182 182 182 182 182 182 182 88 88 182 182
140 140 182 140 144 144 144 144 144 182 88 88 182 182 88 88 88 181 88 88
52 52 52 52 88 88 248 88 88 88 248 88 88 88 182 248 88 241 182 248
100 67 100 100 67 82 67 100 100 67 52 52 82 52 52 82 52 82 82 82
144 144 140 140 140 144 144 140 88 88 88 182 88 88 88 182 88 88 88 140
100 67 100 82 67 82 67 100 100 100 67 82 93 140 140 241 241 140 140 241
206 83 150 92 150 206 206 92 206 83 92 206 83 92 206 83 150 92 206 83
52 52 52 93 88 182 182 182 144 93 88 182 182 144 144 182 88 88 140 88
140 241 144 241 144 140 182 140 144 144 140 140 182 88 182 88 182 140 140 140
93 144 88 88 88 140 13 144 13 52 52 52 52 52 52 52 52 52 52 52
206 83 92 206 83 150 92 206 83 150 92 182 206 144 83 92 206 206 150 206
82 67 100 100 100 100 67 100 67 100 100 67 241 241 140 241 140 241 144 144
182 182 88 182 182 182 248 144 144 181 181 144 144 182 88 182 88 88 88 88
182 182 13 13 13 93 93 83 92 206 182 13 83 150 92 92 206 206 92 206
144 144 140 140 140 88 182 88 182 182 93 93 83 88 150 206 88 83 150 92
181 140 140 13 13 13 13 13 13 182 182 140 182 182 182 181 181 140 140 181
52 52 52 144 93 93 87 150 67 83 150 92 150 67 67 92 67 83 92 67
92 206 83 150 92 206 83 150 92 67 93 93 83 150 92 206 206 150 150 206
144 144 93 140 93 241 144 13 144 144 144 144 182 182 182 182 144 144 93 144
52 52 52 52 52 52 52 52 52 52 52 52 52 52 52 52 52 52 52 52
241 140 82 67 100 100 67 100 67 100 82 67 140 140 241 241 140 140 82 67
182 140 140 144 144 140 140 182 88 182 88 88 182 88 88 88 182 88 88 140
140 140 140 140 241 241 13 13 13 13 82 82 67 100 100 100 67 100 67 100
144 144 144 144 140 88 88 88 182 88 88 182 182 181 88 88 88 140 88 88
83 93 92 206 83 92 206 206 144 93 150 67 93 87 150 206 83 150 92 150
88 88 88 88 182 144 13 52 52 52 52 52 52 52 52 52 52 52 52 52
140 140 140 140 140 140 140 241 140 140 241 241 144 144 182 140 140 144 144 140
182 182 88 88 88 88 140 88 88 88 88 144 88 182 88 88 88 88 182 88
13 13 144 93 93 144 144 144 144 144 93 144 144 182 182 182 182 182 182 182
144 144 140 88 88 140 88 88 88 88 88 182 241 144 52 52 52 52 52 52
67 100 100 67 140 182 140 140 140 140 140 140 144 144 181 181 144 144 140 140
82 100 67 67 100 67 82 82 100 67 100 82 67 67 82 67 100 100 100 67
88 88 182 182 144 144 88 248 144 182 88 88 182 241 13 52 52 181 52 52
88 88 88 88 182 13 144 52 144 52 182 88 52 52 52 52 52 52 52 52
140 140 140 140 140 140 241 140 140 241 241 144 144 182 140 140 144 144 140 140
83 92 206 83 92 206 182 83 92 206 206 150 206 93 88 182 182 182 88 182
88 182 182 93 93 83 150 206 88 88 83 150 92 92 206 206 92 206 182 182
13 140 181 140 13 13 13 140 13 13 13 181 140 13 13 241 144 181 93 140
182 140 241 140 13 140 140 140 241 181 182 13 13 13 93 182 13 13 13 144
248 248 248 248 248 248 248 248 248 248 248 248 13 241 248 248 248 248 248 248
52 52 52 52 52 52 52 52 93 93 93 93 182 182 182 52 52 52 52 52
67 241 241 241 241 241 241 241 241 93 82 100 67 100 82 67 67 82 67 100
67 92 67 83 92 67 83 92 206 83 92 67 67 93 150 67 93 87 150 67
150 67 93 87 150 206 83 150 92 150 206 67 92 206 83 150 92 206 83 150
206 67 92 67 83 92 206 83 92 206 83 150 92 67 83 100 92 67 206 100
150 92 206 206 93 93 87 150 206 150 67 83 100 92 150 67 206 92 67 83
144 93 150 67 93 87 150 206 83 150 92 150 67 206 92 206 83 92 67 83
182 88 88 93 93 83 150 206 88 182 83 150 92 150 206 206 92 206 182 88
100 82 82 100 67 100 82 67 67 82 67 100 100 67 100 67 100 82 67 82
82 82 82 82 82 82 144 144 144 144 82 67 144 144 100 100 100 67 100 67
144 144 88 140 88 88 88 88 182 140 88 88 13 241 241 182 88 182 140 182
144 93 93 83 92 206 83 150 92 92 206 206 92 206 83 150 92 206 83 150
93 93 93 144 144 144 144 144 144 144 93 144 93 144 144 144 140 140 182 140
82 67 82 67 100 100 67 140 182 100 82 100 82 67 182 182 140 182 140 140
140 140 88 144 140 88 88 88 182 88 182 88 182 182 140 182 140 241 140 140
52 52 52 52 52 52 52 52 52 144 144 93 93 83 150 206 83 150 92 150
140 82 93 82 82 13 13 241 241 13 13 82 144 144 100 67 100 82 67 82
206 182 140 182 140 144 144 182 88 88 182 182 144 144 88 88 88 182 88 88
182 241 241 144 144 93 140 140 140 144 144 182 182 182 182 182 88 88 182 140
92 92 206 206 92 206 83 92 206 83 144 144 92 206 83 92 206 206 93 93
93 93 93 182 13 13 144 52 52 52 52 52 52 52 52 52 52 52 52 52
82 82 82 144 144 144 144 82 67 100 100 67 100 67 100 82 67 82 67 100
241 241 144 93 93 144 144 144 144 144 93 144 144 144 182 182 182 140 182 182
83 150 92 150 206 206 92 206 83 150 92 206 83 150 92 206 83 150 92 67
140 140 140 140 140 144 144 144 144 144 144 82 67 140 182 67 100 140 140 100
83 150 92 206 83 150 92 206 206 93 93 87 150 206 150 67 83 150 92 150
52 52 144 52 52 52 52 52 52 52 52 52 52 52 52 52 52 52 93 93
182 144 52 52 52 52 52 52 52 52 52 52 52 52 52 52 144 182 52 52
83 92 206 140 140 83 150 92 92 206 206 92 206 182 182 83 92 206 83 92
93 241 13 144 13 144 144 144 144 140 140 182 241 182 182 144 144 93 144 140
82 82 82 82 100 67 100 82 67 82 67 100 100 67 100 100 67 100 82 67
83 92 67 83 150 92 206 241 83 150 92 206 67 150 67 93 182 182 182 144
144 93 144 93 93 87 150 206 83 150 92 150 67 206 92 67 83 92 206 83
83 92 67 83 150 92 206 241 83 150 92 206 67 150 67 93 182 182 182 144
93 83 92 87 83 150 92 92 206 206 92 87 83 92 87 83 92 206 83 92
82 82 82 67 100 100 67 100 67 100 100 67 82 82 82 67 100 100 67 100
100 100 67 52 52 52 52 52 52 52 52 52 52 52 52 52 52 52 52 52
52 52 52 52 52 52 52 52 52 52 52 52 52 52 52 52 52 52 144 88
13 181 181 140 140 13 13 13 13 13 13 181 181 181 181 182 182 13 241 241
82 82 144 144 144 144 82 67 140 140 140 140 100 100 67 100 67 100 82 67
83 92 206 206 150 206 93 88 182 182 182 182 182 182 144 144 182 88 88 182
82 144 144 144 144 140 140 140 140 140 140 82 140 140 100 100 100 67 100 82
140 140 144 144 140 140 88 88 182 88 140 182 182 88 88 88 140 140 140 20
13 140 88 13 140 181 140 13 13 13 140 13 13 13 181 140 13 13 13 181
144 144 13 13 13 13 144 144 93 93 93 93 144 144 144 144 144 144 144 144
182 182 140 140 140 144 144 140 88 88 140 88 88 182 88 88 182 241 182 182
82 82 82 82 82 100 67 100 82 67 82 67 100 100 67 100 100 67 100 82
144 144 140 140 88 88 140 88 88 88 182 88 88 182 182 182 140 241 241 140
248 248 248 13 241 248 248 248 248 248 248 248 248 248 248 241 13 13 13 13
248 248 248 248 248 248 248 248 248 248 248 248 248 248 248 248 248 248 248 248
182 93 144 144 52 52 52 52 52 52 52 52 52 52 52 52 52 52 52 52
88 88 88 88 248 88 88 88 88 88 88 20 93 83 150 206 88 182 83 150
140 140 140 140 140 13 140 140 241 13 144 144 182 140 182 144 144 140 140 140
52 52 52 52 52 52 52 52 182 182 88 93 93 93 93 182 13 13 144 144
248 88 248 13 182 248 248 248 248 13 13 248 248 13 13 248 93 83 92 206
88 52 52 52 52 52 52 52 52 52 52 52 52 52 52 52 52 52 52 52
93 93 93 140 13 13 144 52 52 52 52 52 52 52 52 52 52 52 52 52
140 182 140 140 140 241 140 140 140 140 241 241 140 182 82 82 67 100 87 100
140 140 140 140 13 140 182 241 241 144 144 182 140 140 144 144 140 140 140 182
150 206 83 150 92 150 206 206 92 206 83 92 206 83 92 206 83 92 206 182
13 181 181 140 13 13 13 93 181 181 181 13 140 13 13 181 181 182 241 182
140 140 182 182 144 144 144 140 88 88 88 182 88 88 88 182 88 88 182 144
52 52 52 52 52 52 52 52 52 144 144 93 93 87 150 67 83 100 92 150
88 182 144 52 52 52 52 52 52 52 52 52 52 52 52 52 52 144 13 52
88 182 182 181 88 88 248 88 144 13 88 140 241 182 248 13 13 241 93 140
52 52 144 144 93 93 83 150 206 83 150 92 150 206 206 92 206 83 92 206
206 182 182 88 88 87 83 87 82 206 182 88 88 88 182 182 88 88 88 88
182 93 88 182 182 144 144 140 140 88 140 88 88 182 88 88 182 241 140 140
52 52 52 52 52 52 144 52 52 52 52 52 52 52 52 52 52 52 52 52
241 144 241 93 144 52 52 52 52 52 52 52 52 52 52 144 144 52 52 52
100 100 67 82 144 82 241 13 13 13 13 13 13 100 67 100 82 67 82 100
144 93 93 241 13 144 13 144 144 144 144 182 182 182 182 182 182 144 144 93
52 52 52 52 52 52 52 52 52 52 52 52 52 52 52 52 52 52 52 88
241 182 241 88 140 13 241 13 241 241 241 181 181 182 248 182 182 241 182 241
52 52 52 52 52 52 52 52 52 52 52 52 144 88 88 52 52 52 52 52
52 52 52 52 52 52 52 52 52 52 52 52 52 52 52 52 52 52 52 52
82 82 144 144 144 144 82 67 100 100 67 100 67 100 82 67 82 67 100 100
92 150 67 67 92 206 83 150 92 67 83 150 92 67 83 150 92 67 82 67
82 100 100 241 241 100 67 100 82 67 67 241 241 82 67 100 100 100 67 100
182 13 13 13 93 140 13 13 13 144 241 13 13 13 93 93 206 150 206 83
13 13 144 93 93 144 144 144 144 144 93 144 144 182 182 182 182 182 182 182
140 140 93 93 93 82 13 13 241 241 13 13 144 144 144 100 67 100 82 67
67 67 92 67 83 100 92 67 82 100 92 67 82 100 92 67 241 67 100 150
52 52 52 52 52 52 52 52 52 52 52 52 52 144 144 93 144 93 93 87
82 67 140 182 140 140 140 140 144 144 144 144 140 182 241 140 140 140 82 140
52 52 52 52 52 52 52 52 52 52 52 52 52 52 52 93 144 93 93 82
92 92 206 206 92 206 83 150 92 206 83 150 92 206 83 150 92 206 93 93
13 13 144 144 93 93 93 93 144 144 144 144 144 144 144 144 144 93 144 144
206 241 13 87 92 206 82 67 100 100 67 144 144 140 182 182 182 241 13 93
52 52 52 52 52 52 52 52 52 52 52 52 52 52 144 144 13 182 52 52
13 13 144 144 181 181 181 181 140 182 13 241 13 241 13 241 181 181 140 182
140 182 13 13 13 13 13 13 181 181 182 182 182 182 182 182 182 182 181 181
248 248 248 248 248 248 248 248 248 248 248 241 241 248 248 241 241 13 248 13
88 140 88 88 88 88 88 182 182 140 144 52 52 52 52 144 52 52 52 52
182 182 181 88 88 88 88 88 88 13 13 182 182 13 241 241 182 13 241 241
93 182 13 13 13 93 93 83 92 206 83 150 92 92 206 206 92 206 83 182
88 140 182 88 88 88 88 88 88 140 182 140 182 140 140 241 241 144 144 241
67 100 100 67 100 67 100 82 67 82 67 100 100 67 82 82 100 67 100 82
88 88 88 88 248 88 88 248 248 88 88 248 248 13 248 248 241 248 181 88
82 144 100 67 100 82 67 82 67 100 100 67 100 100 67 100 82 67 82 67
144 93 93 206 150 206 83 182 150 92 92 206 206 92 206 83 92 206 83 92
92 150 206 206 92 206 83 92 206 83 92 206 93 83 92 206 206 93 93 83
140 140 140 140 140 140 140 241 140 140 13 144 241 144 144 140 140 140 144 144
13 13 13 93 93 181 181 181 181 181 181 83 150 206 92 206 181 181 144 144
241 182 241 241 144 144 182 182 182 144 144 182 88 88 88 182 88 182 88 182
206 83 150 92 206 83 150 92 206 182 13 241 13 182 182 182 182 144 144 144
52 52 52 52 52 52 52 52 52 52 52 52 52 52 52 88 52 52 52 52
88 140 88 182 144 144 93 144 182 88 88 182 13 52 52 52 52 52 52 52
67 82 92 206 83 92 206 83 92 67 67 100 67 241 241 144 100 67 100 100
241 241 241 182 140 182 140 144 144 144 144 182 88 88 88 182 88 88 182 182
140 13 144 52 52 144 13 52 52 52 52 52 52 52 52 52 52 52 52 52
67 100 100 67 100 67 100 82 67 82 67 100 100 67 82 82 67 67 100 67
206 206 92 206 182 182 83 92 206 83 92 206 83 92 206 182 182 13 13 13
140 140 241 241 241 241 241 140 93 93 100 82 100 82 67 82 82 67 100 100
248 248 248 248 248 248 248 248 248 248 248 248 248 248 248 241 241 248 248 248
88 88 88 182 88 88 20 93 83 150 206 88 182 83 150 92 150 206 206 92
144 52 52 52 52 52 52 52 52 52 52 52 52 52 52 144 182 52 52 52
140 140 241 140 241 140 140 13 144 241 144 144 140 140 140 144 144 140 140 140
140 182 140 248 140 88 88 140 88 88 140 88 88 182 182 241 182 182 144 182
140 144 241 13 144 144 144 144 140 182 140 140 182 182 144 144 93 144 140 140
182 140 182 144 144 140 182 182 88 182 88 182 182 93 93 83 88 150 206 88
140 182 140 182 140 140 144 144 144 144 140 182 140 182 182 140 82 140 182 100
52 52 144 52 52 52 52 52 52 52 52 52 52 93 93 93 93 182 241 13
52 52 52 93 93 93 93 182 182 13 13 13 13 144 144 144 144 241 182 93
88 88 88 88 182 13 144 52 144 52 182 88 52 52 52 52 52 52 52 52
67 100 82 67 82 67 100 100 100 67 93 93 140 140 241 241 140 140 241 140
52 52 52 52 52 52 52 52 52 52 52 93 144 93 93 82 150 67 83 100
67 100 82 67 67 82 67 100 100 100 100 67 100 67 100 100 67 241 140 140
182 150 83 87 93 206 88 88 88 88 182 182 88 182 88 88 182 182 182 182
83 92 206 83 92 206 83 92 206 182 182 182 83 150 92 206 206 150 206 182
88 88 182 181 181 88 88 88 88 144 144 182 182 88 88 88 88 88 88 88
13 13 241 13 13 13 93 93 83 92 206 83 150 92 150 206 206 92 206 83
248 248 248 248 248 248 248 248 248 248 248 248 241 241 248 248 248 248 241 241
83 92 67 67 93 150 93 206 83 150 206 83 150 92 150 206 206 92 206 83
52 93 88 182 182 182 144 93 88 182 182 144 144 182 182 182 182 88 88 182
52 52 52 52 52 52 52 52 52 52 52 52 52 93 93 82 150 67 83 100
52 52 52 52 144 13 52 88 93 93 93 93 182 13 13 93 144 144 52 52
140 140 140 140 140 140 182 140 241 241 241 13 241 241 241 140 182 144 144 140
88 88 88 248 248 248 248 248 88 88 248 88 248 248 248 248 88 88 88 144
144 144 93 93 87 150 67 83 150 92 150 67 67 92 67 83 92 67 87 100
93 88 93 144 88 182 182 88 52 52 52 52 52 52 52 52 144 13 52 52
144 140 140 140 140 140 140 140 140 140 140 13 140 140 140 241 241 144 241 144
92 206 83 150 92 92 206 206 92 206 83 150 92 206 83 150 92 206 83 150
181 182 182 140 140 182 182 182 182 181 181 181 181 182 182 241 241 241 241 13
182 140 241 241 83 92 206 182 93 182 241 182 182 182 182 144 144 182 182 88
13 144 144 88 88 52 52 52 52 52 52 52 52 52 52 52 52 52 52 52
13 13 144 144 93 93 93 93 144 144 144 144 144 144 144 144 144 93 144 144
144 144 140 140 88 140 88 140 140 140 140 182 140 140 241 140 140 241 241 144
82 241 82 241 241 82 82 82 144 100 67 100 82 67 67 82 67 100 100 100
13 83 241 92 206 83 92 206 182 182 182 182 144 144 182 182 88 88 144 144
140 140 140 140 241 241 182 241 13 144 144 182 140 140 144 93 144 140 140 181
82 82 100 100 67 100 82 100 82 67 82 67 100 100 67 100 67 100 82 67
67 82 82 82 100 100 67 67 100 100 67 100 82 67 82 67 100 100 67 82
100 100 100 67 100 67 100 82 67 241 241 241 241 144 144 241 241 144 144 140
206 83 150 92 206 144 83 150 92 206 182 182 13 13 144 144 182 182 140 182
241 182 241 13 181 181 181 181 181 181 140 182 241 182 241 182 241 182 181 181
182 182 13 13 93 93 83 92 206 83 150 92 92 206 206 92 206 83 92 206
182 241 241 182 241 144 241 144 182 140 182 144 144 182 88 182 88 182 182 88
93 93 93 93 144 144 144 144 144 144 144 144 144 93 144 144 144 182 182 182
144 144 182 182 52 52 52 52 52 52 52 52 52 52 52 52 52 52 52 52
52 52 52 52 52 52 144 144 93 93 67 150 67 83 182 150 92 150 206 206
206 150 206 83 150 92 150 206 206 92 206 83 92 206 83 92 206 83 92 206
52 52 52 52 144 13 52 52 52 52 52 52 52 52 52 52 52 52 93 93
93 144 144 144 144 144 144 144 93 144 93 144 144 144 182 182 182 140 140 140
206 144 83 150 92 206 83 150 92 206 206 150 206 182 93 182 182 182 182 182
52 52 52 52 52 52 52 52 52 52 52 52 52 52 52 52 52 52 52 52
144 144 140 140 140 140 140 140 144 144 144 144 82 67 140 241 140 140 100 100
82 67 67 82 67 100 100 67 100 100 100 100 100 82 100 100 100 100 82 82
248 248 248 248 248 248 248 248 248 248 248 248 248 248 248 248 248 248 248 248
88 52 52 52 52 52 52 52 52 52 52 52 52 52 52 52 52 52 52 52
241 83 150 92 206 206 150 150 206 182 241 182 241 93 182 182 182 144 144 182
144 182 52 52 52 52 52 52 52 52 52 52 52 52 93 93 93 93 182 13
100 100 100 67 100 67 100 82 67 82 67 100 100 67 82 82 100 67 100 82
82 67 140 140 140 241 82 67 100 100 67 100 67 100 82 67 140 140 140 182
241 82 67 82 100 100 67 92 67 140 241 13 13 241 13 13 241 100 67 100
206 206 92 206 83 92 87 83 92 206 83 92 87 83 92 206 182 13 13 13
88 182 182 144 144 13 13 52 52 52 52 52 52 52 52 52 52 52 52 52
92 67 83 92 67 83 92 67 83 92 67 67 93 150 67 93 67 150 67 83
92 206 83 92 206 83 150 92 206 83 150 92 206 182 182 13 241 93 182 182
100 100 100 67 100 67 100 82 67 241 241 241 241 144 144 241 241 144 144 140
150 206 206 92 206 83 93 93 92 206 83 92 206 83 92 206 83 92 206 206
140 140 140 144 144 140 140 88 140 140 140 140 140 93 144 144 140 140 140 140
52 52 52 52 52 52 52 52 52 52 52 52 144 144 52 52 52 52 241 88
92 67 241 182 83 13 13 140 182 92 206 13 13 87 92 206 82 67 100 100
93 144 144 144 140 140 88 140 88 88 140 88 88 182 241 144 52 52 52 52
52 144 144 93 93 83 150 206 83 150 92 150 206 206 92 206 83 92 206 83
241 144 93 93 144 144 144 144 93 144 144 182 182 182 182 182 182 182 182 88
140 140 140 140 140 140 140 140 140 140 140 13 13 182 140 13 241 181 144 140
88 182 150 83 87 93 206 88 88 182 182 88 88 182 182 88 88 182 182 88
52 52 52 13 88 93 93 93 93 182 13 13 52 52 52 52 52 52 52 52
83 92 206 182 13 83 150 92 92 206 206 92 206 13 13 83 92 206 83 150
100 100 82 241 100 67 100 82 67 67 82 82 82 67 100 100 100 67 100 67
88 88 88 182 140 140 182 140 140 144 144 52 52 52 52 52 52 52 52 52
206 82 150 92 206 181 67 100 100 67 82 150 92 67 241 182 241 241 241 241
83 92 206 83 92 206 83 92 206 206 20 150 206 93 83 150 206 83 150 92
93 83 88 150 206 88 83 150 92 150 206 206 182 92 206 182 83 88 182 92
206 83 150 92 150 206 206 92 206 83 92 206 83 92 206 83 150 92 206 83
88 88 88 88 88 182 182 88 144 52 52 52 52 52 52 52 52 52 52 52
52 52 52 52 52 52 52 52 52 52 52 52 52 52 52 93 93 93 93 88
82 67 100 100 67 100 67 100 82 67 140 140 241 241 140 140 82 67 140 140
88 88 88 88 88 88 88 248 88 88 88 248 13 88 248 241 248 181 88 13
82 67 100 100 100 67 93 93 140 140 241 241 241 140 241 140 82 82 100 67
52 93 93 206 150 206 83 150 92 150 206 206 92 206 83 92 206 83 92 206
93 52 52 52 52 182 182 182 182 182 182 182 144 144 182 88 88 88 88 88
83 92 206 83 92 206 83 92 206 182 83 92 87 87 150 206 93 182 182 182
67 67 92 206 83 92 67 83 92 206 83 92 67 241 83 92 67 67 150 67
140 93 93 93 93 140 13 13 144 52 52 52 52 52 52 52 52 52 52 52
82 67 100 100 100 67 100 67 100 82 67 241 241 241 241 144 144 241 241 144
92 92 206 206 92 206 83 92 206 83 150 92 206 83 150 92 206 83 150 92
52 144 144 93 93 83 150 206 83 150 92 150 206 206 92 206 83 92 206 83
140 140 140 144 144 144 144 140 140 140 182 82 140 182 100 100 140 140 100 67
82 67 140 182 140 140 140 182 144 144 144 144 140 140 182 182 82 140 140 100
140 140 140 82 140 241 100 100 241 241 100 82 100 82 67 67 82 67 100 100
93 140 140 140 144 144 140 140 88 140 88 88 140 88 88 182 182 140 241 140
83 150 92 150 206 206 92 206 83 93 93 92 206 83 92 206 83 92 206 83
52 52 52 52 52 52 52 52 52 52 52 52 52 52 52 52 52 52 52 52
150 82 87 93 206 182 88 182 182 88 182 182 182 182 88 182 182 88 182 241
206 83 92 206 83 92 206 206 93 150 93 206 83 92 206 83 150 92 150 206
140 182 88 182 182 88 144 144 93 144 182 182 88 182 13 144 241 52 52 52
241 241 67 82 67 100 100 100 67 100 67 100 82 67 144 144 241 241 241 241
52 144 144 144 93 144 144 182 182 182 182 182 182 182 182 182 182 13 144 52
52 52 52 52 52 52 52 52 52 52 52 93 144 93 93 82 150 67 83 100
88 88 88 88 88 88 88 182 182 88 88 88 88 144 144 52 52 181 52 181
241 140 140 13 13 181 144 140 140 13 241 181 181 140 140 13 241 93 181 181
13 140 181 140 13 13 13 140 13 13 13 181 140 13 13 13 181 93 140 13
83 150 92 67 52 52 52 52 83 150 92 206 206 150 206 182 93 52 52 52
13 140 140 140 182 13 13 13 182 13 13 13 93 93 83 92 206 83 150 92
83 150 92 206 83 150 92 206 182 13 241 13 144 144 182 182 182 140 144 181
140 13 181 13 140 140 140 13 13 140 140 13 13 181 241 140 13 241 144 181
92 206 182 13 13 13 52 52 52 52 182 182 182 182 144 144 144 144 182 88
82 82 82 82 82 82 100 67 100 82 67 67 82 67 100 100 100 100 100 67
52 52 52 52 52 52 52 52 52 182 52 52 52 52 88 93 93 181 93 182
182 140 140 182 144 144 140 88 144 144 140 182 182 88 88 88 182 88 88 88
13 13 13 13 13 93 93 83 92 206 83 150 92 150 206 206 92 206 83 150
88 88 13 88 248 13 181 248 248 13 241 241 144 88 13 13 241 248 88 181
206 83 150 92 206 83 150 92 206 182 241 13 241 83 92 206 182 182 182 182
82 82 100 100 82 82 100 67 100 82 67 67 82 67 100 100 67 100 67 100
67 100 100 67 82 140 100 67 100 82 67 82 140 82 67 100 100 67 82 82
140 88 88 88 88 88 140 140 88 241 241 140 88 140 182 241 182 144 144 140
52 52 52 52 52 52 52 52 52 144 182 52 52 52 52 52 52 52 52 52
52 52 52 52 52 52 52 52 144 144 93 93 83 150 206 83 182 150 92 150
144 144 144 140 140 144 144 93 144 182 182 182 182 182 182 182 182 144 181 181
52 144 144 93 93 83 150 206 83 150 92 150 206 206 92 206 83 92 206 83
248 248 248 248 248 248 248 248 248 241 248 248 248 248 13 241 241 248 13 13
88 88 88 88 248 88 88 88 88 88 248 241 181 241 248 248 248 182 241 88
182 93 144 52 52 52 52 52 52 52 52 52 52 52 52 52 52 52 52 93
92 206 182 182 83 182 92 182 206 88 182 182 182 182 241 241 83 92 206 182
88 140 88 140 140 88 140 140 88 140 182 241 241 241 241 83 82 206 150 87
52 52 52 52 52 52 52 52 52 52 52 93 144 93 144 93 93 67 150 67
182 181 181 52 52 52 52 52 52 52 52 52 181 88 88 182 182 182 182 182
88 88 88 182 182 140 140 88 88 144 144 52 52 52 52 52 52 52 52 52
150 206 206 92 206 83 92 206 83 92 206 93 83 92 206 206 93 93 83 150
88 248 88 248 248 248 248 248 248 248 248 248 248 248 144 144 241 182 83 181
13 13 13 13 144 144 182 182 52 52 52 52 52 52 52 52 52 52 52 52
140 144 144 13 13 13 13 144 144 93 93 93 93 144 144 144 144 144 144 144
248 248 248 248 13 248 248 248 248 248 241 13 248 248 13 241 248 93 83 83
88 88 87 93 206 88 88 88 88 88 88 88 88 182 88 88 88 88 88 140
144 144 140 241 140 82 140 140 144 144 144 144 82 67 100 100 67 100 67 100
13 182 182 182 248 248 13 13 182 248 13 13 248 93 83 92 206 83 150 92
144 93 144 93 144 144 140 182 140 182 182 182 182 182 182 182 182 182 182 182
140 144 144 144 93 140 140 88 88 140 182 88 88 182 88 88 93 93 83 150
144 182 182 140 144 144 140 88 182 88 182 88 88 88 182 88 88 88 182 140
140 88 88 140 88 144 88 140 88 88 140 241 241 182 241 241 144 144 93 140
144 144 144 144 140 140 140 140 140 140 144 144 93 144 140 182 140 140 241 144
182 241 140 93 93 181 181 181 181 83 92 206 92 206 181 181 144 144 181 181
52 52 144 144 93 93 83 150 206 83 150 92 150 67 67 92 206 83 92 206
67 82 241 13 13 13 13 13 13 100 82 100 82 67 82 67 100 100 67 140
67 82 67 100 100 67 144 144 140 241 140 241 241 13 93 93 241 241 93 144
93 93 93 144 140 13 13 144 144 52 52 52 52 52 52 52 52 52 52 52
93 87 150 206 83 150 92 150 206 206 92 206 83 92 206 83 92 206 182 182
144 144 144 82 67 82 82 140 140 100 100 67 100 67 100 82 67 241 82 82
150 92 92 206 206 92 206 83 92 206 83 92 206 83 92 206 206 93 93 83
100 92 206 241 13 13 13 93 140 140 140 182 144 144 182 140 93 144 140 140
82 82 82 82 82 144 144 144 144 82 67 100 100 67 100 67 100 82 67 82
83 92 206 83 92 206 83 92 206 83 92 206 206 150 206 182 182 182 182 182
140 140 140 140 140 13 13 140 140 13 13 13 140 13 13 13 144 144 93 93
93 93 182 13 13 93 144 144 52 52 52 52 52 52 52 52 52 52 52 52
144 144 82 82 82 82 82 140 82 100 100 100 67 100 82 67 67 82 67 100
52 52 52 52 52 52 52 182 140 140 93 93 93 93 182 13 13 144 144 144
52 52 52 52 52 52 52 52 52 52 52 52 52 144 144 13 182 52 52 52
88 88 88 88 88 88 88 13 144 52 52 52 52 52 52 52 52 52 52 52
52 52 52 52 52 52 144 144 93 93 83 150 67 83 150 92 150 67 67 92
144 88 182 88 140 88 88 88 88 88 182 13 144 52 52 52 181 52 52 52
88 88 88 88 248 181 88 88 88 248 248 13 248 88 182 248 248 241 182 182
144 144 88 88 248 88 181 248 88 88 88 248 88 248 88 248 13 241 13 88
206 206 92 206 83 92 206 13 150 92 206 83 150 92 206 83 92 67 206 150
144 144 82 82 140 140 82 140 241 100 100 82 241 100 82 100 82 67 67 82
93 87 92 206 83 150 92 92 206 206 92 206 83 92 206 83 144 144 92 206
100 100 82 241 100 67 100 82 67 67 82 82 82 67 100 100 100 67 100 67
13 13 144 241 13 13 13 93 93 87 150 206 83 150 92 150 67 206 92 206
93 93 93 182 182 13 13 13 13 93 144 52 52 52 52 52 52 52 52 52
144 88 88 88 88 88 144 182 88 140 241 241 182 181 182 241 241 241 140 182
52 52 52 52 52 52 52 52 52 52 52 52 52 52 52 52 52 52 52 52
248 248 248 248 248 248 248 248 248 248 248 248 248 248 248 248 248 248 248 248
144 140 13 241 241 140 140 140 140 144 93 144 144 140 88 140 88 140 88 140
144 144 140 140 140 140 140 140 140 140 88 140 140 140 241 140 144 140 241 241
13 13 140 13 13 13 181 140 13 13 13 181 181 140 13 13 13 93 181 181
140 140 144 144 140 140 140 140 140 140 140 140 140 140 241 140 241 140 140 241
52 52 52 52 52 52 52 52 52 52 52 52 144 144 182 182 52 52 52 52
140 13 13 13 181 140 13 13 13 181 93 140 13 13 13 181 181 181 140 13
92 67 83 100 92 206 83 100 92 67 144 241 140 241 241 144 144 144 144 140
150 206 83 150 92 150 206 206 92 206 83 92 206 83 92 206 83 92 206 182
206 83 150 92 92 206 206 92 206 83 92 206 83 92 206 83 92 206 206 88
88 88 88 88 88 88 182 182 144 144 241 13 52 52 52 52 52 52 52 52
140 144 144 140 140 140 140 140 140 140 140 140 140 241 140 241 140 140 241 144
88 140 88 140 140 140 140 140 13 13 140 182 13 13 13 140 13 241 13 144
182 88 88 88 52 52 52 52 52 52 52 52 52 52 52 52 52 52 52 52
52 52 52 52 52 52 52 93 93 93 83 150 206 83 150 92 92 206 206 92
248 88 248 248 248 248 248 248 248 248 248 248 248 248 248 248 248 241 241 241
52 52 52 52 52 52 52 144 144 182 182 52 52 52 52 52 52 52 52 52
52 52 52 52 52 52 52 52 52 52 52 52 52 52 52 52 88 93 93 93
248 248 88 248 248 248 248 248 248 248 241 241 13 248 248 241 241 241 248 248
248 248 248 248 248 248 248 248 248 241 241 248 248 13 241 13 248 241 241 13
144 140 140 140 140 13 13 82 82 13 13 82 144 100 67 100 82 67 82 100
67 140 182 140 182 82 67 100 100 67 100 67 100 82 67 182 88 182 182 140
52 52 52 52 52 52 52 52 52 52 52 52 52 52 52 52 52 52 52 52
140 144 144 140 140 182 88 140 88 140 140 140 182 88 88 182 241 93 241 241
88 88 248 248 248 248 248 248 248 248 248 248 248 248 248 248 248 93 83 83
140 182 182 182 140 140 140 144 144 144 93 182 182 182 182 182 88 182 88 140
13 13 13 181 181 140 140 13 13 13 241 13 241 181 181 93 93 181 181 140
52 52 52 52 52 52 52 52 52 52 52 52 52 52 52 52 52 52 52 52
52 52 52 52 52 52 52 52 52 52 52 52 52 52 52 52 52 52 93 93
88 182 182 13 140 140 140 140 13 13 144 182 182 144 182 182 88 140 140 140
52 52 52 52 52 52 52 52 52 52 52 52 52 52 52 52 52 52 52 52
52 52 52 52 52 52 52 52 52 93 144 93 93 67 150 67 83 150 92 150
92 150 206 206 92 206 83 93 93 92 206 83 92 206 83 92 206 83 92 206
93 93 93 182 241 13 144 52 52 52 52 52 52 52 52 52 52 52 52 52
182 93 93 93 93 182 182 13 13 13 13 144 144 182 182 52 52 52 52 52
140 140 140 82 140 140 100 100 100 67 100 82 67 67 182 182 82 67 140 140
82 67 100 100 67 144 144 140 241 140 241 241 13 93 93 241 241 82 144 100
88 182 182 144 52 144 52 182 88 52 52 52 52 52 52 52 52 52 52 52
248 248 248 248 248 248 248 248 248 248 248 248 248 248 248 248 248 248 248 248
140 13 13 13 93 140 13 13 13 144 181 140 13 13 241 181 140 13 241 13
140 140 182 144 144 140 88 144 144 140 182 182 88 88 88 182 88 88 88 88
82 144 144 144 144 144 144 82 67 82 140 67 100 82 82 100 67 100 100 100
88 88 182 140 140 140 88 88 182 140 140 88 182 241 241 182 140 241 241 181
13 93 93 87 150 206 83 150 92 150 206 67 92 206 83 92 206 83 92 206
67 82 92 67 82 100 92 87 82 67 100 100 67 93 144 241 241 241 13 13
92 206 83 92 206 83 92 206 206 93 93 206 150 206 150 206 83 150 92 150
144 93 93 83 92 206 83 150 92 92 206 206 92 206 83 150 92 206 83 150
241 140 140 140 140 140 140 140 13 13 140 144 93 93 83 150 206 83 150 92
144 140 182 182 140 182 182 182 144 144 182 93 144 182 182 182 140 52 52 181
87 93 206 88 88 88 88 88 88 88 88 182 182 88 88 88 88 182 182 88
248 248 248 248 248 248 248 248 248 248 248 248 13 241 248 248 241 241 248 248
140 88 88 88 140 88 88 88 182 88 88 88 144 144 144 182 241 140 88 241
140 182 88 88 88 88 182 182 88 88 88 182 182 182 182 182 140 140 144 144
100 82 67 140 140 140 241 82 67 100 100 67 100 67 100 82 67 140 140 140
144 181 144 182 88 88 88 144 88 88 88 88 182 88 88 88 88 88 140 182
206 206 150 206 93 182 93 88 182 182 144 144 182 182 88 182 182 88 182 88
52 52 52 52 52 52 52 52 82 100 67 100 82 67 82 100 100 67 67 100
140 13 241 241 13 13 241 181 181 140 140 13 13 241 13 13 13 144 144 181
150 206 206 92 206 83 92 206 83 92 206 83 92 206 83 92 206 182 13 13
83 150 92 206 206 150 206 182 93 88 182 182 182 88 182 182 144 144 182 88
150 92 92 206 206 92 206 83 150 92 206 83 150 92 206 83 150 92 206 182
52 52 52 52 52 52 241 140 140 93 93 93 93 182 13 13 144 144 144 52
182 182 182 88 144 144 181 181 144 144 182 88 248 88 88 88 88 248 182 88
82 82 100 100 82 82 100 67 100 82 67 67 82 82 82 100 100 67 67 100
93 93 93 88 88 144 182 144 52 52 52 52 52 52 52 52 52 52 52 52
52 52 52 52 52 52 52 52 52 52 52 52 52 52 52 52 52 52 52 52
206 87 206 88 248 248 248 248 248 182 248 88 88 248 248 88 88 88 88 88
140 140 182 241 13 182 241 13 144 144 182 140 140 144 93 144 140 140 52 52
87 82 92 206 83 92 206 241 182 13 13 13 13 13 13 82 67 83 100 100
52 52 52 52 52 52 52 52 52 52 52 52 52 52 52 52 52 52 52 52
88 88 88 88 88 88 88 88 88 88 88 140 88 88 88 140 140 182 182 144
92 206 83 92 206 83 144 144 92 206 83 92 67 206 93 93 83 150 67 150
52 52 93 88 182 182 182 144 93 88 182 182 144 144 182 88 88 182 88 88
150 92 206 206 150 206 182 93 52 52 52 52 182 182 182 182 52 52 52 52
100 100 100 67 100 67 100 82 67 241 241 144 144 241 241 144 144 140 241 140
82 92 67 83 100 92 67 83 100 92 67 144 241 140 241 140 144 144 144 144
140 241 140 182 13 241 144 144 182 140 182 144 144 182 182 182 88 140 88 140
93 93 144 88 88 140 88 88 182 144 13 52 52 52 52 52 52 52 52 52
140 140 140 182 241 13 241 241 144 241 144 182 182 182 144 144 140 140 241 140
93 93 87 150 206 83 150 92 150 206 67 92 67 83 92 67 83 92 67 83
82 100 82 67 82 67 100 100 67 241 182 241 182 140 241 241 140 144 144 82
88 182 182 248 144 181 144 88 88 88 88 144 248 88 88 88 88 88 88 88
144 182 13 52 52 52 52 52 52 52 52 52 52 52 52 52 52 52 52 52
52 52 52 52 52 52 52 52 82 100 67 100 82 67 82 100 100 67 67 100
82 100 67 100 100 67 140 140 140 140 140 140 140 140 144 144 181 181 144 144
241 13 13 13 13 13 13 100 67 100 82 67 82 67 100 100 67 140 140 140
140 13 13 144 93 93 144 144 144 144 144 93 144 144 182 182 182 140 182 88
92 150 206 206 92 206 83 92 206 83 92 206 83 92 206 83 92 206 206 150
88 88 248 88 88 88 88 248 248 88 248 248 88 248 182 144 144 181 181 181
144 248 248 248 248 248 248 248 248 248 248 248 88 248 248 248 248 248 248 248
88 88 88 144 88 182 88 88 88 88 182 140 140 241 182 88 140 140 140 140
87 150 87 182 93 88 182 182 182 182 182 182 144 144 144 182 182 88 182 140
93 93 144 144 144 144 144 144 144 93 144 93 144 144 144 182 182 140 140 140
92 206 83 92 206 83 92 206 83 150 92 206 206 150 206 182 93 88 182 182
52 52 52 52 93 144 93 93 206 150 67 83 150 92 150 206 206 92 67 83
144 52 52 52 52 52 52 52 52 52 52 52 52 52 52 52 52 93 93 83
140 140 140 140 140 140 140 88 140 140 140 140 241 140 182 241 144 241 144 144
241 182 140 13 13 140 140 13 13 93 93 87 150 206 83 150 92 150 206 206
140 13 13 13 144 181 140 140 182 182 52 52 52 52 181 140 13 241 241 181
92 87 83 150 92 150 206 206 92 87 83 92 87 83 92 206 83 92 87 83
100 100 67 150 87 100 82 67 182 182 140 182 182 182 241 241 82 67 241 241
92 206 83 92 206 182 182 182 182 144 144 182 182 88 88 182 182 88 88 182
82 82 100 100 100 67 100 82 67 67 82 67 100 100 67 100 67 100 100 67
88 88 88 144 144 182 182 88 88 88 88 88 182 88 88 88 140 88 140 241
52 52 93 93 144 144 93 93 67 150 67 83 150 92 150 67 67 92 67 83
13 241 13 13 248 93 83 150 206 83 150 92 150 206 206 92 206 83 92 206
13 13 83 150 92 150 206 206 92 206 182 83 92 206 83 150 92 206 83 150
206 83 150 92 206 83 150 92 206 182 241 13 241 83 92 206 182 182 182 182
93 93 144 144 144 144 144 144 144 93 144 93 144 144 182 182 182 182 182 182
100 82 67 82 100 67 100 100 67 140 241 140 140 241 241 140 140 144 144 181
182 182 13 241 13 88 248 241 241 13 241 13 241 181 181 248 88 241 182 13
52 52 52 52 52 52 52 52 52 52 52 13 93 93 93 93 182 182 241 93
140 241 140 182 13 241 144 144 182 140 182 144 144 182 182 182 88 140 88 140
144 248 248 248 248 248 248 248 248 248 248 248 88 248 248 248 248 248 248 248
52 52 52 52 52 182 144 52 52 52 52 52 52 52 52 52 52 52 52 52
88 88 13 144 52 52 52 52 52 52 52 52 52 52 52 52 144 52 52 52
181 140 13 13 13 181 140 13 13 13 181 241 140 181 182 241 181 140 13 241
83 150 206 83 150 92 92 206 206 92 206 83 92 206 83 92 206 83 92 206
52 52 52 52 52 52 52 52 52 52 52 52 52 144 144 93 93 82 150 67
83 150 92 206 144 140 140 182 140 144 144 144 144 182 182 182 140 181 182 88
182 182 88 88 88 88 140 88 88 88 88 144 88 182 88 88 88 88 182 88
52 52 52 52 52 52 52 52 52 52 52 52 144 144 93 93 87 150 87 83
