584 584 584 584 584 584 584 584 584 584 1867 1867 1867 1867 1867 584 584 1867 1867 1867
1867 1867 1867 2452 2452 4667 4667 4667 4667 4667 4667 4667 4667 4667 4667 4667 4667 4667 4667 4667
2452 584 584 2452 2452 1519 2452 584 584 584 584 584 584 584 1867 2452 4603 4603 4603 4667
2452 2452 2452 2452 2452 1519 2452 2452 584 584 584 584 584 584 584 584 584 1867 1867 2452
1867 1519 1519 1519 1519 1867 1867 1867 1867 1867 1867 584 1867 4667 4667 4667 4667 4667 4667 4667
1867 1867 1867 2452 2452 1867 1867 1867 2452 2452 584 584 584 584 584 584 584 584 584 584
2452 1519 1519 3824 822 4161 4161 822 822 822 4161 4161 822 4161 1519 822 822 4161 3824 822
584 584 584 584 584 584 1867 1867 1867 1867 1867 1867 1867 1867 2452 2452 1867 1867 1867 1867
1867 1519 822 822 4161 1519 822 822 3824 1867 1867 1867 1867 2452 2452 584 584 584 584 584
4161 4161 822 4161 4603 4603 4667 4603 4667 4667 4667 4667 4667 4667 4667 4603 4667 4667 4667 4667
584 584 584 584 584 2452 2452 1519 2452 584 584 2452 1867 2452 4603 4603 4603 4603 4603 4667
3601 4603 4603 4603 4667 4667 4667 4667 4603 4603 4603 4603 4667 4667 4667 4667 4667 4667 4667 4667
822 4161 1519 1519 1519 822 822 4161 3824 822 1867 1867 1867 1867 1867 1867 1867 1867 822 3824
1519 1867 1867 1867 1867 3601 1867 1867 1867 1867 3601 3601 1867 1867 1867 1867 3601 3601 3601 1867
1867 1867 1867 584 1867 584 1867 584 584 1519 1519 4161 822 4161 1867 1867 1519 822 822 822
822 4161 1519 822 4161 1519 822 3824 2452 1867 1867 1867 1867 1867 1867 1867 1867 2452 2452 2452
4603 4603 4603 4603 4603 4603 4603 4667 4667 4667 2452 1867 584 4667 4603 4603 4603 4603 4667 4667
4603 4603 4603 4603 4603 4603 4603 4667 4603 4667 4667 2452 1867 4603 4603 4603 4603 4667 4667 4667
4161 4161 1519 4161 4161 822 4161 4161 822 4161 4161 1519 1519 4161 822 4161 822 4161 4161 822
3824 822 3824 3824 3824 3824 584 584 584 584 584 584 584 584 584 584 1867 1867 1867 1867
1867 1867 2452 2452 2452 2452 584 584 584 584 3824 822 3824 584 584 3824 3824 3824 3824 3824
1867 1867 3824 3824 1519 822 3824 3824 822 4161 1867 1867 1867 1867 1867 1867 1867 1867 3824 3824
1867 1867 1867 1867 1867 2452 2452 2452 2452 584 584 584 584 584 584 584 584 584 584 584
1867 1867 1867 1867 1867 1867 1867 1867 3601 3601 4667 4667 4667 4667 4667 4667 4667 4667 1519 3601
584 584 1867 1867 584 1867 3824 3824 3824 3824 3824 3824 3824 3824 3824 3824 3824 3824 1867 1867
4603 4603 4603 4603 3601 4603 4603 2452 2452 1867 1867 4603 3601 4603 4603 4603 4603 4603 3601 4667
4667 4667 4667 4667 4603 4603 4603 4603 4667 4603 4667 4667 1867 4667 4667 4667 4667 584 1519 1519
1867 2452 2452 4603 4603 4603 3601 4603 4603 4603 4603 3601 3601 4603 4603 4603 3601 4603 4603 4667
2452 584 584 584 584 584 584 2452 2452 1519 2452 584 584 584 1867 1867 4603 4603 4667 4667
2452 1867 2452 1867 1867 2452 1519 1519 2452 2452 2452 2452 2452 1519 2452 2452 2452 584 584 584
4161 4161 4161 4161 4161 4161 4161 822 4161 4161 4161 4161 4161 4161 4161 4161 4161 822 4161 4161
3824 3824 3824 3824 3824 3824 3824 3824 584 1867 1867 1867 1867 1867 1867 1867 2452 2452 3601 3601
2452 2452 2452 2452 3824 3824 584 584 584 584 822 3824 3824 3824 3824 3824 3824 4161 584 584
4667 4603 4603 4603 4603 4667 2452 1867 584 4603 4667 4667 4667 4667 4667 4667 1867 584 1519 1519
1867 1867 1867 1867 2452 2452 1867 1867 1867 2452 2452 584 584 584 584 584 584 584 584 584
4161 4161 1519 1519 4161 4161 4161 4161 4161 4161 4161 4161 4161 4161 4161 4161 4161 4161 4161 4161
1867 2452 2452 584 584 2452 2452 584 584 584 584 584 584 584 584 584 584 1867 1867 1867
1867 1867 1867 2452 2452 584 584 584 584 584 584 584 584 1519 1519 4161 584 3824 4161 584
3601 1519 1519 1867 1867 1867 1867 1867 1867 1867 1867 3601 3601 3601 3601 1867 1867 1867 1867 1867
1867 1867 2452 2452 4603 4603 3601 3601 4603 4603 4603 4603 4603 3601 4603 4603 2452 2452 1867 1867
3824 822 3824 3824 1867 1867 1867 1867 1867 1867 2452 2452 2452 2452 584 584 584 584 584 584
4161 4161 822 4161 1867 1867 1867 1867 1867 1867 1867 1867 1519 1519 1519 2452 3824 4161 3824 3824
1867 1867 1867 3601 3601 1519 1519 1867 1867 1867 1867 1867 1867 1867 1867 1867 1867 584 1867 1867
2452 4161 822 822 4161 4161 822 822 4161 4161 822 4161 1867 1519 1867 584 1867 1867 1867 1867
3824 3824 4161 584 584 584 584 584 584 1867 1867 584 584 1867 1867 1867 1867 1867 1867 584
4603 4667 4667 4667 4667 4667 4667 1867 1519 1519 1519 1519 2452 1867 1867 1867 2452 2452 4667 4667
1867 1867 1867 1867 1867 2452 2452 1867 1867 1867 2452 2452 584 584 584 584 584 584 584 584
3824 3824 3824 3824 3824 3824 3824 3824 1867 1867 1867 1867 1867 1867 2452 2452 2452 2452 584 584
4603 4603 4603 4667 4667 4667 4603 4603 2452 4603 4603 4667 4667 4667 4667 4667 4603 4667 4667 1519
1867 1867 1867 584 584 1867 4667 4667 4667 4667 4603 4603 4603 4603 4667 4667 4667 4667 4667 4667
1867 1867 1867 1867 1867 1867 1867 1867 2452 1519 1519 4161 822 4161 4161 822 822 822 4161 4161
3824 3824 3824 3824 4161 3824 4161 3824 3824 4161 584 584 3824 3824 3824 3824 4161 584 584 584
1519 4161 822 4161 4161 822 822 822 4161 4161 822 4161 4161 822 4161 4161 822 4161 4161 822
1867 1867 584 1867 584 1867 1519 1867 1867 584 1867 1519 1519 4161 822 4161 584 4161 822 822
2452 2452 2452 2452 2452 2452 1519 2452 2452 584 584 584 584 584 584 584 584 584 584 584
4667 4603 4603 4603 4603 4667 4667 4667 4667 4667 4667 4667 4667 1867 584 584 1519 1519 3601 1519
1867 1867 1867 1867 1867 1867 1867 1519 1519 4161 822 4161 4161 822 822 822 4161 4161 822 4161
1867 1867 1867 2452 2452 1867 1867 1867 2452 2452 584 584 584 584 584 584 584 584 584 584
4161 584 584 584 584 822 3824 4161 4161 4161 3824 3824 4161 584 584 4161 4161 4161 3824 4161
4161 4161 4161 1519 4161 4161 4161 4161 822 4161 4161 822 4161 4161 4161 4161 822 4161 4161 822
4603 4603 4603 4603 4603 4603 4667 4667 4667 4667 2452 2452 2452 1519 1519 4161 822 4161 4161 822
1867 1867 2452 1867 4603 4603 4603 4667 4603 4603 4603 4603 4667 4603 4667 4667 4667 4667 4667 4667
1867 1867 4603 4603 4603 4603 4667 4667 4667 4667 4667 4667 4667 4667 4603 4603 4603 4603 2452 2452
1867 1867 2452 2452 3601 2005 2452 2452 584 584 584 584 584 584 584 584 584 584 584 584
4161 822 4161 4161 3824 4161 4161 584 584 4161 4161 584 584 4161 3824 4161 4161 4161 4161 3824
3824 4161 3824 3824 4161 3824 3824 3824 3824 3824 584 584 584 584 584 584 3824 3824 584 584
1867 3824 822 3824 3824 3824 3824 3824 3824 2452 2452 1867 1867 1867 1867 1867 1867 1519 1519 1867
584 1867 1867 1867 1867 1867 1867 584 584 584 1867 584 1867 1867 1867 584 1867 1867 3601 2452
1867 1867 1867 1867 1867 3601 3601 1519 3601 1867 1867 1867 1867 1867 1867 1867 1867 3601 3601 3601
4667 4603 4603 2452 4603 4603 4667 4667 4667 4667 4667 4603 4667 4667 1519 1519 1519 1519 1867 1867
2452 2452 2452 2452 584 584 584 584 3824 584 584 822 3824 584 584 3824 3824 3824 3824 4161
4161 4161 4161 4161 4161 4161 4161 4161 4161 4161 4161 4161 4161 4161 4161 4161 4161 4161 4161 4161
2452 584 584 584 584 3824 584 584 3824 3824 584 584 3824 4161 3824 3824 4161 4161 3824 4161
3824 3824 3824 3824 3824 3824 4161 3824 3824 4161 4603 4603 4603 4603 4603 4603 4603 4603 4667 4667
584 584 584 584 584 1867 1867 1867 1867 1867 1867 1867 1867 2452 2452 1867 1867 1867 2452 2452
584 584 584 584 584 584 584 584 1867 1867 1867 1867 1867 1867 1867 1867 1867 1867 1867 1867
1867 1867 1867 1867 1867 1867 2452 2452 3601 3601 3601 3601 1867 1867 1867 1867 1867 1867 1867 1867
1867 1867 1867 1867 2452 2452 2452 2452 584 584 584 584 3601 584 584 584 584 584 584 584
1867 1867 2452 2452 1867 1867 2452 2452 2452 2452 1519 1519 1519 1519 2452 2452 2452 2452 2452 2452
584 584 584 584 584 584 584 584 584 2452 2452 584 1867 1867 1867 1867 1867 1867 1867 1867
1867 1867 1867 1867 1867 1867 1867 1867 2452 2452 1867 1867 584 1867 1867 1867 1867 1867 1867 1867
584 584 584 584 584 584 3824 584 584 822 3824 822 3824 3824 3824 4161 4161 584 584 3824
3601 3601 1519 1519 2452 2452 1519 1519 4161 4161 4161 4161 822 4161 4161 4161 4161 4161 4161 4161
584 584 3824 584 584 4161 4161 584 584 3824 4161 4161 3824 4161 4161 4161 4161 4161 3824 4161
4667 584 1519 1519 1519 1519 1867 1867 1867 584 584 4667 4667 4667 4667 4667 4667 4667 4667 4667
1519 1867 1867 1867 1867 1867 1867 1867 2452 2452 584 584 584 584 584 584 584 584 584 1867
4603 4603 4603 4603 4603 4603 4603 1519 4161 1519 1519 4161 4161 4161 4161 4161 4161 4161 4161 4161
4161 4161 4161 4161 4161 4161 4161 4161 4161 4161 4161 4161 4161 4161 4161 4161 4161 4161 4161 4161
584 584 584 584 1867 1867 1867 3601 1867 1867 584 1867 1867 1867 1867 1867 1867 1867 1867 1867
1519 4161 822 4161 4161 822 822 822 4161 4161 822 4161 4161 822 822 4161 4161 822 822 4161
1867 1867 1867 1867 1867 1867 1867 2452 2452 2452 2452 3601 3601 584 584 584 584 584 584 584
4161 4161 4161 1519 4161 4161 4161 4161 4161 4161 4161 4161 4161 4161 4161 4161 4161 4161 4161 4161
584 584 584 584 584 584 584 584 584 584 1867 1867 1867 584 1867 1867 3601 1867 1867 1867
584 584 584 584 584 584 584 584 584 2452 2452 584 584 584 584 584 584 1867 1867 584
4603 1519 4603 4603 4667 4667 584 584 1867 1867 1867 1867 1867 2452 2452 584 584 584 584 584
1867 1867 2452 2452 2452 3824 3824 3824 3824 4161 3824 4161 3824 3824 4161 3824 3824 3824 3824 3824
4161 4161 822 4161 4161 822 4161 4161 822 4161 1519 1867 1519 1519 2452 2452 584 584 584 584
584 584 584 584 584 1867 584 1867 1867 1867 1867 3601 1867 1867 1867 1867 1867 2452 1867 1867
4603 4603 4603 4603 3601 3601 4603 4603 4603 3601 4603 4603 4603 4603 3601 3601 4667 4667 4667 4667
2452 2452 1519 584 584 584 584 584 584 584 584 584 584 584 1519 1519 4161 822 4161 584
4603 4603 4603 4603 4603 4603 4603 4603 4667 4667 4603 4603 4603 4603 4603 4603 4603 4603 3601 3601
3824 4161 3824 3824 4161 3824 3824 4161 3824 3824 3824 3824 3824 4161 3824 4161 3824 3824 584 1867
4161 584 584 3824 3824 3824 3824 4161 584 584 584 584 584 584 584 584 584 584 1867 1867
4161 4161 4161 4161 4161 4161 4161 4161 4161 4161 4161 4161 4161 4161 4161 4161 4161 4161 4161 4161
584 584 4161 3824 3824 4161 584 584 3824 4161 3824 3824 4161 3824 3824 3824 3824 4161 584 584
3824 3824 3824 1867 1867 1867 1867 2452 2452 1867 1867 2452 2452 1867 1867 1867 1867 1867 1867 2452
3824 3824 3824 3824 3824 3824 3824 3824 3824 3824 3824 3824 3824 3824 1519 1519 584 1867 584 1867
4161 822 4161 1519 1867 1867 1867 1867 1867 1519 1867 584 584 584 584 584 584 584 584 584
4603 4667 4603 4667 4667 4667 4667 1519 1519 1519 1519 2452 1867 1867 1867 584 584 1867 4667 4667
1867 2452 4603 4603 4603 4603 4603 4603 4603 4603 4603 4603 4667 4667 4667 4667 4603 4603 4603 4667
3824 4161 584 584 584 584 584 584 1867 1867 1867 1867 1867 1867 1867 1867 1867 1867 3824 3824
1867 1867 1867 2452 2452 584 584 584 584 584 584 584 584 584 584 584 3601 584 1867 1867
584 584 584 584 584 584 1867 1867 1867 1867 1867 1867 1867 1867 1867 1867 1867 1867 1867 1867
4603 4667 4667 4667 4667 4603 4603 4603 4603 4667 4603 4667 4667 1867 4667 4603 4667 4667 584 1519
584 584 584 584 584 584 584 584 584 584 584 584 584 1867 1867 1867 1867 1867 1867 1867
1867 1867 1867 1867 1867 584 1867 4667 4667 4667 4667 4667 4667 4667 4667 4667 4667 4667 4667 4667
4603 4603 4603 4603 4603 4603 4603 4603 4603 4603 4603 4667 4667 4603 4603 4667 4667 4603 4603 4603
3824 4161 3824 3824 4161 3824 3824 4161 3824 3824 3824 3824 4161 3824 3824 3824 3824 3824 584 1867
3601 4603 4603 4603 4603 3601 3601 4667 4667 4667 4667 4667 4603 4667 4603 4603 4603 4603 4603 4603
822 4161 4161 1519 822 4161 1519 4161 822 4161 4161 822 4161 4161 4161 4161 4161 4161 4161 822
4603 4603 4603 4603 4603 4603 4667 4667 4667 4667 4603 4603 4603 4603 4667 2452 1867 584 4667 4667
4161 4161 4161 4161 4161 4161 4161 4161 4161 4161 4161 4161 4161 4161 4161 4161 4161 4161 4161 4161
4603 1519 1519 1519 1519 1867 1867 1867 1867 1867 1867 2452 2452 2452 2452 1867 1867 1519 1519 2452
2452 2452 584 584 584 584 584 584 584 584 1519 2452 2452 584 584 584 1867 584 1867 1867
2452 1867 1867 4603 4667 4667 4667 4667 4667 4667 1867 1867 1519 1519 1519 1519 1867 1867 1867 4667
584 584 584 584 584 584 584 1867 1867 1867 1867 1867 1867 1867 1867 2452 2452 1867 1867 1867
1867 1867 1867 2452 2452 584 584 584 584 584 584 584 584 584 584 584 584 1867 1867 1867
3824 3824 3824 3824 3824 3824 3824 3824 3824 584 1867 1867 1867 1867 1867 1867 1867 2452 2452 2452
4161 1519 4161 4161 822 4161 4161 822 4161 4161 822 4161 4161 1519 1519 4161 822 4161 822 4161
1867 1867 1867 1867 1867 2452 2452 1867 1867 1867 2452 2452 584 584 584 584 584 584 584 584
1519 1867 1867 1867 2452 4667 4667 4667 4667 4667 4667 4667 4667 4603 4603 4603 4603 4667 4667 4667
1867 1867 1867 584 584 584 1867 1867 1867 584 1867 1867 1867 1867 1867 1867 1867 1867 1867 1867
822 4161 1519 584 584 584 1867 1867 1519 2452 4603 4667 4603 4603 1519 4667 4667 4667 4667 584
4161 822 4161 4161 4161 4161 822 4161 4161 822 4161 4161 4161 4161 4161 4161 4161 4161 4161 4161
1867 1867 2452 2452 584 584 584 584 584 584 584 584 584 1867 1867 1867 1867 1867 1867 1867
1867 1867 1867 1867 1867 2452 2452 2452 2452 1867 1867 1519 1519 2452 3824 3824 3824 3824 3824 3824
1867 1867 1867 2452 2452 2452 2452 3601 3601 2452 2452 584 584 584 584 584 584 584 584 584
584 584 584 584 584 584 584 1867 1867 1867 1867 1867 1867 2452 2452 4603 4603 3601 3601 4667
4603 3601 3601 3601 4161 2452 1519 4161 4161 4161 4161 4161 4161 4161 4161 4161 4161 4161 4161 4161
1867 2452 2452 1519 822 4161 822 4161 4161 822 822 822 4161 4161 822 4161 4161 822 4161 4161
822 4161 1519 822 822 3824 1867 1867 1867 1867 2452 2452 584 584 584 584 584 2452 2452 584
822 4161 3824 3824 822 3824 3824 1867 1867 1867 1867 1867 1867 2452 2452 2452 2452 584 584 584
1867 2452 2452 1867 1867 1867 1867 1867 1867 3601 3601 1519 1519 1867 1867 1867 1867 1867 1867 1867
3824 3824 3824 3824 1867 1867 1867 1867 1867 1867 2452 2452 2452 2452 584 584 584 584 584 584
584 584 584 584 584 1519 2452 2452 584 584 584 1867 584 1867 1867 1867 1867 1867 3601 1867
1519 1519 1519 1519 1867 1867 1867 2452 2452 2452 4667 4667 4667 4667 4667 4667 4667 4667 4667 4667
822 4161 4161 4161 4161 1519 4161 4161 4161 4161 822 4161 1519 4161 4161 4161 4161 4161 1519 1519
584 584 584 584 584 584 584 584 584 2452 2452 2452 1867 1867 1867 1867 1867 1867 3601 1867
4161 822 4161 4161 822 822 4161 4161 822 822 4161 1867 1867 1867 1867 1519 1519 1867 1519 1519
4161 822 4161 4161 822 822 822 4161 4161 822 4161 4161 822 822 4161 4161 822 822 4161 4161
4603 4603 4603 4603 4603 4603 4667 4667 4603 4603 4667 4667 4603 4603 4603 4603 4603 4603 4603 4603
3824 1867 1519 1867 1867 1867 1867 1867 1867 2452 2452 584 584 584 584 584 584 584 2452 2452
1867 1867 1867 3824 822 822 3824 1867 1867 1867 1867 1867 1867 1867 1867 1867 2452 2452 2452 2452
3824 584 584 3824 4161 3824 3824 4161 584 584 584 584 3824 3824 3824 3824 4161 584 584 584
4161 4161 4161 4161 4161 4161 4161 4161 4161 4161 4161 4161 4161 4161 4161 4161 4161 4161 4161 4161
2452 2452 1867 1867 1867 1867 1867 1867 2452 2452 2452 2452 1519 1519 1519 1519 2452 2452 2452 2452
822 4161 4161 822 4161 1519 1867 1867 1867 1867 1867 1867 1867 2452 2452 584 584 584 584 584
1867 1867 1867 1519 1519 4161 822 4161 1519 1867 4161 822 822 822 4161 4161 822 4161 1867 1867
2452 4603 4603 4603 4603 1519 4667 4667 4667 4667 584 584 1867 1867 1867 1867 1867 2452 2452 584
4161 4161 4161 4161 4161 4161 4161 4161 4161 4161 4161 4161 4161 4161 4161 4161 4161 4161 4161 4161
1867 4603 4603 4603 4603 1519 1867 1867 1867 2452 2452 584 584 584 584 584 584 584 584 584
584 584 3824 3824 3824 584 584 3824 3824 3824 3824 4161 4161 584 584 3824 3824 3824 4161 3824
3601 2452 584 584 584 584 2452 584 584 584 584 584 584 584 584 1867 1867 1867 1867 1867
1519 1867 1867 1867 1867 2452 3601 1867 1867 1867 1867 3601 1867 1867 1867 1867 3601 1867 584 3601
2452 3824 3824 584 584 3824 3824 584 584 3824 3824 822 3824 822 3824 3824 3824 4161 584 584
584 584 584 584 584 584 584 584 1867 1867 1867 1867 1867 1867 1867 584 1867 1867 584 1867
4161 4161 4603 1519 4161 1519 4161 4161 4161 4161 4161 4161 822 4161 4161 4161 4161 4161 4161 4161
4603 4603 4667 1519 1867 1867 1867 2452 2452 584 584 584 584 584 584 584 584 584 1867 1867
4161 1519 4161 4161 4161 4161 4161 822 4161 822 4161 4161 822 4161 4161 822 4161 4161 4161 4161
4161 1867 822 4161 1867 1867 4161 822 4161 1867 4161 822 822 4161 1519 822 822 4161 1867 1867
822 4161 4161 822 4161 1867 1867 4161 822 4161 4161 822 4161 4161 822 4161 1867 1867 1867 1867
4603 4603 4603 4667 4667 4667 4667 4667 4667 4667 4667 584 1519 1519 3601 1519 1867 1867 1867 584
2452 1867 1867 2452 1867 2452 2452 1519 1519 2452 2452 2452 2452 2452 1519 2452 2452 584 584 584
4161 4161 4161 4161 4161 4161 4161 4161 4161 4161 4161 4161 4161 4161 4161 4161 4161 4161 4161 4161
822 4161 584 1867 2452 3824 3824 3824 3824 4161 3824 4161 3824 3824 4161 3824 3824 3824 3824 3824
2452 1867 2452 1867 1867 1867 2452 2452 584 584 584 584 584 584 584 584 584 584 584 584
4161 822 4161 4161 822 4161 1519 1867 4161 1867 1867 1519 1867 822 4161 1867 1867 4161 822 4161
3601 584 584 584 584 584 584 584 584 1867 1867 1867 1867 1867 1867 1867 1867 1867 1867 1867
1867 1867 2452 2452 584 584 2452 2452 584 584 584 584 584 584 584 584 584 584 1867 1867
4161 1519 1519 4161 4161 4161 4161 4161 4161 4161 4161 4161 4161 4161 4161 4161 4161 4161 4161 2452
4161 4161 4161 4161 4161 4161 4161 4161 4161 4161 822 4161 4161 4161 4161 4161 4161 4161 4161 4161
2452 822 3824 3824 3824 822 3824 822 3824 4161 3824 4161 822 3824 4161 584 584 3824 3824 3824
2452 2452 584 584 584 584 584 584 584 584 584 1867 1867 2452 4603 4603 4603 4603 4603 4667
4161 4161 4161 4161 822 4161 4161 4161 4161 4161 4161 4161 4161 4161 4161 4161 4161 4161 4161 4161
3824 3824 3824 4161 3824 3824 4161 822 822 822 3824 4161 3824 3824 3824 3824 3824 1867 1867 1867
1867 1867 1867 1867 1867 1867 1867 1867 1867 1867 1867 1867 1867 1867 1867 1867 1867 1867 1867 1519
3824 3824 4161 584 584 3824 4161 4161 3824 4161 3824 3824 3824 3824 3824 584 584 584 584 584
584 584 1867 1867 1867 1867 1867 2452 1867 2452 1867 1867 1867 2452 2452 584 584 584 584 584
584 584 584 584 584 1867 1867 2452 2452 4603 4603 4603 3601 4603 4603 4603 4603 4603 3601 4667
3824 3824 3824 3824 3824 3824 3824 4161 584 1867 1867 1867 1867 1867 1867 1867 2452 2452 2452 2452
584 584 584 584 584 584 1867 2452 4603 4603 4603 4603 4603 4603 4603 4603 4603 4603 4667 4667
1867 1867 3601 2452 1867 584 1867 1867 3601 1519 1867 584 1867 1867 1519 3601 3601 1867 584 1867
2452 1867 1867 1867 4603 4667 4667 4667 4603 4603 4603 4603 4667 4667 4667 4667 4667 4667 4667 4667
4603 4603 4603 4603 4603 4603 4603 4603 4603 1519 2452 1519 1519 4161 3824 4161 4161 3824 3824 3824
3601 4603 4603 3601 1519 4161 1519 1519 4161 4161 4161 4161 4161 4161 4161 4161 4161 4161 4161 4161
584 584 1867 1867 584 584 1867 1867 1867 1867 1867 1867 1867 1867 1867 1867 1867 1867 584 1867
1519 1867 2452 1867 2452 2452 584 584 584 584 584 584 584 2452 2452 584 1519 2452 584 1867
4603 1867 1867 1867 1867 4603 4667 4667 4667 1519 1867 1867 1867 2452 2452 584 584 584 584 584
4161 4161 4161 4161 4161 4161 4161 4161 4161 822 4161 4161 4161 4161 4161 4161 4161 4161 4161 4161
4161 822 822 4161 4161 822 4161 1519 1867 1867 1867 2452 2452 584 584 584 584 584 584 584
4161 822 4161 1519 1867 4161 1867 1867 584 1867 822 4161 1867 1867 4161 822 4161 3824 4161 3824
822 4161 4161 822 4161 4161 4161 4161 4161 822 4161 4161 1519 1519 4161 4161 4161 4161 4161 822
822 4161 584 1867 584 1867 1867 1867 1867 1867 1519 1519 3824 4161 3824 3824 4161 3824 3824 4161
3601 3601 4603 4603 4603 4603 4603 3601 4603 4603 2452 2452 1867 1867 3601 3601 4603 4603 4603 4603
1867 1867 4603 4603 4603 4603 4603 4603 4603 4603 4667 4667 4667 4667 4667 4667 4667 4667 2452 2452
4161 4161 4161 4161 822 4161 4161 4161 4161 4161 4161 4161 822 4161 4161 4161 4161 4161 4161 4161
584 584 584 2452 584 584 584 584 584 584 584 584 1867 1867 1867 1867 1867 1867 1867 1867
584 584 584 584 584 584 584 584 584 584 1867 1867 2452 2452 1867 1867 4603 4603 4603 3601
1867 4161 822 4161 4161 822 822 4161 4161 822 822 4161 4161 822 4161 1519 1519 1519 1519 2452
4161 4161 4161 4161 4161 4161 4161 4161 4161 4161 4161 4161 4161 4161 4161 4161 4161 4161 4161 4161
1519 4161 822 4161 4161 822 4161 4161 4161 4161 4161 4161 4161 4161 4161 4161 822 4161 4161 4161
4161 4161 4161 4161 4161 4161 4161 4161 822 4161 4161 822 4161 1519 1867 584 1867 1519 1867 1519
1519 822 822 4161 1519 822 1867 1867 1867 1867 1867 1867 1867 1867 822 4161 3824 3824 3824 3824
4161 4161 4161 4161 4161 822 822 4161 2452 2452 4161 4161 4161 4161 4161 4161 4161 4161 4161 4161
4603 4603 4603 4603 4603 4667 4667 4667 4667 4667 4603 584 1867 1519 1519 1519 1519 1867 1867 1867
1867 1867 1867 1867 2452 3601 1867 1867 1867 1867 3601 1867 1867 1867 1867 3601 1867 584 3601 1867
2452 2452 584 584 584 584 584 584 584 584 584 584 584 584 1867 1867 1867 1867 1867 1867
584 584 1867 1867 2452 4603 2452 4603 1867 1867 4603 4603 4603 4603 4603 4603 4603 4603 4667 4667
584 584 584 584 584 584 1867 1867 1867 1867 1867 1867 3824 3824 4161 3824 3824 3824 4161 3824
584 1867 584 1867 1867 1867 1867 3601 584 1867 1867 1867 1867 2452 1867 1867 1867 1867 1867 1867
4161 4161 4161 4603 4603 4603 4603 4667 4603 4667 4603 4667 4603 4603 4603 4603 4603 4667 4667 4667
3601 1867 1867 1867 1867 1867 1867 1867 1867 3601 3601 3601 3601 3601 3601 1867 1867 1867 1867 1867
4161 4161 4161 4161 4161 4161 4161 4161 4161 4161 4161 4161 4161 4161 4161 4161 4161 4161 4161 4161
4161 822 4161 4161 822 822 822 4161 4161 822 4161 4161 822 4161 4161 4161 822 4161 4161 822
4603 4667 4603 2452 2452 1867 1867 4603 4603 4603 4603 4603 4603 4603 4603 4667 4603 4667 4667 4667
584 584 584 584 584 584 584 584 584 584 584 584 1867 1867 1867 1867 1519 1867 1867 1867
4161 4161 822 4161 4161 822 4161 4161 822 4161 4161 822 4161 1519 1867 1519 4161 4161 4161 4161
4161 1519 1519 4161 4161 4161 4161 822 4161 4161 4161 4161 4161 4161 4161 4161 4161 4161 4161 4161
4161 4161 1519 4161 4161 4161 4161 4161 4161 4161 4161 4161 4161 4161 4161 4161 4161 4161 4161 4161
584 584 584 584 584 584 584 584 584 584 584 584 584 584 584 584 584 584 1867 1867
2452 1519 1519 1519 1519 2452 2452 2452 2452 2452 2452 2452 2452 2452 1519 2452 2452 584 584 584
4603 4603 4603 4603 4603 3601 4603 4603 2452 2452 1867 1867 4603 3601 4603 4603 4603 4603 4603 3601
1867 1867 3601 3601 1519 1519 3601 3601 1867 1867 1867 1867 1867 1867 1867 1867 3601 3601 3601 3601
1519 3601 1519 1519 1867 1867 1867 1867 1867 1867 1867 1867 4667 4667 4667 4667 4667 4667 4667 4667
3824 4161 3824 3824 3824 4161 3824 3824 3824 3824 3824 1867 1867 1867 1867 2452 2452 1867 1867 2452
822 4161 4161 822 822 822 4161 4161 822 4161 4161 822 4161 4161 822 4161 4161 822 4161 1519
584 584 584 584 584 584 1867 1867 2452 2452 4603 4603 3601 3601 4603 4603 4603 4603 4603 3601
584 1867 1867 1867 1867 1867 2452 1867 2452 1867 1867 1867 2452 2452 584 584 584 584 584 584
1867 584 1867 1867 1867 584 1867 3824 3824 3824 1867 1867 3824 3824 3824 3824 3824 3824 3824 3824
4603 2452 1867 4603 4603 4603 4603 4603 4603 4603 4603 4667 4667 4667 4667 4603 4603 4603 4603 4667
4603 4603 3601 1867 2452 4603 4603 4603 4603 4603 4667 4667 4667 4667 4603 4603 4603 4603 4667 4667
822 4161 1519 1867 4161 822 822 822 4161 4161 822 4161 1867 1867 4161 822 4161 4161 822 4161
4603 1867 1867 1867 1867 1519 1519 1519 1519 1867 1867 1867 1867 1867 1867 2452 2452 2452 3824 3824
3824 3824 3824 3824 3824 584 584 584 584 584 584 3824 3824 584 584 3824 3824 3824 3824 3824
584 584 584 584 1867 1867 1867 1867 1867 584 1867 1867 1867 1867 2452 1867 1867 1867 1867 2452
4603 1519 1519 1519 1519 1867 1867 1867 1867 1867 1867 2452 2452 2452 2452 1867 1867 1519 1519 2452
584 584 584 584 584 584 584 584 584 1867 1867 2452 4603 4603 4603 4603 4603 4603 4603 4667
584 584 584 3601 584 584 584 1867 1867 1867 1867 1867 1867 1867 1867 1867 1867 1867 1867 1867
584 584 1867 1867 2452 4603 4603 4667 4667 4603 4603 4603 4603 4603 4603 4667 4603 4667 4667 2452
4161 4161 4161 4161 4161 4161 4161 4161 4161 4161 4161 4161 4161 4161 4161 4161 4161 4161 4161 4161
4161 822 4161 4161 822 4161 4161 4161 4161 4161 4161 4161 4161 4161 822 4161 4161 4161 4161 4161
2452 1867 1867 1867 2452 2452 584 584 584 584 584 584 584 584 584 584 584 584 1867 1867
4161 1867 1867 1867 1867 1867 1867 1867 1867 2452 2452 3824 3824 3824 3824 3824 3824 3824 3824 3824
4603 4667 4603 4667 4603 4667 4667 4667 4667 584 1867 1519 1519 3601 1519 1867 1867 1867 1867 1867
4161 4161 4161 4161 4161 4161 4161 4161 4161 4161 4161 4161 4161 4161 4161 4161 4161 4161 4161 4161
584 822 4161 1867 4161 1867 1519 822 4161 584 4161 822 4161 1867 1519 4161 1867 822 1867 4161
4161 4161 4161 4161 4161 4161 4161 4161 4161 4161 4161 822 4161 4161 4161 4161 4161 4161 4161 822
584 584 584 584 584 1867 584 1867 1867 1867 1867 1867 584 1867 1867 1867 1519 1867 1867 1867
3601 4603 4603 4603 4603 4603 3601 4667 4603 4667 4603 4667 4667 4667 4667 4603 4603 2452 2452 1867
822 4161 4161 822 4161 4161 822 4161 4161 822 4161 1519 1867 1867 1867 1519 1867 1519 1519 2452
3824 3824 4161 3824 3824 3824 3824 4161 584 584 584 584 584 584 1867 1867 1867 1867 1867 1867
2452 2452 2452 1519 2452 2452 2452 584 584 584 584 584 584 584 584 584 584 584 584 584
4603 4603 4603 4603 4603 4667 4603 4667 4667 4667 4603 4603 4603 4603 4603 4603 4603 4603 4603 3601
584 584 584 584 584 584 584 584 584 1867 1867 2452 2452 4603 4603 3601 3601 4603 4667 4667
4161 4161 1867 822 4161 1867 1867 4161 822 4161 1867 4161 822 822 4161 4161 822 822 4161 1867
584 4603 4667 4667 4603 584 584 584 584 584 584 584 584 584 584 1867 1867 584 1867 1867
4667 4667 4667 4603 4603 4603 4603 4667 4603 4667 4667 1867 4667 4667 4667 4667 584 1519 1519 3601
4667 4667 4603 4603 4603 4603 4667 4603 4667 4667 1867 4667 4667 4667 4667 584 1519 1519 3601 1519
584 3601 1867 1867 1867 1867 1867 1867 1867 1867 1519 3601 1867 1867 1867 1867 3601 1867 1867 584
4603 4603 3601 4667 4603 4667 4603 4667 4667 4667 4667 4603 4603 2452 2452 1867 1867 4667 4667 4667
1867 1867 584 584 1867 1867 1867 1867 1867 1867 584 584 1867 1867 1867 1867 1867 1867 1867 1867
4603 4603 4603 4603 4667 4603 4667 4603 4667 4603 4667 4603 4667 4603 4603 4603 4603 4603 4603 4603
1867 1867 1867 1867 1867 2452 1867 1867 2452 1867 1867 1867 1867 584 584 584 584 584 584 584
1867 1867 1867 3601 3601 1867 1867 1867 1867 1867 1867 1867 1867 3601 3601 3601 3601 1867 1867 1867
4161 4161 4161 4161 4161 4161 4161 4161 4161 4161 4161 4161 4161 4161 4161 4161 4161 4161 4161 4161
1867 1867 2452 2452 584 584 584 584 584 584 584 584 584 1867 1867 1867 1867 1867 2452 1867
822 822 4161 4161 822 822 4161 584 1867 584 1867 1867 1867 1867 1867 1519 1519 3824 4161 3824
1867 1867 1867 1867 1867 1867 1867 1867 1867 2452 2452 1867 1867 1867 1867 1867 1867 1867 1867 1867
1867 1867 1867 1867 2452 2452 1867 1867 2005 1867 1867 1867 1867 1867 1867 1867 1867 1867 1867 1867
4603 4603 4667 4667 4667 4667 4667 4667 4667 4667 584 1519 1519 3601 1519 1867 1867 1867 584 584
1867 1867 1867 1867 1867 1867 1867 2452 2452 2452 584 584 584 584 584 584 584 584 584 1867
1867 1867 2452 2452 3601 2005 2452 2452 584 584 584 584 584 584 584 584 584 584 584 584
1867 822 4161 3824 3824 3824 3824 3824 1519 822 822 4161 2452 2452 3824 3824 3824 3824 3824 3824
1867 1867 1867 3824 822 822 3824 1867 1867 1867 1867 1867 1867 1867 1867 1867 2452 2452 2452 2452
1867 1519 1519 822 3824 822 3824 3824 3824 3824 3824 822 822 822 3824 3824 3824 3824 3824 3824
4161 4603 4603 4603 4603 4603 4603 4603 4603 4603 4603 4603 4603 4603 4603 4603 4603 4603 4667 4667
4603 4603 4603 1519 4603 4667 4667 4667 584 584 1867 1867 1867 1867 1867 2452 2452 584 584 584
4603 4603 4603 4603 4667 2452 1867 584 4667 4667 4667 4667 4667 4667 4667 1867 584 1519 1519 3601
1867 1867 1867 1867 1867 1867 584 584 1867 1867 1867 1867 1867 1867 1867 1867 1519 1519 1867 1867
4161 1867 4603 4603 4603 4603 1519 1867 4667 4667 4667 4667 4603 4603 4603 4603 1519 584 584 1867
2452 584 584 584 584 2452 2452 584 584 584 584 584 584 584 584 1867 1867 1867 3601 1867
3824 1867 1867 1867 1867 1867 1867 2452 2452 2452 2452 584 584 584 584 3824 3824 3824 584 584
1519 1519 2452 2452 2452 2452 2452 2452 2452 2452 2452 1519 2452 2452 584 584 584 584 584 584
584 584 584 584 584 584 584 2452 2452 584 1867 1867 584 1867 1867 584 1867 1867 3601 1867
4603 4603 4603 4603 4603 4603 4667 4603 4603 4603 4603 4667 4667 4667 4667 2452 2452 3601 2452 3601
4161 4161 1867 822 1867 4161 1867 4161 1867 822 4161 4161 822 4161 1867 1867 1867 1867 2452 2452
584 584 584 1867 1867 584 1867 3601 1867 584 1867 584 1867 1867 1867 584 1867 1867 3601 1867
584 584 584 584 584 584 1867 1867 1867 1867 1867 1867 2452 2452 4603 4603 3601 3601 4667 4667
3824 3824 1867 1867 1867 1867 1867 1867 2452 2452 2452 2452 584 584 584 584 3824 584 584 3824
1519 4161 822 4161 4161 822 4161 4161 4161 4161 822 4161 4161 822 822 4161 4161 822 4161 4161
2452 2452 2452 2452 584 584 584 584 3601 584 584 584 584 584 584 584 584 1867 1867 1867
3824 3824 584 584 3824 3824 4161 584 584 584 584 584 584 584 584 584 584 584 584 584
1867 1867 1519 1867 1867 1867 1519 1519 4161 822 4161 4161 822 822 822 4161 4161 822 4161 4161
4603 4603 4603 4667 4603 4667 4603 4667 4667 4667 4667 4667 4667 4667 4667 584 1867 1519 1519 3601
584 584 584 1867 1867 584 584 1867 1867 1867 1867 1867 1867 584 1867 3824 3824 3824 1867 1867
4603 4603 4603 4603 4603 4603 4603 4667 4603 4667 4667 4667 4667 4667 4603 4667 4603 4667 4667 4667
4161 1519 4161 4161 822 4161 4161 822 4161 4161 822 4161 4161 1519 1519 4161 822 4161 822 4161
822 4161 2452 4161 822 822 4161 1867 1867 1867 1867 2452 2452 1867 1867 1867 1867 2452 2452 584
3824 3824 3824 3824 3824 1867 1867 1867 1867 1867 1867 2452 2452 2452 2452 584 584 584 584 3824
4667 4667 4667 4603 4603 4667 4603 4603 4603 4603 4667 4667 4667 4667 2452 2452 1519 1519 4161 3824
2452 822 3824 3824 3824 822 3824 822 3824 4161 3824 4161 822 3824 4161 584 584 3824 3824 3824
1867 4161 1867 1867 1867 1867 822 4161 1867 1867 3824 822 4161 3824 3824 3824 3824 3824 2452 2452
4161 4161 1867 4161 1867 1519 822 4161 584 4161 822 4161 1867 1519 4161 1867 822 1867 4161 1519
1867 2452 2452 584 584 584 584 584 584 584 584 584 1867 1867 1867 1867 1867 2452 1867 2452
1867 1867 1867 1867 1867 1867 584 1867 1867 1867 1867 1867 1867 1867 1867 1867 3601 1867 1867 1867
4603 4603 4603 4603 4603 4603 4603 4667 4667 4667 4667 4603 4603 4603 4603 2452 2452 1519 1519 4161
584 1867 1867 584 584 1867 1867 1867 1867 1867 1867 1867 1867 1867 1867 1867 1867 584 1867 1867
1519 1519 2452 2452 2452 2452 2452 1519 2452 2452 584 584 584 584 584 584 584 584 584 1867
3824 3824 3824 4161 584 584 584 584 584 584 584 584 584 584 584 584 1867 1867 584 584
2452 2452 584 584 584 584 584 584 584 584 584 1867 1867 1867 1867 1867 2452 1867 1867 1867
584 584 584 1867 1867 2452 2452 1867 1867 4603 4603 4603 3601 4603 4603 4603 4603 4603 4603 4667
822 4161 4161 822 4161 4161 822 4161 4161 822 4161 4161 822 4161 1519 1867 1519 4161 4161 4161
1867 1867 3601 3601 1519 1519 1867 1867 1867 1867 1867 1867 1867 1867 3601 3601 3601 3601 1867 1867
584 1867 1867 584 584 1867 1867 584 1867 1867 1867 1867 1867 1867 1867 1867 1867 584 584 1519
4161 4161 4161 4161 4161 4161 4161 4161 4161 4161 4161 4161 4161 4161 4161 4161 4161 4161 4161 4161
4161 4161 4161 4161 4161 4161 4161 4161 4161 4161 4161 4161 4161 4161 4161 4161 4161 4161 4161 4161
4603 4603 2452 4603 4603 4667 4667 4667 4667 4667 4603 4667 4667 1519 1519 1519 1519 1867 1867 1867
1867 1519 1519 4161 822 4161 4161 822 822 822 4161 4161 822 4161 4161 822 4161 4161 822 4161
4603 4603 4603 4603 4603 4603 4603 4603 4603 4603 4603 4603 4603 4603 4603 4603 4603 4603 4667 4667
1867 1519 1867 2452 1867 2452 2452 2452 2452 584 584 584 584 2452 2452 1519 2452 584 584 584
584 584 584 584 584 1867 1867 1867 1867 1867 2452 1867 2452 1867 1867 1867 2452 2452 584 584
1867 1867 1867 1867 1867 1867 1867 584 584 584 584 584 584 584 584 584 1867 1867 1867 1867
4161 4161 4161 4161 4161 4161 4161 4161 4161 4161 4161 4161 4161 4161 4161 4161 4161 4161 4161 4161
584 1867 1867 1867 1867 1867 3601 1867 1867 1867 1867 2452 1867 1867 1867 1867 3601 1867 1867 1867
1867 1867 2452 2452 584 584 584 584 584 584 584 584 584 1867 1867 1867 1867 1867 1867 1867
4603 2452 2452 4603 4603 4667 4667 1867 1867 1867 1867 1519 1519 1519 1519 1867 1867 1867 1867 1867
3824 584 584 4161 3824 3824 4161 584 584 3824 4161 3824 3824 4161 3824 3824 3824 3824 4161 584
1867 1867 1867 2452 1519 1867 1867 1867 2452 2452 584 584 584 584 584 584 584 584 584 1867
2452 2452 584 584 584 584 584 584 584 584 584 584 584 584 2452 2452 2452 1867 1867 1867
4603 4603 4603 4603 4603 4603 4603 4667 4667 4667 4667 4603 4603 4603 4603 2452 2452 1519 1519 4161
1867 1867 1867 1867 1867 2452 1867 1867 2452 1867 1867 1867 1867 584 584 584 584 584 584 584
3601 1867 1867 1867 1867 2452 3601 1867 584 1867 1867 4667 4667 4667 4667 3601 1867 1867 1867 1867
1867 1867 1867 1867 1519 1519 3601 3601 3601 3601 1519 822 4161 822 4161 3601 3601 2452 2452 3601
1867 1867 1867 1867 3601 3601 1867 1867 1867 1867 1867 1867 1867 1867 3601 3601 1519 3601 1867 1867
4161 3824 3824 3824 3824 4161 584 584 3824 4161 3824 3824 4161 3824 3824 3824 3824 4161 584 584
1867 1867 1867 1867 1867 1867 3601 1867 1867 1867 1867 3601 3601 1867 1867 1867 1867 1519 3601 3601
4603 4603 4603 4667 4603 4667 4667 4603 4603 4603 4603 1519 1519 1519 4161 822 4161 4161 822 822
4603 4603 4603 4667 4603 4603 4667 4667 4667 4667 4667 4667 4603 4603 4603 4603 2452 2452 1519 3601
4667 4667 4667 4667 4667 4667 4667 4667 584 1519 1519 1519 1519 1867 1867 1867 584 584 4667 4667
4603 4603 4603 4603 4603 2452 4161 4161 3824 3824 4161 4161 4161 4161 4161 4161 4161 4161 4161 3824
584 584 584 584 584 1867 1867 1519 1867 1867 1867 1867 1867 1867 1867 1867 1867 1867 2452 1519
1867 1867 1867 1867 1867 1867 3601 3601 1867 1867 1867 1867 1867 1867 1867 1867 3601 3601 3601 3601
1867 1519 1519 4161 822 4161 4161 822 822 822 4161 4161 822 4161 4161 1867 822 4161 1867 1867
4667 4667 584 1519 1519 1519 1519 1867 1867 1867 2452 4667 4667 4667 4667 4603 4603 4603 4603 4667
1867 1867 1519 2452 2452 4603 4667 4667 4667 4667 4667 4667 4667 4667 4667 4667 4667 4603 4667 4667
1867 1867 2452 2452 4603 4603 4603 3601 4603 4603 4603 4603 3601 3601 4603 4603 4603 4603 4667 4603
1519 1867 1519 1867 1867 1867 2452 2452 584 584 584 584 584 584 584 584 584 1867 1867 1867
1867 1867 1867 1867 1867 1867 1867 1867 2452 2452 2452 2452 1867 1867 1867 1867 1867 1867 2452 2452
1867 1867 1867 1867 1867 3601 3601 1867 1867 1867 1867 1867 1867 1867 1867 3601 3601 1519 3601 3601
4161 4161 1519 1519 822 4161 4161 822 4161 4161 822 4161 4161 4161 4161 4161 822 4161 4161 1867
3601 1519 1519 4161 822 4161 4161 822 822 822 4161 4161 822 4161 4161 1519 4161 4161 822 4161
1519 1519 1519 4161 822 4161 4161 822 4161 822 4161 4161 822 4161 4161 822 4161 4161 4161 822
1867 1867 584 584 1867 4667 4667 4667 4667 4603 4603 4603 4603 4667 4667 4667 4667 4667 4667 4667
584 584 584 584 584 584 584 584 1867 1867 1867 1867 1867 1867 2452 2452 4603 4603 4603 3601
584 584 822 3824 4161 4161 4161 3824 3824 4161 584 584 3824 4161 4161 3824 4161 4161 3824 3824
584 584 584 584 584 584 1867 584 1867 1867 1867 1867 3601 1867 1867 1867 1867 1867 2452 1867
2452 1519 1519 3824 822 4161 4161 822 822 822 4161 4161 822 4161 1519 822 822 4161 3824 822
2452 2452 584 584 584 584 584 584 584 2452 2452 584 1519 2452 584 1867 1867 584 4603 4603
822 4161 4161 822 822 822 4161 4161 822 4161 4161 822 4161 4161 822 4161 4161 822 4161 1519
1519 1867 1867 1867 1867 1867 1867 1867 2452 2452 584 584 584 584 584 584 584 584 584 1867
584 584 584 584 584 584 584 584 584 584 584 584 584 584 584 584 584 584 584 584
1867 1867 1867 1867 1519 1519 4161 822 4161 4161 822 822 822 4161 4161 822 4161 4161 822 4161
2452 2452 584 584 584 584 3824 3824 3824 584 584 3824 3824 3824 3824 4161 3824 584 584 3824
1519 822 4161 4161 822 4161 4161 822 4161 4161 822 4161 4161 822 4161 1867 1867 1519 4161 4161
584 3601 3601 3601 1519 822 4161 822 4161 3601 3601 2452 2452 3601 3601 1519 1519 1867 1867 1867
1867 1867 1867 1867 1867 1867 1867 1867 2452 2452 1519 822 4161 822 4161 4161 822 822 822 4161
4603 4667 4667 4603 4603 4603 4603 1519 584 584 1867 1867 2452 1519 1867 1867 1867 2452 2452 584
1867 1867 1867 3601 1867 1867 1867 1867 3601 1867 584 3601 584 1867 3601 1867 1867 1867 1867 3601
4161 822 822 4161 4161 822 4161 1867 1519 4603 4603 4603 4603 1867 584 1867 1867 4603 4667 4667
4603 4603 1519 1867 4603 4667 4667 4667 4603 4603 4603 4603 1519 584 584 1867 1867 2452 1519 1867
1867 1867 4161 822 822 4161 4161 822 4161 584 4603 4603 4603 4603 1519 1867 4603 4667 4667 4667
4161 4161 4161 1519 4161 4161 4161 4161 1519 4161 4161 4161 4161 4161 4161 4161 4161 4161 4161 4161
2452 2452 2452 584 584 584 584 584 584 584 584 584 3601 584 584 584 1867 1867 1867 1867
1867 1867 1867 584 584 1867 584 584 1519 1867 1867 1867 1867 1867 1867 1867 1867 1519 1519 4161
584 584 584 584 584 584 584 584 584 584 584 584 584 584 584 584 584 584 1867 1867
4161 4161 4161 4161 4161 822 4161 4161 4161 4161 4161 4161 4161 4161 4161 4161 4161 4161 4161 4161
584 584 584 3601 584 1867 1867 584 1867 1867 1867 1867 1867 584 1867 584 1867 1867 1867 1867
3824 4161 4161 584 584 4161 4161 4161 4161 4161 4161 4161 4161 4161 4161 4161 4161 4161 4161 4161
1867 1867 1867 1867 1867 1867 1867 2452 1867 2452 2452 1867 1867 1867 2452 2452 584 584 584 584
3601 3601 3601 3601 1519 1519 4161 822 4161 4161 822 822 822 4161 4161 822 4161 4161 822 4161
1867 2452 4603 3601 4603 4603 2452 4603 4603 4603 4603 4603 4603 4667 4667 4667 4667 4603 4603 4603
1867 2452 4603 4603 4603 4667 4603 4603 4603 4603 4667 4667 4667 4667 4667 4603 4603 4603 2452 2452
4161 4161 4161 4161 4161 4161 4161 4161 4161 4161 4161 4161 4161 4161 4161 4161 4161 4161 4161 4161
3601 4603 4603 4603 4603 3601 3601 4603 4603 4603 3601 4603 4603 4603 4603 3601 3601 4667 4603 4667
1867 1867 584 584 1867 1867 1867 1867 1867 1867 1867 1867 1867 1867 584 584 584 1867 1867 1867
3824 3824 3824 3824 3824 3824 3824 4161 584 1867 1867 1867 1867 1867 1867 1867 2452 2452 2452 2452
4161 4161 822 4161 4161 822 4161 4161 822 4161 4161 4161 4161 4161 4161 4161 4161 4161 4161 4161
1867 1867 1867 1867 1867 1867 1867 1867 1867 1867 1867 1867 1867 3601 3601 1867 1867 1867 1867 1867
1867 1867 1867 2452 2452 4603 4603 4603 3601 4603 4603 4603 4603 4603 3601 4603 4603 2452 2452 1867
2452 1519 2452 2452 2452 584 584 584 584 584 584 584 584 584 584 584 584 584 584 584
4161 4161 4161 4161 4161 4161 4161 4161 4161 4161 4161 4161 4161 4161 4161 4161 4161 4161 4161 4161
4161 4161 4161 4161 4161 4161 4161 4161 4161 4161 822 4161 4161 822 4161 584 1867 584 1867 1519
4161 4161 4161 4161 4161 4161 4161 4161 4161 4161 4161 4161 4161 4161 4161 4161 4161 4161 4161 4161
1867 2452 4603 2452 4603 1867 1867 4603 4603 4603 4603 4603 4603 4603 4603 4667 4667 4667 4667 4667
1867 822 4161 4161 822 4161 1867 1867 1867 1867 2452 2452 584 584 584 584 2452 2452 584 584
4603 4603 4603 4603 4667 4603 4667 4667 1867 4667 4667 4667 4667 584 1519 1519 3601 1519 1867 1867
3824 3824 822 4161 1867 1867 1867 1867 1867 1867 1867 1867 3824 3824 3824 3824 3824 3824 3824 3824
4667 4667 1867 584 1519 1519 1519 1519 1867 1867 1867 4667 4667 4667 4667 4667 4667 4667 4667 4667
584 1867 1867 1867 1867 1867 1867 1867 1867 1867 1867 1867 1867 1867 1867 2452 2452 3601 822 4161
1519 1867 1867 1867 1867 1867 1867 1867 2452 2452 2452 584 584 584 584 584 584 584 584 584
1867 1867 2452 2452 1867 1867 1867 1867 2452 2452 584 584 584 584 584 584 584 584 584 584
584 584 584 584 584 584 584 584 584 1867 1867 1867 1867 1867 1867 2452 2452 4603 4603 4603
1867 1867 1867 1867 3824 3824 3824 3824 3824 3824 3824 3824 3824 3824 3824 3824 1867 1867 1867 1867
584 584 584 1867 1867 584 1867 584 584 584 1867 584 1867 1867 1867 584 1867 1867 1519 3601
584 584 584 584 584 584 584 584 584 584 584 584 584 584 584 584 584 584 584 1867
822 4161 4161 4161 4161 822 4161 4161 822 4161 4161 822 4161 4161 822 4161 1519 4161 4161 4161
3824 4161 3824 3824 3824 4161 3824 3824 3824 3824 3824 584 584 584 584 584 584 1867 1867 3824
1867 1867 1867 2452 2452 2452 584 584 584 584 584 584 584 584 584 584 584 584 2452 2452
4161 4161 4161 4161 4161 4161 4161 4161 4161 4161 4161 4161 4161 4161 4161 4161 4161 4161 4161 4161
2452 1867 1867 2452 1867 1867 1867 1867 584 584 584 584 584 584 584 2452 584 1867 584 584
2452 1867 1519 1867 2452 2452 2452 2452 584 584 584 584 2452 2452 1519 2452 584 584 584 584
4603 4667 4603 4667 4603 4667 4667 2452 2452 1867 1867 4603 4603 4603 4603 4603 4603 4603 4603 4667
1867 1867 1867 1867 1867 1867 1867 1867 1867 584 1867 1867 1867 3601 3601 1867 1867 3601 3601 1519
584 1519 4161 822 822 822 4161 4161 822 4161 1519 1519 1867 4161 822 4161 584 4161 4161 4161
1867 1867 1867 2452 2452 584 584 584 584 584 584 584 584 584 1867 1867 1867 1867 1867 1867
4161 4161 4161 4161 4161 4161 4161 4161 4161 4161 4161 4161 4161 4161 4161 4161 4161 4161 4161 4161
4161 4161 4161 4161 4161 4161 4161 4161 4161 4161 4161 4161 4161 4161 4161 4161 4161 4161 4161 4161
1519 1867 1867 1867 1867 1867 1867 584 1867 4667 4667 4667 4667 4667 4667 4667 4667 4667 4667 4667
1867 1867 1867 1867 1867 1867 2452 2452 584 584 584 584 584 584 584 584 584 1867 1867 1867
584 1867 1867 1867 584 1867 1867 3601 1867 1867 1867 1867 1867 1867 1867 1867 3601 1867 1867 1867
1867 1867 1867 1519 1519 1519 1519 1867 1867 1867 2452 4667 4667 4667 4667 4603 4603 4667 4667 4667
584 584 584 584 584 584 584 1867 1867 584 584 1867 1867 1867 1867 1867 1867 1867 1867 1867
2452 4603 4603 4603 4603 4603 4603 4603 4603 4603 4603 4667 4667 2452 4603 4667 4603 4603 4603 4667
1867 1867 1867 1867 1867 1867 1867 1519 1519 4161 822 4161 4161 822 822 822 4161 4161 822 4161
3824 4161 584 584 3824 4161 3824 3824 4161 584 584 3824 3824 3824 3824 4161 584 584 584 584
822 3824 3824 3824 3824 2452 2452 1867 1867 1867 1867 1867 1867 2452 2452 1867 1867 1867 1867 1867
584 584 584 584 584 584 584 1867 1867 1867 1867 1519 1867 1867 1867 1867 2452 1867 1867 1867
4603 4667 4603 4603 4667 4603 4667 4667 4667 4667 4667 4603 4603 4603 4603 2452 2452 1519 3601 4161
4603 4603 4603 4603 4603 4603 4603 4667 4667 4667 2452 1867 584 4667 4603 4603 4603 4603 4667 4667
4161 1519 4161 4161 4161 4161 4161 4161 4161 4161 4161 4161 4161 4161 4161 4161 4161 4161 4161 4161
2452 1519 1867 2452 1867 1519 1867 2452 2452 2452 2452 584 584 584 584 2452 2452 1519 2452 584
1867 1867 1867 1867 1867 1867 1867 1867 2452 1867 1867 2452 1867 1867 1867 1867 584 584 584 584
584 584 584 584 584 584 584 584 584 584 584 584 584 584 584 584 584 1867 1867 1867
2452 2452 2452 1519 2452 2452 584 584 584 584 584 584 584 584 584 584 584 584 584 584
1867 1867 2452 2452 1519 1519 1519 1519 2452 2452 2452 2452 2452 2452 2452 2452 2452 1519 2452 2452
4161 822 4161 4161 822 4161 4161 4161 822 4161 4161 4161 822 4161 4161 4161 4161 4161 4161 4161
2452 2452 2452 584 584 584 584 584 584 584 584 584 584 584 584 584 584 584 584 584
584 584 2452 2452 1519 2452 584 584 584 1867 1867 2452 1867 4603 4603 4603 4603 4603 4667 4603
1867 1867 1867 3824 3824 3824 822 3824 3824 3824 822 3824 3824 3824 3824 2452 2452 1867 1867 1867
3824 3824 3824 3824 584 584 584 584 3824 3824 3824 3824 3824 3824 3824 3824 3824 4161 584 584
4161 4161 1519 4161 4161 822 4161 4161 822 4161 4161 1519 1519 4161 822 4161 822 4161 4161 822
1867 2452 2452 1519 1519 4161 822 4161 4161 822 822 822 4161 4161 822 4161 4161 822 4161 4161
3824 4161 3824 3824 3824 4161 3824 3824 3824 3824 3824 1867 1867 1867 1867 2452 2452 1867 1867 2452
1867 1867 1867 1867 1867 2452 2452 584 584 584 584 584 584 584 2452 2452 584 584 584 584
1867 1867 1867 584 1867 1867 1867 1867 1867 1519 1867 1867 1867 1519 1519 4161 822 4161 4161 822
4161 822 4161 4161 4161 4161 4161 4161 4161 4161 4161 4161 4161 4161 4161 4161 4161 4161 4161 4161
3601 4603 4603 3601 3601 4603 4603 4603 4603 4603 3601 4667 4603 4667 4603 4667 4603 4667 4667 4603
2452 2452 584 584 584 584 584 584 584 584 584 1867 1867 1867 2452 4603 3601 4603 4603 2452
1867 1867 2452 2452 2452 1519 584 584 584 584 584 584 584 584 584 584 584 1519 1519 4161
3824 3824 3824 3824 3824 3824 3824 3824 3824 584 1867 1867 1867 1867 1867 1867 1867 2452 2452 2452
4603 4603 4603 4603 4667 4603 4667 4667 4667 4667 4667 4667 1519 1519 1519 1519 2452 1867 1867 1867
3824 1867 1867 1867 1867 2452 2452 1867 1867 2452 2452 1867 1867 1867 1867 1867 1867 2452 2452 2452
1867 1867 1867 1867 3601 3601 1867 1867 1867 1867 1867 1867 1867 1867 3601 3601 3601 3601 1867 1867
2452 2452 1519 2452 2452 2452 584 584 584 584 584 584 584 584 584 1867 1867 2452 4603 4603
4161 4161 4161 4161 4161 4161 4161 4161 4161 4161 822 4161 4161 4161 4161 4161 4161 4161 4161 4161
4161 4161 822 822 822 4161 4161 822 4161 4161 822 822 4161 1519 1519 4161 822 822 4161 4161
4603 4603 4603 4603 4667 4603 4667 4667 4667 4667 4667 4603 1519 1519 1519 1519 1867 1867 1867 4667
1867 3601 1867 1867 1867 1867 3601 1867 1867 1867 1867 3601 3601 3601 1519 1867 1867 1867 1867 3601
1867 1867 822 4161 3824 3824 3824 3824 3824 1519 822 822 4161 2452 2452 3824 3824 3824 3824 3824
584 584 3824 4161 3824 3824 4161 584 584 3824 3824 3824 3824 4161 584 584 584 584 584 584
584 584 584 584 584 584 584 584 584 1867 1867 1867 1867 1867 1867 1867 1867 2452 2452 1867
3824 584 584 822 4161 822 4161 3824 3824 4161 4161 584 584 3824 4161 584 584 4161 3824 4161
4161 4161 4161 4161 4161 4161 4161 4161 4161 4161 4161 4161 4161 4161 4161 4161 4161 4161 4161 4161
1867 1867 2452 2452 1867 1867 1867 2452 2452 584 584 584 584 584 584 584 584 1519 1519 4161
2452 1519 1519 2452 2452 2452 2452 2452 1519 2452 2452 584 584 584 584 584 584 584 584 584
3824 4161 3824 3824 4161 3824 3824 3824 3824 4161 3824 3824 3824 3824 3824 584 1867 1867 1867 1867
3601 584 584 584 584 2452 2452 584 584 584 584 584 584 1867 1867 584 584 1867 1867 1867
822 4161 4161 4161 4161 4161 4161 4161 822 4161 4161 4161 4161 4161 4161 4161 4161 4161 4161 4161
1867 1867 3601 2452 1867 1867 1867 1867 3601 3601 1867 1867 1867 1867 1519 3601 3601 3601 1867 1867
2452 2452 2452 1519 2452 2452 584 584 584 584 584 584 584 584 584 1867 1867 1867 2452 4603
3824 3824 4161 3824 584 584 4161 3824 3824 4161 584 584 4161 4161 3824 3824 4161 3824 4161 4161
1519 822 822 4161 1519 822 822 3824 1867 1867 1867 1867 2452 2452 1867 1867 1867 1867 2452 3601
1867 1867 1519 1867 1867 1867 1867 2452 3601 1867 1867 1867 1867 3601 1867 1867 1867 1867 3601 1867
4161 1867 1867 1867 1867 1867 1867 1867 1867 2452 2452 2452 2452 584 584 584 584 584 584 584
1867 2452 2452 4603 4603 4603 3601 4603 4603 4603 4603 3601 3601 4603 4603 4603 3601 4603 4603 4667
4603 4603 4603 1519 4603 4667 4667 4667 584 584 1867 1867 1867 1867 1867 2452 2452 584 584 584
584 584 1867 1867 2452 2452 4603 4603 4603 3601 4603 4603 4603 4603 4603 3601 4603 4603 4603 4603
1867 1867 2452 2452 584 584 584 584 584 584 584 584 584 584 584 584 1867 1867 1867 1519
822 822 4161 4161 1519 4161 4161 1519 4161 4161 822 4161 4161 1519 4161 4161 1519 822 4161 1519
3824 4161 3824 3824 4161 3824 4161 3824 4161 4161 3824 3824 4161 3824 4161 4161 3824 4161 3824 3824
4161 4161 4161 4161 4161 4161 4161 4161 4161 4161 4161 4161 4161 822 4161 4161 4161 4161 4161 4161
822 4161 2452 2452 3824 3824 3824 3824 3824 3824 4161 3824 3824 4161 584 1867 1867 1867 1867 1867
1867 2452 2452 2452 2452 584 584 584 584 2452 2452 1519 2452 584 584 584 584 584 1867 1867
584 3824 3824 584 584 3824 3824 4161 584 584 584 584 584 584 584 584 584 584 584 584
4603 4603 4603 4667 4667 4667 4667 2452 4667 1519 1519 3601 1519 1867 1867 1867 2452 4667 4667 4667
4161 4161 822 4161 1519 1867 1519 1867 1867 1867 2452 2452 584 584 584 584 584 584 584 584
4603 4603 4603 4667 4603 4667 4667 4667 4667 4667 4667 1519 1519 1519 1519 2452 1867 1867 1867 584
1867 1867 1867 1867 1867 1867 1867 1867 1867 1867 1867 1867 1867 1867 2452 2452 3601 822 4161 822
584 584 584 1867 1867 584 584 1867 1867 1867 1867 1867 1867 1867 1867 1867 1867 1867 1867 584
4161 4161 4161 4161 4161 4161 4161 4161 4161 4161 4161 4161 4161 4161 4161 4161 4161 4161 4161 4161
