129 145 1641 107 129 145 1641 129 1340 911 911 911 1340 1340 1340 1340 1148 1148 1148 1148
22 1275 1208 107 1275 1890 1208 1208 129 129 1208 1275 1275 1208 129 1275 1890 1208 129 1275
22 1566 1208 107 1275 1890 1208 1208 107 107 1208 107 1275 1208 107 1275 1208 107 124 1208
1148 1148 1148 1951 1951 1951 1951 1148 1148 1338 1148 1951 1951 1951 1951 1951 1340 1148 980 1866
120 120 120 120 120 120 120 120 120 120 120 120 120 120 120 120 120 120 120 1849
1866 1866 1866 1866 1866 1866 1866 1866 1866 1866 1866 1866 1338 1338 1338 1338 1340 1340 911 911
911 911 911 911 976 976 971 971 971 911 911 911 1338 1338 1071 145 107 129 145 1641
1641 107 129 1641 107 129 1641 107 129 1641 107 1340 129 1641 129 107 145 107 1338 1340
107 1275 1890 1208 1208 107 129 1208 1275 124 1208 107 1275 1890 1208 107 124 1890 1208 107
22 1890 107 22 1275 1208 129 1275 1890 1208 1208 129 129 1208 129 1275 1890 1208 129 124
1898 1898 1849 120 120 120 120 120 120 120 120 120 120 120 120 120 120 120 120 1849
1340 1340 1340 1340 1866 1866 1338 1338 1866 1866 1866 1866 1866 1866 1866 1866 1866 1866 1340 1340
1148 1148 1148 1148 1148 1951 1951 1951 1951 1951 1951 1951 1951 1951 1951 1866 1866 1951 1951 1951
980 129 1641 107 980 1340 911 911 129 145 1641 129 911 976 911 911 911 1340 1340 976
1338 1071 884 884 884 145 145 1071 1071 884 1338 1071 1340 1340 1340 1340 1340 1340 1148 1148
980 1340 911 911 911 1340 971 911 911 1866 1148 1340 971 911 911 1866 120 1340 911 911
107 1275 1890 1208 1208 107 129 1208 129 124 22 22 1208 107 1275 1208 107 124 1208 107
706 1148 1148 911 911 911 911 1148 1148 1338 1338 1338 1338 1148 1148 1148 1148 1148 1148 1148
1148 706 706 1338 1338 1148 145 1071 884 1338 1071 1071 1071 884 145 1071 884 145 1071 884
980 980 1148 1148 1866 1866 1866 1866 1866 1866 1866 1866 1866 1866 1866 1866 1148 1148 911 911
1148 1148 1148 1148 1148 1148 1148 1148 1148 1338 1148 1148 1951 1951 1951 1951 1951 1951 1951 1951
706 1340 1340 1340 1340 1340 1340 1148 1148 1148 1951 1951 1951 1951 1951 1951 1951 1951 1951 1340
1338 1071 884 884 884 884 1071 145 1071 884 1338 1071 1340 1340 1340 1340 1340 1340 1148 1148
1898 1898 120 120 120 120 120 120 120 120 120 120 120 120 120 120 120 120 1849 1849
1340 1340 911 911 911 911 911 911 976 1340 971 911 971 911 911 911 1338 1338 1071 145
706 706 980 980 980 980 706 706 706 980 980 980 706 706 980 980 980 980 980 980
911 911 911 911 911 1338 1338 706 706 911 911 911 911 911 911 1866 1338 706 706 911
145 107 107 1641 129 971 911 129 1641 107 129 145 1641 107 129 145 1641 107 129 1641
1338 1071 884 145 884 1071 145 1071 884 1338 1071 1340 1340 911 911 1148 1148 911 911 1148
22 22 1566 1208 107 1275 1890 1208 1208 107 107 1208 107 124 1208 107 1275 1208 107 124
1951 1951 1951 1951 1951 1951 1951 1951 1951 1951 1951 1148 1148 1148 1340 980 1340 1340 980 1340
1275 1890 1208 1208 107 129 1208 129 1275 1890 1208 129 1275 1890 1208 107 1275 1890 1208 129
1340 1340 1340 1340 1338 1148 1340 1340 1951 1951 1951 1148 1340 1340 706 911 911 1340 120 1340
124 1890 1208 1208 1566 1566 1208 1566 124 1208 1566 124 1208 1566 124 1208 1566 980 124 1208
1071 1071 145 1071 1340 1338 1340 1340 1340 1340 1340 1340 1340 1148 1148 1148 1951 1951 1340 1951
1071 145 1071 145 145 1071 911 911 1148 1148 911 911 1148 1148 1340 1340 1340 1340 1340 1340
1866 1866 1866 1866 1866 1866 1866 1866 1866 1866 706 1340 1338 1338 1338 1338 1340 1340 911 911
1340 706 706 884 884 1071 145 1071 145 1338 1071 1071 1338 1071 145 145 145 1071 145 1071
1866 120 1866 120 120 120 120 120 120 120 120 1849 1849 1898 1898 120 120 120 1866 120
706 1338 706 706 706 1148 1148 1340 1340 1340 1340 1340 1340 1340 1340 1340 706 706 706 706
706 706 706 911 911 1338 1148 706 706 706 706 911 911 911 911 911 911 706 706 911
1641 129 129 884 107 1340 1338 1340 980 1340 1340 1340 1340 1340 1148 1148 1951 1951 1951 1340
1071 1338 706 1338 1340 1340 1340 1148 1148 1951 1951 1951 1951 1951 1951 1951 1951 1951 1340 911
145 1071 1890 1641 1566 1071 1338 1566 145 145 1890 1566 145 1071 145 1641 1338 1340 1340 1340
706 706 911 911 911 911 911 911 706 706 911 911 911 911 911 911 1338 1338 706 706
706 706 706 1340 706 1340 706 1340 706 706 1340 1340 1340 1340 1340 1340 706 1340 706 706
980 1340 1340 911 911 1338 1338 911 911 1148 1148 145 1071 145 1338 1071 1338 145 1071 145
1866 1866 1866 1866 1866 1866 1866 1866 1866 1866 1866 1866 1338 1338 1338 1338 1340 1340 911 911
884 884 884 145 145 1071 1071 884 1338 1071 1340 1340 1340 1340 1340 1340 1148 1148 1148 1148
911 706 1340 911 1148 911 1148 1148 1340 1340 1340 1148 1148 1951 1951 1951 1951 1951 1951 1951
1566 145 145 1071 1340 1340 1340 1340 1338 1340 1340 1340 1148 1148 1951 1951 1951 1951 1951 1951
107 1275 1890 1208 107 107 22 22 124 1890 107 1208 1566 124 1890 1208 1208 1566 1566 1208
1340 1340 911 911 911 1340 911 911 911 1340 911 911 911 120 1340 911 911 911 1148 120
1071 1890 1641 1071 129 145 1071 1340 1338 1340 1340 1340 1148 1148 1951 1340 1340 1340 1951 1951
129 145 1641 1071 129 145 1641 1071 1071 145 1071 1338 1340 1340 1340 1340 1340 1340 1340 1148
706 980 706 911 1340 911 1340 1340 911 980 911 1338 1338 1071 145 129 706 1340 145 1641
1866 1866 1866 1849 1866 1866 1225 1866 1338 1898 1898 1898 1849 1866 1866 1866 1866 1866 1866 1866
145 884 1071 145 1071 145 1338 1071 1148 1148 1340 1340 911 911 911 911 1148 1148 1340 1340
884 884 884 884 1071 145 1071 884 1338 1071 1340 1340 1340 1340 1340 1340 1148 1148 1148 1148
706 911 911 911 911 911 911 1866 1866 706 1340 911 911 911 911 911 911 1338 1866 1866
706 706 706 706 706 706 980 706 980 706 980 706 706 706 980 706 706 706 706 980
120 120 120 120 120 120 120 120 120 120 120 120 120 120 120 120 120 120 120 120
124 1208 129 1566 22 22 1208 129 22 1275 1208 107 1275 1890 1208 1208 129 129 1208 129
1566 1148 1148 1148 145 1566 145 1641 1566 1338 1566 1890 1890 1566 145 1566 145 1641 1566 124
1566 1208 107 124 1208 1208 1208 107 107 1208 107 124 1208 107 1275 1208 107 124 1208 107
1566 124 1208 1566 124 1208 1275 124 1890 1208 1566 1866 1866 1866 1866 124 1890 1208 124 1566
129 1275 1890 1208 1208 129 129 1208 129 1275 1890 1208 129 1275 1208 1208 129 1275 1890 1208
107 1275 1890 1641 107 1275 1890 1641 129 129 1890 1641 107 980 1340 1340 1340 1275 1890 1641
120 1338 1340 1340 911 911 911 911 911 911 120 120 1338 1338 120 120 1340 1340 911 911
1340 1148 1148 1148 1148 1148 1951 1951 1951 1951 1951 1951 1951 1951 1866 1951 1951 1951 1951 1340
706 706 706 706 706 706 706 1340 1340 1340 706 1340 706 706 706 706 980 706 706 706
1340 1340 1340 1340 1340 1340 1340 1340 1340 1340 1340 706 911 1338 980 980 706 980 980 980
145 145 1071 145 1071 145 1338 1071 1340 1340 1340 1340 1338 1071 145 145 1071 145 1071 145
1148 1951 1340 1148 1148 1338 1338 1340 1340 1340 1951 1951 1951 1951 1340 1148 1866 1866 1866 1866
1866 1866 1866 1866 1866 1866 1866 1866 1866 1849 1849 1898 1898 1866 1866 1866 1866 1866 1866 1866
1866 1866 1866 1866 1866 120 1866 1849 1866 1866 1641 1866 1338 1898 1898 1898 1849 1866 1866 1866
145 145 1071 1340 1340 1340 1340 1340 1340 1340 1340 1148 1148 1148 1148 1866 1866 1951 1951 1951
911 1148 1148 145 1071 145 1338 1071 1338 145 1071 884 884 1071 1340 1340 1340 1340 1340 1340
1148 1148 1148 1148 1340 1340 1340 1340 1340 1340 1340 1340 1340 120 1340 1340 1340 1340 1340 706
120 120 120 120 120 120 120 120 120 120 120 120 120 120 120 1148 120 120 120 120
22 22 22 1566 1208 107 1275 1208 1208 1208 129 107 1208 107 124 1208 129 124 22 1208
1071 129 145 1641 1071 980 145 1641 1071 1071 145 1071 1338 1340 1340 1340 1340 1340 1340 1340
1340 1340 884 884 145 1071 145 1338 1071 1071 1951 1340 1338 1071 1340 1340 145 145 1071 145
22 1890 22 107 1566 1208 1566 124 1208 1208 1208 1566 1566 1208 1566 124 1208 1566 124 1208
129 911 911 1340 1340 1641 129 911 911 1071 1641 1071 1338 1071 884 145 1071 1148 1148 1340
706 706 706 980 706 706 706 980 706 706 706 980 980 706 706 706 706 706 706 706
1866 1866 1866 1866 1866 1866 1866 1866 1866 1866 1866 1866 1898 1866 1338 1338 1338 1148 1898 1898
1338 1340 1340 706 1340 1148 911 706 706 911 706 706 911 911 911 1338 706 911 911 911
706 706 706 706 706 706 980 706 706 980 980 1340 1340 706 706 706 706 706 706 980
120 120 120 120 120 120 120 120 120 120 120 120 1849 1849 1866 1866 129 1208 107 1275
1275 1890 1208 107 107 22 22 124 1890 107 1208 1566 124 1890 1208 1208 1566 1566 1208 1566
1148 124 1566 1890 145 1566 145 1566 145 1641 1566 124 1566 145 145 1566 145 124 1890 124
124 1890 1208 1208 1566 1566 1208 1566 124 1208 1566 124 1208 1566 124 1890 1208 1566 124 1890
107 107 1208 107 124 1208 107 1275 1208 107 124 1890 1208 107 22 124 1890 1208 1275 1275
120 120 120 120 120 120 120 120 120 120 120 1148 120 120 120 120 120 120 120 120
1338 1338 145 1566 1890 1641 1566 124 1338 1566 1890 1890 1890 145 145 1566 1566 1890 1641 1566
1641 1340 1071 706 1340 1340 1340 1340 911 911 1338 1641 1071 1340 1338 1340 911 1340 1340 1340
1866 706 706 1338 1338 1338 1338 706 706 911 911 911 911 706 706 1866 1866 1866 1866 1866
1340 1340 884 884 1340 1340 1641 1071 145 1338 1071 1071 1951 1340 1338 1071 145 145 145 1071
1890 1340 1340 145 1566 1890 145 1566 1566 1338 1566 1890 1890 1566 145 1566 1890 145 1566 1951
1866 1866 1866 1866 1866 1866 1866 1866 1866 1866 1898 1338 1338 1338 1338 1898 911 1898 1148 1866
1148 1951 1340 1340 1951 1340 1340 1951 1951 1951 1340 911 1340 706 1340 1340 911 1148 911 1148
1641 129 1275 1641 129 129 145 1641 129 129 145 1641 129 976 911 911 911 1338 1340 1340
1340 1340 1340 1340 1340 1340 1340 1340 1340 1340 1340 1340 1340 1340 1340 1338 1338 1071 145 1071
1849 1849 120 120 120 120 120 120 120 120 120 120 120 120 120 120 120 120 120 120
1340 1340 1340 1340 1340 1148 1148 1148 1148 1951 1951 1951 1951 1951 1951 1071 1951 1951 145 884
1898 1898 120 120 120 120 120 120 120 120 120 120 120 120 120 120 120 120 120 120
1338 706 911 911 911 1338 706 911 911 911 1338 706 706 1338 706 706 1338 706 911 911
1148 1951 1951 1951 1951 1951 1951 1951 1951 1951 1340 911 1148 1866 1866 1148 911 1866 1866 1866
1866 1866 1340 1340 911 911 911 911 911 911 1338 1338 1866 1866 1866 1866 1866 1338 1338 1641
706 706 706 706 706 706 706 706 706 706 706 980 980 1340 1340 706 706 706 706 706
1340 706 706 1340 706 1340 1340 1340 1340 1340 1340 1340 706 980 980 706 706 706 706 980
1866 1898 1866 1338 1866 1866 1898 1898 1898 1866 1849 1849 1866 1866 1866 1866 1866 1866 1866 1866
120 1898 1898 120 1866 120 120 120 120 120 120 120 120 120 120 120 120 120 120 120
911 1340 706 1340 1340 911 1148 911 1148 1340 1340 1340 1148 1148 1951 1951 1951 1951 1951 1951
124 1890 1566 124 1890 1208 1208 1566 1566 1208 1566 124 1208 1566 124 1208 124 124 1208 1566
120 120 120 120 120 120 120 120 1849 1849 1898 1898 120 120 120 120 120 120 120 120
1866 1866 1866 1866 1898 1898 1898 1849 1849 1849 120 1866 120 120 120 120 120 1866 1866 1866
1148 1340 911 1148 911 1148 1338 1338 1148 1148 1148 1148 1338 1148 1148 1951 1951 1951 1951 1951
1208 129 124 1890 1208 1208 129 129 1208 1566 124 1208 129 124 1208 1566 124 1208 1566 1566
124 1208 129 1566 22 22 1208 129 22 1275 1208 107 1275 1890 1208 1208 129 129 1208 129
706 706 706 706 706 706 706 1340 1340 706 706 1340 1340 980 980 980 980 706 706 1340
706 706 706 706 1340 911 911 911 911 911 911 1340 1340 1148 1148 911 911 911 911 911
911 911 911 911 911 1866 1866 1338 1338 706 706 911 911 911 911 911 911 1338 1338 1338
1148 706 706 706 1340 706 1340 706 1340 1340 1340 1340 1340 706 1340 1340 706 1340 1340 706
145 1071 145 1071 884 1641 1071 1338 1071 884 145 884 1071 1338 1338 706 706 706 706 1340
1866 1866 1866 1866 1866 1866 1866 1866 1866 1866 1866 1866 1866 1866 1866 1866 1866 1849 1148 1898
1148 1338 1338 1148 1951 1340 1951 1340 1951 1951 1951 1951 1951 1340 1340 706 1148 1866 1866 1866
980 1866 1866 1866 1866 1340 980 1340 1340 1148 1148 1849 1148 1951 1951 1951 1951 1951 1951 1951
120 120 120 120 120 120 120 120 120 120 120 120 120 120 120 120 120 120 120 120
1148 1148 911 911 1148 1148 1340 1340 1340 1340 1340 1340 1148 1148 1148 1148 1071 1071 145 145
1641 1071 1071 145 1071 1338 1340 1340 1340 1340 1340 1340 1340 1148 1148 1951 1951 1340 1340 1951
1148 1338 1338 1148 1951 1951 1951 1340 1951 1951 1951 1951 1951 1340 911 1148 1866 1148 1866 1340
1340 1340 1340 1338 1338 1340 706 706 706 911 1340 706 706 706 120 706 911 911 911 1338
1208 1566 107 1208 1566 1275 1208 107 1275 1208 1566 124 1208 1566 124 1208 1566 976 971 911
706 706 1148 1148 1340 1340 1340 1340 1340 1340 1340 1340 1340 706 911 706 706 706 706 706
1148 145 1566 145 1641 1566 1338 1566 145 145 1566 145 1566 145 145 1566 1071 1566 145 145
1340 1340 1338 1071 145 145 1071 145 1071 145 1338 1071 1340 1340 1340 1340 1340 1340 1340 1340
911 911 1148 1148 1338 1338 1338 1338 1148 1148 1148 1148 1148 1148 1148 1148 1148 1338 1641 1148
980 911 1849 1148 1148 1148 1340 1340 1338 1338 1148 145 1071 145 1338 1071 1071 1071 145 145
124 1890 1208 1208 107 107 1208 129 124 1208 107 124 1208 107 124 1208 107 1566 22 22
911 911 911 1148 1340 911 911 911 1148 1148 1338 1338 1071 145 107 129 145 1641 145 107
1898 1898 1898 1898 1898 1898 1898 1898 1898 1148 1148 1866 1866 1866 1866 1866 1866 1866 1866 1866
1898 1898 1898 1898 1148 1148 1866 1866 1866 1866 1866 1866 1866 1866 1866 1866 1866 1866 1148 1148
1275 124 1208 107 124 1890 1208 107 1275 1890 1208 107 1275 1208 107 107 1890 107 22 1340
706 706 1338 1071 911 911 706 1340 706 706 884 884 1071 1641 1071 145 1338 1071 1338 1338
1208 107 1275 1208 107 1275 1208 107 1275 1890 1208 107 1340 124 1890 1208 1566 1566 1890 107
107 124 1208 1566 124 1208 1566 124 1208 1566 1566 22 22 1566 1890 1566 1890 1566 124 1890
1866 1866 1866 1866 884 1641 1071 129 884 1071 1340 1338 1866 1866 1866 1866 706 1340 1340 1340
1866 1866 1866 1866 1866 1866 1866 120 1866 1898 1866 1338 1338 1338 1898 1898 1898 1148 1866 1866
1148 1951 1951 1951 1340 1340 1148 1148 1951 1338 1338 1340 1951 1951 1340 911 911 1866 1866 1866
1951 1951 1951 1951 1951 1340 1340 1340 911 980 1340 911 911 1148 1148 1340 1340 1340 1148 1148
911 911 911 911 1148 1148 1148 1148 1340 706 1338 1338 1148 145 1071 145 1338 1071 1338 1071
1208 107 124 1275 1890 1208 1208 107 1566 1208 1566 124 1208 1566 124 1208 1566 124 1208 1566
1148 1148 1340 706 1340 1148 1148 1951 1951 1951 1951 1340 1951 1951 1951 1951 1340 1951 1951 1340
1890 1208 1208 107 107 1208 107 1275 1208 107 1275 1208 1275 1275 1208 107 1275 1890 1208 1275
706 706 706 1338 1338 1866 1866 706 706 911 911 911 911 911 911 1338 1338 1338 1338 1338
1208 1566 124 1208 1566 124 1208 1275 124 1890 1208 1566 1866 1866 1866 1866 124 1890 1208 124
120 120 1898 1849 120 120 120 120 120 120 120 120 120 120 120 120 120 120 120 120
1898 1898 1898 1898 1898 1849 1866 1866 1866 1866 1866 1866 1866 1866 1866 1866 1866 1866 1866 1866
911 911 22 124 1566 145 107 1275 145 1208 1208 1566 107 1208 1566 124 1340 1208 1566 911
706 911 911 1340 911 1148 911 1148 1340 1340 1340 1148 1148 1951 1951 1951 1951 1951 1951 1951
1071 1338 1641 1071 1340 1338 1641 1071 129 884 1071 1338 1340 1340 1340 1340 976 976 1340 1340
1890 1208 107 107 124 1208 1208 1208 107 129 1208 1275 124 1208 107 124 1208 1208 107 124
1340 706 706 706 911 706 911 980 706 706 706 911 911 911 706 911 911 911 1338 706
120 120 120 120 120 120 120 120 120 120 120 120 120 120 120 120 1849 120 120 120
1866 1866 1866 1338 706 706 1340 1340 1148 1338 1340 1340 1340 1148 1148 1951 1951 1951 1340 1951
1148 706 706 706 706 911 911 911 911 911 911 706 706 911 911 911 911 911 911 1338
980 1641 1071 1338 1641 1071 1340 1338 1641 1071 1071 145 1071 1338 1340 1340 1340 1340 1340 1340
107 1208 107 124 22 22 1208 107 1275 1208 107 124 1208 107 124 1208 1566 107 1890 107
706 706 911 911 1866 1148 706 1340 911 911 1866 1866 1340 1340 911 911 1338 1866 1866 706
1849 1898 1898 120 1866 1866 1866 120 120 1866 1866 1866 120 120 1866 120 1866 1866 1866 1898
1148 1898 1866 1866 1866 1866 1866 1866 1866 1866 1866 1866 1866 1866 1338 1338 1866 1338 1898 1898
1208 107 1275 1208 129 129 22 1890 107 22 1566 1208 107 1275 1890 1208 1208 107 129 1208
1340 1340 1340 1340 911 971 911 911 1338 1340 911 911 911 1338 1338 1071 145 107 129 145
1951 1951 1340 1340 1340 1340 1340 1340 911 911 1148 1148 911 911 1340 1340 1340 1340 911 980
980 1641 129 129 145 1641 1071 980 145 1641 1071 1071 145 1071 1338 1340 911 1340 1340 1340
1890 1208 1208 107 107 1208 107 124 1890 1208 107 124 1890 1208 107 124 1890 1208 107 124
1340 1148 1148 1951 1951 1951 1951 1148 1148 1951 1951 1951 1951 1951 1951 1951 1951 1340 1340 1340
1071 145 1071 145 1641 1071 1338 1071 145 145 1071 145 1071 145 1338 1071 1340 1340 1340 1340
911 911 911 911 911 1340 1340 1148 1148 1340 1340 911 911 911 911 911 911 1338 1338 1071
1148 1951 1340 1340 1340 1340 1951 1951 1951 1951 1340 911 911 1340 911 1148 911 1148 1340 1340
1849 1338 1849 1898 1898 1898 1898 1898 1148 1898 1866 1866 1866 1866 1866 1866 1866 1866 1866 1866
1898 1849 1849 120 1866 120 120 120 120 120 1866 120 120 120 120 120 120 120 1866 1866
1898 1898 1898 1898 1898 1898 1849 1148 1866 1866 1866 1866 1866 1866 1866 1866 1866 1866 1866 1866
1148 1148 1148 1148 1148 1338 1338 1148 1148 1951 1951 1951 1951 1951 1951 1951 1951 1951 1951 1951
706 706 706 1340 1340 1340 706 706 1340 1340 1340 706 1340 706 706 706 706 706 706 706
1866 1866 1866 1898 1898 1898 1849 120 120 120 120 120 120 120 120 120 120 120 120 120
120 120 120 120 120 120 120 120 120 120 120 120 120 1849 120 120 120 120 120 1898
706 980 1340 1340 1340 1340 1338 1338 145 1071 145 1641 1071 1071 1338 1071 145 145 145 145
22 22 22 1566 1208 107 1275 1890 1208 1208 129 107 1208 107 124 1890 1208 107 124 1890
1951 120 120 1951 1951 1951 1951 1148 1148 1951 1951 1951 1951 1951 1951 1340 1340 1951 1951 1340
1566 124 1208 107 124 1208 1566 124 1208 1566 1566 22 22 1566 1208 107 1890 1566 124 1890
145 1641 129 1566 145 145 129 1340 1340 1340 1340 1338 1340 1340 1340 1148 1148 1951 1340 1951
129 1275 1208 1208 1208 129 129 1208 129 1275 1208 107 1275 1208 107 1275 1208 107 124 1208
120 120 120 120 120 120 120 120 120 22 124 1275 1208 1275 124 1890 1208 1208 107 107
1338 1338 706 706 706 706 706 706 1340 1340 706 1340 706 1340 706 706 706 706 706 1340
1148 1866 1866 1866 1866 1866 1866 1866 1866 1866 1866 1866 1866 1148 1148 1898 1898 1866 1866 1866
129 1641 129 1338 1641 129 980 1641 129 911 911 1338 911 911 911 911 1641 129 911 911
1340 1340 706 1340 706 911 911 706 1340 911 911 911 1340 911 911 911 1148 1338 1338 1338
1340 1340 1340 1340 1340 1340 1340 1148 1148 1148 1148 1866 1866 1148 1148 1951 1951 1951 1951 1951
145 145 145 1071 145 1641 1071 1340 1340 1071 1071 145 145 1071 145 1071 145 1071 1071 1340
1340 1951 706 1340 911 911 911 1340 911 911 911 1148 1338 1866 1340 911 911 911 1338 1340
980 980 706 980 706 706 980 980 980 980 980 980 706 706 980 980 980 980 980 980
911 911 911 1148 1148 1338 1338 1338 1338 1148 1148 1148 1148 1148 1148 1148 1148 1148 1338 1148
1866 1866 1866 1866 1866 1866 1866 1898 1866 1866 1866 1866 1340 1338 1338 1338 1338 1898 911 911
1340 1340 1340 971 911 971 911 911 911 976 976 971 911 971 911 911 911 1338 1338 1071
1866 1866 1866 1866 1866 120 120 1866 1225 1338 1338 1898 1898 1898 120 120 1866 1866 120 1866
1866 1866 1866 1148 1866 1866 1866 1866 1866 1866 1866 1866 1866 1866 1338 1338 1338 1338 1340 1898
911 911 1338 1340 911 911 911 1866 1340 911 911 911 1866 1866 1340 911 911 911 1866 1866
1340 1340 1340 1148 1148 1340 1338 1338 1340 1340 1340 1340 911 911 1866 1866 1866 1866 1866 1866
911 1340 911 911 1148 1148 1338 1340 1340 1340 1148 1148 1951 1951 1951 1951 1951 1951 1951 1951
1275 1208 1208 1208 107 107 1208 107 1275 1208 107 1275 22 22 1208 107 1275 1208 107 129
706 706 1340 1340 1340 706 1340 980 1340 1340 706 980 706 980 980 706 706 980 980 980
980 1641 1071 129 1641 1071 980 1641 1071 129 145 1071 1340 1338 911 1340 1340 1340 1340 1340
1951 1951 1951 1951 1951 1951 1951 1148 1148 1951 1951 1951 1951 1951 1148 1340 1340 706 980 980
145 1641 1071 1340 1340 1340 1340 1340 1340 1148 1148 1148 1148 1951 1951 1951 1951 1071 145 145
1866 1866 1866 706 706 911 911 911 911 911 911 1866 1866 706 706 706 706 706 706 1340
706 706 706 706 706 706 706 1340 1340 1340 1340 1340 1340 1340 1340 706 706 706 1340 1340
1148 1148 1148 1148 1148 1951 1951 1951 1951 1951 1951 1951 1951 1866 1951 1951 1951 1951 1340 980
120 120 120 120 120 120 120 120 1866 1866 1849 1849 124 1866 1275 1208 107 1898 1890 1208
124 1208 1566 1148 1148 1148 1208 1566 1890 1208 1566 124 1566 1890 1890 1566 1208 1566 145 1208
124 1208 129 1566 22 1890 107 22 1275 1208 129 1275 1890 1208 1208 107 107 1208 129 124
1225 1866 1866 1898 1898 1898 1866 120 120 120 1866 1866 1866 1866 120 120 120 120 1866 120
145 1071 145 1338 1071 1071 1071 145 145 1071 1340 1340 1340 1340 1340 1340 1340 1340 1148 1148
911 1338 1340 971 971 971 1338 1338 1566 145 107 1275 145 1641 145 1566 107 1641 107 1275
107 1208 107 124 1208 107 1275 1208 107 1275 1890 1208 107 124 1890 1208 129 1340 911 911
1338 706 706 1340 706 1340 706 706 1340 1340 1340 706 706 980 980 706 706 980 980 706
1340 1340 1148 1148 1951 1951 1951 1951 1148 1148 1951 1951 1951 1951 1951 1951 1951 1951 1340 1340
120 120 120 120 120 120 120 120 120 120 120 120 120 120 120 120 120 120 120 120
1208 1566 107 1208 1566 1275 1208 107 1275 1208 1566 124 1208 1566 124 1208 1566 976 971 911
22 22 22 1566 1208 107 1275 1890 1208 1208 1566 107 1208 1275 124 1208 129 124 1890 1208
1566 1208 107 124 1890 1208 1208 107 129 1208 1275 124 1208 107 124 1890 1208 107 124 1890
1338 1890 1641 1071 1148 1340 1340 1340 1340 1148 1148 1148 1148 1951 1951 1951 1951 1866 1951 1951
1951 1951 1951 1951 1951 1951 1340 1340 1340 911 980 1340 911 911 1148 1148 1340 1340 1340 1148
145 1071 145 1071 884 1641 1071 1338 1071 884 145 884 1071 1338 1338 706 706 706 706 1340
1566 1340 1340 1340 1340 1340 1340 1340 1340 1148 1148 1866 1866 1148 1148 1951 1951 1951 1951 1951
706 706 706 706 1340 1340 1340 706 1340 980 980 980 980 706 706 1340 706 980 980 980
706 1340 1148 911 1340 706 911 706 1340 911 911 911 1338 1340 911 911 911 1338 1340 911
120 120 120 120 120 120 120 120 120 120 120 120 120 120 120 120 120 120 120 120
1641 129 129 884 129 1898 120 120 120 120 1866 1898 120 120 120 120 120 120 120 120
1148 1148 1148 1148 1148 1338 1338 1148 1148 1951 1951 1951 1951 1951 1951 1951 1951 1951 1340 911
120 120 1849 1849 1898 1898 120 120 120 120 120 120 120 120 120 120 120 120 120 120
911 911 120 1338 706 706 911 911 911 911 911 911 120 120 1338 1338 1338 1338 1340 1340
1340 706 980 1340 1340 911 1340 1340 1340 1338 1338 1071 145 1071 1340 1340 980 145 1641 145
129 1641 1071 1340 911 911 911 1340 1340 1340 1340 1148 1148 1148 1148 1951 1951 1951 1951 1951
706 706 1340 1340 1340 706 1340 980 980 980 980 706 706 1340 706 980 980 980 706 980
1866 1866 1225 1866 1866 1898 1898 1898 1849 1866 1866 1866 120 120 120 120 120 120 1866 120
1340 1340 1340 1340 1340 1340 1148 1148 1148 1148 1148 1148 1951 1951 1951 1951 1951 1951 1951 1951
1338 1340 911 911 911 1340 911 911 911 1338 1338 1071 145 1071 1338 884 1641 145 1566 1071
706 1340 1338 1340 1340 706 706 1340 1340 706 706 706 706 706 706 1340 706 706 706 706
706 706 706 706 706 706 706 1340 1340 1340 706 706 1340 1340 980 980 980 980 706 706
706 706 706 1338 911 1340 1340 706 1340 911 911 911 1340 911 911 911 1148 1338 1338 1340
911 911 1148 706 706 1148 706 1340 1340 1340 1340 1340 1340 1340 1340 1340 1340 1148 1340 706
107 107 1208 1275 1275 1208 107 1275 1890 1208 107 1275 1890 1208 107 107 22 22 124 1890
1340 706 911 911 1148 1148 911 911 1148 1148 1148 1148 1338 1338 1338 1338 1148 1148 1148 1148
1071 1951 1951 1951 1951 1951 1951 1951 1951 1951 1951 1148 1148 1951 1951 1951 1951 1951 1951 1340
1338 1071 884 884 884 884 1071 884 1071 884 884 1071 1340 1340 1340 1340 1340 1340 1148 1148
1951 1340 911 911 1340 1148 911 911 1148 1340 1340 1340 1148 1148 1951 1951 1951 1951 1951 1951
120 120 120 120 120 120 120 120 120 120 120 120 1849 1849 1866 124 1275 1208 129 1898
22 22 1566 1208 107 124 1890 1208 1208 107 107 1208 1566 124 1208 1566 124 1208 1566 124
1890 1641 1071 1148 1340 1340 1340 1340 1148 1148 1148 1148 1951 1951 1951 1951 1866 1951 1951 1951
706 706 706 1338 911 1340 1340 706 1340 911 911 911 1340 911 911 911 1148 1338 1338 1340
706 1340 706 706 706 706 706 706 980 980 980 980 706 706 706 706 980 980 980 980
1866 1866 1866 1866 1866 1866 706 706 911 911 911 911 911 911 706 706 706 706 706 706
1898 1898 1849 120 1866 1866 1866 1866 120 120 1866 1866 1866 120 120 120 1866 120 120 120
124 1890 1208 1208 1566 1566 1208 1566 980 1340 124 1208 1566 124 1208 1566 124 1208 1566 1340
22 22 1566 1208 107 124 1890 1208 1208 107 107 1208 1566 124 1208 1566 124 1208 1566 124
1641 107 124 1641 107 1275 1641 107 1275 1641 107 129 1641 129 1340 971 911 971 1340 911
706 911 911 911 911 911 911 1338 1338 1340 1340 911 911 911 911 911 911 1338 1338 1340
1338 1338 1148 1148 1340 1340 1340 1340 1340 1340 1340 1340 1340 1340 1340 1340 706 1340 1340 1340
120 120 120 120 120 120 120 120 120 120 120 120 120 1849 1849 1898 1866 1866 1275 145
1340 1340 1340 1148 1148 1148 1148 1071 1071 1148 1148 1890 145 1890 1071 145 1566 145 1641 1566
1340 706 1148 1338 1148 1340 1340 1866 1866 1866 1866 1340 1951 1340 1951 1340 1340 1340 1951 1951
1338 1071 145 145 1071 1340 1340 1340 1340 1340 1340 1340 1340 1148 1148 1849 1148 1148 1148 1951
1641 1071 1148 1148 145 1071 145 1338 1071 1338 1071 145 145 1071 1340 1340 1340 1340 1340 1340
1890 1566 145 1566 145 1641 1071 1338 1071 145 145 1566 1566 1641 1566 1566 145 1566 1340 1340
120 120 120 120 120 120 120 120 120 120 120 120 120 120 120 120 120 120 120 120
1338 1866 1898 1898 1898 120 120 120 120 120 120 120 120 120 120 120 120 120 120 120
1071 1338 1641 1071 1071 145 1071 706 706 706 706 1340 1340 1340 1340 1338 1338 1148 1148 145
107 1208 107 1275 1208 107 1275 1641 107 1275 1641 107 129 1641 129 1148 1340 971 911 911
706 911 911 706 1340 706 706 911 911 1148 1148 1340 1340 1340 706 911 911 911 911 911
1866 1866 1866 120 1866 120 1866 120 120 1866 1898 1338 1338 1898 1898 1898 1866 1866 1866 1866
1898 1849 1898 1225 1849 1866 1866 120 120 120 1866 1866 1866 1866 1866 1148 1849 1866 1866 1866
911 911 1340 911 911 911 1866 1340 911 911 911 1866 1338 1340 911 911 911 1866 1866 1866
120 120 120 120 120 120 120 120 120 120 120 120 120 120 120 120 120 120 120 120
1641 1071 1340 980 1641 129 1340 1340 1951 1340 1641 1340 1071 1340 1340 1340 1340 1340 911 911
1866 1866 1866 1866 706 706 1338 1338 1338 1338 706 706 911 911 911 911 706 706 1866 1866
1071 884 1338 1071 1340 1340 911 911 1148 1148 911 911 1148 1148 1340 1340 1340 1340 1340 1340
120 120 120 120 120 1866 120 120 1849 1849 124 22 1566 1208 107 124 1890 1208 1208 107
884 884 1071 1340 1340 1641 1071 884 1338 1071 1340 1340 1340 1340 1340 1340 706 706 911 911
706 706 1340 706 1340 706 1340 1340 1340 1340 1340 1340 1340 1340 1340 706 1340 706 1340 706
1898 1898 1898 1898 1866 1898 1898 1898 1898 1148 1866 1898 1898 1898 1898 1866 1866 1866 1866 1866
129 107 1208 1275 1275 1208 107 1275 1890 1208 107 1275 1890 1208 107 1275 1890 1208 1566 129
107 129 1641 107 1340 129 1641 129 129 145 129 1338 1340 1340 1340 1340 1340 1340 1340 1148
22 124 1566 145 107 1696 1340 1275 1890 1208 1208 107 1566 1208 1566 1340 1340 911 124 1208
1866 1849 1148 1866 1866 1338 1338 1340 1340 911 911 911 911 911 911 1866 1866 1866 1866 1866
911 911 1340 1340 911 911 1866 1340 1340 911 911 1148 1338 1340 1340 911 1866 911 1866 1338
1951 1951 1951 1951 1951 1951 1951 1951 1148 1148 1951 1951 1951 1951 1951 1951 1340 1340 1951 1951
706 706 706 706 706 706 706 706 1340 1340 911 911 911 911 911 911 706 1340 1148 1148
1566 124 1641 1566 129 1641 1566 1338 1641 1071 1340 1340 1340 1340 1148 1148 1951 1951 1951 1951
911 911 911 911 911 1340 911 911 911 911 911 911 911 1338 1338 1071 145 1071 1340 145
1866 1866 1866 1866 1866 1866 120 1866 1866 1866 1148 1148 1866 1866 1866 1866 1898 1898 1898 1898
1340 1340 706 1340 706 706 706 706 911 1338 911 706 706 706 911 911 706 706 911 980
1866 120 120 120 120 120 120 120 120 120 120 120 120 120 120 120 120 120 1898 1866
120 120 120 120 120 120 120 120 120 120 120 120 120 120 120 1898 1866 1898 1898 1866
1898 120 1866 120 120 120 120 1866 120 120 120 120 120 120 120 120 120 120 120 120
1849 1898 1898 1898 1898 1898 1898 1148 1898 1866 1866 1866 1866 1866 1866 1866 1866 1866 1866 1866
1148 1148 1951 1340 1340 1340 1340 1951 1951 1951 1951 1951 1951 1951 1340 1340 1340 1338 1338 1071
120 120 120 120 120 120 120 120 120 120 120 120 120 120 120 120 120 120 120 120
1951 1951 1951 1951 1951 1951 1951 1951 1338 1148 1148 1951 1951 1951 1340 1951 911 980 1340 1340
1338 1338 1338 1338 1340 1340 911 911 911 911 1148 1148 1148 1148 1340 1340 1338 1338 1148 145
1866 1866 1866 1866 1866 1866 1866 1225 1225 1225 1898 1898 1898 120 1866 120 1866 1866 1866 1866
1641 1071 1148 1340 1340 1340 1340 1148 1148 1148 1148 1951 1951 1951 1951 1866 1951 1951 1951 1951
1338 980 980 1340 1340 1340 1340 1340 1148 1148 1148 1338 1951 1951 1951 1951 1951 1951 1951 1951
1208 1566 124 1208 1566 124 1208 1566 1566 22 1208 1566 22 129 1208 107 1275 1890 1208 1208
1071 145 1641 1071 1071 1071 145 145 1071 1340 1340 145 1071 884 1071 1071 1340 1340 1071 1071
1866 1866 1208 22 22 22 1566 1208 107 124 1890 1208 1208 107 107 1208 1566 124 1208 107
1340 1340 1340 1340 1340 1338 1148 1340 1340 1340 1951 1951 1148 1340 1340 706 911 911 1340 120
1148 1866 1898 1898 1898 1898 1866 1866 1866 1866 1866 1898 1898 1898 1898 1866 1338 1866 1866 1340
884 145 1071 1071 145 1641 129 1340 1340 911 911 911 911 911 911 1148 1148 145 1071 145
1071 145 1338 1071 1071 1340 1340 120 1071 1340 1340 145 145 1071 145 1071 145 1641 1071 1071
1340 1340 1340 1340 1340 1340 1340 1340 1340 1340 911 911 1340 1148 911 911 1148 1340 1340 1340
120 120 120 120 120 120 120 120 120 120 120 120 120 120 120 120 1849 1849 1338 1338
1148 1148 1148 1951 1951 1951 1340 1951 1951 1148 1148 1338 1148 1951 1951 1951 1340 911 1866 1866
1866 1866 1866 1866 1338 1866 1866 1866 1866 1898 1898 1898 1340 1340 1898 1898 1148 1148 1340 1951
1866 1866 1866 1866 1866 1866 1866 1866 1866 1866 1898 1338 1338 1338 1338 1898 911 1898 1148 1866
1338 980 980 1340 1340 1340 1340 1340 1148 1148 1951 1951 1951 1951 1951 1148 1951 1951 1951 1951
1898 1898 1849 1866 1866 1866 1866 1849 1866 1866 1866 1866 1866 120 120 120 120 1866 120 1866
706 1340 1340 1148 1340 1340 1340 1340 1340 1340 1340 1340 706 706 706 706 706 911 706 706
706 1148 1148 911 911 911 911 1148 1148 1338 1338 1338 1338 1148 1148 1148 1148 1148 1148 1148
22 22 22 1566 1208 107 124 1890 1208 1208 107 107 1208 1566 124 1208 107 124 1208 1566
911 1340 911 911 911 1338 1340 911 911 911 1338 1338 1340 911 911 911 1338 1866 1866 1866
120 120 120 120 120 120 1849 1849 1898 1898 120 120 120 120 120 120 120 120 120 120
1340 1340 706 911 980 1340 911 911 1148 1148 1340 1340 1340 1148 1148 1951 1951 1951 1951 1951
706 706 706 1340 1340 1340 706 1340 1340 1340 706 980 980 706 706 706 706 980 980 980
1148 1148 706 1340 1340 1148 1148 1951 1340 1951 1951 1951 1340 1951 1951 1951 1340 1340 1340 1340
1338 1148 1340 1340 1340 1340 1340 1340 1340 1340 1340 1340 706 120 911 1340 1340 706 1340 911
706 706 706 706 706 706 706 706 706 1340 1340 1340 706 706 706 980 706 706 706 706
1866 1866 1866 1866 1866 1866 1866 1849 22 22 22 1275 1208 107 1275 1890 1208 1208 107 107
22 22 22 1275 1208 129 1275 1890 1208 1208 129 107 1208 107 1275 1208 129 1275 1208 129
22 1275 1208 1566 1566 22 22 124 1890 107 1208 1566 124 1890 1208 1208 1566 1566 1208 1566
1148 1148 1148 1148 1951 1951 1951 1951 1148 1148 1338 1148 1951 1951 1951 1951 1951 1340 911 1148
1148 1148 1148 1340 706 911 911 1148 1148 911 911 1148 1148 1148 1148 1338 1338 1338 1338 1148
22 22 22 22 129 1208 107 1275 1890 1208 1208 107 107 1208 1275 1275 1208 107 1275 1890
1338 706 706 706 1340 1340 1340 1340 1340 706 911 911 911 706 980 911 911 706 980 980
706 911 911 706 706 1338 1338 1071 1641 1641 145 1071 1641 1071 145 1338 1338 706 706 911
1566 1340 124 1890 1208 145 1566 1566 1340 1641 1566 1340 124 1340 1340 1641 1566 1340 124 1208
1071 129 145 1071 1338 1340 1338 1340 1340 1340 1148 1148 1951 1951 1951 1951 1951 1951 1951 1951
145 1071 1340 1338 1340 1340 1340 1148 1148 1951 1951 1951 1340 1951 1951 1951 1951 1951 1340 1340
1340 1951 1340 1951 1340 706 1340 1898 980 980 980 1148 1148 1866 1866 1866 1866 1866 1866 1866
1890 145 1071 1071 1071 145 145 1071 884 145 1566 884 145 1071 1071 1566 884 884 1566 1866
1340 706 911 911 706 911 706 1340 911 911 911 1340 911 911 911 120 1148 1340 911 911
120 120 120 120 120 120 120 120 120 120 120 120 120 120 120 1148 120 120 120 120
1898 1898 1849 1866 1866 1849 1898 1866 1866 1866 1866 1866 1866 1866 1866 120 1866 1866 1866 1866
120 120 120 120 120 120 120 120 120 120 120 120 120 120 120 120 120 120 120 120
1148 1340 1340 1340 1340 1340 1340 1340 1340 1340 1340 1340 1340 1340 911 706 706 911 706 120
911 1148 1148 1148 1148 1951 1951 1951 1340 1951 1951 1148 1148 1338 1338 1951 1340 1340 1340 980
145 1071 145 1071 145 145 1071 911 911 1148 1148 911 911 1148 1148 1340 1340 1340 1340 1340
1071 129 145 1641 1071 1340 911 911 911 129 1641 1071 1340 1340 1340 1340 1148 1148 1148 1951
1148 1148 1148 1338 1338 1148 1951 1951 1951 1951 1951 1951 1951 1951 1951 1340 911 1148 1866 1866
120 120 120 120 120 120 120 120 120 120 120 120 120 120 120 120 120 120 120 1148
1225 1866 1866 1898 1898 1898 120 120 120 120 120 120 120 120 120 120 120 120 120 120
1208 129 1566 22 1890 107 22 1275 1208 129 1275 1890 1208 1208 107 107 1208 129 1275 1208
145 145 1071 145 1071 145 1641 1071 1340 1340 1071 1071 884 145 1071 145 1071 1890 1641 1071
706 706 706 706 706 1340 1340 1340 706 1340 1340 1340 706 706 1340 706 706 1340 1340 1340
1890 1208 1208 1566 1566 1208 1566 124 1208 1566 124 1208 1566 124 1208 1566 1866 1866 1866 1866
911 1148 706 911 911 911 1866 1340 911 911 911 1866 1340 911 911 911 1866 1866 1866 1338
911 706 911 1340 971 911 971 1338 1338 1071 1641 129 1340 911 129 145 1641 1641 129 129
1340 1340 1340 1340 1340 1148 1148 1148 1148 1951 1951 1951 1951 1951 1951 1071 1951 1951 145 884
22 22 1566 1208 1566 1208 1566 124 1890 1208 1208 1566 1566 1208 1566 124 1208 1566 124 1208
1208 1566 124 1208 1566 1148 124 1890 1641 1566 124 1890 1641 1566 1566 1890 1566 1340 1338 1340
22 22 22 1566 1208 107 1275 1890 1208 1208 1566 107 1208 1275 124 1208 129 124 1890 1208
1148 1898 1866 1866 1866 1866 1866 1866 1866 1866 1866 1866 1866 1866 1338 1338 1866 1338 1898 1898
1866 1866 120 1866 120 120 120 120 120 120 120 120 1849 1849 1898 1898 120 120 120 1866
1148 1148 1148 1340 706 911 911 1148 1148 911 911 1148 1148 1148 1148 1338 1338 1338 1338 1148
145 145 1071 145 1071 884 1338 1338 1340 1340 1340 1340 1340 1340 1338 1071 1340 1340 884 884
1866 1866 1866 1866 1866 22 22 22 22 22 124 1890 1566 124 1890 1208 1208 1566 1566 1208
1340 911 911 911 911 1148 1148 1148 1148 1340 1340 1340 1340 1340 1340 1148 1148 1148 1148 1071
980 911 911 1340 1340 911 911 911 1866 1148 1340 911 911 911 1866 1866 1340 911 911 911
1148 1148 1148 1148 1148 1338 1338 1148 1148 1951 1951 1951 1951 1951 1340 1951 1951 1951 1951 1951
911 1148 911 1148 1148 1338 1338 1148 1148 1148 1148 1148 1338 1338 1148 1951 1951 1951 1951 1951
1849 1898 1898 1898 1898 1898 1898 120 120 120 120 120 120 120 120 120 120 120 120 120
1898 1898 1898 1866 884 1641 129 129 884 129 1898 1866 1866 1866 1866 1338 1898 1866 1866 1866
1566 22 22 22 22 1566 1208 107 1275 1890 1208 1208 129 107 1208 107 124 1890 1208 107
706 1338 1641 1071 1071 145 1071 1338 1340 1340 1340 1340 1340 1340 1340 1148 1148 1340 1340 1340
1866 120 1866 1898 120 120 120 120 120 1866 120 1866 1866 1898 1898 1898 1898 1849 1866 1898
1340 1338 1338 1340 706 1340 706 911 1340 706 706 706 120 1340 911 911 911 1338 1340 911
1641 1071 976 1340 911 911 911 911 911 911 1148 1148 145 1071 145 1071 1071 1338 1071 145
120 1866 1898 1338 1338 1866 1338 1898 1898 1898 1849 1866 1866 120 1866 1866 1866 1866 1866 1866
1849 1898 1898 1866 1866 1866 1866 1866 1866 1866 1866 1866 1866 120 120 120 1866 1866 1866 120
1898 1866 1866 1866 1866 120 120 120 1866 1849 1898 1866 120 120 120 120 120 120 120 1866
1071 145 1071 145 1338 1071 1338 1071 145 145 1071 145 1071 145 1338 1071 1340 1340 1340 1340
1338 1641 1071 1340 1338 1340 911 1340 1340 1340 1340 1148 1148 1951 1951 1951 1951 1951 1951 1951
145 1071 706 706 706 706 1340 1340 1340 1340 1338 1338 145 1071 884 1338 1071 1071 1338 1071
1866 120 120 120 1849 120 120 120 120 120 120 120 120 120 120 120 120 120 120 1898
1340 911 911 1340 1340 911 911 911 1148 1340 911 911 911 1148 1148 1338 1338 1071 145 1071
1951 1951 1951 1951 1951 1340 1951 1951 1340 1340 1340 980 911 706 1340 911 1148 911 1148 1148
1641 107 1275 1641 107 1275 1208 107 1275 1641 107 1275 1641 129 976 971 971 911 1866 1866
911 980 706 911 120 1340 1340 911 911 911 1148 1340 911 911 911 980 1340 120 1340 1340
1071 1566 145 1566 1338 1340 1340 1340 1148 1148 1951 1951 1951 1951 1951 1951 1951 1951 1951 1340
1338 1338 1338 1338 1849 1898 1898 1898 1898 1898 1898 1866 1866 1866 1866 1866 1866 1866 1866 1866
1208 1208 1566 1566 1208 1566 124 1890 1208 1566 22 22 124 1890 1208 1566 124 1890 911 1340
1340 1340 1340 1340 1340 706 1340 706 1340 706 1340 911 1338 911 706 706 706 980 980 706
1071 129 1641 1071 129 1641 1071 129 145 1071 1340 1338 1340 1340 1340 1340 1340 1340 1340 1148
120 120 120 120 120 120 120 120 120 120 120 120 120 120 120 1849 1849 1866 1849 1338
129 1566 22 1890 107 22 1275 1208 129 1275 1890 1208 1208 107 107 1208 129 124 1208 129
22 22 22 1566 1890 1566 124 1890 1208 1208 1566 1566 1208 1566 124 1208 1566 124 1340 1208
1866 1866 1866 1866 1866 1866 1866 1866 1866 1866 1866 1866 1898 1898 1338 1338 1338 1338 1898 1340
1898 1338 1148 1866 1866 1866 1866 1338 1866 1866 1866 1866 1898 1898 1898 1898 1898 1898 1898 1148
1898 1898 1849 1898 1866 1866 1866 1866 120 1866 1866 1866 1866 120 120 120 1866 1866 120 120
1340 1340 1340 1148 1148 1951 1951 1951 1340 1951 1148 1951 1951 1951 1951 1340 911 911 1340 980
1340 1951 1951 1951 1951 1340 1951 1340 1340 980 911 1340 1340 911 911 1148 1148 1340 1340 1340
706 1340 1148 1148 1340 1340 1340 1340 1340 1340 1340 1340 1340 1340 1340 1340 706 1340 1340 706
1148 1148 1148 1071 1071 1340 1951 1951 1951 145 145 1071 145 1071 145 1338 1071 1951 1951 1071
911 911 124 22 1566 1208 107 124 145 1208 1208 1566 1566 1208 107 124 1208 1566 124 1208
1071 145 1338 1071 1340 1340 911 911 1148 1148 911 911 1148 1148 1340 1340 1340 1340 1340 1340
706 1340 706 706 706 1340 980 980 980 980 706 706 1340 1340 706 706 980 980 980 980
911 1275 1641 107 911 129 145 1641 107 129 145 1641 129 1340 976 976 1340 1148 1148 1951
1898 1898 1898 1849 1898 1866 1866 1866 1866 1866 1866 1866 1866 1866 1866 1866 1866 1866 1866 1866
1849 120 120 120 120 120 120 120 120 120 120 120 120 120 120 120 120 120 120 120
107 107 1208 107 124 1890 1208 107 124 1890 1208 1566 124 1890 1208 107 1275 124 1890 1208
1208 129 124 1890 1208 1208 129 1275 1208 1566 124 1208 129 124 1208 129 124 1890 1208 1566
980 1641 1071 1340 980 1641 129 1340 1340 1951 1340 1641 1340 1071 1340 1340 1340 1340 1340 911
911 911 1866 1866 1340 911 911 911 1338 1866 1866 1866 911 1340 911 911 1866 1866 1340 1340
1340 1951 1338 1148 1951 1340 1951 1951 1951 1148 1340 1340 1340 911 911 1340 120 1340 911 980
1866 1866 1898 1338 1338 1866 1338 1898 1898 1898 1898 1898 1866 1866 1866 1866 1866 1866 1866 1866
1340 145 1566 1340 124 1890 1641 145 1566 1566 1340 1641 1566 1340 124 1340 1340 1641 1566 1340
107 129 884 1641 129 129 884 107 1340 1338 1340 980 1340 1340 1340 976 1340 1148 1148 1951
1566 145 107 1275 1890 1208 1208 1566 107 1208 107 124 976 1208 1566 971 971 124 1208 107
1641 107 129 884 1641 129 129 884 107 1340 1338 1340 1340 1340 1340 1340 976 1340 1148 1148
1898 1898 1866 1338 1866 1866 1898 1898 1898 1148 1866 1866 1866 1866 1866 1866 1866 1866 1866 1866
1208 1208 107 107 1208 1566 124 1208 1566 124 1208 129 124 1208 1566 124 22 22 1566 1890
1071 145 145 1071 1148 1148 706 706 911 911 911 911 911 911 1641 1071 145 1338 1071 1338
706 1148 1148 1340 1340 1340 1340 1340 1340 1340 1340 1340 706 706 706 911 706 706 911 706
1866 1866 1866 1866 911 911 706 1340 1338 1338 1338 1338 911 911 706 1340 911 911 1148 1148
124 1890 1208 1566 124 1890 1208 1566 124 1566 1890 145 1566 124 1890 1641 1566 976 1340 911
1340 1340 1340 1340 1866 1866 1338 1338 1866 1866 1866 1866 1866 1866 1866 1866 1866 1866 1340 1340
1898 1898 1898 1849 1866 1866 1866 1866 1849 1866 1866 1866 1866 1866 1866 1866 1866 1866 1866 1866
911 911 1148 1148 1148 1148 1338 1338 1338 1338 1148 1148 1148 1148 1148 1148 1148 1641 1148 1338
911 1148 1148 1338 1338 1148 1148 1148 1148 1148 1338 1338 1148 1951 1951 1951 1951 1951 1951 1951
1071 884 1641 1071 1071 1338 1071 884 884 884 145 145 1071 1071 884 1338 1071 1340 1340 1340
1641 1340 1566 1148 1071 1641 107 129 1890 1566 1340 1338 1340 1340 1340 1148 1148 1951 1951 1951
1951 1951 1951 1951 1951 1951 1951 1951 1951 1148 1148 1148 1340 980 1340 1340 911 1340 1866 1340
706 1340 1340 1340 1340 706 911 911 1340 1340 911 911 911 120 1148 1340 911 911 911 120
120 120 120 1866 120 120 120 120 120 120 1849 1898 120 120 120 120 120 120 120 120
1338 1340 706 1340 1340 1340 1340 1340 1340 1340 1340 706 706 706 911 1866 911 706 706 706
1071 145 145 145 1071 145 1071 884 1338 1071 1340 1340 1340 1340 1340 1340 706 1340 1338 1071
1338 1148 1148 1951 1951 1951 1951 1951 1951 1951 1951 1951 1340 911 1148 1866 1866 1866 1866 1866
145 1071 145 1071 145 1338 1071 1340 1340 1340 1340 1338 1071 145 145 1071 145 1071 145 1641
1148 1340 1340 1340 1340 1148 1148 1951 1951 1951 1951 1951 1951 1951 1951 1951 1951 1340 120 1951
1340 706 1340 706 706 706 706 1340 706 706 1340 1340 911 911 706 1340 911 911 1338 1148
706 706 706 1148 1148 1340 1340 1340 1340 1340 1340 1340 1340 1340 1340 706 706 1340 706 706
1866 1338 706 706 706 1148 1148 1340 1340 1340 1340 1340 706 1340 1340 706 706 706 706 706
129 1866 1641 129 1898 1641 129 1866 1208 129 120 120 1866 120 120 120 120 120 1866 1866
1566 124 1641 1566 1275 1890 1641 1566 1275 1890 1641 1566 1148 1340 1340 1340 1340 1148 1849 1148
1208 129 1566 22 1890 107 22 1275 1208 129 1275 1890 1208 1208 107 107 1208 129 1275 1208
1890 1566 124 1890 1208 1208 1566 129 1208 1566 124 1208 107 124 1208 1566 124 1208 1566 1275
1866 1866 1866 1866 1866 1866 1208 1849 22 22 1275 1208 107 1275 1208 1208 1208 1275 107 1208
1275 1208 107 1275 1208 1208 1208 107 107 1208 107 124 1208 107 1275 22 22 1208 129 1275
1566 1208 107 1275 1890 1208 1208 129 129 1208 1275 124 1208 129 124 1890 1208 107 124 1890
1866 1866 1866 1866 1866 1866 1866 1866 1148 1148 1866 1866 1866 1866 1898 1898 1898 1898 1338 1338
980 1340 1340 1148 1148 1148 1148 1148 1951 1951 1951 1951 1951 1951 1951 1951 1866 1951 1951 1951
1340 1951 1951 1340 1340 1340 706 911 980 1340 911 911 1148 1148 1340 1340 1340 1148 1148 1951
145 1071 884 1338 1071 1340 1340 911 911 1148 1148 911 911 1148 1148 1340 1340 1340 1340 1340
1866 1866 1866 1866 1866 1866 120 120 1866 1866 1866 1866 1866 1866 1866 1866 1225 1898 1641 1898
22 22 22 22 1566 1208 107 1275 1890 1208 1208 129 107 1208 107 124 1890 1208 107 124
706 706 706 980 980 980 706 706 706 706 980 706 706 980 980 980 980 980 980 706
1338 1148 1148 1148 1148 1148 1338 1338 1148 1951 1951 1951 1951 1951 1951 1951 1340 1951 1340 706
1566 1208 107 1275 1890 1208 1208 129 107 1208 107 124 1890 1208 107 124 1890 1208 107 1275
1148 1148 1148 1148 1071 1566 1148 1148 1890 145 1890 1566 145 1566 145 1641 1566 124 1566 145
1898 1849 1898 1866 1866 1866 1866 120 120 120 1866 1866 1866 120 1849 1866 120 1866 1866 1866
911 145 1071 145 1338 1071 1338 1071 145 145 1071 1340 1340 1340 1340 1340 1340 1340 1340 1148
1849 1849 1148 120 120 120 120 120 120 120 120 120 120 120 120 120 120 120 120 1866
1340 1866 1866 1338 1338 1866 1866 1340 1340 911 911 911 911 911 911 1866 1866 1866 1866 1866
1338 1071 1148 1148 1340 1340 911 911 911 911 1148 1148 1340 1340 1340 1340 1340 1340 1148 1148
120 120 120 120 120 120 120 120 120 1866 1866 1849 1849 1866 124 129 1208 107 1275 1208
1338 1866 1866 1866 1866 706 706 1340 1340 1340 1340 1340 1148 1148 1951 1951 1340 1951 1951 1951
1071 1641 1071 120 120 1148 1148 120 120 1338 1338 1340 1340 911 911 911 911 911 911 1866
1340 1340 1340 1340 1340 1340 1340 1340 1340 1340 1340 1340 1340 1340 1340 1338 1338 1071 145 1071
911 911 911 911 911 1866 1866 1866 1866 1866 1866 1340 1340 911 911 911 911 911 911 706
1641 1566 1338 1890 1641 1071 1148 1340 1340 1340 1340 1148 1148 1148 1148 1951 1951 1951 1951 120
22 22 22 1566 1890 1566 124 1890 1208 1208 1566 1566 1208 1566 124 1208 1566 124 1340 1208
1148 1951 1951 1951 1340 1951 1951 1951 1951 1951 1340 911 1148 1866 1148 1866 1340 1340 1866 1866
1866 1866 1866 1866 120 1866 1866 1866 1866 1866 1866 1866 1898 1898 1898 1866 1866 1338 1338 1898
1340 1340 145 1071 145 145 145 1071 145 1641 1071 1340 1340 1071 1071 145 145 1071 145 1071
120 120 120 120 120 120 120 120 120 120 120 120 120 120 120 120 120 120 1148 120
706 706 1340 706 706 1340 1340 1340 1340 1340 1340 1340 1340 1340 1340 1340 1340 706 706 1340
107 1275 22 22 1208 107 1275 1208 129 129 22 22 1566 1890 107 1208 107 1275 1890 1208
120 120 120 120 120 120 120 120 120 120 120 120 120 120 120 120 120 120 120 120
1340 706 1340 1148 911 706 706 911 706 1340 911 911 911 1338 1340 911 911 911 1338 1340
129 1641 129 1338 1641 129 980 1641 129 911 911 1338 911 911 911 911 1641 129 911 911
124 1208 107 124 1890 1208 107 124 1890 1208 107 124 1890 1208 1566 1566 1890 107 22 1340
120 120 120 120 120 120 120 120 120 120 120 120 120 120 120 120 1849 120 1338 1338
1340 1951 1951 1951 1951 1951 1951 1951 1951 1951 1951 1338 1338 1566 145 1566 1951 1340 124 1890
107 1275 1890 1208 1208 107 129 1208 129 1275 1208 107 1275 1208 129 1275 1208 129 129 22
124 1208 1566 124 1208 1566 124 1208 1566 1566 22 1208 1566 22 129 1208 107 1275 1890 1208
1866 1866 1866 1866 1866 1866 1866 120 120 120 1866 120 120 120 120 120 1849 1898 1898 1866
1898 1898 1898 1898 1898 1898 1898 1898 1898 1898 1148 1866 1866 1866 1866 1866 1866 1866 1866 1866
1208 1208 107 107 1208 107 1275 1208 107 1275 1208 107 1275 1208 107 1275 1208 1275 22 1275
