2004 818 818 818 818 570 2004 1536 570 1871 4433 1831 1871 570 4433 1831 1871 4910 1767 1871
1767 1871 4208 1767 4910 1767 4208 1767 4208 4208 1767 1767 570 4208 1767 4208 4208 1767 4910 1767
818 570 4433 175 175 1601 2004 818 818 818 818 570 2004 1536 570 4208 4433 1871 4910 4910
1871 4208 1767 4910 1767 1767 4910 4208 4910 1767 1767 1767 4910 570 4208 1767 4910 1767 1767 1767
4208 4910 4208 1601 4910 1831 1601 570 4208 1601 4208 4208 1767 4208 1601 1601 570 1601 1536 1601
818 818 818 818 570 2004 1536 570 4208 4433 1831 1831 1831 4433 1831 1831 1871 1767 1831 1831
3946 3946 1601 818 570 2004 818 570 1831 1601 4208 1831 4208 1601 4208 1831 4208 1601 4208 4208
1767 4910 1767 1871 1767 4910 1767 4910 4208 1767 570 4910 1767 4910 4208 1767 1767 1767 570 1767
818 4433 2004 1767 818 818 3552 3946 3552 3552 3552 3552 3946 3946 3552 3552 3552 3552 1474 1474
818 1536 1536 1536 1536 818 1536 1767 818 1536 1601 1536 1536 1767 818 1536 1601 3946 3946 3946
4208 1767 1767 1871 570 1871 1767 4208 1767 1767 1871 1767 1871 1767 1871 1871 1767 1871 1767 1871
1536 1601 1536 1536 4433 818 570 4433 175 175 1601 2004 818 818 818 818 570 2004 1536 570
4208 1767 4208 1767 1767 570 1767 1767 1767 1767 1601 1536 3946 3946 3946 3946 3946 3946 3946 3946
3946 3946 3552 3552 3552 1474 3552 3552 3552 1474 1536 4433 818 570 4433 175 175 1601 2004 818
570 1871 1767 1767 570 1767 4433 175 2004 818 570 818 2004 1601 818 818 1536 2004 818 570
1871 1871 1767 4910 1871 1767 1767 1767 1871 570 4208 4208 1767 1767 1871 1767 1767 570 1767 1767
818 818 570 2004 1536 570 4208 4433 1831 1831 1831 4433 1831 1831 1831 1601 1831 1831 1601 1601
1767 4208 1767 4208 1767 4208 1767 4208 1767 1767 4910 4910 1767 570 4910 1767 4208 4910 1767 4910
4208 4208 1767 570 4208 1767 4208 1767 1767 1767 1767 570 1767 1767 175 2004 818 3946 3946 570
1767 570 1871 1767 4910 4208 4208 1767 1871 1767 1871 4208 1767 570 1767 1767 1767 1767 2004 818
1871 1871 1536 1767 1871 1871 4910 1767 1831 1871 1601 818 1767 1871 1767 570 570 1767 4208 4910
3946 3946 3552 3552 3552 3552 3552 3552 570 818 2004 1767 818 818 3946 3946 3552 3552 3552 1474
4910 1871 4433 1767 1871 4910 4910 570 1831 4433 1767 1871 1767 570 1767 4208 4208 4208 1767 1767
1767 570 1767 1767 1601 175 2004 818 1474 3946 3946 570 818 2004 1601 818 818 1474 1474 3552
1601 818 818 1474 1474 3552 4433 818 1536 4433 1601 818 818 4433 818 3552 4433 818 1536 4433
1767 570 1767 1767 175 2004 818 3946 3946 570 818 2004 1601 818 818 1474 1474 1474 1536 4433
1536 570 1831 4433 1831 1831 1831 4433 1831 1831 1831 1601 1831 1831 1601 1601 1831 1767 570 4208
2004 1601 818 818 1536 4433 818 570 4433 175 175 1601 2004 818 818 818 818 570 2004 1536
818 570 2004 1536 570 4208 4433 4910 4910 4910 4433 4910 4208 4910 1767 4910 4910 1767 4910 570
1767 1871 4208 1767 570 1871 1767 4910 4208 1767 1767 1767 570 1767 1767 1767 175 2004 818 1474
1871 1871 1871 1767 1871 1871 1767 1831 570 1767 1767 1871 4208 1767 1767 1871 1767 1767 570 1767
175 2004 818 570 818 2004 1601 818 818 1536 4433 818 570 4433 175 175 1601 2004 818 818
4208 1767 1871 570 4208 4208 1871 4208 1767 570 1767 1767 1767 1601 818 3946 3946 3946 3946 3946
1767 570 1871 1767 1767 570 1601 4433 175 2004 818 570 818 2004 1601 818 818 1536 2004 818
175 175 1601 2004 818 818 818 818 570 2004 1536 570 4208 4433 1831 1871 1871 4433 1871 1871
818 570 2004 1536 570 4208 4433 1831 1831 1871 4433 1871 1871 1831 1767 1831 1831 1767 1831 1767
818 818 570 2004 570 570 1871 4433 4208 1831 1831 4433 1831 1871 1831 1767 4208 4208 1767 1767
3552 3552 4433 4910 4910 4910 4433 1871 4910 4910 1767 1871 4910 1767 1871 570 1767 1767 4910 4910
1767 4208 1601 1601 570 1601 1601 1767 1601 175 2004 818 570 818 2004 1601 818 818 1536 4433
1536 3552 4433 818 1536 4433 1601 818 1536 1601 1536 1536 4433 818 570 4433 175 175 1601 2004
1767 1767 570 1767 1767 1767 175 1601 818 1474 3946 3946 570 818 4433 2004 1767 818 818 1474
1474 570 570 1871 570 1474 3946 3946 3946 3946 3946 1474 570 570 1474 1474 570 1474 1474 1474
818 818 818 570 2004 818 570 4208 4433 1871 1871 1871 1536 1767 1871 1871 1831 1767 4910 4910
1474 3946 3946 570 818 4433 1601 1767 818 818 1474 1474 3552 4433 818 1536 4433 1601 818 818
818 4433 2004 1767 818 818 3552 3946 3552 3552 3552 3552 3946 3946 3552 3552 3552 3552 1474 1474
818 570 2004 1536 570 4208 4433 1871 1831 1871 4433 1831 1831 1871 1767 1871 4910 1767 1767 1767
1767 175 1601 818 1474 570 818 4433 2004 1767 818 818 3552 3946 3552 3552 3552 3552 3946 3946
570 570 570 570 1474 3946 3946 3946 3946 3946 1474 1474 1474 570 570 570 1474 1474 1474 1474
4910 1767 4208 4910 1601 1601 570 4208 1767 1871 4208 1767 1831 1767 1831 1767 570 4910 1767 4910
2004 1536 570 4208 4433 4910 4910 1871 4433 1871 4910 4910 1767 1831 1831 1767 1767 1767 4910 570
3552 3552 3552 3552 2004 818 3552 3552 4433 175 175 1601 2004 570 818 818 818 570 2004 570
4433 175 1601 1601 2004 818 1536 818 1536 570 2004 1536 570 1871 4433 1831 4910 4910 4433 4910
1871 1767 1601 1601 1871 570 4208 4208 1767 1767 4208 1767 1601 570 1601 1601 1767 1767 175 2004
570 1474 3946 1474 3946 1474 570 570 1474 1474 1474 1474 1474 1474 1474 1474 1474 1474 1474 1474
2004 1601 818 818 1474 1474 1536 4433 818 1536 4433 1601 818 818 4433 818 3552 4433 818 1536
4208 4433 1871 1831 1871 4433 1831 1831 1871 1767 1871 1871 1767 1767 1831 1767 570 4208 4910 1767
1536 1767 1871 1831 1871 1601 1601 818 818 1767 1871 1871 1871 1767 4208 1871 1601 818 1767 1871
570 570 570 1474 570 3946 3946 1474 2004 1536 4433 818 570 1601 175 175 1601 2004 818 818
570 1871 570 1474 3946 3946 3946 1474 3946 3946 3946 1474 570 570 570 1474 1474 1474 1474 1474
1767 4910 4910 1767 1767 1767 4910 570 4208 4910 1767 1767 4208 4208 4208 1767 1767 4910 570 1767
1871 4910 1767 4910 1767 1871 1767 1871 1767 1767 570 1767 1767 1767 1767 570 4910 1871 4910 4910
1767 3552 1767 1767 1767 1767 570 1871 1871 4910 4910 4910 1767 570 1871 4910 1767 1767 1767 570
4208 570 4208 1601 4208 4208 1767 1601 1601 570 1601 1601 1601 175 2004 818 1474 3946 3946 570
4208 1767 1601 1831 570 1767 1831 1767 1831 1767 1831 1601 1831 1601 1831 4208 1601 4208 1767 570
3552 3552 3552 3552 3552 3552 3946 3552 3552 3946 3946 3946 3552 3552 3946 3946 1474 1474 1474 1474
4433 1831 1831 1831 4433 1831 1831 1831 1767 1831 1831 1767 1601 1601 1831 570 1831 4208 1767 1767
570 818 2004 1601 818 818 3552 4433 818 570 4433 175 175 1601 2004 818 818 818 818 570
1767 175 2004 818 3946 3946 570 818 4433 2004 1767 818 818 1474 1474 1536 4433 818 1536 4433
1601 818 570 3552 3552 3552 3552 3552 3552 3552 3946 3552 3552 3946 3946 3946 3552 3552 3946 3946
1536 1536 4433 1536 1474 1474 3552 4433 1536 570 4433 1871 1536 1536 818 818 818 1474 1474 1536
1536 4433 1536 1536 818 4433 818 3552 4433 1536 1536 4433 1536 818 1536 1536 1536 3552 4433 818
1871 1767 1767 1871 1871 4910 1767 1831 1871 570 1767 1831 1767 1831 1767 1831 1767 4910 1767 4208
4433 175 175 1601 2004 818 818 818 1536 570 2004 1536 570 1871 4433 1871 4910 4910 4433 4910
1767 1871 4910 1871 1767 1767 1871 570 1767 1871 1767 1871 4910 1831 1601 1767 1871 1767 1871 4910
1767 1871 1767 1871 1767 4208 1767 1831 1767 4208 1767 1871 4208 4208 1767 570 4208 4208 1767 4208
4208 1767 1767 1831 1767 4208 4910 1767 1767 1871 570 4208 1767 1831 1871 1767 1767 1767 1871 1767
570 1871 4433 1871 1871 1871 4433 1871 1871 1767 1871 1871 1871 1767 1767 1871 570 1871 1767 1767
818 570 4433 175 1601 1601 2004 818 1536 818 1536 570 2004 1536 570 1871 4433 4910 4910 1871
1767 3552 3552 1871 1767 1767 1871 4910 1767 1767 4910 1767 1871 1767 1871 4910 1767 1767 1871 570
1474 1474 1474 3552 3552 3552 3552 3552 3946 3946 1474 1474 3552 4433 818 570 4433 175 1767 1601
1767 4208 1767 4208 1767 1767 4910 4910 1767 570 4910 1767 4208 4910 1767 4910 4910 1767 4910 1767
1536 1536 4433 1536 3552 4433 818 1536 4433 1601 818 1536 4433 1601 1536 4433 1601 1536 1536 4433
1536 1536 1536 570 1536 1601 1601 1601 1536 1474 1536 570 1536 2004 1536 818 818 1536 1767 1601
1871 3552 3552 3552 3552 3552 3552 3552 3552 3552 3552 3552 570 3552 3552 3552 3552 3552 1474 1536
1767 4910 4910 4910 4433 4910 4208 4910 1767 4910 4910 1767 4910 570 1767 1767 4208 4208 1767 1767
2004 1601 818 818 1767 818 1474 1474 3552 1536 818 1536 1536 1536 818 818 1536 1536 3552 1536
4910 4910 1871 4433 4910 1871 4910 1767 1871 1871 1767 1767 1767 1871 570 4208 4208 1767 1767 4208
1767 4910 4208 4910 1767 1767 1767 4910 570 4208 1767 4910 1767 1767 1767 1601 570 1767 1767 175
3552 3552 3552 3552 1767 3552 3552 3552 3552 1767 3552 1767 3552 3552 1767 3552 1767 570 1767 3552
1474 570 570 1871 1871 1474 3946 3946 3946 3946 3946 1474 3946 1474 570 570 570 1474 570 570
3552 3552 3552 3552 3552 3552 3552 3552 3552 3552 3552 3552 3552 3552 4433 3552 3552 3552 4433 3552
570 570 1601 4208 4910 1767 4208 1767 1767 1767 1601 175 175 1601 2004 570 818 818 818 818
3552 3552 3552 3552 3552 3552 3552 3552 3552 3552 3552 3552 3552 3552 3552 3552 3552 3552 3552 3552
1536 1536 570 2004 3552 570 1871 4433 1871 1871 1871 4433 1871 1871 1767 1871 1871 1871 1767 1767
1536 1474 3552 3946 3552 3552 3552 3552 3552 3552 3552 3552 3552 3946 3946 1474 1474 3552 3552 4433
818 570 4910 4433 1871 1871 1871 1536 1767 1871 1871 1831 1767 1831 1831 1601 818 1767 1871 1767
4910 570 1474 3946 3946 3946 3946 3946 3946 3946 1474 570 570 570 570 1474 1474 1474 1474 1474
1767 818 1536 1474 1474 3552 4433 1536 1536 4433 1536 818 1536 4433 818 3552 4433 818 1536 4433
1474 1474 1474 1474 1474 1474 1474 1474 1474 3946 3946 1474 1474 570 1601 818 570 1767 175 175
818 4433 2004 1601 1601 818 818 1536 1474 1474 1474 3552 4433 1536 1536 4433 1601 818 818 4433
818 1536 4433 1536 818 1536 4433 818 3552 4433 1536 1536 4433 1601 1536 1536 1536 1536 3552 4433
3552 3946 3946 1474 1474 3552 4433 818 570 4433 175 175 1601 2004 818 818 818 818 570 2004
570 4208 4433 1871 4910 4910 4433 4910 4208 4910 1767 1871 4208 1767 1767 1767 4910 570 4208 4910
1767 1871 1767 1871 4910 1767 570 1871 1767 1831 4910 4910 1767 1871 1767 1871 4208 1767 570 1767
3552 3552 3552 3552 3552 3552 3552 3552 3552 3552 3552 3552 3552 3552 3552 3552 3552 3946 3552 3552
3946 3946 1474 570 1474 1474 1474 1474 1474 1474 1474 1474 1474 1474 1474 1474 1474 1474 1474 3946
4910 1871 570 1767 4910 1767 1871 1871 1767 1871 1767 4910 1767 1831 4208 1871 1767 1767 570 4208
4208 1871 570 1767 1831 1767 1871 1767 1831 1767 1831 1767 1831 4208 1871 1767 1767 1767 570 4208
4910 4910 4910 4433 4910 4208 4910 1767 1871 4910 1767 1767 1767 4910 570 4208 4910 1767 1767 4208
1767 1767 4208 1767 4910 1767 1871 1767 1871 4208 4208 1767 570 4208 1601 1871 1767 1767 1767 1767
2004 1601 818 818 1536 4433 818 570 4433 175 175 1601 2004 818 818 818 818 570 2004 570
1767 1767 570 1767 1767 1767 1767 175 2004 818 570 818 2004 1601 818 818 3552 4433 818 570
3946 3946 3946 1474 570 570 1474 1474 1474 1474 1474 1474 1474 1474 1474 1474 1474 1474 1474 1474
1767 4208 1871 1767 1767 4208 1871 4208 1767 1831 1871 1767 1767 1767 1871 1767 1767 1767 175 2004
3552 3552 3552 3552 1474 3552 3552 3552 3552 1474 1474 3552 3552 1474 1474 3946 1474 1474 1474 1474
1871 4910 1767 1871 570 1871 1767 1767 1871 4910 1767 4910 1767 1831 1767 1871 1767 1767 570 1767
1767 570 1767 1767 1767 175 2004 818 3946 3946 570 818 4433 2004 1601 1601 818 818 570 1474
1767 1536 3552 1474 3552 1536 1536 1536 4433 1536 1536 1536 4433 818 3552 4433 818 1536 4433 1601
570 570 570 3946 3946 1474 2004 1536 4433 818 570 4433 175 175 1601 2004 818 818 818 818
1767 1767 1871 1767 1767 570 1767 1767 1767 1601 175 175 818 570 818 2004 1601 818 818 1767
3552 1536 1536 3552 1536 3552 4433 1536 1536 4433 1536 1536 3552 1536 1536 1536 4433 1536 1536 3552
175 2004 818 3946 3946 570 818 2004 1601 818 818 1767 818 1474 1474 3552 1601 818 1536 1601
4208 4910 1767 1871 1601 4910 4208 4208 1767 1767 4910 570 1767 4910 1767 1871 1767 4910 1767 4910
570 818 2004 1601 818 818 1536 4433 818 570 4433 175 1601 1601 2004 818 818 818 818 570
1767 4910 4910 1871 1767 4910 570 1871 1767 1767 1871 4910 1767 1767 4910 1767 1871 1767 1871 4910
4910 4433 4910 4910 1871 4433 4910 1871 4910 1767 1871 1871 1767 1767 1767 1871 570 4910 4910 1767
1871 1767 1871 1831 1767 1871 570 1767 1767 4208 1871 1767 1767 1831 1871 1871 1767 4208 4910 570
3552 2004 3552 3552 1871 4433 4910 4910 1871 4433 1871 1831 1831 1767 1871 4910 1767 1871 570 1767
570 570 570 570 570 1474 570 1474 1474 3946 3946 1474 1474 1536 1601 818 570 1601 175 175
570 1871 4433 1871 1871 1871 4433 1871 1871 1767 1871 1871 1871 1767 1767 1871 570 1871 1767 1767
1871 4910 1767 1767 1871 570 1767 4910 1871 1767 1767 1871 1831 4910 1767 1871 570 1871 1767 1767
1474 570 570 570 570 1474 1474 1474 1474 1474 3946 3946 1474 1474 1536 1601 818 570 1601 175
1871 1767 1831 1767 570 1871 1767 1871 4208 4208 1767 1871 1871 1767 1767 1871 1767 1767 1767 1767
3552 3552 3552 3552 3552 3552 3552 3552 3552 3552 3552 3552 3552 3552 3552 3552 3552 3552 3552 3552
1767 1871 1767 570 4910 4208 4208 1601 1767 4910 4208 4910 1767 1767 1871 570 1767 4910 1767 4910
1474 1474 570 1474 1474 570 1474 1474 1474 1474 3946 3946 1474 1474 1536 2004 818 570 1601 175
1474 3946 3946 3946 3946 3946 3946 3946 1474 570 570 570 570 1474 1474 1474 1474 1474 1474 1474
3552 3552 3552 3552 3552 3552 3552 3552 3552 3552 3552 3552 3552 3552 3552 3552 3552 3552 3552 3552
818 2004 1601 1536 818 1474 1474 3552 3552 1536 3552 3552 1536 1536 1536 4433 1536 3552 4433 1536
1767 1871 1767 1871 4208 1767 570 1767 1767 1767 1767 2004 818 3946 3946 3946 3946 3946 3946 3946
1767 1871 4208 1767 1871 1767 1767 570 1767 1767 1767 1767 1601 570 1474 3946 3946 3946 3946 3946
1767 1871 1767 570 4910 4208 4208 1601 1767 4910 4208 4910 1767 1767 1871 570 1767 4910 1767 4910
1474 570 3946 3946 1474 1474 1536 2004 818 570 4433 175 175 1601 2004 818 818 818 818 570
2004 818 818 818 818 570 2004 1536 570 4208 4433 1831 1831 1831 4433 1831 1831 1871 1767 1831
3946 1474 570 570 1474 1474 1474 1474 1474 1474 1474 1474 1474 1474 1474 1474 1474 1474 3946 3946
1767 570 1767 4208 4208 4208 1767 1767 570 1767 1767 1767 1601 175 2004 818 570 818 2004 1601
1767 1871 570 1871 1767 1767 1767 1871 1871 1871 1871 1767 1871 1871 570 1767 1871 4910 1767 1871
570 1536 1536 1601 1601 1601 570 818 570 818 2004 1536 818 818 1536 1767 1601 818 4433 3946
818 818 1767 1767 1767 570 1767 175 2004 818 570 818 2004 818 570 4208 2004 1767 818 818
1767 1871 1831 1767 1767 1767 1871 570 4208 4208 1767 1767 4208 4208 4208 1767 4910 4910 570 1767
1474 1474 1474 1474 570 1474 1474 1474 1474 1474 3946 3946 1474 1474 1536 2004 818 570 4433 175
4208 1767 1767 1767 1601 175 175 1601 2004 570 818 818 818 818 1767 1767 1767 570 1767 175
1767 4208 4208 1767 1767 1767 1871 1767 1767 1767 175 2004 818 1474 3946 3946 570 818 2004 1601
1871 4433 1871 4910 1871 4433 4910 1871 1871 1767 4910 4910 1767 1767 1767 4910 570 4910 4910 1767
3552 3552 3552 3552 4433 3552 3552 3552 3552 1601 3552 3552 3552 3552 1601 3552 3552 3552 3552 3552
570 1871 4208 1767 1767 4910 1767 1767 570 1767 1767 1767 1767 175 2004 818 570 818 2004 1601
4208 1767 1871 4208 1767 1767 1767 570 1767 1767 1767 175 2004 818 1474 570 818 2004 1601 818
1601 1536 1536 4433 3946 3946 1536 1536 3552 4433 818 570 4433 175 1601 1601 1601 818 818 818
2004 3552 570 4910 4433 1831 1831 1831 4433 1871 1871 1871 1767 1831 1831 1767 1767 1871 1767 570
1767 570 1767 1767 1767 1767 175 1601 818 570 818 2004 1601 818 818 3552 4433 818 570 4433
4433 818 1536 4433 1601 818 1601 1601 1601 3552 4433 818 570 4433 175 1601 1601 2004 818 818
3552 3552 1871 1767 4910 1871 4910 1767 1767 3552 1767 1767 1767 1767 175 3552 1536 570 1536 2004
3552 1767 1767 1767 1767 570 1871 1871 4910 4910 4910 1767 570 1871 4910 1767 1767 1767 570 1767
1767 3552 3552 3552 3552 3552 1601 570 1871 3552 3552 1767 1767 570 1601 1767 175 2004 818 1474
570 818 2004 1601 818 818 1536 4433 818 570 4433 175 1601 1601 2004 818 818 818 818 570
4208 1767 4208 4208 1767 1767 1767 570 1767 1767 1767 175 2004 818 1474 3946 3946 570 818 2004
818 570 818 2004 1601 818 818 3552 4433 818 570 4433 175 1601 1601 2004 818 818 818 818
4208 4433 1831 1831 1831 4433 1831 1831 1831 1767 1831 1831 1601 1601 1601 1831 570 1831 4208 1767
1871 1871 1767 1871 1871 1767 1767 1767 1871 570 4208 4208 1767 1767 4208 1767 1871 1767 1767 1767
1767 1871 570 1767 4910 1871 1767 1767 1871 1871 4910 1767 1871 570 1871 1767 1767 1871 4910 1767
4433 1536 1536 1536 4433 818 1536 4433 818 1536 4433 1601 818 1536 4433 1601 1536 4433 1601 1536
1767 1767 1767 1601 570 1767 1767 175 2004 818 1474 3946 3946 570 818 4433 2004 1601 818 818
1871 1767 1871 4208 1767 4910 1767 1831 1767 1831 4208 1767 1767 570 4208 1767 4910 4208 4910 1767
3946 3946 1601 1536 3946 3946 1474 1474 570 1474 1474 1474 1474 1474 1474 1474 1474 1474 1474 1474
818 818 818 570 2004 1536 570 4208 4433 1871 1831 1871 4433 1831 1871 1871 1767 4910 4910 1767
1536 3552 4433 1536 1536 3552 4433 1536 570 4433 175 1601 1601 2004 1536 818 1536 1536 570 2004
818 570 2004 1536 570 4910 4433 4910 4910 1871 4433 4910 1871 1831 1767 1871 1871 1767 1767 1767
4910 1767 1871 1601 4910 4208 4208 1767 1767 4910 570 1767 4910 1767 1871 1767 4910 1767 4910 1767
818 4433 2004 1767 818 818 1767 818 3946 3946 1474 1474 3552 4433 818 1536 4433 1601 818 818
1767 4208 1767 4910 1767 4208 1767 4208 1767 1831 4910 4208 1767 1601 570 4208 1767 4208 4208 1767
818 1536 1601 1536 1536 4433 818 570 4433 175 175 1601 2004 818 818 818 818 570 2004 1536
4910 1767 1831 1871 570 1767 4208 1767 1831 1767 1831 1767 1831 1767 4208 4208 4910 1767 1767 1767
570 1767 1767 1767 175 2004 818 3946 3946 570 818 4433 2004 1601 1601 818 818 570 1474 570
818 570 4433 175 175 1601 2004 818 818 818 818 570 2004 1536 570 4208 4433 4910 4910 1871
3552 2004 3552 3552 1536 1474 3552 3946 3552 3552 3552 3552 3552 3552 3552 3552 3552 3946 3946 1474
4208 4208 1601 4208 1767 570 1767 1767 1767 1767 2004 818 3946 1474 1474 3946 3946 3946 3946 3946
570 1871 570 1474 3946 3946 3946 3946 3946 3946 3946 1474 570 570 570 570 1474 1474 1474 1474
4433 175 1601 1601 2004 818 818 818 818 570 2004 1536 570 1871 4433 1871 4910 1871 4433 1871
570 570 1474 570 3946 3946 1474 2004 1536 4433 818 570 4433 175 175 1601 2004 818 818 818
3946 3946 3946 1474 570 570 1474 1474 1474 1474 1474 1474 1474 1474 1474 1474 1474 1474 1474 1474
570 1767 1871 1767 4910 1767 1871 1767 1871 1767 1871 4910 1767 1767 570 4910 1767 4910 1767 1767
1601 2004 818 818 818 818 570 2004 818 570 4910 4433 1871 1831 1871 3552 1601 4910 4910 570
1601 1601 1601 175 2004 818 1474 3946 3946 570 818 2004 1601 818 818 1474 1474 1536 4433 818
570 570 570 570 570 570 570 1474 1474 3946 3946 1474 2004 1536 4433 818 570 4433 175 175
1601 818 1536 1536 1536 1536 4433 818 570 4433 175 1601 1601 2004 818 818 818 818 570 2004
4208 4208 4208 4433 1831 1871 4208 1767 1831 1831 1767 1767 1831 570 1601 4208 4208 1767 1767 4208
1474 3946 3946 570 818 2004 1601 818 818 1474 1474 3552 4433 818 1536 4433 1601 818 818 4433
3552 3552 3552 3552 3552 3552 3552 3552 3552 3552 3552 3552 3552 3552 3552 3552 3552 3552 3552 3552
3552 3552 3552 3552 3552 1474 3552 3552 3552 3552 1474 1474 3552 3552 3946 1474 3946 1474 1474 1474
1767 175 2004 818 570 818 2004 1601 818 818 3552 4433 818 570 4433 175 175 1601 2004 818
3552 3552 3552 3552 3552 3552 3552 3552 3552 3552 3552 3552 3552 3946 3552 3552 3552 3552 3552 3552
4433 818 570 4433 175 175 1601 2004 818 818 818 818 570 2004 570 570 4208 4433 1831 1831
3552 3552 3552 3552 3552 2004 1767 3552 1536 1474 3552 3946 3552 3552 3552 3552 3552 3552 3552 3552
175 1601 818 1474 3946 3946 570 818 2004 1601 818 818 1601 818 570 1474 3552 1601 818 1536
1767 570 1767 1767 1767 175 2004 818 1474 3946 3946 570 818 2004 1601 818 818 1474 1474 3552
1871 4910 1871 1767 4910 4910 1767 1767 1871 570 1767 4910 4910 1767 1767 1871 1767 1767 570 1767
3552 3552 3552 3552 3552 3552 3552 3552 3552 3552 3552 3552 3552 3552 3552 3552 3552 3552 3552 3552
1767 175 175 1601 2004 818 818 818 818 570 2004 1536 570 4208 1536 1601 1831 4910 1536 1601
570 570 570 570 1474 3946 3946 3946 3946 3946 3946 1474 1474 570 570 1474 1474 1474 570 1474
2004 818 818 818 818 570 2004 1536 570 4910 4433 1871 1831 1871 4433 1767 1871 4910 4910 570
570 1767 1767 1871 1767 570 1871 1767 1871 1767 1767 1601 818 3946 3946 1767 1536 3946 3946 3946
1767 4910 1767 570 4910 1871 1767 1767 1871 4910 1871 4208 1767 1767 1831 570 1767 1871 1767 1871
1767 1871 570 1767 4208 1871 1767 1767 1871 1871 4208 1767 1767 1871 1871 570 4910 1767 1767 4910
3552 1767 3552 3552 3552 1767 1767 1767 3552 1767 1767 1601 3552 3552 3552 3946 3946 3552 1474 1474
4910 570 1474 3946 3946 3946 3946 3946 3946 3946 1474 570 570 570 570 1474 1474 1474 1474 1474
2004 3552 570 4910 4433 1831 1831 1831 4433 1871 1871 1871 1767 1831 1831 1767 1767 1871 1767 570
1767 1871 1871 2004 1601 818 818 1767 1601 1871 570 1767 1871 1831 1601 1767 1871 4910 1871 1767
570 1767 1871 1601 4208 1601 4208 1601 1831 1767 4208 4910 4208 1601 4910 4208 1601 570 4208 1601
4433 2004 1767 1536 818 3946 3946 3552 3552 3946 3946 3552 3552 3552 1474 3552 3552 3552 1474 1536
1601 3552 1536 3552 4433 818 570 4433 175 1767 1601 2004 818 818 818 818 570 2004 1536 570
570 1767 1767 1767 1601 175 2004 818 570 818 2004 1601 818 818 1536 4433 818 570 4433 175
818 818 570 2004 1536 570 4208 4433 4910 1871 4910 4433 1831 1871 1831 1767 4910 4910 1767 1767
818 570 2004 1536 570 4208 4433 4910 4910 1871 4433 1871 1871 1831 1767 4910 4910 1767 1767 4910
2004 1767 818 818 1767 818 3946 3946 1474 1474 3552 4433 818 1536 4433 1536 818 818 4433 818
175 1601 1601 818 818 818 818 570 2004 1536 570 4208 4433 1831 4208 1831 4433 4208 4910 1871
1871 4208 4208 1767 4208 4208 1767 4910 1871 1767 1871 1767 570 1767 1767 1767 1767 2004 818 3946
1871 1831 1871 1767 1831 1831 1767 1767 1767 1871 570 4208 4208 1767 1767 4208 4208 4208 1767 1767
818 570 4433 175 175 1601 2004 818 818 818 818 570 2004 570 570 4208 4433 4910 1871 4910
1474 3552 4433 818 1536 4433 1601 1536 818 4433 818 3552 4433 818 1536 4433 1536 818 1536 1536
4910 1767 1767 1767 1767 1871 1767 1831 1871 1871 1767 175 2004 818 570 818 1767 1831 1871 1871
1871 1767 1871 4208 1767 4208 570 4208 1767 1871 4208 1767 1767 1767 1767 570 1767 1767 1601 175
1871 1871 1601 175 2004 818 570 818 1767 1831 1831 1831 1601 1831 1831 2004 1601 818 818 1601
175 1601 2004 818 818 818 818 570 2004 1536 570 4208 4433 1831 1831 1831 4433 4910 4910 4910
1871 570 4910 4910 1767 1767 4208 1767 570 1767 1767 1767 1601 175 1601 818 570 818 2004 1601
1767 1601 1767 1871 570 1831 4208 1767 1767 4208 4208 4208 1767 1601 1831 1601 4208 570 4208 1767
570 4208 4208 1871 4208 1767 570 1767 1767 1767 1601 818 3946 3946 3946 3946 3946 3946 3946 3946
4910 1601 1871 1601 1871 1601 4910 4910 1601 1871 570 1871 1601 4208 4208 1601 1601 1601 570 1601
1871 1767 1767 1871 1767 1767 570 1601 1601 1767 1767 175 2004 818 570 818 2004 1601 818 818
1767 1871 570 1767 1767 1871 4910 1767 1767 1871 1767 1767 570 1767 1767 1767 1601 175 175 818
1536 4433 818 570 4433 175 175 1601 2004 818 818 818 818 570 2004 570 570 1871 4433 1871
1767 1767 570 1767 1767 1767 1767 175 1601 818 570 818 2004 1601 818 818 3552 4433 818 570
175 1601 818 570 818 2004 1601 818 818 3552 4433 818 570 4433 175 175 1601 2004 818 818
3552 1536 3552 4433 818 570 4433 175 1767 1601 2004 1536 1536 818 818 570 2004 1536 570 4910
4910 4910 1871 1767 4910 4910 1767 1767 1767 4910 570 4910 4910 1767 1767 4910 4910 4910 1767 1767
4208 1767 1767 570 2004 818 570 4208 1767 1767 1767 1767 1871 1767 1831 1831 1871 1767 175 1601
1871 1767 1871 1767 1871 1767 1871 4208 1767 1871 4208 1767 570 4208 1767 4208 1767 1767 1767 1767
1767 1767 1871 570 4208 4208 1767 1767 4208 4208 4208 1767 1831 1831 570 1767 1871 1767 4910 4208
570 4208 4208 1767 1767 4208 4208 4208 1767 1831 1831 570 1767 1831 1767 1871 4208 1767 4910 1767
3552 3552 3552 3552 3946 3946 3552 3552 3552 3552 1474 1474 3552 3552 3552 4433 1536 3552 3552 4433
1871 3946 3946 1871 1474 3552 1601 818 1871 1767 175 175 1601 2004 818 818 818 818 570 2004
1767 570 1871 1871 1871 1871 1767 1767 1767 570 1767 1871 1767 1871 1767 1767 1871 1871 1871 1871
4910 4910 1871 1767 1871 4910 1767 1767 1767 1871 570 4208 4208 1767 1767 1871 4208 4208 1767 1767
3552 3552 3552 3552 3552 3552 3552 3552 3552 1767 1767 3552 3552 3552 3552 1767 3552 1767 3552 3552
570 570 570 570 570 3946 3946 1474 3946 1474 1474 3946 1474 3946 3946 3946 1474 1871 3946 3946
818 1536 3552 4433 818 570 4433 175 175 1601 2004 818 818 818 818 570 2004 1536 570 4910
3552 1871 1871 4433 1871 1871 1871 1767 1871 570 1767 1767 1871 1767 4910 1871 4910 1767 1767 3552
1601 570 1767 1767 175 2004 818 1474 3946 3946 570 818 4433 2004 1601 818 818 1474 1474 1536
4208 1831 1871 4433 1871 1831 1831 1601 1871 1871 1601 1601 1601 1831 570 4208 4208 1601 1601 1601
4910 1767 4208 1767 4208 4208 1767 1767 570 4208 1767 4208 4208 1767 1871 1767 1767 570 1767 1767
3946 3946 3946 3946 3946 3946 3946 1474 570 570 1474 1474 1474 570 1474 1474 1474 1474 1474 1474
1474 570 570 1474 1474 1474 1474 1474 1474 1474 1474 1474 1474 1474 1474 1474 1474 3946 3946 1474
175 175 818 570 818 2004 818 570 4208 2004 1767 818 818 1601 1831 1831 1871 1601 4910 4910
3946 3946 3946 3946 3946 3946 3946 1474 570 570 1474 1474 1474 570 1474 1474 1474 1474 1474 1474
3946 3946 570 818 4433 2004 1601 818 818 1474 1474 3552 4433 818 1536 4433 1601 818 818 4433
3552 3552 1536 1536 4433 1536 3552 4433 1536 1536 4433 1601 1536 1536 1536 1536 3552 4433 818 570
3552 1767 1767 4910 570 4910 4910 1767 1871 1767 4910 4910 1767 4910 1767 570 1767 4910 1767 4910
1767 4208 4208 1601 1601 1601 1871 570 4208 4208 4208 1601 1601 4910 4208 4208 1601 1871 570 1601
4433 1871 4910 4910 1767 4910 4910 1767 1767 1767 4910 570 4208 4208 1767 1767 1871 1767 1767 570
570 570 570 570 570 570 1474 3946 3946 1474 1474 1536 2004 818 570 1601 175 175 1601 2004
2004 818 1474 3946 3946 570 818 2004 1601 818 818 1474 1474 3552 4433 818 1536 4433 1601 818
4910 4433 4910 4910 4910 4433 4910 4910 4910 1767 4910 4910 1767 1767 1831 570 1767 4208 4208 1767
1831 1831 1767 1601 1831 1767 570 4208 4208 1767 1767 4208 1601 1601 570 1601 1601 1767 1767 175
1536 818 818 570 2004 1536 570 4910 4433 1831 1871 1831 4433 1831 1831 1831 1767 4910 1871 1767
1767 1871 4208 4208 1767 4208 4208 1767 1871 1871 1767 1871 1767 570 1767 1767 1767 1767 1474 818
1767 4433 175 2004 818 570 818 2004 1601 818 818 1536 4433 818 570 4433 175 175 1601 2004
1474 3552 3552 1536 1536 4433 1536 1536 818 4433 818 1536 1536 3552 4433 818 1536 4433 1601 1536
1536 1536 3552 1536 3552 4433 1536 1536 4433 1536 1536 3552 1536 1536 1536 4433 1536 1536 3552 4433
4208 4208 4433 4910 4208 1831 1767 1831 4208 1767 1767 4208 1767 570 4208 4208 1767 1767 4208 1767
1767 1601 4910 4208 4208 1767 1871 570 1767 1871 1601 4208 1601 4208 1601 4208 1767 4208 4910 4208
818 818 818 818 570 2004 1536 570 4208 4433 1831 1831 1831 4433 1831 1831 1871 1767 1831 1831
1601 2004 1536 1536 1536 1536 570 2004 1536 570 1871 4433 1871 1871 1871 4433 1871 1871 1767 1871
570 2004 3552 570 1871 4433 1871 4910 1871 4433 1871 1871 1871 1767 4910 4910 1767 1767 1767 4910
3946 3946 1474 570 1474 1474 1474 1474 1474 1474 1474 1474 1474 1474 1474 1474 1474 1474 1474 3946
4910 1767 1767 1871 1767 1767 570 1767 1767 1767 1767 175 2004 818 570 818 2004 1767 1767 818
4433 175 175 1601 2004 818 818 818 818 570 2004 1536 570 4208 4433 4208 1871 4910 4433 1871
1767 175 1601 818 570 818 2004 1601 818 818 1536 4433 818 570 4433 175 1601 1601 2004 818
1767 4910 570 4208 4910 1767 1767 4208 4208 4208 1767 1767 1871 570 1767 4208 1767 4910 4208 1767
4910 1767 1767 4910 1767 1871 1767 1871 4910 1767 1767 1871 570 4910 1767 1871 4910 1767 4910 4910
3552 1536 3552 3552 3552 1536 1536 4433 1536 3552 3552 1536 1536 4433 1536 1536 3552 1536 1536 3552
4208 4208 1767 4208 4910 1767 1871 1767 570 1767 1767 1767 1767 1871 818 3946 3946 3946 3946 3946
1871 1767 1767 1601 1871 570 1871 4208 1767 1767 1871 4208 1767 1601 1871 1767 1767 1767 1767 175
570 570 570 1474 570 3946 3946 1474 2004 1536 4433 818 570 1601 175 175 1601 2004 818 818
1871 1831 1831 4433 4208 1831 1831 1767 1871 1871 1767 1767 1601 1831 570 1831 4208 1767 1767 4208
570 1871 4208 1767 1767 4910 1767 1767 570 1767 1767 1767 1767 175 2004 818 570 818 2004 1601
3552 3552 3552 3552 3552 3552 3552 3552 3552 3552 3552 3552 3552 3552 3552 3552 3552 3552 3552 3552
1536 3552 2004 3552 3552 4910 4433 1871 1871 1871 4433 1871 4910 1871 1767 4910 4910 1767 1767 1871
818 570 1767 175 175 1601 2004 818 818 818 818 570 2004 570 570 4208 1536 1601 4910 4910
4208 1767 4208 1871 1767 4910 4208 1767 1831 4208 4208 1767 1831 1767 4433 175 2004 818 3946 3946
1871 1871 1767 1767 1601 1871 570 1871 4208 1767 1767 1871 4208 1601 1601 1871 1767 1767 1767 1767
3552 4433 818 570 4433 175 175 1601 2004 818 818 818 818 570 2004 1536 570 4208 4433 4910
1474 3552 4433 818 570 4433 175 175 1601 2004 818 818 818 818 570 2004 1536 570 4208 4433
1767 1871 1767 1871 1767 1871 4910 1601 570 4910 1767 1767 1767 1767 570 1767 1767 175 2004 818
570 1474 4433 175 175 1601 2004 1536 818 818 818 570 2004 1536 570 4910 4433 4910 1871 1871
570 1767 4910 4910 1767 1767 1871 1767 1767 570 1767 1767 1767 1767 175 2004 818 570 818 2004
3552 1767 1767 1767 1767 570 1871 1871 4910 4910 4910 1767 570 1871 4910 1767 1767 1767 570 1767
1474 570 1474 1474 1474 1474 570 1474 1474 1474 1474 3946 3946 1474 1474 570 4433 818 570 4433
4910 1767 4910 4208 1767 4208 1767 4910 1767 4910 1767 1767 570 4208 1767 4910 4208 1767 1767 1767
1871 570 1871 1767 1871 4208 1767 1871 4208 1767 1871 1767 1767 570 1767 1767 1767 1767 1601 1536
1767 1767 1767 570 1767 1767 1767 175 1601 818 818 570 818 2004 1601 818 818 1474 3552 3946
4433 1536 1536 4433 1601 1536 1536 1601 1536 3552 4433 818 570 4433 175 1601 1601 2004 818 818
4433 175 1601 1601 2004 818 818 818 818 570 2004 818 570 4208 4433 1871 1871 1871 1536 1767
3552 3552 3552 3552 3552 3552 3552 3946 3946 3552 3552 3552 3552 1474 1474 3552 1474 3552 3552 2004
1831 1871 1601 1601 818 818 1767 1871 1871 1871 1767 4208 1871 1601 818 1767 1871 1767 570 1767
1831 1831 1767 1831 1831 1767 1601 1831 1767 570 4208 4208 1601 1601 4208 1601 1601 570 1601 1601
2004 818 818 818 818 570 2004 570 570 1831 4433 1871 1831 1831 4433 4208 4208 1871 1767 1871
570 2004 1536 570 4208 1767 1871 4208 1831 1767 1871 1831 1871 1767 1831 1871 1767 1767 1871 570
1767 1767 1767 570 1767 1767 1767 175 2004 818 1474 570 818 2004 1601 818 818 1474 2004 3552
3552 3552 3552 3552 3552 3552 3552 3552 3552 2004 818 570 3552 4433 1474 175 1601 2004 570 818
4433 818 570 4433 175 1601 1601 2004 818 818 818 818 570 1536 2004 1536 570 1601 818 4910
4910 1767 1767 4910 570 1601 4208 4208 1767 1767 4910 4910 4910 1767 1831 4910 570 1767 4208 1767
818 570 2004 1536 570 4910 4433 4910 4910 1871 4433 4910 1871 1831 1767 1871 1871 1767 1767 1767
1767 1601 1767 1871 570 1831 4208 1767 1767 4208 4208 4208 1767 1601 1831 1601 4208 570 4208 1767
3946 1601 818 570 2004 818 570 1831 1601 4208 1831 4208 1601 4208 1831 1831 1601 4208 4208 1601
1767 4910 4208 1767 1767 570 1767 1767 1871 1767 570 1871 1767 1871 1767 1767 1601 818 3946 3946
1536 1536 1536 1536 3552 2004 3552 3552 4910 4433 1871 1871 1871 4433 1871 1871 1871 1767 4910 4910
4208 1767 1601 1831 4910 570 1767 4208 1767 1831 1767 4208 1767 4208 1767 4208 4910 4208 1767 1601
175 175 1601 2004 818 818 818 818 570 2004 1536 570 4208 4433 1871 1871 1831 4433 1871 1871
1767 4208 4910 4208 4910 1767 1767 4208 570 4208 1767 4208 1767 4208 1767 4208 1767 4208 1767 1767
1474 570 570 1474 1474 1474 1474 1474 1474 1474 1474 1474 1474 1474 1474 1474 1474 3946 3946 1474
4208 1767 1767 570 1767 1767 1767 175 1601 818 1474 3946 3946 570 818 1767 2004 1767 818 818
4910 1767 1767 4910 1871 570 1767 1871 1767 1871 1767 1871 1767 1871 1767 4910 4910 1767 1767 570
3552 3552 3552 3552 3552 3552 3552 3552 3552 3552 3552 3552 3552 3552 3552 3552 3552 3552 3552 3552
4910 4433 1831 1831 1831 4433 1871 1831 1871 1767 1831 1831 1767 1767 1871 1767 570 1767 1767 1871
1871 4910 1871 4433 1871 4910 4910 1767 1871 4910 1767 1767 1767 1871 570 4208 4208 1767 1767 1871
4208 1767 1871 4208 1767 1871 1767 1767 570 1767 1767 1767 1767 1601 570 3946 3946 3946 3946 3946
818 1474 570 818 4433 2004 1767 818 818 3552 3946 3552 3552 3552 3552 3946 3946 3552 3552 3552
1871 570 1831 4208 1767 1767 4208 4208 4208 1767 1601 1831 1601 1831 570 1831 1601 4208 4910 1601
1474 3946 3946 1474 1474 1536 4433 818 570 4433 175 175 1601 2004 818 818 818 818 570 2004
1767 1767 1767 1871 570 4910 4910 1767 1767 4910 4910 4910 4910 1767 4910 570 1767 1871 1767 4910
3552 3552 3552 3552 3946 3946 3552 3946 3552 3552 2004 818 570 4433 175 175 1601 2004 818 818
4433 1871 1871 1871 4433 1871 1871 1871 1767 1871 1831 1767 1831 570 1767 1767 4208 1871 1767 1767
1536 3552 1536 3552 1536 3552 4433 818 570 4433 175 1767 1601 2004 818 818 818 818 570 2004
1767 1767 4910 1871 570 1767 1871 1767 4910 1767 1871 1767 1871 1767 1871 4910 1767 1767 570 4910
1767 1871 4910 1767 1767 1871 1767 1767 570 1767 1767 1767 1601 175 175 818 570 818 2004 1601
570 570 1474 1474 1474 1474 1474 1474 1474 1474 1474 1474 1474 1474 1474 1474 3946 3946 1474 1474
818 570 818 2004 1601 818 818 1536 4433 818 570 4433 175 175 1601 2004 818 818 818 818
1767 818 818 1536 3552 4433 818 570 4433 175 1601 1601 2004 818 818 818 818 570 2004 1536
1474 570 3946 3946 1474 2004 1536 4433 818 570 4433 175 175 1601 2004 818 818 818 818 570
1767 1871 1767 4910 1767 4910 4208 1767 570 4910 1767 4910 4208 1767 1767 1767 570 1767 1767 1767
1474 570 3946 3946 1474 1474 1536 4433 818 570 4433 175 175 1601 2004 818 818 818 818 570
570 1767 1767 4910 4910 4910 1767 1767 4910 4910 1871 1767 1871 570 1871 1767 1767 4910 4910 1767
1871 1871 1871 1767 1831 1831 1767 1831 1767 570 1767 4208 4208 1767 1767 1871 4208 4208 1767 1767
1767 1767 2004 3552 3552 3552 3946 3946 3552 1474 1474 1474 1474 1474 1474 1474 1474 1474 1474 1474
3552 3552 3552 3552 3552 1536 4433 3946 3946 3552 1536 3552 4433 818 570 4433 175 1767 1601 1601
1871 1767 1767 570 1767 1767 1767 1767 175 1601 818 570 818 2004 1601 818 818 1536 4433 818
2004 818 3946 3946 570 818 2004 1601 818 818 1767 818 1474 1474 3552 1601 818 1536 1601 1601
1767 1767 1871 1767 1767 570 1601 1601 1767 1767 175 2004 818 570 818 2004 1601 818 818 1536
2004 818 818 818 818 570 2004 1536 570 4910 4433 4910 1831 1831 4433 1831 4910 4910 1767 4910
3946 1474 2004 1536 4433 818 570 4433 175 175 1601 1601 818 818 818 818 570 2004 1536 570
1767 1871 1767 1871 570 1871 1767 1871 4208 1767 1871 4208 1767 1871 1767 1767 570 1767 1767 1767
570 570 1474 570 1474 1474 570 1474 1474 1474 1474 1474 570 1474 1474 1474 3946 3946 1474 1474
1871 1871 1601 1601 1601 4208 570 4208 4208 1767 1601 1601 1601 570 1601 4433 175 2004 818 570
1767 1871 1871 1871 1767 1767 1871 570 1871 1767 1767 1767 1871 1871 1871 1871 1767 1871 4910 570
1536 1536 4433 1536 1536 1536 1601 1601 1536 3552 4433 818 570 4433 175 175 1601 2004 818 818
4208 1767 1601 1831 570 1767 1831 1767 1831 1767 1831 1601 1831 1601 1831 4208 1601 4208 1767 570
1767 1601 1474 818 818 1536 818 570 2004 1536 570 1871 4433 1831 1831 1871 4433 1871 4910 4910
3552 3552 3552 3552 3552 3552 1474 3552 3552 3552 2004 1601 1536 1536 1767 1536 3552 3552 3552 3552
1767 818 818 1767 818 3946 3946 1474 1474 3552 4433 1536 1536 4433 1536 818 818 4433 818 3552
1601 2004 818 818 818 818 570 2004 570 570 1831 4433 1871 1831 1831 4433 4208 4208 4208 1767
3946 1474 1474 3552 4433 818 570 4433 175 1601 1601 2004 818 818 818 818 570 2004 1536 570
1767 1767 1831 1767 570 1871 1767 1871 1767 1767 1601 818 3946 3946 1767 1536 3946 3946 3946 3946
1767 4208 1767 4208 1767 4208 1767 1767 4910 4910 1767 570 4910 1767 4208 4910 1767 4910 4910 1767
1767 1871 4910 1767 570 1871 1767 4910 4910 4910 1767 1871 1767 1871 4208 1767 570 1767 1767 1767
1474 3552 3552 1536 1536 4433 1536 818 1536 4433 1536 3552 4433 1536 1536 4433 1601 1536 3552 1536
1767 1767 1831 1831 570 1767 1871 1767 4208 4208 1767 1767 1831 1767 4208 4910 1767 1767 4208 1871
570 570 1474 1474 570 1474 1474 1474 1474 1474 1474 1474 1474 1474 1474 1474 3946 3946 1474 1474
1767 1871 1767 1831 1767 1871 1767 1871 1767 1871 4208 1767 1831 570 4208 1767 4910 4208 1767 1767
3946 3946 570 818 4433 2004 1601 1601 818 818 1536 1474 570 1474 3552 4433 818 1536 4433 1601
1536 3552 4433 818 570 4433 175 175 1601 2004 818 818 818 818 570 2004 1536 570 4910 4433
3552 4433 1536 1536 4433 1536 1536 4433 1536 1474 1474 3552 4433 1536 570 4433 1474 1536 1536 1536
570 2004 1536 570 4208 4433 1871 1831 1871 4433 1831 1831 1871 1767 1871 1871 1767 1767 1767 1871
1601 1601 4910 4208 4910 1601 1871 570 1767 4910 1767 1871 1767 4910 1601 4910 1601 1871 1767 4910
1536 4433 818 570 4433 175 175 1601 2004 818 818 818 818 570 2004 570 570 4910 4433 4910
4208 4910 1767 1767 1767 570 4208 1767 1767 1767 1767 570 1767 1601 1474 175 175 818 570 818
4910 4433 4208 1871 1871 1601 1871 1871 1767 1871 1601 570 1601 4208 4208 1601 1767 4208 4208 4910
4433 818 1536 4433 1536 818 818 4433 818 1536 3552 4433 818 1536 4433 1601 818 1601 1601 1601
1536 1767 818 1536 1601 1536 1536 1767 818 1536 1601 3946 3946 3946 3946 1536 1601 818 570 1767
1767 1767 1767 570 1767 1767 1601 175 2004 818 1474 3946 3946 570 818 2004 1601 818 818 1474
3552 4910 4433 3552 1871 1871 4433 1871 4910 1871 1767 4910 4910 1767 1767 1871 570 1767 4910 4910
1871 1871 1871 1767 570 1767 1767 1767 1871 1767 570 1871 1767 1871 570 4208 4208 1871 4208 1767
1474 1474 1474 1474 1474 1474 1474 1474 1474 1474 1474 1474 1474 1474 3946 3946 1474 1474 1536 2004
1474 3552 3552 1536 1536 4433 1536 1536 818 4433 818 1536 1536 3552 4433 818 1536 4433 1601 1536
818 818 818 818 570 2004 1536 570 4208 4433 1831 1831 1871 4433 1871 1871 1871 1767 1871 1871
2004 1536 4433 818 570 4433 175 175 1601 2004 818 818 818 818 570 2004 570 570 1871 4433
3946 570 818 2004 1601 818 818 1474 1474 3552 4433 818 1536 4433 1536 818 818 4433 818 1536
570 570 570 570 570 570 570 1474 570 3946 3946 1474 2004 570 2004 818 570 4433 175 175
1767 1767 1871 570 4208 4910 1767 4910 1601 4910 4208 4208 1767 1601 4208 570 1767 4910 1767 4910
1536 1536 3552 1536 3552 4433 1536 1536 4433 1601 1536 1536 1536 1536 1536 4433 818 570 4433 175
3552 3552 3552 3552 3552 1601 570 1871 3552 3552 1767 1767 570 1601 1767 175 2004 818 1474 570
818 570 2004 1536 570 4910 4433 1831 1871 570 4433 1831 1871 1831 1767 1871 1871 1767 1767 4910
3946 1474 1474 3552 4433 818 570 4433 175 1601 1601 2004 818 818 818 818 570 2004 1536 570
1767 4910 4910 4910 1767 1767 4910 4910 1871 1767 1871 570 1871 1767 1767 1871 4910 1767 1767 4910
3946 3552 3552 3552 3552 3946 3946 3552 3552 3552 3552 1474 1474 3552 3552 3552 2004 818 3552 3552
4433 818 570 4433 175 175 1601 2004 818 818 818 818 570 2004 570 570 4208 4433 4208 1871
1767 3552 1767 1767 2004 3552 3552 3552 3946 3946 3552 1474 1474 1474 1474 1474 1474 1474 1474 1474
1536 1767 818 1536 1601 1536 1536 1767 818 1536 1601 3946 3946 3946 3946 1536 1601 818 570 1767
570 3552 1871 1536 1536 1536 1536 1536 1871 1536 1536 1536 570 2004 818 570 4433 1871 1536 4433
2004 818 818 818 818 570 2004 1536 570 4910 4433 1831 1871 1871 4433 1871 1871 4910 1767 4910
1536 570 1831 4433 1831 1831 1831 4433 1831 1831 1831 1601 1831 1831 1601 1601 1831 1767 570 4208
1601 1536 570 1536 2004 1601 818 818 3552 4433 818 570 4433 175 1601 1601 2004 818 818 818
1871 570 1767 1767 1871 4910 1767 1767 1871 1767 1767 570 1767 1767 1767 1601 175 175 818 570
1767 175 2004 818 570 818 2004 1601 818 818 1536 4433 818 570 4433 175 1601 1601 2004 818
3946 1474 2004 1536 4433 818 570 4433 175 175 1601 1601 818 818 818 818 570 2004 1536 570
1871 1871 4433 1871 1871 1871 1767 1831 1831 1767 1831 1767 570 1767 4208 4208 1767 1767 1871 4208
4910 1767 1767 1871 1767 1871 1767 1871 1767 1871 4910 1767 570 1871 1767 4910 4910 1767 1767 1767
3946 3946 570 175 1536 4433 818 570 4433 175 175 1601 2004 818 818 818 818 570 2004 1536
2004 1536 570 4208 4433 1831 4208 1831 4433 1831 1831 1831 1767 1831 1831 1767 1767 4208 1767 570
1871 1601 1601 570 1601 1601 1601 1601 175 2004 818 570 818 2004 1601 818 818 1536 4433 818
4208 1767 4208 1767 1767 1767 1767 1871 1767 1767 175 2004 818 3946 3946 570 818 4433 2004 1767
570 1474 1474 1474 1474 1474 1474 1474 1474 1474 1474 1474 1474 1474 1474 3946 3946 1474 1474 1536
570 818 4433 2004 1601 818 818 1474 1474 3552 4433 818 1536 4433 1536 818 818 4433 818 1601
1767 4208 570 4208 4208 1601 1601 1601 1601 570 1767 4433 175 2004 818 570 818 3946 2004 1601
1601 818 818 818 818 570 2004 1536 570 4910 4433 1831 1831 1831 4433 1871 1871 1871 1767 4910
1767 4433 4433 3552 3552 1536 1536 2004 818 3552 1536 3552 4433 1536 1536 4433 1536 1536 1536 1601
3946 3946 3946 3946 3946 3946 3946 1474 570 570 1474 570 1474 1474 1474 1474 1474 1474 1474 1474
1767 1767 570 1767 1767 1767 1767 175 1601 818 570 818 2004 1601 818 818 3552 4433 818 570
1601 818 1536 1536 1536 1536 4433 818 570 4433 175 1601 1601 2004 818 818 818 818 570 2004
1474 3552 3552 1536 1536 4433 4433 1536 1536 4433 1536 3552 4433 1536 1536 4433 1601 818 1536 1536
570 2004 1536 570 1871 4433 4910 4910 1871 4433 1831 1871 1871 1767 1871 1871 1767 1767 1767 4910
3552 4433 818 570 4433 175 1601 1601 2004 818 1536 818 818 570 2004 1536 570 4910 4433 1871
1871 1767 1767 1871 570 1767 1871 1767 1871 1767 1871 1767 4910 1601 1871 4910 1601 4910 4910 1767
3552 3552 1767 3552 3552 3552 1767 1767 1767 3552 1767 1767 1601 3552 3552 3552 3946 3946 3552 1474
1767 1871 1767 1871 1767 4910 1767 4910 1767 1871 1767 1871 4910 1767 1767 570 4910 1767 4910 4910
4433 818 570 4433 175 175 1601 2004 818 818 818 818 570 2004 818 570 4208 4433 1871 4910
3552 3552 1536 3552 4433 1536 1536 1536 4433 1536 3552 4433 818 1536 4433 1536 1536 1536 4433 1536
1767 1601 1831 570 1767 1831 1767 1831 1767 1831 1767 1831 1601 1831 4208 1601 4208 1767 570 4208
1601 2004 818 818 1536 3946 3946 1601 818 570 2004 818 570 1831 1601 4208 4208 4208 1601 4208
3552 1536 3552 3552 3552 4433 1536 1536 4433 1536 1536 3552 1536 1536 1536 3552 4433 1536 570 4433
4910 4910 4910 1767 1767 4910 1871 570 1767 4910 1767 1871 4910 1767 1871 1767 4910 1767 4910 4910
175 1601 2004 818 818 1536 818 570 2004 1536 570 4208 1536 1601 1831 1831 1536 1601 4910 1871
1474 1474 1474 1474 1474 1474 1474 1474 1474 1474 1474 3946 3946 1474 1474 570 1601 818 570 1767
2004 1536 570 4208 4433 1831 1831 1871 4433 1871 1871 1831 1767 1831 1831 1767 1831 1767 570 1767
1767 1601 1767 1871 570 1831 4208 1767 1767 4208 4208 4208 1767 1601 1831 1601 4208 570 4208 1767
3552 1536 1536 3552 1536 3552 4433 1536 1536 4433 1536 1536 3552 1536 3552 1536 3552 4433 1536 3552
175 1601 1601 2004 818 818 818 818 570 2004 1536 570 4910 4433 1871 1871 1871 4433 1871 1871
4208 1767 4208 1767 1767 1767 1767 1871 1767 1767 175 2004 818 3946 3946 570 818 4433 2004 1767
4910 4208 1767 4910 4208 1767 4910 1767 570 1767 1767 1767 1767 2004 818 3946 3946 3946 3946 3946
1767 1767 1871 1767 1871 1871 1767 1871 1767 570 1871 1767 4910 4208 4208 1767 1871 4910 1767 1767
4433 1536 1536 1474 1474 3552 4433 1536 1536 4433 1536 1536 1536 4433 1536 3552 4433 1536 3552 4433
4208 4910 1601 1601 570 4208 1767 1871 4208 1767 1831 1767 1831 1767 570 1871 1767 4910 1767 1767
1767 1871 1767 1767 1767 1767 1871 1767 1474 1767 175 2004 818 3946 3946 570 818 4433 2004 1601
1871 1871 1767 1767 4208 1767 4208 1767 1871 1767 1871 4208 4208 1601 570 4208 1767 4910 1767 1767
1871 1767 1767 175 2004 818 3946 3946 570 818 4433 2004 1767 818 818 1474 1601 818 1474 1474
4433 175 175 1601 2004 818 818 818 818 570 2004 1536 570 4208 4433 1831 1831 1871 4433 1871
3946 3552 3552 4433 818 570 4433 175 1601 1601 2004 818 818 818 818 570 2004 1536 570 1871
4208 1767 1831 4208 1767 1767 1767 570 1767 1767 1767 175 175 818 818 570 818 2004 1767 818
4208 4208 1767 4208 4208 1767 1767 570 1767 1767 1767 1767 1601 570 3946 3946 3946 3946 3946 3946
2004 1767 818 818 3552 3946 3552 3552 3552 3552 3946 3946 3552 3552 3552 3552 1474 1474 3552 3552
570 4433 175 175 1601 2004 818 818 818 818 570 2004 1536 570 1871 4433 1871 1871 1871 4433
1474 570 570 570 570 1474 3946 3946 3946 3946 3946 1474 1474 1474 570 570 570 1474 1474 1474
1536 1536 4433 1536 1536 1536 1601 1536 1536 3552 4433 818 570 4433 175 1767 1601 2004 1536 1536
1474 2004 3552 4433 818 570 4433 175 175 1601 1601 818 818 818 818 570 2004 1536 570 4208
1767 1767 4208 1871 4208 1767 4208 4208 1767 1767 1767 1871 1767 1767 1767 175 2004 818 1474 3946
4910 1871 1871 4433 1871 4910 4910 1767 1871 1871 1767 1767 1871 570 1767 4208 4208 4208 1767 1767
3552 3552 3552 3552 3552 1536 1536 1536 1536 1536 3552 3552 3552 1536 1536 1474 1536 1474 1536 1474
3946 1474 2004 1536 4433 818 570 4433 175 175 1601 2004 818 818 818 818 570 2004 818 570
570 570 570 570 570 570 3946 3946 1474 1474 1536 1601 818 570 1601 175 175 1601 2004 818
1871 570 570 1474 3946 1474 3946 1474 570 570 1474 1474 570 1474 1474 1474 1474 1474 1474 1474
1474 3946 3946 3946 3946 3946 3946 3946 1474 570 570 570 570 570 1474 1474 1474 1474 1474 1474
1601 818 818 818 818 570 2004 1536 570 1831 4433 1871 1831 1831 4433 1871 1831 4910 1767 1871
570 2004 1536 570 4208 4433 4910 4910 4910 4433 4910 4208 4910 1767 4910 4910 1767 4910 570 1767
2004 818 1536 1536 818 570 2004 1536 570 4910 1536 1601 1831 1831 570 1601 4910 1871 1767 4910
2004 1767 818 818 3946 3946 3552 3552 3552 1474 3552 3552 3552 3552 1474 1474 3946 3552 3552 4433
1767 1767 4910 570 4910 4910 1767 1767 4910 1871 4910 1767 1601 1831 1871 570 1767 4910 1767 4910
3946 570 1474 3552 4433 818 570 4433 175 175 1601 2004 818 818 818 818 570 2004 1536 570
3552 4433 818 570 4433 175 1601 1601 1601 818 818 818 818 570 2004 570 570 4208 4433 4910
1767 4208 1767 1831 4910 4208 1767 1601 570 4208 1767 1831 4208 1601 1831 4208 1601 4910 1601 570
1601 818 1871 3946 570 3552 1767 1871 1871 1871 1767 175 175 1601 2004 818 818 818 818 1767
1767 1831 1767 1831 1601 1831 1601 1831 4208 1601 4208 1767 570 4208 1601 1831 4208 1767 1831 4910
1767 1767 4910 4910 4208 4910 1767 1767 4208 570 4208 1767 4208 1767 4208 1767 4208 1767 4208 1767
2004 1601 1536 818 1474 1474 3552 3552 1536 3552 3552 1536 1536 1536 4433 1536 3552 4433 1536 1536
570 570 570 1474 570 570 1474 1474 3946 3946 1474 2004 1536 1601 818 570 1601 175 175 1601
1871 1601 1601 570 1601 1601 1601 1601 175 2004 818 570 818 2004 1601 818 818 1536 4433 818
3946 3946 3946 3946 1474 570 1474 1474 1474 1474 1474 1474 1474 1474 1474 1474 1474 1474 1474 1474
1871 1767 4910 1601 4910 1601 1871 1601 4910 4910 1601 1871 570 1871 1601 4208 4208 1767 1601 1601
1871 570 1767 1871 1767 1871 1871 1767 1767 1871 1767 1871 1871 1767 1831 1767 570 4910 1767 4910
1474 1474 570 1474 570 1474 1474 1474 1474 1474 1474 1474 3946 3946 1474 1474 570 2004 818 570
1767 3552 3552 2004 1536 3946 3946 3552 3552 3552 3552 3552 3552 570 818 2004 1767 818 818 3946
4208 1767 570 4208 4208 1767 1767 4208 1767 1767 570 1767 1767 1767 1767 175 1601 818 570 818
3946 3552 3552 3552 3552 3946 3946 3552 3552 3552 3552 1474 1474 3552 3552 3552 2004 818 3552 3552
1767 1871 1767 570 1871 1767 1767 570 1767 4433 175 2004 818 570 818 2004 1601 818 818 1536
175 1601 2004 818 818 818 818 570 2004 818 570 4910 1601 1871 1831 1871 3552 1601 4910 4910
4433 1536 3552 4433 1536 1536 4433 1601 1536 3552 1536 1536 3552 4433 818 570 4433 175 175 1601
570 570 570 1474 1474 1474 1474 1474 1474 1474 1474 1474 1474 1474 1474 3946 3946 3946 3946 3946
1767 3552 3552 2004 1536 3946 3946 3552 3552 3552 3552 3552 3552 570 818 2004 1767 818 818 3946
1474 1474 570 570 570 570 1474 3946 3946 3946 3946 3946 1474 3946 1474 570 570 570 570 570
1767 1767 1871 570 4910 4910 1767 1767 4910 4910 4910 4910 1767 4910 570 1767 1871 1767 4910 1767
3552 3552 3552 1767 3552 1474 1536 1474 3552 3552 3552 3552 3552 570 3552 4433 2004 1767 1536 1536
1767 4208 570 1871 1871 1767 1767 1871 1767 1767 570 1767 1601 1601 1601 175 2004 818 570 818
1871 570 1767 4910 4910 1767 1767 1871 1767 1767 570 1767 1767 1767 1767 175 2004 818 570 1536
