495 626 3421 495 626 2493 495 478 3421 68 495 626 3421 68 495 626 3421 68 495 626
1967 2885 2493 2490 2885 2234 2150 2490 1040 2234 2150 1967 2885 3421 495 2885 2493 495 1040 3421
3626 3626 1040 2885 3626 1040 2493 3626 1040 3421 3626 3626 1040 3421 3626 3626 1040 3421 3626 3626
4447 130 130 46 2379 2379 4447 130 4447 130 2379 3421 68 2959 1605 3414 2150 626 1605 3414
2234 2150 4234 3332 2234 2150 2379 68 3332 3421 2490 1040 2493 4234 3332 3421 68 68 3332 3421
3421 1951 478 2379 1605 3414 1951 478 1605 3414 1951 478 2493 1951 478 2234 1951 1951 478 4447
3626 1040 2234 3626 3626 1040 2234 3626 3626 1040 3421 3626 1040 2493 3626 1040 3421 3626 3626 1040
811 3625 1834 46 2379 2379 2379 3421 68 2959 1605 3414 1967 3332 1605 3414 1967 626 3195 2490
46 2379 2379 2379 3421 68 4381 2470 3414 1967 4381 2470 3414 1967 4381 3195 1967 4381 2234 1967
495 2885 3421 2150 495 2885 3421 495 2379 3421 68 2885 1605 3414 495 1040 1605 3414 495 2885
130 4447 130 46 2379 1626 2379 3421 68 2959 1605 3414 495 2959 1605 3414 495 626 2493 1967
2379 2379 46 1626 811 3625 1834 46 2379 2379 2379 3421 68 4381 2470 3414 495 4381 1605 3414
2150 495 626 3421 495 46 2379 626 2493 495 626 3421 68 495 3332 4447 130 4447 130 2885
3414 4234 2959 2493 4234 3332 2234 4234 4234 2959 2234 4234 4234 2959 626 4234 2959 2493 4234 2959
3625 1834 46 2379 2379 2379 626 68 4381 1605 3414 495 4381 2470 3414 1967 4381 3195 1967 2959
46 2379 1626 811 3625 1834 811 811 3625 1834 46 2379 2379 2379 3421 68 4381 2470 3414 1967
1605 3414 1951 478 1605 3414 1951 478 2493 1951 478 2234 1951 1951 478 4447 2379 130 46 2234
1834 46 2379 2379 2379 3421 68 4381 2470 3414 1967 4381 2470 3414 1967 4381 3195 1967 4381 2234
3625 1834 46 2379 2379 3421 68 4381 2470 3414 1967 4381 2470 3414 1967 4381 3195 1967 1040 2234
3421 495 1605 3414 3421 495 626 2493 495 2885 2234 2150 495 2885 2234 2150 495 2885 3421 495
2959 3195 3414 4234 2959 2493 4234 3332 2234 4234 4234 2959 2234 4234 4234 2959 626 4234 2959 2493
2379 3421 68 2885 1605 3414 495 626 1605 3414 495 626 3421 68 495 2885 2234 2150 495 2885
3421 495 2885 1605 3414 495 2885 1605 3414 495 2885 2493 495 2885 2234 2150 495 2885 3421 2150
626 1605 3414 68 626 1605 3414 495 478 2493 495 626 2234 2150 495 626 2234 2150 495 626
2379 46 2379 1626 811 3625 1834 46 2379 2379 3421 68 4381 2470 3414 1967 4381 2470 3414 4234
495 3332 2234 2150 495 3332 3421 495 2885 2493 495 3332 3421 68 495 3332 46 2379 3421 68
2379 1626 811 3625 1834 811 811 3625 1834 46 2379 2379 2379 626 68 2959 1605 3414 1967 2959
2493 495 2885 2234 2150 495 2885 3421 2150 495 2885 3421 495 2379 3421 68 2885 1605 3414 495
2379 3421 68 2885 1605 3414 2490 2885 1605 3414 495 626 2493 495 2885 2234 2150 495 478 4447
130 130 46 2379 2379 4447 130 4447 130 2379 3421 68 2959 1605 3414 2150 626 1605 3414 495
478 2493 1951 478 2234 1951 1951 478 4447 2379 130 46 2234 1951 1951 626 3421 1951 4447 130
495 3332 2379 2234 2150 495 2885 3421 495 2885 2493 495 2885 3421 68 495 1040 3421 68 2490
2379 2379 46 1626 811 3625 1834 811 811 3625 1834 46 2379 2379 2379 626 68 2959 1605 3414
2379 2379 2379 3421 68 2885 1605 3414 495 2885 1605 3414 495 626 3421 68 495 626 2234 2150
2379 46 1626 811 3625 1834 46 2379 2379 3421 68 2959 1605 3414 495 3332 1605 3414 1967 2959
3421 1626 2379 1626 1626 3625 1834 46 2379 2379 3421 3626 2885 1605 3414 3626 3332 1605 3414 3626
3625 1834 46 2379 2379 2379 626 68 4381 2470 3414 495 4381 1605 3414 495 4381 3195 495 4381
811 811 3625 1834 46 2379 2379 2379 3421 68 4381 2470 3414 1967 4381 2470 3414 1967 4381 3195
46 1626 811 3625 1834 2379 2885 2885 130 130 46 2379 2379 4447 130 4447 130 2379 3421 68
3414 2150 2885 1605 3414 495 2885 2493 495 626 2234 2150 495 2885 4447 130 4447 130 2234 2150
46 2379 2379 2379 626 68 2959 2470 3414 1967 3332 1605 3414 1967 2959 3195 1967 3332 2234 2150
1605 3414 1967 2959 2493 1967 2959 2234 1967 1967 2959 2234 1967 1967 2959 3414 1967 2959 2493 1967
1605 3414 2490 2885 2493 495 1040 2234 2150 495 1040 2379 2234 2150 495 2885 3421 495 2885 2493
46 1626 811 3625 1834 46 2379 2379 2379 3421 68 4381 2470 3414 1967 4381 2470 3414 1967 4381
2379 2379 3421 68 2885 1605 3414 495 3332 1605 3414 1951 478 2493 495 478 2234 2150 1967 478
2234 2150 495 626 2234 2150 495 626 3421 495 626 2493 495 626 3421 68 495 626 3421 68
1626 811 3625 1834 46 2379 2379 2379 3421 68 2959 1605 3414 1967 3332 1605 3414 1967 626 3195
1626 3625 1834 46 2379 2379 3421 68 2885 1605 3414 3626 3332 1605 3414 3626 2885 2493 3626 1040
1626 811 3625 1834 811 811 3625 1834 46 2379 2379 2379 626 68 2959 1605 3414 1967 3332 1605
130 130 46 2379 2379 4447 130 4447 130 2379 3421 68 2959 1605 3414 2150 626 1605 3414 495
495 3332 2234 2150 495 3332 3421 495 2885 2493 495 3332 3421 68 495 3332 46 2379 3421 68
2150 495 626 3421 495 4381 2493 495 626 3421 68 495 626 4447 130 4447 130 478 2493 495
4447 130 4447 130 46 2379 1626 2379 3421 68 2959 1605 3414 495 2959 1605 3414 495 626 3195
2379 46 2379 1626 811 3625 1834 46 2379 2379 3421 68 4381 2470 3414 1967 4381 2470 3414 4234
1834 811 811 3625 1834 46 2379 2379 2379 626 68 4381 2470 3414 1967 4381 2470 3414 1967 4381
626 3421 1967 4381 2493 1967 626 3421 68 1967 4381 3421 68 1967 626 3421 68 1967 4381 3421
2959 1605 3414 1967 2959 2493 1967 2959 2234 1967 1967 2959 2234 1967 1967 2959 3414 1967 626 2493
626 2234 2150 495 626 2234 2150 495 626 3421 495 626 2493 495 2885 3421 68 495 626 3421
1951 4447 130 478 2493 1951 626 46 2379 3421 1951 1951 478 4447 130 478 2493 1951 478 4447
1605 3414 3421 495 2885 2493 495 2885 2234 2150 495 2885 2234 2150 495 2885 3421 495 2885 2493
1605 3414 1967 2959 1605 3414 1951 2959 2493 1967 2959 2234 1967 1967 2959 3421 1967 68 626 3421
3625 1834 2379 4447 130 4447 130 46 2379 2379 2379 3421 68 2959 1605 3414 495 2959 1605 3414
1834 46 2379 2379 2379 626 68 4381 2470 3414 495 4381 1605 3414 495 4381 3195 495 4381 2234
3414 495 626 2493 495 3332 2234 2150 495 3332 2234 2150 495 3332 3421 495 2885 2493 495 3332
811 2379 46 2379 1626 811 3625 1834 811 811 3625 1834 46 2379 2379 2379 626 68 4381 2470
1626 2379 46 2379 1626 811 3625 1834 811 811 3625 1834 46 2379 2379 2379 626 68 2959 1605
1605 3414 1967 2959 1605 3414 1967 2959 2493 1967 2959 2234 1967 1967 2959 2234 1967 1967 2959 3414
811 3625 1834 811 811 3625 1834 46 2379 2379 2379 3421 68 4381 2470 3414 1967 4381 2470 3414
4234 3332 2234 2150 2379 4234 3332 3421 2490 1040 2493 4234 3332 3421 68 68 3332 3421 68 1967
3625 1834 46 2379 2379 2379 3421 68 4381 2470 3414 1967 4381 2470 3414 1967 4381 3195 1967 4381
130 478 2493 1951 626 46 2379 3421 1951 1951 478 4447 130 478 2493 1951 478 4447 130 478
495 1040 1605 3414 1951 2885 2493 495 478 2234 2150 1967 478 2234 2150 495 478 3421 495 2885
2379 46 2379 1626 811 3625 1834 811 811 3625 1834 46 2379 2379 2379 626 68 2959 2470 3414
2885 1605 3414 1951 2885 2493 495 2885 2234 2150 495 2885 46 2379 2379 2234 2150 495 2885 3421
495 1040 1605 3414 2490 2885 2493 495 2885 2234 2150 495 3332 2234 2150 495 2885 3421 495 2885
130 2379 3421 68 4381 1605 3414 2150 2885 1605 3414 495 2885 2493 495 626 2234 2150 495 2885
1967 2885 2493 2490 2885 2234 2150 2490 1040 2234 2150 1967 2885 3421 495 2885 2493 495 1040 3421
46 2379 2379 3421 4234 4381 2470 3414 1967 4381 2470 3414 4234 4381 3195 4234 3332 2234 2150 4234
4234 3332 2493 4234 3332 3421 68 68 3332 3421 68 1967 2959 3421 68 1967 3332 3421 68 1967
811 2379 2379 46 1626 811 3625 1834 46 2379 2379 2379 3421 68 2959 1605 3414 1967 3332 1605
811 3625 1834 2379 4447 130 4447 130 46 2379 2379 2379 3421 68 2959 1605 3414 495 2959 1605
68 626 1605 3414 495 3332 1605 3414 495 626 2493 495 3332 2234 2150 495 3332 2234 2150 495
2234 2150 495 1040 2379 2234 2150 495 2885 3421 495 2885 2493 495 2885 3421 68 495 1040 3421
2493 495 4381 2234 2150 1967 478 2234 2150 495 4381 3421 495 626 2493 495 478 3421 68 1951
1967 1967 2959 2234 1967 1967 2959 3414 1967 2959 2493 1967 2959 3421 68 1967 2959 3421 68 1967
495 2885 1605 3414 495 2885 1605 3414 495 2885 2493 495 2885 2234 2150 495 2885 3421 2150 495
3421 1967 4381 2493 1967 2959 3421 68 495 2959 3421 68 1967 2959 3421 68 1967 478 3421 68
626 2493 495 626 2234 2150 495 626 2234 2150 495 626 3421 495 626 2493 495 2885 3421 68
1626 811 3625 1834 46 2379 2379 2379 3421 68 2959 1605 3414 1967 3332 1605 3414 1967 626 3195
626 3421 68 495 3332 4447 130 4447 130 2885 2493 495 626 3421 68 495 626 4447 130 4447
46 1626 811 3625 1834 2379 2885 2885 130 130 46 2379 2379 4447 130 4447 130 2379 3421 68
3414 1967 4381 2493 1967 3332 2234 2150 1967 3332 2234 1967 1967 3332 3421 1967 2885 2493 1967 3332
2379 46 2379 1626 811 3625 1834 811 811 3625 1834 46 2379 2379 2379 626 68 2959 2470 3414
46 2379 2379 3421 68 2959 1605 3421 495 1605 3414 3421 495 626 2493 495 626 2234 2150 495
3626 1040 1605 3414 3626 1040 1605 3414 3626 2885 2493 3626 1040 2234 3626 3626 1040 2234 3626 3626
495 626 3421 495 4447 130 4447 130 626 2493 495 4381 3421 68 495 626 4447 130 4447 495
2150 495 3332 3421 495 626 2493 495 3332 3421 68 495 3332 3421 68 495 626 3421 68 2490
2234 1967 1967 2959 3414 1967 626 2493 1967 2959 3421 68 1967 2959 3421 68 1967 2959 3421 68
2379 46 2379 1626 811 3625 1834 46 2379 2379 3421 495 626 1605 3414 495 2959 1605 3414 495
2379 1626 811 3625 1834 2379 3421 68 2885 1605 3414 495 2885 1605 3414 1951 2885 2493 495 2885
3414 495 1040 1605 3414 1951 478 2493 495 478 2234 2150 1967 478 2234 2150 495 478 3421 495
1951 2959 2493 1967 2959 2234 1967 1967 2959 3421 1967 1967 626 3421 1967 478 2493 1967 478 3421
2885 1605 3414 495 2959 1605 3414 495 626 2493 495 2959 2234 2150 495 2885 2379 2234 2150 495
626 3421 1967 4381 2493 1967 2959 3421 68 495 2959 3421 68 1967 478 3421 68 1967 626 3421
3421 2150 1967 2959 3421 1967 4381 2493 1967 2959 3421 68 495 626 3421 68 1967 478 3421 68
1040 2234 3626 3626 1040 3421 3626 1040 2493 3626 1040 3421 3626 3626 1040 3421 3626 3626 1040 3421
2959 1605 3414 1951 2959 2493 1967 2959 2234 1967 1967 2959 3421 1967 1967 478 3421 1967 478 2493
3626 1040 2885 3626 1040 2493 3626 1040 3421 3626 3626 1040 3421 3626 3626 1040 3421 3626 3626 1040
811 3625 1834 2379 46 2379 2379 3421 68 2959 1605 3421 495 1605 3414 3414 495 626 2493 495
1605 3414 495 2885 2493 495 626 2234 2150 495 626 4447 130 4447 130 2234 2150 495 626 3421
2379 130 46 2234 1951 1951 626 3421 1951 4447 130 478 2493 1951 626 46 2379 3421 1951 1951
3625 1834 2379 3421 68 2885 1605 3414 495 478 1605 3414 1951 478 2493 495 478 2234 2150 495
2379 2379 46 1626 811 3625 1834 46 2379 2379 2379 3421 68 2959 1605 3414 1967 3332 1605 3414
626 2234 2150 495 626 2234 2150 495 626 3421 495 626 2493 495 2885 3421 68 495 626 3421
2959 626 4234 2959 2493 4234 2959 3421 4234 4234 2959 3421 4234 4234 2959 3421 68 4234 2959 3421
2379 46 1626 811 3625 1834 46 2379 2379 2379 3421 68 4381 2470 3414 1967 4381 2470 3414 1967
1951 4447 130 478 2493 1951 626 46 2379 3421 1951 1951 478 4447 130 478 2493 1951 478 4447
2959 2234 1967 1967 2959 2234 1967 1967 2959 3414 1967 2959 2493 1967 2959 3421 68 1967 2959 3421
2379 3421 68 2885 1605 3414 2490 2885 1605 3414 495 626 2493 495 2885 2234 2150 495 478 4447
495 2885 3421 495 2885 2493 495 2885 3421 68 495 3332 3421 68 495 2885 3421 68 495 2885
2379 2379 2379 626 68 2959 1605 3414 1967 2959 1605 3414 1967 2959 2493 1967 2959 2234 1967 1967
2379 46 2379 1626 811 3625 1834 811 811 3625 1834 46 2379 2379 2379 626 68 2959 1605 3414
495 2885 2493 495 4381 2234 2150 1967 478 2234 2150 495 478 3421 495 2885 2493 495 478 3421
2379 3421 3626 1040 1605 3414 3626 1040 1605 3414 3626 2885 2493 3626 1040 2234 3626 3626 1040 2234
2885 2234 2150 495 2885 3421 2150 495 2885 3421 495 2379 3421 68 2885 1605 3414 495 3332 1605
2885 2493 495 626 3421 68 495 626 3421 68 495 626 3421 68 495 2885 3421 68 495 626
2150 495 2885 3421 495 2885 2493 495 1040 3421 68 495 478 3421 68 495 478 3421 68 1967
1605 3414 1967 2959 1605 3414 1967 2959 2493 1967 2959 2234 1967 1967 2959 2234 1967 1967 2959 3414
2379 4234 3332 626 1967 2959 2493 4234 3332 3421 68 495 3332 3421 68 1967 2959 3421 68 1967
2379 2379 46 1626 811 3625 1834 46 2379 2379 2379 3421 68 626 1605 3414 68 626 1605 3414
2379 2379 2379 626 68 2959 1605 3414 1967 3332 1605 3414 1967 2959 2493 1967 3332 2234 2150 1967
3414 3626 2885 2493 3626 1040 2234 3626 3626 1040 2234 3626 3626 1040 3421 3626 1040 2493 3626 1040
3421 68 2885 1605 3414 1967 1040 1605 3414 2490 2885 2493 495 2885 2234 2150 495 1040 2234 2150
2885 1605 3414 495 2885 1605 3414 495 2885 2493 495 2885 2234 2150 495 2885 3421 2150 495 2885
1834 46 2379 2379 3421 4234 4381 2470 3414 1967 4381 2470 3414 4234 4381 3195 4234 1040 2234 2150
2379 3421 3626 1040 1605 3414 3626 1040 1605 3414 3626 2885 2493 3626 1040 2234 3626 3626 1040 2234
2379 46 1626 811 3625 1834 46 2379 2379 2379 3421 68 2959 1605 3414 68 626 1605 3414 1967
3414 4234 2959 2493 4234 3332 2234 2150 4234 3332 2234 2150 2379 1967 3332 3421 1967 2885 2493 4234
2885 1605 3414 2150 2885 1605 3414 495 2885 2493 495 626 2234 2150 495 2885 4447 130 4447 130
46 2379 2379 2379 2379 3421 68 626 1605 3414 495 2885 1605 3414 495 2885 2493 495 2885 2234
2490 2885 2493 495 1040 2234 2150 495 1040 2379 2234 2150 495 2885 3421 495 2885 2493 1967 2885
1040 2234 2150 495 1040 2379 2234 2150 495 2885 3421 495 2885 2493 495 2885 3421 68 495 1040
811 3625 1834 46 2379 2379 3421 68 4381 1605 3414 495 3332 1605 3414 1967 478 3195 1967 3332
1834 46 2379 2379 2379 626 68 4381 2470 3414 1967 4381 2470 3414 1967 4381 3195 1967 2959 2234
811 3625 1834 46 2379 2379 2379 3421 68 2959 1605 3414 1967 3332 1605 3414 1967 626 3195 2490
1626 811 3625 1834 811 811 3625 1834 46 2379 2379 2379 626 68 2959 1605 3414 1967 2959 2470
46 2379 1626 811 3625 1834 46 2379 2379 2379 3421 68 2959 1605 3414 495 2959 1605 3414 495
3625 1834 46 2379 2379 3421 68 4381 2470 3414 1967 4381 2470 3414 1967 4381 3195 1967 1040 2234
3421 495 1605 3414 3421 495 626 2493 495 2885 2234 2150 495 2885 2234 2150 495 2885 3421 495
2959 1605 3414 1967 2959 1605 3414 1951 2959 2493 1967 2959 2234 1967 1967 478 3421 1967 1967 626
1605 3414 495 2885 2493 495 626 2234 2150 495 626 4447 130 4447 130 2234 2150 495 626 3421
46 1626 811 3625 1834 46 2379 2379 2379 3421 68 2959 1605 3414 1967 3332 1605 3414 1967 2959
495 626 2493 495 626 2234 2150 495 626 2234 2150 495 626 3421 495 626 2493 495 626 3421
495 626 3421 495 626 2493 495 478 3421 68 495 626 3421 68 495 626 3421 68 495 626
1834 46 2379 2379 3421 68 626 1605 3414 495 2959 1605 3414 495 2959 2493 495 626 2234 2150
1834 46 2379 2379 3421 4234 4381 2470 3414 1967 4381 2470 3414 4234 4381 3195 4234 1040 2234 2150
495 626 2234 2150 495 626 2234 2150 495 626 3421 495 626 2493 495 2885 3421 68 495 626
2885 2493 495 626 3421 68 495 626 3421 68 495 626 3421 68 495 2885 3421 68 495 626
811 3625 1834 811 811 3625 1834 46 2379 2379 2379 626 68 2959 1605 3414 1967 3332 1605 3414
2150 4234 3332 2234 2150 2379 2490 3332 3421 2490 1040 2493 4234 3332 3421 68 68 3332 3421 68
68 2885 1605 3414 495 3332 1605 3414 495 1040 2493 495 626 3421 2150 495 1040 2234 2150 495
2379 46 2379 2379 626 68 2959 1605 3421 495 1605 3414 3414 495 2959 2493 495 626 2234 2150
68 2885 1605 3414 1967 1040 1605 3414 2490 2885 2493 495 2885 2234 2150 495 1040 2234 2150 2490
495 3332 2234 2150 495 3332 2234 2150 495 3332 3421 495 626 2493 495 3332 3421 68 68 3332
46 2379 2379 2379 626 68 2959 1605 3414 495 3332 1605 3414 1967 2959 2493 495 2959 2234 2150
1967 3332 3414 1967 2885 2493 1967 3332 3421 68 1967 3332 3421 68 1967 3332 3421 68 1967 626
1626 2379 2379 46 1626 811 3625 1834 811 811 3625 1834 46 2379 2379 2379 3421 68 626 2379
2150 1967 626 3421 2150 2490 626 3421 495 4381 2493 1967 626 3421 68 1967 4381 3421 68 1967
2959 2493 1967 2959 2234 1967 1967 2959 2234 1967 1967 2959 3414 1967 626 2493 1967 2959 3421 68
4234 2959 2493 4234 3332 2234 4234 4234 2959 2234 4234 4234 2959 626 4234 2959 2493 4234 2959 2234
2885 2493 495 2885 2234 2150 495 626 46 2379 2379 2234 495 495 2885 3421 495 2885 2493 495
4234 2959 3195 3414 4234 2959 2493 4234 3332 2234 4234 4234 2959 2234 4234 4234 2959 626 4234 2959
2379 3421 68 2885 1605 3414 2490 1040 1605 3414 2490 2885 2493 495 1040 2234 2150 495 1040 2379
495 2379 3421 68 2885 1605 3414 495 3332 1605 3414 495 2885 2493 495 626 2234 2150 495 3332
2379 3421 3626 1040 1605 3414 3626 1040 1605 3414 3626 2885 2493 3626 1040 2234 3626 3626 1040 2234
495 4381 2493 1967 2959 3421 68 495 478 3421 68 1967 2959 3421 68 1967 478 3421 68 1967
626 2493 495 626 2234 2150 495 626 4447 130 4447 130 2234 2150 495 626 3421 495 46 2379
626 3421 495 46 2379 626 2493 495 626 3421 68 495 3332 4447 130 4447 130 2885 2493 2490
2493 495 4381 2234 2150 1967 478 2234 2150 495 4381 3421 495 626 2493 495 478 3421 68 1951
2379 3421 68 2885 1605 3414 2490 1040 1605 3414 2490 2885 2493 495 1040 2234 2150 495 1040 2379
2959 2493 4234 3332 2234 2150 1967 3332 2234 2150 2379 1967 3332 3421 1967 2885 2493 68 3332 3421
811 3625 1834 46 2379 2379 2379 3421 68 2959 1605 3414 68 626 1605 3414 495 626 3195 495
2959 2493 1967 2959 2234 1967 1967 2959 3421 1967 1967 626 3421 1967 478 2493 1967 478 3421 68
3332 2234 4234 4234 2959 2234 4234 4234 2959 626 4234 2959 2493 4234 2959 2234 68 4234 2959 3421
495 626 2234 2150 495 626 3421 495 626 2493 495 626 3421 68 495 626 3421 68 495 626
3421 68 2885 1605 3414 2490 2885 1605 3414 495 626 2493 495 626 2234 2150 495 478 4447 130
2379 46 1626 811 3625 1834 811 811 3625 1834 46 2379 2379 2379 3421 68 626 2379 1605 3414
1040 1605 3414 1967 2885 2493 2490 2885 2234 2150 495 3332 2234 2150 1967 2885 3421 495 2885 2493
811 3625 1834 46 2379 2379 2379 626 68 4381 1605 3414 495 2959 1605 3414 1967 2959 3195 1967
2493 4234 3332 2234 2150 4234 3332 2234 2150 2379 1967 3332 3421 1967 2885 2493 2490 3332 3421 68
46 2379 2379 2379 3421 68 2959 1605 3414 68 2959 1605 3414 495 626 2493 495 626 2234 2150
3414 4234 2959 2493 4234 3332 2234 2150 4234 3332 2234 2150 2379 1967 3332 3421 1967 2885 2493 4234
2379 2379 46 1626 811 3625 1834 2379 46 2379 2379 3414 68 2959 1605 3421 495 1605 3414 3414
2885 1605 3414 1951 2885 2493 495 2885 2234 2150 495 2885 46 2379 2379 2234 2150 495 2885 3421
1040 2234 2150 495 1040 2379 2234 2150 495 2885 3421 495 2885 2493 495 2885 3421 68 495 1040
3414 495 1040 1605 3414 1951 478 2493 495 478 2234 2150 1967 478 2234 2150 495 478 3421 495
1626 811 3625 1834 811 811 3625 1834 46 2379 2379 2379 626 68 2959 1605 3414 495 2959 1605
3625 1834 46 2379 2379 2379 3421 1951 2959 2379 1605 3414 1951 478 1605 3414 1951 478 2493 1951
2379 46 1626 811 3625 1834 811 811 3625 1834 46 2379 2379 2379 626 68 2959 1605 3414 1967
626 2493 495 626 2234 2150 495 626 2234 2150 495 626 3421 495 626 2493 495 2885 3421 68
3625 1834 2379 2885 4447 130 130 46 2379 2379 4447 130 4447 130 2379 3421 68 2959 1605 3414
1626 811 3625 1834 46 2379 2379 2379 3421 68 4381 2470 3414 1967 4381 2470 3414 1967 4381 3195
68 626 1605 3414 495 626 2493 495 626 2234 2150 495 626 2234 2150 495 626 3421 495 626
3625 1834 46 2379 2379 2379 3421 1951 2959 2379 1605 3414 1951 478 1605 3414 1951 478 2493 1951
2234 2150 495 2885 2234 2150 495 626 3421 495 2885 2493 495 626 3421 68 495 2885 3421 68
3626 3626 1040 2885 3626 1040 2493 3626 1040 3421 3626 3626 1040 3421 3626 3626 1040 3421 3626 3626
4381 2493 1967 626 3421 68 1967 4381 3421 68 495 626 3421 68 1967 4381 3421 68 1967 4381
2885 1605 3414 2150 2885 1605 3414 495 2885 2493 495 626 2234 2150 495 2885 4447 130 4447 130
2379 3421 68 2885 1605 3414 1967 3332 1605 3414 1967 2885 2493 495 2885 2234 2150 1967 3332 2234
1951 2959 2493 1967 2959 2234 1967 1967 2959 3421 1967 1967 626 3421 1967 478 2493 1967 478 3421
4234 2959 2470 3414 4234 2959 3195 3414 4234 2959 2493 4234 3332 2234 4234 4234 2959 2234 4234 4234
626 3421 1967 4381 2493 1967 2959 3421 68 495 2959 3421 68 1967 478 3421 68 1967 626 3421
68 626 1605 3414 495 3332 1605 3414 495 626 2493 495 3332 2234 2150 495 3332 2234 2150 495
1040 2234 3626 3626 1040 3421 3626 1040 2493 3626 1040 3421 3626 3626 1040 3421 3626 3626 1040 3421
626 3421 495 2885 2493 495 626 3421 68 495 626 3421 68 495 626 3421 68 495 626 3421
2379 46 1626 811 3625 1834 2379 626 2885 130 130 46 2379 2379 4447 130 4447 130 2379 3414
1967 2959 2234 2150 1967 2959 3421 1967 68 478 3421 495 2885 2493 1967 478 3421 68 495 478
811 2379 46 2379 1626 811 3625 1834 2379 4447 130 4447 130 46 2379 2885 2379 3421 68 2959
46 2379 2379 2379 2379 3421 68 626 1605 3414 495 2885 1605 3414 495 2885 2493 495 2885 2234
2493 1951 626 46 2379 3421 1951 1951 478 4447 130 478 2493 1951 478 4447 130 478 2493 1951
811 811 3625 1834 46 2379 2379 2379 626 68 2959 1605 3414 1967 2959 1605 3414 1967 2959 3195
2234 2150 2490 3332 2234 2150 68 4381 3421 495 2885 2493 495 3332 3421 68 495 1040 3421 68
2150 495 4381 3414 1951 4381 2493 495 478 3421 68 1951 3332 3421 68 495 478 3421 68 495
2379 2379 626 68 2959 1605 3414 1967 2959 1605 3414 1967 2959 2493 1967 2959 2234 1967 1967 2959
495 626 2493 495 2959 2234 2150 495 2885 2379 2234 2150 495 626 3421 495 4447 130 4447 130
478 2234 2150 495 4381 3414 1951 478 2493 495 478 3421 68 1951 3332 3421 68 1967 478 3421
2379 3421 68 4381 1605 3414 2150 626 1605 3414 495 2885 2493 495 626 2234 2150 495 2885 4447
2379 2379 2379 3421 68 2959 1605 3414 68 626 1605 3414 495 626 2493 495 626 2234 2150 495
2234 1967 1967 2959 3414 1967 626 2493 1967 2959 3421 68 1967 2959 3421 68 1967 2959 3421 68
2150 495 2885 46 2379 2379 2234 2150 495 2885 3421 495 2885 2493 495 1040 3421 68 495 2885
68 2959 1605 3414 1967 2959 1605 3414 1951 2959 2493 1967 2959 2234 1967 495 478 3421 1967 1967
626 2234 2150 495 2885 4447 130 4447 130 2234 2150 495 626 3421 495 2885 2493 495 2885 3421
478 2234 2150 495 4381 3414 1951 478 2493 495 478 3421 68 1951 3332 3421 68 1967 478 3421
2150 495 3332 2234 2150 495 3332 3421 495 626 2493 495 3332 3421 68 68 3332 3421 68 2490
495 2885 2234 2150 2490 1040 2234 2150 68 4381 3421 495 2885 2493 495 1040 3421 68 2490 1040
2379 2379 2379 3421 1951 478 2379 1605 3414 1951 478 1605 3414 1951 478 2493 1951 478 2234 1951
68 2885 1605 3414 495 2885 1605 3414 495 626 3421 68 495 626 2234 2150 495 2885 2234 2150
3421 68 2959 1605 3421 495 1605 3414 3421 495 2885 2493 495 2885 2234 2150 495 2885 2234 2150
2150 1967 3332 2234 2150 1967 3332 3414 1967 2885 2493 1967 3332 3421 68 1967 3332 3421 68 1967
46 2379 2379 3421 68 2959 1605 3414 495 2959 1605 3414 495 2959 2493 495 626 2234 2150 495
3414 495 2885 2493 495 2885 2234 2150 495 2885 46 2379 2379 2234 2150 495 2885 3421 495 2885
626 2234 2150 2150 2959 4447 130 4447 130 2234 2150 495 626 3421 495 46 2379 2885 2493 495
2959 2493 1967 2959 2234 1967 1967 2959 2234 1967 1967 2959 3414 1967 626 2493 1967 2959 3421 68
2885 1605 3414 495 3332 1605 3414 495 2885 2493 495 626 3421 2150 495 1040 2234 2150 495 3332
2379 3421 68 2959 1605 3414 1967 2959 1605 3414 1967 2959 2493 1967 626 2234 2150 495 626 2234
495 4381 2234 2150 1967 4381 2234 2150 495 4381 3421 495 2885 2493 495 478 3421 68 495 1040
1967 1967 2959 626 1967 2959 2493 1967 2959 3421 68 1967 2959 3421 68 1967 2959 3421 68 1967
626 2493 495 626 3421 68 495 3332 4447 130 4447 130 2885 2493 495 2885 3421 68 495 626
626 2234 2150 495 2885 2379 2234 2150 495 626 3421 495 4447 130 4447 130 2885 2493 1967 4381
3414 68 626 1605 3414 495 626 2493 495 626 2234 2150 495 626 2234 2150 495 626 3421 495
2379 2379 2379 626 68 2959 1605 3414 1967 2959 1605 3414 1967 2959 2493 1967 2959 2234 1967 1967
1967 2959 1605 3414 4234 2959 2493 4234 3332 2234 2150 495 3332 2234 2150 2379 1967 3332 3421 1967
495 4381 2493 1967 2959 3421 68 495 478 3421 68 1967 2959 3421 68 1967 478 3421 68 1967
2379 2379 2379 2885 68 626 1605 3414 495 3332 1605 3414 495 478 2493 495 4381 2234 2150 1967
3414 495 2885 1605 3414 495 626 2493 495 626 2234 2150 495 626 4447 130 4447 130 2234 2150
2379 46 2379 1626 811 3625 1834 811 811 3625 1834 46 2379 2379 2379 626 68 4381 2470 3414
811 2379 2379 2379 46 1626 811 3625 1834 2379 2885 2885 130 130 46 2379 2379 4447 130 4447
4381 3414 1951 4381 2493 495 478 3421 68 1951 3332 3421 68 1967 478 3421 68 495 478 3421
46 2379 626 2493 495 626 3421 68 495 3332 4447 130 4447 130 2885 2493 495 626 3421 68
3414 4234 2959 2493 4234 3332 2234 2150 4234 3332 2234 2150 2379 1967 3332 3421 1967 2885 2493 4234
46 2379 2379 3421 3626 1040 1605 3414 3626 1040 1605 3414 3626 2885 2493 3626 1040 2234 3626 3626
1967 2959 2234 2150 1967 2959 3421 1967 68 478 3421 495 2885 2493 1967 478 3421 68 495 478
495 626 2493 495 3332 2234 2150 495 3332 2234 2150 495 3332 3421 495 2885 2493 495 3332 3421
3414 495 2885 1605 3414 1951 478 2493 495 2885 2234 2150 495 2885 46 2379 2379 2234 2150 495
3414 2150 2885 1605 3414 495 2885 2493 495 626 2234 2150 495 2885 4447 130 4447 130 2234 2150
46 1626 811 3625 1834 46 2379 2379 2379 3421 68 4381 2470 3414 1967 4381 2470 3414 1967 4381
3414 495 2959 1605 3414 495 626 2493 495 2959 2234 2150 1967 2885 2379 2234 2150 495 626 3421
495 2885 2234 2150 495 2885 3414 495 4381 2493 495 2885 3421 68 495 3332 3421 68 495 2885
1605 3414 1951 2885 2493 495 478 2234 2150 495 478 2234 2150 495 478 3421 1951 478 2493 495
811 2379 46 2379 1626 811 3625 1834 46 2379 2379 2379 3421 68 2959 1605 3414 495 2959 1605
2885 2234 2150 1967 4381 2234 2150 495 478 3421 495 4381 2493 495 478 3421 68 495 1040 3421
46 2379 2379 2379 626 4234 2959 2470 3414 4234 2959 2470 3414 4234 2959 3195 4234 3332 2234 4234
2234 2150 495 2885 3421 495 478 2493 495 2885 3421 68 495 3332 3421 68 495 2885 3421 68
495 2379 3421 68 2885 1605 3414 495 3332 1605 3414 495 2885 2493 495 626 2234 2150 495 3332
1951 4447 130 478 2493 1951 626 46 2379 3421 1951 1951 478 4447 130 478 2493 1951 478 4447
1967 2959 1605 3414 1967 478 2493 495 626 2234 2150 495 626 2234 2150 495 2885 3421 1967 4381
2379 2379 2379 3421 68 2885 1605 3414 495 2885 1605 3414 495 626 3421 68 495 626 2234 2150
811 2379 46 2379 1626 811 3625 1834 46 2379 2379 3421 495 626 1605 3414 495 2959 1605 3414
626 2234 2150 1967 626 2234 2150 1967 4381 3421 1967 2959 2493 1967 626 3421 68 1967 4381 3421
811 3625 1834 46 2379 2379 2379 3421 1951 478 2379 1605 3414 1951 478 1605 3414 1951 478 2493
2379 2234 2150 495 626 3421 495 4447 130 4447 130 626 2493 495 4381 3421 68 495 626 4447
2493 495 626 3421 68 495 626 4447 130 4447 130 626 2493 495 626 4447 130 4447 130 626
1967 2959 3421 1967 4381 2493 1967 478 3421 68 495 2959 3421 68 1967 478 3421 68 1967 626
811 3625 1834 46 2379 2379 2379 3421 68 2885 1605 3414 495 2959 1605 3414 495 626 3421 68
2379 2379 3421 68 2885 1605 3414 2490 1040 1605 3414 1967 2885 2493 1967 1040 2234 2150 1967 1040
1626 811 3625 1834 46 2379 2379 2379 626 68 4381 1605 3414 495 3332 1605 3414 495 2959 3195
2885 3421 2150 495 2885 3421 495 2379 3421 68 2885 1605 3414 495 3332 1605 3414 495 2885 2493
1967 2959 1605 3414 1951 2959 2493 1967 2959 2234 1967 1967 2959 3421 1967 1967 478 3421 1967 478
2150 1967 2959 3421 1967 4381 2493 1967 626 3421 68 1967 2959 3421 68 495 626 3421 68 1967
2379 46 1626 811 3625 1834 46 2379 2379 2379 3421 68 4381 2470 3414 1967 4381 2470 3414 1967
46 2379 1626 811 3625 1834 2379 3421 68 2885 1605 3414 495 478 1605 3414 1951 478 2493 1967
495 2885 3421 2150 495 2885 3421 495 2379 3421 68 2885 1605 3414 495 1040 1605 3414 495 2885
2234 2150 495 2885 3421 2150 495 2885 3421 495 2379 3421 68 2885 1605 3414 495 1040 1605 3414
2493 495 4381 2234 2150 1967 478 2234 2150 495 4381 3421 495 626 2493 495 478 3421 68 1951
2150 495 2885 2379 2234 2150 495 626 3421 495 4447 130 4447 130 626 2493 495 4381 3421 68
495 3332 2234 2150 2490 3332 2379 2234 2150 495 2885 3421 495 2885 2493 495 2885 3421 68 2490
3421 495 2885 2493 495 626 3421 68 495 626 4447 130 4447 130 2885 2493 495 626 4447 130
811 2379 2379 46 1626 811 3625 1834 2379 46 2379 2379 3414 68 2959 1605 3421 495 1605 3414
811 2379 2379 46 1626 811 3625 1834 46 2379 2379 2379 3421 68 2959 1605 3414 68 626 1605
626 2234 2150 495 2885 2379 2234 2150 495 626 3421 495 4447 130 4447 130 2885 2493 1967 4381
2379 46 495 1626 811 3625 1834 2379 4447 130 4447 130 46 2379 2885 2379 626 68 2959 1605
3414 495 2885 2493 495 478 2234 2150 1967 478 2234 2150 495 478 3421 495 2885 2493 495 478
68 2885 1605 3414 495 2959 1605 3414 495 626 2493 495 2959 2234 2150 495 2885 2379 2234 2150
2885 2493 4234 3332 3421 68 68 3332 3421 68 1967 2959 3421 68 1967 3332 3421 68 1967 3332
3421 495 1605 3414 3421 495 626 2493 495 2885 2234 2150 495 2885 2234 2150 495 2885 3421 495
68 2885 1605 3414 2490 1040 1605 3414 2490 2885 2493 495 1040 2234 2150 495 1040 2379 2234 2150
1605 3414 1951 2959 2493 1967 2959 2234 1967 1967 2959 3421 1967 1967 2959 3421 495 478 2493 1967
2234 2150 1967 2959 2234 2150 2490 4381 3421 1967 2959 2493 1967 626 3421 68 1967 4381 3421 68
811 2379 2379 2379 46 1626 811 3625 1834 2379 2885 2885 130 130 46 2379 2379 4447 130 4447
495 626 4447 130 4447 130 2234 2150 495 626 3421 495 46 2379 626 2493 495 626 3421 68
2885 1605 3414 495 2959 1605 3414 495 626 2493 495 2959 2234 2150 495 2885 2379 2234 2150 495
4381 3414 1951 4381 2493 495 478 3421 68 1951 3332 3421 68 1967 478 3421 68 495 478 3421
1605 3414 3626 2885 2493 3626 1040 2234 3626 3626 1040 2234 3626 3626 1040 3421 3626 1040 2493 3626
626 1605 3414 495 2885 2493 495 626 2234 2150 495 2885 2379 2234 2150 495 626 3421 495 4447
495 626 2379 2234 2150 495 626 3421 495 4447 130 4447 130 626 2493 495 4381 3421 68 1967
130 46 2234 1951 1951 626 3421 1951 4447 130 478 2493 1951 626 46 2379 3421 1951 1951 478
495 626 4447 130 4447 130 2234 2150 495 626 3421 495 46 2379 626 2493 495 626 3421 68
811 3625 1834 811 811 3625 1834 46 2379 2379 2379 3421 1951 478 2379 1605 3414 1951 478 1605
3625 1834 811 811 3625 1834 46 2379 2379 2379 3421 1951 478 2379 1605 3414 1951 478 1605 3414
1626 3625 1834 46 2379 2379 3421 68 2885 1605 3414 3626 3332 1605 3414 3626 2885 2493 3626 1040
3421 68 2885 1605 3414 2490 2885 1605 3414 495 626 2493 495 626 2234 2150 495 478 4447 130
3421 1626 2379 1626 1626 3625 1834 46 2379 2379 3421 3626 2885 1605 3414 3626 3332 1605 3414 3626
46 2379 2379 2379 3421 1951 478 2379 1605 3414 1951 478 1605 3414 1951 478 2493 1951 478 2234
2379 1626 2379 3421 68 2959 1605 3414 495 2959 1605 3414 495 626 2493 495 2959 2234 2150 1967
2379 2379 2379 2885 68 626 1605 3414 495 3332 1605 3414 495 478 2493 495 4381 2234 2150 1967
2379 1626 811 3625 1834 2379 3421 68 2885 1605 3414 495 2885 1605 3414 1951 2885 2493 495 2885
4234 2959 2470 3414 4234 2959 3195 3414 4234 2959 2493 4234 3332 2234 4234 4234 2959 2234 4234 4234
495 626 4447 130 4447 130 2234 2150 495 626 3421 495 2885 2493 495 2885 3421 68 495 626
2379 626 4234 2959 1605 3414 1967 2959 1605 3414 4234 2959 2493 4234 3332 2234 2150 1967 3332 2234
2959 1605 3414 1967 2959 2493 1967 2959 2234 1967 1967 2959 2234 1967 1967 2959 3414 1967 626 2493
811 3625 1834 46 2379 2379 2379 3421 68 2959 1605 3414 1967 3332 1605 3414 1967 626 3195 2490
46 2234 1951 1951 626 3421 1951 4447 130 478 2493 1951 626 46 2379 3421 1951 1951 478 4447
1834 46 2379 2379 2379 626 68 626 2470 3414 1967 3332 2470 3414 1967 2959 3195 1967 3332 2234
1040 2234 2150 1967 4381 3421 495 2885 2493 495 1040 3421 68 495 1040 3421 68 495 2885 3421
3625 1834 2379 3421 68 2885 1605 3414 495 478 1605 3414 1951 478 2493 495 478 2234 2150 495
46 2379 2379 2234 2150 495 626 3421 495 2885 2493 495 3332 3421 68 495 478 3421 68 1967
495 626 2493 495 626 3421 68 495 626 4447 130 4447 130 626 2493 495 626 4447 130 4447
811 3625 1834 811 811 3625 1834 46 2379 2379 2379 3421 1951 478 2379 1605 3414 1951 478 1605
2234 2150 495 2885 2234 2150 495 626 3421 495 2885 2493 495 626 3421 68 495 2885 3421 68
46 1626 811 3625 1834 811 811 3625 1834 46 2379 2379 2379 3421 1951 2959 2379 1605 3414 1951
2379 2379 626 68 2959 1605 3414 1967 2959 1605 3414 1967 2959 2493 1967 2959 2234 1967 1967 2959
68 2885 1605 3414 495 2959 1605 3414 495 626 2493 495 2959 2234 2150 495 2885 2379 2234 2150
3414 495 1040 2493 495 626 2234 2150 495 3332 2234 2150 495 3332 3421 495 2885 2493 495 3332
4234 2959 1605 3414 1967 2959 1605 3414 4234 2959 2493 4234 3332 2234 2150 495 3332 2234 2150 2379
2379 46 2379 2379 2379 2379 3421 68 2885 1605 3414 495 2885 1605 3414 495 2885 2493 495 2885
1834 46 2379 2379 3421 3626 4381 1605 3414 3626 1040 1605 3414 3626 2885 2493 3626 1040 2234 3626
46 1626 811 3625 1834 46 2379 2379 2379 626 68 2959 1605 3414 495 3332 1605 3414 1967 2959
2234 2150 495 626 3421 495 626 2493 495 626 3421 68 495 626 4447 130 4447 130 478 2493
2493 495 3332 2234 2150 495 3332 2234 2150 495 3332 3421 495 626 2493 495 3332 3421 68 68
2379 2379 2379 3421 68 626 1605 3414 1967 3332 1605 3414 1967 2885 2493 495 2885 2234 2150 1967
2150 1967 3332 2234 2150 1967 3332 3414 1967 2885 2493 1967 3332 3421 68 1967 3332 3421 68 1967
1605 3414 495 626 2493 495 3332 2234 2150 495 3332 2234 2150 495 3332 3421 495 2885 2493 495
2959 2234 1967 1967 2959 2234 1967 1967 2959 3414 1967 2959 2493 1967 2959 3421 68 1967 2959 3421
2379 3421 1951 478 2379 1605 3414 1951 478 1605 3414 1951 478 2493 1951 478 2234 1951 1951 478
2150 495 3332 2234 2150 495 3332 3421 495 626 2493 495 3332 3421 68 68 3332 3421 68 2490
2150 1967 2959 3421 1967 4381 2493 1967 626 3421 68 1967 2959 3421 68 495 626 3421 68 1967
626 1605 3414 68 626 1605 3414 495 478 2493 495 626 2234 2150 495 626 2234 2150 495 626
1605 3414 1967 2959 1605 3414 1967 478 2493 495 626 2234 2150 495 626 3421 2150 495 626 3421
3332 2234 2150 495 3332 3421 495 626 2493 495 3332 3421 68 1967 3332 3421 68 495 626 3421
2885 1605 3414 495 2885 1605 3414 495 626 2493 495 626 2234 2150 495 2885 4447 130 4447 130
46 2379 1626 811 3625 1834 811 811 3625 1834 46 2379 2379 2379 626 68 2959 1605 3414 1967
2150 495 626 3421 495 4381 2493 495 626 3421 68 495 626 3421 68 495 2885 3421 68 495
2234 2150 495 2885 3421 495 478 2493 495 2885 3421 68 495 3332 3421 68 495 2885 3421 68
2379 2379 3421 1951 478 2379 1605 3414 1951 478 1605 3414 1951 478 2493 1951 478 2234 1951 1951
626 3421 1967 4381 2493 1967 626 3421 68 1967 4381 3421 68 1967 626 3421 68 1967 4381 3421
2379 46 2379 1626 811 3625 1834 811 811 3625 1834 46 2379 2379 2379 626 68 2959 2470 3414
4447 130 4447 130 2379 3421 68 626 1605 3414 2150 626 1605 3414 495 2885 2493 495 626 2234
3421 495 2885 1605 3414 495 2885 1605 3414 495 2885 2493 495 2885 2234 2150 495 2885 3421 2150
2379 1626 811 3625 1834 811 811 3625 1834 46 2379 2379 2379 626 68 4381 2470 3414 1967 4381
68 2959 1605 3414 1967 4381 1605 3414 1967 478 2493 495 626 2234 2150 495 626 3421 2150 1967
2493 495 2959 2234 2150 495 626 2379 2234 2150 495 626 3421 495 4447 130 4447 130 626 2493
2379 2379 46 1626 811 3625 1834 46 2379 2379 2379 3421 68 4381 2470 3414 1967 4381 2470 3414
495 3332 3421 495 626 2493 495 3332 3421 68 495 3332 3421 68 495 626 3421 68 495 626
2150 495 626 3421 495 4381 2493 495 626 3421 68 495 626 3421 68 495 2885 3421 68 495
811 3625 1834 46 2379 2379 2379 3421 68 4381 2470 3414 1967 4381 2470 3414 1967 4381 3195 1967
3414 495 3332 1605 3414 495 626 2493 495 3332 2234 2150 495 3332 2234 2150 495 3332 3421 495
2234 2150 495 626 3421 495 4447 130 4447 130 626 2493 495 4381 3421 68 495 626 4447 130
2379 3421 3626 1040 1605 3414 3626 1040 1605 3414 3626 2885 2493 3626 1040 2234 3626 3626 1040 2234
626 4234 2959 2493 4234 2959 3421 4234 4234 2959 3421 4234 4234 2959 3421 68 4234 2959 3421 4234
2234 2150 1967 3332 2234 2150 68 3332 3414 1967 2885 2493 1967 3332 3421 68 1967 3332 3421 68
495 626 2234 2150 495 3332 2234 2150 495 3332 3421 495 2885 2493 495 3332 3421 68 495 3332
46 2379 2379 2379 626 68 2959 2470 3414 1967 3332 1605 3414 1967 2959 3195 1967 3332 2234 2150
2150 495 3332 3421 495 2885 2493 495 3332 3421 68 495 3332 46 2379 3421 68 495 3332 3421
3626 3626 1040 2885 3626 1040 2493 3626 1040 3421 3626 3626 1040 3421 3626 3626 1040 3421 3626 3626
1967 2959 1605 3414 4234 2959 2493 4234 3332 2234 2150 495 3332 2234 2150 2379 1967 3332 3421 1967
1951 478 2379 1605 3414 1951 478 1605 3414 1951 478 2493 1951 478 2234 1951 1951 478 4447 2379
1605 3414 495 2885 2493 495 626 2234 2150 495 626 4447 130 4447 130 2234 2150 495 626 3421
495 626 3421 495 2885 2493 495 626 3421 68 495 626 3421 68 495 2885 3421 68 495 2885
3332 2234 2150 1967 3332 3414 1967 2885 2493 1967 3332 3421 68 1967 3332 3421 68 1967 3332 3421
1626 811 3625 1834 2379 3421 68 2885 1605 3414 495 2885 1605 3414 1951 2885 2493 495 478 2234
4234 4234 2959 626 4234 2959 2493 4234 2959 3421 4234 4234 2959 3421 4234 4234 2959 3421 4234 4234
811 2379 46 2379 1626 811 3625 1834 2379 4447 130 4447 130 46 2379 2885 2379 3421 68 2959
2493 495 626 2234 2150 495 3332 2234 2150 495 3332 3421 495 2885 2493 495 3332 3421 68 495
811 2379 46 2379 1626 811 3625 1834 46 2379 2379 2379 3421 68 2959 1605 3414 495 2959 1605
2234 2150 495 3332 2234 2150 495 3332 3421 495 2885 2493 495 3332 3421 68 495 3332 46 2379
495 1040 2493 495 626 2234 2150 495 3332 2234 2150 495 3332 3421 495 2885 2493 495 3332 3421
46 1626 811 3625 1834 46 2379 2379 2379 3421 68 2959 1605 3414 68 626 1605 3414 1967 626
2150 495 626 2234 2150 495 626 3421 495 626 2493 495 626 3421 68 495 626 3421 68 495
2379 46 1626 811 3625 1834 46 2379 2379 2379 3421 68 2959 1605 3414 68 626 1605 3414 1967
1967 4381 2493 1967 3332 2234 1967 1967 3332 2234 1967 1967 3332 3414 1967 2885 2493 1967 3332 3421
1626 811 3625 1834 46 2379 2379 2379 626 68 2959 1605 3414 495 3332 1605 3414 495 626 3195
2234 2150 2490 3332 2234 2150 68 4381 3421 495 2885 2493 495 3332 3421 68 495 1040 3421 68
1967 2959 2234 1967 1967 2959 3414 1967 626 2493 1967 2959 3421 68 1967 2959 3421 68 1967 2959
626 2493 495 626 3421 68 495 626 4447 130 4447 130 626 2493 495 626 4447 130 4447 130
46 2379 2379 4447 130 4447 130 2379 3421 68 2959 1605 3414 2150 626 1605 3414 495 626 2493
2379 2379 3421 68 2885 1605 3414 1967 1040 1605 3414 1967 2885 2493 495 2885 2234 2150 1967 1040
4381 2493 1967 3332 2234 2150 1967 3332 2234 1967 1967 3332 3414 1967 2885 2493 1967 3332 3421 68
3626 3626 1040 2885 3626 1040 2493 3626 1040 3421 3626 3626 1040 3421 3626 3626 1040 3421 3626 3626
3414 1967 2959 1605 3414 1967 2959 2493 1967 2959 2234 1967 1967 2959 2234 1967 1967 2959 3414 1967
2234 2150 495 2885 3421 2150 495 2885 3421 495 2379 3421 68 2885 1605 3414 495 1040 1605 3414
68 2885 1605 3414 1967 1040 1605 3414 2490 2885 2493 495 2885 2234 2150 495 1040 2234 2150 2490
2379 4447 130 4447 130 46 2379 1626 2379 3421 68 2959 1605 3414 495 2959 1605 3414 1967 626
2379 2234 2150 495 2885 3421 495 478 2493 495 2885 3421 68 495 1040 3421 68 495 2885 3421
3625 1834 46 2379 2379 2379 626 68 4381 1605 3414 495 4381 2470 3414 1967 4381 3195 1967 2959
1834 46 2379 46 2379 2379 2379 2379 3421 68 2959 1605 3414 1967 2959 1605 3414 1967 2885 3195
1605 3414 1967 2959 1605 3414 1967 2959 2493 1967 2959 2234 1967 1967 2959 2234 1967 1967 2959 3414
626 1605 3414 495 2885 2493 495 626 2234 2150 495 626 4447 130 4447 130 2234 2150 495 626
3414 495 3332 1605 3414 495 626 2493 495 3332 2234 2150 495 3332 2234 2150 495 3332 3421 495
1605 3414 495 2885 2493 495 626 2234 2150 495 626 4447 130 4447 130 2234 2150 495 626 3421
4234 3332 2234 2150 4234 3332 2234 2150 2379 2490 3332 3421 1967 2885 2493 4234 3332 3421 68 4234
2234 2150 495 3332 2234 2150 495 3332 3421 495 2885 2493 495 3332 3421 68 495 3332 46 2379
2379 2379 46 1626 811 3625 1834 811 811 3625 1834 46 2379 2379 2379 626 68 2959 1605 3414
1626 811 3625 1834 46 2379 2379 2379 626 68 4381 1605 3414 495 3332 1605 3414 495 2959 3195
2493 495 2885 2234 2150 495 2885 3421 2150 495 2885 3421 495 2379 3421 68 2885 1605 3414 495
2150 2490 3332 2234 2150 2490 4381 3421 495 2885 2493 495 3332 3421 68 2490 1040 3421 68 2490
495 2885 1605 3414 495 626 2493 495 626 2234 2150 495 626 4447 130 4447 130 2234 2150 495
626 3421 495 4447 130 4447 130 626 2493 495 4381 3421 68 495 626 4447 130 4447 495 626
626 3421 2150 1967 4381 3421 1967 4381 2493 1967 626 3421 68 1967 4381 3421 68 495 626 3421
2150 626 1605 3414 495 2885 2493 495 626 2234 2150 495 626 4447 130 4447 130 2234 2150 495
626 1605 3414 68 626 1605 3414 495 478 2493 495 626 2234 2150 495 626 2234 2150 495 626
3332 3421 495 2885 2493 495 3332 3421 68 495 3332 46 2379 3421 68 495 3332 3421 68 495
626 4447 130 4447 130 2234 2150 495 626 3421 495 46 2379 626 2493 495 626 3421 68 495
2150 495 2885 2379 2234 2150 495 626 3421 495 4447 130 4447 130 626 2493 495 4381 3421 68
2959 1605 3414 4234 2959 2493 4234 3332 2234 2150 495 3332 2234 2150 2379 1967 3332 3421 1967 2885
2379 46 1626 811 3625 1834 46 2379 2379 2379 626 68 4381 2470 3414 495 4381 1605 3414 495
2379 2379 2379 2379 3421 68 2885 1605 3414 495 2885 1605 3414 495 2885 2493 495 2885 2234 2150
2150 495 626 3421 495 626 2493 495 478 3421 68 495 626 3421 68 495 626 3421 68 495
46 2379 2379 2379 3421 68 2959 1605 3414 68 2959 1605 3414 495 626 2493 495 626 2234 2150
626 3421 2150 1967 4381 3421 1967 4381 2493 1967 626 3421 68 1967 4381 3421 68 495 626 3421
626 4234 2959 1605 3414 4234 2959 3195 3414 4234 2959 2493 4234 3332 2234 4234 4234 2959 2234 4234
1040 1605 3414 3626 1040 1605 3414 3626 2885 2493 3626 1040 2234 3626 3626 1040 2234 3626 3626 1040
1605 3414 3626 2885 2493 3626 1040 2234 3626 3626 1040 2234 3626 3626 1040 3421 3626 1040 2493 3626
2379 46 2379 1626 811 3625 1834 46 2379 2379 3421 68 4381 2470 3414 1967 4381 2470 3414 4234
3414 1967 3332 1605 3414 1967 4381 2493 1967 3332 2234 2150 1967 3332 2234 2150 1967 1040 3421 1967
2379 2379 46 1626 811 3625 1834 46 2379 2379 2379 626 68 2959 1605 3414 495 3332 1605 3414
2234 2150 495 626 3421 495 626 2493 495 626 3421 68 495 626 4447 130 4447 130 478 2493
811 3625 1834 811 811 3625 1834 46 2379 2379 2379 3421 68 4381 2470 3414 1967 4381 2470 3414
1605 3414 2490 1040 2493 495 626 3421 2150 495 3332 2234 2150 495 3332 3421 495 2885 2493 495
3195 3414 4234 2959 2493 4234 3332 2234 4234 4234 2959 2234 4234 4234 2959 626 4234 2959 2493 4234
1626 2379 1626 1626 3625 1834 46 2379 2379 3421 3626 2885 1605 3414 3626 3332 1605 3414 3626 2885
3414 1967 4381 2493 1967 3332 2234 2150 1967 3332 2234 1967 1967 3332 3421 1967 2885 2493 1967 3332
2493 1967 2959 2234 2150 1967 2959 3421 1967 68 2959 3421 1967 478 2493 1967 478 3421 68 1967
3626 3626 1040 2885 3626 1040 2493 3626 1040 3421 3626 3626 1040 3421 3626 3626 1040 3421 3626 3626
2379 46 1626 811 3625 1834 46 2379 2379 2379 626 68 2959 1605 3414 495 3332 1605 3414 1967
2379 1626 811 3625 1834 2379 4447 130 4447 130 46 2379 2885 2379 3421 68 2959 1605 3414 495
2379 2379 2379 626 68 2959 1605 3414 1967 3332 1605 3414 1967 2959 2493 1967 3332 2234 2150 1967
2885 1605 3414 495 2885 1605 3414 495 626 2493 495 626 2234 2150 495 2885 4447 130 4447 130
1951 2959 2493 1967 2959 2234 1967 1967 2959 3421 1967 1967 626 3421 1967 478 2493 1967 478 3421
2379 46 1626 811 3625 1834 811 811 3625 1834 46 2379 2379 2379 626 68 2959 1605 3414 1967
1967 4381 2493 1967 626 3421 68 1967 4381 3421 68 1967 626 3421 68 1967 4381 3421 68 1967
1626 811 3625 1834 2379 46 2379 2379 3421 68 2959 1605 3421 495 1605 3414 3414 495 626 2493
130 2379 3421 68 4381 1605 3414 2150 2885 1605 3414 495 2885 2493 495 626 2234 2150 495 2885
2885 3421 2150 495 2885 3421 495 2379 3421 68 2885 1605 3414 495 3332 1605 3414 495 2885 2493
2379 2379 2379 46 1626 811 3625 1834 2379 2885 2885 130 130 46 2379 2379 4447 130 4447 130
2379 46 1626 811 3625 1834 2379 46 2379 2379 626 68 2959 1605 3421 495 1605 3414 3414 495
3421 68 2885 1605 3414 1967 1040 1605 3414 2490 2885 2493 495 2885 2234 2150 495 1040 2234 2150
478 2493 1951 478 2234 1951 1951 478 4447 2379 130 46 2234 1951 1951 626 3421 1951 4447 130
1040 1605 3414 2490 2885 2493 495 1040 2234 2150 495 1040 2379 2234 2150 495 2885 3421 495 2885
3421 68 2885 1605 3414 2490 2885 1605 3414 495 626 2493 495 626 2234 2150 495 478 4447 130
1967 2959 2234 1967 1967 2959 2234 1967 1967 2959 3414 1967 626 2493 1967 2959 3421 68 1967 2959
1951 478 2493 1951 478 2234 1951 1951 478 4447 2379 130 46 2234 1951 1951 478 3421 1951 4447
2379 2379 2379 3421 68 2885 1605 3414 495 2885 1605 3414 495 626 3421 68 495 626 2234 2150
495 3332 2234 2150 495 3332 3421 495 626 2493 495 3332 3421 68 68 3332 3421 68 495 626
3421 495 2885 2493 495 626 3421 68 495 626 3421 68 495 626 3421 68 495 2885 3421 68
2493 495 2885 2234 2150 495 2885 3421 2150 495 2885 3421 495 2379 3421 68 2885 1605 3414 495
1605 3414 495 3332 1605 3414 495 2885 2493 495 626 2234 2150 495 3332 2234 2150 495 3332 3421
46 2379 2379 2234 2150 495 626 3421 495 2885 2493 495 3332 3421 68 495 478 3421 68 1967
1605 3414 1951 478 2493 1951 478 2234 1951 1951 478 4447 2379 130 46 2234 1951 1951 478 3421
1967 2959 1605 3414 1967 2959 2493 1967 2959 2234 1967 1967 2959 2234 1967 1967 2959 3414 1967 626
3421 2150 495 2885 3421 495 2379 3421 68 2885 1605 3414 495 3332 1605 3414 495 2885 2493 495
3414 4234 2959 2493 4234 3332 2234 4234 4234 2959 2234 4234 4234 2959 626 4234 2959 2493 4234 2959
1626 811 3625 1834 46 2379 2379 3421 68 2959 1605 3414 495 3332 1605 3414 1967 2959 3195 1967
1605 3414 495 3332 1605 3414 495 626 2493 495 3332 2234 2150 495 3332 2234 2150 495 3332 3421
811 811 3625 1834 46 2379 2379 2379 3421 1951 478 2379 1605 3414 1951 478 1605 3414 1951 478
495 2379 3421 68 2885 1605 3414 495 3332 1605 3414 495 2885 2493 495 626 2234 2150 495 3332
1605 3414 68 626 1605 3414 495 478 2493 495 626 2234 2150 495 626 2234 2150 495 626 3421
46 1626 811 3625 1834 46 2379 2379 2379 626 68 4381 2470 3414 495 4381 1605 3414 495 4381
3625 1834 46 2379 2379 2379 3421 1951 2959 2379 1605 3414 1951 478 1605 3414 1951 478 2493 1951
2379 2379 4447 130 4447 130 2379 3421 68 626 1605 3414 2150 626 1605 3414 495 2885 2493 495
1605 3414 495 2885 1605 3414 495 626 3421 68 495 626 2234 2150 495 2885 2234 2150 495 626
2493 2490 4381 2234 2150 2490 3332 2234 2150 2490 4381 3421 495 2885 2493 495 1040 3421 68 2490
1626 811 3625 1834 811 811 3625 1834 46 2379 2379 2379 626 68 2959 1605 3414 1967 3332 1605
811 2379 2379 46 1626 811 3625 1834 2379 46 2379 2379 3414 68 2959 1605 3421 495 1605 3414
68 2885 1605 3414 2150 2885 1605 3414 495 2885 2493 495 626 2234 2150 495 2885 4447 130 4447
3414 1967 2959 1605 3414 1967 478 2493 495 626 2234 2150 1967 626 2234 2150 495 626 3421 1967
2379 3421 68 2885 1605 3414 495 626 1605 3414 495 626 3421 68 495 2885 2234 2150 495 2885
3414 495 626 2493 495 2959 2234 2150 495 2885 2379 2234 2150 495 626 3421 495 4447 130 4447
2379 2379 2379 626 4234 2959 3195 3414 4234 2959 1605 3414 4234 2959 2493 4234 3332 2234 4234 4234
626 3421 2150 495 626 3421 495 626 2493 495 626 3421 68 495 2885 3421 68 495 626 3421
3332 626 1967 1040 2493 2490 3332 3421 68 2490 3332 3421 68 1967 2959 3421 68 1967 3332 3421
