240 240 240 420 420 240 366 366 366 366 366 366 366 366 366 366 366 366 366 366
168 282 168 240 282 168 240 282 282 168 240 282 282 240 282 282 240 240 282 170
170 170 282 168 112 112 240 282 168 168 282 282 168 168 282 168 240 282 168 240
170 170 170 170 22 69 170 22 22 282 22 22 22 170 282 22 22 22 282 22
22 282 282 22 22 282 22 282 282 282 22 22 22 282 22 22 282 282 282 22
69 69 170 170 112 112 240 282 168 168 282 282 168 168 282 168 282 240 240 282
366 366 366 366 366 366 366 366 366 420 420 112 112 240 282 170 22 282 69 69
366 420 420 112 112 240 282 170 22 282 69 69 282 69 170 170 170 170 22 69
168 112 112 240 282 168 168 282 282 168 168 282 168 240 282 168 240 282 282 168
22 282 22 22 282 282 22 22 282 22 22 282 282 22 22 22 282 22 22 22
22 282 282 22 22 22 282 22 22 282 22 282 22 282 22 282 22 282 22 22
240 240 240 240 240 170 282 170 22 240 282 69 69 69 69 170 170 170 170 22
420 420 240 240 240 240 420 420 420 420 420 420 420 420 420 366 366 366 366 366
69 282 69 170 170 170 170 22 69 240 22 22 282 22 22 22 282 22 22 22
282 22 22 22 282 22 282 282 69 69 170 420 420 22 170 69 282 170 170 282
420 240 240 240 240 420 420 420 420 420 420 420 420 420 366 366 366 366 366 366
366 366 366 366 420 420 112 112 170 282 170 22 282 69 69 282 69 170 170 170
366 366 366 366 366 366 366 366 420 420 112 112 240 282 170 22 282 69 69 282
22 282 282 282 282 69 69 170 22 170 69 69 170 170 240 282 170 22 282 69
282 168 240 282 282 240 282 240 112 112 240 282 168 366 282 69 69 282 240 170
22 282 22 22 282 282 282 22 22 22 22 282 282 22 22 22 282 282 22 22
366 366 366 366 366 366 366 366 366 366 420 420 112 112 240 282 170 22 282 69
420 240 240 240 112 240 240 240 112 170 282 170 22 282 69 69 282 69 170 170
22 22 282 22 282 168 240 282 282 282 282 282 168 168 69 170 282 240 240 282
282 22 282 22 22 282 22 282 282 282 282 22 282 282 69 69 170 420 420 420
168 168 168 282 240 282 168 240 282 168 240 282 240 240 282 168 240 282 420 420
22 282 282 22 22 282 282 22 22 22 282 22 22 22 282 22 282 22 282 22
22 22 22 282 282 22 22 22 282 22 282 22 282 22 282 22 282 22 22 282
22 282 22 22 22 282 22 22 282 282 282 282 22 282 282 282 69 69 170 420
22 22 22 282 22 22 69 69 170 170 282 282 22 22 282 22 22 282 282 22
282 420 420 420 420 282 240 420 420 240 366 366 366 366 366 366 366 366 366 366
22 282 22 282 22 22 282 22 282 22 282 22 22 282 282 22 22 282 22 22
22 282 22 22 22 282 22 282 22 22 282 22 282 282 22 22 22 282 282 282
22 22 282 22 22 22 282 22 22 22 282 22 22 282 282 22 22 282 22 22
69 170 22 170 69 282 170 170 240 282 170 22 282 69 69 282 69 170 170 170
69 240 170 168 168 69 69 170 170 22 69 168 366 112 22 240 282 240 240 240
366 366 366 366 366 366 366 366 366 366 366 366 366 420 420 112 112 240 282 170
22 69 170 22 22 282 22 22 22 282 22 22 22 282 22 22 282 282 282 22
22 282 22 22 282 22 22 282 22 282 282 22 282 282 282 282 69 240 420 420
170 22 282 69 69 282 69 170 170 170 170 22 69 170 22 22 282 22 22 22
69 69 170 170 170 170 22 69 240 22 22 282 22 22 22 282 22 22 22 282
22 22 22 282 282 22 22 282 22 282 22 282 22 282 22 282 22 22 282 22
170 240 282 282 168 240 282 240 240 282 170 22 282 69 69 282 69 170 170 170
170 22 22 282 22 22 22 282 22 22 22 282 22 22 282 282 22 282 22 282
366 420 420 112 112 240 282 170 22 282 69 69 240 69 170 170 170 170 22 69
22 282 22 22 282 282 22 282 22 22 22 282 282 22 22 22 22 282 282 22
282 22 22 282 22 22 282 22 22 282 22 282 22 282 282 282 282 69 170 420
282 282 282 22 282 282 69 170 240 240 420 420 240 366 366 366 366 366 366 366
22 282 22 22 282 22 282 22 282 22 22 282 282 22 22 282 22 22 282 22
282 282 22 22 170 282 22 282 22 22 282 22 282 22 282 22 22 22 282 282
282 168 240 282 282 168 168 282 168 240 282 170 240 282 282 240 240 282 240 240
170 170 22 69 240 22 22 282 22 22 22 282 22 22 22 282 22 22 282 282
366 366 366 366 366 366 366 366 366 366 366 366 366 366 366 420 420 420 420 420
282 22 22 22 282 22 22 282 282 282 22 22 22 22 282 282 282 282 22 282
420 420 366 366 366 366 366 366 366 366 366 366 366 366 366 366 366 366 420 420
240 240 240 240 282 170 22 282 69 69 69 69 170 170 170 170 22 69 170 22
282 420 420 420 420 282 240 420 420 240 366 366 366 366 366 366 366 366 366 366
366 366 366 366 366 366 366 366 366 366 366 366 366 420 420 112 112 240 282 170
69 170 22 170 69 282 170 170 240 282 170 22 282 69 69 282 69 170 170 170
282 22 22 282 22 282 22 22 282 22 22 282 22 22 282 22 282 22 282 282
282 69 69 240 69 170 170 170 170 22 69 170 22 22 282 22 22 22 282 22
282 22 22 22 282 22 22 22 282 22 22 282 282 22 22 282 22 22 22 282
69 240 22 22 282 22 22 22 282 22 22 22 282 22 22 282 282 282 22 22
366 366 366 366 366 366 366 420 420 112 112 240 282 170 22 282 69 69 69 69
282 240 240 240 240 240 240 240 240 282 240 240 240 240 240 240 240 240 240 240
22 282 22 22 282 22 22 22 282 22 282 282 282 22 282 282 282 420 69 69
366 366 366 366 366 366 366 366 366 366 366 366 420 420 112 112 240 282 170 22
240 282 170 22 282 69 69 69 69 170 170 170 170 22 69 240 22 22 282 22
22 22 282 22 22 22 282 22 22 282 282 22 282 22 22 22 22 282 282 22
170 22 282 69 69 282 69 170 170 170 170 22 69 240 22 22 282 22 22 22
420 420 112 112 240 282 170 22 282 69 69 282 69 170 170 170 170 22 69 240
170 170 170 22 69 240 22 22 282 22 22 22 282 22 22 22 282 22 22 282
22 22 22 22 282 282 22 282 282 22 282 282 282 282 69 69 170 22 170 69
282 69 69 69 69 170 170 170 170 22 69 240 22 22 282 22 22 22 282 22
240 240 240 240 240 420 240 240 240 240 420 420 240 240 420 420 420 420 420 420
282 22 282 22 282 22 22 22 282 282 22 22 22 282 282 22 22 282 22 282
170 22 69 240 22 22 282 22 22 22 282 22 22 22 282 22 22 282 22 22
22 282 282 22 22 282 22 22 282 22 22 22 282 22 240 282 22 282 282 282
282 22 282 282 69 170 240 240 420 420 240 366 366 366 366 366 366 366 366 366
282 170 22 282 69 69 282 69 170 170 170 170 22 69 240 22 22 282 22 22
366 366 366 366 366 366 366 366 366 366 366 366 366 366 366 420 420 420 420 420
282 240 240 282 168 240 282 282 168 168 168 282 240 282 240 240 282 168 240 282
22 240 22 22 282 282 22 22 22 282 282 22 22 22 282 22 282 22 22 282
22 282 282 282 22 22 22 22 282 282 22 282 22 282 282 282 282 69 69 170
282 22 282 22 282 22 282 22 282 22 22 282 22 22 282 22 22 22 282 22
22 282 22 22 22 420 420 282 22 22 22 282 22 22 282 282 22 22 282 22
22 282 22 22 282 22 22 22 282 22 282 282 69 69 170 420 420 22 170 69
22 282 22 282 22 282 22 282 282 22 22 282 22 22 282 22 22 282 22 22
22 282 22 22 22 282 22 22 282 282 282 22 22 22 22 282 282 282 282 22
22 282 22 282 282 282 282 69 69 240 69 22 170 170 170 170 282 282 282 22
282 240 240 282 168 240 282 282 168 240 282 240 240 282 170 22 282 69 69 282
22 282 22 170 282 22 282 22 282 22 282 22 282 22 282 22 22 282 22 22
22 282 282 22 282 282 22 282 282 282 282 69 69 170 22 170 69 282 170 170
282 22 282 282 69 69 170 420 22 170 282 69 282 170 170 240 420 240 240 240
170 22 282 69 69 282 69 170 170 170 170 22 69 240 22 22 282 22 22 22
240 240 240 282 170 22 282 69 69 282 69 170 170 170 170 22 282 240 170 22
170 170 22 69 240 22 22 282 22 22 22 282 22 22 22 282 22 22 282 282
240 282 170 22 240 282 69 69 69 69 170 170 170 170 22 69 170 22 22 282
22 22 22 282 282 22 22 282 22 282 282 282 282 22 282 282 69 69 170 420
420 420 282 22 22 22 282 22 22 282 282 22 22 282 22 22 22 282 282 22
170 170 22 69 240 22 22 282 22 22 22 282 22 22 22 282 22 22 282 282
282 282 22 22 22 282 22 22 22 282 22 282 22 22 282 22 282 282 22 22
282 22 282 240 240 22 22 22 282 22 22 240 240 282 282 22 282 282 69 69
22 22 22 282 282 22 22 22 282 22 22 282 22 282 22 282 22 282 22 282
69 69 170 170 240 69 170 22 282 69 69 282 69 170 170 170 170 22 69 170
170 240 69 282 240 282 282 240 240 282 170 22 282 69 69 282 69 170 170 170
22 282 22 22 22 282 22 22 282 282 282 282 22 282 282 282 69 69 170 420
22 22 22 282 282 22 22 22 282 282 22 22 22 282 22 282 22 282 22 282
420 420 420 22 170 282 69 282 170 170 112 112 240 282 168 240 282 282 168 168
170 170 22 282 22 22 22 240 282 22 22 170 240 282 22 22 240 240 240 282
366 366 366 366 366 366 366 366 366 366 420 420 112 112 240 282 170 22 282 69
22 22 282 22 22 282 282 22 22 282 282 22 282 282 22 282 282 282 69 69
22 22 282 282 22 22 282 22 282 22 282 22 282 22 282 22 282 22 22 282
282 69 69 170 22 170 69 282 170 170 170 282 170 22 282 69 69 69 69 170
69 69 240 69 170 170 170 170 22 69 240 22 22 282 22 22 22 282 22 22
170 420 420 420 22 170 69 282 170 170 112 112 240 282 168 240 282 282 168 168
69 240 22 22 282 22 22 22 282 22 22 22 282 22 22 282 282 282 22 22
420 420 420 420 420 420 420 366 366 366 366 366 366 366 366 366 366 366 366 366
22 282 282 22 22 22 22 282 22 22 282 22 282 22 282 22 282 22 282 22
69 170 22 170 282 22 22 22 282 22 22 69 69 170 170 282 282 22 22 282
69 170 420 420 22 170 282 69 282 170 170 112 112 240 282 168 240 282 282 168
282 170 22 282 69 69 282 69 170 170 170 170 22 69 170 22 22 282 22 22
240 282 240 240 240 282 240 240 282 420 420 282 240 240 282 170 22 282 69 69
168 240 282 282 168 168 282 168 240 282 168 240 282 282 168 240 282 282 240 240
170 69 240 170 22 170 282 22 22 170 282 22 22 282 22 22 22 282 22 282
170 420 420 420 170 170 69 282 170 170 112 112 240 282 168 240 282 282 168 168
420 420 240 240 240 240 420 420 420 420 420 420 420 420 420 366 366 366 366 366
240 240 240 240 420 420 420 420 420 420 420 420 420 366 366 366 366 366 366 366
168 240 282 282 240 170 282 170 22 282 69 69 282 69 170 170 170 170 22 69
22 282 22 22 282 22 282 22 282 282 282 282 69 170 420 420 420 420 420 420
282 22 22 22 282 282 22 22 282 22 282 22 282 22 282 22 282 22 282 22
170 170 170 170 22 69 240 22 22 282 22 22 22 282 22 22 22 282 22 22
22 22 22 282 282 22 22 22 282 22 22 282 22 22 282 22 282 22 282 282
240 282 240 240 240 168 240 240 282 170 22 282 69 69 282 69 170 170 170 170
282 69 170 170 170 170 22 69 170 22 22 282 22 22 22 282 22 22 22 282
112 420 240 240 282 168 240 282 282 168 168 282 168 240 240 240 240 240 240 282
22 22 282 282 22 282 22 282 22 22 22 282 282 22 282 282 282 282 69 69
366 366 366 366 366 366 366 366 366 366 366 366 366 366 366 420 420 112 112 240
22 282 22 282 22 282 282 282 282 22 282 69 170 420 420 420 420 420 420 420
22 22 282 282 22 282 22 22 22 282 282 22 282 282 22 282 282 282 282 69
22 22 282 282 282 282 22 282 282 420 69 69 170 22 170 282 69 282 170 170
240 282 22 22 22 282 22 22 282 170 282 22 282 22 22 282 22 22 282 22
170 240 282 170 22 282 69 69 282 69 170 170 170 170 22 69 240 22 22 282
22 282 282 282 282 69 170 240 240 240 240 240 240 240 240 240 240 240 240 240
22 22 240 240 282 282 22 282 282 69 69 170 420 22 170 282 69 282 170 170
282 22 240 282 22 282 282 282 282 69 170 240 240 240 240 240 240 240 240 240
282 22 282 22 22 282 282 22 170 22 22 282 22 282 22 22 282 282 22 282
282 22 282 22 282 22 282 22 282 22 22 22 282 282 22 22 282 22 22 282
282 240 240 282 282 240 240 282 282 240 240 240 240 240 240 240 240 240 240 282
282 22 22 282 22 282 282 69 170 420 420 282 240 420 420 420 420 420 420 420
420 240 240 240 240 420 420 420 420 420 420 420 420 420 366 366 366 366 366 366
282 168 240 282 282 168 240 282 282 240 170 282 170 22 282 69 69 282 69 170
69 69 282 69 170 170 170 170 22 69 170 22 22 282 22 22 22 170 282 22
170 170 170 22 69 170 22 22 282 22 22 22 282 22 22 22 282 22 22 282
22 22 282 22 22 22 282 22 22 282 282 22 282 22 22 22 282 282 22 22
282 282 22 22 22 22 282 282 22 22 282 22 282 22 282 22 282 22 282 22
69 69 170 170 170 170 22 69 170 22 22 282 22 22 22 282 22 22 22 282
22 282 22 22 282 282 22 282 22 22 22 282 282 22 22 22 282 22 22 282
282 22 22 22 282 282 282 22 22 22 22 282 22 22 22 282 22 22 282 22
282 22 22 22 282 282 22 22 22 282 282 282 22 22 22 22 282 22 22 22
22 282 282 22 282 282 282 282 69 69 170 22 170 69 69 170 170 240 282 170
366 366 366 366 420 420 112 112 170 282 170 22 282 69 69 282 69 170 170 170
22 22 282 22 22 22 282 22 22 282 282 22 282 22 22 22 282 282 22 282
22 22 282 22 22 282 282 22 22 282 22 22 282 282 22 22 22 282 22 22
366 366 366 366 366 366 366 366 366 366 366 366 366 366 366 366 420 420 112 112
282 282 282 282 22 282 282 69 69 170 420 420 22 170 282 69 282 170 170 420
22 170 282 22 22 170 282 22 22 282 22 22 22 282 22 282 282 22 22 22
22 22 22 282 22 22 22 282 22 22 282 282 282 22 22 22 22 282 282 22
69 240 22 22 282 22 22 22 282 22 22 22 282 22 22 282 282 22 282 22
282 22 282 282 282 282 69 69 170 22 170 69 69 170 170 240 282 170 22 282
240 282 22 22 22 282 282 22 22 22 282 22 22 282 22 282 22 282 22 282
282 22 22 282 282 22 22 22 282 22 22 22 282 22 282 22 282 22 282 22
282 22 22 282 22 282 282 22 282 282 69 240 282 240 240 282 170 240 282 282
282 69 69 69 170 22 170 69 69 170 170 170 282 170 22 282 69 69 69 69
282 282 22 22 22 282 22 22 282 282 282 22 282 22 22 22 282 282 22 22
168 168 282 168 240 282 170 240 282 282 168 240 282 240 240 282 170 22 282 69
282 282 22 22 22 282 22 282 22 282 22 282 22 282 22 22 282 282 22 22
366 366 366 366 366 366 366 366 366 366 420 420 112 112 240 282 170 22 282 69
170 170 22 69 240 170 22 282 22 22 22 282 282 22 22 22 22 22 282 282
170 170 170 22 69 240 22 22 282 22 22 22 282 22 22 22 282 22 22 282
240 240 240 420 420 420 420 420 420 420 420 420 366 366 366 366 366 366 366 366
22 282 282 22 282 22 22 282 282 22 22 282 22 22 282 22 22 22 282 22
282 170 112 112 240 282 168 240 282 282 168 168 240 282 240 282 170 282 168 240
282 282 22 22 282 22 282 22 282 22 282 22 282 22 282 22 22 282 22 22
22 22 22 282 282 22 282 22 22 22 282 22 22 282 282 22 282 22 22 22
282 282 168 168 282 22 22 22 282 22 22 282 168 282 22 282 22 282 22 22
240 420 420 240 420 240 240 282 170 22 282 69 69 69 69 170 170 170 170 22
170 22 282 69 69 240 69 170 170 170 170 22 69 170 22 22 282 22 22 22
282 282 240 240 282 170 22 282 69 69 282 69 170 170 170 170 22 69 240 22
240 240 240 240 420 420 420 420 420 420 420 420 420 366 366 366 366 366 366 366
69 69 170 22 170 69 69 170 170 170 282 170 22 282 69 69 282 69 170 170
282 282 282 69 69 170 22 170 69 282 170 170 240 282 170 22 282 69 69 282
22 282 22 282 22 282 22 282 22 282 22 22 22 282 282 282 22 22 282 282
282 22 282 22 22 282 22 22 282 22 22 282 22 282 282 282 282 22 282 282
170 170 170 170 22 69 240 22 22 282 22 22 22 282 22 22 22 282 22 22
282 170 22 282 69 69 69 69 170 170 170 170 22 69 170 22 22 282 22 22
366 366 366 366 420 420 112 112 240 282 170 22 282 69 69 282 69 170 170 170
282 22 282 22 22 282 282 22 69 170 22 22 282 282 282 282 22 282 22 22
170 170 170 22 69 240 22 22 282 22 22 22 282 22 22 22 282 22 22 282
69 282 170 170 112 112 240 282 168 240 282 282 168 168 282 168 240 282 240 240
282 69 69 282 69 170 170 170 170 22 69 170 22 22 282 22 22 22 282 22
22 282 22 282 22 282 22 22 282 22 282 22 22 282 22 22 282 22 22 282
420 366 366 366 366 366 366 366 366 366 366 366 366 366 366 366 366 420 420 112
420 420 420 420 366 366 366 366 366 366 366 366 366 366 366 366 366 366 366 366
282 168 240 282 282 168 168 240 282 240 282 168 282 168 240 282 282 168 240 282
282 22 22 22 282 22 22 22 282 22 22 282 282 22 282 22 22 22 282 282
22 170 69 69 170 170 240 282 170 22 282 69 69 282 69 170 170 170 170 22
22 22 282 22 22 22 282 22 22 22 282 22 22 282 282 282 22 22 22 22
240 282 168 240 282 282 168 240 282 282 240 282 282 240 240 282 170 22 282 69
112 240 282 168 240 282 282 168 168 282 168 240 282 240 240 282 282 168 240 282
22 282 22 22 22 282 282 22 22 22 282 282 22 22 282 22 282 22 282 22
366 366 366 420 420 112 112 240 282 170 22 282 69 69 282 69 170 170 170 170
22 282 282 282 22 282 282 282 69 69 170 420 420 420 22 170 69 282 170 170
22 22 282 282 22 22 22 282 282 22 22 22 282 22 282 22 282 22 282 22
282 282 22 22 22 282 282 282 22 22 22 282 22 282 282 282 282 22 282 282
22 282 22 22 282 282 22 282 22 22 22 282 282 22 22 22 282 22 22 282
170 170 282 168 112 112 240 282 168 168 282 282 168 168 282 168 240 282 168 240
282 22 22 282 282 282 282 22 22 22 22 22 282 282 282 22 282 22 282 22
112 240 282 168 240 282 282 168 168 282 168 240 282 240 240 282 282 240 240 282
22 22 282 282 22 22 282 22 282 22 282 22 282 22 282 22 282 22 22 282
22 282 22 22 282 22 22 282 282 282 282 22 282 282 69 69 170 420 240 282
240 240 282 240 240 240 240 240 240 240 240 282 240 240 240 240 240 240 240 240
22 282 282 22 282 22 22 282 282 22 22 22 282 22 22 282 282 282 22 282
282 282 168 168 282 168 240 282 168 240 282 282 168 240 282 240 240 282 170 22
282 69 170 170 170 170 22 69 170 22 22 282 22 22 22 282 22 22 22 282
22 282 22 22 282 282 22 282 22 22 22 22 282 282 22 22 22 282 282 22
366 366 366 366 366 366 366 366 366 366 366 420 420 420 420 420 420 420 420 420
282 282 22 22 22 22 22 22 282 22 22 282 22 22 282 22 282 22 22 282
282 22 22 22 282 22 22 282 282 282 22 22 22 22 282 282 22 22 282 282
22 170 420 69 69 170 170 240 240 240 240 240 240 240 420 240 240 420 420 420
22 282 22 22 282 22 22 282 282 282 22 282 282 282 69 69 170 420 420 420
282 22 22 282 22 282 22 282 22 22 282 282 22 22 22 282 282 22 22 22
22 22 282 22 22 22 282 282 22 22 22 282 282 22 22 282 22 282 22 282
366 366 366 366 366 366 366 366 366 366 420 420 112 112 240 282 170 22 282 69
22 22 282 282 22 22 282 22 22 282 22 22 22 69 22 240 282 22 282 282
22 282 22 22 282 282 282 22 282 282 282 69 69 170 420 420 420 22 170 69
69 240 22 22 282 22 22 22 282 22 22 22 282 22 22 282 282 22 22 282
22 22 22 282 22 22 282 282 22 282 22 282 282 22 282 282 22 282 282 22
420 22 170 282 69 282 282 170 170 170 240 282 170 22 112 112 282 69 69 282
282 22 22 22 282 22 282 22 282 22 282 22 282 22 22 22 282 282 22 22
22 22 22 22 282 282 22 22 22 22 282 22 22 282 22 282 22 282 22 282
22 22 282 22 22 282 282 282 22 22 22 22 282 282 22 22 22 282 282 22
170 170 22 282 22 22 22 282 22 22 22 282 22 22 282 282 22 282 22 22
366 366 366 366 240 240 240 240 240 420 420 112 112 240 69 170 22 282 69 69
282 282 282 69 69 170 22 170 69 282 282 170 170 240 170 282 170 22 282 69
240 240 282 240 240 240 240 240 240 240 240 240 240 282 240 240 240 282 240 240
69 170 170 170 170 22 69 170 22 22 282 22 22 22 282 22 22 22 282 22
22 22 282 168 240 282 22 22 22 282 282 168 168 282 22 22 22 282 22 22
420 420 420 420 420 420 420 112 420 420 112 112 240 282 170 22 282 69 69 282
282 170 22 282 69 69 240 69 170 170 170 170 22 69 240 22 22 282 22 22
366 366 366 366 366 366 366 366 366 366 366 366 366 420 420 420 420 420 420 420
240 240 240 112 240 240 240 112 170 282 170 22 282 69 69 282 69 170 170 170
282 22 22 282 282 282 22 282 282 282 69 69 170 420 420 420 22 170 69 282
240 240 240 240 420 420 420 420 420 420 420 420 420 366 366 366 366 366 366 366
69 282 170 170 282 168 112 112 240 282 168 168 282 282 168 168 282 168 240 282
22 282 22 22 22 282 22 282 22 22 282 22 282 282 282 282 22 282 282 69
282 282 22 282 170 22 282 282 22 282 69 69 69 170 22 170 69 282 170 170
22 22 282 282 282 282 22 282 282 69 69 170 22 170 420 69 69 170 170 240
420 22 170 69 282 170 170 282 170 112 112 240 282 168 240 282 282 168 168 282
240 22 22 282 22 22 22 282 22 22 22 282 22 22 282 282 282 22 22 22
282 22 22 22 282 22 22 22 282 22 22 282 282 282 22 22 22 22 282 282
420 420 420 420 240 282 170 22 282 69 282 69 170 170 240 420 420 282 170 22
22 282 282 282 22 22 22 22 282 282 22 22 22 282 282 22 22 282 22 282
22 22 282 22 22 282 282 22 22 282 22 22 22 282 282 22 22 22 282 282
282 240 112 240 240 282 240 240 282 168 240 282 282 168 168 240 282 240 282 240
22 170 22 22 282 22 282 22 22 282 282 22 282 282 22 282 22 22 282 22
282 282 22 282 420 282 69 69 170 420 420 22 170 282 69 282 170 170 112 112
22 22 282 22 22 282 22 282 282 22 22 282 22 282 282 282 22 22 22 282
170 170 170 170 69 240 22 22 282 22 22 22 282 22 22 22 282 22 22 282
69 282 69 170 170 170 170 22 69 170 170 22 282 22 22 22 240 282 22 22
22 22 282 282 282 22 282 22 22 22 282 282 22 22 22 282 22 22 282 22
170 22 282 69 69 282 69 170 170 170 170 22 69 240 22 22 282 22 22 22
168 282 168 240 282 168 240 282 282 168 240 282 282 240 240 282 170 22 282 69
282 168 240 282 282 168 168 282 168 240 282 168 240 282 282 168 240 282 282 240
240 240 112 112 240 240 240 282 168 240 240 282 282 168 168 282 168 240 240 282
240 240 282 170 22 282 69 69 240 69 170 170 170 170 22 69 170 22 22 282
22 282 22 22 282 282 22 282 22 22 282 22 282 22 22 282 22 22 22 282
168 282 22 282 22 282 22 22 22 282 282 22 22 22 282 282 22 22 282 22
282 22 282 22 282 22 22 282 282 22 22 282 22 22 282 22 282 282 22 282
240 282 282 168 168 282 168 240 282 168 240 282 282 240 240 282 240 240 282 170
282 420 69 69 170 420 420 22 170 69 282 170 170 112 112 240 282 168 240 282
282 69 69 170 22 170 69 170 22 22 69 282 170 170 282 22 22 22 282 22
282 282 69 69 170 420 420 420 22 170 69 282 170 170 282 170 112 112 240 282
366 366 366 366 366 366 366 366 366 366 366 366 366 420 420 112 112 240 282 170
170 22 69 170 22 22 282 22 22 22 282 22 22 22 282 22 22 282 282 282
22 22 282 22 22 22 282 282 22 22 22 282 282 22 22 282 22 282 22 282
112 240 282 170 22 282 69 69 282 69 170 170 170 170 22 69 170 22 22 282
282 22 282 22 282 22 282 22 22 282 22 282 22 282 22 282 282 22 22 282
112 240 282 170 22 282 69 69 69 69 170 170 170 170 22 69 240 22 22 282
22 22 22 282 22 282 282 282 282 22 282 282 69 69 170 420 420 420 22 170
282 22 282 22 22 282 22 282 282 282 22 282 282 282 282 69 69 170 22 170
282 22 22 282 282 22 170 282 22 22 22 282 282 22 22 22 282 22 170 282
240 240 420 420 420 420 420 420 420 420 420 366 366 366 366 366 366 366 366 366
282 282 282 22 22 22 22 282 282 22 22 22 22 282 282 22 22 282 22 282
420 420 420 420 366 366 366 366 366 366 366 366 366 366 366 366 366 366 366 366
22 22 170 282 22 282 22 22 282 22 282 22 282 22 22 22 282 282 22 22
170 240 282 282 168 240 282 240 240 282 170 22 282 69 69 282 69 170 170 170
366 366 366 366 366 366 366 366 366 366 366 366 366 366 366 420 420 112 112 240
282 22 22 22 282 22 22 22 282 22 22 282 282 282 22 22 22 22 282 282
22 22 282 22 282 22 282 22 22 282 282 22 22 22 282 282 22 22 22 282
69 240 69 170 170 170 170 22 69 240 22 22 282 22 22 22 282 22 22 22
22 282 22 282 22 282 22 282 22 22 282 22 282 22 282 22 282 282 22 22
420 420 240 240 240 240 420 420 420 420 420 420 420 420 420 366 366 366 366 366
282 22 282 22 282 22 282 22 282 22 22 282 282 22 22 282 22 282 282 282
22 22 22 282 22 22 282 22 22 282 282 22 22 22 282 282 22 22 22 282
240 420 420 420 420 420 420 420 420 420 366 366 366 366 366 366 366 366 366 366
240 240 420 420 420 420 420 420 420 420 420 366 366 366 366 366 366 366 366 366
282 282 168 168 282 168 240 240 282 170 240 282 282 240 240 282 240 240 282 170
22 22 22 22 282 282 22 282 282 22 282 282 282 282 69 69 170 22 170 69
170 112 112 240 282 168 240 282 282 168 168 282 168 240 282 170 240 282 282 240
282 282 282 69 69 170 420 420 420 22 170 69 282 170 170 112 112 240 282 168
22 282 282 22 282 22 22 22 282 282 22 22 22 22 282 282 22 22 282 22
22 282 22 22 282 22 22 282 22 282 22 282 282 282 282 69 170 420 420 420
282 22 22 22 282 22 22 282 282 282 22 22 22 22 282 282 22 22 22 282
282 22 22 22 282 22 22 22 282 22 22 282 282 22 282 22 22 22 282 282
240 240 240 282 240 240 282 420 420 282 240 240 282 170 22 282 69 69 282 69
282 168 240 282 168 240 282 282 168 240 282 240 240 282 170 22 282 69 69 282
366 366 366 366 366 366 366 366 366 366 366 366 366 366 366 366 420 420 112 112
282 22 282 282 282 282 22 22 22 22 282 22 282 282 282 22 22 22 240 282
22 282 69 69 282 69 170 170 170 170 22 69 170 22 22 282 22 22 22 282
366 366 366 366 366 366 366 366 366 366 366 366 366 366 420 420 112 112 240 282
22 240 282 22 282 282 282 282 69 170 240 240 240 240 240 240 240 240 240 240
22 282 282 22 22 22 282 282 22 22 170 282 22 282 22 22 282 22 282 22
282 22 22 282 282 282 22 22 22 22 282 282 22 22 22 22 282 282 22 22
22 240 282 22 22 170 240 282 22 22 240 240 240 282 282 22 22 22 22 282
282 282 282 22 22 22 22 282 282 22 282 22 282 282 282 282 69 69 170 22
170 170 170 22 69 170 22 22 282 22 22 22 282 22 22 22 282 22 22 282
69 69 282 69 170 170 170 170 22 69 240 22 22 282 22 22 22 282 22 22
22 282 22 22 282 282 22 22 282 282 22 22 22 22 282 282 22 22 22 282
112 112 170 282 170 22 282 69 69 282 69 170 170 170 170 22 69 170 22 22
240 240 240 240 240 22 240 282 69 282 170 170 420 420 240 240 420 420 240 240
69 69 170 22 170 69 282 170 170 240 282 170 22 282 69 69 282 69 170 170
22 282 22 22 282 22 282 22 282 22 22 282 282 22 22 282 22 22 22 282
420 240 240 420 420 240 240 240 112 240 240 240 112 240 282 170 22 282 69 69
240 282 240 240 240 282 240 240 240 282 240 240 282 420 420 282 240 240 282 170
366 366 366 366 366 366 366 366 366 366 366 366 366 366 366 366 420 420 420 420
282 22 22 22 22 282 282 22 22 22 282 282 22 22 22 282 22 282 22 22
22 282 22 22 282 22 22 282 22 22 282 22 282 22 282 282 282 282 69 170
420 420 420 420 420 420 366 366 366 366 366 366 366 366 366 366 366 366 366 366
69 69 282 69 170 170 170 170 22 69 170 22 22 282 22 22 22 282 22 22
282 22 22 282 282 22 282 22 282 22 282 22 22 282 22 22 282 22 22 282
170 282 22 22 22 282 22 22 22 282 282 22 282 22 22 282 282 22 69 170
282 170 22 282 69 69 282 69 170 170 170 170 22 69 240 22 22 282 22 22
22 22 282 282 22 22 22 282 22 22 282 282 282 22 282 22 22 22 282 282
22 282 22 282 22 282 22 22 22 282 282 282 22 22 282 282 282 282 22 282
22 22 22 22 282 22 22 282 22 22 282 22 282 22 22 282 282 22 170 22
112 240 282 170 22 282 69 69 69 69 170 170 170 170 22 69 170 22 22 282
420 420 420 420 420 420 420 420 366 366 366 366 366 366 366 366 366 366 366 366
282 22 22 282 282 282 22 22 22 22 282 22 282 22 22 22 282 282 22 22
282 22 22 282 22 22 22 282 22 282 22 22 282 22 282 282 282 282 69 170
366 366 420 420 112 112 240 282 170 22 282 69 69 282 69 170 170 170 170 22
282 22 22 282 282 22 282 22 22 22 282 22 282 22 22 282 22 282 282 282
282 22 22 282 22 22 282 282 282 22 282 282 282 69 69 170 420 420 420 22
69 170 420 420 420 22 170 69 282 170 170 112 112 240 282 168 240 282 282 168
69 282 69 170 170 170 170 22 69 170 22 22 282 22 22 22 170 282 22 22
282 69 69 170 22 170 69 69 170 170 240 282 170 22 282 69 69 282 69 170
282 282 69 69 170 22 170 69 282 170 170 240 282 170 22 282 69 69 282 69
69 170 420 420 420 22 170 69 282 170 170 112 112 240 282 168 240 282 282 168
22 22 282 282 282 22 22 22 22 282 282 22 22 22 282 282 22 22 22 282
240 240 420 420 420 420 420 366 366 366 366 366 366 366 366 366 366 366 366 366
240 240 282 282 22 282 282 69 69 170 420 22 170 282 69 282 170 170 240 420
22 22 282 22 282 22 282 22 22 282 282 22 22 22 282 282 22 22 22 282
22 282 282 22 22 282 22 282 22 282 22 282 22 282 22 282 22 22 282 22
22 282 282 69 69 170 420 22 170 282 69 282 170 170 240 420 240 240 240 240
22 282 282 22 282 282 282 69 69 69 170 22 170 69 69 170 170 282 170 240
282 22 22 22 22 282 282 22 282 282 22 282 282 282 282 69 69 170 22 170
282 22 282 22 22 22 282 22 282 22 22 282 22 282 282 282 282 22 282 282
282 168 168 282 168 240 282 168 240 282 282 168 240 69 69 240 240 282 170 22
22 22 22 282 282 22 22 22 282 282 22 22 22 282 22 282 22 22 282 282
366 366 366 366 366 366 366 366 366 366 366 366 366 366 420 420 420 420 420 420
170 22 69 240 22 22 282 22 22 22 282 22 22 22 282 22 22 282 282 22
22 282 22 22 282 282 282 282 22 22 22 22 22 282 282 282 22 282 22 282
170 170 170 170 22 69 240 22 22 282 22 22 22 282 22 22 22 282 22 22
282 168 240 282 168 240 282 282 168 240 282 240 240 282 170 22 282 69 69 69
420 366 366 366 366 366 366 366 366 366 366 366 366 366 366 366 366 420 420 112
282 282 22 282 22 22 22 22 282 282 22 22 22 282 282 22 22 282 22 282
168 240 282 240 240 282 170 22 282 69 69 240 69 170 170 170 170 22 69 240
22 22 282 282 282 22 22 22 22 282 282 22 22 22 282 282 22 22 22 282
22 22 22 282 22 22 22 282 22 22 282 282 282 22 22 22 22 282 282 22
240 282 168 240 282 282 168 168 282 168 240 282 240 240 282 282 240 240 69 282
22 282 22 282 22 282 22 282 22 22 282 22 22 282 22 22 282 22 22 282
282 168 168 282 168 240 282 168 240 282 282 168 240 282 240 240 282 170 22 282
366 366 366 366 366 366 366 420 420 112 112 240 282 170 22 282 69 69 282 69
282 168 240 282 240 240 282 170 22 282 69 69 69 69 170 170 170 170 22 69
282 282 240 282 282 69 69 170 420 420 22 170 282 69 282 170 170 420 282 240
282 282 22 22 282 22 282 22 282 22 282 22 282 22 282 22 22 282 22 22
69 170 170 170 170 22 69 170 22 22 282 22 22 22 282 22 22 22 282 22
69 170 420 420 170 170 69 69 170 170 282 170 112 112 240 282 168 240 282 282
22 282 22 22 22 282 282 22 22 22 282 22 22 282 22 22 282 22 282 22
282 282 282 22 22 22 22 282 282 22 22 22 282 22 22 22 282 22 282 22
420 420 420 420 366 366 366 366 366 366 366 366 366 366 366 366 366 366 366 366
22 22 22 22 282 282 22 22 282 22 282 22 282 22 282 22 282 22 282 22
22 282 22 22 22 282 282 22 282 22 22 282 282 22 69 170 22 22 282 282
170 22 69 240 170 22 282 22 22 22 282 22 22 22 282 22 22 282 282 22
22 282 22 22 22 22 282 282 22 22 22 282 282 22 22 282 22 282 22 282
22 282 22 22 22 282 22 22 282 282 282 22 22 22 22 282 282 22 282 22
420 420 240 240 240 240 420 420 420 420 420 420 420 420 420 366 366 366 366 366
170 240 282 170 22 282 69 69 69 69 170 170 170 170 22 69 240 22 22 282
282 282 22 22 22 282 22 22 282 22 22 282 282 282 22 282 282 282 69 69
282 22 282 282 282 282 69 69 170 22 170 69 69 170 170 240 282 170 22 282
282 22 22 282 282 22 22 282 22 22 282 22 282 22 282 22 22 282 22 282
69 170 240 282 168 240 282 282 240 240 240 240 282 282 240 240 240 240 240 240
22 170 69 170 22 22 69 282 170 170 282 22 22 22 282 22 22 22 282 22
420 420 420 420 420 420 420 420 420 366 366 366 366 366 366 366 366 366 366 366
22 22 282 22 22 282 22 22 282 282 22 22 22 282 282 22 22 22 282 22
22 22 282 282 22 22 22 282 22 282 22 282 22 282 22 282 22 22 282 282
240 282 282 282 69 69 170 420 420 420 22 170 69 282 170 170 112 112 240 282
22 22 22 22 282 282 22 22 282 22 282 22 282 22 282 22 282 22 282 22
170 22 22 282 22 22 22 170 282 22 22 22 282 22 22 282 170 282 22 282
22 282 22 282 22 22 282 22 282 22 282 22 282 282 22 22 282 22 22 282
22 22 22 282 22 282 22 22 282 22 282 282 22 22 22 282 282 282 22 22
170 22 170 69 282 170 170 240 282 170 22 282 69 69 282 69 170 170 170 170
420 420 420 420 366 366 366 366 366 366 366 366 366 366 366 366 366 366 366 366
22 282 22 282 22 282 22 22 22 282 282 22 22 282 22 282 282 282 282 240
22 22 282 22 22 22 282 22 22 282 282 22 282 22 22 22 282 282 22 22
69 69 170 420 420 170 170 69 282 170 170 282 170 112 112 240 282 168 240 282
282 282 22 22 282 22 282 22 282 22 282 22 282 22 282 22 22 282 22 22
420 420 420 420 420 420 420 420 420 366 366 366 366 366 366 366 366 366 366 366
22 22 282 282 22 22 282 22 282 22 22 282 22 282 22 282 22 22 282 282
22 282 282 282 282 69 69 170 22 170 69 282 170 170 240 282 170 22 282 69
366 366 366 366 366 366 366 420 420 112 112 240 282 170 22 282 69 69 282 69
22 22 282 22 22 282 22 282 22 282 282 282 282 22 282 69 170 420 420 420
22 282 22 282 22 282 22 282 22 282 22 22 22 282 282 282 22 22 282 282
22 22 282 22 282 420 282 282 282 282 420 170 420 420 420 420 420 420 420 420
366 366 366 366 366 366 366 366 366 366 366 420 420 112 112 240 282 170 22 282
22 282 69 69 240 69 170 170 170 170 22 69 240 22 22 282 22 22 22 282
240 240 282 240 240 240 240 240 240 240 240 282 240 240 240 240 240 240 240 240
282 22 22 22 282 22 22 22 282 22 22 282 282 282 22 22 22 22 282 282
366 366 366 366 366 366 366 420 420 112 112 240 282 170 22 282 69 69 282 69
22 282 22 22 282 22 22 22 22 22 22 282 22 282 282 282 69 170 420 420
170 69 282 170 170 240 282 170 22 282 69 69 69 69 170 170 170 170 22 69
69 170 420 420 420 22 170 282 69 282 282 170 170 240 240 282 170 22 112 112
22 22 282 22 282 22 282 22 22 22 282 282 22 22 282 22 282 282 282 282
22 282 22 22 22 282 22 22 282 22 22 282 282 22 22 282 282 22 22 22
366 366 366 366 366 366 366 366 366 420 420 112 112 240 282 170 22 282 69 69
282 282 69 69 170 22 170 420 69 69 170 170 240 240 240 240 240 240 240 420
22 170 282 69 282 282 170 170 240 420 112 112 240 282 168 240 282 282 168 168
22 282 22 22 282 282 282 22 282 282 282 69 69 170 420 420 420 22 170 69
22 282 69 69 282 69 170 170 170 170 22 69 22 22 22 282 22 22 22 282
366 366 366 366 366 366 366 366 366 366 366 366 366 366 420 420 420 420 420 420
22 282 282 282 22 22 282 282 282 282 22 282 282 420 69 69 170 22 170 282
22 22 22 282 22 22 22 282 22 22 282 282 22 22 282 282 282 22 282 22
420 420 420 420 420 420 366 366 366 366 366 366 366 366 366 366 366 366 366 366
22 282 282 22 22 22 282 282 22 22 22 282 22 22 282 282 282 22 282 22
240 170 282 170 22 282 69 69 282 69 170 170 170 170 22 69 240 22 22 282
168 168 69 170 282 240 240 282 168 240 282 282 168 240 69 69 240 240 282 170
22 170 69 282 170 170 112 112 240 282 168 240 282 282 168 168 282 168 240 282
112 240 282 168 240 282 282 168 168 282 168 240 282 240 240 282 282 240 240 282
22 282 22 22 22 282 22 22 22 282 22 22 282 282 22 282 22 22 22 282
282 282 22 22 22 240 282 22 282 240 240 22 22 22 282 22 22 240 240 282
282 282 170 282 282 282 69 69 170 420 22 170 69 69 170 170 112 112 240 282
170 22 282 69 69 282 69 170 170 170 170 22 69 240 22 22 282 22 22 22
282 282 168 168 282 168 240 282 168 240 282 282 168 240 282 240 240 282 170 22
282 282 69 69 170 170 22 170 69 282 170 170 112 240 420 240 240 240 240 240
282 282 69 69 170 22 170 69 282 170 170 240 282 170 22 282 69 69 282 69
22 22 282 282 282 22 170 22 22 282 282 22 282 282 22 282 282 282 282 69
366 366 366 366 366 366 366 366 366 366 366 366 420 420 112 112 240 282 170 22
282 22 282 22 282 22 22 22 22 22 282 22 22 282 22 22 282 22 22 282
22 282 282 69 69 170 420 420 22 170 69 282 170 170 420 112 112 240 282 170
420 420 420 420 420 366 366 366 366 366 366 366 366 366 366 366 366 366 366 366
22 22 282 22 282 22 282 22 22 282 282 22 22 282 22 22 22 282 22 22
22 22 22 282 282 22 22 282 22 282 22 282 22 282 22 282 22 282 22 22
22 69 170 170 22 282 22 22 22 282 22 22 22 282 22 22 282 282 22 282
282 282 69 240 282 240 240 282 168 240 282 282 240 282 240 112 112 240 282 168
366 240 240 240 240 240 420 420 112 112 240 69 170 22 282 69 69 282 69 170
240 282 240 240 240 168 240 240 282 170 22 282 69 69 282 69 170 170 170 170
170 170 170 170 22 69 240 22 22 282 22 22 22 282 22 22 22 282 22 22
366 366 366 366 366 366 366 366 366 366 366 366 366 366 366 366 420 420 112 112
240 240 240 420 420 240 420 420 420 420 240 420 420 420 420 366 366 366 366 366
168 282 22 22 22 282 22 22 282 168 282 22 282 22 282 22 22 22 282 282
22 22 22 22 282 282 22 22 22 282 282 22 22 22 282 22 282 22 22 282
282 170 170 240 240 240 240 240 240 240 420 240 240 420 420 420 240 240 420 420
240 420 420 420 420 420 420 420 420 420 366 366 366 366 366 366 366 366 366 366
240 240 420 420 240 240 240 240 420 420 240 420 240 240 282 170 22 282 69 69
282 282 69 69 170 420 22 170 69 69 170 170 112 112 240 282 168 240 282 282
69 170 22 170 69 69 170 170 240 282 170 22 282 69 69 282 69 170 170 170
282 22 282 22 22 282 282 22 22 22 282 22 22 282 22 22 282 22 282 282
170 22 282 69 69 282 69 170 170 170 170 22 69 240 22 22 282 22 22 22
240 240 240 112 170 282 170 22 282 69 69 282 69 170 170 170 170 240 22 240
240 240 240 240 240 240 240 240 240 240 240 240 240 240 240 240 240 420 420 240
22 282 22 22 282 22 22 282 22 282 22 282 282 282 282 69 170 420 420 420
22 22 22 282 282 22 22 22 282 282 22 282 22 22 22 282 22 22 282 282
282 22 22 22 282 22 22 22 282 22 22 282 282 22 282 22 22 22 282 282
22 282 22 282 22 282 22 282 22 282 22 22 22 282 282 282 22 22 282 282
170 22 282 69 69 240 69 170 170 170 170 22 69 170 22 22 282 22 22 22
22 22 282 22 282 420 282 282 282 282 420 170 420 420 420 420 420 420 420 420
168 240 282 282 168 168 282 168 240 282 170 240 282 282 240 240 282 240 240 282
366 366 366 366 366 366 366 366 366 366 420 420 112 112 240 282 170 22 282 69
112 112 240 282 168 240 282 282 168 168 282 168 240 282 170 240 282 282 168 240
366 366 366 366 366 366 366 420 420 420 420 420 420 420 420 420 420 420 420 112
22 22 282 282 22 22 282 22 282 22 282 22 282 22 282 22 282 22 22 282
69 282 69 170 170 170 170 22 69 170 22 22 282 22 22 22 282 22 22 22
282 22 22 22 22 282 282 22 22 22 282 282 22 282 22 22 22 282 22 22
22 22 22 282 282 22 22 282 22 282 22 22 22 282 282 22 282 22 22 282
168 168 282 168 282 168 240 282 168 240 282 282 168 240 282 240 240 282 170 22
22 282 22 282 22 282 22 282 22 282 22 22 282 22 282 22 22 282 22 22
112 112 240 282 170 22 282 69 69 282 69 170 170 170 170 22 69 170 22 22
22 282 282 22 22 22 282 22 282 22 282 22 282 22 282 22 22 22 282 282
366 366 366 366 366 366 366 366 420 420 112 112 240 282 170 22 282 69 69 282
69 240 22 22 282 22 22 22 282 22 22 22 282 22 22 282 282 282 22 22
