276 128 458 152 152 152 152 343 348 273 479 479 222 348 273 479 348 479 479 222
227 340 100 291 349 349 291 415 228 227 340 98 227 340 261 261 261 261 106 261
227 340 98 106 227 340 261 261 261 261 261 261 226 458 346 128 276 276 276 313
261 261 226 458 346 128 276 128 458 152 152 152 152 343 348 273 479 479 222 348
273 349 348 343 273 222 349 222 346 128 284 346 128 458 268 268 268 268 343 118
313 313 128 458 152 152 415 100 415 218 349 98 284 458 415 415 284 152 343 348
273 228 228 291 349 276 276 71 71 71 284 226 284 284 227 340 100 273 349 228
71 71 71 71 121 121 121 121 276 276 276 227 340 100 291 228 228 291 349 276
227 227 71 71 71 71 71 284 284 284 276 276 284 227 340 100 291 228 228 291
71 121 121 121 121 276 276 276 227 340 100 291 349 228 291 349 276 276 71 71
415 218 284 98 284 415 415 284 313 313 313 313 313 313 313 313 313 313 415 100
458 346 284 128 276 128 458 152 152 152 152 343 371 273 479 479 222 371 371 273
228 273 349 227 340 98 106 227 340 261 261 261 276 458 346 284 128 128 458 152
276 71 71 71 284 226 284 227 340 100 291 349 228 291 415 228 227 340 98 106
348 479 222 222 479 222 346 128 284 284 346 128 458 268 268 268 268 343 118 118
226 226 227 340 100 273 349 228 291 349 227 340 98 106 227 340 261 261 261 226
100 273 349 228 291 349 276 276 71 71 71 284 226 284 227 340 100 273 349 228
346 128 284 346 128 458 152 152 152 152 343 118 273 349 479 222 118 118 273 479
227 340 100 273 228 228 291 349 227 340 98 106 227 340 118 118 118 226 458 346
273 228 228 291 349 276 276 71 71 71 284 226 284 227 340 100 273 349 228 291
343 348 273 479 479 222 348 348 273 479 343 222 222 479 222 346 128 276 276 284
228 291 349 227 340 98 106 227 340 118 118 118 118 118 118 226 458 346 128 276
371 371 273 479 343 222 222 479 222 346 128 284 346 128 458 152 152 152 152 343
222 479 479 222 371 371 273 479 479 222 222 479 222 346 128 276 276 284 284 346
340 118 118 118 226 458 346 128 276 276 284 458 276 128 458 152 152 152 152 343
313 313 313 313 313 273 100 415 218 284 415 284 349 284 415 218 415 284 415 284
291 349 276 71 71 71 71 71 71 284 226 284 227 340 100 291 349 228 291 349
71 71 71 71 71 284 226 226 226 276 276 227 340 100 291 349 349 291 415 228
415 415 284 268 343 348 348 273 479 479 222 348 348 273 479 348 348 479 222 222
276 313 313 313 313 313 313 313 313 313 313 276 273 100 415 218 284 98 284 415
128 458 152 152 152 152 343 371 222 479 479 222 371 371 273 479 343 222 222 479
348 273 479 479 222 348 348 273 479 343 222 222 479 222 346 128 276 276 284 346
458 346 128 276 128 458 152 152 152 152 343 371 273 479 479 222 371 371 273 479
71 71 121 121 276 276 227 340 100 273 228 228 291 349 276 276 71 71 71 284
346 128 276 276 276 349 276 313 313 313 346 313 313 313 313 313 273 349 415 415
226 284 227 340 100 273 349 228 291 349 227 340 98 106 227 340 118 118 118 226
227 340 261 261 261 276 458 346 284 128 128 458 152 152 152 152 343 348 273 479
118 118 118 346 346 284 128 276 128 458 152 152 152 152 343 118 222 479 479 222
458 268 268 268 268 343 118 118 273 349 479 222 118 118 273 284 118 118 343 222
128 458 152 152 152 152 343 371 222 479 479 222 371 273 479 371 479 222 222 349
273 218 284 284 343 284 415 415 349 415 100 415 218 284 98 284 415 415 284 313
71 71 284 284 284 276 276 284 227 340 100 291 228 228 291 349 227 340 98 106
340 100 273 349 228 291 349 276 276 71 71 71 284 226 284 227 340 100 273 349
415 228 227 340 98 227 340 261 261 261 261 106 261 261 458 346 128 284 276 276
100 291 349 228 291 349 276 276 71 71 71 71 71 284 226 284 227 340 100 291
152 152 152 152 343 371 222 479 479 222 371 273 349 343 371 222 222 479 222 346
152 152 152 343 371 222 479 479 222 371 273 349 371 343 222 222 479 291 346 128
227 340 98 106 227 340 261 261 261 261 261 261 226 458 346 128 276 276 276 273
340 100 273 349 228 291 349 227 340 98 106 227 340 261 261 261 226 458 346 128
227 340 98 106 227 340 152 118 118 284 458 346 128 276 276 276 128 458 152 152
349 228 291 349 276 276 71 71 71 284 226 284 227 340 100 273 349 228 273 349
415 415 349 415 100 415 218 284 98 284 415 415 284 313 313 313 313 313 313 313
121 121 276 276 227 340 100 273 228 228 273 349 276 276 71 71 71 284 284 284
291 349 227 340 98 106 227 340 261 261 261 226 458 346 128 276 128 458 152 152
273 349 228 415 415 228 227 340 98 106 227 340 313 118 118 284 458 346 128 128
415 218 284 98 284 346 415 415 284 152 343 348 348 273 479 479 222 348 348 273
121 121 276 276 227 340 100 273 349 228 291 349 276 276 71 71 71 226 226 226
100 415 218 284 98 284 415 415 284 313 313 313 313 313 313 313 313 313 313 128
276 276 227 340 100 273 228 228 273 349 276 276 71 71 71 284 284 284 227 340
71 71 284 284 284 276 276 284 227 340 100 291 228 228 291 349 227 340 98 106
121 121 121 276 276 276 227 340 100 291 349 228 291 349 276 276 276 340 227 276
228 273 349 276 276 71 71 71 284 284 284 227 340 100 273 349 228 273 349 227
121 121 276 276 227 340 100 273 349 228 291 349 276 276 71 71 71 284 226 284
313 313 313 313 313 313 313 313 128 458 152 152 152 152 343 118 118 273 479 479
284 227 340 100 273 349 228 273 349 227 340 98 106 227 340 152 118 118 284 458
479 479 222 371 371 273 479 479 222 222 479 222 346 128 276 276 284 284 346 71
121 121 276 276 227 340 100 273 349 228 291 349 276 276 71 71 71 226 226 226
276 128 458 152 268 268 268 343 348 273 479 479 222 348 348 273 479 343 222 222
276 276 128 458 152 152 152 152 343 348 273 479 479 222 348 273 479 348 343 222
340 100 273 349 228 291 349 227 340 98 106 227 340 118 118 118 226 128 346 128
276 227 340 100 291 349 228 291 349 276 276 71 71 71 71 71 284 226 284 227
152 415 100 415 218 284 98 284 346 415 415 284 152 343 348 348 273 479 479 222
228 291 349 276 276 71 71 71 71 71 284 226 284 227 340 100 291 349 228 291
228 273 291 228 227 340 98 106 227 340 118 118 118 346 346 284 128 71 128 276
128 458 152 152 152 152 343 371 222 479 479 222 371 273 479 371 479 222 222 349
349 228 273 415 228 227 340 98 227 340 261 106 261 261 226 458 346 128 276 276
291 349 227 340 98 106 227 340 261 261 261 226 458 346 128 276 128 458 152 152
276 276 128 458 152 152 152 152 343 348 273 479 479 222 348 273 479 348 343 222
349 227 340 98 106 227 340 261 261 261 261 261 261 226 458 346 128 276 276 276
273 349 343 371 222 222 479 222 346 128 284 346 128 458 152 152 152 152 343 118
276 227 340 100 291 349 349 291 415 228 227 340 98 227 340 261 261 261 261 106
128 458 152 152 152 152 343 348 273 479 479 222 348 273 479 348 479 479 222 222
313 313 273 100 415 218 284 415 284 349 284 415 218 415 284 415 284 152 284 415
261 218 261 261 346 346 128 284 276 128 458 152 152 152 152 343 348 273 479 479
415 415 284 313 313 313 313 313 313 313 313 313 313 128 458 152 152 152 152 343
479 222 346 128 284 284 346 128 458 268 268 268 268 343 118 118 273 349 71 222
276 276 71 71 71 71 71 284 226 284 227 340 100 291 349 228 291 349 227 340
222 479 222 346 128 284 346 128 458 152 152 152 152 343 118 273 349 479 222 118
152 152 152 343 371 222 479 479 222 371 273 349 371 343 222 222 479 291 346 128
227 340 100 291 349 228 291 415 228 227 340 98 106 227 340 118 118 118 226 458
118 118 284 458 346 128 276 276 276 128 458 152 152 152 152 343 371 222 479 479
228 291 349 227 340 98 106 227 340 118 118 118 226 458 346 128 276 128 458 152
106 261 261 458 346 128 284 276 276 276 313 313 313 313 313 313 313 313 313 313
118 273 479 479 222 291 100 415 218 284 118 118 100 284 415 415 284 222 479 261
71 71 121 121 121 276 276 227 340 100 273 349 228 291 349 276 276 71 71 71
228 291 349 227 340 98 106 227 340 118 118 118 226 458 346 128 276 128 458 152
284 227 340 100 273 349 228 415 415 228 227 340 98 106 227 340 152 118 118 284
284 98 284 415 415 284 313 313 313 313 313 313 313 313 313 313 128 458 152 152
284 276 276 276 313 313 313 313 313 313 313 313 313 313 276 273 100 415 218 284
349 228 291 349 276 276 71 71 71 284 226 226 227 340 100 273 349 228 291 349
340 100 273 228 228 291 349 276 276 71 71 71 284 226 284 227 340 100 273 349
349 228 291 349 276 276 71 71 71 71 71 284 226 284 227 340 100 291 349 228
106 227 340 261 261 261 261 261 261 226 458 346 128 276 276 276 313 313 313 313
100 273 349 228 273 349 276 276 71 71 71 284 284 227 340 100 273 349 228 273
100 273 349 228 415 415 228 227 340 98 227 340 261 106 261 261 226 458 346 128
222 222 479 222 346 128 284 346 128 458 152 152 152 152 343 118 222 349 479 222
121 121 121 276 276 227 340 100 273 228 228 291 349 276 276 71 71 71 284 226
415 100 415 218 284 98 284 415 415 284 313 313 313 313 313 313 313 313 313 313
71 71 71 71 121 121 121 121 276 276 276 227 340 100 291 228 228 291 349 276
273 479 222 346 128 284 284 346 128 458 268 268 268 268 343 118 118 273 349 479
226 458 346 128 276 276 276 349 313 313 313 313 313 313 313 313 313 276 415 100
340 98 227 340 261 261 261 261 106 261 261 458 346 128 284 276 276 276 346 313
222 346 128 284 284 346 128 458 268 268 268 268 343 118 118 273 349 479 222 118
121 121 276 276 227 340 100 273 349 228 291 349 276 276 71 71 71 284 226 284
121 276 276 276 227 340 100 291 349 228 291 349 276 276 71 71 71 71 71 284
479 479 222 273 100 415 218 284 118 118 100 284 415 415 284 222 479 261 118 343
100 273 349 228 291 349 276 276 71 71 71 284 226 284 227 340 100 273 349 228
276 313 313 313 313 313 313 313 313 313 313 276 415 100 415 218 284 98 284 415
313 313 313 313 313 313 313 313 313 128 458 152 152 152 152 343 118 118 273 479
128 276 128 458 152 152 152 152 343 348 273 349 479 222 348 273 349 348 343 273
227 340 100 273 349 228 415 415 228 227 340 98 106 227 340 152 118 118 284 458
152 343 118 118 273 479 479 222 128 100 415 218 284 118 118 284 284 415 415 284
346 128 276 276 284 346 276 128 458 152 152 152 152 343 371 222 349 479 222 371
128 276 128 458 152 152 152 152 343 118 222 479 479 222 118 118 273 479 343 222
340 100 291 228 228 291 349 227 340 98 106 227 340 261 261 261 261 261 261 226
291 228 276 276 71 71 71 284 226 284 227 340 100 291 349 228 291 415 228 227
152 343 118 273 479 479 222 371 118 222 479 343 222 222 479 222 346 128 276 276
100 273 349 228 415 415 228 227 340 98 106 227 340 152 118 118 284 458 346 128
273 349 276 276 71 71 71 284 226 284 227 340 100 273 349 228 273 415 228 227
284 226 284 227 340 100 273 349 228 273 349 227 340 98 106 227 340 261 261 261
349 228 291 349 276 276 276 227 227 71 71 71 71 71 284 226 226 226 276 276
340 118 118 118 226 458 346 128 276 276 284 458 276 128 458 152 152 152 152 343
371 222 349 479 222 371 273 479 371 479 222 222 349 222 346 128 276 276 284 346
343 284 415 415 349 415 100 415 218 284 98 284 415 415 284 313 313 313 313 313
152 118 118 284 458 346 128 276 276 276 128 458 152 152 152 152 343 371 222 479
106 227 340 118 118 118 226 458 346 128 276 276 284 458 276 128 458 152 152 152
100 291 349 349 291 415 228 227 340 98 227 340 261 261 261 261 106 261 261 458
284 226 284 227 340 100 273 228 228 291 349 227 340 98 106 227 340 118 118 118
100 273 349 228 273 349 276 276 71 71 71 284 284 227 340 100 273 349 228 273
284 227 340 100 273 349 228 415 415 228 227 340 98 106 227 340 152 118 118 284
276 276 313 313 313 313 313 313 313 313 313 313 276 273 100 415 218 284 98 284
291 349 227 340 98 106 227 340 118 118 118 284 458 346 128 276 128 458 152 152
371 222 222 479 222 346 128 284 346 128 458 152 152 152 152 343 118 222 479 479
415 284 313 313 313 313 313 313 313 313 313 313 415 100 415 218 284 415 284 349
228 291 349 276 276 71 71 71 226 226 226 227 340 100 273 349 228 291 349 227
340 98 106 227 340 261 261 261 276 458 346 284 128 128 458 152 152 152 152 343
276 71 71 71 284 284 227 340 100 273 349 228 273 228 227 340 98 106 227 340
349 276 276 71 71 71 284 226 284 227 340 100 273 349 228 273 349 227 340 98
226 284 227 340 100 273 349 228 273 349 227 340 98 106 227 340 261 261 261 226
276 415 100 415 218 284 98 284 415 415 284 313 313 313 313 313 313 313 313 313
152 152 152 152 343 371 222 479 479 222 371 273 479 371 479 222 222 349 222 346
222 371 371 273 479 343 222 222 479 222 346 128 284 346 128 458 152 152 152 152
71 71 71 284 226 284 227 340 100 291 349 228 291 349 227 340 98 106 227 340
71 71 71 284 226 284 227 340 100 291 349 228 291 349 227 340 98 106 227 340
346 128 276 128 458 152 152 152 152 343 118 273 479 479 222 118 118 222 479 343
340 98 106 227 340 152 118 118 284 458 346 128 276 276 276 128 458 152 152 152
128 284 284 346 128 458 268 268 268 268 343 118 118 273 349 71 222 118 118 118
349 228 273 228 227 340 98 106 227 340 152 118 118 284 458 346 128 276 128 458
313 313 313 313 313 313 313 313 313 313 128 458 152 152 152 152 343 118 118 273
284 98 284 346 415 415 284 152 343 348 348 273 479 479 222 348 348 273 479 348
228 291 349 276 276 71 71 71 284 226 284 227 340 100 273 349 228 273 349 227
458 152 152 152 152 343 118 118 273 479 479 222 291 100 415 218 284 118 118 284
479 479 222 371 371 273 479 479 222 222 479 222 346 128 276 276 284 284 346 71
284 98 284 346 415 415 284 152 343 348 348 273 479 479 222 348 348 273 479 348
343 284 415 415 349 415 100 415 218 284 98 284 415 415 284 313 313 313 313 313
226 226 226 276 276 227 340 100 273 228 228 273 291 228 227 340 98 106 227 340
100 415 218 284 98 284 415 415 284 313 313 313 313 313 313 313 313 313 313 128
128 276 128 458 268 268 268 268 343 348 273 479 479 222 348 348 273 479 343 222
340 98 106 227 340 261 261 261 226 458 346 128 276 128 458 152 152 152 152 343
276 276 71 71 71 284 226 284 227 340 100 291 349 228 291 415 228 227 340 98
276 276 340 227 71 71 71 71 71 284 226 226 226 276 276 227 340 100 291 349
261 261 261 261 226 458 346 128 276 276 276 349 313 313 313 313 313 313 313 313
284 226 284 227 340 100 273 349 228 273 349 227 340 98 106 227 340 261 261 261
273 415 228 227 340 98 227 340 261 106 261 261 226 458 346 128 276 276 276 128
284 268 343 348 348 273 479 479 222 348 348 273 479 348 348 479 222 222 479 222
118 118 118 284 458 346 128 276 128 458 152 152 152 152 343 371 222 479 479 222
71 71 71 284 226 284 227 340 100 291 349 228 291 349 227 340 98 106 227 340
222 348 348 273 479 348 348 479 222 222 479 222 346 128 284 284 346 128 458 268
152 152 152 343 118 118 273 479 479 222 291 100 415 218 284 118 118 284 284 415
346 128 276 128 458 268 152 152 152 343 348 273 479 479 222 348 348 273 479 343
276 276 71 71 71 284 226 226 226 276 276 227 340 100 273 228 228 273 291 228
349 313 313 313 313 313 313 313 313 313 276 415 100 415 218 284 98 284 415 415
313 313 313 313 313 273 100 415 218 284 415 284 349 284 415 218 415 284 415 284
276 276 227 340 100 273 228 228 291 349 276 276 71 71 71 284 226 284 227 340
273 349 228 415 291 349 227 340 98 227 340 261 106 261 261 458 346 128 284 276
276 227 340 100 273 228 228 273 100 228 227 340 98 106 227 340 118 118 118 346
313 313 313 313 313 313 313 313 313 128 458 152 152 152 273 100 415 218 284 98
118 343 343 222 415 222 479 222 118 71 284 346 128 276 276 71 71 346 284 128
227 340 100 273 228 228 291 349 276 276 71 71 71 284 226 284 227 340 100 273
268 152 152 152 343 348 273 349 479 222 348 273 349 348 343 273 222 349 222 346
118 118 118 226 458 346 128 276 276 276 349 276 313 313 313 346 313 313 313 313
118 118 118 118 118 118 226 118 346 128 276 276 276 349 276 313 313 313 118 313
291 349 227 340 98 106 227 340 261 261 261 261 261 261 226 458 346 128 276 276
479 222 348 222 479 348 479 479 222 222 222 479 222 128 71 346 128 284 284 346
284 415 218 415 284 415 284 152 284 415 291 284 284 346 273 100 415 218 284 98
128 458 268 268 268 268 343 118 118 273 349 71 222 118 118 118 118 291 284 343
71 71 284 226 284 227 340 100 291 349 228 291 349 227 340 98 106 227 340 118
121 121 276 276 227 340 100 273 228 228 291 349 276 276 71 71 71 284 226 284
268 268 268 343 348 222 479 479 222 348 348 273 479 343 222 222 349 222 346 128
100 291 349 228 291 349 276 276 71 71 71 71 71 284 226 284 227 340 100 291
273 349 276 276 71 71 71 284 226 284 227 340 100 273 349 228 273 349 227 340
313 313 313 313 276 415 100 415 218 284 98 284 415 415 284 313 313 313 313 313
340 100 273 349 228 291 349 276 276 71 71 71 226 226 226 227 340 100 273 349
276 276 276 227 340 100 291 349 228 291 349 276 276 276 340 227 71 71 71 71
152 152 152 152 343 371 222 479 479 222 371 273 349 343 371 222 222 479 222 346
349 228 291 349 276 276 71 71 71 284 226 284 227 340 100 291 349 228 291 349
261 261 261 261 261 226 458 346 128 276 276 276 313 313 313 313 313 313 313 313
415 284 313 313 313 313 313 313 313 313 313 313 128 458 152 152 415 100 415 218
227 340 100 291 228 228 291 349 276 276 276 340 227 71 71 71 71 71 284 284
346 346 128 284 276 128 458 152 152 152 152 343 348 273 479 479 222 348 222 479
349 276 276 71 71 71 284 226 284 227 340 100 273 349 228 273 349 227 340 98
121 121 121 276 276 227 340 100 273 349 228 291 349 276 276 71 71 71 284 226
71 121 121 276 276 227 340 100 273 349 228 273 349 276 276 71 71 71 284 284
273 349 228 291 349 227 340 98 106 227 340 118 118 118 226 128 346 128 276 284
340 100 273 228 228 273 349 276 276 71 71 71 284 284 284 227 340 100 273 349
313 313 313 313 313 313 313 128 458 152 152 152 273 100 415 218 284 98 284 458
349 276 276 71 71 71 284 226 284 227 340 100 273 349 228 291 349 227 340 98
340 98 128 227 340 118 118 118 284 346 284 128 276 128 458 152 152 152 152 343
273 349 343 371 222 222 479 222 346 128 284 346 128 458 152 152 152 152 343 118
227 340 100 273 228 228 291 349 227 340 98 106 227 340 118 118 118 226 458 346
71 276 227 227 71 71 71 71 71 284 284 284 276 276 284 227 340 100 291 228
228 291 349 276 276 71 71 71 284 226 284 284 227 340 100 273 349 228 415 291
348 273 349 348 343 273 222 349 222 346 128 284 346 128 458 268 268 268 268 343
340 100 273 349 228 291 349 227 340 98 106 227 340 261 261 261 226 458 346 128
128 458 152 152 268 268 343 348 273 479 479 222 348 348 273 479 343 222 222 349
227 340 261 106 261 261 226 458 346 128 276 276 276 128 458 152 152 152 152 343
284 226 284 227 340 100 273 349 228 273 349 227 340 98 106 227 340 261 261 261
273 349 227 340 98 106 227 340 152 118 118 284 458 346 128 276 276 276 128 458
128 458 268 268 268 268 343 348 273 479 479 222 348 348 273 479 343 222 222 479
121 121 276 276 276 227 340 100 291 349 228 291 349 276 276 71 71 71 71 71
118 284 458 346 128 276 128 458 152 152 152 152 343 371 273 479 479 222 371 371
340 100 273 349 228 273 349 227 340 98 106 227 340 261 261 261 226 458 346 128
313 273 100 415 218 284 415 284 349 284 415 218 415 284 415 284 343 284 415 291
415 415 284 222 479 261 118 343 343 222 415 415 479 222 128 71 284 346 128 276
276 276 276 340 227 71 71 71 71 71 284 226 226 226 276 276 227 340 100 291
276 276 276 227 340 100 291 349 228 291 349 276 276 71 71 71 71 71 284 226
479 222 371 273 479 371 479 222 222 349 222 346 128 276 276 284 346 227 340 100
415 100 415 218 284 98 284 346 415 415 284 152 343 348 348 273 479 479 222 348
226 227 340 100 273 349 228 291 349 227 340 98 106 227 340 261 261 261 226 458
349 228 273 349 227 340 98 106 227 340 152 118 118 284 458 346 128 276 276 276
273 479 348 348 479 222 222 479 222 346 128 284 284 346 128 458 268 268 268 268
121 121 276 276 227 340 100 273 349 228 273 349 276 276 71 71 71 284 284 227
415 284 268 343 348 348 273 479 479 222 348 348 273 479 348 348 479 222 222 479
458 346 284 128 276 128 458 152 152 152 152 343 371 273 479 479 222 371 371 273
284 226 226 226 276 276 227 340 100 291 349 349 291 415 228 227 340 98 227 340
349 228 415 415 228 276 276 71 71 71 284 284 284 227 340 100 273 228 228 273
228 291 349 276 276 276 227 227 71 71 71 71 71 284 284 284 276 276 284 227
228 227 340 98 106 227 340 118 118 118 346 346 284 128 71 128 276 276 284 226
349 227 340 98 106 227 340 261 261 261 226 458 346 128 276 128 458 152 458 152
228 228 273 291 228 227 340 98 106 227 340 118 118 118 346 346 284 128 71 128
222 346 128 284 346 128 458 268 268 268 268 343 118 222 349 479 222 118 118 222
340 118 118 118 284 458 346 128 276 128 458 152 152 152 152 343 371 222 479 479
291 349 227 340 98 106 227 340 118 118 118 118 118 118 226 458 346 128 276 276
349 276 276 71 71 71 71 284 284 276 276 227 340 100 273 349 228 273 349 227
71 71 71 284 226 284 227 340 100 291 349 228 291 349 227 340 98 106 227 340
349 415 100 415 218 284 98 284 415 415 284 313 313 313 313 313 313 313 313 313
276 276 349 276 313 313 313 346 313 313 313 313 313 273 349 415 273 218 284 284
349 228 273 349 276 276 71 71 71 284 284 227 340 100 273 349 228 273 228 227
349 228 273 415 228 227 340 98 227 340 261 106 261 261 226 458 346 128 276 276
227 340 100 273 349 228 291 349 227 340 98 106 227 340 261 261 261 226 458 346
118 284 346 346 128 276 128 458 152 152 152 152 343 118 273 479 479 222 118 118
276 71 71 71 71 71 71 284 226 284 227 340 100 291 349 228 291 349 227 340
479 222 371 371 273 479 343 222 222 479 222 346 128 284 346 128 458 152 152 152
227 340 100 291 349 228 291 228 276 276 71 71 71 284 226 284 227 340 100 291
128 458 152 152 152 152 343 371 222 479 273 222 371 371 273 479 479 222 222 479
343 348 348 273 479 479 222 348 348 273 479 348 348 479 222 222 479 222 346 128
71 71 121 121 276 276 227 340 100 273 349 228 273 349 276 276 71 71 71 284
226 284 227 340 100 291 349 228 291 349 227 340 98 106 227 340 261 261 261 261
284 313 313 313 313 313 313 313 313 313 313 415 100 415 218 284 415 284 349 284
226 284 227 340 100 273 349 228 415 415 228 227 340 98 227 340 261 106 261 261
227 340 261 218 261 261 346 346 128 284 276 128 458 152 152 152 152 343 348 273
152 343 118 273 479 479 222 371 118 222 479 343 222 222 479 222 346 128 276 276
128 276 128 458 152 152 152 152 343 371 222 479 479 222 371 273 479 343 371 222
340 100 273 349 228 291 349 227 340 98 106 227 340 118 118 118 226 128 346 128
348 479 222 222 479 222 346 128 284 284 346 128 458 268 268 268 268 343 118 118
458 346 128 276 276 284 458 276 128 458 152 152 152 152 343 371 222 349 479 222
313 313 313 313 276 415 100 415 218 284 98 284 415 415 284 313 313 313 313 313
121 121 121 276 276 276 227 340 100 291 349 228 291 349 276 276 276 340 227 276
118 118 118 284 346 346 128 276 128 458 152 152 152 152 343 118 273 479 479 222
121 276 276 227 340 100 273 349 228 273 349 276 276 71 71 71 71 284 284 276
227 340 261 261 261 226 458 346 128 276 128 458 152 458 152 152 343 348 222 349
152 152 152 152 343 118 273 479 479 415 118 273 479 371 343 222 222 349 222 346
340 261 106 261 261 226 458 346 128 276 276 276 128 458 152 152 152 152 343 348
98 227 340 261 106 261 261 226 458 346 128 276 276 276 128 458 152 152 152 152
313 313 313 313 313 313 313 313 313 128 458 152 152 415 100 415 218 284 98 284
228 291 349 227 340 98 106 227 340 118 118 118 118 118 118 226 458 346 128 276
121 276 276 227 340 100 273 228 228 291 349 276 276 71 71 71 284 226 284 284
349 228 291 228 276 276 71 71 71 284 226 284 227 340 100 291 349 228 291 415
100 291 349 228 291 349 227 340 98 106 227 340 118 118 118 118 118 118 226 458
128 458 152 152 152 152 343 371 222 479 479 222 371 273 479 343 371 222 222 479
349 228 273 349 227 340 98 106 227 340 261 261 261 276 458 346 284 128 128 458
479 222 273 100 415 218 284 118 118 100 284 415 415 284 222 479 261 118 343 343
340 98 106 227 340 118 118 118 284 458 346 128 276 128 458 152 152 152 152 343
228 227 340 98 227 340 261 261 261 261 106 261 261 458 346 128 284 276 276 276
273 100 415 273 218 284 284 343 284 415 415 349 415 100 415 218 284 98 284 415
340 152 118 118 284 458 346 128 276 276 276 128 458 152 152 152 152 343 371 222
71 71 71 284 284 284 276 276 284 227 340 100 291 228 228 291 349 227 340 98
276 276 227 340 100 273 349 228 273 349 276 276 71 71 71 284 284 227 340 100
313 313 313 313 313 313 313 313 313 313 128 458 152 152 152 273 100 415 218 284
276 276 71 71 71 284 226 284 227 340 100 291 349 228 291 415 228 227 340 98
291 349 276 276 71 71 71 71 71 284 226 284 227 340 100 291 349 228 291 349
226 284 284 227 340 100 273 349 228 415 291 349 227 340 98 227 340 261 106 261
128 458 268 268 268 268 343 118 118 273 349 71 222 118 118 118 118 291 284 343
340 100 291 349 228 291 349 276 276 71 71 71 71 71 284 226 284 227 340 100
98 284 415 415 284 313 313 313 313 313 313 313 313 313 313 273 100 415 218 284
340 118 118 118 118 118 118 226 118 346 128 276 276 276 349 276 313 313 313 118
340 98 106 227 340 261 261 261 261 261 261 226 458 346 128 276 276 276 273 313
118 118 284 458 346 128 276 128 458 152 152 152 152 343 371 222 479 479 222 371
371 479 222 222 349 222 346 128 276 276 284 346 227 340 100 291 349 228 291 349
371 222 349 479 222 371 273 479 371 479 222 222 349 222 346 128 276 276 284 346
458 346 128 276 128 458 152 152 152 152 343 371 273 479 479 222 371 371 273 479
273 349 228 273 349 276 276 71 71 71 284 226 284 227 340 100 273 349 228 273
340 100 273 349 228 273 349 227 340 98 106 227 340 118 118 118 284 458 346 128
415 415 284 313 313 313 313 313 313 313 313 313 313 128 458 152 152 152 273 100
98 106 227 340 261 261 261 261 261 261 226 458 346 128 276 276 276 273 313 313
152 343 118 118 273 479 479 222 128 100 415 218 284 118 118 284 284 415 415 284
349 276 276 71 71 71 284 226 284 227 340 100 273 228 228 291 349 227 340 98
261 261 261 261 226 458 346 128 276 276 276 349 313 313 313 313 313 313 313 313
100 273 349 228 291 349 227 340 98 106 227 340 118 118 118 226 128 346 128 276
284 227 340 100 291 349 228 291 349 227 340 98 106 227 340 118 118 118 226 458
118 118 118 284 458 346 128 276 128 458 152 152 152 152 343 371 222 479 479 222
152 343 118 273 479 479 415 118 273 479 371 343 222 222 349 222 346 128 284 346
118 226 458 346 128 276 276 276 349 276 313 313 313 346 313 313 313 313 313 273
227 340 100 273 228 228 273 349 276 276 71 71 71 284 284 284 227 340 100 273
268 268 268 268 343 348 273 479 479 222 348 348 273 479 343 222 222 349 222 346
291 349 276 276 276 227 227 71 71 71 71 71 284 226 226 226 276 276 227 340
118 226 458 346 128 276 276 284 346 276 128 458 152 152 152 152 343 371 222 349
273 349 228 273 349 276 276 71 71 71 284 226 226 226 276 276 227 340 100 273
313 276 415 100 415 218 284 98 284 415 415 284 313 313 313 313 313 313 313 313
227 340 100 291 349 228 291 349 227 340 98 106 227 340 118 118 118 226 458 346
276 276 227 340 100 273 349 228 273 349 276 276 71 71 71 284 226 284 227 340
313 313 276 415 100 415 218 284 98 284 415 415 284 313 313 313 313 313 313 313
98 106 227 340 118 118 118 226 458 346 128 276 128 458 152 152 152 152 343 371
71 71 121 121 276 276 227 340 100 273 349 228 291 349 276 276 71 71 71 226
106 227 340 118 118 118 226 458 346 128 276 128 458 152 152 152 152 343 371 273
71 121 121 276 276 227 340 100 291 349 228 291 228 276 276 71 71 71 284 226
313 313 313 313 313 313 313 313 276 415 100 415 218 284 98 284 415 415 284 313
276 415 100 415 218 284 98 284 415 415 284 313 313 313 313 313 313 313 313 313
71 276 227 227 71 71 71 71 71 284 284 284 276 276 284 227 340 100 291 228
228 415 415 228 276 276 71 71 71 284 284 284 227 340 100 273 228 228 273 228
273 415 228 276 276 71 71 71 284 284 284 227 340 100 273 228 228 273 228 227
273 222 479 222 346 128 284 284 346 128 458 268 268 268 268 343 118 118 273 349
228 273 349 276 276 71 71 71 284 284 284 227 340 100 273 349 228 273 349 227
71 121 121 276 276 227 340 100 273 349 228 291 349 276 276 71 71 71 226 226
71 121 121 276 276 227 340 100 273 349 228 273 349 276 276 71 71 71 71 284
284 222 479 118 118 343 343 222 415 222 479 222 128 71 284 346 128 276 276 71
228 227 340 98 227 340 261 261 261 261 106 261 261 458 346 128 284 276 276 276
343 284 349 284 415 218 415 284 415 284 343 349 415 291 284 284 346 273 100 415
128 284 276 276 276 313 313 313 313 313 313 313 313 313 313 276 273 100 415 218
71 121 121 276 276 227 340 100 273 349 228 291 349 276 276 71 71 71 284 226
276 276 227 340 100 291 228 228 291 349 276 276 276 227 227 71 71 71 71 71
284 284 227 340 100 273 228 228 273 228 227 340 98 106 227 340 118 118 118 458
228 291 349 276 71 71 71 71 71 71 284 226 284 227 340 100 291 349 228 291
291 349 276 276 71 71 71 284 226 284 227 340 100 273 349 228 273 349 227 340
291 349 276 276 71 71 71 284 226 284 227 340 100 273 349 228 273 349 227 340
276 276 227 340 100 291 349 228 291 349 276 276 71 71 71 71 71 284 226 284
349 228 291 349 227 340 98 106 227 340 261 261 261 226 458 346 128 276 128 458
349 228 415 415 228 227 340 98 106 227 340 152 118 118 284 458 346 128 128 458
340 100 273 228 228 273 228 227 340 98 106 227 340 118 118 118 458 346 284 128
415 415 228 227 340 98 106 227 340 152 118 118 284 458 346 128 128 458 152 152
71 71 71 284 226 284 227 340 100 273 349 228 291 349 227 340 98 106 227 340
313 313 128 458 152 152 415 100 415 218 349 98 284 458 415 415 284 152 343 348
276 276 71 71 71 284 226 284 227 340 100 273 228 228 291 349 227 340 98 106
340 261 261 261 226 458 346 128 276 128 458 152 152 152 152 343 348 222 479 479
458 268 268 268 268 343 118 222 349 479 222 118 118 222 284 343 222 222 349 222
273 228 228 291 349 276 276 71 71 71 284 226 284 284 227 340 100 273 349 228
313 313 313 273 100 415 218 284 415 284 349 284 415 218 415 284 415 284 152 284
121 276 276 227 340 100 273 349 228 273 349 276 276 71 71 71 284 284 227 340
71 71 121 121 121 121 276 276 276 227 340 100 291 349 228 291 349 276 276 276
284 118 118 284 284 415 415 284 222 479 261 118 343 343 222 415 415 479 222 128
458 346 128 276 276 276 349 313 313 313 313 313 313 313 313 313 276 415 100 415
349 227 340 98 106 227 340 118 118 118 284 118 284 128 276 128 458 152 152 152
479 222 348 222 479 348 479 479 222 222 222 479 222 128 71 346 128 284 284 346
227 340 100 273 349 228 273 349 276 276 71 71 71 284 284 227 340 100 273 349
276 276 276 227 340 100 291 349 228 291 349 276 276 71 71 71 71 71 284 226
276 276 227 340 100 291 228 228 291 349 276 276 276 227 227 71 71 71 71 71
276 276 71 71 71 71 284 284 276 276 227 340 100 273 349 228 273 349 227 340
118 118 284 458 346 128 276 276 276 128 458 152 152 152 152 343 371 222 479 479
276 128 458 152 152 152 152 343 371 222 479 479 222 371 273 479 343 371 222 222
226 284 227 340 100 291 349 228 291 349 227 340 98 106 227 340 118 118 118 118
128 284 284 346 128 458 268 268 268 268 343 118 118 273 349 479 222 118 118 273
346 284 128 276 128 458 152 152 152 152 343 371 273 479 479 222 371 371 273 479
276 276 227 340 100 291 349 228 291 228 276 276 71 71 71 284 226 284 227 340
100 291 349 228 291 349 227 340 98 106 227 340 118 118 118 226 458 346 128 276
276 276 71 71 71 284 226 284 227 340 100 273 349 228 273 349 227 340 98 106
273 349 228 273 349 227 340 98 106 227 340 118 118 118 346 346 284 128 276 128
118 118 226 458 346 128 276 276 276 349 276 313 313 313 346 313 313 313 313 313
273 228 228 291 349 227 340 98 106 227 340 118 118 118 226 458 346 128 276 128
106 227 340 261 261 261 261 261 261 226 458 346 128 276 276 276 273 313 313 313
284 343 348 348 273 479 479 222 348 348 273 479 348 348 479 222 222 479 222 346
121 276 276 227 340 100 273 349 228 291 349 276 276 71 71 71 284 226 284 227
276 71 71 71 284 226 284 227 340 100 273 349 228 291 349 227 340 98 106 227
291 349 276 276 276 227 227 71 71 71 71 71 284 284 284 276 276 284 227 340
71 71 71 71 284 226 226 226 276 276 227 340 100 291 349 349 291 415 228 227
276 276 227 340 100 273 349 228 273 349 276 276 71 71 71 284 226 284 227 340
71 284 226 284 227 340 100 291 349 228 291 415 228 227 340 98 106 227 340 118
100 273 349 228 273 349 276 276 71 71 71 284 226 284 227 340 100 273 349 228
349 227 340 98 106 227 340 118 118 118 118 118 118 226 458 346 128 276 276 276
276 349 276 313 313 313 313 313 313 313 313 313 273 349 415 273 218 284 284 343
276 227 340 100 273 349 228 273 349 276 276 71 71 71 71 284 284 276 276 227
227 340 261 261 261 226 458 346 128 276 128 458 152 152 152 152 343 348 222 479
284 346 284 128 276 128 458 152 152 152 152 343 118 222 479 479 222 118 118 273
284 343 348 348 273 479 479 222 348 348 273 479 348 348 479 222 222 479 222 346
261 106 261 261 458 346 128 284 276 276 276 313 313 313 313 313 313 313 313 313
226 226 226 276 276 227 340 100 291 349 349 291 415 228 227 340 98 227 340 261
228 227 340 98 106 227 340 152 118 118 284 458 346 128 276 128 458 152 152 152
291 228 276 276 71 71 71 284 226 284 227 340 100 291 349 228 291 415 228 227
349 228 273 349 227 340 98 106 227 340 261 261 261 226 458 346 128 276 128 458
228 273 349 276 276 71 71 71 284 284 284 227 340 100 273 349 228 273 349 227
340 152 118 118 284 458 346 128 276 276 276 128 458 152 152 152 152 343 371 222
227 340 100 273 349 228 415 291 349 227 340 98 227 340 261 106 261 261 458 346
349 415 100 415 218 284 98 284 415 415 284 313 313 313 313 313 313 313 313 313
100 273 349 228 273 349 276 276 71 71 71 284 226 226 226 276 276 227 340 100
458 152 152 152 152 343 371 222 479 479 222 371 371 273 479 479 222 222 479 222
313 313 313 313 313 313 313 313 128 458 152 152 415 100 415 218 349 98 284 346
152 152 343 118 273 479 479 415 118 273 479 371 343 222 222 349 222 346 128 284
152 152 152 343 118 222 349 479 222 118 118 273 479 343 222 222 349 222 346 128
71 121 121 276 276 227 340 100 273 349 228 273 415 228 276 276 71 71 71 284
313 313 313 313 276 415 100 415 218 284 98 284 415 415 284 313 313 313 313 313
228 273 349 227 340 98 106 227 340 261 261 261 276 458 346 284 128 128 458 152
218 227 340 261 261 261 226 458 346 128 276 128 458 152 458 152 152 343 348 222
128 276 276 276 313 313 313 313 313 313 313 313 313 313 276 415 100 415 218 284
222 479 222 346 128 284 284 346 128 458 268 268 268 268 343 118 118 273 349 71
118 284 346 346 128 276 128 458 152 152 152 152 343 118 273 479 479 222 118 118
346 128 276 128 458 268 268 152 152 343 348 273 479 479 222 348 348 273 479 343
479 273 273 479 222 346 128 284 284 346 128 458 268 268 268 268 343 118 118 273
100 273 228 228 291 349 276 276 71 71 71 284 226 284 227 340 100 273 349 228
100 291 349 228 291 349 227 340 98 106 227 340 261 261 261 261 261 261 226 458
71 71 284 226 284 227 340 100 273 349 228 273 349 227 340 98 106 227 340 261
276 227 340 100 273 349 228 273 349 276 276 71 71 71 284 226 284 227 340 100
218 284 98 284 415 415 284 313 313 313 313 313 313 313 313 313 313 128 458 152
276 276 227 340 100 273 228 228 273 100 228 227 340 98 106 227 340 118 118 118
268 268 343 348 273 479 479 222 348 348 273 479 343 222 222 479 222 346 128 276
261 261 261 261 106 261 261 458 346 128 284 276 276 276 346 313 313 313 313 313
340 100 273 228 228 415 291 228 227 340 98 106 227 340 118 118 118 346 346 284
71 71 121 121 276 276 227 340 100 273 349 228 273 349 276 276 71 71 71 284
346 128 276 276 276 349 276 313 313 313 346 313 313 313 313 313 273 349 415 415
479 479 222 371 371 273 479 343 222 222 479 222 346 128 284 346 128 458 152 152
284 415 415 284 313 313 313 313 313 313 313 313 313 313 128 458 152 152 415 100
276 276 276 349 276 313 313 313 346 313 313 313 313 313 273 349 415 415 218 284
228 228 291 349 276 276 276 227 227 71 71 71 71 71 284 284 284 276 276 284
284 346 128 458 268 268 268 268 343 118 222 349 479 222 118 118 222 284 343 222
228 291 228 276 276 71 71 71 284 226 284 227 340 100 291 349 228 291 415 228
273 100 415 218 284 118 118 284 284 415 415 284 222 479 261 118 343 343 222 415
71 284 226 284 227 340 100 273 349 228 273 349 227 340 98 106 227 340 118 118
118 118 118 284 346 346 128 128 458 152 152 152 152 343 118 273 479 479 415 118
227 340 100 273 349 228 291 349 276 276 71 71 71 284 226 284 227 340 100 273
273 479 371 479 222 222 349 222 346 128 276 276 284 346 227 340 100 291 349 228
121 121 121 276 276 276 227 340 100 291 349 228 291 349 276 276 71 71 71 71
349 276 276 71 71 71 284 226 284 227 340 100 273 349 228 273 349 227 340 98
128 458 152 152 152 152 343 118 118 273 479 479 222 128 100 415 218 284 118 118
227 340 118 118 118 226 458 346 128 276 276 284 346 276 128 458 152 152 152 152
98 106 227 340 152 118 118 284 458 346 128 276 128 458 152 152 152 152 343 118
71 71 284 284 284 276 276 284 227 340 100 291 228 228 291 349 227 340 98 106
346 128 458 268 268 268 268 343 118 118 273 349 479 222 118 118 273 284 118 118
118 118 226 458 346 128 276 276 276 349 276 313 313 313 346 313 313 313 313 313
152 343 118 273 479 479 415 118 273 479 371 343 222 222 349 222 346 128 284 346
415 100 415 218 284 98 284 346 415 415 284 152 343 348 348 273 479 479 222 348
346 128 276 276 276 313 313 313 313 313 313 313 313 313 313 276 415 100 415 218
340 118 118 118 226 458 346 128 276 276 284 458 276 128 458 152 152 152 152 343
273 273 479 222 346 128 284 284 346 128 458 268 268 268 268 343 118 118 273 349
276 276 227 340 100 291 349 228 291 349 276 276 71 71 71 71 71 284 226 284
343 348 222 349 479 222 348 273 349 348 343 273 222 349 222 346 128 284 346 128
276 276 71 71 71 284 226 226 227 340 100 273 349 228 291 349 227 340 98 106
479 222 346 128 284 346 128 458 152 152 152 152 343 118 273 479 479 222 118 118
228 228 273 291 228 227 340 98 106 227 340 118 118 118 346 346 284 128 71 128
227 340 100 273 349 228 273 349 276 276 71 71 71 284 226 284 227 340 100 273
268 343 348 273 479 479 222 348 348 273 349 343 222 222 349 222 346 128 276 276
71 71 71 71 284 226 284 227 340 100 273 349 228 415 415 228 227 340 98 106
261 261 261 226 458 346 128 276 128 458 152 458 152 152 343 348 222 349 479 222
228 291 349 227 340 98 106 227 340 118 118 118 226 458 346 128 276 128 458 152
284 415 415 284 313 313 313 313 313 313 313 313 313 313 128 458 152 152 152 273
100 291 349 228 291 349 227 340 98 106 227 340 118 118 118 226 458 346 128 276
106 261 261 226 458 346 128 276 276 276 128 458 152 152 152 152 343 348 222 479
100 415 218 284 415 284 98 284 415 218 415 284 415 284 343 284 415 291 284 284
349 276 276 71 71 71 284 226 284 227 340 100 273 349 228 291 349 227 340 98
276 128 458 152 152 152 152 343 348 273 479 479 222 348 273 479 348 479 479 222
71 71 121 121 276 276 227 340 100 273 349 228 291 349 276 276 71 71 71 226
228 273 349 276 276 71 71 71 284 226 226 226 276 276 227 340 100 273 228 228
71 71 121 121 276 276 227 340 100 291 349 228 291 228 276 276 71 71 71 284
100 415 218 284 415 284 98 284 415 218 415 284 415 284 343 284 415 291 284 284
106 227 340 118 118 118 226 458 346 128 276 276 284 458 276 128 458 152 152 152
71 284 226 284 227 340 100 291 349 228 291 349 227 340 98 106 227 340 261 261
218 415 284 415 284 98 284 415 291 284 284 346 273 100 415 218 284 343 284 415
415 218 284 98 284 458 415 415 284 343 348 348 273 479 479 222 348 348 273 479
228 228 291 349 227 340 98 106 227 340 118 118 118 226 458 346 128 276 128 458
71 71 284 226 284 227 340 100 273 349 228 273 291 228 227 340 98 227 340 261
152 152 152 152 343 118 222 349 479 222 118 118 273 479 343 222 222 349 222 346
349 276 276 276 227 227 71 71 71 71 71 284 226 226 226 276 276 227 340 100
313 313 276 273 100 415 218 284 98 284 415 415 284 313 313 313 313 313 313 313
273 349 276 276 71 71 71 284 226 284 227 340 100 273 349 228 415 415 228 227
458 346 128 276 128 458 152 152 152 152 343 371 273 479 479 222 371 371 273 479
227 340 98 106 227 340 261 261 261 226 458 346 128 276 128 458 152 152 152 152
128 458 152 152 152 152 343 118 222 479 479 222 118 118 273 479 343 222 222 349
100 273 349 228 291 349 276 276 71 71 71 284 226 226 227 340 100 273 349 228
284 227 340 100 291 349 228 291 349 227 340 98 106 227 340 261 261 261 261 261
226 284 227 340 100 291 349 228 291 349 227 340 98 106 227 340 261 261 261 261
415 284 313 313 313 313 313 313 313 313 313 313 128 458 152 152 152 273 100 415
71 71 121 121 276 276 227 340 100 273 228 228 291 349 276 276 71 71 71 284
228 291 349 227 340 98 106 227 340 261 261 261 226 458 346 128 276 128 458 152
