575 575 575 575 575 575 575 575 575 575 1587 1587 1923 1587 1923 1587 575 1587 1923 1587
1749 1749 1587 1971 1971 155 155 155 155 155 155 155 155 155 155 155 155 155 155 155
1568 575 575 1971 1971 1971 1971 575 575 575 575 575 575 575 1587 1568 155 1136 155 155
1568 1568 1568 1971 1971 1971 1971 1568 575 575 575 575 575 575 575 575 575 1587 1587 1568
1749 1971 1971 1971 1971 1923 1749 1587 1749 1587 1587 1923 1749 155 155 155 155 155 155 155
1587 1587 1587 1568 1568 1923 1587 1587 1568 1568 575 575 575 575 575 575 575 575 575 575
636 636 636 889 636 889 889 636 636 636 889 889 636 889 889 636 636 889 636 636
575 1724 575 1724 575 1724 1587 1749 1587 1749 1587 1749 1587 1749 1568 1568 1587 1749 1587 1749
1587 1971 177 177 731 731 177 177 731 1587 1587 1587 1587 1568 1568 575 575 575 575 575
731 1971 177 731 155 155 155 155 155 155 737 155 155 155 155 155 155 155 155 155
575 575 575 575 575 1971 1971 1971 1971 575 575 1568 1923 1568 155 1136 737 737 1136 155
1136 1195 1195 1195 1195 1195 1195 1195 1195 1195 1195 1195 1195 1195 1195 1195 1195 1195 1195 1195
177 731 1971 155 1971 177 177 731 1971 177 1587 1749 1587 1749 1587 1749 1587 1749 177 731
1971 1587 1587 1587 1587 1136 1587 1587 1587 1587 1136 636 1587 1587 1587 1587 1136 1136 1136 1587
1749 1587 1749 1923 1749 1587 1749 575 1724 1971 1971 731 177 731 1923 1749 1971 177 177 177
177 731 1971 177 731 1971 177 731 1568 1587 1587 1587 1587 1923 1587 1587 1587 1568 1971 1971
737 1136 737 1195 737 737 737 737 737 737 1568 123 123 737 737 737 737 737 737 737
1195 1195 737 1195 737 1195 1195 1195 737 1195 1195 1568 123 737 737 737 1195 1195 1195 1195
731 1971 177 731 1971 177 731 1971 177 731 731 1971 1971 731 177 731 177 731 1971 177
731 386 731 386 386 731 575 1724 575 1724 575 1724 575 1724 575 1724 1923 1749 1587 1749
1587 1749 1568 1568 1568 1568 575 1724 575 1724 1971 386 386 575 1724 386 731 386 386 731
1587 1749 1971 731 1971 386 386 731 177 731 1587 1749 1587 1749 1587 1749 1587 1749 386 731
1587 1587 1587 1587 1587 1568 1971 1971 1568 575 575 575 575 575 575 575 575 575 575 575
1587 1749 1587 1749 1587 1749 1587 1749 1136 1136 155 155 155 155 155 155 155 155 636 155
1749 1749 1587 1749 1587 1749 731 1971 731 386 386 386 731 386 731 386 386 731 1587 1749
155 737 155 1136 1136 155 155 1568 1568 1587 1749 1136 1136 155 155 155 155 1136 1136 155
1195 1195 1195 1195 1195 1195 1195 1195 1195 737 1195 1195 123 737 737 1195 737 123 1971 1971
1749 1568 1568 155 155 1136 1136 155 155 737 155 1136 1136 155 155 1136 1136 737 155 737
1568 575 575 575 575 575 575 1971 1971 1971 1971 575 575 575 1587 1587 155 1136 737 737
1971 1587 1971 1587 1587 1971 1971 1971 1568 1568 1568 1971 1971 1971 1971 1568 1568 575 575 575
731 177 731 1971 177 731 1971 177 731 1971 177 731 1587 1971 177 731 731 177 731 1971
386 731 1971 386 731 386 386 731 1587 1749 1587 1749 1587 1749 1587 1749 1568 1568 1136 1136
1568 1568 1568 1568 731 731 575 1724 575 1724 386 386 731 386 731 386 386 731 575 1724
1195 1195 1195 1195 737 1195 1568 123 123 737 737 737 737 737 737 737 123 123 1971 1971
1587 1587 1587 1587 1568 1568 1587 1587 1587 1568 1568 575 575 575 575 575 575 575 575 575
636 636 1971 636 177 731 177 731 1971 177 177 177 731 731 177 731 1971 177 731 1971
1587 1568 1568 575 575 1971 1971 575 575 575 575 575 575 575 575 575 575 1587 1587 1923
1587 1587 1587 1568 1568 575 575 575 575 575 575 575 575 1971 1136 731 575 177 731 575
1136 1971 155 1587 1749 1587 1749 1587 1749 1587 1749 1136 1136 636 155 1587 1749 1587 1749 1587
1587 1749 1568 1568 155 155 1136 1136 155 155 737 155 1136 1136 155 155 1568 1568 1587 1749
731 386 386 731 1923 1749 1587 1749 1587 1749 1568 1568 1568 1568 575 1724 575 1724 575 1724
731 731 177 731 1587 1749 1923 1587 1587 1749 1923 1749 155 155 1971 1971 386 731 386 386
1749 1587 1749 1136 1136 155 155 1587 1749 1587 1749 1587 1749 1587 1749 1587 1749 1587 1749 1587
1568 1971 177 177 731 1971 177 177 731 731 177 731 1587 1971 1587 1587 1587 1587 1587 1587
386 386 731 575 1724 575 1724 575 1724 1587 1749 575 1724 1587 1749 1587 1749 1587 1749 1587
737 737 737 737 737 737 737 123 1971 1971 1971 1971 1568 1923 1587 1587 1971 1971 737 737
1587 1587 1587 1587 1587 1568 1568 1587 1587 1587 1568 1568 575 575 575 575 575 575 575 575
386 386 731 386 731 386 386 731 1587 1749 1587 1749 1587 1749 1568 1568 1568 1568 575 1724
737 1195 737 737 737 737 737 737 1568 737 737 737 737 737 737 737 737 737 737 1971
123 1587 123 123 123 123 737 737 737 737 737 737 737 737 737 737 737 1195 1195 737
1587 1587 1587 1587 1587 1587 1587 1587 1568 1971 177 731 177 731 731 177 177 177 731 731
386 731 386 636 731 636 731 386 386 731 575 1724 386 731 386 386 731 575 1724 575
177 731 177 731 1971 177 177 177 731 731 177 731 1971 177 731 177 177 731 1971 177
1587 1587 1587 1587 1587 1587 1587 1587 1587 1587 1587 1971 177 731 177 731 1587 1971 177 177
1568 1568 1568 1971 1971 1971 1971 1568 1568 575 1724 575 1724 575 1724 575 1724 575 1724 575
737 737 737 737 737 737 737 737 737 737 737 737 737 123 123 123 1971 636 636 1971
1749 1587 1749 1587 1749 1587 1749 1971 177 731 177 731 1971 177 177 177 731 731 177 731
1587 1587 1587 1568 1568 1923 1587 1587 1568 1568 575 575 575 575 575 575 575 575 575 575
731 575 1724 575 1724 386 386 731 386 731 386 386 731 575 1724 731 731 386 386 731
177 731 731 1971 177 731 177 731 177 731 1971 177 177 177 731 731 177 731 1971 177
737 737 636 737 737 737 737 737 737 737 1971 1971 1568 1971 1971 731 177 731 1971 177
1587 1587 1568 1587 155 1136 737 737 1136 155 1136 737 737 737 737 737 737 737 737 737
123 123 737 1195 737 737 1195 1195 737 737 1195 1195 1195 1195 1195 737 1195 1195 1971 1971
1587 1749 1568 1568 1136 1136 1568 1568 575 1724 575 1724 575 1724 575 1724 575 1724 575 1724
386 386 731 386 386 731 731 575 1724 1971 731 575 1724 386 386 731 386 731 386 386
386 731 386 386 731 386 731 386 386 731 575 1724 575 1724 575 1724 731 731 575 1724
1749 1971 177 731 731 731 386 386 731 1568 1568 1923 1749 1923 1749 1587 1749 1971 1749 1587
575 1587 1587 1923 1923 1587 1587 575 1587 1587 1923 1923 1587 1587 1923 1923 1587 1587 1136 1568
1749 1587 1749 1587 1749 1136 1136 636 155 1587 1749 1587 1749 1587 1749 1587 1749 1136 1136 1136
737 737 737 1568 737 737 737 737 737 737 737 737 737 737 1971 1971 1971 1971 1923 123
1568 1568 1568 1568 575 1724 575 1724 1971 575 1724 386 386 575 1724 386 731 386 386 731
731 177 177 731 636 177 731 731 1971 177 731 177 177 731 731 889 177 177 177 731
1568 575 1724 575 1724 1971 575 1724 386 386 575 1724 386 731 386 386 731 731 1971 731
386 731 386 636 731 1971 731 386 386 731 737 737 737 737 737 737 737 737 737 155
575 575 575 575 575 1587 1587 1587 1587 1587 1923 1587 1587 1568 1568 1923 1587 1587 1568 1568
575 575 575 575 575 575 575 575 1587 1587 1587 1587 1587 1587 1587 1587 1587 1587 1587 1587
1587 1587 1587 1587 1587 1749 1568 1568 1136 1136 155 155 1587 1749 1587 1749 1587 1749 1587 1749
1587 1587 1587 1587 1568 1971 1971 1568 575 575 575 575 1136 575 575 575 575 575 575 575
1587 1749 1971 1971 1587 1749 1971 1971 1568 1568 1971 1971 1971 1749 1568 1568 1568 1568 1568 1568
575 575 575 575 575 575 575 575 575 1971 1971 575 1923 1587 1587 1587 1587 1587 1587 1587
1587 1749 1587 1749 1587 1749 1587 1749 1568 1568 1587 1749 1587 1749 1587 1749 1587 1749 1587 1749
575 1724 575 1724 575 1724 1971 575 1724 386 386 386 731 386 386 731 731 575 1724 1971
737 155 1971 1971 1568 1568 1971 177 731 177 731 1971 177 177 177 731 731 177 731 731
575 1724 1971 575 1724 386 386 575 1724 386 731 386 386 731 731 1971 731 386 386 731
737 1587 1971 1971 1971 1971 123 1587 1587 1587 1587 737 737 737 737 737 737 737 737 737
1971 1587 1923 1587 1923 1923 1587 1587 1568 1568 575 575 575 575 575 575 575 575 575 1923
737 636 636 737 737 737 737 1971 1971 1971 1971 731 177 731 1971 177 177 177 731 731
177 731 731 177 731 177 177 731 177 177 889 889 177 731 889 177 177 889 177 731
575 575 575 575 1587 1587 1587 1136 1587 1587 575 1587 1587 1587 1587 1587 1587 1587 1587 1587
636 889 636 889 889 636 636 636 889 889 636 889 636 636 636 889 636 636 636 889
1749 1587 1749 1587 1749 1587 1749 1568 1568 1568 1568 1136 1136 575 1724 575 1724 575 1724 575
636 636 636 177 177 889 177 731 177 177 177 177 889 177 177 731 177 177 731 177
575 575 575 575 575 575 575 575 575 575 1587 1587 1587 1587 1587 1587 1136 1587 1587 1587
1724 575 1724 575 1724 575 1724 575 1724 1568 1568 575 1724 575 1724 575 1724 1587 1749 575
737 1971 155 155 155 155 1749 1923 1587 1923 1587 1587 1587 1568 1568 575 575 575 575 575
1587 1587 1971 1971 1971 386 731 386 636 731 1971 731 386 386 731 386 731 386 386 731
731 1971 177 731 1971 177 731 731 177 731 1587 1587 1587 1587 1568 1568 575 575 575 575
575 575 575 575 575 1587 575 1587 1587 1587 1587 1136 1923 1923 1587 1587 1587 1568 1587 1587
1195 1195 1195 1195 1195 1136 1195 155 1195 1136 1195 737 1195 155 1136 1136 1195 1195 1195 1195
1568 1568 1971 575 575 575 575 575 575 575 575 575 575 575 1971 575 731 177 731 575
1195 155 1195 155 1195 737 1195 155 1195 737 1195 737 1195 737 1195 737 1195 1195 636 1971
386 731 386 386 731 731 731 731 386 386 386 386 386 731 731 386 386 731 123 1749
731 575 1724 386 731 386 386 731 575 1724 575 1724 575 1724 575 1724 575 1724 1587 1749
177 177 177 731 731 177 731 1971 177 731 177 177 1971 1971 177 731 1971 177 177 636
575 1724 731 386 1971 731 575 1724 1971 731 386 386 731 386 731 386 386 731 575 1724
386 386 731 1587 1749 1587 1749 1568 1568 1587 1749 1568 1568 1923 1749 1587 1749 1587 1749 1568
386 386 731 386 731 386 386 731 1971 731 386 386 386 731 1971 1749 1749 1749 1587 1749
731 177 731 1971 1587 1923 1587 1587 1587 1587 1587 575 575 575 575 575 575 575 575 575
737 737 737 737 737 737 737 1971 1971 1971 177 1568 1923 1587 1587 1587 1923 1587 737 737
123 1568 737 1136 737 737 1136 737 737 737 737 1136 737 737 737 737 1195 1195 1195 737
386 731 575 1724 575 1724 575 1724 1587 1749 1587 1749 1587 1587 1587 1749 1587 1749 731 731
1587 1587 1587 1568 1568 575 575 575 575 575 575 575 575 575 575 575 1136 575 1923 1587
575 575 575 575 575 575 1587 1587 1587 1587 1587 1587 1587 1587 1587 1587 1587 1587 1587 1587
1195 1195 1195 1195 1195 1195 1195 1195 1195 1195 737 737 1195 123 737 737 1195 737 123 1971
1724 575 1724 575 1724 575 1724 575 1724 575 1724 575 1724 1587 1749 1587 1749 1587 1749 1587
1749 1587 1749 1587 1587 1923 1749 737 155 737 155 737 737 155 155 155 155 737 155 737
155 1195 155 1195 155 1195 155 1195 155 1195 155 1195 737 1195 155 1195 737 1195 1195 1195
386 731 386 155 731 731 731 731 386 386 386 386 731 386 731 386 386 731 1587 1749
1136 1195 1195 1195 1195 1136 1195 1195 1195 1195 1195 1195 1195 1195 1195 1195 1195 1195 1195 1195
177 731 731 1971 177 731 1971 731 177 731 1971 177 177 177 731 731 177 731 1971 177
1136 1195 1195 1195 1195 737 1195 1195 1195 1195 1195 1195 1195 737 1195 1568 123 123 737 737
731 1971 177 731 177 731 177 731 1971 177 177 177 731 731 177 731 177 177 177 731
155 1971 1971 1971 1971 1923 1749 1587 1749 1587 1587 1971 1971 1568 1568 1923 1749 1971 155 1971
1568 1568 575 575 575 575 575 575 575 575 1971 1971 1971 575 575 575 1587 575 1587 1587
1568 123 1587 737 737 737 737 737 737 737 1587 123 1971 1971 1923 1971 1923 1587 1587 737
575 575 575 575 575 575 575 1587 1587 1587 1587 1587 1923 1587 1587 1568 1568 1587 1587 1587
1587 1587 1587 1568 1568 575 575 575 575 575 575 575 575 575 575 575 575 1587 1587 1587
386 1971 731 1971 386 386 731 731 386 1587 1749 1587 1749 1587 1749 1587 1749 1568 1568 1971
731 177 731 1971 177 731 1971 177 731 1971 1971 731 731 1971 1971 731 177 731 386 731
1587 1587 1587 1587 1587 1568 1568 1587 1587 1587 1568 1568 575 575 575 575 575 575 575 575
1971 123 123 123 1568 737 737 737 737 737 737 737 737 1195 1195 737 737 737 737 737
1587 1587 1749 575 1724 1923 1749 1587 1749 1587 1749 1587 1749 1587 1749 1923 1587 1587 1749 1587
386 731 1971 1923 123 1923 123 1923 1971 1568 737 737 737 737 1971 737 737 737 737 123
889 177 177 177 889 889 177 889 889 177 889 889 177 177 731 889 177 177 177 889
1587 1587 1568 1568 575 575 575 575 575 575 575 575 575 1587 1587 1587 1587 1923 1587 1587
1749 1587 1749 1587 1587 1971 1971 1568 1568 1587 1749 1971 155 1971 386 731 386 386 731 731
1749 1587 1749 1568 1568 1971 1971 1136 1136 1568 1568 575 1724 575 1724 575 1724 575 1724 575
1724 575 1724 575 1724 575 1724 1587 1749 1587 1749 1587 1749 1568 1568 155 155 1136 1136 155
636 636 636 737 636 1568 1971 177 731 177 731 1971 177 177 177 731 731 177 731 731
1587 1971 177 1971 177 731 177 731 1971 177 177 177 731 731 177 731 177 177 731 177
177 731 731 177 177 731 1587 1587 1587 1587 1568 1568 575 575 575 575 575 1971 1971 575
386 731 386 731 386 386 731 1587 1749 1587 1749 1587 1587 1568 1568 1568 1568 575 1724 575
1749 1568 1568 1587 1749 1587 1749 1587 1749 1136 1136 1971 155 1587 1749 1587 1749 1587 1749 1587
731 386 386 731 1923 1749 1587 1749 1587 1749 1568 1568 1568 1568 575 1724 575 1724 575 1724
575 575 575 575 575 1971 1971 1971 575 575 575 1587 575 1587 1587 1587 1587 1587 1136 1587
1971 1971 1971 1971 1923 1587 1587 1971 1971 1568 737 155 155 155 155 155 737 737 737 737
177 731 1971 177 731 1587 1971 177 731 731 177 731 1971 1749 1923 1587 1923 1587 1587 1587
575 575 575 575 575 575 575 575 575 1971 1971 1568 1923 1587 1587 1587 1587 1587 1136 1923
932 177 731 1971 177 177 731 1971 177 177 731 1587 1587 1587 1587 1971 1587 1587 1587 1587
889 636 889 889 636 636 636 889 889 636 889 636 636 636 889 636 636 636 889 636
1195 155 1195 155 1195 1195 1195 1195 1195 155 1195 737 1195 1195 1195 1195 1195 1195 1195 1195
731 1923 1971 1587 1587 1923 1587 1587 1587 1568 1568 575 575 575 575 575 575 575 1971 1971
1587 1587 1587 1971 177 177 731 1587 1587 1587 1587 1587 1587 1587 1587 1587 1568 1568 1971 1971
731 575 1724 1971 731 386 386 731 575 1724 575 1724 386 731 386 386 731 575 1724 575
177 731 177 731 731 177 177 177 731 731 177 731 1971 177 731 1971 177 731 1971 177
1971 1971 1587 1587 1587 1587 1587 1587 1971 1971 1971 1971 1971 1971 177 1587 1568 1568 1568 1568
177 731 731 177 731 1971 1749 1587 1587 1587 1587 1587 1587 1568 1568 575 575 575 575 575
1587 1587 1587 1971 1971 731 177 731 1587 1587 1971 177 177 177 731 731 177 731 1587 1587
1971 737 737 737 737 1971 737 737 737 737 1587 1923 1923 1923 1587 1587 1587 1568 1568 575
177 731 889 932 177 177 177 731 731 177 731 636 177 731 177 177 731 177 177 731
1587 737 155 737 155 1971 1587 1587 1587 1568 1568 575 575 575 575 575 575 575 575 575
575 1724 1971 386 386 575 1724 386 731 386 386 731 731 575 1724 1923 386 386 731 731
1136 1568 575 575 575 575 1568 575 575 575 575 575 575 575 575 1587 1587 1587 1587 1587
1971 1587 1587 1587 1587 1568 1136 1587 1587 1587 1587 1136 1587 1587 1587 1587 636 1587 1587 1136
1568 731 731 575 1724 731 386 575 1724 386 731 386 386 386 731 386 386 731 575 1724
575 575 575 575 575 575 575 575 1587 1587 1587 1587 1587 1587 1587 1587 1587 1587 1587 1587
636 636 636 177 1971 1971 177 731 177 731 1971 1587 177 177 177 731 731 177 731 1971
155 737 155 1971 1587 1587 1587 1568 1568 575 575 575 575 575 575 575 575 575 1923 1587
1587 1971 177 731 177 731 1971 177 177 177 731 731 177 731 1971 177 731 1971 177 731
731 1587 177 731 1587 1587 1971 177 731 1587 1971 177 177 731 1971 177 177 731 1587 1587
177 731 731 177 731 1923 1749 1971 177 731 1971 177 731 575 177 731 1587 1749 1587 1749
1195 1195 1195 1195 1195 737 1195 1195 1195 1195 1195 123 1971 1971 1971 1971 123 123 123 123
1971 1587 1587 1971 1587 1971 1568 1971 1971 1568 1568 1568 1971 1971 1971 1971 1568 575 575 575
731 1971 177 177 731 731 1971 177 731 177 731 177 731 1971 177 177 177 731 731 177
177 731 1587 1749 1971 386 731 386 386 731 731 731 386 386 731 386 731 386 386 731
1568 1587 1568 1923 1587 1587 1568 1568 575 575 575 575 575 575 575 575 575 575 575 575
1971 177 731 1971 177 731 1923 1749 1971 1587 1749 1587 1749 177 731 1587 1749 1971 177 731
1136 575 575 575 575 575 575 575 575 1587 1587 1587 1587 1587 1587 1587 1587 1587 1587 1587
1587 1587 1568 1568 575 575 1971 1971 575 575 575 575 575 575 575 575 575 575 1587 1587
1971 1971 177 731 177 731 731 177 177 177 731 731 177 731 731 177 731 1971 1568 1568
731 731 1971 177 731 177 731 177 731 731 177 177 177 731 731 177 731 177 177 731
1568 386 386 386 731 386 731 386 386 731 731 731 386 386 731 575 1724 386 731 386
1568 1568 575 575 575 575 575 575 575 575 575 1587 1587 1568 155 1136 737 737 1136 155
731 177 731 889 177 731 177 177 731 889 177 177 731 889 177 177 177 889 177 731
731 386 386 731 731 636 731 386 386 386 386 731 386 731 386 386 731 1587 1749 1587
1749 1587 1749 1587 1749 1587 1749 1587 1749 1587 1749 1587 1749 1587 1749 1587 1749 1587 1749 1971
386 386 731 575 1724 731 731 386 386 731 386 731 386 386 731 575 1724 575 1724 575
575 575 1587 1587 1587 1587 1587 1568 1587 1568 1587 1587 1587 1568 1568 575 575 575 575 575
1724 575 1724 575 1724 1923 1749 1568 1568 155 155 1136 1136 155 155 737 155 1136 1136 155
386 386 731 731 731 386 386 731 1587 1749 1587 1749 1587 1749 1587 1749 1568 1568 1568 1568
575 575 575 575 575 575 123 1568 155 1136 737 155 1136 737 1136 737 737 1136 737 737
1587 1587 1136 1568 1923 1923 1587 1587 1136 155 1923 1923 1587 1587 1971 1136 1136 1587 1587 1587
1568 123 123 123 737 737 737 737 737 737 737 737 737 737 737 737 737 737 737 737
636 636 636 1195 1195 1195 636 1195 636 1971 1971 636 177 731 177 731 636 177 177 177
636 636 636 636 1971 1971 1971 177 731 177 731 1971 177 177 177 731 731 177 731 636
575 575 1587 1587 575 575 1587 1587 1587 1749 1587 1749 1587 1749 1587 1749 1587 1749 1587 1749
636 1587 1971 177 1568 1568 575 575 575 575 575 575 575 1971 1971 575 1971 1971 575 1587
737 1587 1923 1923 1923 155 155 155 155 1971 1587 1587 1587 1568 1568 575 575 575 575 575
731 177 177 731 1971 177 731 731 1971 177 731 177 731 177 731 1971 177 177 177 731
1971 177 177 731 731 177 731 1971 1587 1587 1587 1568 1568 575 575 575 575 575 575 575
1971 177 731 1923 1749 1971 1587 1749 1587 1749 177 731 1587 1749 1971 177 731 1971 731 386
177 731 889 177 731 177 177 177 889 177 889 1587 177 1587 1971 177 177 177 889 177
177 731 1749 1749 1923 1749 1587 1749 1587 1749 155 155 386 731 386 386 731 731 731 731
1136 1136 155 155 737 155 1136 1136 155 155 1568 1568 1587 1749 1136 1136 155 155 155 155
123 123 737 737 737 737 1195 737 737 1195 1195 737 1195 737 1195 1195 737 1195 1971 1971
731 177 731 731 177 177 177 731 731 177 731 1971 177 731 1587 177 731 1971 177 177
575 575 575 1568 575 575 575 575 575 575 575 575 1587 1587 1587 1587 1587 1587 1587 1587
575 1724 575 1724 575 1724 575 1724 575 1724 1587 1749 1568 1568 1587 1749 155 155 1136 1136
1587 177 177 731 1971 177 177 731 1971 177 177 731 1971 177 731 1587 1587 1587 1587 1568
731 177 731 1971 177 731 1971 177 731 731 1971 177 731 177 731 177 731 1971 177 177
177 731 177 731 1971 177 177 177 731 731 177 731 1971 177 731 1971 177 731 1971 177
386 731 1971 731 386 386 731 731 177 731 731 177 731 1749 1749 1587 1749 1587 1749 1587
1971 177 177 731 1971 177 1587 1749 1587 1749 1587 1749 1587 1749 177 731 1971 731 386 386
731 386 386 731 731 386 1971 731 1971 1971 386 731 386 386 731 731 731 386 386 731
737 636 155 737 155 1195 737 737 737 737 155 123 1749 1971 1971 1971 1971 123 1749 1587
1587 1587 1587 1587 1568 1136 1587 1587 1587 1587 1136 1587 1587 1587 1587 636 1587 1587 1136 1587
1568 1568 575 575 575 575 575 575 575 575 575 575 575 575 1587 1587 1587 1587 1587 1587
575 575 123 1587 1568 155 1568 1136 1587 1587 737 737 1136 737 1136 737 737 737 737 737
575 1724 575 1724 575 1724 1587 1749 1587 1749 1587 1749 386 1971 731 386 386 386 731 386
575 1587 575 1587 1587 1587 1587 1136 1587 1587 1587 1587 1587 1568 1587 1587 1587 1587 1587 1587
386 386 731 737 155 737 155 737 155 737 155 737 155 737 155 737 155 737 155 737
155 1587 1749 1587 1749 1587 1749 1587 1749 1136 1136 1136 1136 1136 1136 1587 1749 1587 1749 1587
177 177 177 731 731 1971 177 731 177 731 177 731 889 177 177 177 731 731 177 731
731 177 731 731 177 177 177 731 731 177 731 1971 177 731 1971 177 177 731 575 177
155 737 155 1568 1568 123 1749 737 155 737 155 737 737 737 737 155 155 155 155 155
575 575 575 575 575 575 575 575 575 575 575 575 1587 1587 1587 1587 1971 1587 1587 1587
731 1971 177 731 1971 177 731 731 177 731 731 177 731 1587 1749 1971 177 731 386 386
1971 177 177 731 177 731 1971 177 177 177 731 731 177 731 1971 177 731 177 177 731
636 177 177 177 889 177 889 177 177 177 177 889 177 177 889 177 177 889 177 177
575 1724 575 1724 575 1724 575 1724 575 1724 575 1724 575 1724 575 1724 575 1724 1587 1749
1971 1971 1971 636 1724 1568 1568 1568 1568 1568 1568 1971 1971 1971 1971 1568 1568 575 1724 575
155 155 737 155 1136 1136 155 155 1568 1568 1587 1749 1136 1136 155 155 155 155 1136 1136
1587 1749 1136 1136 1971 155 155 155 1587 1749 1587 1749 1587 1749 1587 1749 1136 1136 1136 1136
155 155 1971 1971 1923 1749 1587 1749 1587 1749 1587 1749 155 155 155 155 737 737 737 155
932 731 386 386 386 731 386 731 386 386 731 1587 1749 1587 1749 1568 1568 1587 1749 1568
177 731 731 177 177 386 731 731 177 731 1971 177 731 1971 177 731 1971 177 731 1587
575 1724 575 1724 575 1724 1923 1749 1568 1568 155 155 1136 1136 155 155 737 155 1136 1136
575 1587 1587 1587 1587 1587 1568 1587 1568 1587 1587 1587 1568 1568 575 575 575 575 575 575
1749 1587 1749 1587 1749 1587 1749 731 1971 731 1587 1749 386 386 386 731 177 731 386 386
1136 1568 123 737 737 1136 155 1136 737 737 1136 737 737 737 737 737 737 737 737 737
737 737 1136 123 1568 737 737 737 737 1195 1195 737 737 737 1195 1195 1195 1195 1195 1195
177 731 177 1587 889 177 177 177 731 731 177 731 1587 1587 177 177 731 177 177 177
155 1587 1749 1923 1749 1971 1971 1971 1971 1587 1749 1587 1749 1587 1587 1971 1971 1971 386 731
386 731 386 386 731 575 1724 575 1724 575 1724 731 731 575 1724 386 386 731 386 731
575 575 575 575 1587 1587 1587 1587 1587 1587 1587 1587 1587 1587 1568 1587 1587 1587 1587 1971
155 1971 1971 1971 1971 1923 1749 1587 1749 1587 1587 1971 1971 1568 1568 1923 1749 1971 155 1971
575 575 575 575 575 575 575 575 575 1587 1587 1568 155 1136 155 737 737 155 1136 737
575 575 575 1136 575 575 575 1587 1587 1587 1587 1587 1587 1587 1587 1587 1587 1587 1587 1587
575 575 123 123 1568 737 1136 737 737 737 737 737 737 737 737 737 737 737 737 1568
177 731 731 1971 177 731 177 731 177 731 889 177 177 177 731 731 177 731 177 177
731 177 731 1971 177 731 1971 177 731 1971 177 177 731 1971 177 177 731 1568 1587 1587
1568 1587 1587 1587 1568 1568 575 575 575 575 575 575 575 575 575 575 575 575 1587 1587
731 1587 1749 1587 1749 1587 1749 1587 1749 1568 1568 386 731 386 386 731 1971 731 386 386
155 737 155 737 737 737 737 737 737 1587 1749 1971 1971 1971 1971 1923 1749 1587 1749 1587
177 177 731 731 177 731 1971 177 731 1971 177 731 1971 177 731 731 1587 177 731 177
575 177 731 1587 731 1587 1587 177 731 575 1971 177 731 1587 1587 1971 1587 177 1587 731
731 731 1568 177 177 731 177 731 177 731 889 177 177 177 731 731 177 731 1971 177
575 575 575 575 575 1587 575 1587 1587 1587 1587 1587 575 1587 1587 1587 1971 1587 1587 1587
1136 737 737 737 737 737 1136 737 737 737 737 737 737 737 737 737 737 1568 1568 123
177 731 1971 177 731 1971 177 731 1971 177 731 1587 1587 1587 1587 1587 1587 1587 1587 1568
386 386 731 386 731 386 386 731 575 1724 575 1724 575 1724 1587 1749 1587 1749 1749 1587
1971 1971 1971 1971 1971 1568 1568 575 1724 575 1724 575 1724 575 1724 575 1724 575 1724 575
737 1195 155 1195 1195 1195 1195 1195 155 1195 1195 1195 1195 1195 1195 1195 1195 1195 1195 636
1724 575 1724 575 1724 575 1724 575 1724 1587 1749 1568 1568 155 155 1136 1136 155 155 737
731 731 1587 177 731 1587 1587 1971 177 731 1587 1971 177 177 731 1971 177 177 731 1587
575 737 737 737 737 575 575 575 575 575 575 575 575 575 575 1923 1587 1587 1587 1587
1195 1195 1195 1195 1195 1195 1195 1195 737 737 1195 123 737 737 1195 737 123 1971 636 636
1195 1195 1195 1195 1195 1195 1195 737 737 1195 123 737 737 1195 737 123 1971 636 636 636
1587 1136 1587 1587 1587 1587 1587 1587 1587 1587 1971 1136 1587 1587 1587 1587 1136 1587 1587 1587
155 737 1136 737 155 737 155 737 155 737 155 737 737 1568 1568 1587 1749 636 155 155
1587 1749 575 1724 1587 1749 1587 1749 1587 1749 575 1724 1587 1749 1587 1749 1587 1749 1587 1749
1195 155 1195 1195 1195 1195 1195 155 1195 155 1195 1195 1195 737 1195 1195 1195 1195 1195 1195
1587 1587 1923 1587 1587 1568 1587 1587 1568 1587 1923 1587 1587 575 575 575 575 575 575 575
1749 1587 1749 1136 1136 1587 1749 1587 1749 1587 1749 1923 1749 1136 1136 1136 1136 1587 1749 1587
731 386 731 386 386 731 1971 731 386 386 731 731 177 731 731 177 731 1749 1749 1587
1587 1587 1568 1568 575 575 575 575 575 575 575 575 575 1923 1587 1587 1587 1587 1568 1587
177 636 889 889 177 177 889 177 1587 177 177 177 1587 177 1587 177 177 177 889 177
1749 1587 1749 1587 1749 1587 1749 1587 1749 1568 1568 1587 1749 1587 1749 1587 1749 1587 1749 1587
1587 1749 1587 1749 1568 1568 1587 1749 1587 1749 1587 1749 1587 1749 1587 1749 1587 1749 1587 1749
1195 1195 1195 1195 737 1195 1195 1195 1195 1195 123 1971 1971 1971 1971 123 123 123 123 123
1749 1587 1587 1923 1587 1587 1587 1568 1568 1568 575 575 575 575 575 575 575 575 575 1923
1587 1749 1568 1568 1136 1136 1568 1568 575 1724 575 1724 575 1724 575 1724 575 1724 575 1724
1749 177 731 731 731 386 386 731 731 177 1971 731 1971 1971 386 731 386 386 731 731
1587 1587 1587 1971 177 177 731 1587 1587 1587 1587 1587 1587 1587 1587 1587 1568 1568 1971 1971
1749 1971 1749 386 731 386 386 731 731 1971 731 386 386 386 386 731 386 731 386 386
731 737 155 737 155 737 155 737 155 737 155 737 155 737 155 737 155 737 155 737
737 737 737 1971 737 155 155 155 1587 1923 1923 1923 1587 1587 1587 1568 1568 575 575 575
1195 1195 1195 737 1195 1568 123 123 737 737 1195 1195 737 737 737 123 123 1971 1971 636
1587 1749 1587 1749 1923 1749 575 1724 1587 1749 1587 1749 1587 1749 1587 1749 1971 1971 1587 1749
731 123 737 737 737 737 1971 123 737 737 737 737 737 737 737 737 1971 123 123 123
1568 575 575 575 575 1971 1971 575 575 575 575 575 575 575 575 1923 1587 1587 1136 1587
731 1587 1749 1587 1749 1587 1749 1568 1568 1568 1568 575 1724 575 1724 1971 386 386 575 1724
177 1749 1568 1568 1568 1568 1568 1568 1971 1971 1971 1971 1568 1568 575 1724 575 1724 575 1724
575 575 575 575 575 575 575 1971 1971 575 1923 1587 1587 1587 1587 1587 1587 1587 1136 1923
737 737 737 737 737 737 737 737 1195 737 737 737 737 737 737 1971 1971 1971 1568 737
731 1971 1923 177 1587 731 1587 1136 1587 177 731 731 177 731 1587 1587 1587 1587 1568 1568
575 575 575 1587 1587 1923 1587 1136 1587 1587 1923 1923 1587 1587 1923 1923 1587 1587 1136 1923
575 1724 575 1724 575 1724 1587 1749 1587 1749 1587 1749 1568 1568 155 155 1136 1136 155 155
386 731 1587 1749 1587 1749 1587 1749 1568 1568 1568 1568 575 1724 575 1724 386 575 1724 386
177 731 177 731 1971 177 177 177 731 731 177 731 1971 177 177 731 1971 177 177 731
1568 1971 1971 1568 575 575 575 575 1136 575 575 575 575 575 575 575 575 1587 1587 1587
386 731 575 1724 386 636 731 575 1724 575 1724 575 575 575 1724 575 1724 575 1724 575
1587 1587 1587 1587 1587 1587 1971 177 731 177 731 731 177 177 177 731 731 177 731 731
155 737 155 737 155 737 155 737 155 737 737 737 737 737 737 123 1749 1971 1971 1971
1724 575 1724 1587 1749 575 1724 1587 1749 1587 1749 1587 1749 1923 1749 731 1923 731 1587 1749
1195 1195 1195 1195 1195 1195 1195 1195 155 1195 737 1195 737 1195 155 1195 155 1195 1195 1195
731 177 731 1971 177 731 1971 177 731 1971 1971 731 731 1971 1971 731 177 731 386 731
177 731 1568 1971 177 177 731 1587 1587 1587 1587 1971 1971 1923 1587 1587 1587 1568 1568 575
386 731 386 386 731 1587 1749 1587 1749 1587 1749 1568 1568 1568 1568 575 1724 575 1724 731
1195 737 737 737 737 1195 1195 1195 1195 1195 1195 1195 1195 737 1971 1971 737 177 636 177
1568 386 386 386 731 386 731 386 386 731 731 731 386 386 731 575 1724 386 731 386
1749 1971 1587 1749 123 1749 177 731 1587 1749 1971 177 731 731 731 386 386 731 1568 1568
177 731 1587 731 1587 1587 177 731 575 1971 177 731 1587 1587 1971 1587 177 1587 731 1587
1587 1568 1568 575 575 575 575 575 575 575 575 575 1923 1587 1587 1587 1587 1568 1587 1568
1587 1587 1587 1587 1587 1587 1587 1587 1587 1587 1587 1587 1587 1587 1587 1587 1136 1587 1587 1587
1195 737 737 1195 1195 737 737 1195 1195 1195 1195 1195 737 1195 1195 1971 1971 123 1971 731
575 1587 1587 575 575 1587 1587 1587 1749 1587 1749 1587 1749 1587 1749 1587 1749 1587 1749 1587
1971 932 1568 1568 1568 1971 1971 1971 1971 1568 575 575 575 575 575 575 575 575 575 1587
731 386 386 731 575 1724 575 1724 575 1724 575 1724 575 1724 575 1724 1587 1749 575 1724
1568 1568 575 575 575 575 575 575 575 575 575 1587 1587 1587 1587 1587 1568 1587 1587 1587
1724 575 1724 1923 1749 1568 1568 1587 1749 155 155 1136 1136 155 155 737 155 1136 1136 155
177 731 1971 177 731 1971 177 731 731 177 731 731 177 731 1587 1749 1971 177 731 386
1587 1749 1136 1136 1971 155 1587 1749 1587 1749 1587 1749 1587 1749 1136 1136 636 155 1587 1749
1724 1587 1749 575 1724 1587 1749 1587 1749 1587 1749 1587 1749 1923 1749 1923 1749 575 1724 1971
177 731 177 731 1971 177 177 177 731 731 177 731 1971 177 731 1971 177 731 1971 177
731 177 177 731 1971 177 731 731 1971 177 731 177 731 177 731 1971 177 177 177 731
737 737 1568 737 737 737 737 737 737 737 737 737 737 1971 1971 1971 1971 1923 1587 1587
1587 177 177 731 177 731 1971 177 177 177 731 731 177 731 1971 177 731 177 177 731
1195 155 737 155 1195 155 1195 155 737 155 737 155 737 155 737 155 737 155 1195 737
1587 177 1587 1971 177 1568 1568 1568 1568 575 575 575 575 1971 1971 1971 1971 575 575 575
575 575 575 575 575 1923 1587 1587 1587 1587 1568 1587 1568 1923 1587 1587 1568 1568 575 575
1587 1587 1587 1587 1587 1587 1587 575 575 575 575 575 575 575 575 575 1587 1587 1587 1587
731 1971 177 731 1971 177 731 1971 177 177 731 1971 177 177 731 731 177 731 636 1587
575 1587 1587 1587 1587 1923 1136 1587 1587 1587 1587 1568 1923 1587 1587 1587 1136 1587 1587 1587
1587 1587 1568 1568 575 575 575 575 575 575 575 575 575 1587 1587 1587 1587 1587 1587 1587
155 1568 1568 155 155 155 155 1587 1749 1923 1749 1971 1971 1971 1971 1587 1749 1587 1749 1587
386 575 1724 731 386 636 731 575 1724 1971 731 386 386 731 386 731 386 386 731 575
1587 1587 1923 1568 1971 1923 1587 1587 1568 1568 575 575 575 575 575 575 575 575 575 1923
1568 1568 575 575 575 575 575 575 575 575 575 575 575 575 1971 1971 1568 1923 1587 1587
1195 737 737 1195 1195 737 737 1195 1195 1195 1195 1195 737 1195 1195 1971 1971 123 1971 731
1587 1587 1923 1587 1587 1568 1587 1587 1568 1587 1923 1587 1587 575 575 575 575 575 575 575
1136 1587 1587 1587 1587 1568 1136 1587 1587 1587 1923 155 155 155 155 155 1587 1587 1587 1587
1587 1749 1923 1749 1971 155 1136 1136 1136 1136 731 177 731 177 731 1136 1136 1971 1971 155
1587 1749 1587 1749 1136 1136 1587 1587 1587 1749 1587 1749 1587 1749 1136 1136 155 155 1587 1749
731 386 731 386 386 731 575 1724 1971 731 386 386 731 386 731 386 1971 731 575 1724
1587 1587 1587 1587 1587 1587 1136 1587 1587 1587 1587 1136 155 1587 1587 1587 1587 1971 1136 1136
737 636 737 737 1195 737 737 737 737 737 737 1971 636 177 731 177 731 1971 177 177
1195 1195 1195 1195 1195 1195 1195 1195 1195 1195 1195 1195 1195 1195 1195 1195 1971 1971 1971 636
1195 1195 737 1195 1195 1195 1195 1195 123 1971 1971 1971 1971 123 123 123 123 123 737 737
155 737 155 737 737 1971 386 731 386 636 731 1971 386 386 731 731 386 386 731 386
575 575 575 575 575 1587 1587 1971 1587 1587 1587 1587 1587 1587 1587 1587 1587 1587 1568 1971
1587 1749 1587 1749 1587 1749 1136 1136 1587 1749 1587 1749 1923 1749 1923 1749 1136 1136 1136 1136
1587 1971 177 731 177 731 1971 177 177 177 731 731 177 731 1971 1587 177 731 1587 1587
737 737 123 1971 1971 1971 1971 123 1587 1587 1568 737 737 737 737 737 737 737 737 737
1587 1587 1971 1971 1971 737 737 737 737 737 737 737 737 737 737 737 737 737 737 1195
1587 1749 1568 1568 155 155 1136 1136 155 155 737 155 1136 1136 155 155 1136 1136 737 155
1971 1587 1971 1923 1587 1587 1568 1568 575 575 575 575 575 575 575 575 575 1587 1587 1587
1587 1749 1923 1749 1587 1749 1587 1749 1568 1568 1568 1568 1923 1749 1587 1749 1587 1749 1568 1568
1749 1587 1749 1587 1749 1136 1136 1587 1749 1587 1749 1587 1749 1587 1749 1136 1136 1971 155 636
731 731 1971 155 177 731 1971 177 731 1971 177 731 731 177 731 731 177 731 1587 1749
155 1971 177 731 177 731 1971 177 177 177 731 731 177 731 1971 177 731 1587 177 731
177 177 177 889 177 889 889 177 177 177 889 889 177 889 889 177 889 177 177 177
1587 123 123 123 123 737 737 737 737 737 737 737 737 1195 737 737 1195 1195 737 737
575 1724 575 1724 575 1724 575 1724 1587 1749 1587 1749 1587 1749 1568 1568 155 155 1136 1136
575 1724 386 386 731 386 731 386 386 731 575 1724 731 731 386 386 731 386 731 386
575 575 575 575 575 575 1587 575 1587 1587 1587 1587 1136 1923 1923 1587 1587 1587 1568 1587
636 636 636 889 636 889 889 636 636 636 889 889 636 889 889 636 636 889 636 636
1568 1568 575 575 575 575 575 575 575 1971 1971 575 1971 1971 575 1587 1587 1587 155 1136
177 731 731 177 177 386 731 731 177 731 1971 177 731 1971 177 731 1971 177 731 1587
1971 1587 1923 1923 1923 1587 1587 1587 1568 1568 575 575 575 575 575 575 575 575 575 1923
575 1724 575 1724 575 1724 575 1724 575 1724 575 1724 575 1724 575 1724 575 1724 575 1724
1587 1587 1587 1587 177 177 731 177 731 1971 177 177 177 731 731 177 731 177 177 731
1568 1568 575 1724 575 1724 731 386 386 575 1724 386 731 386 386 731 731 575 1724 731
1749 177 731 731 177 731 1971 177 731 731 177 731 731 177 731 1587 1749 1971 386 731
1136 1136 1136 1136 731 177 731 177 731 1136 1136 1971 1971 155 155 1971 1971 1923 1749 1587
1587 177 1587 1587 1587 177 1587 1587 1971 1971 1971 177 731 177 731 1971 177 177 177 731
737 737 155 737 737 737 737 1971 1587 1923 1923 1923 1568 1971 1923 1587 1587 1568 1568 575
1587 1587 1587 1136 1587 1587 1587 1587 636 1587 1587 1136 1587 1587 1136 1587 1587 1587 1587 1136
731 177 177 731 731 177 731 1587 1971 737 737 1195 737 1587 1587 1587 1587 737 737 737
737 737 1971 123 737 737 737 737 737 737 737 737 1971 123 1923 1923 1923 1971 1971 1923
932 1587 1971 177 177 731 731 177 731 1587 636 636 636 636 1971 1587 636 636 737 737
177 177 731 1971 177 177 731 731 1971 177 731 177 731 177 731 1971 177 177 177 731
1568 1971 1971 575 575 575 575 575 575 575 575 575 1136 575 575 575 1587 1587 1587 1587
1587 1587 1587 1587 575 1587 1587 1587 1971 1587 1587 1587 1587 1587 1587 1587 1587 1971 1971 731
575 1724 575 1724 575 1724 575 1724 575 1724 575 1724 575 1724 575 1724 575 1724 1923 1749
889 177 731 731 636 177 731 177 731 177 731 177 177 177 177 731 731 177 731 177
575 575 575 1136 575 1923 1587 1587 1587 1587 1587 1587 1923 1923 1923 1587 1587 1587 1923 1923
386 731 731 575 1724 1971 386 386 731 731 386 386 731 386 636 731 123 731 386 386
1587 1587 1587 1587 1923 1587 1587 1568 1587 1568 1568 1587 1587 1587 1568 1568 575 575 575 575
737 155 737 155 1971 177 731 177 731 1971 177 177 177 731 731 177 731 1971 177 731
1587 1568 155 1136 737 737 1568 1136 155 1136 155 737 1136 737 737 737 737 737 737 737
1587 1568 155 155 737 737 737 737 737 737 737 737 155 155 155 155 155 155 1971 1971
177 889 889 889 177 731 177 731 177 731 889 177 177 177 731 731 177 731 177 177
1136 1195 1195 1195 1195 1195 1136 1195 737 1136 1136 1195 1195 1195 1195 1195 1136 1195 1195 1195
1587 1749 575 1724 1587 1749 1587 1749 1587 1749 1587 1587 1923 1749 575 1724 1923 1749 1587 1749
386 386 731 731 731 386 386 731 1587 1749 1587 1749 1587 1749 1587 1749 1568 1568 1568 1568
731 731 177 731 731 177 731 1971 177 731 1971 177 731 731 177 731 1587 1587 1587 1587
1749 1587 1749 1587 1749 1587 1587 1587 1749 1587 1749 1587 1749 1136 1136 1587 1587 1587 1749 1587
1749 1587 1749 1568 1568 155 155 1136 1136 155 155 737 155 1136 1136 155 155 1568 1568 1587
1971 1971 1971 1568 1568 575 1724 575 1724 575 1724 575 1724 575 1724 575 1724 575 1724 575
731 1971 177 731 177 731 177 731 1971 177 177 177 731 731 177 731 177 177 731 177
731 386 386 731 1971 731 386 386 731 731 177 731 731 177 731 1749 1749 1587 1749 1587
177 731 731 177 731 177 177 731 177 177 177 731 1971 177 177 731 731 1971 177 731
1587 1568 155 1568 1136 1587 1587 737 155 1136 737 1136 737 737 737 737 737 737 737 737
1587 177 731 731 177 731 1587 1587 1587 1587 1568 1568 575 575 575 575 1971 1971 575 575
1195 737 737 1195 1195 737 737 1195 123 737 737 1195 737 123 1971 1971 1971 636 123 123
386 731 1971 731 1587 1749 1587 1749 1587 1749 1587 1749 386 731 386 386 731 1971 731 386
737 1195 123 123 1971 1971 1971 1971 123 123 123 737 737 737 737 737 737 737 737 737
575 1587 932 1587 1587 1587 1587 1587 1587 1587 1587 1587 1587 1587 1587 1971 1971 1971 177 731
1971 1749 1923 1923 1923 1587 1587 1587 1568 1568 1568 575 575 575 575 575 575 575 575 575
1587 1587 1971 1971 1923 1587 1587 1587 1568 1568 575 575 575 575 575 575 575 575 575 575
1724 575 1724 575 1724 575 1724 575 1724 1923 1749 1587 1749 1587 1749 1568 1568 155 155 1136
1587 1749 1587 1749 731 1971 731 386 386 386 731 386 731 386 386 731 1587 1749 1587 1749
575 575 575 1587 1587 1923 1587 1587 1587 575 1587 1923 1587 1587 1923 1923 1587 1587 1971 1971
1724 575 1724 575 1724 575 1724 575 1724 575 1724 575 1724 575 1724 575 1724 575 1724 1923
177 177 177 731 731 177 731 1971 177 731 1971 177 731 1971 177 731 1587 1971 177 731
1971 731 386 386 386 731 386 731 386 386 731 575 1724 575 1724 575 1724 1587 1749 1971
1587 1587 1587 1568 1568 1568 575 575 575 575 575 575 575 575 575 575 575 575 1971 1971
731 1971 177 731 177 731 177 731 1971 177 177 177 731 731 177 731 177 177 731 177
1568 1587 1587 1568 1923 1923 1587 1587 575 575 575 575 575 575 575 1568 575 1587 575 575
1971 1587 1971 1587 1568 1568 1568 1568 575 575 575 575 1971 1971 1971 1971 575 575 575 575
155 737 155 737 155 737 155 1568 1568 1587 1749 737 155 737 155 155 737 737 737 155
1749 1587 1749 1587 1749 1587 1749 1587 1749 1587 1749 1923 1749 1136 1136 1587 1749 1136 1136 1971
575 177 177 177 177 177 731 731 177 731 1587 1587 1587 177 177 731 1587 1587 177 177
1587 1587 1587 1568 1568 575 575 575 575 575 575 575 575 575 1587 1587 1587 1587 1587 1587
177 731 889 177 177 731 731 1971 177 177 889 731 177 731 177 177 177 177 889 731
731 1971 177 731 731 1971 177 731 177 731 177 731 1971 177 177 177 731 731 177 731
1971 1587 1749 1587 1749 1587 1587 1587 1749 737 155 155 155 155 155 155 155 155 155 155
1587 1587 1923 1587 1587 1587 1568 1568 575 575 575 575 575 575 575 575 575 1587 1587 1587
575 1587 1587 1587 1587 1587 1587 1136 1587 1587 1587 1587 1587 1587 1587 1587 1136 1587 1587 1587
1587 1587 1923 1971 1971 1971 1971 1923 1587 1587 1568 155 155 155 155 737 737 737 737 155
1724 575 1724 575 1724 575 1724 1587 1749 575 1724 1587 1749 1587 1587 1587 1749 1587 1749 1587
1568 155 1136 155 737 737 155 1136 155 155 1136 155 155 1568 155 155 737 737 737 737
1587 1587 1587 1587 1587 1587 1587 1971 177 731 177 731 1971 177 177 177 731 731 177 731
386 731 575 1724 1971 731 386 386 731 575 1724 386 731 386 386 731 575 1724 575 1724
386 731 386 386 731 1568 1568 1587 1749 1587 1749 1587 1587 1568 1568 1587 1749 1587 1749 1587
575 575 575 575 575 575 575 1587 1587 1587 1587 1971 1587 1587 1587 1587 1568 1587 1587 1587
737 1195 737 737 737 737 737 1195 737 737 737 737 737 737 737 1971 1971 636 1971 731
737 1136 737 1195 737 737 737 737 737 737 1568 123 123 737 737 737 737 737 737 737
731 1971 177 177 731 731 1971 177 731 177 731 177 731 1971 177 177 177 731 731 177
1971 636 1587 1971 1587 636 1587 1568 1568 1568 1568 575 575 575 575 1971 1971 1923 1971 575
1587 1587 1587 1587 1923 1923 1587 1587 1568 1587 1587 1568 1923 1923 1587 1587 575 575 575 575
1724 575 1724 575 1724 575 1724 575 1724 575 1724 575 1724 575 1724 575 1724 1587 1749 1587
1971 1971 1971 1971 1568 1568 575 1724 575 1724 575 1724 575 1724 575 1724 575 1724 575 1724
1587 1749 1971 1971 1971 1971 1971 1749 1568 1568 1568 1568 1568 1568 1971 1971 1971 1971 1971 1568
731 177 731 177 177 177 731 177 177 177 731 1971 177 177 731 1587 1971 177 177 731
1971 1568 1568 575 1724 575 1724 575 1724 575 1724 575 1724 575 1724 575 1724 575 1724 575
575 575 1971 1971 1971 1971 575 575 575 1587 1587 1568 1587 155 1136 155 737 1136 737 737
1749 1587 1749 731 731 731 386 386 386 731 386 731 386 386 731 1568 1568 1587 1749 1587
731 386 1971 731 575 1724 575 1724 1971 731 386 386 731 386 731 386 155 731 575 1724
731 1971 177 731 1971 177 731 1971 177 731 731 1971 1971 731 177 731 177 731 1971 177
1587 1971 1971 1971 1971 731 177 731 1971 177 177 177 731 731 177 731 1971 177 731 1971
932 731 386 386 386 731 386 731 386 386 731 1587 1749 1587 1749 1568 1568 1587 1749 1568
1587 1587 1587 1587 1587 1568 1568 575 575 575 575 575 575 575 1971 1971 575 575 575 575
1749 1587 1749 1587 1749 1587 1749 1587 1749 1587 1587 1587 1749 1971 636 731 177 731 1971 177
1971 177 177 177 731 731 177 731 1971 177 731 1971 177 731 1971 177 731 1587 1971 177
1136 1195 737 1136 1136 1195 1195 1195 1195 1195 1136 1195 1195 1195 1195 1195 1195 1195 1195 1195
1568 1568 575 575 575 575 575 575 575 575 575 1923 1923 1587 1568 155 1136 155 155 1568
1587 1587 1568 1568 1568 1971 575 575 575 575 575 575 575 575 575 575 575 1971 575 731
731 386 386 731 1971 731 386 386 731 1587 1749 1587 1749 1587 1749 1587 1749 1568 1568 1971
737 737 737 737 737 737 737 737 737 737 737 737 1971 1971 1971 1971 1568 123 123 123
731 1587 1749 1587 1749 1568 1568 1587 1749 1568 1568 1923 1749 1587 1749 1587 1749 1568 1568 1568
1587 1749 1587 1749 1136 1136 1587 1749 1587 1749 1923 1749 1923 1749 1136 1136 1136 1136 1587 1749
1971 1971 1971 1971 1568 1568 575 575 575 575 575 575 575 575 575 1587 1587 1568 155 1136
731 177 731 1971 177 731 1971 177 731 1971 177 731 1971 177 731 1587 1587 1587 1587 1587
731 731 177 177 177 731 731 177 731 1971 177 177 731 1971 1587 1971 177 177 731 575
737 737 737 1195 1195 737 737 1195 737 737 737 737 1971 636 1971 1971 123 123 123 737
1587 1136 1587 1587 1587 1587 1136 1587 1587 1587 1587 636 1136 1136 1971 1587 1587 1587 1587 1136
1587 1749 177 731 1971 731 386 386 731 731 177 177 731 1971 1971 386 731 386 386 731
575 1724 1971 731 386 386 731 575 1724 386 731 386 386 731 575 1724 575 1724 575 1724
575 575 575 575 575 575 575 575 575 1587 1587 1587 1587 1587 1587 1587 1587 1568 1568 1587
1971 575 1724 386 386 177 731 386 386 731 731 575 1724 1971 731 575 1724 386 386 731
731 177 177 177 177 731 636 177 731 177 177 731 177 177 731 1971 177 731 889 1971
1587 1587 1568 1568 1923 1587 1587 1568 1568 575 575 575 575 575 575 575 575 1971 575 731
1971 1971 1971 1568 1568 1568 1971 1971 1971 1971 1568 575 575 575 575 575 575 575 575 575
636 731 731 731 731 386 386 386 386 731 386 731 386 386 731 1587 1749 1587 1749 1587
1136 575 1724 575 1724 1568 1568 575 1724 575 1724 575 1724 1923 1749 575 1724 1587 1749 1923
177 177 177 731 731 177 731 1971 177 731 1971 177 731 1971 177 177 731 636 636 636
1587 1587 1136 1568 1923 1587 1587 1587 1136 636 1587 1587 1587 1587 1971 1136 1136 1136 1587 1587
1568 1971 1971 1971 1971 1568 575 575 575 575 575 575 575 575 575 1587 1587 1587 1568 155
386 386 731 386 575 1724 731 386 1971 731 575 1724 1971 731 386 386 731 386 731 386
575 177 177 731 1971 386 177 731 1587 1587 1587 1587 1971 1971 1587 1587 1587 1587 1568 1136
1587 1587 1971 1587 1587 1587 1587 1568 1136 1587 1587 1587 1587 1136 1587 1587 1587 1587 636 1587
731 1587 1587 1587 1587 1587 1587 1587 1587 1568 1568 1971 1971 575 575 575 575 575 575 575
1749 1568 1568 155 155 1136 1136 155 155 737 155 1136 1136 155 155 1136 1136 737 155 737
737 737 737 1971 737 155 155 155 1587 1923 1923 1923 1587 1587 1587 1568 1568 575 575 575
575 1724 1923 1749 1568 1568 155 155 1136 1136 155 155 737 155 1136 1136 155 155 1136 1136
1587 1587 1568 1568 575 575 575 575 575 575 575 575 575 575 575 575 1923 1587 1587 1971
177 386 731 731 177 731 1971 177 731 1971 177 731 1971 177 731 731 1971 177 731 1971
386 731 386 386 731 636 731 386 386 731 386 386 731 386 636 731 1971 731 386 386
177 889 177 731 889 177 177 177 889 889 177 889 889 177 731 177 177 177 889 177
177 731 1971 1971 386 731 386 386 731 731 731 386 386 731 1587 1749 1587 1749 1587 1749
1587 1568 1568 1568 1568 575 575 575 575 1971 1971 1971 1971 575 575 575 575 575 1587 1587
1724 386 731 575 1724 386 386 731 575 1724 575 1724 575 575 575 1724 575 1724 575 1724
737 737 737 737 737 737 737 1568 636 1971 1971 1971 1971 1923 1587 1587 1568 737 737 737
731 731 177 731 1971 1587 1971 1587 1587 1587 1568 1568 575 575 575 575 575 575 575 575
737 737 737 737 737 737 737 737 737 737 737 1971 1971 1971 1971 1568 1923 1587 123 123
1587 177 1587 1587 177 1587 1587 177 1587 1587 1587 1587 1587 1587 1971 1971 1971 177 731 177
1724 575 575 1587 1587 575 575 1587 1587 1587 1749 1587 1749 1587 1749 1587 1749 1587 1749 1587
177 731 177 731 889 177 177 177 731 731 177 731 177 177 731 177 1971 177 731 1971
