1186 496 1832 3618 3618 3618 3618 1359 2149 2918 1551 4220 4077 2043 2918 191 2149 511 511 4077
4566 3518 4350 2182 1991 1991 588 588 895 4484 1283 3538 4484 3518 284 284 284 284 3704 284
4484 1283 3538 3704 4484 3518 284 284 284 284 284 284 4356 2842 839 496 1186 1186 2822 1781
284 284 4356 1832 839 496 1186 496 1832 3618 3618 3618 3618 1359 2149 2918 1551 4220 4077 2043
2918 3958 2149 1486 2918 4077 3958 4077 4263 2241 4534 4263 2241 2842 3618 3618 3618 3618 1359 316
1971 1971 496 1832 3618 3618 588 4687 588 712 2623 4747 626 1832 588 253 626 3618 1359 2149
712 895 895 4964 1991 2822 1186 674 4941 4941 2623 4356 2623 2623 892 3518 4350 712 1991 895
401 4941 401 4941 1438 1438 1438 1438 1186 2822 1186 4566 1283 4350 2182 895 895 4964 1991 2822
3757 3757 674 401 4941 401 4941 2623 2623 2623 1186 2822 2623 892 3518 4350 2182 895 895 4964
4941 1438 1438 1438 1438 1186 2822 1186 4566 3518 4350 2182 1991 895 4964 1991 2822 1186 674 401
253 712 4534 4747 4356 253 588 626 1393 1393 1393 1393 1393 1393 1393 1393 1393 1393 2182 4687
2842 839 4534 496 1186 496 2842 3112 3112 3112 3112 1359 4490 2918 191 511 4077 4490 4490 2918
895 712 1991 4484 1283 3538 3704 4484 3518 284 284 284 1186 1832 839 4534 496 496 1832 3618
1186 674 4941 4941 4534 4356 2623 892 3518 4350 2182 1991 895 588 588 895 4484 1283 3538 3704
2043 191 2918 4077 1551 4077 4263 2241 4534 603 4263 2241 2842 3618 3618 3618 3618 1359 316 316
4356 4534 892 3518 4350 4964 1991 895 4964 1991 4484 1283 3538 3704 4484 3518 284 284 284 4356
4350 712 1991 895 4964 1991 2822 1186 674 4941 4941 2623 4356 4534 892 3518 4350 712 1991 895
2842 496 4534 2842 496 1832 3112 3112 3112 3112 1359 191 2918 3958 4220 4077 316 316 2918 3958
892 3518 4350 4964 895 895 4964 1991 4484 3518 3538 3704 4484 3518 316 316 316 4356 2842 839
4964 895 895 4964 1991 2822 1186 674 4941 4941 2623 4356 2623 892 3518 4350 2182 1991 895 4964
1359 2149 2918 1551 4220 4077 2043 2043 2918 191 1486 4077 4077 3958 4077 4263 2241 2822 1186 4534
895 4964 1991 4484 1283 3538 3704 4484 3518 316 316 316 316 316 316 4356 2842 839 496 1186
4490 4490 2918 191 1486 2918 2918 1551 4077 2842 2241 4534 2842 496 1832 3112 3112 3112 3112 1359
2918 191 511 4077 4490 4490 2918 191 511 2918 2918 1551 2918 2842 2241 2822 2822 4534 4534 2842
3518 316 316 316 4356 2842 839 2241 2822 1186 603 2842 1186 496 2842 3112 3112 3112 3112 1359
1971 1971 1971 1971 1971 2182 4687 253 3757 4356 1486 4687 4747 626 253 3757 588 4534 588 626
4964 1991 2822 1186 674 401 4941 401 4941 2623 4356 2623 892 3518 4350 2182 1991 895 4964 1991
674 401 4941 401 4941 2623 4356 4356 4356 1186 2822 4566 3518 4350 2182 1991 1991 588 588 895
253 253 626 3618 1359 2149 2043 2918 1551 4220 4077 2043 2043 2918 1551 2043 2043 191 2918 4077
2822 1971 1971 1971 1971 1971 1971 1971 1971 1971 1971 2110 712 4687 588 712 4356 4747 626 588
496 2842 3112 3112 3112 3112 1359 4490 2918 1551 4220 4077 4490 4490 2918 191 1486 2918 2918 1551
2149 2918 1551 4220 4077 2043 2043 2918 191 1486 4077 4077 3958 4077 4263 2241 2822 1186 4534 4263
2842 839 2241 1186 496 2842 3112 3112 3112 3112 1359 4490 2918 1551 4220 4077 4490 4490 2918 191
674 4941 1438 1438 1186 2822 4566 3518 4350 4964 895 895 4964 1991 2822 1186 674 4941 4941 4534
839 496 1186 1186 2822 1393 1186 1971 1393 1393 1971 1393 1393 1393 1393 1393 2182 4350 253 712
4356 4356 892 3518 4350 4964 1991 895 4964 1991 4484 1283 3538 3704 4484 3518 316 4490 4490 4356
4484 3518 284 284 284 1186 1832 839 4534 496 496 1832 3618 3618 3618 3618 1359 2149 2918 1551
316 316 316 2842 4263 4534 496 1186 496 2842 3112 2842 3112 3112 1359 316 2918 1551 4220 4077
2842 3618 3618 3618 3618 1359 316 316 2918 3958 4220 4077 316 316 2918 511 316 316 1486 2918
496 2842 3112 3112 3112 3112 1359 4490 2918 3958 4220 4077 4490 2918 191 4490 511 2918 2918 3958
712 712 4356 2623 603 4356 253 253 2623 253 4687 588 712 4356 4747 2623 588 588 4356 1393
401 4941 4534 2623 2623 1186 2822 2623 892 3518 4350 2182 895 895 4964 1991 4484 1283 3538 3704
3518 4350 712 1991 895 4964 1991 2822 1186 674 4941 4941 2623 4356 4534 892 3518 4350 712 1991
588 895 4484 1283 3538 4484 3518 284 284 284 284 3704 284 284 1832 839 496 4534 1186 1186
4350 2182 1991 895 4964 1991 2822 1186 674 401 4941 401 4941 4534 4534 4534 892 3518 4350 2182
3112 3112 3112 3112 1359 4490 2918 1551 4220 4077 4490 2918 3958 1486 4490 2918 2918 1551 4077 2842
3112 3112 3112 1359 4490 2918 1551 4220 4077 4490 2918 3958 4490 511 2918 2918 191 2918 2842 2241
4484 3518 3538 3704 4484 3518 284 284 284 284 284 284 4534 1832 839 496 1186 1186 2822 1781
3518 4350 4964 1991 895 4964 1991 4484 1283 3538 3704 4484 3518 284 284 284 4356 1832 839 496
4484 1283 3538 3704 4484 3518 3112 316 316 4356 2842 839 2241 2822 1186 1186 496 2842 3112 3112
1991 895 4964 1991 2822 1186 674 4941 4941 2623 4356 4534 892 3518 4350 712 1991 895 712 1991
253 253 2623 253 4687 588 712 4356 4747 4534 588 588 4356 1971 1971 1971 1971 1971 1393 1393
1438 1438 1186 2822 892 3518 4350 712 895 895 712 1991 2822 1186 674 4941 4941 2623 4356 2623
4964 1991 4484 1283 3538 3704 4484 3518 284 284 284 4356 1832 839 496 1186 496 1832 3618 3618
712 1991 895 253 588 895 4484 1283 3538 3704 4484 3518 3112 316 316 4534 2842 839 496 496
588 712 4534 4747 626 1832 588 253 626 3618 1359 2149 2043 2918 1551 4220 4077 2043 2043 2918
1438 1438 1186 2822 4566 3518 4350 4964 1991 895 4964 1991 2822 2822 674 4941 4941 2623 4356 2623
4687 588 712 4356 4747 626 588 588 626 1971 1971 1971 1971 1971 1971 1971 1971 1971 1971 496
1186 2822 4566 3518 4350 712 895 895 712 1991 2822 1186 674 4941 4941 2623 4356 2623 892 3518
401 4941 4534 2623 2623 1186 2822 2623 892 3518 4350 2182 895 895 4964 1991 4484 1283 3538 3704
1438 1438 1438 1186 2822 1186 892 3518 4350 2182 1991 895 4964 1991 2822 1186 1186 3757 3757 674
895 712 1991 2822 1186 674 4941 4941 2623 4356 2623 892 3518 4350 712 1991 895 712 1991 4484
1438 1438 1186 2822 4566 3518 4350 712 1991 895 4964 1991 2822 1186 674 4941 4941 2623 4356 4534
1971 1971 1393 1393 1393 1393 1393 1393 496 1832 3618 3618 3618 3618 1359 2149 496 2918 1551 4220
4534 892 3518 4350 712 1991 895 712 1991 4484 1283 3538 3704 4484 3518 316 316 316 4356 2842
191 511 4077 4490 4490 2918 191 511 2918 2918 1551 2918 2842 2241 2822 2822 4534 4534 2842 4941
1438 1438 1186 2822 4566 3518 4350 4964 1991 895 4964 1991 2822 2822 674 4941 4941 2623 4356 2623
1186 496 1832 3618 3618 3618 3618 1359 2149 2918 1551 4220 4077 2043 2043 2918 191 1486 2918 4077
1186 1186 496 1832 3618 3618 3618 3618 1359 2149 2918 1551 4220 4077 2043 2918 3958 2149 1486 2918
3518 4350 4964 1991 895 4964 1991 4484 1283 3538 3704 4484 3518 316 4490 4490 4356 2842 839 2241
1186 4566 3518 4350 2182 1991 895 4964 1991 2822 1186 674 401 4941 401 4941 2623 4356 4534 892
3618 588 4687 588 712 2623 4747 626 1832 588 253 626 3618 1359 2149 2043 2918 1551 4220 4077
895 4964 1991 2822 1186 674 401 4941 401 4941 4534 4534 4534 892 3518 4350 2182 1991 895 4964
895 588 588 895 4484 1283 3538 3704 4484 3518 316 316 316 2842 839 2623 496 4941 496 2822
496 2842 3112 3112 3112 3112 1359 4490 2918 3958 4220 4077 4490 2918 191 4490 511 2918 2918 3958
1991 895 588 588 895 4484 1283 3538 4484 3518 284 3704 284 284 4356 2842 839 496 2822 1186
4964 1991 4484 1283 3538 3704 4484 3518 284 284 284 4356 1832 839 496 1186 496 1832 3618 3618
1186 1186 496 1832 3618 3618 3618 3618 1359 2149 2918 1551 4220 4077 2043 2918 3958 2149 1486 2918
1991 4484 3518 3538 3704 4484 3518 284 284 284 284 284 284 4534 1832 839 496 1186 1186 2822
2918 3958 1486 4490 2918 4077 1551 4077 2842 2241 4534 2842 496 1832 3112 3112 3112 3112 1359 191
2822 4566 3518 4350 2182 1991 1991 588 588 895 4484 1283 3538 4484 3518 284 284 284 284 3704
496 1832 3618 3618 3618 3618 1359 2149 2918 1551 4220 4077 2043 4077 191 2149 511 511 4077 4077
1393 1393 588 4687 253 3757 4356 588 4687 712 626 253 3757 588 4534 588 626 4747 4534 588
284 3704 284 284 1832 839 496 4534 1186 496 1832 3618 3618 3618 3618 1359 2149 2918 1551 4220
588 588 4356 1971 1393 1393 1393 1393 1393 1393 1393 1393 1393 496 1832 3618 3618 3618 3618 1359
1551 2918 4263 2241 4534 4534 4263 496 2842 3618 3618 3618 3618 1359 316 316 2918 3958 511 4077
2822 1186 674 401 4941 401 4941 4534 4534 4534 892 3518 4350 2182 1991 895 4964 1991 4484 3518
2918 1551 4077 2842 2241 4534 2842 496 1832 3112 3112 3112 3112 1359 316 2918 3958 4220 4077 316
3112 3112 3112 1359 4490 2918 1551 4220 4077 4490 2918 3958 4490 511 2918 2918 191 2918 2842 2241
892 3518 4350 2182 1991 895 588 588 895 4484 1283 3538 3704 4484 3518 316 316 316 4356 2842
316 316 4356 2842 839 2241 2822 1186 1186 496 2842 3112 3112 3112 3112 1359 4490 2918 1551 4220
895 4964 1991 4484 1283 3538 3704 4484 3518 316 316 316 4356 2842 839 2241 1186 496 2842 3112
3704 284 284 1832 839 496 4534 1186 1186 2822 1971 1393 1393 1393 1393 1393 1393 1393 1393 1393
316 2918 1551 4220 4077 2182 4687 253 3757 4534 316 2043 4747 626 588 253 626 2918 4220 3618
674 4941 1438 1438 1438 1186 2822 4566 3518 4350 4964 1991 895 4964 1991 2822 1186 674 4941 4941
895 4964 1991 4484 1283 3538 3704 4484 3518 316 316 316 4356 2842 839 2241 1186 496 2842 3112
4534 892 3518 4350 712 1991 895 253 588 895 4484 1283 3538 3704 4484 3518 3112 4490 4490 4534
4356 4747 626 588 588 626 1971 1393 1393 1393 1393 1393 1393 1393 1393 1971 496 1832 3618 3618
4534 1186 1186 2822 1971 1971 1971 1971 1971 1971 1971 1971 1971 1971 2110 712 4687 588 712 4356
1991 895 4964 1991 2822 1186 674 4941 4941 4534 4356 2623 892 1283 4350 4964 1991 895 4964 1991
3518 4350 4964 895 895 4964 1991 2822 1186 674 4941 4941 2623 4356 2623 892 3518 4350 2182 1991
1991 895 4964 1991 2822 1186 674 401 4941 401 4941 2623 4356 2623 892 3518 4350 2182 1991 895
3704 4484 3518 284 284 284 284 284 284 4356 2842 839 496 1186 1186 2822 1781 1393 1393 1393
4350 4964 1991 895 4964 1991 2822 1186 674 4941 4941 2623 2623 892 3518 4350 712 1991 895 712
4350 712 1991 895 588 588 895 4484 1283 3538 4484 3518 284 3704 284 284 4356 2842 839 496
2918 2918 1551 4077 2842 2241 4534 2842 496 1832 3112 3112 3112 3112 1359 191 2918 3958 4220 4077
1438 1438 1438 1186 2822 4566 1283 4350 712 895 895 4964 1991 2822 1186 674 4941 4941 2623 2623
191 4350 253 712 4534 4747 4356 253 588 626 1393 1393 1393 1393 1393 1393 1393 1393 1393 1393
401 4941 401 4941 1438 1438 1438 1438 1186 2822 1186 4566 1283 4350 2182 895 895 4964 1991 2822
4077 1551 2918 4263 2241 4534 4534 4263 496 2842 3618 3618 3618 3618 1359 316 316 2918 3958 4220
4534 1832 839 496 1186 1186 2822 1781 1393 1393 1393 1393 1393 1393 1393 1393 1393 2110 2182 4350
1283 3538 4484 3518 284 284 284 284 3704 284 284 1832 839 496 4534 1186 1186 2822 1971 1393
2918 4263 2241 4356 603 4263 496 2842 3618 3618 3618 3618 1359 316 316 2918 3958 4220 4077 316
1438 1438 1186 2822 4566 3518 4350 4964 1991 895 4964 1991 2822 1186 674 4941 4941 2623 4356 4534
1438 1186 2822 1186 4566 3518 4350 2182 1991 895 4964 1991 2822 1186 674 401 4941 401 4941 4534
1551 4220 4077 2182 4687 253 3757 4534 316 2043 4747 626 588 253 626 2918 4220 3618 2043 511
4350 712 1991 895 4964 1991 2822 1186 674 4941 4941 2623 4356 4534 892 3518 4350 712 1991 895
2822 1781 1971 1971 1971 1971 1393 1393 1393 1393 1393 1186 253 603 712 712 4356 4747 626 712
1971 1971 1393 1393 1393 1393 1393 1393 1393 496 1832 3618 3618 3618 3618 1359 2149 496 2918 1551
496 1186 496 1832 3618 1832 3618 3618 1359 2149 2918 3958 4220 4077 2043 2918 3958 2149 1486 2918
892 3518 4350 712 1991 895 253 588 895 4484 1283 3538 3704 4484 3518 3112 4490 4490 4534 2842
3112 1359 316 316 2918 1551 4220 4077 2182 4687 253 3757 4534 316 2043 4747 626 588 253 626
839 2241 2822 1186 603 2842 1186 496 2842 3112 3112 3112 3112 1359 4490 2918 3958 4220 4077 4490
496 1186 496 2842 3112 2842 3112 3112 1359 316 2918 1551 4220 4077 316 316 2918 3958 1486 2918
3518 4350 2182 895 895 4964 1991 4484 1283 3538 3704 4484 3518 284 284 284 284 284 284 4356
4964 895 2822 1186 674 4941 4941 4534 4356 2623 892 3518 4350 2182 1991 895 2182 588 895 4484
3112 1359 316 2918 1551 4220 4077 316 316 2918 191 1486 2918 253 191 4077 839 2241 2822 2822
4350 712 1991 895 253 588 895 4484 1283 3538 3704 4484 3518 3112 316 316 4534 2842 839 496
712 1991 2822 1186 674 4941 4941 2623 4356 2623 892 1283 4350 712 1991 895 588 588 895 4484
4534 4356 4534 892 3518 4350 712 1991 895 712 1991 4484 1283 3538 3704 4484 3518 284 284 284
1991 895 4964 1991 2822 1186 1186 3757 3757 674 401 4941 401 4941 2623 4356 4356 4356 1186 2822
3518 316 316 316 4356 2842 839 2241 2822 1186 603 2842 1186 496 2842 3112 3112 3112 3112 1359
4490 2918 3958 4220 4077 4490 2918 191 4490 511 2918 4077 3958 4077 2842 2241 2822 2822 4534 2842
4747 4356 253 588 2623 253 4687 588 712 4356 4747 4534 588 588 4356 1971 1971 1971 1393 1393
316 316 316 4356 2842 839 2241 2822 1186 1186 496 2842 3112 3112 3112 3112 1359 4490 2918 1551
3704 4484 3518 316 316 316 4356 2842 839 2241 2822 1186 603 2842 1186 496 2842 3112 3112 3112
4350 2182 1991 1991 588 588 895 4484 1283 3538 4484 3518 284 284 284 284 3704 284 284 1832
4534 4356 4534 892 3518 4350 4964 895 895 4964 1991 4484 3518 3538 3704 4484 3518 316 316 316
4350 4964 1991 895 4964 1991 2822 1186 674 4941 4941 2623 2623 892 3518 4350 712 1991 895 712
4534 892 3518 4350 712 1991 895 253 588 895 4484 1283 3538 3704 4484 3518 3112 4490 4490 4534
1186 2822 1971 1971 1971 1971 1971 1971 1971 1971 1971 1971 2110 712 4687 588 712 4356 4747 626
4964 1991 4484 1283 3538 3704 4484 3518 316 316 316 4356 2842 839 2241 1186 496 2842 3112 3112
4490 2918 2918 1551 4077 2842 2241 4534 2842 496 1832 3112 3112 3112 3112 1359 316 2918 191 4220
588 626 1971 1971 1971 1971 1393 1393 1393 1393 1393 1393 2182 4687 253 3757 4356 1486 626 4747
895 4964 1991 2822 1186 674 4941 4941 2623 4356 2623 892 3518 4350 4964 1991 895 4964 1991 4484
1283 3538 3704 4484 3518 284 284 284 1186 1832 839 4534 496 496 1832 3618 3618 3618 3618 1359
1186 674 4941 4941 4534 2623 892 3518 4350 712 1991 895 712 895 4484 1283 3538 3704 4484 3518
1991 2822 1186 674 4941 4941 2623 4356 4534 892 3518 4350 712 1991 895 712 1991 4484 1283 3538
4356 4534 892 3518 4350 712 1991 895 712 1991 4484 1283 3538 3704 4484 3518 284 284 284 4356
1186 253 511 588 3757 4356 4747 626 588 588 626 1393 1393 1393 1393 1393 1393 1393 1393 1393
3112 3112 3112 3112 1359 4490 2918 3958 4220 4077 4490 2918 191 4490 511 2918 2918 3958 4077 2842
4077 4490 4490 2918 191 1486 2918 2918 1551 4077 2842 2241 4534 2842 496 2842 3112 3112 3112 3112
674 4941 4941 2623 4356 2623 892 3518 4350 4964 1991 895 4964 1991 4484 1283 3538 3704 4484 3518
4941 401 4941 4534 4534 4534 892 3518 4350 2182 1991 895 4964 1991 4484 3518 3538 3704 4484 3518
839 2241 1186 496 2842 3112 3112 2842 3112 1359 316 2918 1551 4220 4077 316 316 2918 191 1486
1283 3538 3704 4484 3518 3112 316 316 4356 2842 839 2241 2822 1186 1186 496 2842 3112 3112 3112
2241 4534 4534 4263 496 2842 3618 3618 3618 3618 1359 316 316 2918 3958 511 4077 316 316 316
1991 895 712 895 4484 1283 3538 3704 4484 3518 3112 316 316 4356 2842 839 2241 1186 496 2842
1971 1971 1393 1393 1393 1393 1393 1393 1393 1393 496 1832 3618 3618 3618 3618 1359 2149 496 2918
4534 4747 626 1832 588 253 626 3618 1359 2149 2043 2918 1551 4220 4077 2043 2043 2918 1551 2043
895 4964 1991 2822 1186 674 4941 4941 2623 4356 4534 892 3518 4350 712 1991 895 712 1991 4484
2842 3112 3112 3112 3112 1359 316 316 2918 1551 4220 4077 2182 4687 253 3757 4534 316 2043 4747
191 511 4077 4490 4490 2918 191 511 2918 2918 1551 2918 2842 2241 2822 2822 4534 4534 2842 4941
4534 4747 626 1832 588 253 626 3618 1359 2149 2043 2918 1551 4220 4077 2043 2043 2918 1551 2043
4747 4356 253 588 2623 253 4687 588 712 4356 4747 4534 588 588 4356 1971 1971 1971 1393 1393
4356 4356 4356 1186 2822 4566 3518 4350 712 895 895 588 588 895 4484 1283 3538 3704 4484 3518
4687 588 712 4356 4747 4534 588 588 4356 1971 1393 1393 1393 1393 1393 1971 1971 1971 1971 496
496 1186 496 1832 3618 3618 3618 3618 1359 2149 2918 1551 4220 4077 2043 2043 2918 191 1486 2918
1283 3538 3704 4484 3518 284 284 284 4356 1832 839 496 1186 496 1832 3618 3618 3618 3618 1359
2822 1186 674 4941 4941 2623 4356 2623 892 3518 4350 2182 1991 895 588 588 895 4484 1283 3538
1186 1186 3757 3757 674 401 4941 401 4941 2623 4356 2623 4356 1186 2822 4566 3518 4350 2182 1991
284 284 284 284 4534 1832 839 496 1186 1186 2822 1781 1393 1393 1393 1393 1393 1393 1393 1393
4534 4356 4534 892 3518 4350 712 1991 895 712 1991 4484 1283 3538 3704 4484 3518 284 284 284
588 588 895 4484 1283 3538 4484 3518 284 3704 284 284 4356 2842 839 496 2822 1186 1186 496
626 3618 1359 2149 2043 2918 1551 4220 4077 2043 2043 2918 1551 2043 2043 191 2918 4077 1551 2918
316 316 316 4356 2842 839 2241 1186 496 2842 3112 3112 3112 3112 1359 4490 2918 1551 4220 4077
4941 401 4941 2623 4356 2623 892 3518 4350 2182 1991 895 4964 1991 4484 1283 3538 3704 4484 3518
4077 2043 2043 2918 1551 2043 2043 191 2918 4077 1551 2918 4263 2241 4534 4534 4263 2241 2842 3618
3112 3112 3112 1359 316 316 2918 1551 4220 4077 2182 4687 253 3757 4534 316 2043 4747 626 588
839 496 1186 496 1832 3618 3618 3618 3618 1359 2149 2918 1551 4220 4077 2043 2043 2918 191 1486
2822 1186 674 4941 4941 2623 2623 4356 4356 1186 2822 4566 3518 4350 712 895 895 588 588 895
1781 1971 1971 1971 1971 1971 1393 1393 1393 1393 2110 253 4350 588 712 4534 4747 4356 253 588
1971 1971 1971 1971 1971 2182 4687 253 3757 4356 1486 4687 4747 626 253 3757 588 4534 588 626
1186 2822 4566 3518 4350 4964 895 895 4964 1991 2822 1186 674 4941 4941 4534 4356 2623 892 3518
712 1991 895 253 588 1991 4484 1283 3538 4484 3518 284 712 284 284 1832 839 496 4534 1186
2822 4566 3518 4350 712 895 895 588 588 895 4484 1283 3538 3704 4484 3518 316 4490 4490 2842
1971 1971 1971 1393 1393 1393 1393 1393 1393 496 1832 3618 3618 3618 588 4687 253 3757 4356 4747
2043 511 511 4077 253 253 1551 2918 496 1186 4356 2842 2241 2822 2822 401 4941 4263 603 496
4566 3518 4350 4964 895 895 4964 1991 2822 1186 674 4941 4941 4534 4356 2623 892 3518 4350 4964
3618 1832 3618 3618 1359 2149 2918 3958 4220 4077 2043 2918 3958 2149 1486 2918 4077 3958 4077 4263
316 316 316 4356 2842 839 496 1186 1186 2822 1781 1186 1393 1393 1393 1393 1393 1393 1393 1393
316 316 316 316 316 316 4356 2842 839 496 1186 1186 2822 1781 1186 1393 1393 1393 1393 1393
4964 1991 4484 1283 3538 3704 4484 3518 284 284 284 284 284 284 4356 2842 839 496 1186 1186
4220 4077 2043 2918 191 2149 511 511 4077 4077 4077 1551 4077 496 3757 4263 2241 4534 4534 4263
626 253 253 588 4534 588 626 4747 2623 588 4964 626 4534 2842 712 4687 253 3757 4534 4747
496 2842 3618 3112 3112 3112 1359 316 316 2918 3958 511 4077 316 316 316 316 2918 511 1486
401 4941 4356 4356 2623 892 3518 4350 2182 1991 895 4964 1991 4484 1283 3538 3704 4484 3518 316
1438 1438 1186 2822 4566 3518 4350 4964 895 895 4964 1991 2822 1186 674 4941 4941 2623 4356 2623
3618 3618 3618 1359 2149 2918 1551 4220 4077 2043 2043 2918 191 1486 2918 4077 3958 4077 4263 2241
4350 2182 1991 895 4964 1991 2822 1186 674 401 4941 401 4941 2623 4356 2623 892 3518 4350 2182
712 1991 2822 1186 674 4941 4941 2623 4356 2623 892 1283 4350 712 1991 895 712 1991 4484 1283
1971 1971 1971 1971 2110 191 4350 588 712 4534 4747 4356 253 588 626 1393 1393 1393 1393 1393
3518 4350 4964 1991 895 4964 1991 2822 1186 674 4941 4941 2623 4356 2623 892 3518 4350 4964 1991
1186 2822 1186 4566 3518 4350 2182 1991 895 4964 1991 2822 1186 1186 3757 3757 674 401 4941 401
3112 3112 3112 3112 1359 4490 2918 1551 4220 4077 4490 2918 3958 1486 4490 2918 2918 1551 4077 2842
1991 895 4964 1991 2822 1186 674 4941 4941 2623 4356 4534 892 3518 4350 4964 1991 895 4964 1991
284 284 284 284 284 4356 2842 839 496 1186 1186 2822 1781 1393 1393 1393 1393 1393 1393 1393
588 626 1971 1971 1971 1971 1971 1971 1971 1971 1971 1971 496 1832 3618 3618 2182 4687 588 712
4566 1283 4350 2182 895 895 4964 1991 2822 1186 1186 3757 3757 674 401 4941 401 4941 4534 2623
1832 839 496 4534 1186 496 1832 3618 3618 3618 3618 1359 2149 2918 1551 4220 4077 2043 2918 191
1991 2822 1186 674 4941 4941 2623 4356 2623 892 1283 4350 712 1991 895 712 1991 4484 1283 3538
1438 1438 1438 1186 2822 4566 3518 4350 4964 1991 895 4964 1991 2822 1186 674 4941 4941 2623 4356
4941 1438 1438 1186 2822 892 3518 4350 712 1991 895 712 1991 2822 1186 674 4941 4941 4534 2623
4964 1991 895 4964 1991 4484 1283 3538 3704 4484 3518 316 316 316 4356 2842 839 2241 1186 603
3518 4350 712 895 895 712 1991 2822 1186 674 4941 4941 2623 4356 2623 892 3518 4350 712 1991
1971 1971 1393 1393 1393 1393 1393 496 1832 3618 3618 3618 588 4687 253 3757 4356 4747 626 1832
1991 2822 1186 674 4941 4941 2623 4356 2623 892 3518 4350 2182 1991 895 4964 1991 4484 1283 3538
1283 3538 3704 4484 3518 316 316 316 2842 4263 4534 496 1186 496 2842 3112 2842 3112 3112 1359
2918 3958 1486 4490 2918 4077 1551 4077 2842 2241 4534 2842 496 1832 3112 3112 3112 3112 1359 191
892 3518 4350 4964 895 895 4964 1991 4484 3518 3538 3704 4484 3518 316 316 316 4356 2842 839
1186 1186 3757 3757 674 401 4941 401 4941 2623 2623 2623 1186 2822 2623 892 3518 4350 2182 895
895 4964 1991 2822 1186 674 4941 4941 2623 4534 2623 2623 892 3518 4350 712 1991 895 253 2182
2043 2918 3958 2149 1486 2918 4077 3958 4077 4263 2241 4534 4263 2241 2842 3618 3618 3618 3618 1359
3518 4350 4964 1991 895 4964 1991 4484 1283 3538 3704 4484 3518 284 284 284 4356 1832 839 496
496 1832 3618 3618 3618 3618 1359 2149 2918 1551 4220 4077 2043 2043 2918 191 1486 2918 4077 3958
4484 3518 284 3704 284 284 4356 2842 839 496 2822 1186 1186 496 1832 3618 3618 3618 3618 1359
4534 4356 4534 892 3518 4350 712 1991 895 712 1991 4484 1283 3538 3704 4484 3518 284 284 284
712 1991 4484 1283 3538 3704 4484 3518 3112 316 316 4356 2842 839 2241 2822 1186 1186 496 2842
496 1832 3618 3618 3618 3618 1359 2149 2918 1551 4220 4077 2043 2043 2918 191 1486 2918 4077 3958
1438 1438 1186 2822 1186 4566 3518 4350 2182 1991 895 4964 1991 2822 1186 674 401 4941 401 4941
316 4356 2842 839 2241 1186 496 2842 3112 3112 3112 3112 1359 4490 2918 1551 4220 4077 4490 4490
3518 4350 712 1991 895 712 1991 4484 1283 3538 3704 4484 3518 284 284 284 4356 1832 2842 496
1393 588 4687 253 3757 4356 588 4687 712 626 253 3757 588 4534 588 626 4747 4534 588 4964
588 253 626 2918 4220 3618 2043 511 511 4077 2918 4077 1551 2918 496 1186 4356 2842 2241 2822
2822 1186 1186 3757 3757 674 401 4941 401 4941 2623 4356 2623 4356 1186 2822 4566 3518 4350 2182
1186 2822 1186 4566 3518 4350 2182 1991 895 4964 1991 2822 1186 674 401 4941 401 4941 2623 4356
4220 4077 4490 2918 191 4490 511 2918 2918 3958 4077 2842 2241 2822 2822 4534 2842 4566 3518 4350
588 4687 588 712 2623 4747 626 1832 588 253 626 3618 1359 2149 2043 2918 1551 4220 4077 2043
4534 892 3518 4350 4964 1991 895 4964 1991 4484 1283 3538 3704 4484 3518 284 284 284 4356 1832
1991 895 712 1991 4484 1283 3538 3704 4484 3518 316 316 316 4356 2842 839 2241 2822 1186 1186
2918 1551 2043 2043 191 2918 4077 1551 2918 4263 2241 4534 4534 4263 2241 2842 3618 3618 3618 3618
1438 1438 1186 2822 892 3518 4350 712 1991 895 712 1991 2822 1186 674 4941 4941 4534 2623 892
253 626 3618 1359 2149 2043 2918 1551 4220 4077 2043 2043 2918 1551 2043 2043 191 2918 4077 1551
2842 839 4534 496 1186 496 2842 3112 3112 3112 3112 1359 4490 2918 191 511 4077 4490 4490 2918
4356 4356 4356 4356 1186 2822 4566 3518 4350 2182 1991 1991 588 588 895 4484 1283 3538 4484 3518
1991 895 588 588 895 2822 1186 674 4941 4941 2623 4534 2623 892 3518 4350 712 895 895 712
895 4964 1991 2822 1186 1186 3757 3757 674 401 4941 401 4941 2623 2623 2623 1186 2822 2623 892
895 4484 1283 3538 3704 4484 3518 316 316 316 2842 839 2623 496 4941 496 2822 1186 2623 2623
1991 4484 1283 3538 712 4484 1283 284 284 284 4356 2842 839 496 2822 496 1832 3618 1832 3618
895 895 588 588 895 4484 1283 3538 3704 4484 3518 316 316 316 2842 839 2623 496 4941 496
4077 4263 2241 4534 4263 496 2842 3618 3618 3618 3618 1359 316 2918 3958 4220 4077 316 316 2918
3518 316 316 316 4356 2842 839 2241 1186 496 2842 3112 3112 3112 3112 1359 4490 2918 1551 4220
4964 1991 4484 1283 3538 3704 4484 3518 316 316 316 316 316 316 4356 2842 839 496 1186 1186
1991 2822 1186 674 674 4941 4941 4534 4534 1186 2822 4566 3518 4350 712 1991 895 712 1991 4484
4941 401 4941 2623 4356 2623 892 3518 4350 2182 1991 895 4964 1991 4484 1283 3538 3704 4484 3518
2623 253 4687 588 712 4356 4747 4534 588 588 4356 1971 1393 1393 1971 1971 1971 1971 1971 1393
1186 2822 1393 1186 1971 1971 1971 1971 1971 1971 1971 1971 1971 496 4350 253 712 712 4356 4356
1991 895 4964 1991 2822 1186 674 4941 4941 4534 4534 892 3518 4350 712 1991 895 712 895 4484
1991 895 588 588 895 4484 1283 3538 4484 3518 284 3704 284 284 4356 2842 839 496 2822 1186
892 3518 4350 4964 1991 895 4964 1991 4484 1283 3538 3704 4484 3518 284 284 284 4356 1832 839
316 4356 2842 839 2241 1186 496 2842 3112 3112 2842 3112 1359 316 2918 1551 4220 4077 316 316
2822 1186 674 401 4941 401 4941 2623 4356 2623 892 3518 4350 2182 1991 895 4964 1991 4484 1283
4220 4077 4490 4490 2918 191 1486 2918 2918 1551 4077 2842 2241 4534 2842 496 2842 3112 3112 3112
4566 1283 4350 2182 1991 895 4964 895 2822 1186 674 4941 4941 4534 4356 4534 892 3518 4350 2182
496 2842 3112 3112 3112 3112 1359 4490 2918 191 511 4077 4490 4490 2918 191 511 2918 2918 1551
1359 2149 2043 2918 1551 4220 4077 2043 2043 2918 1551 2043 2043 511 4077 4077 1551 2918 4263 2241
674 4941 1438 1438 1186 2822 4566 3518 4350 712 1991 895 712 1991 2822 1186 674 4941 4941 4534
4356 4534 892 3518 4350 2182 1991 895 4964 1991 4484 3518 3538 3704 4484 3518 284 284 284 284
626 1971 1971 1971 1971 1971 1393 1393 1393 1393 1393 2182 4687 253 3757 4356 1438 626 4747 626
4356 4356 892 1283 4350 712 1991 895 588 588 895 4484 1283 3538 4484 3518 284 3704 284 284
4484 3518 284 3704 284 284 1832 839 496 4534 1186 496 1832 3618 3618 3618 3618 1359 2149 2918
3112 1359 316 2918 1551 4220 4077 316 316 2918 191 1486 2918 253 191 4077 839 2241 2822 2822
2241 1186 496 2842 3112 3112 3112 3112 1359 4490 2918 1551 4220 4077 4490 2918 3958 1486 4490 2918
3518 4350 4964 1991 895 4964 1991 4484 1283 3538 3704 4484 3518 316 4490 4490 4356 2842 839 2241
2043 191 2918 4077 1551 4077 4263 2241 4534 603 4263 2241 2842 3618 3618 3618 3618 1359 316 316
2842 839 2241 2822 1186 603 2842 1186 496 2842 3112 3112 3112 3112 1359 4490 2918 3958 4220 4077
1971 1971 1971 1971 2110 191 4350 588 712 4534 4747 4356 253 588 626 1393 1393 1393 1393 1393
1438 1438 1438 1186 2822 1186 892 3518 4350 2182 1991 895 4964 1991 2822 1186 1186 3757 3757 674
3112 316 316 4356 2842 839 2241 1186 496 2842 3112 3112 2842 3112 1359 316 2918 1551 4220 4077
1438 1186 2822 4566 3518 4350 712 1991 895 712 1991 2822 1186 674 674 4941 4941 4534 4534 1186
4484 1283 284 284 284 4356 2842 839 496 2822 496 1832 3618 1832 3618 3618 1359 2149 2918 3958
3112 3112 3112 3112 1359 316 2918 1551 4220 4077 316 2918 3958 712 1486 2918 4077 3958 2918 4263
3518 284 3704 284 284 4356 2842 839 496 2822 1186 1186 496 1832 3618 3618 3618 3618 1359 2149
3538 4484 3518 284 3704 284 284 4356 2842 839 496 2822 1186 1186 496 1832 3618 3618 3618 3618
1971 1971 1971 1971 1971 1971 1971 1971 1971 496 1832 3618 3618 588 4687 588 712 4534 4747 626
895 4964 1991 4484 1283 3538 3704 4484 3518 316 316 316 316 316 316 4356 2842 839 496 1186
1438 1186 2822 4566 1283 4350 712 895 895 4964 1991 2822 1186 674 4941 4941 2623 2623 2623 2623
1991 895 4964 895 2822 1186 674 4941 4941 4534 4356 4534 892 3518 4350 2182 1991 895 2182 588
4350 2182 1991 895 4964 1991 4484 1283 3538 3704 4484 3518 316 316 316 316 316 316 4356 2842
496 2842 3112 3112 3112 3112 1359 4490 2918 1551 4220 4077 4490 2918 3958 1486 4490 2918 2918 1551
1991 895 712 1991 4484 1283 3538 3704 4484 3518 284 284 284 1186 1832 839 4534 496 496 1832
4220 4077 2182 4687 253 3757 4534 316 2043 4747 626 588 253 626 2918 4220 3618 2043 511 511
1283 3538 3704 4484 3518 316 316 316 4356 2842 839 2241 1186 496 2842 3112 3112 3112 3112 1359
895 4484 1283 3538 4484 3518 284 284 284 284 3704 284 284 1832 839 496 4534 1186 1186 2822
2182 4350 253 712 712 4356 2623 603 4356 253 253 2623 253 4687 588 712 4356 4747 2623 588
3518 316 316 316 4356 2842 839 2241 2822 1186 1186 496 2842 3112 3112 3112 3112 1359 4490 2918
4941 401 4941 4534 2623 2623 1186 2822 2623 892 3518 4350 2182 895 895 4964 1991 4484 1283 3538
1186 2822 4566 3518 4350 712 1991 895 712 1991 2822 1186 674 4941 4941 2623 2623 892 3518 4350
1971 1971 1393 1393 1393 1393 1393 1393 1393 1393 496 1832 3618 3618 3618 2182 4687 253 3757 4356
2822 1186 674 4941 4941 2623 4356 2623 892 3518 4350 2182 1991 895 588 588 895 4484 1283 3538
4964 1991 2822 1186 674 401 4941 401 4941 4534 4534 4534 892 3518 4350 2182 1991 895 4964 1991
4356 2623 2623 4566 3518 4350 712 1991 895 253 588 1991 4484 1283 3538 4484 3518 284 712 284
496 2842 3618 3112 3112 3112 1359 316 316 2918 3958 511 4077 316 316 316 316 2918 511 1486
3518 4350 2182 1991 895 4964 1991 2822 1186 674 401 4941 401 4941 2623 4356 4356 892 3518 4350
4747 4356 253 588 626 1971 1393 1393 1393 1393 1393 1393 1393 1393 1393 2182 4687 253 3757 4356
3518 316 316 316 316 316 316 4356 2842 839 496 1186 1186 2822 1781 1186 1393 1393 1393 1393
3518 3538 3704 4484 3518 284 284 284 284 284 284 4534 1832 839 496 1186 1186 2822 1781 1393
316 316 4356 2842 839 2241 1186 496 2842 3112 3112 3112 3112 1359 4490 2918 1551 4220 4077 4490
4490 511 2918 2918 3958 4077 2842 2241 2822 2822 4534 2842 4566 3518 4350 2182 1991 895 588 1991
4490 2918 3958 4220 4077 4490 2918 191 4490 511 2918 4077 3958 4077 2842 2241 2822 2822 4534 2842
2842 839 2241 1186 496 2842 3112 3112 3112 3112 1359 4490 2918 1551 4220 4077 4490 4490 2918 191
712 1991 895 712 1991 2822 1186 674 4941 4941 2623 4356 2623 892 1283 4350 712 1991 895 712
3518 4350 712 1991 895 712 1991 4484 1283 3538 3704 4484 3518 316 316 316 4356 2842 839 2241
588 588 626 1393 1393 1393 1393 1393 1393 1393 1393 1393 1393 496 1832 3618 3618 3618 2182 4687
3538 3704 4484 3518 284 284 284 284 284 284 4534 1832 839 496 1186 1186 2822 1781 1393 1393
3112 1359 316 316 2918 1551 4220 4077 2182 4687 253 3757 4534 316 2043 4747 626 588 253 626
1991 2822 1186 674 4941 4941 2623 4356 2623 892 3518 4350 4964 895 895 4964 1991 4484 3518 3538
284 284 284 284 4534 1832 839 496 1186 1186 2822 1781 1393 1393 1393 1393 1393 1393 1393 1393
4350 4964 1991 895 4964 1991 4484 1283 3538 3704 4484 3518 316 316 316 4356 2842 839 2241 1186
4534 892 3518 4350 4964 1991 895 4964 1991 4484 1283 3538 3704 4484 3518 316 316 316 4356 2842
316 316 316 4356 2842 839 2241 1186 496 2842 3112 3112 3112 3112 1359 4490 2918 1551 4220 4077
3112 1359 316 2918 1551 4220 4077 316 2918 3958 316 1486 2918 588 3958 2918 4263 2241 4534 2842
316 4356 2842 839 2241 1186 1186 2822 1781 1186 1393 1393 1393 1971 1393 1393 1393 1393 1393 2182
4566 3518 4350 712 895 895 712 1991 2822 1186 674 4941 4941 2623 4356 2623 892 3518 4350 712
3618 3618 3618 3618 1359 2149 2918 1551 4220 4077 2043 2043 2918 191 1486 2918 4077 3958 4077 4263
4964 1991 2822 1186 1186 3757 3757 674 401 4941 401 4941 2623 4356 2623 4356 1186 2822 4566 3518
316 4356 2842 839 2241 2822 1186 603 2842 1186 496 2842 3112 3112 3112 3112 1359 4490 2918 3958
712 1991 895 712 1991 2822 1186 674 4941 4941 2623 2623 4356 4356 1186 2822 4566 3518 4350 712
1393 1186 253 603 588 3757 4356 4747 626 588 588 626 1393 1393 1393 1393 1393 1393 1393 1393
892 3518 4350 4964 1991 895 4964 1991 4484 1283 3538 3704 4484 3518 316 316 316 4356 2842 839
1186 2822 4566 3518 4350 712 1991 895 712 1991 2822 1186 674 4941 4941 4534 4534 4534 892 3518
1393 1393 1186 253 603 588 3757 4356 4747 626 588 588 626 1393 1393 1393 1393 1393 1393 1393
3538 3704 4484 3518 316 316 316 4356 2842 839 2241 1186 496 2842 3112 3112 3112 3112 1359 4490
674 4941 1438 1438 1186 2822 4566 3518 4350 4964 1991 895 4964 1991 2822 1186 674 4941 4941 2623
3704 4484 3518 316 316 316 4356 2842 839 2241 1186 496 2842 3112 3112 3112 3112 1359 4490 2918
4941 1438 1438 1186 2822 892 1283 4350 2182 1991 895 4964 895 2822 1186 674 4941 4941 4534 4356
1971 1971 1971 1971 1971 1393 1393 1393 2110 253 4350 588 712 4534 4747 4356 253 588 626 1393
1186 191 4350 253 712 4534 4747 4356 253 588 626 1393 1393 1393 1393 1393 1393 1393 1393 1393
1186 1186 3757 3757 674 401 4941 401 4941 2623 2623 2623 1186 2822 2623 892 3518 4350 2182 895
895 588 588 895 2822 1186 674 674 4941 2623 4534 2623 892 3518 4350 712 895 895 712 895
588 588 895 2822 1186 674 4941 4941 2623 4534 2623 892 3518 4350 712 895 895 712 895 4484
2918 4077 1551 2918 4263 2241 4534 4534 4263 2241 2842 3618 3618 3618 3618 1359 316 316 2918 3958
895 712 1991 2822 1186 674 4941 4941 2623 4356 2623 892 3518 4350 712 1991 895 712 1991 4484
4941 1438 1438 1186 2822 4566 3518 4350 4964 1991 895 4964 1991 2822 1186 674 4941 4941 4534 4356
4941 1438 1438 1186 2822 892 3518 4350 712 1991 895 712 1991 2822 1186 674 674 4941 4941 4534
626 4077 4220 3618 2043 511 511 4077 4077 4077 1551 2918 496 1186 4356 2842 2241 2822 2822 401
895 4484 1283 3538 4484 3518 284 284 284 284 3704 284 284 1832 839 496 4534 1186 1186 2822
588 4687 4534 626 253 253 588 4534 588 626 4747 4534 253 588 626 4534 2842 588 4687 253
496 4534 1186 1186 2822 1971 1971 1971 1971 1971 1971 1971 1393 1393 1393 2110 712 4687 588 712
4941 1438 1438 1186 2822 4566 3518 4350 712 1991 895 4964 1991 2822 1186 674 4941 4941 2623 4356
2822 1186 4566 1283 4350 2182 895 895 4964 1991 2822 1186 1186 3757 3757 674 401 4941 401 4941
4534 4534 892 3518 4350 712 895 895 712 895 4484 1283 3538 3704 4484 3518 316 316 316 2842
895 4964 1991 2822 1186 674 401 4941 401 4941 2623 4356 2623 892 3518 4350 2182 1991 895 4964
4964 1991 2822 1186 674 4941 4941 2623 4356 4534 892 3518 4350 712 1991 895 712 1991 4484 1283
4964 1991 2822 1186 674 4941 4941 2623 4356 4534 892 3518 4350 712 1991 895 712 1991 4484 1283
2822 1186 4566 3518 4350 2182 1991 895 4964 1991 2822 1186 674 401 4941 401 4941 4534 4534 4534
1991 895 4964 1991 4484 1283 3538 712 4484 1283 284 284 284 4356 2842 839 496 1186 496 1832
1991 895 253 588 895 4484 1283 3538 3704 4484 3518 3112 316 316 4534 2842 839 496 496 2842
3518 4350 712 895 895 712 895 4484 1283 3538 3704 4484 3518 316 316 316 2842 839 2623 496
253 253 895 4484 1283 3538 3704 4484 3518 3112 316 316 4534 2842 839 496 496 2842 3112 3112
674 4941 4941 2623 4356 2623 892 3518 4350 2182 1991 895 4964 1991 4484 1283 3538 3704 4484 3518
1971 1971 496 1832 3618 3618 588 4687 588 712 2623 4747 626 1832 588 253 626 3618 1359 2149
2822 1186 674 4941 4941 4534 4356 2623 892 3518 4350 4964 895 895 4964 1991 4484 3518 3538 3704
3518 284 284 284 4356 1832 839 496 1186 496 1832 3618 3618 3618 3618 1359 2149 2918 1551 4220
2842 3618 3618 3618 3618 1359 316 2918 3958 4220 4077 316 316 2918 511 1486 2918 2918 3958 2918
712 895 895 4964 1991 2822 1186 674 4941 4941 2623 4356 2623 2623 892 3518 4350 712 1991 895
1971 1971 1971 2182 4687 253 3757 4356 1438 4687 712 626 253 3757 588 4534 588 626 4747 4534
1438 1186 2822 892 3518 4350 712 1991 895 712 1991 2822 1186 674 4941 4941 4534 2623 892 3518
401 4941 1438 1438 1438 1438 1186 2822 1186 892 3518 4350 2182 1991 895 4964 1991 2822 1186 1186
4534 316 2043 4747 626 588 253 626 2918 4220 3618 2043 511 511 4077 2918 2918 1551 2918 496
1832 839 496 1186 1186 2822 1781 1393 1393 1393 1393 1393 1393 1393 1393 1393 2110 2182 4350 588
1991 4484 1283 3538 3704 4484 3518 316 316 316 2842 4263 4356 496 1186 496 2842 3112 2842 3112
4220 4077 2043 2918 191 2149 511 511 4077 4077 4077 1551 4077 496 3757 4263 2241 4534 4534 4263
4566 3518 4350 712 1991 895 712 1991 2822 1186 674 4941 4941 2623 2623 892 3518 4350 712 1991
1186 2822 1186 4566 3518 4350 2182 1991 895 4964 1991 2822 1186 674 401 4941 401 4941 2623 4356
2822 1186 4566 1283 4350 2182 895 895 4964 1991 2822 1186 1186 3757 3757 674 401 4941 401 4941
2822 1186 674 674 4941 4941 4534 4534 1186 2822 4566 3518 4350 712 1991 895 712 1991 4484 1283
316 316 4356 2842 839 2241 2822 1186 1186 496 2842 3112 3112 3112 3112 1359 4490 2918 1551 4220
1186 496 2842 3112 3112 3112 3112 1359 4490 2918 1551 4220 4077 4490 2918 3958 1486 4490 2918 2918
4356 4356 892 3518 4350 2182 1991 895 4964 1991 4484 1283 3538 3704 4484 3518 316 316 316 316
2241 4356 603 4263 496 2842 3618 3618 3618 3618 1359 316 316 2918 3958 4220 4077 316 316 2918
839 4534 496 1186 496 2842 3112 3112 3112 3112 1359 4490 2918 191 511 4077 4490 4490 2918 191
1186 2822 4566 1283 4350 2182 1991 895 4964 895 2822 1186 674 4941 4941 4534 4356 4534 892 3518
4350 4964 1991 895 4964 1991 4484 1283 3538 3704 4484 3518 316 316 316 4356 2842 839 2241 1186
2822 1186 674 4941 4941 2623 4356 2623 892 1283 4350 712 1991 895 712 1991 4484 1283 3538 3704
712 1991 895 712 1991 4484 1283 3538 3704 4484 3518 316 316 316 2842 4263 4356 496 1186 496
316 316 4356 2842 839 2241 1186 1186 2822 1781 1186 1393 1393 1393 1393 1393 1393 1393 1393 1393
4964 895 895 4964 1991 4484 1283 3538 3704 4484 3518 316 316 316 4356 2842 839 2241 1186 496
3704 4484 3518 284 284 284 284 284 284 4534 1832 839 496 1186 1186 2822 1781 1393 1393 1393
626 1359 2149 2043 2918 1551 4220 4077 2043 2043 2918 1551 2043 2043 511 4077 4077 1551 2918 4263
1438 1186 2822 4566 3518 4350 712 1991 895 4964 1991 2822 1186 674 4941 4941 2623 4356 4534 892
1186 674 4941 4941 2623 4356 2623 892 3518 4350 2182 1991 895 4964 1991 4484 1283 3538 3704 4484
4964 1991 2822 1186 1186 3757 3757 674 401 4941 401 4941 2623 2623 2623 1186 2822 2623 892 3518
401 4941 401 4941 2623 4356 4356 4356 1186 2822 4566 3518 4350 2182 1991 1991 588 588 895 4484
1186 2822 4566 3518 4350 712 1991 895 712 1991 2822 1186 674 4941 4941 4356 4356 4356 892 1283
4941 4534 4356 4534 892 3518 4350 2182 1991 895 588 588 895 4484 1283 3538 3704 4484 3518 316
4350 712 1991 895 712 1991 2822 1186 674 4941 4941 4356 4356 2623 892 3518 4350 712 1991 895
1991 4484 1283 3538 3704 4484 3518 316 316 316 316 316 316 4356 2842 839 496 1186 1186 2822
2822 1393 1186 1971 1971 1971 1971 1971 1971 1971 1971 1971 496 4350 253 712 712 4356 4356 4747
2822 4566 3518 4350 712 1991 895 712 1991 2822 1186 674 674 4941 4941 4534 4534 1186 2822 4566
4484 3518 284 284 284 4356 1832 839 496 1186 496 1832 3618 3618 3618 3618 1359 2149 2918 1551
2842 4263 4534 496 1186 496 2842 3112 2842 3112 3112 1359 316 2918 1551 4220 4077 316 316 2918
626 1359 2149 2043 2918 1551 4220 4077 2043 2043 2918 1551 2043 2043 511 4077 4077 1551 2918 4263
284 3704 284 284 1832 839 496 4534 1186 1186 2822 1971 1393 1393 1393 1393 1393 1393 1393 1393
4356 4356 4356 1186 2822 4566 3518 4350 2182 1991 1991 588 588 895 4484 1283 3538 4484 3518 284
895 4484 1283 3538 3704 4484 3518 3112 316 316 4356 2842 839 2241 1186 496 2842 3112 3112 2842
4964 895 2822 1186 674 4941 4941 4534 4356 2623 892 3518 4350 2182 1991 895 2182 588 895 4484
1991 895 712 1991 4484 1283 3538 3704 4484 3518 284 284 284 4356 1832 839 496 1186 496 1832
895 712 1991 2822 1186 674 4941 4941 2623 4356 2623 892 3518 4350 712 1991 895 712 1991 4484
3518 316 316 316 4356 2842 839 2241 2822 1186 1186 496 2842 3112 3112 3112 3112 1359 4490 2918
4566 3518 4350 712 1991 895 253 588 1991 4484 1283 3538 4484 3518 284 712 284 284 1832 839
2623 253 4687 588 712 4356 4747 4534 588 588 4356 1971 1393 1393 1971 1971 1971 1971 1971 1393
4350 712 1991 895 712 1991 2822 1186 674 4941 4941 2623 4356 4356 4356 1186 2822 4566 3518 4350
2842 3112 3112 3112 3112 1359 4490 2918 191 511 4077 4490 4490 2918 191 511 2918 2918 1551 2918
1971 1971 1971 1971 1971 1971 1971 1971 496 1832 3618 3618 588 4687 588 712 4534 4747 626 1832
3112 3112 1359 316 2918 1551 4220 2918 316 2918 3958 316 1486 2918 588 3958 2918 4263 2241 4534
3112 3112 3112 1359 191 2918 3958 4220 4077 316 316 2918 3958 1486 2918 4077 3958 2918 4263 2241
4941 1438 1438 1186 2822 4566 1283 4350 712 1991 895 588 588 895 2822 1186 674 674 4941 2623
1971 1971 1971 1393 2110 253 4534 588 3757 4356 4747 626 588 588 626 1393 1393 1393 1393 1393
895 712 1991 4484 1283 3538 3704 4484 3518 284 284 284 1186 1832 839 4534 496 496 1832 3618
3704 4484 1283 284 284 284 4356 2842 839 496 2822 496 1832 3618 1832 3618 3618 1359 2149 2918
496 1186 1186 2822 1781 1393 1393 1393 1393 1393 1393 1393 1393 1393 1186 253 603 588 712 4356
4077 1551 2918 4263 2241 4534 4534 4263 496 2842 3618 3618 3618 3618 1359 316 316 2918 3958 511
316 4356 2842 839 2241 1186 496 2842 3112 3112 2842 3112 1359 316 2918 1551 4220 4077 316 316
839 496 1186 496 1832 3618 3618 3618 3618 1359 2043 2918 1551 4220 4077 2043 2043 2918 191 1486
191 2918 4077 1551 2918 4263 2241 4534 603 4263 2241 2842 3618 3618 3618 3618 1359 316 316 2918
4350 4964 895 895 4964 1991 2822 1186 674 4941 4941 2623 4356 2623 892 3518 4350 2182 1991 895
4350 2182 1991 895 4964 1991 4484 3518 3538 3704 4484 3518 284 284 284 284 284 284 4534 1832
4941 4941 4534 4356 4534 892 3518 4350 712 1991 895 712 1991 4484 1283 3538 3704 4484 3518 284
2822 4566 3518 4350 712 1991 895 712 1991 2822 1186 674 4941 4941 2623 4356 2623 892 1283 4350
3757 191 4747 626 588 588 626 1393 1393 1393 1393 1393 1393 1393 1393 1393 1393 496 1832 3618
1186 2822 4566 3518 4350 712 895 895 588 588 895 4484 1283 3538 3704 4484 3518 316 4490 4490
3618 3618 1359 2149 2918 1551 4220 4077 2043 2043 2918 191 1486 4077 4077 3958 4077 4263 2241 2822
284 284 284 284 3704 284 284 1832 839 496 4534 1186 1186 2822 1971 1393 1393 1393 1393 1393
3518 4350 712 895 895 588 588 895 4484 1283 3538 3704 4484 3518 316 4490 4490 2842 839 2623
674 4941 1438 1438 1186 2822 892 3518 4350 712 1991 895 712 1991 2822 1186 674 4941 4941 4534
839 496 1186 1186 2822 1393 1186 1971 1393 1393 1971 1393 1393 1393 1393 1393 2182 4350 253 712
1551 4220 4077 4490 4490 2918 191 1486 2918 2918 1551 4077 2842 2241 4534 2842 496 2842 3112 3112
626 588 588 626 1971 1971 1971 1971 1971 1971 1971 1971 1971 1971 496 1832 3618 3618 2182 4687
1186 1186 2822 1393 1186 1971 1971 1971 1971 1971 1971 1971 1971 1393 496 4350 253 712 712 4356
895 895 4964 1991 2822 1186 1186 3757 3757 674 401 4941 401 4941 2623 2623 2623 1186 2822 2623
4534 4263 496 2842 3618 3618 3618 3618 1359 316 2918 3958 4220 4077 316 316 2918 511 1486 2918
895 4964 895 2822 1186 674 4941 4941 4534 4356 4534 892 3518 4350 2182 1991 895 2182 588 895
2182 4687 253 3757 4534 316 2043 4687 626 588 253 626 4077 4220 3618 2043 511 511 4077 2918
4941 4356 4356 4534 892 1283 4350 712 1991 895 712 1991 4484 1283 3538 3704 4484 3518 316 316
3112 316 316 4534 2842 839 496 496 2842 3112 3112 3112 3112 1359 316 2918 1551 4220 588 316
4566 3518 4350 4964 1991 895 4964 1991 2822 1186 674 4941 4941 2623 4356 4534 892 3518 4350 4964
2918 191 4490 511 2918 2918 3958 4077 2842 2241 2822 2822 4534 2842 4566 3518 4350 2182 1991 895
1438 1438 1438 1186 2822 1186 4566 3518 4350 2182 1991 895 4964 1991 2822 1186 674 401 4941 401
1991 2822 1186 674 4941 4941 2623 4356 2623 892 3518 4350 712 1991 895 712 1991 4484 1283 3538
496 2842 3112 3112 3112 3112 1359 316 316 2918 1551 4220 4077 2182 4687 253 3757 4534 316 2043
4484 3518 316 316 316 4356 2842 839 2241 2822 1186 603 2842 1186 496 2842 3112 3112 3112 3112
3538 3704 4484 3518 3112 316 316 4356 2842 839 2241 1186 496 2842 3112 3112 2842 3112 1359 316
401 4941 4534 2623 2623 1186 2822 2623 892 3518 4350 2182 895 895 4964 1991 4484 1283 3538 3704
4263 496 2842 3618 3618 3618 3618 1359 316 316 2918 3958 4220 4077 316 316 2918 511 316 316
316 316 4356 2842 839 2241 1186 1186 2822 1781 1186 1393 1393 1393 1393 1393 1393 1393 1393 1393
3112 1359 316 2918 1551 4220 4077 316 2918 3958 316 1486 2918 588 3958 2918 4263 2241 4534 2842
588 4687 588 712 2623 4747 626 1832 588 253 626 3618 1359 2149 2043 2918 1551 4220 4077 2043
839 496 1186 1186 2822 1781 1393 1393 1393 1393 1393 1393 1393 1393 1393 1186 253 603 588 712
3518 316 316 316 4356 2842 839 2241 2822 1186 603 2842 1186 496 2842 3112 3112 3112 3112 1359
2918 4077 1551 2918 4263 2241 4534 603 4263 2241 2842 3618 3618 3618 3618 1359 316 316 2918 3958
2822 1186 4566 3518 4350 2182 1991 895 4964 1991 2822 1186 674 401 4941 401 4941 2623 4356 4534
1359 2149 2918 3958 4220 4077 2043 2918 3958 2149 1486 2918 4077 3958 4077 4263 2241 4534 4263 496
2822 1186 674 4941 4941 4534 4356 2623 892 1283 4350 4964 1991 895 4964 1991 4484 1283 3538 712
1551 4077 2842 2241 4534 2842 496 1832 3112 3112 3112 3112 1359 316 2918 191 4220 4077 316 316
895 895 588 588 895 4484 1283 3538 3704 4484 3518 316 316 316 2842 839 2623 496 4941 496
4566 3518 4350 712 1991 895 712 1991 2822 1186 674 4941 4941 2623 4356 2623 892 1283 4350 712
3618 1359 2149 2918 1551 4220 4077 2043 2043 2918 3958 1486 4077 4077 3958 4077 4263 2241 2822 2822
1186 674 4941 4941 4534 4534 4534 892 3518 4350 712 1991 895 253 588 895 4484 1283 3538 3704
284 284 284 4356 2842 839 496 2822 496 1832 3618 1832 3618 3618 1359 2149 2918 3958 4220 4077
895 4964 1991 4484 1283 3538 3704 4484 3518 316 316 316 4356 2842 839 2241 1186 496 2842 3112
626 588 588 626 1393 1393 1393 1393 1393 1393 1393 1393 1393 1393 496 1832 3618 3618 3618 2182
4350 4964 1991 895 4964 1991 4484 1283 3538 3704 4484 3518 316 316 316 4356 2842 839 2241 1186
3704 284 284 4356 2842 839 496 2822 1186 1186 496 1832 3618 3618 3618 3618 1359 2149 2918 1551
4687 253 3757 4356 588 4687 712 626 253 3757 588 4534 588 626 4747 4534 588 4964 626 4534
1991 2822 1186 674 4941 4941 2623 4356 2623 892 3518 4350 2182 1991 895 4964 1991 4484 1283 3538
1186 496 1832 3618 3618 3618 3618 1359 2149 2918 1551 4220 4077 2043 2918 191 2149 511 511 4077
674 4941 1438 1438 1186 2822 4566 3518 4350 4964 1991 895 4964 1991 2822 1186 674 4941 4941 2623
895 712 1991 2822 1186 674 4941 4941 2623 2623 4356 2623 1186 2822 4566 3518 4350 712 895 895
674 4941 1438 1438 1186 2822 892 1283 4350 2182 1991 895 4964 895 2822 1186 674 4941 4941 4534
4687 253 3757 4356 588 4687 712 626 253 3757 588 4534 588 626 4747 4534 588 4964 626 4534
3704 4484 3518 316 316 316 4356 2842 839 2241 2822 1186 603 2842 1186 496 2842 3112 3112 3112
4941 4534 4534 4534 892 3518 4350 2182 1991 895 4964 1991 4484 3518 3538 3704 4484 3518 284 284
253 253 4534 253 626 4747 2623 588 588 626 4534 2842 588 4687 253 3757 4534 4747 4534 253
253 3757 191 4747 626 1832 253 588 626 1359 2149 2043 2918 1551 4220 4077 2043 2043 2918 1551
895 895 4964 1991 4484 1283 3538 3704 4484 3518 316 316 316 4356 2842 839 2241 1186 496 2842
4941 4941 4356 4356 4356 892 1283 4350 712 1991 895 588 588 895 4484 1283 3538 4484 3518 284
3112 3112 3112 3112 1359 191 2918 3958 4220 4077 316 284 2918 3958 1486 2918 4077 3958 2918 4263
1991 2822 1186 1186 3757 3757 674 401 4941 401 4941 2623 4356 2623 4356 1186 2822 4566 3518 4350
1971 1971 2110 712 4687 588 712 4356 4747 626 588 588 626 1971 1971 1971 1971 1971 1971 1971
4964 1991 2822 1186 674 4941 4941 4534 4534 4534 892 3518 4350 712 1991 895 253 588 895 4484
2842 839 2241 1186 496 2842 3112 3112 3112 3112 1359 4490 2918 1551 4220 4077 4490 4490 2918 191
4484 1283 3538 3704 4484 3518 284 284 284 4356 1832 839 496 1186 496 1832 3618 3618 3618 3618
496 2842 3112 2842 3112 3112 1359 316 2918 1551 4220 4077 316 316 2918 3958 1486 2918 588 3958
4350 4964 1991 895 4964 1991 2822 1186 674 4941 4941 4534 4356 2623 892 1283 4350 4964 1991 895
4534 892 3518 4350 2182 1991 895 4964 1991 4484 3518 3538 3704 4484 3518 284 284 284 284 284
4356 4534 892 3518 4350 2182 1991 895 4964 1991 4484 3518 3538 3704 4484 3518 284 284 284 284
588 626 1971 1393 1393 1393 1393 1393 1393 1393 1393 1393 496 1832 3618 3618 3618 2182 4687 253
674 4941 1438 1438 1186 2822 4566 3518 4350 4964 895 895 4964 1991 2822 1186 674 4941 4941 4534
895 4964 1991 4484 1283 3538 712 4484 1283 284 284 284 4356 2842 839 496 2822 496 1832 3618
