1775 983 983 983 983 1775 1775 1775 1775 1775 1775 1775 612 612 376 612 1775 1775 983 1775
192 192 192 192 192 192 192 192 192 192 192 192 192 192 192 192 192 192 192 192
1775 1775 1768 1768 1768 1775 1445 1775 1768 1768 1768 1153 376 1445 1445 1775 1768 1768 1768 1445
238 1841 1768 1121 1768 238 1768 1841 1768 1121 238 1841 1121 238 1775 1768 1768 1775 983 983
376 1841 1121 238 1841 1579 1121 643 1601 643 402 402 643 612 612 1768 1768 1768 1768 1768
643 1601 643 402 402 402 402 402 643 643 402 1601 643 1768 1768 1768 1768 1768 1775 983
983 1768 1153 1445 1699 1699 1699 1153 1153 1153 1153 1153 1153 1153 1699 1153 1699 1699 1699 1699
1775 1775 1768 1775 1775 1768 1775 1445 1775 1768 1768 1768 1775 1768 1768 1768 1445 1775 1768 1768
1042 1300 1579 1967 1579 1042 1042 1967 1042 1300 1579 1967 1042 1300 1579 1967 1042 1300 1579 1967
1153 1699 1153 1153 1699 1153 1699 1153 1153 1153 1699 1699 1699 1699 1699 1699 1699 1699 1699 612
402 643 402 402 643 643 1768 1775 1601 643 402 402 402 643 402 1601 402 1601 643 1768
1121 238 238 1121 238 1841 1121 238 1841 1121 238 1841 1579 1121 238 1841 1579 1121 238 1768
983 612 376 612 1775 1775 1775 1775 1768 1153 1445 1153 1153 1445 1153 1153 1153 1153 1699 1699
1579 238 1841 1579 1121 1837 238 238 1121 238 1841 1121 238 1841 1121 238 1841 1121 238 238
402 402 643 1601 643 402 402 643 1768 1768 1768 1775 1768 1775 1768 1768 983 983 612 612
1042 1967 1042 1300 1967 1042 1300 1579 1967 1042 1300 1579 1967 1042 1300 1579 1967 1042 1042 1579
1775 1775 1775 1775 1775 1775 1775 1775 1775 1775 1775 1775 1775 1768 1775 1775 1775 1775 1775 1768
1775 1775 1775 1775 1775 1775 1775 1768 1768 1768 1775 1768 1768 1768 376 376 643 1837 238 1841
1121 1121 238 238 1121 238 1841 1121 238 1841 1121 238 1841 1579 1121 238 1841 1579 1121 238
1775 1775 1768 1768 1768 1768 1768 1768 1775 1775 983 983 1768 1768 1768 1768 1768 1768 1445 1445
1768 1768 1768 1445 1153 1775 1768 1768 1768 376 1445 1445 1445 1768 1775 1768 1768 1153 1445 1775
1579 1042 1579 1042 1300 1579 1967 1579 1042 1042 1967 1042 1300 1967 1042 1300 1967 1042 1300 1579
1768 1768 1768 1445 1445 1775 1768 1768 1768 376 1445 1445 1445 1775 1768 1768 1768 1775 1445 1775
1837 238 1841 1579 1121 1837 238 238 1121 238 1841 1121 238 1841 1121 238 1768 1775 1841 1768
1768 983 983 983 983 1775 1775 1775 1775 1775 1775 983 612 376 612 1775 1775 1775 1775 1768
192 192 192 192 192 192 192 192 192 192 192 192 192 192 192 192 192 192 192 192
192 192 192 192 192 192 192 192 192 192 192 192 192 192 192 192 192 192 192 192
1121 643 1837 238 1841 1579 1121 1579 238 238 1121 238 1841 1121 238 1841 1121 238 1841 1121
1768 983 983 983 983 1775 1775 1775 1775 1775 983 612 1775 376 612 1775 1775 1775 1775 1768
238 1121 238 1841 1121 238 1841 1121 238 1841 1579 1121 238 1841 1579 1121 238 1768 1768 1768
1768 1768 1445 1445 376 376 1775 1775 1768 1768 1768 1768 1768 1768 1445 1445 1445 1445 1775 1775
1768 1601 643 1768 1775 402 402 643 402 643 402 402 643 1601 643 402 402 643 1837 643
643 1837 376 402 1601 643 1775 1775 1775 1775 1775 1775 1775 1775 1775 1775 1775 1775 1768 1768
1775 983 983 612 612 1775 1775 1775 1775 1775 1775 1775 1775 1775 1445 1775 1775 1775 1775 1775
1775 1768 1768 983 1699 1699 1699 1699 1699 1699 1699 1699 1699 1699 1699 1699 1699 1699 1699 1699
1775 1775 1775 983 1153 1699 1153 1153 1153 1768 983 1153 1153 1153 1153 1699 1699 1699 1699 1699
1768 1768 1768 376 1121 238 1837 238 1768 1841 1579 1121 1837 238 238 1121 238 1841 1121 238
1841 1579 1967 1579 238 238 1121 238 1841 1121 238 1841 1121 238 1841 1121 238 1775 1841 1121
192 192 192 192 192 192 192 192 192 192 192 192 192 192 192 192 192 192 192 192
238 238 1121 238 1768 1775 1768 1841 1121 238 1768 1775 1841 1121 643 1768 1841 1121 238 1775
1699 1775 1775 1775 1775 1775 1775 1775 983 983 1775 1775 1775 1775 1775 1775 1775 1775 1775 1775
1775 1775 1775 1601 1775 1775 1837 402 1768 1768 1837 1601 402 1837 643 643 1601 643 402 1579
1841 1121 238 1841 1121 238 376 1841 1121 238 238 376 1121 643 1579 238 1601 238 1841 1579
1775 376 612 643 1837 238 1775 1775 1841 1579 1121 1837 238 238 1121 238 1775 1775 1841 1121
983 376 1775 1775 1775 983 983 1775 1775 1775 1775 1775 1775 1775 1775 1775 1775 1775 1775 1775
192 192 192 192 192 192 192 192 192 192 192 192 192 192 192 192 192 192 192 192
376 376 1121 1775 1775 1768 1768 1768 1768 612 612 983 983 1775 1775 376 376 612 1837 643
983 1837 643 402 1601 643 1601 643 402 1601 643 1768 1775 1775 1775 1775 1775 1775 1775 983
1768 1768 1768 1768 1768 1775 1775 1775 1775 1768 1768 1775 1775 1445 1445 376 376 1445 1445 1445
1775 1775 1775 1775 1775 1775 1775 1775 1775 1775 1775 1775 1775 1775 1775 1775 1775 1775 1775 983
643 1121 238 1841 1121 238 1841 1121 238 1841 1121 238 238 376 1579 238 1121 643 1121 238
1153 376 983 1775 1768 1768 1775 1775 1768 1699 1699 1699 1699 1699 1699 1699 1699 1699 1699 1699
238 376 376 643 1579 1579 238 643 1841 1579 1967 1967 238 238 1121 643 1841 1121 238 1841
1768 1768 1768 1775 1775 1775 1775 1775 1775 1445 1445 1775 1775 1445 1445 376 376 1445 1445 1775
983 983 1775 1775 1775 1775 1775 1775 1775 983 612 1775 376 612 1775 1775 1775 1775 1445 1445
1042 1967 1042 1300 1967 1042 1300 1967 1042 1300 1579 1967 1042 1775 1300 1579 1967 1042 1042 1579
1841 1967 1042 1042 376 1579 1967 1042 1042 1967 1042 1300 1579 1967 1579 1042 1042 1967 1042 1300
1775 1775 1775 1775 1775 1775 1775 1775 1775 1775 1775 1775 1768 1775 1775 1775 1775 1775 1768 1768
1775 1768 1768 1768 376 376 643 1837 238 1768 1768 1841 1579 1121 1967 238 238 1121 238 1768
1775 983 983 983 1775 1775 1775 1775 1775 1775 1775 1775 1775 1775 1775 1775 612 612 983 1775
238 1775 1841 1579 1121 1579 238 238 1775 1121 238 1775 1841 1775 1775 1121 238 1775 1841 1121
983 1768 376 1768 983 983 983 983 1775 1775 1775 1775 612 612 376 612 1775 1775 1775 1775
238 238 376 1579 1042 1121 643 1579 238 1841 1579 1967 1967 1042 238 1121 1042 1841 1967 1042
1699 1699 1699 1699 1699 1699 1699 1699 1699 376 612 643 1121 643 1841 1837 376 376 643 643
238 1841 1121 238 1841 1121 238 1768 1768 1768 1841 1579 1121 238 238 1579 238 1775 1445 1445
238 1579 1042 1768 1768 1121 1837 643 1579 1601 643 1601 643 402 1579 643 1837 643 402 1601
1768 983 983 1775 1775 1775 983 983 983 376 1775 1775 1775 1775 1775 1775 1775 1775 1775 1775
402 643 1837 643 402 1601 643 1601 1601 643 402 1601 402 643 1601 1601 402 1601 643 1768
1699 1699 1699 1699 1699 1699 1699 1699 1699 1699 612 1153 1153 1153 1699 1153 1699 1699 1153 1153
983 1775 1775 1775 1775 1775 1775 1775 1775 1775 1775 1775 1775 1775 1768 1768 1775 1775 1775 1775
612 983 376 612 983 983 1775 1775 1775 1775 1775 1775 1775 1775 1775 1775 1775 1775 1775 1775
1699 1699 1699 1699 1699 1699 1699 1699 1699 1699 1699 1775 1153 1153 1153 1153 1775 141 141 1775
1579 238 1841 1579 1967 1837 1042 238 1967 238 1841 1121 238 1841 1121 238 1841 1121 1042 1841
612 612 376 612 1775 1775 1775 1775 1768 983 1768 1153 1445 1153 1153 1445 1153 1445 1153 1153
238 1841 1121 238 1841 1121 238 1841 1121 238 238 376 1579 238 1121 238 1579 238 1841 1579
1699 1699 1699 1699 1699 1699 1699 1699 612 612 376 376 643 1837 238 1841 1837 1121 1837 238
983 1775 1775 1775 983 983 1775 1775 1775 1775 1775 1775 1775 1775 1775 1775 1775 1775 1775 1768
1579 1121 238 1841 1579 1121 238 1775 1768 1775 1775 1841 1579 1121 238 238 1579 238 1775 376
643 1601 402 643 402 402 643 1768 1768 1768 1768 1768 1768 1768 1768 612 612 1445 1445 612
1042 1967 1042 1300 1579 1967 1967 1042 1042 1967 1042 1300 1579 1967 1042 1300 1579 1967 1042 1300
1699 1699 1699 1699 1699 1699 1699 1699 1699 1699 1699 1699 1699 1699 1699 1699 1699 1699 1699 1699
1121 643 238 1837 238 1775 1699 1699 1699 1699 1153 141 1699 1699 1699 1699 1699 1699 1699 1699
1775 1775 1775 376 1775 1775 1775 983 983 1775 1775 1775 1775 1775 1775 1775 1775 1775 1775 1768
192 192 192 192 192 192 192 192 192 192 192 192 192 192 192 192 192 192 192 192
238 1841 1579 1837 1579 238 238 1121 238 1841 1121 238 1841 1121 238 1841 1121 238 238 376
1775 1775 1768 1768 1768 1768 983 983 983 983 1768 1768 1768 1775 1775 1435 983 983 983 983
1775 1775 1775 1775 1775 1775 1775 1775 1768 1775 1775 1775 1775 1775 376 1601 643 1837 238 1775
1699 1699 1699 1699 1699 1699 1699 1699 1699 1699 1699 1699 1699 1699 1699 1699 1699 1699 1699 1699
1841 1579 1967 1967 238 1042 1121 238 1841 1967 238 1841 1121 238 1841 1121 238 1300 1967 238
238 1841 1579 1121 238 1841 1579 1121 238 1841 1579 1121 238 643 238 1579 1601 643 1841 1579
983 983 1775 1775 1775 1775 1775 1775 1775 1775 1775 1775 1768 1775 1775 1775 1775 1768 983 1768
238 238 1121 238 1841 1579 1121 238 1841 1579 1121 238 1841 1579 1121 238 1775 1775 1775 1775
1775 983 983 612 612 1775 1775 1775 1775 1775 1775 1775 1775 1775 1445 1775 1775 1775 1775 983
1775 1775 1775 1775 1775 1775 1775 1775 1775 1775 1775 1775 1775 1775 1775 1775 1775 1775 1775 1775
376 1601 1153 1601 1601 643 1153 643 402 1601 643 1601 643 1601 1601 376 1153 643 1601 402
238 1841 1121 238 238 376 1121 643 1579 238 1837 238 1841 1579 1121 1579 238 238 1121 238
1967 1042 1042 1300 1967 1042 1579 1042 1579 1042 1300 1579 1967 1579 1042 1042 1967 1042 1300 1967
238 238 1121 238 1841 1121 238 1841 1121 238 1841 1121 238 238 376 1579 238 1121 238 1579
1768 1768 1768 1768 983 612 612 612 1601 643 402 402 643 1837 643 402 1601 643 1601 643
1775 1775 1775 1775 1775 1775 1775 1775 1775 1775 1775 1775 1775 983 983 1445 1153 1445 1445 1153
1042 1300 1967 1042 1042 376 1579 1967 1042 1042 1967 1042 1300 1579 1967 1967 1042 1042 1967 1042
376 1579 402 643 1121 238 1768 1768 1768 1768 1768 1768 1768 1768 1837 643 402 1837 643 1601
1768 1775 1775 1768 1768 376 376 238 1837 238 1841 1579 1121 1837 238 238 1121 238 1841 1121
1775 1775 1775 1775 1775 1768 1768 983 983 1775 1775 1775 1775 1768 1768 1768 1768 1768 1768 1775
983 1768 1768 983 983 983 983 1775 1775 1775 1775 1775 983 612 1775 376 612 1775 1775 1775
376 1775 1768 1768 1775 1775 1699 1699 1699 1699 1699 1699 1699 1699 1699 1699 1699 1699 1699 1699
612 376 376 643 1837 238 1841 1579 1121 1837 238 238 1121 238 1841 1121 238 1841 1579 1121
643 612 376 1768 1768 1768 1768 1768 1768 1768 1768 1837 643 1579 1601 643 1601 1837 402 643
1775 1775 1775 1775 1775 1768 1768 1775 1775 1768 1768 1768 1445 983 1775 1768 1768 1768 1445 1153
1153 612 612 376 983 376 1121 238 1837 238 1841 1579 1121 1837 238 238 1121 238 1841 1121
1153 1699 1699 1699 1699 1699 1699 1699 1699 1699 1699 1775 141 141 141 141 141 1699 1699 1768
1153 1153 1153 1153 1121 376 1768 376 1601 643 1837 238 1841 1579 1967 1967 238 238 1967 238
1775 1775 1445 1775 1775 1775 1775 1775 1775 1768 1768 1775 1775 1768 1768 1768 1775 1768 1768 1768
1775 1775 1775 1768 1768 983 983 1775 1775 1775 1775 1768 1768 1768 1768 1768 1768 1775 1775 1768
1775 1775 1768 983 1768 983 983 1775 1775 1775 983 983 1775 1775 1775 1775 1775 1775 1775 1775
1153 1699 1445 1699 1699 612 612 376 1601 238 1837 238 1841 1579 1121 1967 238 238 1121 238
1699 1699 1699 1699 1699 1699 1699 1699 1699 1699 1699 1699 1699 1699 1699 1699 1699 1699 1699 1699
1699 1699 1699 1775 1153 1153 1153 1153 983 1775 1768 1768 612 612 1699 1699 1699 1699 1699 1699
1775 1775 1775 1775 1775 1775 1775 1775 1775 1775 1775 1775 1768 1768 983 983 1768 1768 1775 1775
1579 1121 643 238 1579 238 1775 376 1775 1775 1775 1775 1775 1775 1775 983 983 1775 1775 1775
376 402 1601 643 1775 1775 1775 1775 1775 1775 1775 1775 1775 1775 1775 1775 1775 1775 1775 1775
1579 402 643 1601 238 1579 1579 238 612 612 376 1121 1042 1579 1042 1300 1579 1967 1579 1042
612 612 376 612 1775 1775 1775 1775 1775 1775 1775 1775 983 1153 1445 1153 1699 1445 1768 983
1775 402 1837 643 1775 1775 1775 1775 1775 1775 1775 1775 1775 1775 1775 1775 1775 1775 1775 1775
1579 238 238 1967 238 1841 1121 238 1841 1579 1121 238 1841 1579 1121 1768 238 983 1841 1967
1699 1699 1699 1699 1699 1699 1699 1699 1699 1699 1699 1153 1699 1153 1699 1699 1699 1153 1153 1699
1579 238 1841 1579 1837 1579 238 238 1121 238 1841 1121 238 1841 1121 238 376 1841 1121 238
1768 1445 1445 376 376 1775 1775 1768 1768 1768 1768 1768 1768 1445 1445 1445 1445 1775 1775 1768
376 376 1601 643 402 1601 643 643 1601 643 402 402 402 402 643 1837 1601 402 1601 643
612 376 612 1775 1775 1775 1775 1775 1775 1775 1775 983 1153 1445 1153 1699 1445 1768 983 1699
983 983 1775 1775 1775 983 983 1775 1775 1775 1775 1775 1775 1775 1775 376 376 643 1775 1837
1768 1768 1768 1768 1768 1768 1768 1768 612 376 376 643 1837 238 1841 1579 1121 1837 238 643
1841 1121 238 1841 1121 238 1841 1121 238 1775 1768 1768 1768 1768 1775 1768 1775 983 983 612
643 402 402 643 1837 643 402 1601 643 1601 643 402 1601 238 1841 1121 238 238 1579 238
1699 983 983 141 1775 1699 1699 1699 1699 1699 1699 1699 1699 1699 1699 1699 1699 1699 1699 1699
983 983 983 1775 1775 1775 1775 1775 1775 612 612 376 612 1775 1775 1775 1775 1768 983 1768
1775 1775 983 1775 983 1699 1699 1699 1699 1699 1153 1699 1699 1699 1699 1699 1699 1699 983 1775
1768 1768 376 1121 238 1768 1841 1579 1121 238 1841 1579 1121 238 1768 1775 1768 1775 983 983
1768 1775 1775 376 376 376 1121 1768 1768 1768 1768 1768 1768 612 612 612 1601 643 402 1601
1699 1699 1699 1699 1699 1699 1699 983 983 1768 1768 1699 1699 1699 1699 1699 1699 1699 1699 1699
1775 643 376 643 402 402 402 643 1837 643 1579 1601 643 1768 1768 1768 1768 983 983 1768
1121 643 1579 238 1601 238 1841 1579 1121 1601 238 238 1121 238 1841 1121 238 1841 1121 643
192 192 192 192 192 192 192 192 192 192 192 192 192 192 192 192 192 192 192 192
192 192 192 192 192 192 192 192 192 192 192 192 192 192 192 192 192 192 192 192
1601 643 1775 1775 1775 1775 1775 1775 1775 1775 1775 1775 1775 1775 1775 1775 1775 1775 1775 1775
1768 1768 1768 376 376 1768 1768 612 612 1837 643 1579 1601 643 1601 1601 643 1579 402 643
1699 1699 1699 1699 1699 1699 1699 1699 1699 983 141 1699 1699 1699 1699 1699 1699 1699 1699 1699
1121 643 1445 1121 238 1775 1841 1121 643 238 1579 238 376 1775 1775 1775 1775 141 1775 1775
1775 1775 1775 1775 1775 1775 612 612 376 612 1775 1775 983 1775 983 1699 1699 1699 1699 1699
1768 1768 1768 376 376 1967 238 1579 238 1841 1579 1967 1967 1042 1042 1967 238 1841 1967 238
1775 376 1579 1121 238 238 1579 238 376 1775 1775 1775 983 983 1775 1775 1775 1775 1775 1775
1768 1768 376 1121 376 1967 643 1837 1042 1841 1579 1967 1967 1042 1042 1967 1042 1300 1967 1042
1121 238 1841 1121 238 1775 1841 1121 643 238 1579 238 376 1775 1775 1775 1775 1775 1775 1775
983 983 1768 376 1768 1768 612 376 1601 983 983 983 612 612 376 612 983 983 1775 1775
1768 1768 1768 1768 1768 1768 1445 1445 1445 1445 1775 1775 1768 1768 1768 1768 1768 1768 1445 1445
1775 1775 1775 1775 1775 1775 1775 1775 1775 1768 1768 1775 1768 983 1768 983 1775 1775 1775 983
238 1579 238 1768 1768 1775 1775 1768 1768 1768 1768 376 376 1837 643 402 402 643 643 643
983 1841 1837 1153 643 1775 1775 1768 1768 612 612 1775 1775 1775 1775 983 983 1775 1775 1775
376 612 1121 376 1121 238 1579 238 1841 1579 1967 1579 238 238 1967 238 1841 1967 1042 1841
1775 1775 1768 1768 983 983 1775 1775 1775 983 983 1775 1775 1775 1775 1775 1775 1775 1775 1775
1579 238 1841 1768 1579 1967 1967 238 238 1121 238 1841 1121 238 1841 1121 238 1841 1121 238
376 1579 1121 238 376 376 1841 1579 1121 238 1841 1579 1775 1775 1768 1768 1768 1768 1768 1768
612 1775 1775 1775 1775 1775 1775 1775 1775 1775 1445 1775 1775 1775 1775 983 1768 1775 1775 1768
1768 1768 1775 1768 1768 1768 376 376 1768 1768 612 612 1601 643 1579 1601 643 1601 402 643
192 192 192 192 192 192 1699 192 192 192 192 192 192 192 192 192 192 192 192 1699
643 1841 1121 238 1841 376 643 643 1579 238 1775 1775 1775 1775 1775 1775 1775 1775 376 376
238 1768 1768 1775 1775 1768 1768 1768 1768 376 376 1837 643 402 402 643 643 643 643 402
1775 1775 1775 1775 1768 1768 1775 1775 1768 1768 1768 1445 983 1775 1768 1768 1768 1445 1153 1775
1699 1699 1699 1699 1699 1699 1699 1699 1699 1699 1153 1699 1775 1775 1768 1775 1768 1768 1768 1768
1579 238 1768 1768 1768 1768 1768 1768 1768 1768 376 376 612 376 1579 643 1579 1601 643 643
1768 1768 1768 1768 1768 376 1121 643 1579 238 1841 1579 1967 1967 238 238 1121 238 1841 1967
238 1841 1837 1121 643 1601 643 402 402 643 612 983 1768 1768 1768 1768 1768 1768 1768 1768
1775 983 612 1775 376 612 1775 1775 1775 1775 1768 1768 1445 1445 1153 1699 1699 1699 1699 1153
1775 1775 1775 1775 1775 1775 1775 1775 1775 1775 1775 983 1153 1445 1445 1153 1445 1445 1699 1153
1841 1579 1967 1579 238 238 1121 238 1841 1121 238 1841 1579 1121 238 1841 1579 1121 1042 238
1601 402 643 402 402 643 1768 1768 1768 1768 1768 1768 1768 1768 612 612 1445 1445 983 612
238 376 1579 1121 238 643 1837 238 1841 1579 1121 1121 238 238 1121 238 1841 1121 238 1841
1768 1775 1768 1768 1768 983 376 1445 1775 1768 1768 1768 1445 1775 1768 1445 1768 1768 1445 1775
1153 1153 1775 1768 1768 983 1699 1699 1699 1699 1699 1699 1699 1699 1699 1699 1699 1699 1699 1699
1768 1775 1768 1768 1768 1445 983 1775 1768 1768 1768 1445 1445 1775 1768 1768 1768 1445 376 1445
1841 1579 1121 238 238 1579 238 1775 1699 1699 1699 1699 376 1775 1699 1699 1699 1699 1699 1699
1579 238 1768 1768 1121 1837 643 1579 402 643 1601 643 402 1579 643 1837 643 402 1601 1601
1775 1775 1768 1768 1768 1768 1768 1768 1445 1445 1775 1775 1768 1768 1768 1768 1768 1768 983 983
1445 1153 1775 1768 1768 1768 376 1445 1445 1445 1768 1775 1768 1768 1153 1445 1775 1775 1775 1775
983 983 1775 1775 1775 1775 612 612 376 612 1775 1775 1775 1775 1775 1775 983 1768 1153 1445
192 192 192 192 192 192 192 192 192 192 192 192 192 192 192 192 192 192 192 192
643 402 402 643 1837 643 402 1601 643 1768 1768 1601 643 402 402 643 1837 1601 1579 1601
402 402 643 1837 643 402 1601 643 1775 1775 1601 643 402 402 643 1775 1775 1601 643 402
1775 1775 1768 1445 1775 1775 1768 1768 1768 983 1775 1768 1768 1768 1775 1775 1445 1775 1775 1768
1121 643 1775 1768 1768 1768 376 1775 1775 1775 1775 983 983 1775 1775 612 983 1775 1775 1775
1445 1775 1775 1768 1768 1768 1768 1768 1768 1445 1445 1445 1445 1445 1445 1775 1775 1768 1768 1768
612 1768 1768 1768 1768 612 612 376 1601 1601 376 983 983 983 983 983 983 612 612 612
1768 1768 1768 983 1445 1775 1768 1768 1768 1445 1775 1768 1775 1768 1768 1153 1775 1775 1775 1445
1768 1768 1768 1768 1768 1768 612 1121 376 1121 643 1837 238 1841 1579 1967 1967 238 238 1121
1775 1775 1775 1768 1768 983 983 1775 1775 1775 1775 1768 1768 1768 1768 1768 1768 1775 1775 1768
1579 238 1121 238 1579 238 1841 1579 1121 1579 238 238 1967 238 1841 1579 1121 238 1841 1579
1775 1775 1775 983 612 376 612 1775 1775 1775 1775 1768 1153 1445 1699 1699 1699 1699 1699 1699
1601 238 1841 1579 1121 1967 238 238 1121 238 1841 1121 238 1841 1121 238 1841 1121 238 1775
1775 1775 1775 1775 1775 1775 1775 1775 1775 1775 1775 1775 1775 1775 1775 1775 1775 1775 1775 1775
1699 1699 1699 1699 1699 1699 1699 1699 1699 1699 1699 1699 612 1699 141 1699 1699 1699 1153 1699
1775 1775 1768 1768 1768 1775 1768 1768 1768 1775 1768 1768 1768 1445 1775 1768 1768 1768 983 1445
983 1775 1775 1775 1775 1775 1775 1775 1775 1775 1775 1775 1775 1768 1775 1775 1768 1768 983 983
1699 1699 1699 1699 1699 1699 1699 983 1699 1153 1699 1699 1153 1153 141 141 983 1699 1699 1699
1837 1153 643 1775 1775 1768 1768 612 612 1775 1775 1775 1775 983 983 1775 1775 1775 1775 1775
643 612 376 1768 1768 1768 1768 1768 1768 1768 1768 1837 643 1579 1601 643 1601 1837 402 643
1837 238 1775 1775 1841 1579 1121 1121 238 238 1121 238 1768 1775 1768 1841 1121 238 1768 1775
1775 1775 1775 1768 1775 1775 1775 1775 1775 1775 1775 1775 1775 1775 1775 1775 1775 1775 1775 1775
1967 1579 1042 1042 1121 1042 1841 1121 1042 1841 1121 1042 1841 1121 1042 238 376 1579 1042 1121
1121 238 1841 1121 238 1841 376 1121 238 1841 1121 238 238 983 376 1579 238 1121 238 1579
1121 238 238 376 376 643 1579 1579 238 238 1841 1579 1967 1579 238 238 1121 643 1841 1967
1768 1768 1768 1768 1768 1768 612 376 376 1601 643 402 1601 643 1601 643 1579 1837 643 1837
612 376 612 1775 1775 1775 1775 1775 1775 983 1768 1153 1445 1445 1153 1445 1153 1445 1153 1153
238 1768 1841 1579 1121 1579 238 238 1121 238 1841 1121 238 1841 1121 238 1841 1579 1121 238
238 238 1121 238 1841 1121 238 1841 1121 238 1841 1121 238 238 376 1579 238 1121 238 1579
1601 376 1775 1775 1775 1775 1775 1775 983 983 983 983 1775 1775 1775 1775 1153 1837 402 1775
612 983 1768 1768 983 983 983 983 1775 1775 1775 1775 983 612 376 612 1775 1775 1775 1775
238 376 1837 238 1121 643 1837 238 1841 1579 1121 1837 238 238 1121 238 1841 1121 238 1841
402 402 643 1837 643 402 1601 1601 1768 1775 1768 1768 1601 643 402 402 643 1837 643 402
1768 1768 376 376 1775 1775 1768 1768 1768 1768 1768 1768 1445 1445 1775 1775 1768 1768 1768 1768
1775 1775 983 983 1775 1775 1775 1775 1775 612 612 1775 1775 1775 1775 1775 1775 1775 1775 1768
1121 1579 238 238 1775 1121 238 1775 1841 1775 1775 1121 238 1775 376 1121 238 1768 1775 1841
1768 983 983 983 983 1775 1775 1775 1775 1775 1775 1601 402 402 1579 643 1579 402 643 643
1699 1699 1699 1699 1699 1699 1699 1699 1699 1699 1699 1699 1699 1699 141 141 1699 1699 1699 1699
1121 643 238 1579 238 1775 376 1775 1775 1768 1768 141 1775 1775 983 983 983 1775 1775 1775
1775 376 1579 1121 238 238 1579 238 376 1775 1775 1775 983 983 1775 1775 1775 1775 1775 1775
1775 1775 1768 1775 1775 1775 1775 1445 1775 1768 1768 1768 376 1775 1768 1768 1768 983 1445 1775
1579 238 238 1121 238 1841 1967 238 1841 1121 238 1841 1121 238 1841 1121 238 983 1775 1768
1768 1768 1768 1768 1775 1775 1775 1775 376 1153 1768 1768 1768 1768 376 376 1445 1445 1445 1445
192 192 192 192 192 192 192 192 192 192 192 192 192 192 192 192 192 192 192 192
1775 1775 1775 1775 1775 1775 1775 1775 1775 1768 1775 1775 1768 1768 983 983 1775 1775 1775 983
1841 1121 238 1841 1121 238 238 376 1579 238 1121 238 1579 238 1841 1579 1121 1579 238 238
1699 1699 1699 1699 1699 1699 1699 1699 1699 983 983 141 141 1699 1699 1699 1699 1699 1699 1699
1775 1775 1775 1775 1775 1775 1775 1775 1775 1775 1775 376 376 643 1837 238 1775 1775 1841 1837
402 402 643 1775 1775 1837 1601 402 1601 643 1775 1775 1601 643 1837 1837 643 1775 1775 402
1579 1121 1121 238 238 1121 238 1841 1121 238 1841 1121 238 1841 1121 238 238 376 1579 238
1699 1699 1699 1699 1699 1699 1699 1699 141 1768 376 376 1153 1153 1775 1775 141 1775 1768 1768
192 192 192 192 192 192 192 192 192 192 192 192 192 192 192 192 192 192 192 192
612 376 612 983 983 1775 1775 1775 1775 1775 1775 1775 1775 1775 1775 1768 983 1699 1699 1699
1042 1042 1967 1042 1841 1579 1967 238 1841 1579 1967 1042 1841 1579 1967 1042 376 376 1300 1579
1699 1775 1775 1775 1775 1699 1699 1699 1699 376 1775 1775 1775 983 983 1153 1775 1775 1153 1775
1699 1699 1699 1699 1699 1699 1699 1699 1699 1699 1699 1699 1699 1699 1699 1699 1699 1699 1699 1699
612 983 376 376 1601 376 983 983 983 983 983 983 612 612 612 376 983 983 1775 1775
1042 376 1967 1042 1579 1042 1579 1042 1300 1579 1967 1579 1042 1042 1967 1042 1300 1967 1042 1300
1775 1775 376 376 643 1121 238 1775 1768 1841 1579 376 376 238 238 1121 238 1768 1775 1768
1121 1121 238 238 1121 238 1841 1121 238 1841 1768 1121 1768 238 1768 1841 1768 1121 238 1841
643 1601 643 1768 1768 402 402 402 643 1837 643 402 1601 643 1768 1768 983 983 1768 1768
1775 1775 1775 983 612 612 983 1775 1775 1775 1775 1445 1775 1775 1775 1775 1775 1775 1775 1775
1579 238 1121 643 1579 1042 1841 1579 1967 1579 238 1042 1967 238 1841 1579 1967 1042 1841 1579
1699 1775 1775 376 376 376 376 1775 1775 1768 1768 1768 1768 1775 1775 1699 1699 1699 1699 1699
1775 1775 1775 1775 1768 1768 1775 1775 1775 1775 1768 1768 983 983 1775 1775 1775 1775 1768 1768
1699 1699 1699 1699 1699 1699 1699 983 983 1699 1699 1699 1699 141 141 1699 1699 1699 1699 1699
1579 1121 643 238 1579 1579 238 1775 1775 1768 1768 376 1775 1775 1775 983 983 1775 1775 1775
1768 1768 1775 1775 1445 1775 1775 1768 1768 1768 1775 1445 1775 1768 1768 1768 1153 376 1445 1445
1121 238 1775 1775 1768 1841 1579 1121 238 238 1579 238 1775 1445 1699 1699 1699 376 1775 1699
1601 643 1153 643 402 402 643 1601 1601 402 1601 376 1601 643 402 1601 402 643 1153 376
1601 643 376 643 402 1601 643 1841 1121 238 238 1837 238 1775 1775 1775 1775 1768 1768 1768
376 238 1837 238 1841 1579 1121 1837 238 238 1121 238 1841 1121 238 1841 1121 238 376 1841
1775 643 643 1775 1775 402 402 643 1837 376 1837 1601 643 1775 1775 1775 1775 1775 1775 1775
643 643 376 402 402 643 1121 238 1768 1768 1768 1768 1768 1768 1768 1768 1837 643 402 402
1699 1699 1699 1699 1699 1699 1699 1699 1699 1699 983 983 141 141 1699 1699 1699 1699 1699 1699
238 1121 238 1841 1121 238 1841 1121 643 1841 1121 238 238 376 1837 238 1121 643 1579 238
643 1837 1775 1775 643 402 402 643 1768 1768 376 643 402 402 643 1837 643 402 1837 643
1445 376 643 1841 1153 643 1775 1775 1775 1775 983 983 1775 1775 1775 1775 1775 1775 1775 1775
1121 643 1579 238 1841 1579 1121 1967 238 238 1121 238 1841 1121 238 1841 1121 238 1841 1121
1699 1699 1699 376 376 1153 376 1775 1768 1768 1699 1699 1699 1699 1699 1699 1699 1699 1699 1699
1121 238 1841 1121 238 983 1841 1579 1121 238 1841 1579 1121 238 238 1579 238 1775 376 1775
1768 1768 1768 376 1121 376 1121 643 1837 238 1841 1579 1967 1967 238 238 1121 1042 1841 1967
1121 238 238 376 1579 1121 238 643 1837 238 1841 1579 1967 1967 238 238 1121 238 1841 1967
1699 1699 1699 1699 1699 1699 1699 1699 1699 1699 1699 1699 1699 1699 983 983 141 1153 1699 1699
1601 643 402 1601 643 1601 402 643 402 402 643 1768 1768 1768 1768 1768 1768 1768 1775 612
1699 1775 1775 1775 376 376 376 612 1775 1768 1768 983 1699 1699 1699 1699 1699 1699 1699 1699
1775 1775 983 983 612 612 1775 1775 1775 1775 1775 1775 1775 1775 1775 1445 1775 1775 1775 1775
1768 1768 1768 1445 376 1775 1768 1768 1768 376 1445 1445 1775 1768 1768 1768 1445 1445 1445 1445
1775 1768 1775 1445 1775 1768 1768 1768 1775 1768 1768 1768 1445 1775 1768 1768 1768 983 1445 376
1042 1300 1579 1967 1967 1042 1042 1967 1042 1300 1967 1042 1300 1967 1042 1300 1967 1042 1300 1967
1841 1121 238 1841 1121 643 983 1775 1768 1768 1768 1775 1775 1768 1775 983 612 612 983 1775
402 643 1837 643 1837 1601 376 1775 1768 1768 1775 1775 1775 983 983 983 983 1775 1775 1775
1579 1121 238 376 1579 1121 643 1768 1768 1768 1768 612 612 1768 1768 1768 1768 983 1153 983
1775 376 1579 1121 238 238 1579 238 376 1775 1775 1775 983 983 1775 1775 1775 1775 1775 1775
1768 1768 1445 983 1775 1775 1768 1768 1445 1445 1768 1775 1768 1768 376 1445 1445 1775 1775 1775
1579 1967 1579 238 238 1967 238 1841 1967 238 1841 1121 238 1841 1579 1967 238 1768 1841 1579
1768 983 983 1768 1768 1775 1775 1775 1775 1768 1768 1768 1768 1768 1768 1775 1775 1768 1768 1768
1153 1153 1121 1153 1699 1153 643 1699 1699 1699 1699 1699 1699 1699 1699 1699 1699 1699 1699 1699
1967 1042 1300 1579 1967 1042 1300 1579 1967 1042 1300 1579 1967 1042 1042 1579 1042 1300 1967 1775
983 1775 1768 1768 1775 1775 1775 1699 1699 1699 1699 1699 1699 1699 1699 1699 1699 1699 1699 1699
1775 1768 1768 983 983 1768 1768 1775 1775 1775 1775 1768 1768 1768 1768 1768 1768 1775 1775 1768
1775 1775 1775 1775 1775 1775 1775 1775 1775 1775 1775 1775 1775 1775 1775 1768 1768 1768 1768 1775
1579 1121 1967 238 238 1121 238 1841 1967 238 1841 1579 1121 238 1841 1579 1121 238 1841 1579
983 1775 1775 1775 983 1153 983 1775 1775 1699 1699 1699 1699 1775 1775 1775 1153 1775 1775 1775
1775 983 1153 1699 1153 1153 1153 1153 1699 1153 1153 1153 1699 1699 1699 1699 1699 1699 1699 1699
1775 1775 1775 1775 1775 1775 1775 1775 1775 1775 1775 1775 1775 1768 1768 1768 376 1775 1768 1768
1699 1699 1699 1699 1699 1699 1699 1699 1699 1699 1699 1699 1699 1699 1699 1699 1699 1699 1699 1153
376 1579 1121 238 238 1579 238 376 1775 1775 1775 983 983 1775 1775 1775 1775 1775 1775 1775
1042 1967 1042 1300 1579 1967 1042 1300 1579 1967 1042 1300 1579 1967 1042 376 376 1300 1579 1967
1841 1579 1121 1837 238 238 1121 238 1768 1775 1841 1121 238 1841 1121 238 1841 1121 238 1768
192 192 192 192 192 192 192 192 192 192 192 192 192 192 192 192 192 192 192 192
1775 1775 1775 1775 1775 1775 1775 983 983 612 983 983 983 1775 1775 1775 1775 1775 1775 1775
1768 1768 1768 1768 1768 1768 1837 402 643 1837 643 1579 1837 643 643 1601 643 1579 1837 1579
1768 1841 1121 238 1841 1579 1121 238 1841 1579 1121 238 1841 1121 238 1768 1768 1775 1775 983
1121 643 238 1579 238 1768 1768 1768 1768 1768 1768 1768 1768 376 376 612 376 1579 643 1579
1775 1775 983 1699 1699 1699 1699 983 1699 1699 1699 1153 1153 1699 1699 1699 1699 1699 1699 1699
1699 1699 1699 1699 1699 1153 1153 1153 612 1775 1768 1768 1699 1699 1699 1699 1699 1699 1699 1699
1699 1699 1699 1699 1699 1699 1699 1699 1699 1699 1699 983 983 1768 1768 1699 1699 1699 1699 1699
1699 1699 1601 1601 1699 1601 1699 1601 1601 1153 1699 1699 1601 1601 1699 1699 1699 1699 1699 1699
1699 1699 1699 1699 1699 1699 1699 1699 1699 1699 1699 1775 1153 1153 1153 1153 1775 141 141 1775
1300 1967 1042 1042 376 1579 1042 1967 1042 1579 1042 1300 1579 1967 1967 1042 1042 1967 1042 1300
1445 1445 1445 1841 1121 238 1121 238 1445 1445 612 612 1153 1153 376 376 1775 1775 1768 1768
1775 1775 1775 1775 1775 1775 1768 1768 983 983 1768 1768 1775 1775 1775 1775 1768 1768 1768 1768
1121 238 238 1121 238 1841 1121 238 1841 1121 238 1841 1579 1121 238 612 1841 1579 1121 643
1579 1042 1300 1579 1967 1579 1042 1042 1967 1042 1300 1579 1967 1042 1300 1579 1967 1042 1300 1579
643 1121 238 1841 1579 1121 238 376 376 1841 1579 1121 238 1841 1579 1775 1775 1768 1768 1768
1775 1768 1768 1768 1775 1768 1768 1768 1445 1775 1768 1768 1768 983 1445 376 1775 1768 1768 1768
1121 238 1699 1699 1699 1699 643 1837 1121 643 238 1837 238 1775 376 1699 1699 1699 1699 1775
1837 238 1579 1042 1300 1579 1967 1967 1042 1042 1967 1042 1300 1967 1042 1841 1967 1042 1300 1579
1699 1699 1699 1699 1699 1699 1699 1699 1699 1699 1699 1699 1699 1699 1699 1699 1699 1699 1699 1699
1775 1775 1768 376 1768 1768 1768 1768 1768 1768 1775 1768 1768 1768 983 376 376 643 1837 238
1153 1699 1445 1699 1699 612 612 376 1601 238 1837 238 1841 1579 1121 1967 238 238 1121 238
1841 1121 238 238 1579 238 1775 376 1775 1775 1775 983 983 1775 1775 1775 1775 1775 1775 1775
1042 376 1967 1042 1841 1967 1042 1841 1579 1967 238 1153 1153 1153 1153 1300 1579 1967 1042 1042
1775 1775 1775 1768 1775 1775 1768 1768 983 983 1775 1775 1775 983 983 1775 1775 1775 1775 1775
1601 1601 402 643 643 402 402 376 402 1601 643 376 643 402 402 643 1775 1775 1601 643
1775 1775 983 983 1775 1775 1775 1775 1775 1775 1775 1775 1775 1775 1775 1775 1775 1768 1768 1768
1699 1699 1699 1699 1699 1699 1153 1153 1699 1153 141 1768 1768 1699 1699 1699 1699 1699 1699 1699
1768 1768 983 1775 1768 1768 1768 1775 1775 1445 1775 1775 1768 1768 1768 1775 1445 1775 1768 1768
1699 1699 1699 1699 1699 1699 1699 983 983 612 376 612 983 1775 1775 1775 1775 1775 1775 1775
1121 238 1841 1121 238 1841 1121 238 1841 1579 1121 238 1841 1579 1121 238 983 1768 1768 1768
402 1601 643 1775 1775 1775 1775 1775 1775 1775 1775 1775 1775 1775 1775 1775 1775 1775 1775 1775
983 983 983 376 643 1775 1775 1775 1775 402 1837 643 1837 643 402 402 643 1775 1775 1153
1837 238 1841 1579 1121 1837 238 238 1121 238 1841 1121 238 1841 1121 238 1768 1775 1841 1768
1768 1768 1768 1445 1775 1768 1768 1768 1445 1445 1775 1768 1768 1768 1445 1445 1445 1775 1768 1768
192 192 192 192 192 192 1699 192 192 192 192 192 192 192 192 192 192 192 192 1699
643 1841 1121 238 1841 1121 238 1841 1121 643 238 1579 238 1775 1775 1775 1775 1775 1775 1775
1699 1699 1699 1699 1699 141 1153 1153 1153 1153 983 1775 1768 1768 612 983 1699 1699 1699 1699
983 983 1601 1601 612 376 983 983 983 983 983 983 612 612 612 376 612 983 983 1775
983 376 1768 612 1768 376 1768 983 983 983 983 1775 1775 1775 1775 612 612 376 612 1775
983 1775 1775 1775 1775 1768 1775 1775 1775 1775 1445 1775 1768 1768 1768 376 1775 1768 1768 1768
1153 1153 612 612 612 376 1121 238 1837 238 1841 1579 1121 1967 238 238 1121 238 1841 1121
1775 1775 1775 1768 983 1768 1153 1699 1153 1153 1699 1153 1445 1153 1153 1445 1699 983 1699 1699
1775 1775 1768 1768 1768 1768 1768 1768 376 376 238 1837 1042 1841 1579 1967 1837 1042 1042 1967
643 402 1601 402 643 1601 643 402 1601 643 1768 1768 1768 1768 983 983 1768 1768 983 983
1601 402 402 643 643 402 1768 1768 1768 1775 1768 1768 1768 1775 983 983 612 612 1445 1445
1699 1699 1699 1775 1775 1775 1775 1775 1775 1775 983 983 1775 1775 1775 1775 1775 1775 1775 1775
1699 983 983 1775 1775 1775 1775 1775 1775 1775 1775 1775 1775 1775 1775 1775 1775 1775 1775 1775
238 1121 238 1841 1121 238 1841 1121 238 1841 1579 1121 238 1841 1579 1121 238 1768 1768 1768
643 1775 1775 1775 1775 1775 1775 1775 1775 1775 1775 1775 1775 1768 1768 1768 1768 643 376 643
1768 1775 1775 1775 1768 1768 1775 1775 1768 1768 1445 1775 1775 1768 1768 983 1445 1775 1775 1768
643 1601 643 402 1601 402 643 1837 1601 402 1601 376 1768 1768 1768 1775 1768 1775 983 612
1699 1699 1699 1699 1699 1699 1699 1699 1699 1699 1699 1699 1699 1699 1699 1699 1699 1699 1699 1699
1775 1775 1775 1775 1775 1775 1775 1775 1775 1775 1775 1768 1768 1775 1775 1768 1768 1768 1775 1768
1775 1775 1775 983 983 1775 1775 1775 1775 1775 1775 1775 1775 1775 1775 1768 1775 1775 1775 1775
376 983 1775 1775 1699 1699 1699 1699 1775 1775 1775 1775 1775 1775 1775 1775 1775 1775 1775 1775
1445 1153 1699 376 376 612 612 376 1121 643 1837 238 1841 1579 1837 1579 238 238 1121 238
1768 376 1967 1042 1579 1042 1300 1579 1967 1579 1042 1042 1967 1042 1300 1967 1042 1300 1967 1042
1775 1768 1768 1768 1768 1768 1768 1445 1445 1775 1775 1768 1768 1768 1768 1768 1768 1445 1445 376
1153 1153 612 612 376 376 643 1579 238 1841 1579 1121 1579 238 238 1121 238 1841 1121 238
192 192 192 192 192 192 192 192 192 192 192 192 192 192 192 192 192 192 192 192
1775 1775 1775 1775 1775 1775 1775 1775 1775 1775 1775 1775 1775 1775 1775 1775 1775 1775 1768 1775
1775 1775 1775 1775 1775 1775 1775 1775 1775 1775 1775 1775 1775 1775 1775 1775 1768 1775 1775 1775
983 376 983 983 1775 1775 1775 1775 1775 1775 1775 1775 1775 1775 1775 1775 1775 1775 1775 1775
1841 1121 238 1841 1121 238 612 612 1121 1579 643 1579 1837 643 1601 643 1579 1579 643 1837
1775 1775 1837 643 402 1837 643 1775 1775 1775 1775 1775 1775 1775 1775 1768 1768 1768 1768 643
1699 1699 1699 1699 983 1768 1699 1699 1699 1699 1699 1699 1699 1699 1699 1699 1699 1699 1153 1153
1775 1775 1775 1775 1775 1775 1768 1768 1768 1768 1768 1768 1775 1775 983 983 1768 1768 1768 1768
643 1837 643 402 1601 376 1601 643 402 402 402 643 376 376 1775 1775 1775 1775 1768 1768
1775 1775 1775 1775 1775 1775 1775 1775 1775 1775 1775 1775 1775 1775 1775 1775 1775 1775 1775 1775
612 1837 376 1967 643 1837 1042 1841 1579 1967 1967 1042 1042 1967 238 376 1967 1042 1841 1579
1768 1768 1768 1768 1768 376 1121 643 1579 238 1841 1579 1967 1967 238 238 1121 238 1841 1967
376 643 1775 1775 1775 1775 402 402 643 1837 643 402 402 643 1775 1775 1153 643 402 402
402 402 643 643 402 1768 1775 1768 1775 1768 1768 1768 1775 983 983 612 612 1445 1445 983
1775 1775 1775 1775 1775 1775 1775 1775 1775 1775 1775 1775 1775 1775 1775 1775 1775 1775 1775 1775
192 192 192 192 192 192 192 192 192 192 192 192 192 192 192 192 192 192 192 192
983 1775 1775 1775 1775 1775 612 612 1775 1775 1775 1775 1775 1775 1775 1775 1768 1775 1775 1768
983 1768 1768 1768 983 376 376 983 983 983 983 612 376 612 983 1775 1775 1775 1775 1775
1768 1768 1775 1775 1768 1768 376 376 238 1837 238 1841 1579 1967 1837 238 238 1967 238 1841
1775 1768 1768 1768 983 1775 1768 1768 1768 1775 1775 1445 1775 1775 1768 1768 1768 1775 1445 1775
1775 1768 1445 1768 1775 1775 1775 1768 1768 1775 1775 1768 1768 1445 1775 1775 1768 1768 983 1445
376 376 1153 376 1775 1768 1768 983 1699 1699 1699 1699 1699 1699 1699 1699 1699 1699 1699 1699
643 402 402 643 1837 643 402 1601 643 1775 1775 376 643 402 402 643 1775 1775 1601 643
1699 1699 1699 1699 1699 1699 1699 1699 141 1768 376 376 1153 1153 1775 1775 141 1775 1768 1768
1699 1699 1699 983 1775 1775 1699 1699 1699 1699 1699 1699 1699 1699 1699 1699 1699 1699 1699 1768
1775 1775 1775 1768 1768 1768 1768 983 983 983 983 1768 1768 1768 1775 1775 1775 983 983 983
643 1837 238 1841 1579 1121 1837 238 238 1121 238 1841 1768 1121 238 1768 1768 1841 1121 238
1768 983 1768 983 983 983 983 1775 1775 1775 1775 612 612 376 612 1775 1775 1775 1775 1775
1775 1768 1775 1775 1768 1445 1775 1775 1768 1768 1768 983 1775 1768 1768 1768 1775 1775 1445 1775
1775 1775 1775 1775 1775 1775 1775 1775 1775 1775 1775 1775 1775 1775 1775 1775 1775 1775 1775 1775
376 1775 1768 1768 612 612 983 1699 1699 1699 1699 1699 1699 1699 1699 1699 1699 1699 1699 1699
1775 1775 1775 1775 1775 1775 1775 1768 1768 1775 1768 983 1768 983 1775 1775 1775 983 983 1775
402 643 402 402 643 376 643 402 402 643 1837 643 402 1601 643 1775 1775 1775 1775 1775
1775 1775 1775 1775 1775 1775 1775 1775 1768 1768 1768 1775 1768 1768 1768 376 376 643 1837 238
1768 1775 1768 1775 1768 1768 1445 1445 1445 1445 1445 1445 1775 1775 1768 1768 1768 1768 1768 1768
1775 1775 1775 1775 1775 1775 1775 1775 1775 1775 1775 376 376 643 1837 238 1768 1768 1841 1837
1768 983 983 983 983 1775 1775 1775 1775 1775 983 612 1775 376 612 1775 1775 1775 1775 1768
402 643 643 402 1768 1775 1768 1775 1768 1768 1768 1775 983 983 612 612 1445 1445 983 983
402 402 402 1837 643 643 402 1601 643 1768 1768 1768 1768 1768 1775 983 983 983 983 1775
1699 612 612 376 376 643 1837 238 1841 1579 1121 1601 238 238 1121 238 1841 1121 238 1841
1121 238 643 1121 643 238 1579 238 1775 376 1768 1775 1768 1768 1768 1768 1768 983 983 983
1121 238 1841 1121 238 1841 1121 238 238 376 1837 238 1121 643 1579 238 1841 1579 1121 1579
192 192 192 192 192 192 192 192 192 192 192 192 192 192 192 192 192 192 192 192
376 1775 1775 1775 1775 1775 1775 1775 983 983 1775 1775 1775 1775 1775 1775 1775 1775 1775 1775
1699 1699 1699 1699 1699 1699 1699 1699 1699 1699 1699 1699 1699 1699 1699 1699 1699 1699 1699 1699
376 612 376 983 983 983 983 983 983 983 612 612 376 612 983 983 1775 1775 1775 1775
643 1775 376 1775 1775 1775 1775 1775 1775 1775 983 983 983 1775 1775 1775 1775 1775 1775 1775
1775 1768 1775 1768 1768 1768 1768 1445 1445 1445 1445 1445 1445 1775 1775 1768 1768 1768 1768 1768
1768 1768 1768 1768 1768 1768 643 1601 643 1768 1768 402 402 402 643 1837 643 402 1601 643
643 402 402 643 643 1775 1775 376 643 402 402 402 643 402 1601 402 1601 643 1775 1775
1699 1699 1699 1699 1699 1699 1699 1699 1699 1699 1699 1699 1699 1699 1699 1699 1699 1699 1699 1699
192 192 192 192 192 192 192 192 192 192 192 192 192 192 192 192 192 192 192 192
1768 1768 1768 1445 1445 1445 1445 1445 1445 1775 1775 1768 1768 1768 1768 1768 1768 1153 1153 376
1775 1768 1768 1775 1775 1775 1775 1775 1775 1768 1768 1768 1768 1768 1768 1775 1775 1768 1768 1768
983 376 1775 1775 1775 1775 1775 1775 1775 1775 1775 1775 1775 1775 1768 1775 1775 1768 1768 983
402 643 1837 643 402 1601 376 1601 643 402 402 402 643 376 376 1775 1768 1775 1775 1768
983 612 376 612 376 983 983 983 983 983 983 983 612 612 376 612 983 983 1775 1775
1768 1768 1775 1775 983 983 1768 1768 1768 1768 1768 1768 1445 1445 376 376 1775 1775 1768 1768
376 376 1967 1042 1579 1042 1300 1579 1967 1579 1042 1042 1967 1042 1300 1579 1967 1042 1300 1579
983 1768 1768 1768 1768 1768 1768 612 612 612 612 643 238 612 612 1579 1601 402 643 402
238 1768 1841 1579 1121 1579 238 238 1121 238 1841 1121 238 1841 1121 238 1841 1579 1121 238
1775 1775 1775 1775 1775 1775 1775 1775 1768 1768 1775 1775 1775 1775 1768 1768 1768 1775 1768 1768
1153 376 1775 1768 1768 612 612 983 1699 1699 1699 1699 1699 1699 1699 1699 1699 1699 1699 1699
983 612 612 1699 1699 983 983 1775 1775 1775 1775 1775 1775 1775 1775 1775 1775 1775 1775 1775
376 1121 238 1121 238 1841 1579 1121 1837 238 238 1121 238 1841 1121 238 1841 612 612 1121
1601 643 1153 643 402 402 643 1601 1601 402 1601 376 1601 643 402 1601 402 643 1153 376
1775 1775 1775 1775 1775 1775 1775 1699 1445 376 376 1445 1445 1699 1699 1699 1699 1699 1699 1699
1775 1775 402 1837 643 1775 1775 1775 1775 1775 1775 1775 1775 1775 1775 1775 1775 1775 1775 1775
1775 1775 1775 1775 1775 1775 1775 1775 983 983 1445 1153 1445 1445 1153 1153 1153 1153 1445 1445
1768 983 1768 1153 1699 1153 1153 1699 1153 1445 1153 1153 1445 1699 983 1699 1699 1699 1699 1699
1699 1699 1699 1699 1699 1699 1699 1699 1699 983 983 612 376 612 983 1153 1153 1153 1153 1775
1768 1768 1768 1768 1768 1445 1445 1775 1775 1768 1768 1768 1768 1768 1768 1445 1445 1445 1699 1445
1775 1775 376 376 643 1121 238 1775 1768 1841 1579 376 376 238 238 1121 238 1768 1775 1768
238 1841 1121 238 1841 1768 1121 1768 238 1768 1841 1768 1121 238 1841 1121 238 1775 1768 1768
1775 1768 1775 1768 1775 1699 1699 1699 1699 1699 1699 1699 1699 1699 1699 1699 1699 1775 1775 1768
1768 1768 1768 1768 1768 983 983 1837 1601 402 1601 643 1601 643 402 1601 643 1768 1775 1768
1775 1775 1768 983 1153 983 1445 1768 1775 1153 1153 1153 1153 1445 1153 1699 1699 1699 1699 1699
238 1121 238 1841 1121 238 1841 1121 643 1841 1121 238 643 1579 1121 238 238 1579 1042 1768
1121 238 376 1579 1121 643 1775 1768 1768 1768 1775 1768 1768 1768 983 612 612 983 1775 1775
238 376 376 1841 1579 1121 238 238 1579 1579 238 1775 1775 1775 1775 1775 1775 1775 1775 376
1768 1768 1768 1768 612 376 1699 1699 1699 1699 1699 1699 1699 1699 1699 1699 1699 1699 1699 1699
1601 643 402 402 643 1768 1768 1768 1768 1768 1768 1768 1768 983 983 1445 1699 983 983 1775
612 612 376 1121 238 1837 238 1841 1579 1967 1579 238 238 1967 238 1841 1967 238 1841 1967
1601 643 376 643 402 1601 643 1841 1121 238 238 1837 238 1775 1775 1775 1775 1768 1768 1768
1121 238 1445 1121 238 1775 1841 1121 643 238 1579 238 376 1775 1775 1775 1775 1775 1775 1775
1837 1121 238 1841 376 238 1775 1775 1775 1775 983 983 1775 1775 1775 1775 1775 1775 1775 1775
1699 1699 1699 1699 1699 1699 1699 1699 983 983 1768 1768 1699 1699 1699 1699 1699 1699 1699 1699
1768 983 1768 983 983 1775 1775 1775 983 983 1775 1775 1775 1775 1775 1775 1775 1775 1775 1775
1775 1775 1775 1775 1775 1775 1775 1775 1775 1775 1768 1768 1768 1775 1768 1768 1768 376 376 643
983 983 1775 1775 1775 983 983 983 376 1775 1775 1775 1775 1775 1775 1775 1775 1775 1775 1775
1775 1768 1768 983 376 376 983 983 983 983 612 376 612 983 1775 1775 1775 1775 1775 1775
192 192 192 192 192 192 192 192 192 192 192 192 192 192 192 192 192 192 192 192
1775 1775 1775 1775 1775 1775 1775 1775 1775 1775 1775 1775 1775 1775 1775 1775 1775 1775 1775 1775
643 1837 643 402 1601 643 1601 643 402 402 643 1775 1775 1601 643 402 1601 643 1775 1775
192 192 192 192 192 192 192 192 192 192 192 192 192 192 192 192 192 192 192 192
376 1775 1775 1768 1768 1768 1768 1775 1775 1699 1699 1699 1699 1699 1699 1699 1699 1699 1699 1699
1699 1699 1699 1699 1699 1699 1699 1699 1699 1699 1699 1699 1699 1699 1699 1699 1699 1699 1699 983
1699 1699 1699 1699 1699 1699 1699 1699 1699 1699 1699 1699 1699 1153 1153 1699 1699 1153 141 141
1579 1121 643 238 1579 238 1775 376 1775 1775 1775 1775 1775 1775 1775 983 983 1775 1775 1775
1579 1121 1579 238 238 1121 238 1841 1121 238 1841 376 1121 238 1841 1121 238 238 612 376
1768 1768 1768 376 376 643 1579 238 1841 1579 1967 1967 238 238 1967 238 1841 1967 238 1841
238 1768 1768 612 1837 643 402 402 643 1601 643 402 402 643 1837 643 402 1601 1601 1601
1837 1579 238 238 1967 238 1841 1579 1121 238 1841 1579 1121 238 1841 1579 1121 238 1775 1775
1837 238 238 1121 238 1841 1121 238 1841 1121 1841 1841 1121 238 1841 1837 1121 1841 1153 643
1601 643 1601 1601 643 643 1601 643 402 402 1601 1601 643 1601 643 402 1601 376 1768 1768
983 1775 1768 1775 1768 1768 1768 376 376 1768 1768 612 612 1601 643 402 1601 643 1601 402
1775 1775 1775 1768 1768 1775 1775 1768 1768 1768 1775 1768 1768 1768 1445 983 1775 1768 1768 1768
1775 1775 1775 1775 1775 376 612 376 612 1775 1775 1775 1775 1768 983 1768 1699 1699 1699 1699
643 376 1121 643 983 1775 1768 1768 1768 1775 1775 1768 1775 983 612 612 983 1775 1775 1775
612 376 1775 983 983 983 983 1775 1775 1775 1775 1775 1775 1775 612 612 376 612 1775 1775
1699 1699 1153 1153 1699 1699 1699 1699 1699 1699 1699 1699 1153 141 1153 141 141 1153 1699 141
1768 612 1837 643 402 1601 643 1601 643 402 402 643 1601 643 402 1601 1601 1601 643 402
376 1121 643 1837 238 1841 1579 1121 1837 238 238 1121 238 1841 1579 1121 238 1841 1579 1121
1699 1699 1699 1699 1699 1699 1699 1699 1699 1699 141 1775 141 1153 1153 1699 1699 1153 141 141
1775 1775 1775 1768 1768 1775 1775 1775 1775 1775 1775 1775 1775 1768 1768 1768 1768 1768 1768 1775
612 1153 1153 141 1768 1768 1153 1699 1699 1699 1699 1699 1699 1699 1699 1699 1699 1699 1699 1699
192 192 192 192 192 192 192 192 192 192 192 192 192 192 192 192 192 192 192 192
1699 1699 1699 1699 1699 983 1768 1775 1699 1699 1699 1699 1699 1699 1699 1699 1699 1699 1699 1699
1153 1153 376 1775 1768 1768 983 1699 1699 1699 1699 1699 1699 1699 1699 1699 1699 1699 1699 1699
612 1775 1775 1775 1775 1775 983 1775 1775 1775 1768 1768 1775 1445 1775 1768 1768 1768 1775 1768
1775 1775 1768 1768 1768 1775 1768 1768 1768 983 376 1445 1775 1768 1768 1768 1445 1775 1768 1445
1775 1775 1775 1775 612 612 1775 1775 1775 1775 1775 983 1775 1775 1775 1768 1768 1775 1699 1775
1775 1775 1775 1775 983 1699 1699 1699 1699 983 1699 1153 1153 1153 1699 1699 1699 1699 1699 1699
1768 1775 1768 1768 983 983 376 1775 1775 1775 983 983 1775 1775 1775 1775 1775 1775 1775 1775
402 402 643 1601 643 402 1601 643 1601 643 402 1601 238 1841 1121 238 238 1837 238 1768
1841 1121 238 1841 376 1121 238 1841 1121 238 238 983 376 1579 238 1121 238 1837 238 1841
1775 376 1579 1121 643 238 1579 402 238 1775 1775 1768 1768 376 1775 1775 1768 983 983 1775
1699 1699 1699 1699 1699 1699 1699 1699 1699 1699 1699 1699 1699 1699 983 983 141 1153 1699 1699
1775 1775 1775 1775 1775 1768 1775 1775 1768 1775 1775 1768 1768 1768 1775 1768 1768 1768 1445 983
1841 1837 1121 238 1775 1768 1768 1768 376 1775 1775 1775 1775 983 983 1775 1775 612 612 1775
643 402 1601 643 1601 643 402 402 643 1601 643 402 1601 643 1601 643 402 1601 643 1841
612 1775 1775 1775 1775 1775 1775 1775 1775 983 1153 1445 1153 1153 1445 1153 1445 1699 1153 1699
1775 1445 1775 1775 1775 1775 1775 1775 1775 1775 1775 1768 1768 1768 1775 1768 1768 1768 1775 1768
1775 1775 1775 1775 1775 1775 1775 1775 1775 1775 1775 1775 1768 1775 1775 1775 1775 1775 1775 1775
983 983 1699 1699 1699 1699 1699 1699 1699 1699 1699 1699 1699 1699 983 983 1768 1768 1699 1699
1699 1153 376 376 376 376 983 1768 1768 1768 1775 1775 1775 1699 1699 1699 1699 1699 1699 1699
1775 1775 1775 1775 1775 1775 1775 1775 1775 1775 1775 1775 1775 1775 1775 1775 1768 1775 1775 1775
1775 1775 1775 1775 1775 376 376 643 1837 238 1775 1768 1841 1579 1121 1121 238 238 1121 238
376 1579 1121 643 238 1579 402 238 1775 1775 1768 1768 376 1768 1775 1768 983 983 1775 1775
1775 1775 983 983 1775 1775 1775 1775 1775 1775 1775 1775 1775 1775 1775 1775 1775 1775 1775 1768
192 192 192 192 192 192 192 192 192 192 192 192 192 192 192 192 192 192 192 192
1775 1775 1775 1775 1775 1775 1775 1699 1445 376 376 1445 1445 1699 1699 1699 1699 1699 1699 1699
1699 983 1768 1699 1699 1699 1699 1699 1153 1153 1699 1699 1699 1699 1699 1699 1699 1699 1699 1699
1768 983 1153 983 1445 1775 1775 1153 1153 1153 1153 1699 1153 1699 1699 1699 1699 1699 1699 1699
376 1579 238 1121 643 1579 238 1841 1579 1121 1967 238 238 1121 238 1841 1121 238 1841 1121
