2899 1167 1786 1333 2595 4374 1836 1056 4405 1313 390 3045 2595 1313 4382 1930 4263 1786 1530 1786
1786 1333 4849 3130 1931 1056 4405 1313 1496 3045 4849 3156 4382 1930 3702 1786 807 1786 2899 4849
545 1786 1167 1786 1333 4849 1313 1931 1056 4405 1313 1844 3045 4849 3156 4382 1930 3702 1786 23
1844 1786 23 4405 4684 4382 1786 3702 1786 23 4849 3130 4382 1333 4849 4684 1496 1930 545 1786
1778 4684 4263 1930 545 1786 1167 1786 1333 4849 1313 1931 1056 4405 1313 1844 3045 4849 3156 4382
1496 1930 545 1786 1167 1786 807 1786 3378 3629 1167 1786 1333 4849 4374 1931 1056 4405 1313 1496
3629 1167 1786 1333 1778 1139 1836 1056 4405 1313 390 3045 2595 1313 4382 1930 4263 1786 1530 1786
1786 1530 1786 3378 3629 1167 1786 1333 2595 3130 1836 1056 4405 1313 390 3045 2595 1313 4382 1930
1167 1786 1333 2595 3130 1836 1056 4405 1313 1496 3045 2595 3156 4382 1930 4263 1786 1530 1786 1333
1786 3702 1786 23 4849 4374 4382 3045 1778 4684 1496 1930 545 1786 1167 1786 807 1786 3378 3629
1786 705 1778 4684 4263 1930 545 1786 1167 1786 1333 4849 1313 1931 1056 4405 1313 1844 3045 4849
3130 1836 1056 4405 1313 1496 3045 2595 3156 4382 1930 4263 1786 1530 1786 1333 2595 1139 1496 1930
3156 4382 1930 4263 1786 807 1786 2899 4849 4374 4382 1930 3378 3629 2899 4405 3156 4382 3045 3378
1139 1836 1056 4405 1313 1496 3045 2595 3156 4382 1930 4263 1786 1530 1786 2899 2595 4374 1496 1930
4684 4382 1930 2899 4405 1313 4382 1786 1931 1786 23 4849 4374 4382 3045 1778 4684 1496 1930 545
2899 4405 3156 4382 1786 3702 1786 1333 4849 3130 4382 1333 4849 4684 1496 1930 545 1786 1167 1786
3378 1530 1786 1167 1786 1333 2595 3130 1836 1056 4405 1313 390 3045 2595 1313 4382 1930 4263 1786
3378 3629 807 1786 1167 1786 1333 4849 4374 1931 1056 4405 1313 390 3045 4849 1313 4382 1930 3702
1778 4684 4263 1930 545 1786 1167 1786 1333 4849 1313 1931 1056 4405 1313 1844 3045 4849 3156 4382
2899 1167 1786 3378 3629 1530 1786 1167 2899 1167 1786 1333 1778 1313 1836 1056 4405 1313 390 3045
1930 3702 1786 23 4849 4684 4382 1930 807 1786 3702 1786 23 4849 4684 4382 1930 2899 4405 4684
1836 1056 4405 1313 390 3045 2595 1313 4382 1930 4263 1786 1530 1786 1333 2595 4374 1496 1930 2899
3130 4263 1930 3702 1786 23 4405 3156 4382 1930 1778 1786 3702 1786 23 4849 4684 4382 1930 2899
1313 1931 1056 4405 1313 1844 3045 4849 3156 4382 1930 3702 1786 23 4849 3130 4263 1930 3702 1786
2899 4405 4405 4382 1786 1167 1786 3378 3629 1167 1786 23 4849 3130 1931 1056 4405 1313 1496 3045
23 4849 4684 4382 1930 2899 4405 4374 4382 1786 3702 1786 23 4849 3156 4382 3045 4849 4684 1496
3156 4382 1930 807 1786 23 4405 4374 3702 1930 1844 1786 23 4405 4684 4382 1786 3702 1786 23
1930 1844 1786 23 4405 4684 4382 1786 3702 1786 23 4849 3130 4382 1333 4849 4684 1496 1930 545
4405 1313 390 3045 4849 4374 4382 1930 3702 1786 23 4849 1313 4263 1930 3702 1786 23 4405 4684
1167 1786 1333 1778 4684 1931 1056 4405 1313 390 3045 4849 1313 4382 1930 3702 1786 807 1786 2899
2899 3378 3629 1167 1786 1333 1778 1139 1836 1056 4405 1313 390 3045 2595 1313 4382 1930 4263 1786
4849 1313 4382 1930 4263 1786 807 1786 2899 4849 1313 4382 1930 2899 4405 2317 4382 3045 3378 3629
1313 1496 3045 4849 3156 4382 1930 3702 1786 807 1786 2899 4849 4374 4382 1930 2899 4405 4374 4382
1786 3702 1786 23 4849 4374 4382 3045 1778 4684 1496 1930 545 1786 1167 1786 3378 3629 807 1786
4849 1313 4263 1930 3702 1786 23 4849 4684 4382 1930 807 1786 3702 1786 23 4849 4684 4382 1930
1786 1167 1786 3378 3629 1167 1786 23 4849 4374 1931 1056 4405 1313 390 3045 4849 1313 4382 1930
4405 1313 1496 3045 4849 3156 4382 1930 3702 1786 23 4849 1313 4263 1930 3702 1786 23 4849 4684
1931 1056 4405 1313 390 3045 4849 4374 4382 1930 3702 1786 23 4849 1313 4263 1930 3702 1786 23
23 4849 4684 4382 1496 2899 1786 3702 1786 23 4849 4684 4382 1930 2899 4849 4405 4382 1786 1931
1930 3702 1786 23 4405 4684 807 1844 1786 1786 3702 1786 23 4849 4684 4382 1930 2899 4405 1313
4382 1930 3702 1786 23 4849 1313 4263 1930 3702 1786 23 4849 4684 4382 1496 2899 1786 3702 1786
1786 3378 3629 1167 1786 23 4849 3130 1931 1056 4405 1313 1496 3045 4849 3156 4382 1930 3702 1786
1167 1786 1333 4849 4374 1931 1056 4405 1313 1496 3045 4849 3156 4382 1930 3702 1786 807 1786 2899
3702 1786 23 4849 4374 4382 3045 1778 4684 1496 1930 545 1786 1167 1786 807 1786 3378 3629 1167
4263 1930 545 1786 1167 1786 1333 4849 1313 1931 1056 4405 1313 1844 3045 4849 3156 4382 1930 3702
1786 1333 4849 1313 1931 1056 4405 1313 1844 3045 4849 3156 4382 1930 3702 1786 23 4849 3130 4263
1786 2899 4405 1313 1496 3045 4849 3156 4382 1930 3702 1786 23 4849 1313 4263 1930 3702 1786 23
1167 1786 1333 4849 4374 1931 1056 4405 1313 1496 3045 4849 3156 4382 1930 3702 1786 807 1786 2899
1930 545 1786 1167 1786 807 1786 3378 3629 1167 1786 23 4849 4374 1931 1056 4405 1313 1496 3045
1167 1786 807 1786 3378 3629 1167 1786 1333 4849 4374 1931 1056 4405 1313 1496 3045 4849 3156 4382
1931 1786 23 4849 4684 4382 1930 2899 4405 4374 4382 1786 3702 1786 23 4849 3156 4382 3045 4849
23 4405 4684 4382 1786 3702 1786 23 4849 3130 4382 1333 4849 4684 1496 1930 545 1786 1167 1786
4382 1930 4263 1786 807 1786 2899 4849 1313 4382 1930 3378 3629 2899 4405 2317 4382 3045 3378 3629
3629 1167 1786 807 1786 1167 1786 3378 3629 807 1786 1167 1786 23 1778 4684 1931 1056 4405 1313
4849 3130 4382 1333 4849 4684 1496 1930 545 1786 1167 1786 3378 3629 807 1786 1167 1786 1333 4849
23 4849 3130 4382 1333 4849 4684 1496 1930 545 1786 1167 1786 3378 3629 807 1786 1167 1786 1333
2899 1786 23 4405 4684 4382 1930 807 1786 3702 1786 23 4405 3156 4382 1930 2899 4405 3156 4382
3629 807 1786 1167 1786 23 1778 4684 1931 1056 4405 1313 1496 3045 4849 3156 4382 1930 3702 1786
1786 1167 2899 1167 1786 1333 1778 1313 1836 1056 4405 1313 390 3045 2595 1313 4382 1930 4263 1786
1786 807 1786 2899 4849 1313 4382 1930 2899 4405 2317 4382 3045 3378 3629 2899 4405 3130 4382 3045
1786 1530 1786 2899 2595 1313 1496 1930 2899 4405 1778 1836 3045 3378 3629 2899 4405 1313 4382 3045
3702 1786 1333 4849 3130 4382 1333 4849 4684 1496 1930 545 1786 1167 1786 3378 3629 807 1786 1167
1496 1930 545 1786 1167 1786 3378 3629 807 1786 1167 1786 1333 4849 4374 1931 1056 4405 1313 390
4849 4374 1931 1056 4405 1313 390 3045 4849 1313 4382 1930 3702 1786 807 1786 2899 4849 4374 4382
23 4849 4374 4263 3702 2899 1786 23 4405 4684 4382 1930 807 1786 3702 1786 23 4405 3156 4382
1496 3045 4849 3156 4382 1930 3702 1786 23 4849 1313 4263 1930 3702 1786 23 4849 4684 4382 1496
4849 3156 4382 1930 3702 1786 23 4849 3130 4263 1930 3702 1786 23 4405 3156 4382 1930 807 1786
1333 1778 4684 1931 1056 4405 1313 390 3045 4849 1313 4382 1930 3702 1786 807 1786 2899 4849 1313
1786 23 4849 3130 4382 3045 1778 4684 1496 1930 545 1786 1167 1786 2899 4405 1313 4382 1786 1167
4684 4382 1930 807 1786 3702 1786 23 4405 3156 4382 1930 2899 4405 4684 4382 1786 3702 1786 23
3130 1836 1056 4405 1313 390 3045 2595 1313 4382 1930 4263 1786 1530 1786 2899 2595 1313 1496 1930
1167 1786 1333 1778 4684 1931 1056 4405 1313 390 3045 4849 1313 4382 1930 3702 1786 807 1786 2899
3702 1786 1333 4849 1313 4263 1930 3702 1786 23 4849 4684 4382 1930 807 1786 3702 1786 705 4849
4405 1313 1844 3045 4849 3156 4382 1930 3702 1786 23 4849 3130 4263 1930 3702 1786 23 4405 3156
705 4405 1313 1496 3045 2595 3156 4382 1930 4263 1786 1530 1786 2899 2595 1313 1496 1930 2899 4405
1333 4849 4684 1496 1930 545 1786 1167 1786 3378 3629 807 1786 1167 1786 1333 1778 4684 1931 1056
1313 390 3045 4849 1313 4382 1930 3702 1786 807 1786 2899 4849 1313 4382 1930 3378 3629 2899 4405
1786 23 4405 3156 4382 1930 2899 4405 4684 4382 1786 3702 1786 23 4849 3130 4382 3045 1778 4684
1167 1786 23 4849 3130 1931 705 4405 3130 390 3045 4849 1313 4382 1930 3702 1786 807 1786 2899
2899 4405 4405 4382 1786 1167 1786 3378 3629 1167 1786 23 4849 3130 1931 1056 4405 1313 1496 3045
3156 4382 1930 2899 4405 4684 4382 1786 3702 1786 23 4849 3130 4382 3045 1778 4684 1496 1930 545
1786 3378 3629 1167 1786 2899 4405 4374 4382 1786 1167 1786 3378 3629 1167 1786 23 4849 4374 1931
4405 1313 1496 3045 4849 3156 4382 1930 3702 1786 23 4849 1313 4263 1930 3702 1786 23 4849 4684
807 1786 3378 3629 1167 1786 807 1786 1167 1786 3378 3629 807 1786 1167 1786 23 1778 4684 1931
3156 1836 705 4405 1313 1496 3045 2595 3156 4382 1930 4263 1786 1530 1786 2899 2595 1313 1496 1930
1313 4263 1930 3702 1786 23 4405 3156 4382 1930 807 1786 705 4405 4374 3702 1930 1844 1786 23
2899 4405 1313 1496 3045 4849 3156 4382 1930 3702 1786 23 4849 1313 4263 1930 3702 1786 23 4849
3045 4849 4374 4382 1930 3702 1786 23 4849 1313 4263 1930 3702 1786 23 4405 4684 807 1844 1786
2899 4405 4374 4382 1786 3702 1786 23 4849 3156 4382 3045 4849 4684 1496 1930 545 1786 1167 1786
1778 1313 1836 1056 4405 1313 390 3045 2595 1313 4382 1930 4263 1786 1530 1786 2899 2595 1313 1496
807 1786 705 1778 4684 4263 1930 545 1786 1167 1786 1333 4849 1313 1931 1056 4405 1313 1844 3045
4405 3156 4382 1786 3702 1786 1333 4849 3130 4382 1333 4849 4684 1496 1930 545 1786 1167 1786 3378
1786 1333 1778 4684 1931 1056 4405 1313 390 3045 4849 1313 4382 1930 3702 1786 807 1786 2899 4849
1496 1930 545 1786 1167 1786 3378 3629 807 1786 1167 1786 1333 1778 4684 1931 1056 4405 1313 390
23 4405 4684 4382 1786 3702 1786 23 4849 3130 4382 1333 4849 4684 1496 1930 545 1786 1167 1786
3045 2595 1313 4382 1930 4263 1786 1530 1786 1333 2595 4374 1496 1930 2899 4405 1313 4382 3045 3378
1778 4684 4263 1930 545 1786 1167 1786 1333 4849 1313 1931 1056 4405 1313 1844 3045 4849 3156 4382
1786 1167 1786 1333 2595 1313 1836 1056 4405 1313 1496 3045 2595 3156 4382 1930 4263 1786 1530 1786
3629 1167 1786 1333 4849 4374 1931 1056 4405 1313 1496 3045 4849 3156 4382 1930 3702 1786 807 1786
390 3045 4849 1313 4382 1930 3702 1786 807 1786 2899 4849 1313 4382 1930 2899 4405 1313 4382 3045
4405 4374 4382 1786 1167 1786 3378 3629 1167 1786 23 4849 4374 1931 1056 4405 1313 390 3045 4849
3045 4849 3156 4382 1930 4263 1786 807 1786 2899 4849 4374 4382 1930 3378 3629 2899 4405 3156 4382
2899 4405 4374 4382 1786 3702 1786 23 4849 3156 4382 3045 4849 4684 1496 1930 545 1786 1167 1786
1313 4382 1930 4263 1786 807 1786 2899 4849 1313 4382 1930 2899 4405 2317 4382 3045 3378 3629 2899
23 4405 3156 4382 1786 3156 1786 2899 4405 3130 545 1786 2899 4405 1313 1496 3045 4849 3156 4382
1844 1786 1786 3702 1786 23 4849 4684 4382 1930 2899 4405 1313 4382 1786 1931 1786 23 4849 4374
1931 1056 4405 1313 390 3045 4849 1313 4382 1930 3702 1786 807 1786 23 4849 1313 4382 1930 3378
1167 1786 3378 3629 1167 1786 23 4849 4374 1931 1056 4405 1313 390 3045 4849 1313 4382 1930 3702
4382 3045 1778 4684 1496 1930 545 1786 1167 1786 2899 4405 2317 4382 1786 1167 1786 3378 3629 1167
4405 1313 1931 3045 4849 4684 4382 1930 3702 1786 23 4849 1313 4263 1930 3702 1786 23 4405 3156
23 4849 4684 4382 1930 2899 4405 1313 4382 1786 1931 1786 23 4849 4374 4382 3045 1778 4684 1496
4684 4382 1786 3702 1786 23 4849 3130 4382 1333 4849 4684 1496 1930 545 1786 1167 1786 3378 3629
1333 4849 4374 1931 1056 4405 1313 390 3045 4849 1313 4382 1930 3702 1786 807 1786 2899 4849 1313
4382 1930 3702 1786 1333 4849 1313 4263 1930 3702 1786 23 4405 3156 4382 1930 807 1786 705 4405
3045 4849 3156 4382 1930 3702 1786 23 4849 4374 4263 3702 2899 1786 23 4405 4684 4382 1930 807
4684 4382 1930 3702 1786 1333 4849 1313 4263 1930 1778 1786 23 4405 3156 4382 1930 807 1786 705
4405 1313 1496 3045 4849 3156 4382 1930 3702 1786 807 1786 2899 4849 4374 4382 1930 2899 4405 4374
1931 1056 4405 1313 1496 3045 4849 3156 4382 1930 3702 1786 807 1786 2899 4849 4374 4382 1930 2899
1786 1167 1786 1333 4849 4374 1931 1056 4405 1313 390 3045 4849 1313 4382 1930 3702 1786 807 1786
807 1786 2899 1778 4684 4263 1930 545 3045 23 4405 3156 4382 1786 3156 1786 2899 4405 3130 1931
2595 3156 4382 1930 4263 1786 1530 1786 2899 2595 1313 1496 1930 2899 4405 1778 1836 3045 3378 3629
1930 3702 1786 1333 4849 1313 4263 1930 3702 1786 23 4849 4684 4382 1930 807 1786 3702 1786 705
1313 4382 1930 4263 1786 807 1786 2899 4849 1313 4382 1930 3378 3629 2899 4405 2317 4382 3045 3378
2595 4374 1836 1056 4405 1313 390 3045 2595 1313 4382 1930 4263 1786 1530 1786 2899 2595 4374 1496
1836 1056 4405 1313 1496 3045 2595 3156 4382 1930 4263 1786 1530 1786 2899 2595 4374 1496 1930 3378
3378 3629 1530 1786 1167 2899 1167 1786 1333 1778 4684 1836 1056 4405 1313 390 3045 2595 1313 4382
4374 390 3045 4849 4374 4382 1930 3702 1786 23 4849 1313 4263 1930 3702 1786 23 4405 4684 4382
3702 1786 1333 4849 3130 4382 1333 4849 4684 1496 1930 545 1786 1167 1786 3378 3629 807 1786 1167
1313 1931 1056 4405 1313 1844 3045 4849 3156 4382 1930 3702 1786 23 4849 3130 4263 1930 3702 1786
1139 1836 1056 4405 1313 1496 3045 2595 3156 4382 1930 4263 1786 1530 1786 2899 2595 4374 1496 1930
1333 4849 3130 1931 1056 4405 1313 1496 3045 4849 3156 4382 1930 3702 1786 807 1786 2899 4849 4374
23 4849 4684 4382 1930 2899 4849 4405 4382 1786 1931 1786 23 4849 4374 4382 3045 1778 4684 1496
4684 1496 1930 545 1786 1167 1786 2899 4405 4405 4382 1786 1167 1786 3378 3629 1167 1786 23 4849
2595 1313 4382 1930 4263 1786 1530 1786 1333 2595 4374 1496 1930 2899 4405 1313 4382 3045 3378 3629
1786 3378 3629 1167 1786 23 4849 4374 1931 1056 4405 1313 390 3045 4849 1313 4382 1930 3702 1786
1786 23 4849 4374 4382 3045 1778 4684 1496 1930 545 1786 1167 1786 3378 3629 807 1786 1167 1786
1056 4405 1313 1496 3045 4849 3156 4382 1930 3702 1786 807 1786 2899 4849 4374 4382 1930 2899 4405
1778 4684 4263 1930 545 1786 1167 1786 1333 4849 1313 1931 1056 4405 1313 1844 3045 4849 3156 4382
1786 23 4405 3156 4382 1930 807 1786 705 4405 4374 3702 1930 1844 1786 23 4405 4684 4382 1786
1930 2899 4849 4405 4382 1786 3702 1786 23 4849 4374 4382 3045 1778 4684 1496 1930 545 1786 1167
1930 545 1786 1167 1786 1333 4849 1313 1931 1056 4405 1313 1844 3045 4849 3156 4382 1930 3702 1786
807 1786 3378 3629 1167 1786 807 1786 1167 1786 3378 3629 807 1786 1167 1786 23 1778 4684 1931
4849 3130 1931 705 4405 3130 390 3045 4849 1313 4382 1930 3702 1786 807 1786 2899 4849 2317 4382
807 1786 1931 1786 23 4405 3156 4382 1930 2899 4405 4684 4382 1786 3702 1786 23 4849 3130 4382
4263 1930 3702 1786 23 4849 4684 4382 1930 807 1786 3702 1786 23 4849 4684 4382 1930 2899 4405
4684 1496 1930 545 1786 1167 1786 807 1786 3378 3629 1167 1786 1333 4849 4374 1931 1056 4405 1313
4374 390 3045 4849 4374 4382 1930 3702 1786 23 4849 1313 4263 1930 3702 1786 23 4405 4684 4382
1786 1333 4849 3130 1931 705 4405 3130 390 3045 4849 1313 4382 1930 3702 1786 807 1786 2899 4849
545 1786 1167 1786 3378 3629 807 1786 1167 1786 1333 1778 4684 1931 1056 4405 1313 390 3045 4849
545 1786 1167 1786 1333 4849 1313 1931 1056 4405 1313 1844 3045 4849 3156 4382 1930 3702 1786 23
4849 1313 4263 1930 3702 1786 23 4849 4684 4382 1496 2899 1786 3702 1786 23 4849 4684 4382 1930
1167 1786 2899 4405 4684 4382 1786 1167 1786 1167 1786 1333 2595 1313 1836 1056 4405 1313 1496 3045
705 3130 807 1930 3702 1786 807 1786 2899 1778 4684 4263 1930 545 3045 23 4405 3156 4382 1786
2899 4405 1313 1496 3045 4849 3156 4382 1930 3702 1786 23 4849 1313 4263 1930 3702 1786 23 4849
4849 4374 1931 1056 4405 1313 1496 3045 4849 3156 4382 1930 3702 1786 807 1786 2899 4849 4374 4382
807 1786 1167 1786 1333 1778 4684 1931 1056 4405 1313 390 3045 4849 1313 4382 1930 3702 1786 807
1786 1333 4849 4374 1931 1056 4405 1313 1496 3045 4849 3156 4382 1930 3702 1786 807 1786 2899 4849
1786 1333 1778 1313 1836 1056 4405 1313 390 3045 2595 1313 4382 1930 4263 1786 1530 1786 2899 2595
4684 1496 1930 545 1786 1167 1786 3378 3629 807 1786 1167 1786 1333 4849 4374 1931 1056 4405 1313
3045 4849 3156 4382 1930 4263 1786 807 1786 2899 4849 4374 4382 1930 3378 3629 2899 4405 3156 4382
4382 1930 2899 4405 4684 4382 1786 3702 1786 23 4849 3130 4382 3045 1778 4684 1496 1930 545 1786
1786 23 4849 4684 4382 1930 2899 4405 4684 4382 1786 3702 1786 23 4849 3130 4382 1333 4849 4684
4405 3156 4382 1930 2899 4405 3156 4382 1786 3702 1786 1333 4849 3130 4382 1333 4849 4684 1496 1930
1056 4405 1313 390 3045 4849 1313 4382 1930 3702 1786 807 1786 2899 4849 1313 4382 1930 3378 3629
4382 1930 2899 4405 4684 4382 1786 3702 1786 23 4849 3130 4382 3045 1778 4684 1496 1930 545 1786
1786 1167 2899 1167 1786 1333 1778 1313 1836 1056 4405 1313 390 3045 2595 1313 4382 1930 4263 1786
1313 4382 1930 4263 1786 807 1786 2899 4849 1313 4382 1930 3378 3629 2899 4405 2317 4382 3045 3378
1786 1333 4849 3130 4382 1333 4849 4684 1496 1930 545 1786 1167 1786 3378 3629 807 1786 1167 1786
3629 1167 1786 1333 1778 1139 1836 1056 4405 1313 390 3045 2595 1313 4382 1930 4263 1786 1530 1786
3378 3629 807 1786 1167 1786 1333 4849 4374 1931 1056 4405 1313 390 3045 4849 1313 4382 1930 3702
1930 807 1786 3702 1786 23 4849 4684 4382 1930 2899 4405 4684 4382 1786 3702 1786 23 4849 3130
545 1786 1167 1786 3378 3629 807 1786 1167 1786 1333 4849 4374 1931 1056 4405 1313 390 3045 4849
1786 3378 3629 1167 1786 1333 4849 4374 1931 1056 4405 1313 1496 3045 4849 3156 4382 1930 3702 1786
4382 1930 2899 4849 4405 4382 1786 3702 1786 23 4849 4374 4382 3045 1778 4684 1496 1930 545 1786
4405 1313 1496 3045 4849 3156 4382 1930 3702 1786 23 4849 1313 4263 1930 3702 1786 23 4849 4684
2899 3378 3629 1167 1786 1333 1778 1139 1836 1056 4405 1313 1496 3045 2595 3156 4382 1930 4263 1786
4405 1313 1844 3045 4849 3156 4382 1930 3702 1786 23 4849 3130 4263 1930 3702 1786 23 4405 3156
4382 3045 1778 4684 1496 1930 545 1786 1167 1786 807 1786 3378 3629 1167 1786 1333 4849 4374 1931
2899 3378 3629 1167 1786 1333 1778 1139 1836 1056 4405 1313 1496 3045 2595 3156 4382 1930 4263 1786
1167 1786 2899 4405 4684 4382 1786 1167 1786 1167 1786 1333 2595 1313 1836 1056 4405 1313 1496 3045
3156 4382 1930 3702 1786 23 4849 1313 4263 1930 3702 1786 23 4849 4684 4382 1496 2899 1786 3702
1530 1786 1167 1786 1333 2595 3130 1836 1056 4405 1313 390 3045 2595 1313 4382 1930 4263 1786 1530
1167 1786 1333 1778 4684 1931 1056 4405 1313 390 3045 4849 1313 4382 1930 3702 1786 807 1786 2899
1786 1931 1786 23 4849 4684 4382 1930 2899 4405 4374 4382 1786 3702 1786 23 4849 3156 4382 3045
4849 4684 4382 1930 2899 4405 1313 4382 1786 1931 1786 23 4849 4374 4382 3045 1778 4684 1496 1930
4849 4374 1931 1056 4405 1313 1496 3045 4849 3156 4382 1930 3702 1786 807 1786 2899 4849 4374 4382
1167 1786 1333 4849 1313 1931 1056 4405 1313 1844 3045 4849 3156 4382 1930 3702 1786 23 4849 3130
4684 4382 1930 2899 4405 4684 4382 1786 3702 1786 23 4849 3130 4382 1333 4849 4684 1496 1930 545
3702 1786 23 4849 3130 4382 1333 4849 4684 1496 1930 545 1786 1167 1786 3378 3629 807 1786 1167
1786 3156 1786 2899 4405 3130 1931 1786 2899 4405 1313 1496 3045 4849 3156 4382 1930 3702 1786 23
4374 4263 3702 1786 1786 23 4405 4684 4382 1930 807 1786 3702 1786 23 4405 3156 4382 1930 2899
1313 1496 3045 4849 3156 4382 1930 3702 1786 807 1786 2899 4849 4374 4382 1930 2899 4405 4374 4382
807 1786 3702 1786 23 4405 3156 4382 1930 2899 4405 3156 4382 1786 3702 1786 1333 4849 3130 4382
1786 1167 1786 1333 4849 4374 1931 1056 4405 1313 390 3045 4849 1313 4382 1930 3702 1786 807 1786
3378 3629 807 1786 1167 1786 23 1778 4684 1931 1056 4405 1313 1496 3045 4849 3156 4382 1930 3702
3130 1836 1056 4405 1313 390 3045 2595 1313 4382 1930 4263 1786 1530 1786 2899 2595 1313 1496 1930
1786 705 1778 4684 4263 1930 545 1786 1167 1786 1333 4849 1313 1931 1056 4405 1313 1844 3045 4849
3629 1167 1786 1333 2595 3130 1836 1056 4405 1313 390 3045 2595 1313 4382 1930 4263 1786 1530 1786
4405 4684 4382 1930 807 1786 3702 1786 23 4405 3156 4382 1930 2899 4405 3156 4382 1786 3702 1786
1333 1778 1313 1836 1056 4405 1313 390 3045 2595 1313 4382 1930 4263 1786 1530 1786 2899 2595 1313
1167 1786 807 1786 1167 1786 3378 3629 807 1786 1167 1786 23 1778 4684 1931 1056 4405 1313 1496
2899 4405 4684 4382 1786 3702 1786 23 4849 3130 4382 1333 4849 4684 1496 1930 545 1786 1167 1786
1930 3702 1786 23 4405 3156 4382 1930 807 1786 705 4405 4374 3702 1930 1844 1786 23 4405 4684
1786 1167 1786 1333 1778 1139 1836 1056 4405 1313 1496 3045 2595 3156 4382 1930 4263 1786 1530 1786
1530 1786 3378 3629 1167 1786 1333 2595 3130 1836 1056 4405 1313 390 3045 2595 1313 4382 1930 4263
4849 3130 4382 1333 4849 4684 1496 1930 545 1786 1167 1786 3378 3629 807 1786 1167 1786 1333 4849
1786 1167 1786 3378 3629 807 1786 1167 1786 1333 4849 4374 1931 1056 4405 1313 390 3045 4849 1313
3045 4849 3156 4382 1930 3702 1786 23 4849 1313 4263 1930 3702 1786 23 4849 4684 4382 1930 807
1313 390 3045 2595 1313 4382 1930 4263 1786 1530 1786 1333 2595 4374 1496 1930 2899 4405 1313 4382
1167 1786 1333 4849 4374 1931 1056 4405 1313 1496 3045 4849 3156 4382 1930 3702 1786 807 1786 2899
1786 807 1786 2899 4849 1313 4382 1930 2899 4405 2317 4382 3045 3378 3629 2899 4405 3130 4382 3045
3702 1786 23 4849 4374 4382 3045 1778 4684 1496 1930 545 1786 1167 1786 807 1786 3378 3629 1167
1931 1786 2899 4405 1313 1496 3045 4849 3156 4382 1930 3702 1786 23 4849 1313 4263 1930 3702 1786
1786 3378 3629 1167 1786 1333 2595 3130 1836 1056 4405 1313 390 3045 2595 1313 4382 1930 4263 1786
3156 4382 1930 3702 1786 1333 4849 1313 4263 1930 3702 1786 23 4849 4684 4382 1930 807 1786 3702
1786 1167 1786 2899 4405 2317 4382 1786 1167 1786 3378 3629 1167 1786 23 4849 3130 1931 1056 4405
3130 807 1930 3702 1786 807 1786 2899 1778 4684 4263 1930 545 3045 23 4405 3156 4382 1786 3156
3045 4849 4374 4382 1930 3702 1786 23 4849 1313 4263 1930 3702 1786 23 4405 4684 4382 1930 807
4263 1930 3702 1786 23 4405 3156 4382 1930 1778 1786 3702 1786 23 4849 4684 4382 1930 2899 4405
23 4849 4374 4382 3045 1778 4684 1496 1930 545 1786 1167 1786 3378 3629 807 1786 1167 1786 1333
1836 1056 4405 1313 390 3045 2595 1313 4382 1930 4263 1786 1530 1786 2899 2595 1313 1496 1930 3378
3702 1930 1844 1786 23 4405 4684 4382 1786 3702 1786 23 4849 3130 4382 1333 4849 4684 1496 1930
1930 545 1786 1167 1786 3378 3629 807 1786 1167 1786 1333 4849 4374 1931 1056 4405 1313 390 3045
3045 1778 4684 1496 1930 545 1786 1167 1786 2899 4405 2317 4382 1786 1167 1786 3378 3629 1167 1786
1167 1786 1333 4849 4374 1931 1056 4405 1313 390 3045 4849 1313 4382 1930 3702 1786 807 1786 2899
1333 4405 3130 1931 1786 2899 4405 1313 1496 3045 4849 3156 4382 1930 3702 1786 23 4849 1313 4263
1930 3702 1786 23 4405 4684 807 1844 1786 1786 3702 1786 23 4849 4684 4382 1930 2899 4405 1313
4684 4382 1496 1786 1786 3702 1786 23 4849 4684 4382 1930 2899 4849 4405 4382 1786 1931 1786 23
1786 1167 1786 2899 4405 2317 4382 1786 1167 1786 3378 3629 1167 1786 23 4849 3130 1931 1056 4405
1496 2899 1786 3702 1786 23 4849 4684 4382 1930 2899 4849 2317 4382 1786 3702 1786 23 4849 4374
1930 545 1786 1167 1786 807 1786 3378 3629 1167 1786 1333 4849 4374 1931 1056 4405 1313 1496 3045
3702 1786 23 4849 1313 4263 1930 3702 1786 23 4849 4684 4382 807 2899 1786 3702 1786 705 4849
4382 1930 4263 1786 807 1786 2899 4849 1313 4382 1930 3378 3629 2899 4405 2317 4382 3045 3378 3629
3629 1167 1786 23 4849 3130 1931 1056 4405 1313 1496 3045 4849 3156 4382 1930 4263 1786 807 1786
1786 23 4405 4684 4382 1786 3702 1786 23 4849 3130 4382 1333 4849 4684 1496 1930 545 1786 1167
4684 4382 1930 807 1786 3702 1786 23 4405 3156 4382 1930 2899 4405 3156 4382 1786 3702 1786 1333
1167 1786 3378 3629 1530 1786 1167 2899 1167 1786 1333 1778 1313 1836 1056 4405 1313 390 3045 2595
1786 23 4849 3156 4382 3045 4849 4684 1496 1930 545 1786 1167 1786 807 1786 3378 3629 1167 1786
4405 4684 4382 1786 3702 1786 23 4849 3130 4382 3045 1778 4684 1496 1930 545 1786 1167 1786 2899
3156 4382 1930 3702 1786 1333 4849 1313 4263 1930 3702 1786 23 4849 4684 4382 1930 807 1786 3702
1786 1333 4849 4374 1931 1056 4405 1313 1496 3045 4849 3156 4382 1930 3702 1786 807 1786 2899 4849
1167 1786 1333 1778 1139 1836 1056 4405 1313 390 3045 2595 1313 4382 1930 4263 1786 1530 1786 1333
1931 1056 4405 1313 390 3045 4849 1313 4382 1930 3702 1786 807 1786 23 4849 1313 4382 1930 3378
1930 2899 4405 1313 4382 1786 3702 1786 23 4849 4374 4382 3045 1778 4684 1496 1930 545 1786 1167
545 1786 1167 1786 3378 3629 807 1786 1167 1786 1333 4849 4374 1931 1056 4405 1313 390 3045 4849
1786 1167 1786 1333 1778 1139 1836 1056 4405 1313 1496 3045 2595 3156 4382 1930 4263 1786 1530 1786
4849 3156 4382 1930 3702 1786 23 4849 4374 4263 3702 2899 1786 23 4405 4684 4382 1930 807 1786
4382 1930 3702 1786 1333 4849 1313 4263 1930 3702 1786 23 4405 3156 4382 1930 807 1786 705 4405
1786 1931 1786 23 4849 4684 4382 1930 2899 4405 4374 4382 1786 3702 1786 23 4849 3156 4382 3045
1786 1333 2595 4374 1836 1056 4405 1313 390 3045 2595 1313 4382 1930 4263 1786 1530 1786 2899 2595
3702 1786 23 4849 3130 4382 1333 4849 4684 1496 1930 545 1786 1167 1786 807 1786 3378 3629 1167
3045 4849 3156 4382 1930 3702 1786 23 4849 1313 4263 1930 3702 1786 23 4849 4684 4382 1930 807
3045 1778 4684 1496 1930 545 1786 1167 1786 2899 4405 2317 4382 1786 1167 1786 3378 3629 1167 1786
4405 3130 1931 1786 2899 4405 1313 1496 3045 4849 3156 4382 1930 3702 1786 23 4849 1313 4263 1930
1930 3702 1786 23 4849 4684 4382 1496 2899 1786 3702 1786 23 4849 4684 4382 1930 2899 4849 2317
1786 1333 4849 4374 1931 1056 4405 1313 390 3045 4849 1313 4382 1930 3702 1786 807 1786 2899 4849
1167 1786 1333 2595 1313 1836 1056 4405 1313 1496 3045 2595 3156 4382 1930 4263 1786 1530 1786 2899
3130 1931 1786 2899 4405 1313 1496 3045 4849 3156 4382 1930 3702 1786 23 4849 1313 4263 1930 3702
4849 4374 4382 1930 3702 1786 1333 4849 1313 4263 1930 3702 1786 23 4405 4684 4382 1930 807 1786
3629 807 1786 1167 1786 1333 1778 4684 1931 1056 4405 1313 390 3045 4849 1313 4382 1930 3702 1786
3378 3629 1167 1786 1333 4849 4374 1931 1056 4405 1313 1496 3045 4849 3156 4382 1930 4263 1786 807
4405 3156 4382 1786 390 1786 2899 4405 3130 545 1786 2899 4405 1313 1496 3045 4849 3156 4382 1930
4849 4374 4382 3045 1778 4684 1496 1930 545 1786 1167 1786 3378 3629 807 1786 1167 1786 1333 4849
1786 1786 3702 1786 23 4849 4684 4382 1930 2899 4405 1313 4382 1786 1931 1786 23 4849 4374 4382
3702 1786 807 1786 2899 1778 4684 4263 1930 545 3045 23 4405 3156 4382 1786 3156 1786 2899 4405
1786 1333 2595 3130 1836 1056 4405 1313 390 3045 2595 1313 4382 1930 4263 1786 1530 1786 2899 2595
1167 1786 1333 4849 4374 1931 1056 4405 1313 390 3045 4849 1313 4382 1930 3702 1786 807 1786 2899
1313 1496 3045 2595 3156 4382 1930 4263 1786 1530 1786 2899 2595 1313 1496 1930 2899 4405 1778 1836
1786 1167 1786 1333 4849 1313 1931 1056 4405 1313 1844 3045 4849 3156 4382 1930 3702 1786 23 4849
1786 23 4849 3130 4382 1333 4849 4684 1496 1930 545 1786 1167 1786 3378 3629 807 1786 1167 1786
4374 1931 1056 4405 1313 1496 3045 4849 3156 4382 1930 3702 1786 807 1786 23 4849 4374 4382 1930
4263 1930 3702 1786 23 4405 3156 4382 1930 807 1786 705 4405 4374 3702 1930 1844 1786 23 4405
4849 3130 4382 1333 4849 4684 1496 1930 545 1786 1167 1786 807 1786 3378 3629 1167 1786 23 4849
390 3045 4849 1313 4382 1930 3702 1786 807 1786 2899 4849 1313 4382 1930 2899 4405 1313 4382 3045
1786 2899 1778 4684 4263 1930 545 3045 705 4405 3156 4382 1786 3156 1786 2899 4405 3130 1931 1786
1786 23 4405 4684 4382 1930 807 1786 3702 1786 23 4405 3156 4382 1930 2899 4405 3156 4382 1786
1167 1786 1333 4849 4374 1931 1056 4405 1313 1496 3045 4849 3156 4382 1930 3702 1786 807 1786 2899
3629 807 1786 1167 1786 1333 1778 4684 1931 1056 4405 1313 390 3045 4849 1313 4382 1930 3702 1786
4382 3045 1778 4684 1496 1930 545 1786 1167 1786 3378 3629 807 1786 1167 1786 1333 4849 4374 1931
1786 3702 1786 23 4849 3156 4382 3045 4849 4684 1496 1930 545 1786 1167 1786 807 1786 3378 3629
1333 1778 1139 1836 1056 4405 1313 390 3045 2595 1313 4382 1930 4263 1786 1530 1786 1333 2595 4374
1167 1786 3378 3629 1167 1786 23 4849 3130 1931 1056 4405 1313 1496 3045 4849 3156 4382 1930 3702
1786 3702 1786 23 4849 4684 4382 1930 2899 4405 4684 4382 1786 3702 1786 23 4849 3130 4382 1333
1786 1167 1786 3378 3629 1167 1786 23 4849 4374 1931 1056 4405 1313 390 3045 4849 1313 4382 1930
1167 1786 807 1786 3378 3629 1167 1786 1333 4849 4374 1931 1056 4405 1313 1496 3045 4849 3156 4382
3045 4849 3156 4382 1930 4263 1786 807 1786 2899 4849 4374 4382 1930 2899 4405 1313 4382 3045 3378
2899 4405 1313 4382 1786 3702 1786 23 4849 4374 4382 3045 1778 4684 1496 1930 545 1786 1167 1786
1786 1167 1786 1333 1778 4684 1931 1056 4405 1313 1496 3045 4849 3156 4382 1930 3702 1786 807 1786
4405 3156 4382 1930 2899 4405 4684 4382 1786 3702 1786 23 4849 3130 4382 3045 1778 4684 1496 1930
1167 1786 1167 1786 1333 1778 1139 1836 1056 4405 1313 1496 3045 2595 3156 4382 1930 4263 1786 1530
1530 1786 1167 1786 1333 2595 3130 1836 1056 4405 1313 390 3045 2595 1313 4382 1930 4263 1786 1530
3156 4382 1930 3702 1786 23 4849 1313 4263 1930 3702 1786 23 4849 4684 4382 1496 2899 1786 3702
4382 1930 2899 4405 3156 4382 1786 3702 1786 1333 4849 3130 4382 1333 4849 4684 1496 1930 545 1786
4405 1313 4382 1786 1931 1786 23 4849 4374 4382 3045 1778 4684 1496 1930 545 1786 1167 1786 807
23 4849 3130 4382 1333 4849 4684 1496 1930 545 1786 1167 1786 3378 3629 807 1786 1167 1786 1333
4263 1786 807 1786 2899 4849 1313 4382 1930 2899 4405 2317 4382 3045 3378 3629 2899 4405 3130 4382
1786 3702 1786 23 4405 3156 4382 1930 2899 4405 4684 4382 1786 3702 1786 23 4849 3130 4382 3045
4849 4374 1931 1056 4405 1313 390 3045 4849 1313 4382 1930 3702 1786 807 1786 2899 4849 4374 4382
3629 1167 1786 23 4849 3130 1931 1056 4405 1313 1496 3045 4849 3156 4382 1930 4263 1786 807 1786
4684 1496 1930 545 1786 1167 1786 3378 3629 807 1786 1167 1786 1333 1778 4684 1931 1056 4405 1313
4374 1931 1056 4405 1313 1496 3045 4849 3156 4382 1930 3702 1786 807 1786 23 4849 4374 4382 1930
4849 1313 1931 1056 4405 1313 1844 3045 4849 3156 4382 1930 3702 1786 23 4849 3130 4263 1930 3702
2899 3378 3629 1167 1786 1333 2595 3130 1836 1056 4405 1313 1496 3045 2595 3156 4382 1930 4263 1786
3702 1930 3702 1786 807 1786 2899 1778 4684 4263 1930 545 3045 705 4405 3156 4382 1786 3156 1786
4849 4374 1931 1056 4405 1313 1496 3045 4849 3156 4382 1930 3702 1786 807 1786 2899 4849 4374 4382
1056 4405 1313 390 3045 4849 1313 4382 1930 3702 1786 807 1786 2899 4849 1313 4382 1930 2899 4405
4684 4382 1786 3702 1786 23 4849 3130 4382 3045 1778 4684 1496 1930 545 1786 1167 1786 2899 4405
1836 1056 4405 1313 1496 3045 2595 3156 4382 1930 4263 1786 1530 1786 2899 2595 4374 1496 1930 3378
807 1786 705 1778 4684 4263 1930 545 1786 1167 1786 1333 4849 1313 1931 1056 4405 1313 1844 3045
2899 1167 1786 1333 1778 1313 1836 1056 4405 1313 390 3045 2595 1313 4382 1930 4263 1786 1530 1786
807 1786 1167 1786 1333 1778 4684 1931 1056 4405 1313 1496 3045 4849 3156 4382 1930 3702 1786 807
1786 1333 4405 3130 545 1786 2899 4405 1313 1496 3045 4849 3156 4382 1930 3702 1786 23 4849 1313
1786 3378 3629 1167 1786 2899 4405 4374 4382 1786 1167 1786 3378 3629 1167 1786 23 4849 4374 1931
1930 545 1786 1167 1786 3378 3629 807 1786 1167 1786 1333 1778 4684 1931 1056 4405 1313 390 3045
4374 390 3045 4849 4374 4382 1930 3702 1786 23 4849 1313 4263 1930 3702 1786 23 4405 4684 4382
1313 1496 3045 4849 3156 4382 1930 3702 1786 23 4849 1313 4263 1930 3702 1786 23 4849 4684 4382
1496 3045 4849 3156 4382 1930 3702 1786 23 4849 1313 4263 1930 3702 1786 23 4849 4684 4382 1496
4263 1786 1530 1786 2899 2595 1313 1496 1930 2899 4405 1778 1836 3045 3378 3629 2899 4405 1313 4382
1333 4849 4684 1496 1930 545 1786 1167 1786 807 1786 3378 3629 1167 1786 23 4849 4374 1931 1056
3378 3629 1167 1786 1333 2595 3130 1836 1056 4405 1313 390 3045 2595 1313 4382 1930 4263 1786 1530
1786 23 4849 3130 4382 1333 4849 4684 1496 1930 545 1786 1167 1786 3378 3629 807 1786 1167 1786
4263 1930 3702 1786 23 4405 3156 4382 1930 807 1786 705 4405 4374 3702 1930 1844 1786 23 4405
1786 3156 1786 2899 4405 3130 1931 1786 2899 4405 1313 1496 3045 4849 3156 4382 1930 3702 1786 23
4382 1786 3702 1786 23 4849 3156 4382 3045 4849 4684 1496 1930 545 1786 1167 1786 807 1786 3378
2899 4405 4374 4382 1786 1167 1786 3378 3629 1167 1786 23 4849 4374 1931 1056 4405 1313 390 3045
4374 1931 1056 4405 1313 390 3045 4849 1313 4382 1930 3702 1786 807 1786 23 4849 4374 4382 1930
3130 4382 1333 4849 4684 1496 1930 545 1786 1167 1786 3378 3629 807 1786 1167 1786 1333 4849 4374
3378 1530 1786 1167 1786 1333 2595 3130 1836 1056 4405 1313 390 3045 2595 1313 4382 1930 4263 1786
23 4849 4684 1931 1056 4405 1313 390 3045 4849 4374 4382 1930 3702 1786 23 4849 1313 4263 1930
1786 807 1786 2899 1778 4684 4263 1930 545 3045 705 4405 3156 4382 1786 3156 1786 2899 4405 3130
1313 390 3045 4849 4374 4382 1930 3702 1786 23 4849 1313 4263 1930 3702 1786 23 4405 4684 807
3378 3629 807 1786 1167 1786 1333 4849 4374 1931 1056 4405 1313 390 3045 4849 1313 4382 1930 3702
1930 3702 1786 23 4849 4684 4382 1930 807 1786 3702 1786 23 4849 4684 4382 1930 2899 4405 4684
1313 4263 1930 3702 1786 23 4849 4684 4382 1930 807 1786 3702 1786 23 4849 4684 4382 1930 2899
1786 1333 4849 1313 4263 1930 3702 1786 23 4405 4684 4382 1930 807 1786 3702 1786 705 4405 3156
1786 1333 4849 4374 1931 1056 4405 1313 1496 3045 4849 3156 4382 1930 3702 1786 807 1786 2899 4849
1930 3702 1786 1333 4849 1313 4263 1930 3702 1786 23 4405 4684 4382 1930 807 1786 3702 1786 705
1056 4405 1313 1931 3045 4849 4684 4382 1930 3702 1786 23 4849 1313 4263 1930 3702 1786 23 4405
1930 545 1786 1167 1786 2899 4405 2317 4382 1786 1167 1786 3378 3629 1167 1786 23 4849 3130 1931
1056 4405 1313 1844 3045 4849 3156 4382 1930 3702 1786 23 4849 4374 4263 3702 2899 1786 23 4405
1056 4405 1313 1496 3045 2595 3156 4382 1930 4263 1786 1530 1786 2899 2595 4374 1496 1930 3378 3629
4684 1931 1056 4405 1313 1931 3045 4849 4684 4382 1930 3702 1786 23 4849 1313 4263 1930 3045 1786
1786 23 4849 3130 4263 1930 3702 1786 23 4405 3156 4382 1930 807 1786 3702 1786 705 4849 4684
2899 1778 4684 4263 1930 545 3045 23 4405 3156 4382 1786 3156 1786 2899 4405 3130 1931 1786 2899
1313 4382 1786 1931 1786 23 4849 4374 4382 3045 1778 4684 1496 1930 545 1786 1167 1786 807 1786
3130 1931 705 4405 3130 390 3045 4849 1313 4382 1930 3702 1786 807 1786 2899 4849 2317 4382 1930
3378 3629 807 1786 1167 1786 1333 4849 4374 1931 1056 4405 1313 390 3045 4849 1313 4382 1930 3702
3156 4382 1930 1778 1786 3702 1786 23 4849 4684 4382 1930 2899 4405 4374 4382 1786 3702 1786 23
1786 705 4849 4684 4382 1930 2899 4849 4405 4382 1786 3702 1786 23 4849 4374 4382 3045 1778 4684
1139 1836 1056 4405 1313 390 3045 2595 1313 4382 1930 4263 1786 1530 1786 1333 2595 4374 1496 1930
3045 4849 3156 4382 1930 3702 1786 23 4849 1313 4263 1930 3702 1786 23 4849 4684 4382 1496 2899
3045 4849 3156 4382 1930 3702 1786 23 4849 1313 4263 1930 3702 1786 23 4849 4684 4382 1930 807
1786 3702 1786 23 4849 3130 4382 3045 1778 4684 1496 1930 545 1786 1167 1786 2899 4405 1313 4382
23 4849 4374 4382 3045 1778 4684 1496 1930 545 1786 1167 1786 3378 3629 807 1786 1167 1786 1333
1333 1778 4684 1931 1056 4405 1313 1496 3045 4849 3156 4382 1930 3702 1786 23 4849 1313 4263 1930
1786 23 4849 4374 4382 3045 1778 4684 1496 1930 545 1786 1167 1786 807 1786 3378 3629 1167 1786
1167 1786 1333 2595 3130 1836 1056 4405 1313 390 3045 2595 1313 4382 1930 4263 1786 1530 1786 2899
1167 1786 1333 4849 3130 1931 1056 4405 1313 1496 3045 4849 3156 4382 1930 3702 1786 807 1786 2899
3702 1786 23 4405 3156 4382 1930 1778 1786 3702 1786 23 4849 4684 4382 1930 2899 4405 4374 4382
1786 807 1786 3378 3629 1167 1786 1333 4849 4374 1931 1056 4405 1313 1496 3045 4849 3156 4382 1930
3702 1786 1333 4849 1313 4263 1930 3702 1786 23 4405 3156 4382 1930 807 1786 23 4405 4374 3702
2899 4405 1313 4382 1786 3702 1786 23 4849 4374 4382 3045 1778 4684 1496 1930 545 1786 1167 1786
1786 23 4849 3130 4382 1333 4849 4684 1496 1930 545 1786 1167 1786 807 1786 3378 3629 1167 1786
4263 1930 3702 1786 23 4405 4684 807 1844 1786 1786 3702 1786 23 4849 4684 4382 1930 2899 4405
1313 1836 1056 4405 1313 1496 3045 2595 3156 4382 1930 4263 1786 1530 1786 2899 2595 4374 1496 1930
4684 4382 1930 807 1786 3702 1786 23 4405 3156 4382 1930 2899 4405 3156 4382 1786 3702 1786 1333
1167 1786 1333 4849 4374 1931 1056 4405 1313 1496 3045 4849 3156 4382 1930 3702 1786 807 1786 2899
1786 2899 4405 2317 4382 1786 1167 1786 3378 3629 1167 1786 23 4849 3130 1931 1056 4405 1313 1496
3156 4382 1930 3702 1786 1333 4849 1313 4263 1930 3702 1786 23 4849 4684 4382 1930 807 1786 3702
3702 1786 23 4849 4684 4382 1496 2899 1786 3702 1786 23 4849 4684 4382 1930 2899 4849 2317 4382
1930 3702 1786 1333 4849 1313 4263 1930 3702 1786 23 4405 3156 4382 1930 807 1786 705 4405 4374
4382 1786 3156 1786 2899 4405 3130 1931 1786 2899 4405 1313 1496 3045 4849 3156 4382 1930 3702 1786
1167 1786 23 4849 3130 1931 705 4405 3130 390 3045 4849 1313 4382 1930 3702 1786 807 1786 2899
4849 4684 4382 1930 2899 4849 4405 4382 1786 3702 1786 23 4849 4374 4382 3045 1778 4684 1496 1930
1786 2899 4405 4684 4382 1786 1167 1786 1167 1786 1333 2595 1313 1836 1056 4405 1313 1496 3045 2595
1313 4263 1930 3702 1786 23 4405 4684 807 1844 1786 1786 3702 1786 23 4849 4684 4382 1930 2899
4382 1930 807 1786 23 4405 4374 3702 1930 1844 1786 23 4405 4684 4382 1786 3702 1786 23 4849
4382 1496 2899 1786 3702 1786 23 4849 4684 4382 1930 2899 4849 4405 4382 1786 3702 1786 23 4849
4382 1333 4849 4684 1496 1930 545 1786 1167 1786 3378 3629 807 1786 1167 1786 1333 1778 4684 1931
1778 4684 1931 1056 4405 1313 1931 3045 4849 4684 4382 1930 3702 1786 23 4849 1313 4263 1930 3045
4374 4382 1930 3702 1786 1333 4849 1313 4263 1930 3702 1786 23 4405 4684 4382 1930 807 1786 3702
1778 4684 1496 1930 545 1786 1167 1786 3378 3629 807 1786 1167 1786 1333 4849 4374 1931 1056 4405
3156 4382 1930 807 1786 23 4405 4374 3702 1930 1844 1786 23 4405 4684 4382 1786 3702 1786 23
4382 1786 3702 1786 23 4849 3156 4382 3045 4849 4684 1496 1930 545 1786 1167 1786 807 1786 3378
1496 1930 545 1786 1167 1786 807 1786 3378 3629 1167 1786 1333 4849 4374 1931 1056 4405 1313 1496
1167 1786 1333 4849 4374 1931 1056 4405 1313 1496 3045 4849 3156 4382 1930 3702 1786 807 1786 2899
4849 4374 4263 3702 1786 1786 23 4405 4684 4382 1930 807 1786 3702 1786 23 4405 3156 4382 1930
1930 807 1786 705 4405 4374 3702 1930 1844 1786 23 4405 4684 4382 1786 3702 1786 23 4849 3130
1930 3702 1786 23 4849 1313 4263 1930 3702 1786 23 4405 4684 807 1844 1786 1786 3702 1786 705
3702 1786 23 4849 4374 4382 3045 1778 4684 1496 1930 545 1786 1167 1786 807 1786 3378 3629 1167
3045 4849 3156 4382 1930 4263 1786 807 1786 2899 4849 4374 4382 1930 3378 3629 2899 4405 3156 4382
1930 545 1786 1167 1786 1333 4849 1313 1931 1056 4405 1313 1844 3045 4849 3156 4382 1930 3702 1786
1930 545 1786 1167 1786 807 1786 3378 3629 1167 1786 1333 4849 4374 1931 1056 4405 1313 1496 3045
3378 3629 807 1786 1167 1786 1333 4849 4374 1931 1056 4405 1313 390 3045 4849 1313 4382 1930 3702
1167 1786 3378 3629 807 1786 1167 1786 23 1778 4684 1931 1056 4405 1313 1496 3045 4849 3156 4382
1333 1778 4684 1931 1056 4405 1313 1496 3045 4849 3156 4382 1930 3702 1786 23 4849 1313 4263 1930
4405 4374 4382 1786 1167 1786 3378 3629 1167 1786 23 4849 4374 1931 1056 4405 1313 390 3045 4849
1333 4849 3130 1931 1056 4405 1313 1496 3045 4849 3156 4382 1930 3702 1786 807 1786 2899 4849 4374
23 4405 3156 4382 1930 807 1786 23 4405 4374 3702 1930 1844 1786 23 4405 4684 4382 1786 3702
1786 807 1786 3378 3629 1167 1786 1333 4849 4374 1931 1056 4405 1313 1496 3045 4849 3156 4382 1930
1313 4263 1930 3702 1786 23 4405 4684 4382 1930 807 1786 3702 1786 23 4405 3156 4382 1930 2899
1786 23 4849 4374 4382 3045 1778 4684 1496 1930 545 1786 1167 1786 3378 3629 807 1786 1167 1786
4405 1313 1496 3045 4849 3156 4382 1930 3702 1786 807 1786 2899 4849 4374 4382 1930 3378 3629 2899
1167 2899 1167 1786 1333 1778 1313 1836 1056 4405 1313 390 3045 2595 1313 4382 1930 4263 1786 1530
1333 1778 4684 1931 1056 4405 1313 1496 3045 4849 3156 4382 1930 3702 1786 807 1786 2899 4849 4374
1313 4263 1930 3702 1786 23 4849 4684 4382 1496 1786 1786 3702 1786 23 4849 4684 4382 1930 2899
1778 4684 4263 1930 545 3045 23 4405 3156 4382 1786 3156 1786 2899 4405 3130 1931 1786 2899 4405
4382 1786 1167 1786 1167 1786 1333 2595 1313 1836 1056 4405 1313 1496 3045 2595 3156 4382 1930 4263
1786 807 1786 2899 4849 1313 4382 1930 2899 4405 2317 4382 3045 3378 3629 2899 4405 3130 4382 3045
3702 1786 23 4849 3130 4382 1333 4849 4684 1496 1930 545 1786 1167 1786 807 1786 3378 3629 1167
1930 545 1786 1167 1786 1333 4849 1313 1931 1056 4405 1313 1844 3045 4849 3156 4382 1930 3702 1786
4405 4374 4382 1786 1167 1786 3378 3629 1167 1786 23 4849 4374 1931 1056 4405 1313 390 3045 4849
1333 1778 4684 1931 1056 4405 1313 1496 3045 4849 3156 4382 1930 3702 1786 807 1786 2899 4849 4374
1786 1333 4849 3130 4382 1333 4849 4684 1496 1930 545 1786 1167 1786 3378 3629 807 1786 1167 1786
4684 4382 1930 2899 4405 4374 4382 1786 3702 1786 23 4849 3156 4382 3045 4849 4684 1496 1930 545
4684 4382 1786 3702 1786 23 4849 3130 4382 1333 4849 4684 1496 1930 545 1786 1167 1786 807 1786
1931 1056 4405 1313 1496 3045 4849 3156 4382 1930 3702 1786 807 1786 23 4849 4374 4382 1930 3378
4849 1313 4263 1930 3045 1786 23 4405 3156 4382 1930 807 1786 705 4405 4374 3702 1930 1844 1786
1167 1786 1333 1778 1139 1836 1056 4405 1313 1496 3045 2595 3156 4382 1930 4263 1786 1530 1786 2899
4849 3156 4382 1930 3702 1786 23 4849 3130 4263 1930 3702 1786 23 4405 3156 4382 1930 807 1786
4405 4374 4382 1786 1167 1786 3378 3629 1167 1786 23 4849 4374 1931 1056 4405 1313 390 3045 4849
4382 1786 3702 1786 23 4849 3130 4382 1333 4849 4684 1496 1930 545 1786 1167 1786 3378 3629 807
4849 4374 1931 1056 4405 1313 1496 3045 4849 3156 4382 1930 3702 1786 807 1786 2899 4849 4374 4382
3702 1786 23 4849 4684 4382 1930 2899 4849 4405 4382 1786 3702 1786 23 4849 4374 4382 3045 1778
4382 1786 3702 1786 1333 4849 3130 4382 1333 4849 4684 1496 1930 545 1786 1167 1786 3378 3629 807
705 545 1786 1167 1786 807 1786 3378 3629 1167 1786 807 1786 1167 1786 3378 3629 807 1786 1167
4382 3045 4849 4684 1496 1930 545 1786 1167 1786 807 1786 3378 3629 1167 1786 1333 4849 4374 1931
1786 23 4405 3156 4382 1930 2899 4405 3156 4382 1786 3702 1786 1333 4849 3130 4382 1333 4849 4684
1786 23 4405 4684 4382 1930 807 1786 3702 1786 23 4405 3156 4382 1930 2899 4405 3156 4382 1786
1786 2899 4405 4684 4382 1786 1167 1786 1167 1786 1333 2595 1313 1836 1056 4405 1313 1496 3045 2595
1167 1786 3378 3629 1167 1786 23 4849 3130 1931 1056 4405 1313 1496 3045 4849 3156 4382 1930 3702
1786 23 4849 3130 4382 1333 4849 4684 1496 1930 545 1786 1167 1786 3378 3629 807 1786 1167 1786
4405 3156 4382 1786 390 1786 2899 4405 3130 545 1786 2899 4405 1313 1496 3045 4849 3156 4382 1930
1930 3702 1786 23 4849 4684 4382 1930 807 1786 3702 1786 23 4849 4684 4382 1930 2899 4405 4684
2317 4382 1786 1931 1786 23 4849 4374 4382 3045 1778 4684 1496 1930 545 1786 1167 1786 3378 3629
545 1786 1167 1786 807 1786 3378 3629 1167 1786 1333 4849 4374 1931 1056 4405 1313 1496 3045 4849
1786 3378 3629 807 1786 1167 1786 1333 4849 4374 1931 1056 4405 1313 390 3045 4849 1313 4382 1930
1931 1056 4405 1313 390 3045 4849 4374 4382 1930 3702 1786 23 4849 1313 4263 1930 3702 1786 23
4849 4684 4382 1930 3702 1786 1333 4849 1313 4263 1930 3045 1786 23 4405 3156 4382 1930 807 1786
4405 4405 4382 1786 1167 1786 3378 3629 1167 1786 23 4849 3130 1931 1056 4405 1313 1496 3045 4849
3702 1786 23 4849 3130 4382 1333 4849 4684 1496 1930 545 1786 1167 1786 807 1786 3378 3629 1167
3130 4382 1333 4849 4684 1496 1930 545 1786 1167 1786 3378 3629 807 1786 1167 1786 1333 4849 4374
1786 1333 4849 4374 1931 1056 4405 1313 390 3045 4849 1313 4382 1930 3702 1786 807 1786 2899 4849
4405 3156 4382 1786 3702 1786 1333 4849 3130 4382 1333 4849 4684 1496 1930 545 1786 1167 1786 3378
4405 1313 1496 3045 4849 3156 4382 1930 3702 1786 23 4849 1313 4263 1930 3702 1786 23 4849 4684
2595 3130 1836 1056 4405 1313 1496 3045 2595 3156 4382 1930 4263 1786 1530 1786 1333 2595 1139 1496
3045 1786 23 4405 3156 4382 1930 807 1786 705 4405 4374 3702 1930 1844 1786 23 4405 4684 4382
4405 4684 807 1844 1786 1786 3702 1786 23 4849 4684 4382 1930 2899 4405 1313 4382 1786 1931 1786
1931 1056 4405 1313 1496 3045 4849 3156 4382 1930 3702 1786 807 1786 2899 4849 4374 4382 1930 2899
4684 1496 1930 545 1786 1167 1786 3378 3629 807 1786 1167 1786 1333 4849 4374 1931 1056 4405 1313
1786 1333 4849 3130 4382 1333 4849 4684 1496 1930 545 1786 1167 1786 3378 3629 807 1786 1167 1786
1786 807 1786 3378 3629 1167 1786 1333 4849 4374 1931 1056 4405 1313 1496 3045 4849 3156 4382 1930
3378 3629 1167 1786 1333 1778 1139 1836 1056 4405 1313 390 3045 2595 1313 4382 1930 4263 1786 1530
23 4405 4684 4382 1930 807 1786 3702 1786 23 4405 3156 4382 1930 2899 4405 4684 4382 1786 3702
1778 4684 1496 1930 545 1786 1167 1786 807 1786 3378 3629 1167 1786 1333 4849 4374 1931 1056 4405
2899 1786 3702 1786 23 4849 4684 4382 1930 2899 4849 2317 4382 1786 3702 1786 23 4849 4374 4382
1167 1786 1167 1786 1333 2595 1313 1836 1056 4405 1313 1496 3045 2595 3156 4382 1930 4263 1786 1530
1333 4849 1313 4263 1930 3702 1786 23 4405 4684 4382 1930 807 1786 3702 1786 23 4405 3156 4382
4382 1786 3702 1786 1333 4849 3130 4382 1333 4849 4684 1496 1930 545 1786 1167 1786 3378 3629 807
4405 1313 1844 3045 4849 3156 4382 1930 3702 1786 23 4849 3130 4263 1930 3702 1786 23 4405 3156
3045 4849 3156 4382 1930 4263 1786 807 1786 2899 4849 4374 4382 1930 2899 4405 1313 4382 3045 3378
1786 1333 4405 3130 545 1786 2899 4405 1313 1496 3045 4849 3156 4382 1930 3702 1786 23 4849 1313
1167 1786 807 1786 1167 1786 3378 3629 807 1786 1167 1786 23 1778 4684 1931 1056 4405 1313 1496
3702 1786 23 4849 3130 4263 1930 3702 1786 23 4405 3156 4382 1930 807 1786 3702 1786 705 4849
2595 3156 4382 1930 4263 1786 1530 1786 2899 2595 1313 1496 1930 2899 4405 1778 1836 3045 3378 3629
1333 4849 4684 1496 1930 545 1786 1167 1786 3378 3629 807 1786 1167 1786 1333 1778 4684 1931 1056
4849 4684 4382 1930 3702 1786 1333 4849 1313 4263 1930 3045 1786 23 4405 3156 4382 1930 807 1786
3378 3629 807 1786 1167 1786 1333 1778 4684 1931 1056 4405 1313 390 3045 4849 1313 4382 1930 3702
1313 1844 3045 4849 3156 4382 1930 3702 1786 23 4849 4374 4263 3702 2899 1786 23 4405 4684 4382
4405 1313 390 3045 2595 1313 4382 1930 4263 1786 1530 1786 1333 2595 4374 1496 1930 2899 4405 1313
2317 4382 1786 1167 1786 3378 3629 1167 1786 23 4849 3130 1931 1056 4405 1313 1496 3045 4849 3156
4374 4382 1786 1167 1786 3378 3629 1167 1786 23 4849 4374 1931 1056 4405 1313 390 3045 4849 1313
3702 1786 23 4405 4684 4382 1930 807 1786 3702 1786 23 4405 3156 4382 1930 2899 4405 4684 4382
1333 4849 4374 1931 1056 4405 1313 1496 3045 4849 3156 4382 1930 3702 1786 807 1786 2899 4849 4374
1313 4382 1930 4263 1786 807 1786 2899 4849 1313 4382 1930 2899 4405 2317 4382 3045 3378 3629 2899
1778 1139 1836 1056 4405 1313 1496 3045 2595 3156 4382 1930 4263 1786 1530 1786 2899 2595 4374 1496
1786 1333 1778 4684 1931 1056 4405 1313 390 3045 4849 1313 4382 1930 3702 1786 807 1786 2899 4849
1333 4849 1313 4263 1930 3702 1786 23 4405 3156 4382 1930 807 1786 705 4405 4374 3702 1930 1844
1313 4263 1930 3702 1786 23 4405 3156 4382 1930 807 1786 705 4405 4374 3702 1930 1844 1786 23
1930 3702 1786 1333 4849 1313 4263 1930 3702 1786 23 4849 4684 4382 1930 807 1786 3702 1786 705
23 4849 4374 4382 3045 1778 4684 1496 1930 545 1786 1167 1786 3378 3629 807 1786 1167 1786 1333
1786 1786 3702 1786 23 4849 4684 4382 1930 2899 4405 1313 4382 1786 1931 1786 23 4849 4374 4382
1786 1167 2899 1167 1786 1333 1778 1313 1836 1056 4405 1313 390 3045 2595 1313 4382 1930 4263 1786
3702 1786 23 4849 4374 4382 3045 1778 4684 1496 1930 545 1786 1167 1786 807 1786 3378 3629 1167
3045 4849 3156 4382 1930 4263 1786 807 1786 2899 4849 4374 4382 1930 2899 4405 1313 4382 3045 3378
4849 3156 4382 1930 3702 1786 23 4849 4374 4263 3702 2899 1786 23 4405 4684 4382 1930 807 1786
1786 1333 1778 1139 1836 1056 4405 1313 390 3045 2595 1313 4382 1930 4263 1786 1530 1786 1333 2595
3045 1778 4684 1496 1930 545 1786 1167 1786 3378 3629 807 1786 1167 1786 1333 4849 4374 1931 1056
1786 1167 1786 3378 3629 807 1786 1167 1786 1333 1778 4684 1931 1056 4405 1313 1496 3045 4849 3156
3629 1167 1786 23 4849 3130 1931 1056 4405 1313 1496 3045 4849 3156 4382 1930 4263 1786 807 1786
3378 3629 807 1786 1167 1786 1333 4849 4374 1931 1056 4405 1313 390 3045 4849 1313 4382 1930 3702
4849 1313 4263 1930 3702 1786 23 4405 4684 807 1844 1786 1786 3702 1786 23 4849 4684 4382 1930
23 4849 4684 4382 1496 2899 1786 3702 1786 23 4849 4684 4382 1930 2899 4849 4405 4382 1786 1931
4263 1930 545 3045 23 4405 3156 4382 1786 3156 1786 2899 4405 3130 545 1786 2899 4405 1313 1496
1786 3702 1786 23 4849 3130 4382 1333 4849 4684 1496 1930 545 1786 1167 1786 3378 3629 807 1786
4382 1786 1167 1786 3378 3629 1167 1786 23 4849 3130 1931 1056 4405 1313 1496 3045 4849 3156 4382
3629 1167 1786 1333 2595 3130 1836 1056 4405 1313 1496 3045 2595 3156 4382 1930 4263 1786 1530 1786
4405 1313 1496 3045 4849 3156 4382 1930 3702 1786 23 4849 1313 4263 1930 3702 1786 23 4849 4684
4684 1496 1930 545 1786 1167 1786 3378 3629 807 1786 1167 1786 1333 1778 4684 1931 1056 4405 1313
1313 4382 1786 1931 1786 23 4849 4374 4382 3045 1778 4684 1496 1930 545 1786 1167 1786 807 1786
