552 2532 4581 2949 2949 2949 2949 2758 1454 4647 3127 3127 4647 1454 4647 2411 1454 119 119 4647
4888 2754 4588 1791 3476 3476 1791 1791 2750 911 2957 4013 911 3927 1618 1618 1618 1618 1200 1618
911 2957 4013 1200 911 3927 1618 1618 1618 1618 1618 1618 1387 3270 3270 2532 552 552 3642 2381
1618 1618 1387 3270 3270 2532 552 2532 4581 2949 2949 2949 2949 2758 1454 4647 3127 3127 4647 1454
4647 3476 1454 119 4647 4647 3476 4647 3270 2532 1387 3270 2532 4581 2268 2268 2268 2268 2758 271
2381 2381 2532 4581 2949 2949 1791 3364 3478 4643 1387 3308 891 3270 3478 3478 891 2949 2758 1454
4643 2750 2750 1791 3476 3642 552 928 928 928 1387 1387 1387 1387 4888 2754 4588 4643 3476 2750
928 928 928 928 263 263 263 263 552 3642 552 4888 2957 4588 1791 2750 2750 1791 3476 3642
4013 4013 928 928 928 928 928 1387 1387 1387 552 3642 1387 4888 2754 4588 1791 2750 2750 1791
928 263 263 263 263 552 3642 552 4888 2754 4588 1791 3476 2750 1791 3476 3642 552 928 928
3478 4643 1387 3308 1387 3478 3478 891 2381 2381 2381 2381 2381 2381 2381 2381 2381 2381 3478 3364
3270 3270 1387 2532 552 2532 4581 2949 2949 2949 2949 2758 271 4965 2411 4643 4965 271 271 4965
2750 4643 3476 911 2957 4013 1200 911 3927 1618 1618 1618 552 4581 3270 1387 2532 2532 4581 2949
552 928 928 928 1387 1387 1387 4888 2754 4588 1791 3476 2750 1791 1791 2750 911 2957 4013 1200
1454 2411 4647 4647 3127 4647 3270 2532 1387 891 3270 2532 4581 2268 2268 2268 2268 2758 271 271
1387 1387 4888 3927 4588 1791 3476 2750 1791 3476 911 2957 4013 1200 911 3927 1618 1618 1618 1387
4588 4643 3476 2750 1791 3476 3642 552 928 928 928 1387 1387 1387 4888 2754 4588 4643 3476 2750
3270 2532 1387 3270 2532 4581 2949 2949 2949 2949 2758 271 4965 3476 3127 4965 271 271 4965 1387
4888 3927 4588 1791 2750 2750 1791 3476 911 3927 4013 1200 911 3927 271 4581 4581 1387 3270 3270
1791 2750 2750 1791 3476 3642 552 928 928 928 1387 1387 1387 4888 3927 4588 1791 3476 2750 1791
2758 1454 4647 3127 3127 4647 1454 1454 4647 2411 119 4647 4647 119 4647 3270 2532 3642 552 1387
2750 1791 3476 911 2957 4013 1200 911 3927 271 271 271 271 271 271 1387 3270 3270 2532 552
271 271 4965 2411 119 4965 4965 3127 4965 3270 2532 1387 3270 2532 4581 2949 2949 2949 2949 2758
4965 2411 4643 4965 271 271 4965 2411 119 4965 4965 3127 4965 3270 2532 3642 552 1387 1387 3270
3927 271 4581 4581 1387 3270 3270 2532 3642 552 1387 3270 552 2532 4581 2949 2949 2949 2949 2758
2381 2381 2381 2381 2381 1791 3364 3478 4643 1387 119 891 4643 891 3478 2411 3478 1387 3478 891
1791 3476 3642 552 928 928 928 928 928 1387 1387 1387 4888 2754 4588 1791 3476 2750 1791 3476
928 928 928 928 928 1387 1387 1387 1387 552 3642 4888 2754 4588 1791 3476 3476 1791 1791 2750
3478 3478 891 2949 2758 1454 1454 4647 3127 3127 4647 1454 1454 4647 3127 1454 1454 2411 4647 4647
3642 2381 2381 2381 2381 2381 2381 2381 2381 2381 2381 552 4643 3364 3478 4643 1387 3308 891 3478
2532 4581 2949 2949 2949 2949 2758 271 4965 3127 3127 4965 271 271 4965 2411 119 4965 4965 3127
1454 4647 3127 3127 4647 1454 1454 4647 2411 119 4647 4647 119 4647 3270 2532 3642 552 1387 3270
3270 3270 2532 552 2532 4581 2949 2949 2949 2949 2758 271 4965 3127 3127 4965 271 271 4965 2411
928 928 263 263 552 3642 4888 3927 4588 1791 2750 2750 1791 3476 3642 552 928 928 928 1387
3270 2532 552 552 3642 4643 552 2381 2381 2381 2381 2381 2381 2381 2381 2381 1791 3364 3478 4643
1387 1387 4888 3927 4588 1791 3476 2750 1791 3476 911 2957 4013 1200 911 3927 271 271 271 1387
911 3927 1618 1618 1618 552 4581 3270 1387 2532 2532 4581 2949 2949 2949 2949 2758 4013 1791 3127
271 271 271 3270 3270 1387 2532 552 2532 4581 2949 3270 2949 2949 2758 271 4965 3127 3127 4965
4581 2268 2268 2268 2268 2758 271 271 4965 3476 3127 4965 271 271 4965 119 271 271 119 4965
2532 4581 2949 2949 2949 2949 2758 271 4965 3476 3127 4965 271 4965 2411 271 119 4965 4965 3476
4643 263 1387 1387 3308 1387 3478 3478 1387 1791 4643 3478 4643 1387 3308 1387 3478 3478 1387 2381
928 928 1387 1387 1387 552 3642 1387 4888 2754 4588 1791 2750 2750 1791 3476 911 2957 4013 1200
2754 4588 4643 3476 2750 1791 3476 3642 552 928 928 928 1387 1387 1387 4888 2754 4588 4643 3476
1791 2750 911 2957 4013 911 3927 1618 1618 1618 1618 1200 1618 1618 3270 3270 2532 1387 552 552
4588 1791 3476 2750 1791 3476 3642 552 928 928 928 928 928 1387 1387 1387 4888 2754 4588 1791
2949 2949 2949 2949 2758 271 4965 3127 3127 4965 271 4965 3127 119 271 4965 4965 3127 4965 3270
2949 2949 2949 2758 271 4965 3127 3127 4965 271 4965 3476 271 119 4965 4965 2411 4965 3270 2532
911 3927 4013 1200 911 3927 1618 1618 1618 1618 1618 1618 1387 3270 3270 2532 552 552 3642 2381
3927 4588 1791 3476 2750 1791 3476 911 2957 4013 1200 911 3927 1618 1618 1618 1387 3270 3270 2532
911 2957 4013 1200 911 3927 271 4581 4581 1387 3270 3270 2532 3642 552 552 2532 4581 2949 2949
3476 2750 1791 3476 3642 552 928 928 928 1387 1387 1387 4888 2754 4588 4643 3476 2750 4643 3476
3478 3478 1387 1791 1387 3478 4643 1387 3308 1387 3478 3478 1387 2381 2381 2381 2381 2381 2381 2381
263 263 552 3642 4888 3927 4588 4643 2750 2750 4643 3476 3642 552 928 928 928 1387 1387 1387
1791 3476 911 2957 4013 1200 911 3927 1618 1618 1618 1387 3270 3270 2532 552 2532 4581 2949 2949
4643 3476 2750 3478 1791 2411 911 2957 4013 1200 911 3927 271 271 271 1387 911 3270 2532 2532
3478 4643 1387 3308 891 3270 3478 3478 891 2949 2758 1454 1454 4647 3127 3127 4647 1454 1454 4647
263 263 552 3642 4888 3927 4588 1791 3476 2750 1791 3476 3642 552 928 928 928 1387 1387 1387
3364 3478 4643 1387 3308 891 3478 3478 891 2381 2381 2381 2381 2381 2381 2381 2381 2381 2381 2532
552 3642 4888 3927 4588 4643 2750 2750 4643 3476 3642 552 928 928 928 1387 1387 1387 4888 2754
928 928 1387 1387 1387 552 3642 1387 4888 2754 4588 1791 2750 2750 1791 3476 911 2957 4013 1200
263 263 263 552 3642 552 4888 2754 4588 1791 3476 2750 1791 3476 3642 552 552 4013 4013 928
2750 4643 3476 3642 552 928 928 928 1387 1387 1387 4888 2754 4588 4643 3476 2750 4643 3476 911
263 263 552 3642 4888 2754 4588 4643 3476 2750 1791 3476 3642 552 928 928 928 1387 1387 1387
2381 2381 2381 2381 2381 2381 2381 2381 2532 4581 2949 2949 2949 2949 2758 271 271 4965 3127 3127
1387 4888 2754 4588 4643 3476 2750 4643 3476 911 2957 4013 1200 911 3927 271 4581 4581 1387 3270
2411 4643 4965 271 271 4965 2411 119 4965 4965 3127 4965 3270 2532 3642 552 1387 1387 3270 928
263 263 552 3642 4888 3927 4588 1791 3476 2750 1791 3476 3642 552 928 928 928 1387 1387 1387
552 2532 4581 2949 2949 2949 2949 2758 1454 4647 3127 3127 4647 1454 1454 4647 2411 119 4647 4647
552 552 2532 4581 2949 2949 2949 2949 2758 1454 4647 3127 3127 4647 1454 4647 3127 1454 119 4647
3927 4588 1791 3476 2750 1791 3476 911 2957 4013 1200 911 3927 271 271 271 1387 3270 3270 2532
552 4888 2754 4588 1791 3476 2750 1791 3476 3642 552 928 928 928 928 928 1387 1387 1387 4888
2949 4965 3364 3478 4643 1387 3308 891 3270 3478 3478 891 2949 2758 1454 1454 4647 3127 3127 4647
2750 1791 3476 3642 552 928 928 928 928 928 1387 1387 1387 4888 2754 4588 1791 3476 2750 1791
2750 4643 3478 2750 911 2957 4013 1200 911 3927 271 271 1618 3270 3270 1387 2532 552 2532 3642
2532 4581 2949 2949 2949 2949 2758 271 4965 3476 3127 4965 271 4965 2411 271 119 4965 4965 3476
3476 2750 4643 1791 2750 911 2957 4013 911 3927 1618 1200 1618 1618 1387 3270 3270 2532 3642 552
1791 3476 911 2957 4013 1200 911 3927 1618 1618 1618 1387 3270 3270 2532 552 2532 4581 2949 2949
552 552 2532 4581 2949 2949 2949 2949 2758 1454 4647 3127 3127 4647 1454 4647 3127 1454 119 4647
3476 911 3927 4013 1200 911 3927 1618 1618 1618 1618 1618 1618 1387 3270 3270 2532 552 552 3642
4965 3476 119 271 4965 4965 3127 4965 3270 2532 891 3270 2532 4581 2949 2949 2949 2949 2758 271
3642 4888 2754 4588 1791 3476 3476 1791 1791 2750 911 2957 4013 911 3927 1618 1618 1618 1618 1200
2532 4581 2949 2949 2949 2949 2758 1454 4647 3127 3127 4647 1454 4647 2411 1454 119 119 4647 4647
2381 2381 1791 3364 3478 4643 1387 119 3364 4643 891 3478 2411 3478 1387 3478 891 3308 3476 3478
1618 4643 1618 1618 3270 3270 2532 1387 552 2532 4581 2949 2949 2949 2949 2758 1454 4647 3127 3127
3478 3478 1387 2381 2381 2381 2381 2381 2381 2381 2381 2381 2381 2532 4581 2949 2949 2949 2949 2758
3127 4647 3270 2532 1387 1387 3270 2532 4581 2268 2268 2268 2268 2758 271 271 4965 3476 119 4647
3642 552 928 928 928 928 928 1387 1387 1387 4888 2754 4588 1791 3476 2750 1791 3476 911 3927
4965 3127 4965 3270 2532 1387 3270 2532 4581 2949 2949 2949 2949 2758 271 4965 3476 3127 4965 271
2949 2949 2949 2758 271 4965 3127 3127 4965 271 4965 3476 271 119 4965 4965 2411 4965 3270 2532
4888 2754 4588 1791 3476 2750 1791 1791 2750 911 2957 4013 1200 911 3927 271 4581 4581 1387 3270
4581 4581 1387 3270 3270 2532 3642 552 552 2532 4581 2949 2949 2949 2949 2758 271 4965 3127 3127
2750 1791 3476 911 2957 4013 1200 911 3927 271 4581 4581 1387 3270 3270 2532 552 2532 4581 2949
1200 1618 1618 3270 3270 2532 1387 552 552 3642 2381 2381 2381 2381 2381 2381 2381 2381 2381 2381
271 1791 3127 3127 4965 3478 3364 3478 4643 1387 271 271 3308 891 3478 3478 891 4965 3127 271
928 928 263 263 263 552 3642 4888 3927 4588 1791 3476 2750 1791 3476 3642 552 928 928 928
2750 1791 3476 911 3927 4013 1200 911 3927 271 4581 4581 1387 3270 3270 2532 552 2532 4581 2949
1387 4888 2754 4588 4643 3476 2750 3478 1791 2411 911 2957 4013 1200 911 3927 271 271 271 1387
2411 3308 891 3478 3478 891 2381 2381 2381 2381 2381 2381 2381 2381 2381 2381 2532 4581 2949 2949
1387 552 552 3642 2381 2381 2381 2381 2381 2381 2381 2381 2381 2381 552 4643 3364 3478 4643 1387
3476 2750 1791 3476 3642 552 928 928 928 1387 1387 1387 4888 2957 4588 1791 3476 2750 1791 3476
3927 4588 1791 2750 2750 1791 3476 3642 552 928 928 928 1387 1387 1387 4888 3927 4588 1791 3476
3476 2750 1791 3476 3642 552 928 928 928 928 928 1387 1387 1387 4888 2754 4588 1791 3476 2750
1200 911 3927 1618 1618 1618 1618 1618 1618 1387 3270 3270 2532 552 552 3642 2381 2381 2381 2381
4588 4643 3476 2750 1791 3476 3642 552 928 928 928 1387 1387 4888 2754 4588 4643 3476 2750 4643
4588 4643 3476 2750 4643 1791 2750 911 2957 4013 911 3927 1618 1200 1618 1618 1387 3270 3270 2532
4965 4965 3127 4965 3270 2532 1387 3270 2532 4581 2949 2949 2949 2949 2758 271 4965 3476 3127 4965
263 263 263 552 3642 4888 2957 4588 4643 2750 2750 1791 3476 3642 552 928 928 928 1387 1387
3478 4588 3478 4643 1387 3308 1387 3478 3478 891 2381 2381 2381 2381 2381 2381 2381 2381 2381 2381
928 928 928 928 263 263 263 263 552 3642 552 4888 2957 4588 1791 2750 2750 1791 3476 3642
4647 3127 4647 3270 2532 1387 1387 3270 2532 4581 2268 2268 2268 2268 2758 271 271 4965 3476 3127
1387 3270 3270 2532 552 552 3642 2381 2381 2381 2381 2381 2381 2381 2381 2381 2381 552 3478 4588
2957 4013 911 3927 1618 1618 1618 1618 1200 1618 1618 3270 3270 2532 1387 552 552 3642 2381 2381
4647 3270 2532 1387 1387 3270 2532 4581 2268 2268 2268 2268 2758 271 271 4965 3476 3127 4647 271
263 263 552 3642 4888 3927 4588 1791 3476 2750 1791 3476 3642 552 928 928 928 1387 1387 1387
263 552 3642 552 4888 2754 4588 1791 3476 2750 1791 3476 3642 552 928 928 928 928 928 1387
3127 3127 4965 3478 3364 3478 4643 1387 271 271 3308 891 3478 3478 891 4965 3127 271 271 3127
4588 4643 3476 2750 1791 3476 3642 552 928 928 928 1387 1387 1387 4888 2754 4588 4643 3476 2750
3642 2381 2381 2381 2381 2381 2381 2381 2381 2381 2381 552 3478 1387 3478 4643 2411 3308 891 3478
2381 2381 2381 2381 2381 2381 2381 2381 2381 2532 4581 2949 2949 2949 2949 2758 271 271 4965 3127
2532 552 2532 4581 2949 3270 2949 2949 2758 1454 4647 3476 3127 4647 1454 4647 3476 1454 119 4647
4888 2754 4588 4643 3476 2750 3478 1791 2411 911 2957 4013 1200 911 3927 271 271 271 1387 911
2949 2758 271 271 4965 3127 3127 4965 3478 3364 3478 4643 1387 271 271 3308 891 3478 3478 891
3270 2532 3642 552 1387 3270 552 2532 4581 2949 2949 2949 2949 2758 271 4965 3476 3127 4965 271
2532 552 2532 4581 2949 3270 2949 2949 2758 271 4965 3127 3127 4965 271 271 4965 1387 119 4965
2754 4588 1791 2750 2750 1791 3476 911 2957 4013 1200 911 3927 1618 1618 1618 1618 1618 1618 1387
1791 2750 3642 552 928 928 928 1387 1387 1387 4888 2754 4588 1791 3476 2750 1791 1791 2750 911
2949 2758 271 4965 3127 3127 4965 271 271 4965 2411 119 4965 4965 2411 4965 3270 2532 3642 552
4588 4643 3476 2750 3478 1791 2411 911 2957 4013 1200 911 3927 271 271 271 1387 911 3270 2532
1791 3476 3642 552 928 928 928 1387 1387 1387 4888 2957 4588 4643 3476 2750 4643 1791 2750 911
1387 1387 1387 4888 2754 4588 4643 3476 2750 4643 3476 911 2957 4013 1200 911 3927 1618 1618 1618
3476 2750 1791 3476 3642 552 552 4013 4013 928 928 928 928 928 1387 1387 1387 1387 552 3642
3927 271 4581 4581 1387 3270 3270 2532 3642 552 1387 3270 552 2532 4581 2949 2949 2949 2949 2758
271 4965 3476 3127 4965 271 4965 2411 271 119 4965 4965 3127 4965 3270 2532 3642 552 1387 3270
3308 1387 3478 3478 1387 1791 3364 3478 4643 1387 3308 1387 3478 3478 1387 2381 2381 2381 2381 2381
2949 4581 4581 1387 3270 3270 2532 3642 552 552 2532 4581 2949 2949 2949 2949 2758 271 4965 3127
1200 911 3927 271 4581 4581 1387 3270 3270 2532 3642 552 1387 3270 552 2532 4581 2949 2949 2949
4588 1791 3476 3476 1791 1791 2750 911 2957 4013 911 3927 1618 1618 1618 1618 1200 1618 1618 3270
1387 1387 1387 4888 3927 4588 1791 2750 2750 1791 3476 911 3927 4013 1200 911 3927 271 4581 4581
4588 4643 3476 2750 1791 3476 3642 552 928 928 928 1387 1387 4888 2754 4588 4643 3476 2750 4643
1387 4888 2754 4588 4643 3476 2750 3478 1791 2411 911 2957 4013 1200 911 3927 271 271 271 1387
552 3642 2381 2381 2381 2381 2381 2381 2381 2381 2381 2381 552 4643 3364 3478 4643 1387 3308 891
1791 3476 911 2957 4013 1200 911 3927 271 4581 4581 1387 3270 3270 2532 552 2532 4581 2949 2949
271 4965 4965 3127 4965 3270 2532 891 3270 2532 4581 2949 2949 2949 2949 2758 271 4965 2411 3127
3478 891 2381 2381 2381 2381 2381 2381 2381 2381 2381 2381 1791 3364 3478 4643 1387 119 3364 4643
2750 1791 3476 3642 552 928 928 928 1387 1387 1387 4888 3927 4588 1791 3476 2750 1791 3476 911
2957 4013 1200 911 3927 1618 1618 1618 552 4581 3270 1387 2532 2532 4581 2949 2949 2949 2949 2758
552 928 928 928 1387 1387 4888 2754 4588 4643 3476 2750 1791 2750 911 2957 4013 1200 911 3927
3476 3642 552 928 928 928 1387 1387 1387 4888 2754 4588 4643 3476 2750 4643 3476 911 2957 4013
1387 1387 4888 2754 4588 4643 3476 2750 4643 3476 911 2957 4013 1200 911 3927 1618 1618 1618 1387
552 3478 4643 3478 4643 1387 3308 891 3478 3478 891 2381 2381 2381 2381 2381 2381 2381 2381 2381
2949 2949 2949 2949 2758 271 4965 3476 3127 4965 271 4965 2411 271 119 4965 4965 3476 4965 3270
4965 271 271 4965 2411 119 4965 4965 3127 4965 3270 2532 1387 3270 2532 4581 2949 2949 2949 2949
928 928 928 1387 1387 1387 4888 3927 4588 1791 3476 2750 1791 3476 911 2957 4013 1200 911 3927
928 928 928 1387 1387 1387 4888 2754 4588 1791 3476 2750 1791 3476 911 3927 4013 1200 911 3927
3270 2532 552 2532 4581 2949 2949 3270 2949 2758 271 4965 3127 3127 4965 271 271 4965 2411 2758
2957 4013 1200 911 3927 271 4581 4581 1387 3270 3270 2532 3642 552 552 2532 4581 2949 2949 2949
2532 1387 1387 3270 2532 4581 2268 2268 2268 2268 2758 271 271 4965 3476 119 4965 271 271 271
3476 2750 4643 2750 911 2957 4013 1200 911 3927 271 271 271 1387 911 3270 2532 552 2532 4581
2381 2381 2381 2381 2381 2381 2381 2381 2381 2381 2532 4581 2949 2949 2949 2949 2758 271 271 4965
3476 3308 891 3270 3478 3478 891 2949 2758 1454 1454 4647 3127 3127 4647 1454 1454 4647 3127 1454
2750 1791 3476 3642 552 928 928 928 1387 1387 1387 4888 2754 4588 4643 3476 2750 4643 3476 911
4581 2949 2949 2949 2949 2758 271 271 4965 3127 3127 4965 119 3364 3478 4643 1387 271 271 3308
2411 4643 4965 271 271 4965 2411 119 4965 4965 3127 4965 3270 2532 3642 552 1387 1387 3270 928
3476 3308 891 3270 3478 3478 891 2949 2758 1454 1454 4647 3127 3127 4647 1454 1454 4647 3127 1454
3308 1387 3478 3478 1387 1791 3364 3478 4643 1387 3308 1387 3478 3478 1387 2381 2381 2381 2381 2381
1387 1387 1387 552 3642 4888 2754 4588 4643 2750 2750 4643 1791 2750 911 2957 4013 1200 911 3927
3364 3478 4643 1387 3308 1387 3478 3478 1387 2381 2381 2381 2381 2381 2381 2381 2381 2381 2381 2532
2532 552 2532 4581 2949 2949 2949 2949 2758 1454 4647 3127 3127 4647 1454 1454 4647 2411 119 4647
2957 4013 1200 911 3927 1618 1618 1618 1387 4581 3270 2532 552 2532 4581 2949 2949 2949 2949 2758
3642 552 928 928 928 1387 1387 1387 4888 2754 4588 1791 3476 2750 1791 1791 2750 911 2957 4013
552 552 4013 4013 928 928 928 928 928 1387 1387 1387 1387 552 3642 4888 2754 4588 1791 3476
1618 1618 1618 1618 1387 3270 3270 2532 552 552 3642 2381 2381 2381 2381 2381 2381 2381 2381 2381
1387 1387 1387 4888 2754 4588 4643 3476 2750 4643 3476 911 2957 4013 1200 911 3927 1618 1618 1618
4643 1791 2750 911 2957 4013 911 3927 1618 1200 1618 1618 1387 3270 3270 2532 3642 552 552 2532
891 2949 2758 1454 1454 4647 3127 3127 4647 1454 1454 4647 3127 1454 1454 2411 4647 4647 3127 4647
271 4581 4581 1387 3270 3270 2532 552 2532 4581 2949 2949 2949 2949 2758 271 4965 3127 3127 4965
928 928 928 1387 1387 1387 4888 2754 4588 1791 3476 2750 1791 3476 911 2957 4013 1200 911 3927
4647 1454 1454 4647 3127 1454 1454 2411 4647 4647 3127 4647 3270 2532 1387 891 3270 2532 4581 2268
2949 2949 2949 2758 271 271 4965 3127 3127 4965 3478 3364 3478 4643 1387 271 271 3308 891 3478
3270 2532 552 2532 4581 2949 2949 2949 2949 2758 1454 4647 3127 3127 4647 1454 1454 4647 2411 119
3642 552 928 928 928 1387 1387 1387 1387 552 3642 4888 2754 4588 4643 2750 2750 4643 3478 2750
2381 2381 2381 2381 2381 2381 2381 2381 2381 2381 552 3478 4588 3478 4643 1387 3308 1387 3478 3478
2381 2381 2381 2381 2381 1791 3364 3478 4643 1387 119 891 4643 891 3478 2411 3478 1387 3478 891
552 3642 4888 3927 4588 1791 2750 2750 1791 3476 3642 552 928 928 928 1387 1387 1387 4888 2754
4643 3476 2750 3478 1791 3476 911 2957 4013 911 3927 1618 2957 1618 1618 3270 3270 2532 1387 552
3642 4888 2754 4588 4643 2750 2750 4643 3478 2750 911 2957 4013 1200 911 3927 271 1618 1618 3270
2381 2381 2381 2381 2381 2381 2381 2381 2381 2532 4581 2949 2949 2949 3478 3364 3478 4643 2411 3308
271 119 119 4965 4965 4965 3127 4965 2532 552 1387 3270 2532 3642 552 928 928 3270 891 2532
4888 3927 4588 1791 2750 2750 1791 3476 3642 552 928 928 928 1387 1387 1387 4888 3927 4588 1791
2949 4581 2949 2949 2758 1454 4647 3476 3127 4647 1454 4647 3127 1454 119 4647 4647 3476 4647 3270
271 1618 271 1387 3270 3270 2532 552 552 3642 4643 3642 2381 2381 2381 2381 2381 2381 2381 2381
271 271 271 271 271 271 1387 3270 3270 2532 552 552 3642 2381 552 2381 2381 2381 2381 2381
1791 3476 911 2957 4013 1200 911 3927 1618 1618 1618 1618 1618 1618 1387 3270 3270 2532 552 552
3127 4647 1454 4647 2411 1454 119 119 4647 4647 4647 3127 4647 2532 552 3270 2532 1387 1387 3270
891 3478 2411 3478 1387 3478 891 3308 3476 3478 1791 891 1387 3270 1791 3364 3478 4643 1387 3308
2532 4581 2268 2268 2268 2268 2758 271 271 4965 3476 119 4965 271 271 271 271 4965 119 2758
928 928 1387 1387 1387 4888 2754 4588 1791 3476 2750 1791 3476 911 2957 4013 1200 911 3927 271
263 263 552 3642 4888 3927 4588 1791 2750 2750 1791 3476 3642 552 928 928 928 1387 1387 1387
2949 2949 2949 2758 1454 4647 3127 3127 4647 1454 1454 4647 2411 119 4647 4647 3476 4647 3270 2532
4588 1791 3476 2750 1791 3476 3642 552 928 928 928 928 928 1387 1387 1387 4888 2754 4588 1791
1791 3476 3642 552 928 928 928 1387 1387 1387 4888 2957 4588 4643 3476 2750 4643 3476 911 2957
2381 2381 2381 2381 552 2411 4588 3478 4643 1387 3308 1387 3478 3478 891 2381 2381 2381 2381 2381
3927 4588 1791 3476 2750 1791 3476 3642 552 928 928 928 1387 1387 1387 4888 3927 4588 1791 3476
552 3642 552 4888 2754 4588 1791 3476 2750 1791 3476 3642 552 552 4013 4013 928 928 928 928
2949 2949 2949 2949 2758 271 4965 3127 3127 4965 271 4965 3127 119 271 4965 4965 3127 4965 3270
3476 2750 1791 3476 3642 552 928 928 928 1387 1387 1387 4888 3927 4588 1791 3476 2750 1791 3476
1618 1618 1618 1618 1618 1387 3270 3270 2532 552 552 3642 2381 2381 2381 2381 2381 2381 2381 2381
3478 891 2381 2381 2381 2381 2381 2381 2381 2381 2381 2381 2532 4581 2949 2949 1791 3364 3478 4643
4888 2957 4588 1791 2750 2750 1791 3476 3642 552 552 4013 4013 928 928 928 928 928 1387 1387
3270 3270 2532 1387 552 2532 4581 2949 2949 2949 2949 2758 1454 4647 3127 3127 4647 1454 4647 2411
3476 3642 552 928 928 928 1387 1387 1387 4888 2957 4588 4643 3476 2750 4643 3476 911 2957 4013
263 263 263 552 3642 4888 3927 4588 1791 3476 2750 1791 3476 3642 552 928 928 928 1387 1387
928 263 263 552 3642 4888 3927 4588 4643 3476 2750 1791 3476 3642 552 928 928 928 1387 1387
1791 3476 2750 1791 3476 911 2957 4013 1200 911 3927 271 271 271 1387 3270 3270 2532 552 1791
3927 4588 4643 2750 2750 4643 3476 3642 552 928 928 928 1387 1387 1387 4888 2754 4588 4643 3476
2381 2381 2381 2381 2381 2381 2381 2532 4581 2949 2949 2949 3478 3364 3478 4643 1387 3308 891 2949
3476 3642 552 928 928 928 1387 1387 1387 4888 3927 4588 1791 3476 2750 1791 3476 911 2957 4013
2957 4013 1200 911 3927 271 271 271 3270 3270 1387 2532 552 2532 4581 2949 3270 2949 2949 2758
4965 3476 119 271 4965 4965 3127 4965 3270 2532 891 3270 2532 4581 2949 2949 2949 2949 2758 271
4888 3927 4588 1791 2750 2750 1791 3476 911 3927 4013 1200 911 3927 271 4581 4581 1387 3270 3270
552 552 4013 4013 928 928 928 928 928 1387 1387 1387 552 3642 1387 4888 2754 4588 1791 2750
2750 1791 3476 3642 552 928 928 928 1387 1387 1387 1387 4888 2754 4588 4643 3476 2750 3478 3478
1454 4647 3476 1454 119 4647 4647 3476 4647 3270 2532 1387 3270 2532 4581 2268 2268 2268 2268 2758
3927 4588 1791 3476 2750 1791 3476 911 2957 4013 1200 911 3927 1618 1618 1618 1387 3270 3270 2532
2532 4581 2949 2949 2949 2949 2758 1454 4647 3127 3127 4647 1454 1454 4647 2411 119 4647 4647 3476
911 3927 1618 1200 1618 1618 1387 3270 3270 2532 3642 552 552 2532 4581 2949 2949 2949 2949 2758
1387 1387 1387 4888 2754 4588 4643 3476 2750 4643 3476 911 2957 4013 1200 911 3927 1618 1618 1618
1791 3476 911 2957 4013 1200 911 3927 271 4581 4581 1387 3270 3270 2532 3642 552 552 2532 4581
2532 4581 2949 2949 2949 2949 2758 1454 4647 3127 3127 4647 1454 1454 4647 2411 119 4647 4647 119
263 263 552 3642 552 4888 2754 4588 1791 3476 2750 1791 3476 3642 552 928 928 928 928 928
4581 1387 3270 3270 2532 552 2532 4581 2949 2949 2949 2949 2758 271 4965 3127 3127 4965 271 271
2754 4588 4643 3476 2750 4643 3476 911 2957 4013 1200 911 3927 1618 1618 1618 1387 4581 3270 2532
2381 1791 3364 3478 4643 1387 119 3364 4643 891 3478 2411 3478 1387 3478 891 3308 3476 3478 1791
3478 3478 891 4965 3127 271 271 119 119 4965 4965 4965 3127 4965 2532 552 1387 3270 2532 3642
3642 552 552 4013 4013 928 928 928 928 928 1387 1387 1387 1387 552 3642 4888 2754 4588 1791
552 3642 552 4888 2754 4588 1791 3476 2750 1791 3476 3642 552 928 928 928 928 928 1387 1387
3127 4965 271 4965 2411 271 119 4965 4965 3476 4965 3270 2532 3642 552 1387 3270 4013 2754 4588
4965 3364 3478 4643 1387 3308 891 3270 3478 3478 891 2949 2758 1454 1454 4647 3127 3127 4647 1454
1387 4888 3927 4588 1791 3476 2750 1791 3476 911 2957 4013 1200 911 3927 1618 1618 1618 1387 3270
3476 2750 4643 3476 911 2957 4013 1200 911 3927 271 4581 4581 1387 3270 3270 2532 3642 552 552
4647 3127 1454 1454 2411 4647 4647 3127 4647 3270 2532 1387 891 3270 2532 4581 2268 2268 2268 2268
263 263 552 3642 4888 3927 4588 4643 3476 2750 1791 3476 3642 552 928 928 928 1387 1387 4888
3478 891 2949 2758 1454 1454 4647 3127 3127 4647 1454 1454 4647 3127 1454 1454 2411 4647 4647 3127
3270 3270 1387 2532 552 2532 4581 2949 2949 2949 2949 2758 271 4965 2411 4643 4965 271 271 4965
1387 1387 1387 1387 552 3642 4888 2754 4588 1791 3476 3476 1791 1791 2750 911 2957 4013 911 3927
3476 2750 4643 1791 2750 3642 552 928 928 928 1387 1387 1387 4888 2754 4588 4643 2750 2750 4643
2750 1791 3476 3642 552 552 4013 4013 928 928 928 928 928 1387 1387 1387 552 3642 1387 4888
2750 911 2957 4013 1200 911 3927 271 271 271 3270 3270 1387 2532 552 2532 3642 552 1387 1387
3476 911 2957 4013 2957 911 2957 1618 1618 1618 1387 3270 3270 2532 3642 2532 4581 2949 2949 2949
2750 2750 4643 3478 2750 911 2957 4013 1200 911 3927 271 1618 1618 3270 3270 1387 2532 552 2532
4647 3270 2532 1387 3270 2532 4581 2268 2268 2268 2268 2758 271 4965 3476 3127 4647 271 271 4965
3927 271 4581 4581 1387 3270 3270 2532 552 2532 4581 2949 2949 2949 2949 2758 271 4965 3127 3127
1791 3476 911 2957 4013 1200 911 3927 271 271 271 271 271 271 1387 3270 3270 2532 552 552
3476 3642 552 928 552 928 928 1387 1387 552 3642 4888 2754 4588 4643 3476 2750 4643 3476 911
928 928 928 1387 1387 1387 4888 2754 4588 1791 3476 2750 1791 3476 911 2957 4013 1200 911 3927
1387 1791 1387 3478 4643 1387 3308 1387 3478 3478 1387 2381 2381 2381 2381 2381 2381 2381 2381 2381
552 3642 4643 552 2381 2381 2381 2381 2381 2381 2381 2381 2381 1791 3364 3478 4643 263 1387 1387
3476 2750 1791 3476 3642 552 928 928 928 1387 1387 4888 2754 4588 4643 3476 2750 4643 2750 911
3476 2750 4643 1791 2750 911 2957 4013 911 3927 1618 1200 1618 1618 1387 3270 3270 2532 3642 552
4888 3927 4588 1791 3476 2750 1791 3476 911 2957 4013 1200 911 3927 1618 1618 1618 1387 3270 3270
271 1387 3270 3270 2532 552 2532 4581 2949 2949 3270 2949 2758 271 4965 3127 3127 4965 271 271
3642 552 928 928 928 928 928 1387 1387 1387 4888 2754 4588 1791 3476 2750 1791 3476 911 2957
3127 4965 271 271 4965 2411 119 4965 4965 3127 4965 3270 2532 1387 3270 2532 4581 2949 2949 2949
4888 2957 4588 1791 3476 2750 1791 2750 3642 552 928 928 928 1387 1387 1387 4888 2754 4588 1791
2532 4581 2949 2949 2949 2949 2758 271 4965 2411 4643 4965 271 271 4965 2411 119 4965 4965 3127
2758 1454 1454 4647 3127 3127 4647 1454 1454 4647 3127 1454 1454 119 4647 4647 3127 4647 3270 2532
928 928 263 263 552 3642 4888 2754 4588 4643 3476 2750 1791 3476 3642 552 928 928 928 1387
1387 1387 4888 2754 4588 1791 3476 2750 1791 3476 911 3927 4013 1200 911 3927 1618 1618 1618 1618
891 2381 2381 2381 2381 2381 2381 2381 2381 2381 2381 1791 3364 3478 4643 1387 119 891 4643 891
1387 1387 4888 2957 4588 4643 3476 2750 4643 1791 2750 911 2957 4013 911 3927 1618 1200 1618 1618
911 3927 1618 2957 1618 1618 3270 3270 2532 1387 552 2532 4581 2949 2949 2949 2949 2758 1454 4647
2949 2758 271 4965 3127 3127 4965 271 271 4965 2411 119 4965 4965 2411 4965 3270 2532 3642 552
2532 552 2532 4581 2949 2949 2949 2949 2758 271 4965 3127 3127 4965 271 4965 3476 119 271 4965
3927 4588 1791 3476 2750 1791 3476 911 2957 4013 1200 911 3927 271 271 271 1387 3270 3270 2532
1454 2411 4647 4647 3127 4647 3270 2532 1387 891 3270 2532 4581 2268 2268 2268 2268 2758 271 271
3270 3270 2532 3642 552 1387 3270 552 2532 4581 2949 2949 2949 2949 2758 271 4965 3476 3127 4965
2381 2381 2381 2381 552 2411 4588 3478 4643 1387 3308 1387 3478 3478 891 2381 2381 2381 2381 2381
263 263 263 552 3642 552 4888 2754 4588 1791 3476 2750 1791 3476 3642 552 552 4013 4013 928
271 271 271 1387 3270 3270 2532 552 2532 4581 2949 2949 3270 2949 2758 271 4965 3127 3127 4965
263 552 3642 4888 2754 4588 4643 3476 2750 4643 3476 3642 552 928 552 928 928 1387 1387 552
911 2957 1618 1618 1618 1387 3270 3270 2532 3642 2532 4581 2949 2949 2949 2949 2758 1454 4647 3476
2949 2949 2949 2949 2758 271 4965 3127 3127 4965 271 4965 119 271 119 4965 4965 3476 4965 3270
3927 1618 1200 1618 1618 1387 3270 3270 2532 3642 552 552 2532 4581 2949 2949 2949 2949 2758 1454
4013 911 3927 1618 1200 1618 1618 1387 3270 3270 2532 3642 552 552 2532 4581 2949 2949 2949 2949
2381 2381 2381 2381 2381 2381 2381 2381 2381 2532 4581 2949 2949 1791 3364 3478 4643 1387 3308 891
2750 1791 3476 911 2957 4013 1200 911 3927 271 271 271 271 271 271 1387 3270 3270 2532 552
263 552 3642 4888 2957 4588 4643 2750 2750 1791 3476 3642 552 928 928 928 1387 1387 1387 1387
3476 2750 1791 2750 3642 552 928 928 928 1387 1387 1387 4888 2754 4588 1791 3476 2750 1791 3478
4588 1791 3476 2750 1791 3476 911 2957 4013 1200 911 3927 271 271 271 271 271 271 1387 3270
2532 4581 2949 2949 2949 2949 2758 271 4965 3127 3127 4965 271 4965 3127 119 271 4965 4965 3127
3476 2750 4643 3476 911 2957 4013 1200 911 3927 1618 1618 1618 552 4581 3270 1387 2532 2532 4581
3127 4965 3478 3364 3478 4643 1387 271 271 3308 891 3478 3478 891 4965 3127 271 271 119 119
2957 4013 1200 911 3927 271 4581 4581 1387 3270 3270 2532 552 2532 4581 2949 2949 2949 2949 2758
2750 911 2957 4013 911 3927 1618 1618 1618 1618 1200 1618 1618 3270 3270 2532 1387 552 552 3642
1791 3364 3478 4643 263 1387 1387 3308 1387 3478 3478 1387 1791 3364 3478 4643 1387 3308 1387 3478
3927 2949 4581 4581 1387 3270 3270 2532 3642 552 552 2532 4581 2949 2949 2949 2949 2758 271 4965
928 928 928 1387 1387 1387 552 3642 1387 4888 2754 4588 1791 2750 2750 1791 3476 911 2957 4013
552 3642 4888 3927 4588 4643 3476 2750 1791 3476 3642 552 928 928 928 1387 1387 4888 2754 4588
2381 2381 2381 2381 2381 2381 2381 2381 2381 2381 2532 4581 2949 2949 2949 3478 3364 3478 4643 1387
3642 552 928 928 928 1387 1387 1387 4888 2754 4588 1791 3476 2750 1791 1791 2750 911 2957 4013
1791 3476 3642 552 928 928 928 928 928 1387 1387 1387 4888 2754 4588 1791 3476 2750 1791 3476
1387 1387 1387 4888 2754 4588 4643 3476 2750 3478 1791 3476 911 2957 4013 911 3927 1618 2957 1618
2532 4581 2268 2268 2268 2268 2758 271 271 4965 3476 119 4965 271 271 271 271 4965 119 2758
2754 4588 1791 3476 2750 1791 3476 3642 552 928 928 928 928 928 1387 1387 1387 4888 2754 4588
3308 1387 3478 3478 891 2381 2381 2381 2381 2381 2381 2381 2381 2381 2381 1791 3364 3478 4643 1387
3927 271 271 271 271 271 271 1387 3270 3270 2532 552 552 3642 2381 552 2381 2381 2381 2381
3927 4013 1200 911 3927 1618 1618 1618 1618 1618 1618 1387 3270 3270 2532 552 552 3642 2381 2381
4581 4581 1387 3270 3270 2532 552 2532 4581 2949 2949 2949 2949 2758 271 4965 3127 3127 4965 271
271 119 4965 4965 3476 4965 3270 2532 3642 552 1387 3270 4888 2754 4588 1791 3476 2750 1791 3476
271 4965 3476 3127 4965 271 4965 2411 271 119 4965 4965 3127 4965 3270 2532 3642 552 1387 3270
3270 3270 2532 552 2532 4581 2949 2949 2949 2949 2758 271 4965 3127 3127 4965 271 271 4965 2411
4643 3476 2750 1791 3476 3642 552 928 928 928 1387 1387 1387 4888 2957 4588 4643 3476 2750 4643
2754 4588 4643 3476 2750 4643 3476 911 2957 4013 1200 911 3927 271 4581 4581 1387 3270 3270 2532
3478 3478 891 2381 2381 2381 2381 2381 2381 2381 2381 2381 2381 2532 4581 2949 2949 2949 3478 3364
4013 1200 911 3927 1618 1618 1618 1618 1618 1618 1387 3270 3270 2532 552 552 3642 2381 2381 2381
2949 2758 271 271 4965 3127 3127 4965 3478 3364 3478 4643 1387 271 271 3308 891 3478 3478 891
3476 3642 552 928 928 928 1387 1387 1387 4888 3927 4588 1791 2750 2750 1791 3476 911 3927 4013
1618 1618 1618 1618 1387 3270 3270 2532 552 552 3642 2381 2381 2381 2381 2381 2381 2381 2381 2381
4588 1791 3476 2750 1791 3476 911 2957 4013 1200 911 3927 271 271 271 1387 3270 3270 2532 552
1387 4888 3927 4588 1791 3476 2750 1791 3476 911 2957 4013 1200 911 3927 271 4581 4581 1387 3270
271 4581 4581 1387 3270 3270 2532 552 2532 4581 2949 2949 2949 2949 2758 271 4965 3127 3127 4965
2949 2758 271 4965 3127 3127 4965 271 4965 119 271 119 4965 4965 3476 4965 3270 2532 1387 3270
271 1387 3270 3270 2532 552 552 3642 4643 3642 2381 2381 2381 2381 2381 2381 2381 2381 2381 1791
4888 3927 4588 4643 2750 2750 4643 3476 3642 552 928 928 928 1387 1387 1387 4888 2754 4588 4643
2949 2949 2949 2949 2758 1454 4647 3127 3127 4647 1454 1454 4647 2411 119 4647 4647 3476 4647 3270
1791 3476 3642 552 552 4013 4013 928 928 928 928 928 1387 1387 1387 1387 552 3642 4888 2754
4581 1387 3270 3270 2532 3642 552 3364 3270 552 2532 4581 2949 2949 2949 2949 2758 271 4965 3476
4643 3476 2750 4643 3476 3642 552 928 928 928 1387 1387 1387 1387 552 3642 4888 2754 4588 4643
2381 552 3478 3476 3478 4643 1387 3308 891 3478 3478 891 2381 2381 2381 2381 2381 2381 2381 2381
4888 3927 4588 1791 3476 2750 1791 3476 911 2957 4013 1200 911 3927 271 4581 4581 1387 3270 3270
552 3642 4888 2754 4588 4643 3476 2750 1791 3476 3642 552 928 928 928 1387 1387 1387 4888 2754
2381 2381 552 3478 3476 3478 4643 1387 3308 891 3478 3478 891 2381 2381 2381 2381 2381 2381 2381
4013 1200 911 3927 271 4581 4581 1387 3270 3270 2532 552 2532 4581 2949 2949 2949 2949 2758 271
928 928 263 263 552 3642 4888 3927 4588 1791 3476 2750 1791 3476 3642 552 928 928 928 1387
1200 911 3927 271 4581 4581 1387 3270 3270 2532 552 2532 4581 2949 2949 2949 2949 2758 271 4965
928 263 263 552 3642 4888 2957 4588 1791 3476 2750 1791 2750 3642 552 928 928 928 1387 1387
2381 2381 2381 2381 2381 2381 2381 2381 552 3478 4588 3478 4643 1387 3308 1387 3478 3478 891 2381
552 2411 4588 3478 4643 1387 3308 1387 3478 3478 891 2381 2381 2381 2381 2381 2381 2381 2381 2381
552 552 4013 4013 928 928 928 928 928 1387 1387 1387 552 3642 1387 4888 2754 4588 1791 2750
2750 4643 1791 2750 3642 552 928 928 928 1387 1387 1387 4888 2754 4588 4643 2750 2750 4643 2750
4643 1791 2750 3642 552 928 928 928 1387 1387 1387 4888 2754 4588 4643 2750 2750 4643 2750 911
4647 4647 3127 4647 3270 2532 1387 1387 3270 2532 4581 2268 2268 2268 2268 2758 271 271 4965 3476
2750 4643 3476 3642 552 928 928 928 1387 1387 1387 4888 2754 4588 4643 3476 2750 4643 3476 911
928 263 263 552 3642 4888 3927 4588 1791 3476 2750 1791 3476 3642 552 928 928 928 1387 1387
928 263 263 552 3642 4888 2754 4588 4643 3476 2750 1791 3476 3642 552 928 552 928 928 1387
891 4965 3127 271 271 119 119 4965 4965 4965 3127 4965 2532 552 1387 3270 2532 3642 552 928
2750 911 2957 4013 911 3927 1618 1618 1618 1618 1200 1618 1618 3270 3270 2532 1387 552 552 3642
119 3364 4643 891 3478 2411 3478 1387 3478 891 3308 3476 3478 1791 891 1387 3270 1791 3364 3478
2532 1387 552 552 3642 2381 2381 2381 2381 2381 2381 2381 2381 2381 2381 552 4643 3364 3478 4643
928 263 263 552 3642 4888 2754 4588 4643 3476 2750 1791 3476 3642 552 928 928 928 1387 1387
3642 552 4888 2957 4588 1791 2750 2750 1791 3476 3642 552 552 4013 4013 928 928 928 928 928
1387 1387 4888 2754 4588 4643 2750 2750 4643 2750 911 2957 4013 1200 911 3927 271 4581 4581 3270
2750 1791 3476 3642 552 928 928 928 928 928 1387 1387 1387 4888 2754 4588 1791 3476 2750 1791
1791 3476 3642 552 928 928 928 1387 1387 1387 4888 2754 4588 4643 3476 2750 4643 3476 911 2957
1791 3476 3642 552 928 928 928 1387 1387 1387 4888 2754 4588 4643 3476 2750 4643 3476 911 2957
3642 552 4888 2754 4588 1791 3476 2750 1791 3476 3642 552 928 928 928 928 928 1387 1387 1387
3476 2750 1791 3476 911 2957 4013 2957 911 2957 1618 1618 1618 1387 3270 3270 2532 3642 2532 4581
3476 2750 3478 1791 2411 911 2957 4013 1200 911 3927 271 271 271 1387 911 3270 2532 2532 4581
2754 4588 4643 2750 2750 4643 2750 911 2957 4013 1200 911 3927 271 4581 4581 3270 3270 1387 2532
3478 1791 2411 911 2957 4013 1200 911 3927 271 271 271 1387 911 3270 2532 2532 4581 2949 2949
928 928 928 1387 1387 1387 4888 3927 4588 1791 3476 2750 1791 3476 911 2957 4013 1200 911 3927
2381 2381 2532 4581 2949 2949 1791 3364 3478 4643 1387 3308 891 3270 3478 3478 891 2949 2758 1454
3642 552 928 928 928 1387 1387 1387 4888 3927 4588 1791 2750 2750 1791 3476 911 3927 4013 1200
3927 1618 1618 1618 1387 3270 3270 2532 552 2532 4581 2949 2949 2949 2949 2758 1454 4647 3127 3127
4581 2268 2268 2268 2268 2758 271 4965 3476 3127 4965 271 271 4965 119 119 4965 4965 3476 4965
4643 2750 2750 1791 3476 3642 552 928 928 928 1387 1387 1387 1387 4888 2754 4588 4643 3476 2750
2381 2381 2381 1791 3364 3478 4643 1387 119 891 4643 891 3478 2411 3478 1387 3478 891 3308 3476
263 552 3642 4888 3927 4588 4643 3476 2750 1791 3476 3642 552 928 928 928 1387 1387 4888 2754
928 928 263 263 263 263 552 3642 552 4888 2754 4588 1791 3476 2750 1791 3476 3642 552 552
1387 271 271 1387 891 3478 3478 891 4965 3127 271 271 119 119 4965 4965 4965 3127 4965 2532
3270 3270 2532 552 552 3642 2381 2381 2381 2381 2381 2381 2381 2381 2381 2381 552 3478 4588 3478
3476 911 2957 4013 1200 911 3927 271 271 271 3270 3270 1387 2532 552 2532 4581 2949 3270 2949
3127 4647 1454 4647 2411 1454 119 119 4647 4647 4647 3127 4647 2532 552 3270 2532 1387 1387 3270
4888 3927 4588 4643 3476 2750 1791 3476 3642 552 928 928 928 1387 1387 4888 2754 4588 4643 3476
552 3642 552 4888 2754 4588 1791 3476 2750 1791 3476 3642 552 928 928 928 928 928 1387 1387
3642 552 4888 2957 4588 1791 2750 2750 1791 3476 3642 552 552 4013 4013 928 928 928 928 928
3642 552 928 552 928 928 1387 1387 552 3642 4888 2754 4588 4643 3476 2750 4643 3476 911 2957
4581 4581 1387 3270 3270 2532 3642 552 552 2532 4581 2949 2949 2949 2949 2758 271 4965 3127 3127
552 2532 4581 2949 2949 2949 2949 2758 271 4965 3127 3127 4965 271 4965 3127 119 271 4965 4965
1387 1387 4888 2754 4588 1791 3476 2750 1791 3476 911 2957 4013 1200 911 3927 271 271 271 271
2532 1387 1387 3270 2532 4581 2268 2268 2268 2268 2758 271 271 4965 3476 3127 4965 271 271 4965
3270 1387 2532 552 2532 4581 2949 2949 2949 2949 2758 271 4965 2411 4643 4965 271 271 4965 2411
552 3642 4888 2957 4588 1791 3476 2750 1791 2750 3642 552 928 928 928 1387 1387 1387 4888 2754
4588 1791 3476 2750 1791 3476 911 2957 4013 1200 911 3927 271 4581 4581 1387 3270 3270 2532 552
3642 552 928 928 928 1387 1387 1387 4888 2957 4588 4643 3476 2750 1791 3476 911 2957 4013 1200
4643 3476 2750 4643 3476 911 2957 4013 1200 911 3927 271 271 271 3270 3270 1387 2532 552 2532
1618 271 1387 3270 3270 2532 552 552 3642 4643 3642 2381 2381 2381 2381 2381 2381 2381 2381 2381
1791 2750 2750 1791 3476 911 3927 4013 1200 911 3927 271 4581 4581 1387 3270 3270 2532 552 2532
1200 911 3927 1618 1618 1618 1618 1618 1618 1387 3270 3270 2532 552 552 3642 2381 2381 2381 2381
891 2758 1454 1454 4647 3127 3127 4647 1454 1454 4647 3127 1454 1454 119 4647 4647 3127 4647 3270
263 552 3642 4888 2754 4588 4643 3476 2750 1791 3476 3642 552 928 928 928 1387 1387 1387 4888
552 928 928 928 1387 1387 1387 4888 3927 4588 1791 3476 2750 1791 3476 911 2957 4013 1200 911
1791 3476 3642 552 552 4013 4013 928 928 928 928 928 1387 1387 1387 552 3642 1387 4888 2754
928 928 928 928 1387 1387 1387 1387 552 3642 4888 2754 4588 1791 3476 3476 1791 1791 2750 911
552 3642 4888 2754 4588 4643 3476 2750 1791 3476 3642 552 928 928 928 1387 1387 1387 4888 2957
928 1387 1387 1387 4888 2754 4588 1791 3476 2750 1791 1791 2750 911 2957 4013 1200 911 3927 271
4588 4643 3476 2750 4643 3476 3642 552 928 928 928 1387 1387 1387 4888 2957 4588 4643 3476 2750
3476 911 2957 4013 1200 911 3927 271 271 271 271 271 271 1387 3270 3270 2532 552 552 3642
3642 4643 552 2381 2381 2381 2381 2381 2381 2381 2381 2381 1791 3364 3478 4643 263 1387 1387 3308
3642 4888 2754 4588 4643 3476 2750 4643 3476 3642 552 928 552 928 928 1387 1387 552 3642 4888
911 3927 1618 1618 1618 1387 3270 3270 2532 552 2532 4581 2949 2949 2949 2949 2758 1454 4647 3127
3270 3270 1387 2532 552 2532 4581 2949 3270 2949 2949 2758 271 4965 3127 3127 4965 271 271 4965
891 2758 1454 1454 4647 3127 3127 4647 1454 1454 4647 3127 1454 1454 119 4647 4647 3127 4647 3270
1618 1200 1618 1618 3270 3270 2532 1387 552 552 3642 2381 2381 2381 2381 2381 2381 2381 2381 2381
1387 1387 1387 552 3642 4888 2754 4588 1791 3476 3476 1791 1791 2750 911 2957 4013 911 3927 1618
1387 911 2957 4013 1200 911 3927 271 271 271 1387 911 3270 2532 552 2532 4581 2949 2949 3270
1791 2750 3642 552 928 928 928 1387 1387 1387 4888 2754 4588 1791 3476 2750 1791 1791 2750 911
3476 2750 4643 3476 911 2957 4013 1200 911 3927 1618 1618 1618 1387 4581 3270 2532 552 2532 4581
2750 4643 3476 3642 552 928 928 928 1387 1387 1387 4888 2754 4588 4643 3476 2750 4643 3476 911
3927 2949 4581 4581 1387 3270 3270 2532 3642 552 552 2532 4581 2949 2949 2949 2949 2758 271 4965
4888 2754 4588 4643 3476 2750 3478 1791 3476 911 2957 4013 911 3927 1618 2957 1618 1618 3270 3270
1387 1791 1387 3478 4643 1387 3308 1387 3478 3478 1387 2381 2381 2381 2381 2381 2381 2381 2381 2381
4588 4643 3476 2750 4643 3476 3642 552 928 928 928 1387 1387 1387 1387 552 3642 4888 2754 4588
4581 2949 2949 2949 2949 2758 271 4965 2411 4643 4965 271 271 4965 2411 119 4965 4965 3127 4965
2381 2381 2381 2381 2381 2381 2381 2381 2532 4581 2949 2949 1791 3364 3478 4643 1387 3308 891 2949
2949 2949 2758 271 4965 3127 3127 4965 271 4965 119 271 119 4965 4965 3476 4965 3270 2532 1387
2949 2949 2949 2758 271 4965 3476 3127 4965 271 271 4965 119 119 4965 4965 3476 4965 3270 2532
928 263 263 552 3642 4888 2957 4588 4643 3476 2750 4643 1791 4588 3642 552 928 928 928 1387
2381 2381 2381 2381 552 3478 4643 3478 4643 2411 3308 891 3478 3478 891 2381 2381 2381 2381 2381
2750 4643 3476 911 2957 4013 1200 911 3927 1618 1618 1618 552 4581 3270 1387 2532 2532 4581 2949
4643 911 2957 1618 1618 1618 1387 3270 3270 2532 3642 2532 4581 2949 2949 2949 2949 2758 1454 4647
2532 552 552 3642 2381 2381 2381 2381 2381 2381 2381 2381 2381 2381 552 3478 4643 3478 4643 1387
4647 3127 4647 3270 2532 1387 1387 3270 2532 4581 2268 2268 2268 2268 2758 271 271 4965 3476 119
271 1387 3270 3270 2532 552 2532 4581 2949 2949 3270 2949 2758 271 4965 3127 3127 4965 271 271
3270 2532 552 2532 4581 2949 2949 2949 2949 2758 1454 4647 3127 3127 4647 1454 1454 4647 2411 119
2411 4647 4647 3127 4647 3270 2532 1387 891 3270 2532 4581 2268 2268 2268 2268 2758 271 271 4965
4588 1791 2750 2750 1791 3476 3642 552 928 928 928 1387 1387 1387 4888 3927 4588 1791 3476 2750
4588 1791 3476 2750 1791 3476 911 3927 4013 1200 911 3927 1618 1618 1618 1618 1618 1618 1387 3270
928 928 1387 1387 1387 4888 2754 4588 4643 3476 2750 4643 3476 911 2957 4013 1200 911 3927 1618
3642 4888 3927 4588 4643 3476 2750 1791 3476 3642 552 928 928 928 1387 1387 1387 4888 2957 4588
4643 2411 3308 891 3478 3478 891 2381 2381 2381 2381 2381 2381 2381 2381 2381 2381 2532 4581 2949
552 3642 4888 2754 4588 4643 2750 2750 4643 3478 2750 911 2957 4013 1200 911 3927 271 1618 1618
2949 2949 2758 1454 4647 3127 3127 4647 1454 1454 4647 2411 119 4647 4647 119 4647 3270 2532 3642
1618 1618 1618 1618 1200 1618 1618 3270 3270 2532 1387 552 552 3642 2381 2381 2381 2381 2381 2381
2754 4588 4643 2750 2750 4643 3478 2750 911 2957 4013 1200 911 3927 271 1618 1618 3270 3270 1387
928 928 263 263 552 3642 4888 3927 4588 4643 3476 2750 1791 3476 3642 552 928 928 928 1387
3270 2532 552 552 3642 4643 552 2381 2381 2381 2381 2381 2381 2381 2381 2381 1791 3364 3478 4643
3127 3127 4965 271 271 4965 2411 119 4965 4965 3127 4965 3270 2532 1387 3270 2532 4581 2949 2949
891 3478 3478 891 2381 2381 2381 2381 2381 2381 2381 2381 2381 2381 2532 4581 2949 2949 1791 3364
552 552 3642 4643 552 2381 2381 2381 2381 2381 2381 2381 2381 2381 1791 3364 3478 4643 263 1387
2750 2750 1791 3476 3642 552 552 4013 4013 928 928 928 928 928 1387 1387 1387 552 3642 1387
1387 3270 2532 4581 2268 2268 2268 2268 2758 271 4965 3476 3127 4965 271 271 4965 119 119 4965
2750 1791 2750 3642 552 928 928 928 1387 1387 1387 4888 2754 4588 1791 3476 2750 1791 1791 2750
3478 3364 3478 4643 1387 271 271 3308 891 3478 3478 891 4965 3127 271 271 3127 119 4965 4965
928 1387 1387 1387 4888 2957 4588 4643 3476 2750 1791 3476 911 2957 4013 1200 911 3927 271 271
271 271 271 1387 3270 3270 2532 2532 4581 2949 2949 2949 2949 2758 271 4965 3127 3127 4965 271
4888 3927 4588 1791 3476 2750 1791 3476 3642 552 928 928 928 1387 1387 1387 4888 3927 4588 1791
4965 2411 271 119 4965 4965 3476 4965 3270 2532 3642 552 1387 3270 4888 2754 4588 1791 3476 2750
263 263 263 552 3642 552 4888 2754 4588 1791 3476 2750 1791 3476 3642 552 928 928 928 928
3476 3642 552 928 928 928 1387 1387 1387 4888 2754 4588 4643 3476 2750 4643 3476 911 2957 4013
2532 4581 2949 2949 2949 2949 2758 271 271 4965 3127 3127 4965 119 3364 3478 4643 1387 271 271
911 3927 271 4581 4581 1387 3270 3270 2532 3642 552 1387 3270 552 2532 4581 2949 2949 2949 2949
4013 1200 911 3927 271 271 271 1387 911 3270 2532 552 2532 4581 2949 2949 3270 2949 2758 271
928 928 1387 1387 1387 552 3642 1387 4888 2754 4588 1791 2750 2750 1791 3476 911 2957 4013 1200
3270 2532 4581 2268 2268 2268 2268 2758 271 271 4965 3476 3127 4965 271 271 4965 119 271 271
1618 271 1387 3270 3270 2532 552 552 3642 4643 3642 2381 2381 2381 2381 2381 2381 2381 2381 2381
2949 2758 271 4965 3127 3127 4965 271 4965 119 271 119 4965 4965 3476 4965 3270 2532 1387 3270
4965 3364 3478 4643 1387 3308 891 3270 3478 3478 891 2949 2758 1454 1454 4647 3127 3127 4647 1454
3270 2532 552 552 3642 2381 2381 2381 2381 2381 2381 2381 2381 2381 2381 552 3478 4643 3478 2532
3927 271 4581 4581 1387 3270 3270 2532 3642 552 1387 3270 552 2532 4581 2949 2949 2949 2949 2758
4647 4647 3127 4647 3270 2532 1387 891 3270 2532 4581 2268 2268 2268 2268 2758 271 271 4965 3476
3642 552 4888 2754 4588 1791 3476 2750 1791 3476 3642 552 928 928 928 928 928 1387 1387 1387
2758 1454 4647 3476 3127 4647 1454 4647 3476 1454 119 4647 4647 3476 4647 3270 2532 1387 3270 2532
3642 552 928 928 928 1387 1387 1387 4888 2957 4588 1791 3476 2750 1791 3476 911 2957 4013 2957
3127 4965 3270 2532 891 3270 2532 4581 2949 2949 2949 2949 2758 271 4965 2411 3127 4965 271 271
2750 2750 4643 3478 2750 911 2957 4013 1200 911 3927 271 1618 1618 3270 3270 1387 2532 552 2532
4888 3927 4588 4643 3476 2750 1791 3476 3642 552 928 928 928 1387 1387 1387 4888 2957 4588 4643
2949 2758 1454 4647 3127 3127 4647 1454 1454 4647 3476 119 4647 4647 3127 4647 3270 2532 3642 552
552 928 928 928 1387 1387 1387 4888 2754 4588 4643 3476 2750 3478 1791 2411 911 2957 4013 1200
1618 1618 1618 1387 3270 3270 2532 552 2532 4581 2949 2949 2949 2949 2758 1454 4647 3476 3127 4647
2750 1791 3476 911 2957 4013 1200 911 3927 271 4581 4581 1387 3270 3270 2532 552 2532 4581 2949
891 3478 3478 891 2381 2381 2381 2381 2381 2381 2381 2381 2381 2381 2532 4581 2949 2949 2949 3478
4588 1791 3476 2750 1791 3476 911 2957 4013 1200 911 3927 271 4581 4581 1387 3270 3270 2532 552
1200 1618 1618 1387 3270 3270 2532 3642 552 552 2532 4581 2949 2949 2949 2949 2758 1454 4647 3127
3364 3478 4643 1387 119 891 4643 891 3478 4643 3478 1387 3478 891 3308 3476 3478 1791 891 1387
3476 3642 552 928 928 928 1387 1387 1387 4888 3927 4588 1791 3476 2750 1791 3476 911 2957 4013
552 2532 4581 2949 2949 2949 2949 2758 1454 4647 3127 3127 4647 1454 4647 2411 1454 119 119 4647
928 928 263 263 552 3642 4888 3927 4588 1791 3476 2750 1791 3476 3642 552 928 928 928 1387
2750 1791 3476 3642 552 928 928 928 1387 1387 1387 1387 552 3642 4888 2754 4588 4643 2750 2750
928 928 263 263 552 3642 4888 2957 4588 1791 3476 2750 1791 2750 3642 552 928 928 928 1387
3364 3478 4643 1387 119 891 4643 891 3478 4643 3478 1387 3478 891 3308 3476 3478 1791 891 1387
1200 911 3927 271 4581 4581 1387 3270 3270 2532 3642 552 1387 3270 552 2532 4581 2949 2949 2949
928 1387 1387 1387 4888 2754 4588 1791 3476 2750 1791 3476 911 3927 4013 1200 911 3927 1618 1618
263 3478 1387 3478 891 3308 3476 3478 1791 891 1387 3270 1791 3364 3478 4643 1387 3308 1387 3478
3478 4643 1387 3308 891 2949 3478 3478 891 2758 1454 1454 4647 3127 3127 4647 1454 1454 4647 3127
2750 2750 1791 3476 911 3927 4013 1200 911 3927 271 4581 4581 1387 3270 3270 2532 552 2532 4581
928 928 1387 1387 1387 4888 2957 4588 4643 3476 2750 4643 1791 2750 911 2957 4013 911 3927 1618
2949 2949 2949 2949 2758 271 4965 3476 3127 4965 271 271 4965 119 119 4965 4965 3476 4965 3270
3476 3642 552 552 4013 4013 928 928 928 928 928 1387 1387 1387 1387 552 3642 4888 2754 4588
2381 2381 552 4643 3364 3478 4643 1387 3308 891 3478 3478 891 2381 2381 2381 2381 2381 2381 2381
1791 3476 3642 552 928 928 928 1387 1387 1387 4888 2754 4588 4643 3476 2750 3478 1791 2411 911
3270 3270 2532 552 2532 4581 2949 2949 2949 2949 2758 271 4965 3127 3127 4965 271 271 4965 2411
911 2957 4013 1200 911 3927 1618 1618 1618 1387 3270 3270 2532 552 2532 4581 2949 2949 2949 2949
2532 4581 2949 3270 2949 2949 2758 271 4965 3127 3127 4965 271 271 4965 2750 119 4965 4965 3476
4588 1791 3476 2750 1791 3476 3642 552 928 928 928 1387 1387 1387 4888 2957 4588 1791 3476 2750
1387 4888 2754 4588 1791 3476 2750 1791 3476 911 3927 4013 1200 911 3927 1618 1618 1618 1618 1618
1387 1387 4888 2754 4588 1791 3476 2750 1791 3476 911 3927 4013 1200 911 3927 1618 1618 1618 1618
3478 891 2381 2381 2381 2381 2381 2381 2381 2381 2381 2381 2532 4581 2949 2949 2949 3478 3364 3478
928 928 263 263 552 3642 4888 3927 4588 1791 2750 2750 1791 3476 3642 552 928 928 928 1387
2750 1791 3476 911 2957 4013 2957 911 2957 1618 1618 1618 1387 3270 3270 2532 3642 2532 4581 2949
