133 201 133 502 502 133 117 117 117 117 117 117 117 117 117 117 117 117 117 117
105 46 105 182 1405 105 182 1405 1116 105 182 1405 1405 182 1405 1405 182 201 1405 828
828 828 46 105 502 502 182 1405 105 182 1116 1116 105 105 46 105 182 1405 105 182
828 828 828 828 1384 1403 828 1384 96 46 96 96 96 201 1882 96 96 96 1882 96
96 1882 1882 96 96 1882 96 1882 1882 1882 1384 96 96 1882 96 96 1882 1882 1882 1384
1017 1403 828 828 502 502 182 1405 105 182 1405 1116 105 105 1405 105 46 182 201 1405
38 38 38 38 38 38 38 38 38 18 18 502 502 201 1403 828 1384 1882 1403 1403
38 18 18 502 502 201 1403 828 1384 1882 1017 1403 1403 1403 828 828 828 828 1384 1403
105 502 502 182 1405 105 182 1116 1116 105 105 46 105 182 1405 105 182 1405 1405 105
1012 1237 1012 1018 1237 1237 1012 1018 1237 1012 1012 1237 1237 257 1012 1012 1237 1012 1018 1012
1131 103 103 1131 1131 1131 103 1131 1384 103 1131 103 1131 103 1131 103 1131 103 1131 1131
201 201 201 201 201 1384 1403 828 1384 133 304 1017 1403 1403 1017 828 828 828 828 1384
502 502 848 848 848 848 18 18 18 18 502 502 502 502 502 1849 1849 1849 1849 1849
1403 304 1017 828 828 828 828 1384 1017 133 1384 96 46 96 96 96 46 96 96 96
1882 96 96 96 1882 1384 304 1882 1017 1017 828 18 18 1384 828 1017 1403 828 828 1882
502 848 848 848 848 18 18 18 18 502 502 502 502 502 1849 1849 1849 1849 1849 1849
38 38 38 38 18 18 502 502 1384 1405 828 1384 1882 1017 1403 304 1403 828 828 828
38 38 38 38 38 38 38 38 18 18 502 502 201 1403 828 1384 1882 1017 1403 304
1384 1882 1882 1882 1882 1017 1403 828 1384 828 1017 1116 828 828 201 1405 828 1384 46 1017
1405 105 182 1405 1116 182 1405 182 502 502 201 1405 105 1384 46 1116 1116 1116 105 105
257 1237 257 257 1237 1237 1237 257 1018 257 257 1237 1237 257 257 257 1237 1237 257 257
38 38 38 38 38 38 38 38 38 38 18 18 502 502 201 1405 828 1384 1882 1017
18 201 201 201 502 201 201 201 502 1384 1403 828 1384 1882 1017 1403 1403 1017 828 828
96 96 304 1384 1116 105 182 1882 1882 1882 46 1116 105 105 1403 828 46 182 182 1405
1882 96 1882 1384 96 1882 96 1882 1882 304 1882 1384 1882 1882 1017 1403 828 502 18 18
105 105 182 1116 201 1405 182 201 46 105 182 1116 201 201 46 182 182 1116 502 502
1018 1237 1237 1012 1012 1237 1237 1012 1012 1012 1237 1012 1012 1018 1237 1012 1237 1012 1237 1012
1131 1131 1131 103 103 1131 1131 1384 103 1131 103 1131 103 1131 103 1131 103 1131 1131 103
96 1882 96 1384 96 1882 96 96 1882 1882 1882 1882 1384 1882 1882 1403 1017 1403 828 502
96 96 96 1882 96 96 1017 1403 828 828 1882 1882 96 1384 1882 96 96 1882 1882 96
46 18 18 502 502 46 133 502 502 502 1849 1849 1849 1849 1849 1849 1849 1849 1849 1849
1018 103 1131 103 1131 1131 103 1131 103 1131 103 1131 1131 103 103 1131 1131 103 1131 1131
1018 539 1131 1131 1018 103 1131 1237 1131 1012 103 1131 103 103 1131 1012 1018 1237 103 539
1384 1131 103 1131 1131 1131 103 1131 1131 1131 103 1131 1131 103 103 1131 1018 103 1131 1131
1403 828 1384 828 304 46 828 828 201 1403 828 1384 1882 1017 1403 1403 1403 828 828 828
1116 1116 105 105 105 96 1116 499 828 38 1116 105 38 1116 96 133 1116 133 133 133
1849 1849 1849 1849 1849 1849 1849 1849 1849 1849 1849 1849 1849 18 18 502 1849 1384 1403 499
1384 1116 133 96 1131 103 1131 1131 1131 46 1131 1131 1131 103 1131 1131 103 103 103 1131
1131 1882 96 96 1882 1131 1131 1882 1131 1882 1882 1384 1882 1882 1882 1882 1017 133 502 502
828 1384 1882 1017 1403 304 1017 828 828 828 828 1384 1403 201 1384 1131 1882 96 96 96
46 304 828 499 499 828 1384 1116 133 1384 1131 46 1131 1131 1131 46 1131 1131 1131 46
1131 1131 1131 103 103 1131 1384 103 1131 103 1131 103 1131 103 1131 103 1131 1131 103 1131
105 182 46 1116 105 182 1116 182 201 1405 828 1384 46 1403 1116 1116 1116 828 828 828
1384 1384 1131 1882 96 96 1131 1882 1131 1131 1131 1882 1131 96 1882 103 96 103 1384 103
38 18 18 502 502 1384 1405 828 1384 46 1017 1403 46 1403 828 828 828 828 1384 1403
1131 46 1131 1131 103 103 1131 103 1384 1131 1131 103 103 1131 1131 1131 1131 103 103 1131
103 1384 1131 103 1131 1131 103 1131 1131 1882 1131 103 1384 103 103 103 103 103 828 502
1882 1882 1882 1384 1882 1882 38 1384 201 133 502 502 133 1849 1849 117 117 117 117 117
1131 103 1131 1131 103 1131 103 1131 103 1131 1131 103 103 1131 1131 103 1131 1131 103 1131
103 103 1131 1131 1384 103 1131 103 1131 1131 103 1131 103 1131 103 1131 1131 1131 103 103
1405 105 182 1116 1116 105 105 46 105 201 1405 105 182 46 1116 105 133 1405 182 201
499 499 1384 1116 133 1384 1131 46 1131 1131 1131 46 1131 1131 1131 103 1131 1131 103 103
1849 1849 1849 1849 1849 1849 1849 1849 1849 1849 1849 1849 1849 1849 1849 18 18 502 18 502
1882 1131 1131 96 304 1131 1131 304 304 1882 1131 1384 1131 1131 1882 1882 1882 1882 1384 1882
502 502 1849 1849 1849 1849 1849 1849 1849 1849 1849 1849 1849 1849 1849 1849 1849 1849 18 18
201 201 201 133 46 828 1384 46 1017 1116 46 1403 499 828 499 828 1384 1403 828 1384
46 18 18 502 502 46 133 502 502 502 1849 1849 1849 1849 1849 1849 1849 1849 1849 1849
1849 1849 1849 1849 1849 1849 1849 38 1849 1849 1849 1849 1849 18 18 502 502 1384 1116 828
1403 828 1384 828 304 46 828 828 201 1403 828 1384 1882 1017 1403 1403 1403 828 828 828
103 1131 1131 1882 1131 103 96 1131 103 1131 1131 103 1131 1131 1882 1131 103 1384 103 103
46 1403 1403 46 1116 828 828 828 828 1384 1116 201 1384 1131 46 1131 1131 1131 46 1131
103 1131 1131 1131 103 1131 1131 1131 103 1131 1131 103 103 1131 1384 103 1131 1131 1131 103
304 1018 1018 1131 103 1131 1131 1131 103 1131 1131 1131 103 1131 1131 103 103 103 1131 1018
38 38 38 38 38 38 38 18 18 502 502 201 1405 828 1384 46 1116 1116 1116 1116
1116 133 133 201 201 133 133 133 201 1116 133 201 133 201 133 201 133 201 133 133
1131 1882 96 1131 1882 1384 1131 1131 1882 1131 1882 1882 1882 1384 1882 1882 1882 502 1017 1403
1849 1849 1849 1849 1849 1849 1849 1849 1849 1849 1849 1849 18 18 502 1849 133 1116 499 1384
201 1403 828 1384 1882 1017 1403 1403 1017 828 828 828 828 1384 1403 201 1384 96 1882 1131
1131 1131 103 1131 1131 1131 103 1131 1131 103 103 1131 103 1384 1131 1131 1131 103 103 1131
828 1384 46 1017 1403 1116 1403 828 828 828 828 1384 1116 201 1384 1131 46 1131 1131 1131
18 18 502 502 201 46 828 1384 46 1403 1403 46 1403 828 828 828 828 1384 1116 201
828 828 828 1384 1403 133 1384 1131 46 96 96 96 46 96 96 96 1882 96 96 1882
1131 1384 1131 1131 103 1882 1131 1882 1882 1384 1882 1882 103 1882 96 1403 828 1384 828 304
46 1403 1116 46 304 828 499 828 828 1384 1116 133 1384 1131 46 1131 1131 1131 46 1131
201 201 201 201 201 502 201 201 201 201 502 502 201 201 502 502 502 502 502 502
304 1131 1882 1384 1882 1131 1131 1131 1882 1882 1131 1131 1131 1882 1882 1131 1384 1882 1131 1882
828 1384 1403 133 1018 1131 1882 1131 1131 1131 1882 1131 1131 1131 1882 1131 1131 1882 1131 1384
96 1882 1882 1384 96 1882 96 96 1882 96 96 96 1116 96 133 1882 1384 1882 1882 1882
1882 1384 304 1882 38 1384 201 133 502 502 133 117 117 117 117 117 117 117 117 117
46 828 1384 46 96 1403 1116 1403 828 828 828 828 1384 1116 201 1384 1131 46 1131 1131
1849 1849 1849 1849 1849 1849 1849 1849 1849 1849 1849 1849 1849 1849 1849 18 18 502 18 502
1116 182 182 1405 105 182 1116 1116 105 105 182 1116 201 1405 182 201 46 105 182 1116
1131 1384 1131 1131 103 103 1131 1131 1131 103 103 1131 1131 1384 103 1131 103 1131 1131 103
96 1882 1882 1882 96 1384 96 96 1882 1882 96 1882 1384 1882 1882 1882 304 1017 1403 828
103 1131 103 1131 103 1131 103 1131 103 1131 1131 103 1018 1131 103 1131 1131 1131 103 1131
1131 103 1131 1131 1131 502 502 103 1131 1131 1131 103 1131 1131 103 103 1131 1384 103 1131
1384 1882 1131 96 1882 96 96 1131 1882 1384 1882 1882 1017 1403 828 18 18 1384 828 1403
1131 103 1131 1882 1131 103 1131 103 103 1131 1131 103 1018 1131 103 1131 1131 103 1131 1131
1131 1882 1131 1131 96 1882 1131 1131 304 1882 1882 1131 1384 1131 1131 1882 1882 1882 1882 1384
96 1882 96 304 304 304 1882 1017 1403 1403 1403 1384 828 828 828 828 1882 1882 1882 1384
46 182 201 1405 105 182 1405 1405 105 182 1405 182 201 1405 828 1384 46 96 1116 1116
1131 103 1131 1384 103 1131 103 1131 103 1131 103 1131 103 1131 103 1131 1131 103 1131 1131
96 1882 1882 96 1882 1882 1384 1882 1882 1882 1882 1017 1403 828 1384 828 1403 1403 828 828
1882 1384 304 1882 1017 1403 828 502 1384 828 46 1403 304 828 828 201 502 201 201 201
828 1384 1882 1403 1403 46 1403 828 828 828 828 1384 1403 201 1384 1131 1882 1131 1131 1131
46 182 201 46 828 1131 46 96 1116 46 1116 828 828 828 828 1384 1116 1018 1384 1131
828 828 1384 304 133 1384 1131 103 1131 1131 1131 103 1131 1131 1131 103 1131 96 103 103
201 1403 828 1384 133 1882 1017 1403 1403 1017 828 828 828 828 1384 1403 201 1384 1131 1882
1131 1131 96 1882 1882 1384 1131 1882 1131 1882 1882 1882 1882 1384 1882 1882 1017 1403 828 18
502 502 1882 1131 1131 1131 1882 1131 1131 1882 103 1131 1384 103 1131 1131 1131 1882 103 1131
828 828 1384 304 133 1384 1131 103 1131 1131 1131 103 1131 1131 1131 103 1131 96 103 103
539 1237 1131 1018 1018 103 1018 1012 1018 103 1131 103 1131 1012 103 1131 103 1237 1018 1012
1882 1384 1882 133 201 1131 1131 1131 1116 1384 1131 201 201 1882 1882 1384 1882 1882 96 1403
1131 1131 1131 103 103 1131 1131 1131 103 1131 1384 103 1131 103 1131 103 1131 103 1131 103
1403 1403 828 828 201 46 828 1384 46 1403 1116 46 1116 828 828 828 828 1384 1116 201
828 201 1116 1116 182 1405 1116 182 201 1405 828 1384 46 96 1116 46 1116 828 828 828
96 1882 96 1384 96 1882 96 96 1882 1882 1882 1882 1384 1882 1882 1403 1017 1403 828 502
1384 1131 1131 103 103 1131 1131 1131 103 103 1131 1131 1384 103 1131 103 1131 103 1131 103
502 18 18 1384 828 1882 1403 1882 828 828 502 502 182 1405 105 182 1405 133 105 105
828 1384 1131 1882 1131 1131 1131 133 1882 1131 1131 1384 133 1882 1131 1131 46 182 1116 1882
38 38 1849 38 38 38 1849 1849 38 1849 18 18 502 502 133 1116 499 1384 46 1017
1131 1131 1882 1131 1384 1882 1882 1131 1131 1882 1882 1131 1882 1882 1384 1882 1882 1882 1882 1017
96 96 1882 1882 96 1384 1882 96 1882 96 1882 96 1882 96 1882 96 1882 96 96 1882
1882 1403 1403 828 1384 828 1403 1403 828 828 201 1405 828 1384 46 1017 1403 1116 1403 828
1017 1403 46 304 828 828 828 1018 1018 1403 201 1018 1131 103 1131 1131 1131 103 1131 1131
828 502 18 18 1384 828 1403 1403 828 828 502 502 182 1405 105 182 1405 46 105 105
1116 1018 1018 1131 46 1131 1131 1131 46 1131 1131 1131 103 1131 1131 103 103 103 1131 1018
18 18 502 502 502 502 502 117 1849 117 117 117 117 117 117 117 117 117 117 1849
1131 103 103 1131 1131 1131 1131 46 1131 1384 103 1131 103 1131 103 1131 103 1131 103 1131
1403 828 1384 828 1882 96 96 96 46 96 96 1403 1403 828 828 1882 1882 96 1384 1882
1403 828 18 18 1384 828 46 1403 46 828 828 502 502 201 1405 105 182 1405 1116 105
1403 828 1384 1882 1017 1403 304 1017 828 828 828 828 1384 1403 201 1384 1131 1882 96 96
133 1405 201 201 133 1116 133 133 1405 502 502 1405 133 201 1405 828 1384 46 1403 1403
105 182 1405 1116 105 105 46 105 201 1405 828 201 1405 1405 499 133 1405 1405 133 201
1384 1017 133 1384 1131 133 539 1131 1131 1384 539 1131 1131 103 1131 1131 1131 103 1131 103
828 502 18 18 1384 828 1403 1403 828 828 502 502 182 1405 105 182 1405 1116 105 105
502 502 848 848 848 848 18 18 18 18 502 502 502 502 502 1849 1849 1849 1849 1849
848 848 848 848 18 18 18 18 502 502 502 502 502 1849 1849 1849 1849 1849 1849 1849
105 201 1116 1405 182 201 1403 828 1384 46 1017 1403 304 1403 828 828 828 828 1384 1403
96 1882 96 96 1882 96 1882 1384 1882 304 304 1882 1403 828 18 18 502 502 502 502
103 1131 1131 1131 103 103 1131 1384 103 1131 103 1131 103 1131 103 1131 103 1131 103 1131
828 499 499 499 1384 1116 133 1384 1131 46 1131 1131 96 46 1131 1131 1131 103 1131 1131
1131 1131 1131 103 103 1384 1131 1131 103 1131 1131 103 1131 1131 103 1131 103 1384 103 103
201 1405 46 201 201 105 201 201 1405 828 1384 46 1017 1403 1403 1403 828 828 828 828
46 1116 828 828 828 828 1384 1116 1384 1384 1131 103 96 96 96 103 96 1131 1131 103
502 502 182 201 1116 105 182 1405 1116 105 105 46 105 201 133 133 201 1116 133 1405
1131 1131 103 1882 1131 103 96 103 1131 1131 1131 1882 1882 1384 103 103 103 1882 96 304
1849 1849 1849 1849 1849 1849 1849 1849 1849 1849 1849 1849 1849 1849 1849 18 18 1849 1849 38
96 46 96 46 1384 46 46 46 46 1384 46 1116 828 502 502 502 502 502 502 18
96 96 1882 1882 96 1882 1384 1131 1131 1882 1882 1131 1882 1882 1384 1882 1882 1882 1882 1017
1131 1131 103 103 103 103 1131 1882 304 502 1017 304 828 1131 1384 1882 304 103 1384 828
1384 1882 96 96 96 1882 96 96 46 828 1882 96 1882 1384 1384 1882 96 1131 1882 96
828 1131 46 1018 1131 103 1017 1116 1882 304 1018 1018 1018 1018 1131 1882 1018 1131 1131 103
1384 304 304 1882 304 1849 499 133 133 133 201 201 133 133 133 133 133 133 201 133
1384 96 201 201 1882 1882 1384 304 304 1017 1403 828 502 1384 828 1882 1403 304 828 828
1403 96 133 1882 1384 46 1882 304 304 1849 499 133 133 201 201 133 133 133 133 133
103 1131 103 96 1131 103 103 1131 1384 1131 1131 1882 1131 103 1131 1131 103 103 1384 103
103 1131 103 1131 103 1131 103 1131 103 1131 1131 1131 103 103 1384 1131 103 1131 1131 103
1405 499 133 46 1116 499 133 1405 1405 133 201 201 133 1116 201 201 201 201 201 1405
1882 1384 96 1882 1384 1882 1882 1403 828 18 18 46 182 502 502 502 502 502 502 18
502 848 848 848 848 18 18 18 18 502 502 502 502 502 1849 1849 1849 1849 1849 1849
1405 105 182 46 1116 105 201 1116 1405 182 201 1405 828 1384 46 1017 1403 304 1403 828
1017 1403 1116 1017 828 828 828 828 1384 1403 828 1384 96 1882 96 96 96 201 1882 96
828 828 828 1384 1116 201 1384 1131 46 1131 1131 1131 46 1131 1131 1131 46 1131 1131 46
1131 1131 46 1131 1131 1131 46 1131 1131 46 103 1131 103 1384 1131 1131 103 103 1131 1131
103 103 1131 1131 1131 1131 103 103 1131 1384 103 1131 103 1131 103 1131 103 1131 103 1131
539 1403 828 828 828 828 1384 1403 1384 1384 1131 103 1131 1131 1131 103 1131 1131 1131 103
257 1237 257 257 1237 1237 257 1237 257 257 257 1237 1237 257 257 257 1237 257 257 1237
1882 96 1384 96 1882 1882 1882 96 96 96 96 1882 96 96 1384 1882 96 96 1882 96
1882 96 96 96 1882 1882 96 1384 96 1882 1882 1882 96 96 96 96 1882 96 96 1384
96 1882 1882 1384 1882 1882 1882 1882 1017 1403 828 1384 828 1017 1403 828 828 201 1405 828
38 38 38 38 18 18 502 502 96 1405 828 1384 1882 1017 1403 1403 1403 828 828 828
1131 1131 1882 96 96 1131 1882 1131 1131 1882 1882 96 1882 1384 1131 1131 103 103 1131 1882
1012 1012 1237 257 1018 1237 1237 1012 1018 1237 1012 1012 1237 1237 257 1012 1012 1237 1012 1018
1849 1849 1849 1849 1849 1849 1849 1849 1849 1849 1849 1849 1849 1849 1849 1849 1849 1849 1849 1849
1882 1882 1882 1882 1384 1882 1882 1017 1403 828 18 18 1384 828 1882 1403 1882 828 828 502
1131 133 1882 1131 1131 1018 539 1131 1131 103 1131 1131 1131 103 1131 103 103 1131 1131 1018
96 96 96 1882 96 96 96 1882 1131 96 1882 1882 1882 96 1384 1131 1131 1882 1882 1131
1116 1018 1018 1131 46 1131 1131 1131 46 1131 1131 1131 46 1131 1131 103 103 1131 103 1384
1882 1384 1882 1882 1882 1882 96 1403 828 1384 828 1403 1403 828 828 1131 46 828 1131 1882
1384 103 1131 1131 1131 103 103 1131 1131 1131 103 1131 1384 103 1131 103 1131 103 1131 103
1237 1012 1012 1237 1237 1012 1012 1012 1237 1012 1012 1018 1237 1012 1237 1012 1237 1012 1237 1012
1882 1384 96 1882 96 1882 1882 1384 1882 1882 1403 201 1116 182 182 1405 105 182 1405 1116
46 46 1403 1403 828 1384 828 1116 1116 828 828 201 1405 828 1384 46 1403 1403 46 1403
103 1882 1131 96 1384 103 1131 1131 103 1882 103 1131 103 1131 1131 1131 103 103 1384 1131
105 105 46 105 201 1405 828 201 1405 1116 828 182 1116 182 201 1405 828 1384 46 1116
103 103 1131 1131 1384 103 1131 103 1131 103 1131 103 1131 103 1131 1131 103 103 1384 1131
1849 1849 38 1849 38 1849 1849 1849 1849 1849 18 18 502 502 133 1403 828 1384 1882 1017
828 828 1018 1116 1018 1018 1131 103 1131 1131 1131 103 103 1131 1131 1131 1131 1131 103 103
1018 1018 1018 1018 1237 1018 1018 1012 1237 1012 1012 1012 1237 1012 1012 1012 1237 1012 1012 1237
848 848 848 18 18 18 18 502 502 502 502 502 1849 1849 1849 1849 1849 1849 1849 1849
96 1882 103 96 103 96 1131 103 1882 1384 1131 1882 96 96 103 96 96 1131 46 1131
304 828 502 502 182 1116 105 182 1116 1116 105 105 182 1116 201 1405 105 1116 105 182
103 103 1131 1018 103 1131 103 1131 103 1131 103 1131 103 1131 103 1131 1131 103 1018 1131
1131 1131 1131 1882 103 1131 103 1131 1384 1131 103 1131 1131 103 103 1131 103 1131 1131 1131
46 46 105 105 1882 1131 1131 1131 304 1131 96 46 105 1882 1131 1882 1384 1882 1131 1131
201 502 502 201 502 133 201 1405 828 1384 1882 1017 1403 1403 1403 828 828 828 828 1384
828 1384 46 96 1116 46 1116 828 828 828 828 1384 1116 1384 1384 1131 46 1131 1131 1131
1405 1116 182 201 1403 828 1384 46 1017 1403 1403 1017 828 828 828 828 1384 1403 133 1384
848 848 848 848 18 18 18 18 502 502 502 502 502 1849 1849 1849 1849 1849 1849 1849
1403 1403 828 1384 828 1403 46 828 828 1384 1403 828 1384 1882 1017 1403 46 1403 828 828
46 46 46 1116 1403 828 1384 828 502 1116 828 828 201 1405 828 1384 46 1017 1403 1116
1018 1237 1012 1237 1012 1237 1012 1237 1012 1237 1012 1012 1012 1237 1237 1237 1018 1012 1237 1237
103 1131 103 1131 1131 1882 1131 1131 103 1384 1131 1882 1131 1882 1882 1882 103 96 1882 1882
828 828 828 828 1384 1017 1384 1384 1131 1882 96 96 96 1882 96 96 1131 1882 96 1131
1405 828 1384 46 1017 1403 1116 1403 828 828 828 828 1384 1116 133 1384 96 46 96 96
38 38 38 38 18 18 502 502 201 1403 499 1384 46 1017 1403 1116 1403 828 499 499
1882 96 1882 96 96 1882 1882 1384 1017 828 1384 96 1882 1882 1882 1882 1384 1882 96 96
828 828 828 1384 1116 1384 38 1131 46 1131 1131 1131 46 1131 1131 1131 103 1131 1131 103
1403 1882 828 828 502 502 201 1405 105 182 1405 133 105 105 46 105 201 1405 105 182
103 1403 1116 46 1116 828 828 828 828 1384 1116 201 1384 1131 103 96 1131 96 103 96
1131 103 1131 103 1131 103 1131 1131 103 1131 103 1384 1131 103 1131 1131 103 1131 1131 103
1849 1849 1849 1849 1849 1849 1849 1849 1849 1849 1849 1849 1849 1849 1849 1849 1849 18 18 1849
502 502 502 502 117 117 117 117 117 117 117 117 117 117 117 117 117 117 117 117
1116 105 182 1116 1116 105 105 182 1116 201 1116 105 1116 105 182 46 1116 105 182 1116
103 1131 1131 1018 103 1131 1131 1131 103 1131 1131 103 103 1131 103 1018 1131 1131 103 103
1384 828 1403 46 828 828 201 1116 828 1384 46 1017 1403 1116 1017 828 828 828 828 1384
1384 1131 103 1131 1131 1131 103 1131 1131 1131 103 1131 1131 103 103 103 1131 1018 1131 1131
182 1405 105 182 46 1116 105 182 1405 1405 182 1405 1405 182 201 1403 828 1384 46 1403
502 201 1405 105 133 1405 1116 105 499 46 105 182 1405 105 182 1405 1116 499 133 1116
1384 103 1131 1131 1131 1882 103 1131 1131 1131 103 103 1131 1384 103 1131 103 1131 103 1131
38 38 38 18 18 502 502 1384 1405 828 1384 46 1403 1403 46 1403 1384 828 828 828
1131 1882 1882 1882 1384 1882 1882 1882 1017 1403 828 502 18 18 1384 828 1403 1403 828 828
1131 1131 103 103 1131 1131 1131 103 103 1131 1131 1384 103 1131 103 1131 103 1131 103 1131
103 103 1131 1131 1131 103 1882 103 1131 1131 1131 1882 1131 103 103 103 103 1131 103 103
257 1237 257 257 1237 1237 257 1237 257 257 257 1237 1237 257 257 257 1237 257 257 1237
828 828 46 105 502 502 182 1405 105 182 1116 1116 105 105 46 105 182 1405 105 182
1882 1131 1131 1882 1882 1882 1882 1384 1131 1131 1131 1131 1882 1882 103 1384 103 1131 103 1131
502 201 1405 105 133 1405 1116 499 499 46 499 182 1405 105 182 1405 1116 105 133 1405
96 96 1882 1882 96 1384 1882 96 1882 96 1882 96 1882 96 1882 96 1882 96 96 1882
96 46 96 96 46 1384 1131 46 46 46 46 1384 46 46 1116 1116 828 502 133 133
133 201 1116 133 133 201 201 133 133 133 201 1116 133 201 133 201 133 201 133 201
1131 103 46 1131 103 1131 1131 46 103 1131 1384 1131 103 1131 1131 103 103 103 1384 103
1405 1116 105 105 46 105 201 1405 105 182 46 1116 105 182 1116 182 201 1405 828 1384
304 304 828 828 828 828 1384 1403 1018 1018 1131 1882 1131 1131 1131 1882 1131 1131 1131 539
1131 103 1131 1131 103 103 1131 103 1131 1131 1131 1131 103 103 1131 1131 1131 103 103 1131
1849 1849 1849 1849 1849 1849 1849 1849 1849 1849 1849 18 18 18 18 502 502 502 502 502
103 103 1384 1131 1131 1131 1131 1131 103 1384 1131 103 1131 1131 103 1131 103 1131 1131 103
103 1131 1131 1131 103 1131 1131 103 103 103 1131 1384 1131 1131 103 103 1131 1131 103 103
1384 828 502 1017 1403 828 828 201 201 201 201 201 201 201 502 201 133 502 502 502
96 1882 1384 1131 1882 96 1131 1882 1882 1882 1384 1882 1882 1882 1017 1403 828 502 18 18
103 1131 1131 103 1131 103 1384 103 1131 1131 103 103 1131 1131 1131 103 103 1131 1131 1384
1131 1384 103 1131 1131 1131 1882 103 1131 1131 1131 103 103 1131 1384 103 1131 103 1131 103
38 38 38 38 38 38 38 38 38 38 18 18 502 502 133 46 828 1384 46 1116
96 96 1882 1882 1384 96 1882 96 96 1882 96 96 96 1116 96 133 1882 1384 1882 1882
1131 1882 1131 1131 1882 1882 1882 1384 1882 1882 1882 1017 1403 828 502 18 18 1384 828 304
304 1018 1018 1131 103 1131 1131 1131 103 1131 1131 1131 103 1131 1131 539 103 1131 1018 103
96 1131 96 1882 96 96 1882 1882 96 1882 1384 1882 1882 96 1882 1882 1384 1882 1882 96
18 1384 828 46 1403 304 1403 828 828 828 828 1405 828 1384 502 502 1882 1403 1403 46
103 1131 1131 1384 103 1131 103 1131 103 1131 103 1131 103 1131 1131 1131 103 103 1384 1131
1131 1384 1131 1131 103 103 1131 1131 1131 1131 103 1131 1384 103 1131 103 1131 103 1131 103
1131 1131 103 1131 1131 103 103 103 1131 1384 1131 1131 103 103 1131 1131 1131 103 103 1131
1018 1018 1131 103 1131 1131 1131 103 1131 1131 1131 103 1131 1131 103 103 1131 103 1018 1131
1849 1849 1849 1849 133 1116 133 201 133 18 18 502 502 201 1403 828 1384 1882 1017 1403
46 46 46 1116 1116 499 1384 828 1116 46 46 828 499 133 201 1403 828 1384 1882 1017
133 201 1116 133 201 201 201 201 201 201 201 133 201 1405 133 201 133 1405 201 201
1116 828 828 828 828 1384 1116 1384 1384 1131 46 1131 1131 1131 46 1131 1131 1131 46 1131
1384 1131 46 105 182 1882 1131 1131 1131 46 46 105 105 1882 1131 96 1131 1882 1131 1131
502 502 502 502 18 18 502 502 18 18 502 502 201 1403 828 1384 1882 1403 1403 304
46 828 1384 46 1403 1116 46 1403 828 828 828 828 1384 1116 133 1384 1131 46 1131 1131
1849 1849 1849 1849 1849 1849 1849 1849 1849 1849 1849 1849 1849 18 18 18 18 502 18 502
201 201 201 502 201 201 201 502 1384 1403 828 1384 1882 1017 1403 1403 1017 828 828 828
1882 96 96 1882 46 46 1384 46 46 304 1017 1403 499 502 18 18 1384 499 1116 46
848 848 848 848 18 18 18 18 502 502 502 502 502 1849 1849 1849 1849 1849 1849 1849
1403 1116 828 828 46 105 502 502 182 1405 105 182 1405 1116 105 105 46 105 182 1405
96 1882 96 96 96 1882 1131 1882 1384 1131 1882 96 1882 1882 1882 1882 1384 1882 1882 1017
1882 1882 96 1882 1384 96 1882 1882 1384 46 46 96 1403 828 1384 828 1116 46 828 828
96 96 304 304 304 304 1384 304 304 1017 1017 828 1384 828 502 1017 1403 828 828 201
18 1384 828 1403 1116 828 828 46 105 502 502 182 1405 105 182 1405 1116 105 105 46
201 1384 1131 1882 1131 1131 1131 1882 1131 1131 1131 1882 1131 1131 1882 103 103 1131 1384 1131
1882 1131 96 96 1882 1131 1131 1131 1882 1131 1131 1882 1882 1882 1131 1384 1131 1131 103 103
502 502 502 502 201 46 828 1384 46 96 46 1116 828 828 133 18 18 46 828 1384
1131 103 103 103 1131 1384 1131 1131 103 103 1131 1131 1131 103 103 1131 1131 103 1131 103
1131 1131 103 1131 1131 103 103 1131 1384 103 1131 1131 1131 103 103 1131 1131 1131 103 103
1116 201 502 201 133 1116 182 182 1405 105 182 1116 1116 105 105 182 1116 201 1405 105
1131 1384 1131 1131 1882 1131 103 1131 1131 103 1882 1384 1882 1882 1131 103 1384 1131 1882 1384
46 46 1384 46 502 46 96 1403 828 18 18 1384 828 46 1403 46 828 828 502 502
96 1384 1882 96 96 1882 96 1882 1882 96 96 1882 96 1882 1882 1882 1384 96 96 1882
499 828 499 1384 1116 133 1384 1131 46 1131 1131 1131 46 1131 1131 1131 103 1131 1131 103
1403 304 1017 828 828 828 828 1384 1403 828 1384 1131 1882 1131 1131 96 133 1882 1131 1131
1131 1131 103 103 103 1131 103 1131 1131 1131 103 103 1384 1131 1131 103 1131 1131 103 1131
828 1384 1882 1017 1403 304 1017 828 828 828 828 1384 1403 133 1018 1131 1882 1131 1131 1131
105 46 105 201 1405 105 201 1405 1116 105 201 1116 1405 182 201 1405 828 1384 46 1017
1405 105 182 1405 1116 105 105 46 105 201 1405 105 133 1405 1405 499 133 1405 1405 133
201 201 502 502 201 133 201 1405 105 182 133 1116 46 105 105 46 105 133 201 1405
182 201 46 828 1384 46 1017 1116 182 1116 828 828 828 828 1384 1116 201 1384 1131 46
1131 103 1131 1131 103 103 1131 103 1131 1131 103 1131 103 1018 1131 103 1131 1131 1131 103
105 304 1131 1882 1384 1882 1131 1131 1131 1882 1882 1131 1131 1131 1882 1882 1131 1384 1882 1131
103 1131 103 1131 103 1131 1131 103 103 1131 1131 103 1131 1131 103 1131 103 103 1131 103
182 1405 46 105 105 46 105 201 1405 105 182 46 1405 105 182 1405 133 201 1405 828
304 502 1017 1403 828 18 18 1384 828 1017 1403 828 828 502 502 182 1405 105 182 1405
304 1017 1017 828 1384 828 1017 828 1384 1131 1017 1882 828 828 1882 1131 1131 1131 1882 1131
46 46 1403 1403 828 502 18 18 1384 828 1403 1116 828 828 46 105 502 502 182 1405
1849 1849 1849 1849 1849 1849 1849 1849 1849 1849 1849 1849 1849 18 18 502 1849 133 1116 499
828 1384 1403 133 1384 1131 46 1131 1131 1131 46 1131 1131 1131 1882 1131 1131 103 103 103
1131 1384 103 1131 1131 1131 1882 103 1131 1131 1131 103 103 1131 1384 103 1131 103 1131 103
502 201 46 828 1384 1882 1017 1403 304 1403 828 828 828 828 1384 1403 133 1384 1131 1882
1882 1131 1882 1384 1882 1131 1882 1131 1131 1882 1131 1882 1131 1882 1131 1882 1882 1384 1131 1882
502 201 1405 828 1384 46 96 1116 1116 1116 828 828 828 828 1384 1116 201 1384 1131 46
1131 1131 1131 1882 1131 1882 1882 1882 1882 1384 1882 1882 1017 1403 828 502 18 18 1384 828
46 1384 1882 1131 1131 103 1131 1882 1882 1882 1384 1882 1882 1882 1882 1017 1403 828 1384 828
103 1131 1131 103 103 1131 1384 103 1131 1131 1131 103 103 1131 1131 1131 103 1131 1384 103
848 848 18 18 18 18 502 502 502 502 502 1849 1849 1849 1849 1849 1849 1849 1849 1849
1882 1882 1882 96 1384 1131 1131 1882 1882 96 1131 96 96 1882 1882 1131 1384 1882 1131 1882
18 18 18 502 117 117 117 117 117 117 117 117 117 117 1849 117 117 117 117 117
1131 1131 1384 103 1131 103 1131 1131 103 1131 103 1131 103 1131 1131 1131 103 103 1018 1131
828 201 46 1116 828 133 1116 133 1384 1405 828 1384 46 96 1116 1116 1116 828 828 828
1849 1849 1849 1849 1849 1849 1849 1849 1849 1849 1849 1849 1849 1849 1849 18 18 1849 1849 38
1882 1131 1131 96 1882 1131 1131 1131 1882 1131 1131 1882 1882 103 1131 1384 1131 1131 103 103
1131 1131 103 96 103 1384 103 1131 1131 103 103 1131 1131 1131 103 103 1131 1131 1384 103
1403 103 1017 828 828 828 828 1384 1017 201 1018 1131 1882 1131 1131 1018 1882 1131 1131 1131
1131 1882 1131 1882 1384 103 1131 1882 1131 1131 1882 1131 1882 1131 103 1131 103 1882 1384 1131
502 502 848 848 848 848 18 18 18 18 502 502 502 502 502 1849 1849 1849 1849 1849
103 1131 103 1131 103 1131 103 1131 103 1131 1131 103 103 1384 1131 103 1131 103 103 103
1131 1131 1131 103 1131 1131 103 1131 1131 103 103 1131 1131 1131 103 103 1131 1131 1131 103
848 18 18 18 18 502 502 502 502 502 1849 1849 1849 1849 1849 1849 1849 1849 1849 1849
848 848 18 18 18 18 502 502 502 502 502 1849 1849 1849 1849 1849 1849 1849 1849 1849
1405 1116 105 105 46 105 182 201 1405 105 182 46 1116 105 182 1405 182 201 1405 828
1131 1384 96 96 46 1882 1131 1882 46 1384 46 1882 1882 1882 96 1403 828 1384 828 1116
828 502 502 182 1405 105 182 1116 133 105 105 46 105 201 1405 105 201 1405 1116 105
46 46 304 1403 1403 499 502 18 18 1384 499 1116 46 828 828 502 502 182 1405 105
1131 103 103 1131 103 1018 1131 1131 103 103 1131 1131 1131 1131 103 103 1131 1018 103 1131
1131 1882 96 96 1882 96 96 1882 96 1882 1384 1882 1882 1882 1882 1403 828 502 502 502
1882 1131 96 96 1882 1131 1131 1882 1882 1882 1131 1384 1131 1131 103 1882 1131 1131 1131 1882
1882 96 96 96 1882 96 1131 1131 1882 96 1131 1882 1882 1131 1882 1384 1131 1131 1882 1882
201 201 133 1116 133 133 1405 502 502 1116 133 201 1405 828 1384 46 96 1403 46 1116
46 105 201 1405 105 201 1405 1116 499 201 1405 182 201 1405 828 1384 1882 1403 1403 304
1849 1849 1849 1849 1849 1849 1849 1849 1849 1849 1849 1849 1849 1849 1849 1849 18 1849 1849 1849
1882 1384 1882 1882 1882 1882 1131 1131 1131 1131 1882 1384 1882 1882 1882 1384 1131 1131 133 1882
1384 1882 1017 1403 304 1403 828 828 828 828 1384 1403 201 1384 1131 1882 1131 1131 1131 1882
38 38 1849 1849 1849 1849 1849 38 38 1849 1849 1849 1849 1849 18 18 502 502 133 1403
96 38 304 38 1882 1882 1882 304 1849 499 133 133 133 201 133 133 133 133 133 133
1131 103 103 1131 1131 1131 103 103 1131 1131 1384 103 1131 103 1131 1131 103 1131 103 1131
1882 96 96 1882 1882 1882 96 1384 1131 1131 1882 1882 96 1131 1131 1131 1882 1882 1131 1384
1131 133 1882 1131 1131 1384 133 1882 1131 1131 133 182 1116 1882 1882 1131 1384 1131 1131 1882
304 1882 1882 96 1384 96 96 1882 1882 96 1882 1384 1882 1882 1882 304 1017 1403 828 1384
828 828 828 1384 1403 201 1384 1131 1882 1131 1131 96 1882 1131 1131 1131 1882 1131 1131 1882
1017 1403 304 1017 828 828 828 828 1384 1403 133 1384 96 46 96 96 96 46 96 96
1131 1882 1131 1384 1882 103 1131 1131 1882 1882 1131 1131 1131 1131 1882 1882 1131 1018 1131 1882
502 502 201 46 828 1384 1882 1017 1403 304 1403 828 828 828 828 1384 1403 201 1384 1131
201 201 201 201 133 1384 1384 46 1116 46 828 828 502 502 133 201 18 18 201 201
96 1403 828 1384 828 304 1403 828 828 1131 46 828 1131 1882 1403 46 46 304 1384 1384
1131 1882 96 96 1882 96 1882 1131 1882 1131 1131 1882 1882 1384 1131 1882 96 1131 1131 1882
502 201 201 18 18 201 201 201 502 201 201 201 502 201 1403 828 1384 1882 1017 1403
201 1116 133 201 133 1405 201 201 133 1116 133 133 1405 502 502 1405 133 201 1405 828
1849 1849 1849 1849 1849 1849 1849 1849 1849 1849 1849 1849 1849 1849 1849 1849 18 18 502 18
103 1131 1018 1131 1131 103 103 1131 1131 1131 103 103 1131 1131 1018 103 1131 103 1131 1131
1131 1882 1384 1131 1882 96 1131 1882 1131 1131 1882 96 1882 1384 1882 1882 1882 1882 38 828
18 502 502 502 502 502 117 117 1849 117 117 117 117 117 117 117 1849 117 117 117
1017 1403 46 1403 828 828 828 828 1384 1403 201 1384 96 1882 96 96 96 1882 96 96
103 1131 1131 103 103 1131 103 1131 103 1131 103 1131 1131 103 1384 1131 103 1131 1131 103
828 1882 96 96 96 1882 96 1384 1384 1882 1882 96 1882 96 96 1882 1882 1384 1403 828
1405 828 1384 1882 1403 1403 46 1116 828 828 828 828 1384 1403 201 1384 96 1882 1131 96
1131 1131 103 103 1131 1131 1384 103 1131 1131 103 103 103 1131 103 1131 1131 1131 103 103
1012 1237 1012 1237 1012 1237 1012 1012 1012 1237 1237 1237 1131 1012 1237 1237 1237 1237 1131 1237
1131 1131 1131 1131 103 1384 1131 103 1131 1131 103 1131 103 1131 1131 103 103 1131 1384 1131
502 201 46 828 1384 46 1017 1403 133 1017 828 828 828 828 1384 1403 201 1384 96 46
18 18 18 502 502 502 502 502 1849 1849 1849 1849 1849 1849 1849 1849 1849 1849 1849 1849
103 1131 1131 1882 103 103 1131 1384 1131 1131 103 1131 103 1131 1131 1131 103 103 1131 1384
103 1018 1131 103 1131 1131 1131 1882 1131 103 1131 1131 103 96 103 103 103 103 1017 828
38 38 18 18 502 502 201 1405 828 1384 46 1017 1403 1116 1403 828 828 828 828 1384
1882 1131 96 1882 1882 96 1882 1131 1131 1131 1882 1131 1882 1384 1131 1882 1131 1882 1882 1882
1882 1384 1131 1882 96 96 1882 1882 1882 1384 1882 1882 1882 1017 1403 828 502 18 18 1384
1403 828 502 18 18 1384 828 1403 1403 828 828 502 502 201 1405 105 182 1405 46 105
1403 1116 1017 828 828 828 828 1384 1403 828 1384 96 1882 96 96 96 201 1882 96 96
1882 96 1403 828 1384 828 1403 1116 828 828 1131 46 828 1131 1882 1403 46 46 304 828
46 1882 1403 1403 828 1384 828 1403 46 828 828 201 1403 828 1384 1882 1017 1403 304 1403
1403 828 502 18 18 1384 828 1403 1403 828 828 502 502 201 1405 105 182 1405 46 105
1131 1131 103 103 103 1131 1018 1131 1131 103 103 1131 1131 1131 103 103 1131 1131 1018 103
848 848 18 18 18 18 502 1849 1849 1849 1849 1849 1849 1849 117 117 117 1849 1849 1849
201 201 1882 1882 1384 1882 1882 1017 1403 828 502 1384 828 1882 1403 304 828 828 201 502
1131 1131 103 1131 103 1384 103 1131 1131 103 103 1131 1131 1131 103 103 1131 1131 1384 103
1131 1882 1882 1131 1384 103 1131 1882 1131 1882 1131 103 1131 103 1131 103 1131 1131 103 1384
1384 304 1882 1017 1403 828 502 1384 828 46 1403 304 828 828 201 502 201 201 201 201
96 1882 1882 1384 1882 1882 1882 1403 1017 1403 828 1384 828 1403 1403 828 828 1882 828 201
1882 1131 1384 96 96 46 1882 1131 46 46 1384 46 1882 1882 1882 96 1403 828 1384 828
1882 96 1882 96 96 96 1882 1131 1882 1384 96 1882 96 1882 1882 1882 1882 1384 1882 1882
133 105 105 46 105 201 1405 828 201 1405 1116 105 182 1116 1405 182 201 1405 828 1384
1384 1131 1131 103 103 1131 1131 1131 103 103 1131 1131 1384 103 1131 103 1131 1131 103 103
1849 1849 1849 1849 1849 1849 1849 1849 1849 1849 1849 1849 1849 1849 18 18 18 18 502 18
828 1384 1882 133 1384 1131 103 1131 1131 1131 103 1131 1131 1131 103 1131 1018 103 103 1131
96 1882 1131 1131 1882 1882 1882 1882 1384 1131 1131 1131 1131 1882 1882 103 1384 1882 1131 103
828 828 828 828 1384 1403 133 1384 1131 46 96 96 96 46 96 96 96 1882 96 96
46 105 201 1405 105 201 1405 1116 105 201 1405 182 201 1405 828 1384 1882 1017 1403 46
1849 1849 1849 1849 1849 1849 1849 1849 1849 1849 1849 1849 1849 1849 1849 1849 1849 18 18 1849
1882 1882 1131 1882 1384 1131 1131 1131 1882 103 1131 1131 1131 1882 1882 1131 1384 103 1131 103
828 201 1116 182 201 1405 828 1384 46 96 1116 1116 1116 828 828 828 828 1384 1116 1384
1131 1131 103 103 103 1131 1018 1131 1131 103 103 1131 1131 1131 103 103 1131 1131 1018 103
1131 1131 1131 103 1131 1131 1131 103 1131 1131 103 103 103 1131 1018 1131 1131 103 103 1131
182 1405 105 182 1405 1116 105 105 46 105 201 1405 105 182 1405 1405 105 201 1405 1116
1131 103 1131 103 1131 103 1131 103 1131 1131 103 1131 1131 103 1018 1131 103 1131 1131 103
1116 105 105 46 105 201 1405 105 182 1405 1405 105 182 1405 182 201 1405 828 1384 46
38 38 38 38 38 38 38 18 18 502 502 201 1403 828 1384 1882 1017 1403 304 1403
1116 105 182 1405 182 201 1405 828 1384 46 1017 1403 1116 1403 828 828 828 828 1384 1403
304 1882 1384 1882 1882 1017 1403 828 18 18 1384 828 1882 1403 1882 828 828 502 46 105
103 103 1131 1018 103 1131 103 1131 103 1131 103 1131 103 1131 103 1131 1131 103 1018 1131
1116 828 828 828 828 1384 1116 1018 96 1131 46 1131 1131 1131 46 1131 1131 1131 103 1131
1017 828 18 18 1384 828 1017 1403 828 828 304 828 502 502 182 1405 105 182 1116 1116
1131 103 1131 1131 1131 103 103 1384 1131 1131 103 1131 1131 103 1131 1131 103 1131 103 1384
1882 1882 1882 96 1384 1131 1131 103 1882 1131 1131 1131 1882 1131 1131 1384 103 1131 103 1131
502 502 502 502 117 117 117 117 117 117 117 117 117 117 117 117 117 117 117 117
1131 1131 1131 1131 103 103 1131 1384 46 1131 103 1131 103 1131 103 1131 103 1131 103 1131
96 1882 96 1384 1384 1882 1882 96 1882 96 96 1882 1882 1384 1403 828 1384 96 1882 1882
828 1384 848 201 1384 1131 46 1131 1131 1131 46 1131 1131 1131 103 1131 1131 103 103 1131
1131 1882 1384 1131 1131 1131 1882 103 1131 1131 1131 103 103 1131 1384 103 1131 103 1131 103
1131 103 1131 1131 1131 103 1131 1131 103 103 103 1131 1384 1131 1131 103 103 1131 103 1384
502 502 848 848 848 848 18 18 18 18 502 502 502 502 502 1849 1849 1849 1849 1849
828 201 1405 828 1384 46 1017 1116 1116 1403 828 828 828 828 1384 1116 133 1384 96 46
1882 1882 1131 1131 1131 1882 96 1131 1882 1131 1131 1882 1882 1882 1384 1882 1882 1882 1017 1403
46 1384 1882 46 1882 1882 96 1403 828 1384 828 1403 1116 828 828 201 46 828 1384 1882
1882 1131 1131 1882 1882 1384 1131 103 1131 1131 1882 1131 1882 1131 103 1384 1131 103 1131 103
1017 828 201 1405 105 201 1405 1116 828 133 201 201 1116 1405 182 201 201 201 201 201
1384 828 1403 828 1384 1131 1017 1882 828 828 1882 1131 1131 1131 1882 1131 1131 1131 1882 1131
18 18 18 18 502 502 502 502 502 1849 1849 1849 1849 1849 1849 1849 1849 1849 1849 1849
1131 1131 103 1131 1131 103 1131 1131 103 103 1131 1131 1131 103 103 1131 1131 1131 103 1131
1131 1131 1882 1882 1131 1384 1131 1882 1131 1882 1131 1882 1131 1882 1131 103 1131 1131 103 1882
1384 46 46 304 1403 1403 499 502 18 18 1384 499 1116 46 828 828 502 502 182 1405
1131 1131 1131 1131 103 103 1131 1018 103 1131 103 1131 103 1131 103 1131 103 1131 103 1131
828 1384 96 1882 96 96 96 1384 1882 96 96 96 1882 96 96 46 828 1882 96 1882
1384 1882 1131 1882 1131 1131 1882 1131 1882 1131 1882 1131 1882 1882 1384 1131 103 1131 1131 1882
1131 1012 1018 103 1131 1237 1131 1012 103 1131 103 103 1131 1012 1018 1237 103 103 1012 1018
828 1384 828 304 304 828 828 1131 46 1131 1131 103 1403 1403 103 304 1131 1131 1131 1131
502 502 502 502 117 117 117 117 117 117 117 117 117 117 117 117 117 117 117 117
1131 1882 1131 1882 1131 103 1131 1131 1131 1882 1882 1384 1131 1882 1131 103 1882 1882 103 1384
1131 1131 46 1131 1131 1131 46 1131 1131 46 103 1131 103 1384 1131 1131 103 103 1131 1131
1017 1017 828 18 18 1384 828 1017 1403 828 828 1882 828 502 502 182 1405 105 182 1116
46 46 1131 1384 46 1131 46 1131 46 1131 46 1131 46 1131 103 1131 1131 103 1384 1131
18 18 18 18 502 502 502 502 502 1849 1849 1849 1849 1849 1849 1849 1849 1849 1849 1849
1131 1131 103 103 1131 1131 103 1131 103 1131 1131 103 1131 103 1131 103 1131 1131 103 103
1384 46 1882 1882 46 96 1403 828 1384 828 1403 1116 828 828 133 1405 828 1384 46 1017
38 38 38 38 38 38 38 18 18 502 502 201 1405 828 1384 1882 1017 1403 1116 1403
96 96 1882 96 96 1882 96 1882 1384 46 1882 1882 1882 1384 1882 1116 828 502 502 502
1018 1237 1012 1237 1012 1237 1012 1237 1012 1237 1012 1012 1012 1237 1237 1237 1018 1012 1237 1237
96 96 1882 96 1882 1384 1882 46 46 1882 1403 828 502 502 502 502 502 502 18 18
1849 1849 1849 1849 1849 1849 1849 1849 1849 1849 1849 18 18 502 502 133 1116 499 1384 46
1384 1882 1017 1403 46 1017 828 828 828 828 1384 1403 201 1018 1131 1882 1131 1131 1384 1882
133 201 1116 133 133 201 201 133 133 133 201 1116 133 201 133 201 133 201 133 201
103 1131 1131 1131 103 1131 1131 1131 103 1131 1131 103 103 103 1131 1018 1131 1131 103 103
38 38 38 38 38 38 38 18 18 502 502 133 1405 499 1384 46 1017 1403 1116 1403
1131 1882 1384 96 103 1131 1384 1131 1131 1131 1131 1882 96 103 1882 1882 1403 828 18 18
828 1403 1116 828 828 201 1405 828 1384 46 1017 1116 1116 1116 828 828 828 828 1384 1116
1403 828 502 18 18 1384 828 46 1017 304 1403 828 828 828 201 1405 828 1384 502 502
1131 1131 103 1131 103 1131 103 1131 1131 1131 1882 1882 1384 1131 103 1131 103 103 103 103
1131 1882 1131 1131 1131 103 1131 1131 1882 1131 1384 1882 103 1131 1131 103 103 1131 1131 1131
38 38 38 38 38 38 38 38 38 18 18 502 502 133 46 499 1384 46 1403 1403
304 304 1017 1017 828 1384 828 502 1017 1403 828 828 201 201 133 201 201 201 133 502
1384 828 1882 1017 1882 1403 828 828 1384 502 502 502 182 1405 105 182 1405 1116 105 105
1131 1882 1131 1131 1882 1882 1882 1384 1882 1882 1882 1017 1403 828 502 18 18 1384 828 304
1384 1882 1017 1403 304 1403 828 828 828 828 1384 1403 201 1384 1131 1882 1131 96 1131 1882
1849 1849 1849 1849 1849 1849 1849 1849 1849 1849 1849 1849 1849 1849 18 18 18 18 502 18
1131 103 103 103 1131 1131 103 103 103 103 1131 1882 1882 502 1017 304 1384 1131 1384 103
1131 1131 1131 46 1131 1131 1131 1882 1131 1131 103 103 96 1384 103 103 103 1131 103 1384
18 502 502 502 502 502 1849 117 117 117 117 117 117 117 117 117 117 117 117 117
1131 103 103 1131 1131 1131 103 103 1131 1131 1384 103 1131 1131 103 103 103 1131 103 1131
133 201 1882 828 1384 1882 1017 1403 304 1017 828 828 828 828 1384 1403 133 1384 1131 1882
105 105 1403 828 46 182 201 1405 182 182 1405 1116 105 182 1405 1405 182 201 1116 828
1384 828 1403 1403 828 828 502 502 201 1405 105 182 1405 46 105 105 46 105 201 1405
502 201 1405 105 133 1405 1116 499 499 46 499 182 1405 105 182 1405 1116 105 133 1405
1131 1882 96 96 96 1882 1131 1131 1131 1882 96 1131 1882 1882 1131 1882 1384 1131 1131 103
1882 1882 1384 96 1131 133 1882 1384 1882 133 201 1131 1131 1131 1882 1384 1131 46 201 1882
1882 304 1384 1882 1882 1882 1017 1403 828 502 1384 828 1017 1403 828 828 502 502 182 1405
828 1384 46 1017 1116 1116 1403 828 828 828 828 1384 1116 201 38 96 46 96 1131 96
1405 1116 105 105 46 105 201 1405 105 182 46 1116 105 182 1116 182 201 1405 828 1384
1882 1882 1017 1017 828 828 1384 828 1017 1882 828 828 502 133 502 1116 133 133 133 201
1882 46 96 1403 828 1384 828 1403 1116 828 828 133 1405 828 1384 46 1403 1403 1116 1116
1131 1131 1882 1882 1882 96 1384 1131 1131 1882 1882 1131 1882 1882 96 1882 103 1882 1882 96
1849 1849 1849 1849 1849 1849 1849 1849 1849 1849 1849 1849 18 18 502 1849 1384 1403 828 1384
103 1384 103 1131 103 1131 1131 1131 1131 1131 1882 1131 1131 103 1131 1384 103 1131 1131 103
1384 304 1882 1017 1403 828 18 18 1384 828 1403 1403 828 828 502 502 502 201 1405 105
502 502 502 502 502 117 117 117 117 117 117 117 117 117 117 117 117 117 117 117
96 96 1882 96 1882 96 1882 1131 1131 1882 1882 1384 96 1882 96 1131 1131 103 1131 1131
1131 1131 1131 103 103 1131 1018 103 1131 103 1131 103 1131 103 1131 103 1131 103 1131 1131
1384 1403 1018 1018 1131 103 1131 1131 1131 103 1131 1131 1131 103 1131 1131 103 103 1131 103
1882 1882 1403 133 1116 182 201 1405 105 182 1405 1116 182 1405 182 502 502 133 1405 105
1849 201 1116 201 201 133 18 18 502 502 1384 1403 828 1384 1882 1017 1403 1403 1403 828
201 1405 46 201 201 105 201 201 1405 828 1384 46 1017 1403 1403 1403 828 828 828 828
828 828 828 828 1384 1116 1384 1384 1131 46 1131 1131 1131 46 1131 1131 1131 46 1131 1131
1849 1849 1849 1849 1849 1849 1849 1849 1849 1849 1849 1849 1849 1849 1849 1849 18 18 1849 1849
848 848 46 18 18 46 18 18 502 502 46 133 502 502 502 1849 1849 1849 1849 1849
105 1882 1131 96 1131 1882 1131 1131 46 105 1882 1131 1882 1384 1882 1131 1131 1131 1882 1882
257 1018 257 257 1237 1237 257 257 1012 1237 1237 257 257 257 1237 257 1237 257 257 1237
1403 828 828 201 201 201 201 201 201 201 502 201 201 502 502 502 201 133 502 502
848 18 18 18 18 502 502 502 502 502 1849 1849 1849 1849 1849 1849 1849 1849 1849 1849
201 201 502 502 201 201 201 201 502 502 201 502 133 201 1405 828 1384 1882 1017 1403
1882 1882 1017 1403 828 502 1384 828 1017 1403 828 828 502 502 182 1405 105 182 1405 1116
1403 828 1384 828 1403 1403 828 828 201 46 828 1384 1882 1403 1116 46 1116 828 828 828
103 1131 103 1131 1131 103 103 1131 1131 1131 103 1131 1131 103 1131 1131 103 1131 103 103
828 1384 1882 1017 1403 46 1116 828 828 828 828 1384 1403 201 1384 96 1882 1131 1131 1131
201 201 201 502 201 1403 828 1384 1882 1017 1403 1403 1017 828 828 828 828 201 1384 182
201 133 1116 201 133 201 201 201 133 201 201 201 133 201 201 201 133 502 502 201
1131 1882 1131 1131 1882 1131 1131 1882 1131 1882 1384 1882 1882 1882 1882 1017 828 18 18 502
1384 96 1131 103 1882 1131 1131 1131 1882 1882 1131 1882 1131 1384 96 1882 1131 1131 1882 103
46 1131 1131 1131 46 1131 1131 1131 46 1131 1131 46 103 1131 103 1384 1131 1131 103 103
1018 1237 1012 1237 1012 1237 1012 1237 1012 1237 1012 1012 1012 1237 1237 1237 1018 1012 1237 1237
828 1384 46 1403 1116 46 1116 828 828 828 828 1384 1116 201 1384 1131 46 1131 1131 1131
96 96 1882 96 1882 1384 1882 46 46 1882 1403 828 502 502 502 502 502 502 18 18
105 182 1116 1116 105 105 46 105 201 1405 828 182 46 1116 105 182 1405 133 201 1405
38 38 38 38 38 38 38 38 38 38 18 18 502 502 201 1405 828 1384 1882 1017
502 502 182 1405 105 182 1116 1116 105 105 46 105 201 1405 105 133 1405 1116 105 133
38 38 38 38 38 38 38 18 18 502 502 502 502 502 502 502 18 18 502 502
1131 1131 46 46 1131 1384 46 1131 46 1131 46 1131 46 1131 103 1131 103 1131 1131 103
1403 1882 304 828 828 828 828 1384 1403 201 1384 1131 1882 1131 1131 1131 1882 1131 1131 1131
103 1131 1384 1131 1131 103 103 1131 1131 1131 1882 1882 1131 1882 1131 1384 1131 103 1131 1131
96 96 96 103 1882 96 1384 1882 1131 1882 1131 1131 96 1882 103 96 103 96 1131 103
105 105 1405 105 46 182 201 1405 105 133 1405 1116 105 182 1405 182 201 1405 828 1384
1384 103 1131 103 1131 103 1131 103 1131 103 1131 1131 103 1131 103 1018 1131 103 1131 1131
502 502 201 1882 828 1384 1882 1017 1403 304 1403 828 828 828 828 1384 1403 201 1384 1131
1131 103 103 1131 1131 1384 103 1131 103 1131 103 1131 103 1131 103 1131 1131 1131 103 103
38 38 38 38 38 38 38 38 18 18 502 502 133 46 499 1384 46 1403 1116 46
1403 201 1384 1131 1882 1131 1131 1131 1882 1131 1131 1131 1882 1131 1131 1882 1882 103 1131 1384
