3943 2948 1876 4232 2970 2740 3179 1003 1694 1013 4197 1500 2970 1013 2188 3943 4523 1876 1527 1876
4116 4232 2813 721 3179 1003 1694 1013 1548 1500 2813 2740 2188 3943 4523 4116 2182 4116 4232 2813
4567 4116 2948 4116 4232 2813 1013 3179 1003 1694 1013 4197 1500 2813 2740 2188 3943 4523 4116 2309
4197 4116 2309 1694 4653 2086 4116 2182 4116 2309 2813 721 2086 2309 2813 4653 1548 3943 4567 4116
1675 4653 4197 3943 4567 4116 2948 4116 4232 2813 1013 3179 1003 1694 1013 4197 1500 2813 2740 2188
1548 3943 4567 4116 2948 4116 2182 4116 3073 3073 2948 4116 4232 2813 2740 3179 1003 1694 1013 1548
3073 2948 1876 4232 1675 884 3179 1003 1694 1013 4197 1500 2970 1013 2188 3943 4523 1876 1527 1876
1876 1527 1876 3073 3073 2948 1876 4232 2970 721 3179 1003 1694 1013 4197 1500 2970 1013 2188 3943
2948 1876 4232 2970 721 3179 1003 1694 1013 1548 1500 2970 2740 2188 3943 4523 1876 1527 1876 4232
4116 3179 4116 2309 2813 2740 2086 1500 1675 4653 1548 3943 4567 4116 2948 4116 2182 4116 3073 3073
4116 2309 1675 4653 4197 3943 4567 4116 2948 4116 4232 2813 1013 3179 1003 1694 1013 4197 1500 2813
721 3179 1003 1694 1013 1548 1500 2970 2740 2188 3943 4523 1876 1527 1876 4232 2970 4363 2086 3943
2740 2188 3943 4523 4116 2182 4116 4232 2813 2740 2086 3943 3073 3073 2309 1694 2740 2188 1500 3073
884 3179 1003 1694 1013 1548 1500 2970 2740 2188 3943 4523 1876 1527 1876 4232 2970 2740 2086 3943
4653 2086 3943 4232 1694 1013 2086 4116 4523 4116 2309 2813 2740 2086 1500 1675 4653 1548 3943 4567
4232 1694 2740 2086 4116 3943 4116 4232 2813 721 2086 2309 2813 4653 1548 3943 4567 4116 2948 4116
3073 1527 1876 2948 1876 4232 2970 721 3179 1003 1694 1013 4197 1500 2970 1013 2188 3943 4523 1876
3073 3073 2182 4116 2948 4116 4232 2813 2740 3179 1003 1694 1013 4197 1500 2813 1013 2188 3943 4523
1675 4653 4197 3943 4567 4116 2948 4116 4232 2813 1013 3179 1003 1694 1013 4197 1500 2813 2740 2188
3943 2948 1876 3073 3073 1527 1876 2948 3943 2948 1876 2309 1675 4363 3179 1003 1694 1013 4197 1500
3943 4523 4116 2309 2813 4653 2188 3943 2182 4116 3943 4116 2309 2813 4653 2086 3943 4232 1694 4653
3179 1003 1694 1013 4197 1500 2970 1013 2188 3943 4523 1876 1527 1876 4232 2970 2740 2086 3943 2309
721 4197 3943 4523 4116 2309 1694 2740 2188 3943 1675 4116 4523 4116 2309 2813 4653 2086 3943 4232
1013 3179 1003 1694 1013 4197 1500 2813 2740 2188 3943 4523 4116 2309 2813 721 2086 3943 4523 4116
2309 1694 4363 2188 4116 2948 4116 3073 3073 2948 4116 4232 2813 721 3179 1003 1694 1013 1548 1500
2309 2813 4653 2086 3943 4232 1694 2740 2086 4116 4523 4116 2309 2813 2740 2086 1500 2813 4653 1548
2740 2188 3943 2182 4116 2309 1694 2740 4523 3943 4197 4116 2309 1694 4653 2086 4116 2182 4116 2309
3943 4197 4116 2309 1694 4653 2086 4116 2182 4116 2309 2813 721 2086 2309 2813 4653 1548 3943 4567
1694 1013 4197 1500 2813 2740 2188 3943 4523 4116 2309 2813 1013 4197 3943 4523 4116 2309 1694 4653
2948 4116 4232 1675 4653 3179 1003 1694 1013 4197 1500 2813 1013 2188 3943 4523 4116 2182 4116 4232
3943 3073 3073 2948 1876 4232 1675 884 3179 1003 1694 1013 4197 1500 2970 1013 2188 3943 4523 1876
2813 1013 2188 3943 4523 4116 2182 4116 4232 2813 1013 2086 3943 2309 1694 4363 2188 1500 3073 3073
1013 1548 1500 2813 2740 2188 3943 4523 4116 2182 4116 4232 2813 2740 2086 3943 2309 1694 2740 2188
4116 3179 4116 2309 2813 2740 2086 1500 1675 4653 1548 3943 4567 4116 2948 4116 3073 3073 2182 4116
2813 1013 4197 3943 4523 4116 2309 2813 4653 2188 3943 2182 4116 3943 4116 2309 2813 4653 2086 3943
4116 2948 4116 3073 3073 2948 4116 4232 2813 2740 3179 1003 1694 1013 4197 1500 2813 1013 2188 3943
1694 1013 1548 1500 2813 2740 2188 3943 4523 4116 2309 2813 1013 4197 3943 4523 4116 2309 2813 4653
3179 1003 1694 1013 4197 1500 2813 2740 2188 3943 4523 4116 2309 2813 1013 4197 3943 4523 4116 2309
2309 2813 4653 2188 1548 1569 1569 2182 4116 2309 2813 4653 2086 3943 4232 2813 884 2188 4116 3179
3943 4523 4116 2309 1694 4653 2182 4197 1569 1569 3943 4116 2309 2813 4653 2086 3943 4232 1694 1013
2188 3943 4523 4116 2309 2813 1013 4197 3943 4523 4116 2309 2813 4653 2188 1548 1569 1569 2182 4116
4116 3073 3073 2948 4116 4232 2813 721 3179 1003 1694 1013 1548 1500 2813 2740 2188 3943 4523 4116
2948 4116 4232 2813 2740 3179 1003 1694 1013 1548 1500 2813 2740 2188 3943 4523 4116 2182 4116 4232
3179 4116 2309 2813 2740 2086 1500 1675 4653 1548 3943 4567 4116 2948 4116 2182 4116 3073 3073 2948
4197 3943 4567 4116 2948 4116 4232 2813 1013 3179 1003 1694 1013 4197 1500 2813 2740 2188 3943 4523
4116 4232 2813 1013 3179 1003 1694 1013 4197 1500 2813 2740 2188 3943 4523 4116 2309 2813 721 2086
4116 4232 1694 1013 1548 1500 2813 2740 2188 3943 4523 4116 2309 2813 1013 4197 3943 4523 4116 2309
2948 4116 4232 2813 2740 3179 1003 1694 1013 1548 1500 2813 2740 2188 3943 4523 4116 2182 4116 4232
3943 4567 4116 2948 4116 2182 4116 3073 3073 2948 4116 4232 2813 2740 3179 1003 1694 1013 1548 1500
2948 4116 2182 4116 3073 3073 2948 4116 4232 2813 2740 3179 1003 1694 1013 1548 1500 2813 2740 2188
4523 4116 2309 2813 4653 2086 3943 4232 1694 2740 2086 4116 4523 4116 2309 2813 2740 2086 1500 2813
2309 1694 4653 2086 4116 2182 4116 2309 2813 721 2086 2309 2813 4653 1548 3943 4567 4116 2948 4116
2188 3943 4523 4116 2182 4116 4232 2813 1013 2086 3943 3073 3073 2309 1694 4363 2188 1500 3073 3073
3073 2948 4116 2182 4116 2948 4116 3073 3073 2182 4116 2948 4116 4232 1675 4653 3179 1003 1694 1013
2813 721 2086 2309 2813 4653 1548 3943 4567 4116 2948 4116 3073 3073 2182 4116 2948 4116 4232 2813
2309 2813 721 2086 2309 2813 4653 1548 3943 4567 4116 2948 4116 3073 3073 2182 4116 2948 4116 4232
1569 1569 2309 1694 4653 2188 3943 2182 4116 4523 4116 2309 1694 2740 2086 3943 4232 1694 2740 2086
3073 2182 4116 2948 4116 4232 1675 4653 3179 1003 1694 1013 1548 1500 2813 2740 2188 3943 4523 4116
1876 2948 3943 2948 1876 2309 1675 4363 3179 1003 1694 1013 4197 1500 2970 1013 2188 3943 4523 1876
4116 2182 4116 4232 2813 1013 2086 3943 2309 1694 4363 2188 1500 3073 3073 2309 1694 721 2188 1500
1876 1527 1876 4232 2970 1013 2086 3943 4232 1694 1675 3179 4116 3073 3073 2309 1694 4653 2188 4116
4523 4116 4232 2813 721 2086 2309 2813 4653 1548 3943 4567 4116 2948 4116 3073 3073 2182 4116 2948
1548 3943 4567 4116 2948 4116 3073 3073 2182 4116 2948 4116 4232 2813 2740 3179 1003 1694 1013 4197
2813 2740 3179 1003 1694 1013 4197 1500 2813 1013 2188 3943 4523 4116 2182 4116 4232 2813 2740 2086
2309 2813 2740 4197 4523 1569 1569 2309 1694 4653 2188 3943 2182 4116 4523 4116 2309 1694 2740 2086
1548 1500 2813 2740 2188 3943 4523 4116 2309 2813 1013 4197 3943 4523 4116 2309 2813 4653 2188 1548
2813 2740 2188 3943 4523 4116 2309 2813 721 4197 3943 4523 4116 2309 1694 2740 2188 3943 1675 4116
4232 1675 4653 3179 1003 1694 1013 4197 1500 2813 1013 2188 3943 4523 4116 2182 4116 4232 2813 1013
4116 2309 2813 721 2086 1500 1675 4653 1548 3943 4567 4116 2948 4116 2309 1694 4363 2188 4116 2948
4653 2188 3943 2182 4116 4523 4116 2309 1694 2740 2086 3943 4232 1694 4653 2188 4116 2182 4116 2309
721 3179 1003 1694 1013 4197 1500 2970 1013 2188 3943 4523 1876 1527 1876 4232 2970 1013 2086 3943
2948 4116 4232 1675 4653 3179 1003 1694 1013 4197 1500 2813 1013 2188 3943 4523 4116 2182 4116 4232
4523 4116 2309 2813 1013 4197 3943 4523 4116 2309 2813 4653 2188 3943 2182 4116 3943 4116 2309 2813
1694 1013 4197 1500 2813 2740 2188 3943 4523 4116 2309 2813 721 4197 3943 4523 4116 2309 1694 2740
2309 1694 1013 1548 1500 2970 2740 2188 3943 4523 1876 1527 1876 4232 2970 1013 2086 3943 4232 1694
2309 2813 4653 1548 3943 4567 4116 2948 4116 3073 3073 2182 4116 2948 4116 4232 1675 4653 3179 1003
1013 4197 1500 2813 1013 2188 3943 4523 4116 2182 4116 4232 2813 1013 2086 3943 3073 3073 2309 1694
4116 2309 1694 2740 2086 3943 4232 1694 4653 2188 4116 2182 4116 2309 2813 721 2086 1500 1675 4653
2948 4116 4232 2813 721 3179 2309 1694 721 4197 1500 2813 1013 2188 3943 4523 4116 2182 4116 4232
2309 1694 4363 2188 4116 2948 4116 3073 3073 2948 4116 4232 2813 721 3179 1003 1694 1013 1548 1500
2740 2086 3943 4232 1694 4653 2188 4116 2182 4116 2309 2813 721 2086 1500 1675 4653 1548 3943 4567
1569 3073 3073 2948 4116 2309 1694 2740 2188 4116 2948 4116 3073 3073 2948 4116 4232 2813 2740 3179
1694 1013 1548 1500 2813 2740 2188 3943 4523 4116 2309 2813 1013 4197 3943 4523 4116 2309 2813 4653
2182 4116 3073 3073 2948 4116 2182 4116 2948 4116 3073 3073 2182 4116 2948 4116 4232 1675 4653 3179
2740 3179 2309 1694 1013 1548 1500 2970 2740 2188 3943 4523 1876 1527 1876 4232 2970 1013 2086 3943
1013 4197 3943 2182 4116 2309 1694 2740 2188 3943 2182 4116 2309 1694 2740 4523 3943 4197 4116 2309
4232 1694 1013 1548 1500 2813 2740 2188 3943 4523 4116 2309 2813 1013 4197 3943 4523 4116 2309 2813
1500 2813 2740 2188 3943 4523 4116 2309 2813 1013 4197 3943 4523 4116 2309 1694 4653 2182 4197 1569
4232 1694 2740 2086 4116 4523 4116 2309 2813 2740 2086 1500 2813 4653 1548 3943 4567 4116 2948 4116
1675 4653 3179 1003 1694 1013 4197 1500 2970 1013 2188 3943 4523 1876 1527 1876 4232 2970 1013 2086
2182 4116 2309 1675 4653 2086 3943 4567 4116 2948 4116 4232 2813 1013 3179 1003 1694 1013 4197 1500
1694 2740 2086 4116 3943 4116 4232 2813 721 2086 2309 2813 4653 1548 3943 4567 4116 2948 4116 3073
4116 4232 1675 4653 3179 1003 1694 1013 4197 1500 2813 1013 2188 3943 4523 4116 2182 4116 4232 2813
1548 3943 4567 4116 2948 4116 3073 3073 2182 4116 2948 4116 4232 1675 4653 3179 1003 1694 1013 4197
2309 1694 4653 2086 4116 2182 4116 2309 2813 721 2086 2309 2813 4653 1548 3943 4567 4116 2948 4116
1500 2970 1013 2188 3943 4523 1876 1527 1876 4232 2970 2740 2086 3943 2309 1694 1013 2188 4116 3073
1675 4653 4197 3943 4567 4116 2948 4116 4232 2813 1013 3179 1003 1694 1013 4197 1500 2813 2740 2188
1876 2948 1876 4232 2970 1013 3179 1003 1694 1013 1548 1500 2970 2740 2188 3943 4523 1876 1527 1876
3073 2948 4116 4232 2813 2740 3179 1003 1694 1013 1548 1500 2813 2740 2188 3943 4523 4116 2182 4116
4197 1500 2813 1013 2188 3943 4523 4116 2182 4116 4232 2813 1013 2086 3943 2309 1694 4363 2188 1500
1694 2740 2188 4116 2948 4116 3073 3073 2948 4116 4232 2813 2740 3179 1003 1694 1013 4197 1500 2813
1500 2813 2740 2188 3943 4523 4116 2182 4116 4232 2813 2740 2086 3943 3073 3073 2309 1694 2740 2188
4232 1694 2740 2086 4116 4523 4116 2309 2813 2740 2086 1500 2813 4653 1548 3943 4567 4116 2948 4116
1013 2188 3943 4523 4116 2182 4116 4232 2813 1013 2086 3943 2309 1694 4363 2188 1500 3073 3073 2309
2309 1694 2740 2188 4116 2948 4116 4232 1694 721 3179 4116 4232 1694 1013 1548 1500 2813 2740 2188
4197 1569 1569 3943 4116 2309 2813 4653 2086 3943 4232 1694 1013 2086 4116 4523 4116 2309 2813 2740
3179 1003 1694 1013 4197 1500 2813 1013 2188 3943 4523 4116 2182 4116 4232 2813 1013 2086 3943 3073
2948 4116 3073 3073 2948 4116 4232 2813 2740 3179 1003 1694 1013 4197 1500 2813 1013 2188 3943 4523
2086 1500 1675 4653 1548 3943 4567 4116 2948 4116 2309 1694 4363 2188 4116 2948 4116 3073 3073 2948
1694 1013 4197 1500 2813 4653 2188 3943 4523 4116 2309 2813 1013 4197 3943 2182 4116 2309 1694 2740
2309 2813 4653 2086 3943 4232 1694 1013 2086 4116 4523 4116 2309 2813 2740 2086 1500 1675 4653 1548
4653 2086 4116 4523 4116 2309 2813 721 2086 2309 2813 4653 1548 3943 4567 4116 2948 4116 3073 3073
4232 2813 2740 3179 1003 1694 1013 4197 1500 2813 1013 2188 3943 4523 4116 2182 4116 4232 2813 1013
2188 3943 4523 4116 2309 2813 1013 4197 3943 2182 4116 2309 1694 2740 2188 3943 2182 4116 2309 1694
1500 2813 2740 2188 3943 4523 4116 2309 2813 2740 4197 4523 1569 1569 2309 1694 4653 2188 3943 2182
4653 2188 3943 4523 4116 2309 2813 1013 4197 3943 2182 4116 2309 1694 2740 2188 3943 2182 4116 2309
1694 1013 1548 1500 2813 2740 2188 3943 4523 4116 2182 4116 4232 2813 2740 2086 3943 2309 1694 2740
3179 1003 1694 1013 1548 1500 2813 2740 2188 3943 4523 4116 2182 4116 4232 2813 2740 2086 3943 2309
4116 2948 4116 4232 2813 2740 3179 1003 1694 1013 4197 1500 2813 1013 2188 3943 4523 4116 2182 4116
2948 4116 4232 1675 4653 2086 3943 4567 1500 2309 1694 2740 2188 4116 2948 4116 4232 1694 721 3179
2970 2740 2188 3943 4523 1876 1527 1876 4232 2970 1013 2086 3943 4232 1694 1675 3179 4116 3073 3073
3943 4523 4116 2309 2813 1013 4197 3943 4523 4116 2309 2813 4653 2188 3943 2182 4116 4523 4116 2309
1013 2188 3943 4523 4116 2182 4116 4232 2813 1013 2086 3943 3073 3073 2309 1694 4363 2188 1500 3073
2970 2740 3179 1003 1694 1013 4197 1500 2970 1013 2188 3943 4523 1876 1527 1876 4232 2970 2740 2086
3179 1003 1694 1013 1548 1500 2970 2740 2188 3943 4523 1876 1527 1876 4232 2970 2740 2086 3943 3073
3073 3073 1527 1876 2948 3943 2948 1876 2309 1675 4363 3179 1003 1694 1013 4197 1500 2970 1013 2188
2740 4197 1500 2813 2740 2188 3943 4523 4116 2309 2813 1013 4197 3943 4523 4116 2309 1694 4653 2188
4523 4116 4232 2813 721 2086 2309 2813 4653 1548 3943 4567 4116 2948 4116 3073 3073 2182 4116 2948
1013 3179 1003 1694 1013 4197 1500 2813 2740 2188 3943 4523 4116 2309 2813 721 2086 3943 4523 4116
884 3179 1003 1694 1013 1548 1500 2970 2740 2188 3943 4523 1876 1527 1876 4232 2970 2740 2086 3943
4232 2813 721 3179 1003 1694 1013 1548 1500 2813 2740 2188 3943 4523 4116 2182 4116 4232 2813 2740
2309 2813 4653 2086 3943 4232 2813 884 2188 4116 4523 4116 2309 2813 2740 2086 1500 1675 4653 1548
4653 1548 3943 4567 4116 2948 4116 2309 1694 4363 2188 4116 2948 4116 3073 3073 2948 4116 4232 2813
2970 1013 2188 3943 4523 1876 1527 1876 4232 2970 2740 2086 3943 2309 1694 1013 2188 4116 3073 3073
4116 3073 3073 2948 4116 4232 2813 2740 3179 1003 1694 1013 4197 1500 2813 1013 2188 3943 4523 4116
4116 2309 2813 2740 2086 1500 1675 4653 1548 3943 4567 4116 2948 4116 3073 3073 2182 4116 2948 4116
1003 1694 1013 1548 1500 2813 2740 2188 3943 4523 4116 2182 4116 4232 2813 2740 2086 3943 2309 1694
1675 4653 4197 3943 4567 4116 2948 4116 4232 2813 1013 3179 1003 1694 1013 4197 1500 2813 2740 2188
4116 2309 1694 2740 2188 3943 2182 4116 2309 1694 2740 4523 3943 4197 4116 2309 1694 4653 2086 4116
3943 4232 2813 884 2188 4116 3179 4116 2309 2813 2740 2086 1500 1675 4653 1548 3943 4567 4116 2948
3943 4567 4116 2948 4116 4232 2813 1013 3179 1003 1694 1013 4197 1500 2813 2740 2188 3943 4523 4116
2182 4116 3073 3073 2948 4116 2182 4116 2948 4116 3073 3073 2182 4116 2948 4116 4232 1675 4653 3179
2813 721 3179 2309 1694 721 4197 1500 2813 1013 2188 3943 4523 4116 2182 4116 4232 2813 4363 2086
2182 4116 4523 4116 2309 1694 2740 2086 3943 4232 1694 4653 2188 4116 2182 4116 2309 2813 721 2086
4197 3943 4523 4116 2309 2813 4653 2188 3943 2182 4116 3943 4116 2309 2813 4653 2086 3943 4232 1694
4653 1548 3943 4567 4116 2948 4116 2182 4116 3073 3073 2948 4116 4232 2813 2740 3179 1003 1694 1013
2740 4197 1500 2813 2740 2188 3943 4523 4116 2309 2813 1013 4197 3943 4523 4116 2309 1694 4653 2188
4116 4232 2813 721 3179 2309 1694 721 4197 1500 2813 1013 2188 3943 4523 4116 2182 4116 4232 2813
4567 4116 2948 4116 3073 3073 2182 4116 2948 4116 4232 1675 4653 3179 1003 1694 1013 4197 1500 2813
4567 4116 2948 4116 4232 2813 1013 3179 1003 1694 1013 4197 1500 2813 2740 2188 3943 4523 4116 2309
2813 1013 4197 3943 4523 4116 2309 2813 4653 2188 1548 1569 1569 2182 4116 2309 2813 4653 2086 3943
2948 1876 2309 1694 4363 2188 1876 2948 1876 2948 1876 4232 2970 1013 3179 1003 1694 1013 1548 1500
2309 721 2182 3943 2182 4116 2948 4116 4232 1675 4653 4197 3943 4567 1500 2309 1694 2740 2188 4116
4232 1694 1013 1548 1500 2813 2740 2188 3943 4523 4116 2309 2813 1013 4197 3943 4523 4116 2309 2813
2813 2740 3179 1003 1694 1013 1548 1500 2813 2740 2188 3943 4523 4116 2182 4116 4232 2813 2740 2086
2182 4116 2948 4116 4232 1675 4653 3179 1003 1694 1013 4197 1500 2813 1013 2188 3943 4523 4116 2182
4116 4232 2813 2740 3179 1003 1694 1013 1548 1500 2813 2740 2188 3943 4523 4116 2182 4116 4232 2813
1876 2309 1675 4653 3179 1003 1694 1013 4197 1500 2970 1013 2188 3943 4523 1876 1527 1876 4232 2970
4653 1548 3943 4567 4116 2948 4116 3073 3073 2182 4116 2948 4116 4232 2813 2740 3179 1003 1694 1013
1500 2813 2740 2188 3943 4523 4116 2182 4116 4232 2813 2740 2086 3943 3073 3073 2309 1694 2740 2188
2086 3943 4232 1694 4653 2188 4116 2182 4116 2309 2813 721 2086 1500 1675 4653 1548 3943 4567 4116
4116 2309 2813 4653 2086 3943 4232 1694 4653 2086 4116 3943 4116 2309 2813 721 2086 2309 2813 4653
1694 2740 2086 3943 4232 1694 2740 2086 4116 3943 4116 2309 2813 721 2086 2309 2813 4653 1548 3943
1003 1694 1013 4197 1500 2813 1013 2188 3943 4523 4116 2182 4116 4232 2813 1013 2086 3943 3073 3073
2086 3943 4232 1694 4653 2188 4116 2182 4116 2309 2813 721 2086 1500 1675 4653 1548 3943 4567 4116
1876 2948 3943 2948 1876 2309 1675 4363 3179 1003 1694 1013 4197 1500 2970 1013 2188 3943 4523 1876
1013 2188 3943 4523 4116 2182 4116 4232 2813 1013 2086 3943 3073 3073 2309 1694 4363 2188 1500 3073
4116 4232 2813 721 2086 2309 2813 4653 1548 3943 4567 4116 2948 4116 3073 3073 2182 4116 2948 4116
3073 2948 1876 4232 1675 884 3179 1003 1694 1013 4197 1500 2970 1013 2188 3943 4523 1876 1527 1876
3073 3073 2182 4116 2948 4116 4232 2813 2740 3179 1003 1694 1013 4197 1500 2813 1013 2188 3943 4523
3943 2182 4116 3943 4116 2309 2813 4653 2086 3943 4232 1694 4653 2086 4116 3943 4116 2309 2813 721
4567 4116 2948 4116 3073 3073 2182 4116 2948 4116 4232 2813 2740 3179 1003 1694 1013 4197 1500 2813
4116 3073 3073 2948 4116 4232 2813 2740 3179 1003 1694 1013 1548 1500 2813 2740 2188 3943 4523 4116
2086 3943 4232 2813 884 2188 4116 3179 4116 2309 2813 2740 2086 1500 1675 4653 1548 3943 4567 4116
1694 1013 1548 1500 2813 2740 2188 3943 4523 4116 2309 2813 1013 4197 3943 4523 4116 2309 2813 4653
3943 3073 3073 2948 1876 2309 1675 884 3179 1003 1694 1013 1548 1500 2970 2740 2188 3943 4523 1876
1694 1013 4197 1500 2813 2740 2188 3943 4523 4116 2309 2813 721 4197 3943 4523 4116 2309 1694 2740
2086 1500 1675 4653 1548 3943 4567 4116 2948 4116 2182 4116 3073 3073 2948 4116 4232 2813 2740 3179
3943 3073 3073 2948 1876 2309 1675 884 3179 1003 1694 1013 1548 1500 2970 2740 2188 3943 4523 1876
2948 1876 2309 1694 4363 2188 1876 2948 1876 2948 1876 4232 2970 1013 3179 1003 1694 1013 1548 1500
2740 2188 3943 4523 4116 2309 2813 1013 4197 3943 4523 4116 2309 2813 4653 2188 1548 1569 1569 2182
1527 1876 2948 1876 4232 2970 721 3179 1003 1694 1013 4197 1500 2970 1013 2188 3943 4523 1876 1527
2948 4116 4232 1675 4653 3179 1003 1694 1013 4197 1500 2813 1013 2188 3943 4523 4116 2182 4116 4232
4116 4523 4116 2309 2813 4653 2086 3943 4232 1694 2740 2086 4116 4523 4116 2309 2813 2740 2086 1500
2813 4653 2086 3943 4232 1694 1013 2086 4116 4523 4116 2309 2813 2740 2086 1500 1675 4653 1548 3943
2813 2740 3179 1003 1694 1013 1548 1500 2813 2740 2188 3943 4523 4116 2182 4116 4232 2813 2740 2086
2948 4116 4232 2813 1013 3179 1003 1694 1013 4197 1500 2813 2740 2188 3943 4523 4116 2309 2813 721
4653 2086 3943 4232 1694 4653 2086 4116 3943 4116 2309 2813 721 2086 2309 2813 4653 1548 3943 4567
4523 4116 2309 2813 721 2086 2309 2813 4653 1548 3943 4567 4116 2948 4116 3073 3073 2182 4116 2948
4116 2948 4116 4232 1694 721 3179 4116 4232 1694 1013 1548 1500 2813 2740 2188 3943 4523 4116 2309
2740 4197 4523 1569 1569 2309 1694 4653 2188 3943 2182 4116 4523 4116 2309 1694 2740 2086 3943 4232
1013 1548 1500 2813 2740 2188 3943 4523 4116 2182 4116 4232 2813 2740 2086 3943 2309 1694 2740 2188
2182 4116 4523 4116 2309 1694 2740 2086 3943 4232 1694 2740 2086 4116 3943 4116 4232 2813 721 2086
4116 2948 4116 4232 2813 2740 3179 1003 1694 1013 4197 1500 2813 1013 2188 3943 4523 4116 2182 4116
3073 3073 2182 4116 2948 4116 4232 1675 4653 3179 1003 1694 1013 1548 1500 2813 2740 2188 3943 4523
721 3179 1003 1694 1013 4197 1500 2970 1013 2188 3943 4523 1876 1527 1876 4232 2970 1013 2086 3943
4116 2309 1675 4653 4197 3943 4567 4116 2948 4116 4232 2813 1013 3179 1003 1694 1013 4197 1500 2813
3073 2948 1876 4232 2970 721 3179 1003 1694 1013 4197 1500 2970 1013 2188 3943 4523 1876 1527 1876
1694 4653 2188 3943 2182 4116 4523 4116 2309 1694 2740 2086 3943 4232 1694 2740 2086 4116 4523 4116
2309 1675 4653 3179 1003 1694 1013 4197 1500 2970 1013 2188 3943 4523 1876 1527 1876 4232 2970 1013
2948 4116 2182 4116 2948 4116 3073 3073 2182 4116 2948 4116 4232 1675 4653 3179 1003 1694 1013 1548
4232 1694 4653 2086 4116 3943 4116 2309 2813 721 2086 2309 2813 4653 1548 3943 4567 4116 2948 4116
3943 2182 4116 2309 1694 2740 2188 3943 2182 4116 2309 1694 2740 4523 3943 4197 4116 2309 1694 4653
1876 2948 1876 4232 1675 884 3179 1003 1694 1013 1548 1500 2970 2740 2188 3943 4523 1876 1527 1876
1527 1876 3073 3073 2948 1876 4232 2970 721 3179 1003 1694 1013 4197 1500 2970 1013 2188 3943 4523
2813 721 2086 2309 2813 4653 1548 3943 4567 4116 2948 4116 3073 3073 2182 4116 2948 4116 4232 2813
4116 2948 4116 3073 3073 2182 4116 2948 4116 4232 2813 2740 3179 1003 1694 1013 4197 1500 2813 1013
1500 2813 2740 2188 3943 4523 4116 2309 2813 1013 4197 3943 4523 4116 2309 2813 4653 2188 3943 2182
1013 4197 1500 2970 1013 2188 3943 4523 1876 1527 1876 4232 2970 2740 2086 3943 2309 1694 1013 2188
2948 4116 4232 2813 2740 3179 1003 1694 1013 1548 1500 2813 2740 2188 3943 4523 4116 2182 4116 4232
4116 2182 4116 4232 2813 1013 2086 3943 2309 1694 4363 2188 1500 3073 3073 2309 1694 721 2188 1500
3179 4116 2309 2813 2740 2086 1500 1675 4653 1548 3943 4567 4116 2948 4116 2182 4116 3073 3073 2948
3179 4116 4232 1694 1013 1548 1500 2813 2740 2188 3943 4523 4116 2309 2813 1013 4197 3943 4523 4116
1876 3073 3073 2948 1876 4232 2970 721 3179 1003 1694 1013 4197 1500 2970 1013 2188 3943 4523 1876
2740 2188 3943 4523 4116 2309 2813 1013 4197 3943 4523 4116 2309 2813 4653 2188 3943 2182 4116 4523
4116 2948 4116 2309 1694 4363 2188 4116 2948 4116 3073 3073 2948 4116 4232 2813 721 3179 1003 1694
721 2182 3943 2182 4116 2948 4116 4232 1675 4653 4197 3943 4567 1500 2309 1694 2740 2188 4116 2948
1500 2813 2740 2188 3943 4523 4116 2309 2813 1013 4197 3943 4523 4116 2309 1694 4653 2188 3943 2182
4197 3943 4523 4116 2309 1694 2740 2188 3943 1675 4116 4523 4116 2309 2813 4653 2086 3943 4232 1694
2309 2813 2740 2086 1500 1675 4653 1548 3943 4567 4116 2948 4116 3073 3073 2182 4116 2948 4116 4232
3179 1003 1694 1013 4197 1500 2970 1013 2188 3943 4523 1876 1527 1876 4232 2970 1013 2086 3943 3073
4523 3943 4197 4116 2309 1694 4653 2086 4116 2182 4116 2309 2813 721 2086 2309 2813 4653 1548 3943
3943 4567 4116 2948 4116 3073 3073 2182 4116 2948 4116 4232 2813 2740 3179 1003 1694 1013 4197 1500
1500 1675 4653 1548 3943 4567 4116 2948 4116 2309 1694 4363 2188 4116 2948 4116 3073 3073 2948 4116
2948 4116 4232 2813 2740 3179 1003 1694 1013 4197 1500 2813 1013 2188 3943 4523 4116 2182 4116 4232
4232 1694 721 3179 4116 4232 1694 1013 1548 1500 2813 2740 2188 3943 4523 4116 2309 2813 1013 2086
3943 4523 4116 2309 1694 4653 2182 4197 1569 1569 3943 4116 2309 2813 4653 2086 3943 4232 1694 1013
4653 2188 1548 1569 1569 2182 4116 2309 2813 4653 2086 3943 4232 2813 884 2188 4116 4523 4116 2309
4116 2948 4116 2309 1694 4363 2188 4116 2948 4116 3073 3073 2948 4116 4232 2813 721 3179 1003 1694
1548 1569 1569 2182 4116 2309 2813 4653 2086 3943 4232 2813 884 2188 4116 4523 4116 2309 2813 2740
3943 4567 4116 2948 4116 2182 4116 3073 3073 2948 4116 4232 2813 2740 3179 1003 1694 1013 1548 1500
4523 4116 2309 2813 1013 4197 3943 4523 4116 2309 2813 4653 2188 1548 1569 1569 2182 4116 2309 2813
2188 3943 4523 4116 2182 4116 4232 2813 1013 2086 3943 3073 3073 2309 1694 4363 2188 1500 3073 3073
3073 2948 4116 4232 2813 721 3179 1003 1694 1013 1548 1500 2813 2740 2188 3943 4523 4116 2182 4116
4116 2309 1694 4653 2086 4116 2182 4116 2309 2813 721 2086 2309 2813 4653 1548 3943 4567 4116 2948
4653 2188 3943 2182 4116 4523 4116 2309 1694 2740 2086 3943 4232 1694 2740 2086 4116 4523 4116 2309
2948 1876 3073 3073 1527 1876 2948 3943 2948 1876 2309 1675 4363 3179 1003 1694 1013 4197 1500 2970
4116 2309 2813 2740 2086 1500 2813 4653 1548 3943 4567 4116 2948 4116 2182 4116 3073 3073 2948 4116
1694 4653 2188 4116 2182 4116 2309 2813 721 2086 1500 1675 4653 1548 3943 4567 4116 2948 4116 2309
2740 2188 3943 4523 4116 2309 2813 1013 4197 3943 4523 4116 2309 2813 4653 2188 3943 2182 4116 4523
4116 4232 2813 2740 3179 1003 1694 1013 1548 1500 2813 2740 2188 3943 4523 4116 2182 4116 4232 2813
2948 1876 4232 1675 884 3179 1003 1694 1013 4197 1500 2970 1013 2188 3943 4523 1876 1527 1876 4232
3179 1003 1694 1013 4197 1500 2813 1013 2188 3943 4523 4116 2182 4116 4232 2813 1013 2086 3943 3073
3943 4232 1694 1013 2086 4116 4523 4116 2309 2813 2740 2086 1500 1675 4653 1548 3943 4567 4116 2948
4567 4116 2948 4116 3073 3073 2182 4116 2948 4116 4232 2813 2740 3179 1003 1694 1013 4197 1500 2813
1876 2948 1876 4232 1675 884 3179 1003 1694 1013 1548 1500 2970 2740 2188 3943 4523 1876 1527 1876
2813 2740 2188 3943 4523 4116 2309 2813 2740 4197 4523 1569 1569 2309 1694 4653 2188 3943 2182 4116
2188 3943 4523 4116 2309 2813 1013 4197 3943 2182 4116 2309 1694 2740 2188 3943 2182 4116 2309 1694
4116 4523 4116 2309 2813 4653 2086 3943 4232 1694 2740 2086 4116 4523 4116 2309 2813 2740 2086 1500
1876 4232 2970 2740 3179 1003 1694 1013 4197 1500 2970 1013 2188 3943 4523 1876 1527 1876 4232 2970
2182 4116 2309 2813 721 2086 2309 2813 4653 1548 3943 4567 4116 2948 4116 2182 4116 3073 3073 2948
1500 2813 2740 2188 3943 4523 4116 2309 2813 1013 4197 3943 4523 4116 2309 2813 4653 2188 3943 2182
1500 1675 4653 1548 3943 4567 4116 2948 4116 2309 1694 4363 2188 4116 2948 4116 3073 3073 2948 4116
1694 721 3179 4116 4232 1694 1013 1548 1500 2813 2740 2188 3943 4523 4116 2309 2813 1013 2086 3943
3943 4523 4116 2309 2813 4653 2188 1548 1569 1569 2182 4116 2309 2813 4653 2086 3943 4232 2813 884
4116 4232 2813 2740 3179 1003 1694 1013 4197 1500 2813 1013 2188 3943 4523 4116 2182 4116 4232 2813
2948 1876 4232 2970 1013 3179 1003 1694 1013 1548 1500 2970 2740 2188 3943 4523 1876 1527 1876 4232
721 3179 4116 4232 1694 1013 1548 1500 2813 2740 2188 3943 4523 4116 2309 2813 1013 2086 3943 4523
2813 2740 2188 3943 4523 4116 2309 2813 1013 4197 3943 4523 4116 2309 1694 4653 2188 3943 2182 4116
3073 2182 4116 2948 4116 4232 1675 4653 3179 1003 1694 1013 4197 1500 2813 1013 2188 3943 4523 4116
3073 3073 2948 4116 4232 2813 2740 3179 1003 1694 1013 1548 1500 2813 2740 2188 3943 4523 4116 2182
1694 2740 2188 4116 2948 4116 4232 1694 721 3179 4116 4232 1694 1013 1548 1500 2813 2740 2188 3943
2813 2740 2086 1500 1675 4653 1548 3943 4567 4116 2948 4116 3073 3073 2182 4116 2948 4116 4232 2813
1569 1569 3943 4116 2309 2813 4653 2086 3943 4232 1694 1013 2086 4116 4523 4116 2309 2813 2740 2086
2182 4116 2948 4116 4232 1675 4653 4197 3943 4567 1500 2309 1694 2740 2188 4116 2182 4116 4232 1694
1876 4232 2970 721 3179 1003 1694 1013 4197 1500 2970 1013 2188 3943 4523 1876 1527 1876 4232 2970
2948 4116 4232 2813 2740 3179 1003 1694 1013 4197 1500 2813 1013 2188 3943 4523 4116 2182 4116 4232
1013 1548 1500 2970 2740 2188 3943 4523 1876 1527 1876 4232 2970 1013 2086 3943 4232 1694 1675 3179
4116 2948 4116 4232 2813 1013 3179 1003 1694 1013 4197 1500 2813 2740 2188 3943 4523 4116 2309 2813
4116 2309 2813 721 2086 2309 2813 4653 1548 3943 4567 4116 2948 4116 3073 3073 2182 4116 2948 4116
2740 3179 1003 1694 1013 1548 1500 2813 2740 2188 3943 4523 4116 2182 4116 4232 2813 2740 2086 3943
4197 3943 2182 4116 2309 1694 2740 2188 3943 2182 4116 2309 1694 2740 4523 3943 4197 4116 2309 1694
2813 721 2086 2309 2813 4653 1548 3943 4567 4116 2948 4116 2182 4116 3073 3073 2948 4116 4232 2813
4197 1500 2813 1013 2188 3943 4523 4116 2182 4116 4232 2813 1013 2086 3943 2309 1694 4363 2188 1500
4116 4232 1675 4653 4197 3943 4567 1500 2309 1694 2740 2188 4116 2948 4116 4232 1694 721 3179 4116
1569 2309 1694 4653 2188 3943 2182 4116 4523 4116 2309 1694 2740 2086 3943 4232 1694 2740 2086 4116
2948 4116 4232 2813 2740 3179 1003 1694 1013 1548 1500 2813 2740 2188 3943 4523 4116 2182 4116 4232
3073 2182 4116 2948 4116 4232 1675 4653 3179 1003 1694 1013 4197 1500 2813 1013 2188 3943 4523 4116
2086 1500 1675 4653 1548 3943 4567 4116 2948 4116 3073 3073 2182 4116 2948 4116 4232 2813 2740 3179
4116 4523 4116 2309 2813 2740 2086 1500 2813 4653 1548 3943 4567 4116 2948 4116 2182 4116 3073 3073
4232 1675 884 3179 1003 1694 1013 4197 1500 2970 1013 2188 3943 4523 1876 1527 1876 4232 2970 2740
2948 4116 3073 3073 2948 4116 4232 2813 721 3179 1003 1694 1013 1548 1500 2813 2740 2188 3943 4523
4116 3943 4116 2309 2813 4653 2086 3943 4232 1694 4653 2086 4116 3943 4116 2309 2813 721 2086 2309
4116 2948 4116 3073 3073 2948 4116 4232 2813 2740 3179 1003 1694 1013 4197 1500 2813 1013 2188 3943
2948 4116 2182 4116 3073 3073 2948 4116 4232 2813 2740 3179 1003 1694 1013 1548 1500 2813 2740 2188
1500 2813 2740 2188 3943 4523 4116 2182 4116 4232 2813 2740 2086 3943 2309 1694 4363 2188 1500 3073
4232 1694 1013 2086 4116 4523 4116 2309 2813 2740 2086 1500 1675 4653 1548 3943 4567 4116 2948 4116
4116 2948 4116 4232 1675 4653 3179 1003 1694 1013 1548 1500 2813 2740 2188 3943 4523 4116 2182 4116
1694 2740 2086 3943 4232 1694 4653 2188 4116 2182 4116 2309 2813 721 2086 1500 1675 4653 1548 3943
2948 1876 2948 1876 4232 1675 884 3179 1003 1694 1013 1548 1500 2970 2740 2188 3943 4523 1876 1527
1527 1876 2948 1876 4232 2970 721 3179 1003 1694 1013 4197 1500 2970 1013 2188 3943 4523 1876 1527
2740 2188 3943 4523 4116 2309 2813 1013 4197 3943 4523 4116 2309 2813 4653 2188 1548 1569 1569 2182
2086 3943 4232 1694 2740 2086 4116 3943 4116 4232 2813 721 2086 2309 2813 4653 1548 3943 4567 4116
1694 1013 2086 4116 4523 4116 2309 2813 2740 2086 1500 1675 4653 1548 3943 4567 4116 2948 4116 2182
2309 2813 721 2086 2309 2813 4653 1548 3943 4567 4116 2948 4116 3073 3073 2182 4116 2948 4116 4232
4523 4116 2182 4116 4232 2813 1013 2086 3943 2309 1694 4363 2188 1500 3073 3073 2309 1694 721 2188
4116 4523 4116 2309 1694 2740 2086 3943 4232 1694 4653 2188 4116 2182 4116 2309 2813 721 2086 1500
2813 2740 3179 1003 1694 1013 4197 1500 2813 1013 2188 3943 4523 4116 2182 4116 4232 2813 2740 2086
3073 2948 4116 4232 2813 721 3179 1003 1694 1013 1548 1500 2813 2740 2188 3943 4523 4116 2182 4116
4653 1548 3943 4567 4116 2948 4116 3073 3073 2182 4116 2948 4116 4232 1675 4653 3179 1003 1694 1013
2740 3179 1003 1694 1013 1548 1500 2813 2740 2188 3943 4523 4116 2182 4116 4232 2813 2740 2086 3943
2813 1013 3179 1003 1694 1013 4197 1500 2813 2740 2188 3943 4523 4116 2309 2813 721 2086 3943 4523
3943 3073 3073 2948 1876 4232 2970 721 3179 1003 1694 1013 1548 1500 2970 2740 2188 3943 4523 1876
2182 3943 2182 4116 2948 4116 4232 1675 4653 4197 3943 4567 1500 2309 1694 2740 2188 4116 2182 4116
2813 2740 3179 1003 1694 1013 1548 1500 2813 2740 2188 3943 4523 4116 2182 4116 4232 2813 2740 2086
1003 1694 1013 4197 1500 2813 1013 2188 3943 4523 4116 2182 4116 4232 2813 1013 2086 3943 2309 1694
4653 2188 4116 2182 4116 2309 2813 721 2086 1500 1675 4653 1548 3943 4567 4116 2948 4116 2309 1694
3179 1003 1694 1013 1548 1500 2970 2740 2188 3943 4523 1876 1527 1876 4232 2970 2740 2086 3943 3073
2182 4116 2309 1675 4653 2086 3943 4567 4116 2948 4116 4232 2813 1013 3179 1003 1694 1013 4197 1500
3943 2948 1876 2309 1675 4363 3179 1003 1694 1013 4197 1500 2970 1013 2188 3943 4523 1876 1527 1876
2182 4116 2948 4116 4232 1675 4653 3179 1003 1694 1013 1548 1500 2813 2740 2188 3943 4523 4116 2182
4116 4232 1694 721 3179 4116 4232 1694 1013 1548 1500 2813 2740 2188 3943 4523 4116 2309 2813 1013
1569 3073 3073 2948 4116 2309 1694 2740 2188 4116 2948 4116 3073 3073 2948 4116 4232 2813 2740 3179
3943 4567 4116 2948 4116 3073 3073 2182 4116 2948 4116 4232 1675 4653 3179 1003 1694 1013 4197 1500
2740 4197 1500 2813 2740 2188 3943 4523 4116 2309 2813 1013 4197 3943 4523 4116 2309 1694 4653 2188
1013 1548 1500 2813 2740 2188 3943 4523 4116 2309 2813 1013 4197 3943 4523 4116 2309 2813 4653 2188
1548 1500 2813 2740 2188 3943 4523 4116 2309 2813 1013 4197 3943 4523 4116 2309 2813 4653 2188 1548
4523 1876 1527 1876 4232 2970 1013 2086 3943 4232 1694 1675 3179 4116 3073 3073 2309 1694 4653 2188
2309 2813 4653 1548 3943 4567 4116 2948 4116 2182 4116 3073 3073 2948 4116 4232 2813 2740 3179 1003
3073 3073 2948 1876 4232 2970 721 3179 1003 1694 1013 4197 1500 2970 1013 2188 3943 4523 1876 1527
4116 2309 2813 721 2086 2309 2813 4653 1548 3943 4567 4116 2948 4116 3073 3073 2182 4116 2948 4116
4197 3943 2182 4116 2309 1694 2740 2188 3943 2182 4116 2309 1694 2740 4523 3943 4197 4116 2309 1694
4116 2948 4116 4232 1694 721 3179 4116 4232 1694 1013 1548 1500 2813 2740 2188 3943 4523 4116 2309
2086 4116 4523 4116 2309 2813 2740 2086 1500 2813 4653 1548 3943 4567 4116 2948 4116 2182 4116 3073
2309 1694 2740 2188 4116 2948 4116 3073 3073 2948 4116 4232 2813 2740 3179 1003 1694 1013 4197 1500
2740 3179 1003 1694 1013 4197 1500 2813 1013 2188 3943 4523 4116 2182 4116 4232 2813 2740 2086 3943
721 2086 2309 2813 4653 1548 3943 4567 4116 2948 4116 3073 3073 2182 4116 2948 4116 4232 2813 2740
3073 1527 1876 2948 1876 4232 2970 721 3179 1003 1694 1013 4197 1500 2970 1013 2188 3943 4523 1876
2309 2813 4653 3179 1003 1694 1013 4197 1500 2813 2740 2188 3943 4523 4116 2309 2813 1013 2086 3943
4116 2948 4116 4232 1675 4653 2086 3943 4567 1500 2309 1694 2740 2188 4116 2948 4116 4232 1694 721
1013 4197 1500 2813 2740 2188 3943 4523 4116 2309 2813 1013 4197 3943 4523 4116 2309 1694 4653 2182
3073 3073 2182 4116 2948 4116 4232 2813 2740 3179 1003 1694 1013 4197 1500 2813 1013 2188 3943 4523
3943 4523 4116 2309 2813 4653 2188 3943 2182 4116 3943 4116 2309 2813 4653 2086 3943 4232 1694 4653
1013 4197 3943 4523 4116 2309 2813 4653 2188 3943 2182 4116 3943 4116 2309 2813 4653 2086 3943 4232
4116 2309 2813 1013 4197 3943 4523 4116 2309 1694 4653 2188 3943 2182 4116 4523 4116 2309 1694 2740
4116 4232 2813 2740 3179 1003 1694 1013 1548 1500 2813 2740 2188 3943 4523 4116 2182 4116 4232 2813
3943 4523 4116 2309 2813 1013 4197 3943 4523 4116 2309 1694 4653 2188 3943 2182 4116 3179 4116 2309
1003 1694 1013 4197 1500 2813 4653 2188 3943 4523 4116 2309 2813 1013 4197 3943 2182 4116 2309 1694
3943 4567 4116 2948 4116 2309 1694 4363 2188 4116 2948 4116 3073 3073 2948 4116 4232 2813 721 3179
1003 1694 1013 4197 1500 2813 2740 2188 3943 4523 4116 2309 2813 2740 4197 4523 4116 4116 2309 1694
1003 1694 1013 1548 1500 2970 2740 2188 3943 4523 1876 1527 1876 4232 2970 2740 2086 3943 3073 3073
4653 3179 1003 1694 1013 4197 1500 2813 4653 2188 3943 4523 4116 2309 2813 1013 2086 3943 2182 4116
4116 2309 2813 721 4197 3943 4523 4116 2309 1694 2740 2188 3943 1675 4116 4523 4116 2309 2813 4653
4232 1675 4653 4197 3943 4567 1500 2309 1694 2740 2188 4116 2182 4116 4232 1694 721 3179 4116 4232
1013 2086 4116 4523 4116 2309 2813 2740 2086 1500 1675 4653 1548 3943 4567 4116 2948 4116 2182 4116
721 3179 2309 1694 721 4197 1500 2813 1013 2188 3943 4523 4116 2182 4116 4232 2813 4363 2086 3943
3073 3073 2182 4116 2948 4116 4232 2813 2740 3179 1003 1694 1013 4197 1500 2813 1013 2188 3943 4523
2740 2188 3943 1675 4116 4523 4116 2309 2813 4653 2086 3943 4232 1694 2740 2086 4116 4523 4116 2309
4116 2309 2813 4653 2086 3943 4232 2813 884 2188 4116 4523 4116 2309 2813 2740 2086 1500 1675 4653
884 3179 1003 1694 1013 4197 1500 2970 1013 2188 3943 4523 1876 1527 1876 4232 2970 2740 2086 3943
1500 2813 2740 2188 3943 4523 4116 2309 2813 1013 4197 3943 4523 4116 2309 2813 4653 2188 1548 1569
1500 2813 2740 2188 3943 4523 4116 2309 2813 1013 4197 3943 4523 4116 2309 2813 4653 2188 3943 2182
4116 2182 4116 2309 2813 721 2086 1500 1675 4653 1548 3943 4567 4116 2948 4116 2309 1694 4363 2188
2309 2813 2740 2086 1500 1675 4653 1548 3943 4567 4116 2948 4116 3073 3073 2182 4116 2948 4116 4232
4232 1675 4653 3179 1003 1694 1013 1548 1500 2813 2740 2188 3943 4523 4116 2309 2813 1013 2086 3943
4116 2309 2813 2740 2086 1500 1675 4653 1548 3943 4567 4116 2948 4116 2182 4116 3073 3073 2948 4116
2948 1876 4232 2970 721 3179 1003 1694 1013 4197 1500 2970 1013 2188 3943 4523 1876 1527 1876 4232
2948 4116 4232 2813 721 3179 1003 1694 1013 1548 1500 2813 2740 2188 3943 4523 4116 2182 4116 4232
4523 4116 2309 1694 2740 2188 3943 1675 4116 4523 4116 2309 2813 4653 2086 3943 4232 1694 2740 2086
4116 2182 4116 3073 3073 2948 4116 4232 2813 2740 3179 1003 1694 1013 1548 1500 2813 2740 2188 3943
4523 4116 2309 2813 1013 4197 3943 2182 4116 2309 1694 2740 2188 3943 2182 4116 2309 1694 2740 4523
4232 1694 1013 2086 4116 4523 4116 2309 2813 2740 2086 1500 1675 4653 1548 3943 4567 4116 2948 4116
4116 2309 2813 721 2086 2309 2813 4653 1548 3943 4567 4116 2948 4116 2182 4116 3073 3073 2948 4116
4197 3943 4523 4116 2309 1694 4653 2182 4197 1569 1569 3943 4116 2309 2813 4653 2086 3943 4232 1694
1013 3179 1003 1694 1013 1548 1500 2970 2740 2188 3943 4523 1876 1527 1876 4232 2970 2740 2086 3943
4653 2188 3943 2182 4116 4523 4116 2309 1694 2740 2086 3943 4232 1694 2740 2086 4116 4523 4116 2309
2948 4116 4232 2813 2740 3179 1003 1694 1013 1548 1500 2813 2740 2188 3943 4523 4116 2182 4116 4232
4116 2309 1694 4363 2188 4116 2948 4116 3073 3073 2948 4116 4232 2813 721 3179 1003 1694 1013 1548
2740 2188 3943 4523 4116 2309 2813 1013 4197 3943 4523 4116 2309 2813 4653 2188 3943 2182 4116 4523
4523 4116 2309 2813 4653 2188 1548 1569 1569 2182 4116 2309 2813 4653 2086 3943 4232 2813 884 2188
3943 4523 4116 2309 2813 1013 4197 3943 2182 4116 2309 1694 2740 2188 3943 2182 4116 2309 1694 2740
2188 4116 2948 4116 4232 1694 721 3179 4116 4232 1694 1013 1548 1500 2813 2740 2188 3943 4523 4116
2948 4116 4232 2813 721 3179 2309 1694 721 4197 1500 2813 1013 2188 3943 4523 4116 2182 4116 4232
2813 4653 2086 3943 4232 2813 884 2188 4116 4523 4116 2309 2813 2740 2086 1500 1675 4653 1548 3943
1876 2309 1694 4653 2188 1876 2948 1876 2948 1876 4232 2970 1013 3179 1003 1694 1013 1548 1500 2970
1013 4197 3943 4523 4116 2309 1694 4653 2182 4197 1569 1569 3943 4116 2309 2813 4653 2086 3943 4232
2188 3943 2182 4116 2309 1694 2740 4523 3943 4197 4116 2309 1694 4653 2086 4116 2182 4116 2309 2813
2188 1548 1569 1569 2182 4116 2309 2813 4653 2086 3943 4232 2813 884 2188 4116 4523 4116 2309 2813
2086 2309 2813 4653 1548 3943 4567 4116 2948 4116 3073 3073 2182 4116 2948 4116 4232 1675 4653 3179
1675 4653 3179 1003 1694 1013 4197 1500 2813 4653 2188 3943 4523 4116 2309 2813 1013 2086 3943 2182
2740 2188 3943 4523 4116 2309 2813 1013 4197 3943 4523 4116 2309 1694 4653 2188 3943 2182 4116 3179
1675 4653 1548 3943 4567 4116 2948 4116 3073 3073 2182 4116 2948 4116 4232 2813 2740 3179 1003 1694
2740 2188 3943 2182 4116 2309 1694 2740 4523 3943 4197 4116 2309 1694 4653 2086 4116 2182 4116 2309
2086 4116 4523 4116 2309 2813 2740 2086 1500 2813 4653 1548 3943 4567 4116 2948 4116 2182 4116 3073
1548 3943 4567 4116 2948 4116 2182 4116 3073 3073 2948 4116 4232 2813 2740 3179 1003 1694 1013 1548
2948 4116 4232 2813 2740 3179 1003 1694 1013 1548 1500 2813 2740 2188 3943 4523 4116 2182 4116 4232
2813 2740 4197 4523 1569 1569 2309 1694 4653 2188 3943 2182 4116 4523 4116 2309 1694 2740 2086 3943
3943 2182 4116 2309 1694 2740 4523 3943 4197 4116 2309 1694 4653 2086 4116 2182 4116 2309 2813 721
3943 4523 4116 2309 2813 1013 4197 3943 4523 4116 2309 1694 4653 2182 4197 1569 1569 3943 4116 2309
3179 4116 2309 2813 2740 2086 1500 1675 4653 1548 3943 4567 4116 2948 4116 2182 4116 3073 3073 2948
1500 2813 2740 2188 3943 4523 4116 2182 4116 4232 2813 2740 2086 3943 3073 3073 2309 1694 2740 2188
3943 4567 4116 2948 4116 4232 2813 1013 3179 1003 1694 1013 4197 1500 2813 2740 2188 3943 4523 4116
3943 4567 4116 2948 4116 2182 4116 3073 3073 2948 4116 4232 2813 2740 3179 1003 1694 1013 1548 1500
3073 3073 2182 4116 2948 4116 4232 2813 2740 3179 1003 1694 1013 4197 1500 2813 1013 2188 3943 4523
2948 4116 3073 3073 2182 4116 2948 4116 4232 1675 4653 3179 1003 1694 1013 1548 1500 2813 2740 2188
4232 1675 4653 3179 1003 1694 1013 1548 1500 2813 2740 2188 3943 4523 4116 2309 2813 1013 2086 3943
1694 2740 2188 4116 2948 4116 3073 3073 2948 4116 4232 2813 2740 3179 1003 1694 1013 4197 1500 2813
4232 2813 721 3179 1003 1694 1013 1548 1500 2813 2740 2188 3943 4523 4116 2182 4116 4232 2813 2740
2309 1694 2740 2188 3943 2182 4116 2309 1694 2740 4523 3943 4197 4116 2309 1694 4653 2086 4116 2182
4116 2182 4116 3073 3073 2948 4116 4232 2813 2740 3179 1003 1694 1013 1548 1500 2813 2740 2188 3943
1013 4197 3943 4523 4116 2309 1694 4653 2188 3943 2182 4116 4523 4116 2309 1694 2740 2086 3943 4232
4116 2309 2813 2740 2086 1500 1675 4653 1548 3943 4567 4116 2948 4116 3073 3073 2182 4116 2948 4116
1694 1013 1548 1500 2813 2740 2188 3943 4523 4116 2182 4116 4232 2813 2740 2086 3943 3073 3073 2309
2948 3943 2948 1876 2309 1675 4363 3179 1003 1694 1013 4197 1500 2970 1013 2188 3943 4523 1876 1527
4232 1675 4653 3179 1003 1694 1013 1548 1500 2813 2740 2188 3943 4523 4116 2182 4116 4232 2813 2740
1013 4197 3943 4523 4116 2309 2813 4653 2188 1548 1569 1569 2182 4116 2309 2813 4653 2086 3943 4232
1675 4653 4197 3943 4567 1500 2309 1694 2740 2188 4116 2182 4116 4232 1694 721 3179 4116 4232 1694
2188 1876 2948 1876 2948 1876 4232 2970 1013 3179 1003 1694 1013 1548 1500 2970 2740 2188 3943 4523
4116 2182 4116 4232 2813 1013 2086 3943 2309 1694 4363 2188 1500 3073 3073 2309 1694 721 2188 1500
2182 4116 2309 2813 721 2086 2309 2813 4653 1548 3943 4567 4116 2948 4116 2182 4116 3073 3073 2948
3943 4567 4116 2948 4116 4232 2813 1013 3179 1003 1694 1013 4197 1500 2813 2740 2188 3943 4523 4116
1694 2740 2188 4116 2948 4116 3073 3073 2948 4116 4232 2813 2740 3179 1003 1694 1013 4197 1500 2813
4232 1675 4653 3179 1003 1694 1013 1548 1500 2813 2740 2188 3943 4523 4116 2182 4116 4232 2813 2740
4116 4232 2813 721 2086 2309 2813 4653 1548 3943 4567 4116 2948 4116 3073 3073 2182 4116 2948 4116
4653 2086 3943 4232 1694 2740 2086 4116 4523 4116 2309 2813 2740 2086 1500 2813 4653 1548 3943 4567
4653 2086 4116 2182 4116 2309 2813 721 2086 2309 2813 4653 1548 3943 4567 4116 2948 4116 2182 4116
3179 1003 1694 1013 1548 1500 2813 2740 2188 3943 4523 4116 2182 4116 4232 2813 2740 2086 3943 3073
2813 1013 4197 3943 2182 4116 2309 1694 2740 2188 3943 2182 4116 2309 1694 2740 4523 3943 4197 4116
2948 1876 4232 1675 884 3179 1003 1694 1013 1548 1500 2970 2740 2188 3943 4523 1876 1527 1876 4232
2813 2740 2188 3943 4523 4116 2309 2813 721 4197 3943 4523 4116 2309 1694 2740 2188 3943 1675 4116
1694 2740 2188 4116 2948 4116 3073 3073 2948 4116 4232 2813 2740 3179 1003 1694 1013 4197 1500 2813
2086 4116 4523 4116 2309 2813 721 2086 2309 2813 4653 1548 3943 4567 4116 2948 4116 3073 3073 2182
2813 2740 3179 1003 1694 1013 1548 1500 2813 2740 2188 3943 4523 4116 2182 4116 4232 2813 2740 2086
2182 4116 2309 2813 4653 2086 3943 4232 2813 884 2188 4116 3179 4116 2309 2813 2740 2086 1500 1675
2086 4116 4523 4116 4232 2813 721 2086 2309 2813 4653 1548 3943 4567 4116 2948 4116 3073 3073 2182
2309 2182 4116 2948 4116 2182 4116 3073 3073 2948 4116 2182 4116 2948 4116 3073 3073 2182 4116 2948
2086 1500 2813 4653 1548 3943 4567 4116 2948 4116 2182 4116 3073 3073 2948 4116 4232 2813 2740 3179
4116 2309 1694 2740 2086 3943 4232 1694 2740 2086 4116 3943 4116 2309 2813 721 2086 2309 2813 4653
1569 2309 1694 4653 2188 3943 2182 4116 4523 4116 2309 1694 2740 2086 3943 4232 1694 2740 2086 4116
1876 2309 1694 4653 2188 1876 2948 1876 2948 1876 4232 2970 1013 3179 1003 1694 1013 1548 1500 2970
2948 4116 3073 3073 2948 4116 4232 2813 721 3179 1003 1694 1013 1548 1500 2813 2740 2188 3943 4523
4116 2309 2813 721 2086 2309 2813 4653 1548 3943 4567 4116 2948 4116 3073 3073 2182 4116 2948 4116
1694 2740 2188 4116 2948 4116 4232 1694 721 3179 4116 4232 1694 1013 1548 1500 2813 2740 2188 3943
3943 4523 4116 2309 2813 4653 2188 3943 2182 4116 3943 4116 2309 2813 4653 2086 3943 4232 1694 4653
884 2188 4116 3179 4116 2309 2813 2740 2086 1500 1675 4653 1548 3943 4567 4116 2948 4116 3073 3073
4567 4116 2948 4116 2182 4116 3073 3073 2948 4116 4232 2813 2740 3179 1003 1694 1013 1548 1500 2813
4116 3073 3073 2182 4116 2948 4116 4232 2813 2740 3179 1003 1694 1013 4197 1500 2813 1013 2188 3943
3179 1003 1694 1013 4197 1500 2813 2740 2188 3943 4523 4116 2309 2813 1013 4197 3943 4523 4116 2309
2813 4653 2188 3943 4523 4116 2309 2813 1013 4197 3943 2182 4116 2309 1694 2740 2188 3943 2182 4116
1694 4363 2188 4116 2948 4116 3073 3073 2948 4116 4232 2813 721 3179 1003 1694 1013 1548 1500 2813
2182 4116 2309 2813 721 2086 2309 2813 4653 1548 3943 4567 4116 2948 4116 2182 4116 3073 3073 2948
721 2086 2309 2813 4653 1548 3943 4567 4116 2948 4116 3073 3073 2182 4116 2948 4116 4232 2813 2740
4116 4232 2813 2740 3179 1003 1694 1013 4197 1500 2813 1013 2188 3943 4523 4116 2182 4116 4232 2813
1694 2740 2086 4116 3943 4116 4232 2813 721 2086 2309 2813 4653 1548 3943 4567 4116 2948 4116 3073
1694 1013 1548 1500 2813 2740 2188 3943 4523 4116 2309 2813 1013 4197 3943 4523 4116 2309 2813 4653
2970 721 3179 1003 1694 1013 1548 1500 2970 2740 2188 3943 4523 1876 1527 1876 4232 2970 4363 2086
2182 4116 2309 1694 2740 2188 3943 2182 4116 2309 1694 2740 4523 3943 4197 4116 2309 1694 4653 2086
1694 4653 2182 4197 1569 1569 3943 4116 2309 2813 4653 2086 3943 4232 1694 1013 2086 4116 3179 4116
3179 1003 1694 1013 1548 1500 2813 2740 2188 3943 4523 4116 2182 4116 4232 2813 2740 2086 3943 2309
4653 1548 3943 4567 4116 2948 4116 3073 3073 2182 4116 2948 4116 4232 2813 2740 3179 1003 1694 1013
4116 4232 2813 721 2086 2309 2813 4653 1548 3943 4567 4116 2948 4116 3073 3073 2182 4116 2948 4116
4116 2182 4116 3073 3073 2948 4116 4232 2813 2740 3179 1003 1694 1013 1548 1500 2813 2740 2188 3943
3073 3073 2948 1876 4232 1675 884 3179 1003 1694 1013 4197 1500 2970 1013 2188 3943 4523 1876 1527
2309 1694 4653 2188 3943 2182 4116 4523 4116 2309 1694 2740 2086 3943 4232 1694 4653 2188 4116 2182
1675 4653 1548 3943 4567 4116 2948 4116 2182 4116 3073 3073 2948 4116 4232 2813 2740 3179 1003 1694
1569 1569 2182 4116 2309 2813 4653 2086 3943 4232 2813 884 2188 4116 4523 4116 2309 2813 2740 2086
2948 1876 2948 1876 4232 2970 1013 3179 1003 1694 1013 1548 1500 2970 2740 2188 3943 4523 1876 1527
2309 2813 1013 4197 3943 4523 4116 2309 1694 4653 2188 3943 2182 4116 4523 4116 2309 1694 2740 2086
2086 4116 4523 4116 4232 2813 721 2086 2309 2813 4653 1548 3943 4567 4116 2948 4116 3073 3073 2182
1694 1013 4197 1500 2813 2740 2188 3943 4523 4116 2309 2813 721 4197 3943 4523 4116 2309 1694 2740
1500 2813 2740 2188 3943 4523 4116 2182 4116 4232 2813 2740 2086 3943 2309 1694 4363 2188 1500 3073
4116 4232 1694 721 3179 4116 4232 1694 1013 1548 1500 2813 2740 2188 3943 4523 4116 2309 2813 1013
2948 4116 2182 4116 2948 4116 3073 3073 2182 4116 2948 4116 4232 1675 4653 3179 1003 1694 1013 1548
4523 4116 2309 2813 721 4197 3943 4523 4116 2309 1694 2740 2188 3943 1675 4116 3179 4116 2309 2813
2970 2740 2188 3943 4523 1876 1527 1876 4232 2970 1013 2086 3943 4232 1694 1675 3179 4116 3073 3073
2309 2813 4653 1548 3943 4567 4116 2948 4116 3073 3073 2182 4116 2948 4116 4232 1675 4653 3179 1003
2813 4653 2188 3943 4523 4116 2309 2813 1013 4197 3943 2182 4116 2309 1694 2740 2188 3943 2182 4116
3073 3073 2182 4116 2948 4116 4232 1675 4653 3179 1003 1694 1013 4197 1500 2813 1013 2188 3943 4523
1013 4197 1500 2813 2740 2188 3943 4523 4116 2309 2813 2740 4197 4523 4116 4116 2309 1694 4653 2188
1694 1013 4197 1500 2970 1013 2188 3943 4523 1876 1527 1876 4232 2970 2740 2086 3943 2309 1694 1013
4363 2188 4116 2948 4116 3073 3073 2948 4116 4232 2813 721 3179 1003 1694 1013 1548 1500 2813 2740
2740 2188 4116 2948 4116 3073 3073 2948 4116 4232 2813 2740 3179 1003 1694 1013 4197 1500 2813 1013
4523 4116 2309 1694 4653 2188 3943 2182 4116 4523 4116 2309 1694 2740 2086 3943 4232 1694 4653 2188
4232 2813 2740 3179 1003 1694 1013 1548 1500 2813 2740 2188 3943 4523 4116 2182 4116 4232 2813 2740
1013 2188 3943 4523 4116 2182 4116 4232 2813 1013 2086 3943 2309 1694 4363 2188 1500 3073 3073 2309
1675 884 3179 1003 1694 1013 1548 1500 2970 2740 2188 3943 4523 1876 1527 1876 4232 2970 2740 2086
4116 4232 1675 4653 3179 1003 1694 1013 4197 1500 2813 1013 2188 3943 4523 4116 2182 4116 4232 2813
2309 2813 1013 4197 3943 2182 4116 2309 1694 2740 2188 3943 2182 4116 2309 1694 2740 4523 3943 4197
1013 4197 3943 2182 4116 2309 1694 2740 2188 3943 2182 4116 2309 1694 2740 4523 3943 4197 4116 2309
3943 4523 4116 2309 2813 1013 4197 3943 4523 4116 2309 2813 4653 2188 3943 2182 4116 4523 4116 2309
2309 2813 2740 2086 1500 1675 4653 1548 3943 4567 4116 2948 4116 3073 3073 2182 4116 2948 4116 4232
1569 1569 3943 4116 2309 2813 4653 2086 3943 4232 1694 1013 2086 4116 4523 4116 2309 2813 2740 2086
1876 2948 3943 2948 1876 2309 1675 4363 3179 1003 1694 1013 4197 1500 2970 1013 2188 3943 4523 1876
3179 4116 2309 2813 2740 2086 1500 1675 4653 1548 3943 4567 4116 2948 4116 2182 4116 3073 3073 2948
1500 2813 2740 2188 3943 4523 4116 2182 4116 4232 2813 2740 2086 3943 2309 1694 4363 2188 1500 3073
2813 2740 2188 3943 4523 4116 2309 2813 2740 4197 4523 1569 1569 2309 1694 4653 2188 3943 2182 4116
1876 4232 1675 884 3179 1003 1694 1013 4197 1500 2970 1013 2188 3943 4523 1876 1527 1876 4232 2970
1500 1675 4653 1548 3943 4567 4116 2948 4116 3073 3073 2182 4116 2948 4116 4232 2813 2740 3179 1003
4116 2948 4116 3073 3073 2182 4116 2948 4116 4232 1675 4653 3179 1003 1694 1013 1548 1500 2813 2740
3073 2948 4116 4232 2813 721 3179 1003 1694 1013 1548 1500 2813 2740 2188 3943 4523 4116 2182 4116
3073 3073 2182 4116 2948 4116 4232 2813 2740 3179 1003 1694 1013 4197 1500 2813 1013 2188 3943 4523
2813 1013 4197 3943 4523 4116 2309 1694 4653 2182 4197 1569 1569 3943 4116 2309 2813 4653 2086 3943
2309 2813 4653 2188 1548 1569 1569 2182 4116 2309 2813 4653 2086 3943 4232 2813 884 2188 4116 3179
4197 3943 4567 1500 2309 1694 2740 2188 4116 2182 4116 4232 1694 721 3179 4116 4232 1694 1013 1548
4116 4523 4116 2309 2813 721 2086 2309 2813 4653 1548 3943 4567 4116 2948 4116 3073 3073 2182 4116
2188 4116 2948 4116 3073 3073 2948 4116 4232 2813 721 3179 1003 1694 1013 1548 1500 2813 2740 2188
3073 2948 1876 4232 2970 721 3179 1003 1694 1013 1548 1500 2970 2740 2188 3943 4523 1876 1527 1876
1694 1013 1548 1500 2813 2740 2188 3943 4523 4116 2309 2813 1013 4197 3943 4523 4116 2309 2813 4653
4653 1548 3943 4567 4116 2948 4116 3073 3073 2182 4116 2948 4116 4232 1675 4653 3179 1003 1694 1013
1013 2086 4116 4523 4116 2309 2813 2740 2086 1500 1675 4653 1548 3943 4567 4116 2948 4116 2182 4116
