82 82 301 301 301 301 185 82 185 185 426 480 86 86 86 480 86 86 86 480
184 480 480 185 184 480 426 184 480 426 184 480 426 480 185 480 480 480 480 480
184 480 338 338 338 480 338 338 338 480 338 338 480 480 480 338 185 184 467 480
480 185 480 480 82 82 301 147 422 185 301 82 82 301 301 422 466 466 429 220
429 220 429 429 220 429 429 220 220 429 429 220 82 185 185 82 301 185 480 82
185 184 184 184 480 480 184 184 184 480 480 338 185 480 338 480 338 480 338 480
338 86 480 338 338 86 480 338 86 480 86 185 480 480 467 467 480 480 86 467
301 301 185 82 185 185 467 480 338 338 338 480 338 338 338 480 338 338 480 480
301 301 301 185 82 301 185 467 480 338 338 338 480 338 338 338 480 338 338 480
82 480 301 301 422 220 429 466 466 429 220 429 429 220 220 429 429 220 429 429
480 480 185 480 480 480 480 185 426 338 184 184 184 480 185 184 184 480 480 480
422 147 422 147 147 147 147 147 422 121 121 121 121 121 121 121 121 121 121 121
466 466 466 422 147 422 147 147 147 147 147 422 121 121 121 121 121 121 121 121
338 480 338 338 338 480 480 338 185 467 480 480 480 338 86 86 338 480 338 86
156 156 147 422 466 466 301 82 301 185 480 82 82 82 82 301 301 301 301 185
185 184 480 338 184 480 338 184 480 338 480 185 480 480 480 480 82 301 422 147
467 480 338 338 338 480 480 338 338 338 185 338 480 480 338 480 185 480 467 467
467 480 480 86 185 480 338 480 338 480 338 480 338 480 338 480 338 467 467 480
156 156 156 156 156 156 156 156 156 422 147 466 466 301 82 301 86 480 82 82
220 220 429 429 147 220 220 429 82 82 82 429 82 82 220 429 429 220 220 429
156 156 121 156 156 156 121 156 156 156 156 156 156 422 147 466 466 301 480 301
338 480 338 338 338 480 338 338 480 480 338 480 185 184 184 480 480 184 184 184
301 185 82 301 185 467 480 338 338 338 480 338 338 338 480 338 86 480 480 338
147 422 185 301 480 82 480 82 301 301 185 422 466 466 429 220 429 429 220 220
480 184 338 338 184 480 426 480 480 480 338 480 185 426 480 338 185 184 467 467
338 184 480 480 338 480 426 480 426 480 426 184 184 480 185 184 480 338 480 480
466 82 147 147 121 121 121 121 121 121 121 121 121 121 121 121 121 121 121 121
301 185 467 480 338 338 338 480 338 338 338 480 338 338 480 480 480 338 185 467
480 86 480 86 480 86 480 86 467 86 480 480 480 185 467 480 480 480 480 185
467 480 86 480 480 480 185 480 86 82 185 429 467 467 86 467 82 185 220 429
301 82 82 301 301 466 466 429 220 429 429 220 220 429 429 220 429 429 220 429
480 82 82 82 82 301 301 301 301 185 82 185 185 467 480 86 86 86 480 86
480 338 184 480 480 86 184 480 338 184 184 480 184 184 480 480 185 480 480 480
82 82 82 86 301 301 301 301 480 480 480 185 480 82 82 301 185 301 82 301
480 338 338 338 480 338 86 338 480 338 338 480 480 480 338 185 86 467 480 480
82 82 480 82 301 301 301 301 86 82 86 86 467 480 338 338 338 480 338 86
185 185 185 82 185 121 82 86 185 220 185 185 185 220 185 185 185 82 185 185
466 422 147 466 466 185 82 301 185 480 82 82 480 82 301 301 301 301 185 82
82 82 185 185 467 422 422 466 466 185 480 301 185 480 82 82 480 82 301 301
480 480 338 480 338 480 338 480 338 184 467 480 480 185 467 480 338 467 480 480
82 301 301 301 301 185 82 426 338 338 480 338 86 86 480 467 86 480 86 86
480 338 480 338 480 338 480 338 184 480 338 184 480 338 184 480 480 480 185 480
147 147 147 147 147 422 121 121 121 121 121 121 121 121 121 121 121 121 121 121
185 467 185 185 185 185 185 185 185 185 185 185 185 185 147 147 185 185 185 185
480 338 338 86 82 480 338 338 426 185 429 480 480 86 185 338 467 480 86 480
480 480 82 82 301 185 301 82 82 301 301 185 220 301 185 480 82 82 480 82
82 301 86 480 86 82 480 82 426 301 301 301 185 82 185 185 467 480 338 86
426 467 480 480 480 480 86 480 480 480 82 82 301 422 147 422 185 301 82 82
147 422 185 301 82 82 301 301 466 466 429 220 429 429 220 82 429 429 220 429
82 82 301 185 301 480 426 426 426 480 426 338 82 82 301 301 480 480 426 185
480 480 480 185 480 480 82 82 301 147 422 185 301 82 82 301 301 422 466 466
480 338 467 467 480 480 185 467 467 480 338 467 480 338 467 480 338 480 185 480
480 480 185 467 480 480 480 480 185 480 480 422 82 82 301 185 301 480 82 480
480 301 185 429 82 185 467 185 185 185 185 185 185 185 185 185 185 185 429 147
147 147 422 121 121 121 121 121 121 121 121 121 121 121 121 121 121 121 121 147
429 429 220 429 82 220 301 82 220 220 429 429 220 185 185 82 301 185 480 82
338 86 480 480 338 185 480 467 467 467 480 480 467 467 467 480 480 86 185 480
220 429 429 220 429 429 220 429 429 220 220 429 429 220 429 185 220 429 185 480
480 480 480 480 185 480 82 422 82 82 301 185 301 480 82 480 301 301 480 301
466 466 185 220 301 86 480 82 82 82 82 301 301 301 301 185 82 185 185 426
220 429 429 220 429 185 185 185 185 82 429 220 429 429 82 82 429 82 185 429
156 156 156 156 156 156 156 156 156 156 156 156 156 422 147 466 466 185 480 301
480 185 480 480 480 82 82 301 422 147 422 185 301 82 82 301 301 466 466 429
466 185 185 82 82 147 147 185 185 82 82 185 185 147 185 185 185 185 147 147
480 338 338 185 480 338 480 338 467 480 338 480 338 480 338 467 480 480 185 467
338 480 338 338 338 480 338 338 480 338 185 480 480 467 467 480 480 338 467 467
185 480 338 480 338 480 338 480 338 480 338 480 338 467 480 480 185 467 480 86
429 220 429 429 220 220 429 429 220 429 429 220 301 86 480 82 82 220 82 301
156 156 156 156 156 156 156 156 156 156 422 147 466 466 185 82 301 185 480 82
422 121 121 121 121 121 121 121 121 121 121 121 121 121 121 121 121 422 147 466
480 480 480 467 82 301 185 301 82 480 301 301 185 220 301 86 480 82 82 480
121 121 121 121 121 121 121 121 121 121 121 121 121 156 121 121 422 147 466 466
156 156 156 156 156 156 156 422 147 466 466 185 82 301 185 480 82 82 82 82
185 220 301 185 480 82 82 82 82 301 301 301 301 185 82 185 185 426 480 86
185 301 480 82 480 82 301 301 185 422 466 466 429 220 429 429 220 220 429 429
147 185 185 82 82 185 185 147 185 185 185 185 147 147 185 185 147 147 422 147
467 467 480 480 338 185 480 338 480 338 480 86 480 338 480 480 86 86 467 480
121 121 121 121 121 121 121 121 121 121 185 185 185 185 185 422 422 466 466 185
480 338 338 338 480 338 338 338 480 338 338 480 480 338 185 480 184 184 480 480
184 480 480 426 184 184 480 480 426 86 480 338 480 338 184 184 480 480 338 480
301 301 185 82 301 185 467 480 338 338 338 480 338 86 338 480 338 86 480 480
480 184 467 480 480 338 184 184 184 480 480 338 185 467 480 467 480 467 480 467
338 185 480 338 480 338 467 480 338 480 480 338 467 467 480 480 480 338 185 467
338 480 338 480 338 480 338 467 480 480 185 467 480 86 480 480 480 185 480 86
301 301 185 82 426 338 338 480 338 338 338 480 467 338 480 338 338 86 480 480
338 184 184 184 480 480 338 185 184 480 184 480 480 338 480 338 480 338 467 480
338 338 338 480 338 338 338 480 338 338 480 480 338 185 480 467 467 467 480 480
422 147 147 147 147 147 422 121 121 121 121 121 121 121 121 121 121 121 121 121
338 480 338 480 338 480 338 184 480 185 467 480 338 467 480 480 480 185 480 480
301 185 467 480 338 338 338 480 338 338 338 480 338 338 480 480 480 338 185 467
147 422 147 147 147 147 147 422 121 121 121 121 121 121 121 121 121 121 121 121
480 480 467 185 184 184 480 480 426 480 480 86 480 480 480 480 480 480 301 185
220 429 220 429 185 220 220 429 429 220 185 422 301 429 82 429 429 220 429 429
82 82 480 82 301 301 301 301 185 82 185 185 426 480 338 338 86 480 338 338
185 82 301 185 467 480 338 338 338 480 338 338 338 480 338 338 480 480 480 338
466 466 466 82 466 422 147 422 147 147 147 147 147 185 121 121 121 121 121 121
338 338 480 338 338 338 480 338 338 480 338 480 185 480 467 467 480 480 338 467
467 480 338 480 480 185 480 480 480 467 82 301 422 147 422 185 301 480 82 480
338 185 467 467 480 480 467 480 480 86 480 480 480 480 188 480 301 185 301 82
480 467 467 480 480 185 82 301 86 184 480 480 480 480 185 480 426 426 338 480
480 82 301 301 301 301 185 82 185 185 467 480 338 338 338 480 338 86 338 480
338 86 338 480 338 86 480 480 338 480 185 467 467 467 480 480 467 467 467 480
121 121 121 121 121 121 121 121 121 121 121 121 121 121 121 121 422 147 466 466
480 480 82 82 301 185 301 82 82 301 301 185 480 301 185 480 82 480 480 82
429 429 220 301 86 480 82 82 220 82 301 301 301 301 185 82 301 185 467 220
185 426 467 480 480 480 185 480 338 480 338 467 467 467 467 480 338 338 480 338
426 426 467 480 338 338 480 338 185 480 467 467 480 338 467 467 480 185 480 480
82 466 422 147 422 147 147 147 147 147 422 121 121 121 121 121 121 121 121 121
422 480 426 185 82 301 86 467 480 338 338 338 480 338 338 338 480 338 338 480
147 147 480 86 338 86 480 338 86 480 480 338 185 480 467 467 467 480 480 426
82 82 185 467 185 185 185 185 185 185 185 185 185 185 185 185 147 147 185 429
147 147 147 147 185 121 121 121 121 121 121 121 121 121 121 121 121 121 121 121
338 338 480 480 480 338 185 338 467 480 480 467 467 467 480 480 338 480 338 185
185 426 426 480 480 480 185 480 480 480 185 185 82 147 147 185 121 121 121 121
480 480 467 467 467 480 480 338 338 86 480 338 480 338 467 480 480 338 480 86
429 466 466 185 220 301 185 480 188 82 82 429 301 429 185 82 185 185 185 82
338 467 480 338 480 185 480 480 480 480 480 301 147 422 422 147 422 147 422 147
426 184 480 480 338 338 184 480 426 184 480 480 480 185 480 480 480 82 82 301
480 480 480 185 480 480 480 82 82 301 422 185 301 82 82 301 301 466 82 429
156 156 156 156 156 156 156 156 156 156 156 156 156 156 422 147 466 466 185 480
480 480 467 467 467 480 480 338 480 338 185 338 480 467 338 480 480 338 480 338
82 301 147 422 185 301 82 82 301 301 466 466 429 220 429 429 220 220 429 429
429 220 429 429 220 220 429 429 220 429 82 220 301 429 220 220 429 429 220 429
156 422 147 466 466 86 82 301 86 480 86 82 82 82 301 301 301 301 185 82
480 338 185 338 480 467 338 480 480 338 480 338 467 467 480 338 480 185 338 480
338 338 338 480 480 467 480 480 185 480 480 480 480 480 480 480 185 301 82 82
147 422 147 147 147 147 147 422 121 121 121 121 121 121 121 121 121 121 121 121
422 147 466 466 185 82 301 185 480 82 82 480 82 301 301 301 301 185 82 301
480 480 82 82 301 422 185 82 185 82 429 185 301 480 82 480 301 301 147 147
82 301 301 301 301 185 82 185 185 426 480 338 86 338 480 338 86 338 480 338
220 429 429 220 429 429 220 220 429 429 220 429 185 220 301 185 480 82 82 220
147 147 147 147 147 422 121 121 121 121 121 121 121 121 121 121 121 121 121 121
147 422 121 121 121 121 121 121 121 121 121 121 121 121 121 121 121 121 422 147
147 147 147 147 147 422 121 121 121 121 121 121 121 121 121 121 121 121 121 121
185 480 480 467 82 301 185 301 147 480 82 301 301 185 82 82 185 185 429 370
338 467 467 467 480 480 338 185 480 338 480 338 480 338 480 338 480 338 480 338
480 338 467 480 480 185 467 480 338 480 480 480 185 480 86 82 185 429 467 467
480 426 184 480 338 184 480 426 184 480 480 480 185 480 480 480 82 480 301 147
147 147 147 147 185 121 121 121 121 121 121 121 121 121 121 121 121 121 121 121
480 338 480 480 480 480 185 480 480 188 82 301 147 422 185 301 480 82 480 301
301 185 82 185 86 338 480 338 338 338 480 338 338 338 480 338 338 480 480 338
301 301 301 86 82 338 86 467 480 338 338 338 480 338 338 338 480 338 338 480
480 338 86 86 480 338 86 480 480 86 480 185 467 467 480 480 86 467 467 467
301 422 147 422 185 301 480 82 480 301 301 466 466 429 220 429 429 220 220 429
466 185 220 301 86 480 82 82 82 82 301 301 301 301 185 82 301 185 467 480
429 82 82 429 82 185 185 82 185 429 185 220 429 429 185 185 185 185 82 429
480 185 338 480 338 480 480 480 480 185 480 480 467 82 301 422 422 422 185 301
480 480 185 185 185 147 147 185 121 121 121 121 121 121 121 121 121 121 121 121
220 429 220 429 429 220 429 429 220 220 429 429 220 429 185 220 301 185 480 82
426 86 184 480 338 467 480 480 480 480 86 480 480 480 188 82 301 422 147 422
301 301 301 301 185 82 185 86 467 480 338 338 338 480 338 338 86 480 338 86
156 156 156 156 156 156 422 147 466 466 301 82 301 185 480 82 82 480 82 301
480 338 480 338 426 426 426 426 480 338 338 480 338 185 480 426 426 480 86 426
422 147 422 86 301 82 82 301 301 480 429 466 466 429 220 429 429 220 220 429
301 301 185 82 301 185 467 480 338 338 86 480 338 338 86 480 338 338 480 480
220 220 429 429 220 220 429 429 220 429 82 429 220 429 429 220 220 429 429 220
156 156 156 156 156 156 156 156 156 156 422 147 466 466 185 82 301 185 480 185
301 301 301 185 82 185 86 467 480 338 338 338 480 338 338 338 480 338 86 480
82 82 301 301 480 301 185 82 82 185 188 185 185 185 185 185 185 185 185 185
86 86 480 86 86 86 480 338 86 480 480 480 338 185 467 467 480 480 86 467
338 480 338 480 338 480 338 480 426 184 184 480 338 338 480 185 184 480 338 184
429 429 220 301 86 480 82 82 220 82 301 301 301 301 185 82 301 185 467 220
147 147 147 147 185 121 121 121 121 121 121 121 121 121 121 121 121 121 121 121
338 185 480 467 467 467 480 480 338 467 467 480 338 185 480 338 480 86 480 338
338 338 480 338 338 338 480 338 338 480 480 338 185 480 467 467 480 480 338 480
480 82 82 480 82 301 301 301 301 185 82 301 185 467 480 86 86 86 480 86
422 147 422 147 422 147 422 466 422 147 466 466 301 220 301 185 480 82 82 480
480 480 480 480 86 480 82 301 422 147 422 147 422 147 422 147 480 301 220 429
185 185 185 147 147 185 185 82 185 147 147 82 147 185 185 82 301 185 480 82
480 480 338 185 480 338 480 338 467 480 338 480 338 480 338 467 480 480 185 467
156 156 156 156 156 156 422 147 466 466 185 82 301 185 480 86 82 82 82 301
156 156 156 156 156 156 156 156 156 156 156 156 156 422 147 466 466 185 82 301
82 82 82 82 301 301 301 301 185 82 301 185 86 480 338 86 86 480 86 86
467 467 480 480 480 426 185 467 480 338 480 480 480 480 185 480 480 82 82 480
467 480 480 480 480 185 480 480 82 82 301 422 185 82 185 82 185 185 301 480
82 301 422 185 301 82 82 301 301 466 466 429 220 429 429 220 220 429 429 220
185 82 422 185 185 185 185 466 466 147 429 185 220 429 429 220 82 429 429 220
301 301 301 220 301 185 480 82 82 480 82 301 301 301 301 185 82 301 185 467
429 82 429 220 429 429 220 220 429 429 220 429 429 220 301 86 480 82 82 220
338 338 338 480 338 185 185 480 480 338 480 467 467 480 480 185 82 301 185 467
156 156 422 147 466 466 86 82 301 86 480 82 82 82 82 301 301 301 301 185
185 220 429 429 220 429 185 220 82 429 220 429 466 466 185 220 301 185 480 82
156 156 156 156 156 156 156 156 422 147 466 466 301 82 301 185 480 185 82 480
82 82 301 422 422 86 301 480 82 480 301 301 422 82 429 466 466 429 220 429
338 185 184 184 480 480 338 184 184 184 480 480 338 185 480 338 480 338 480 338
185 82 185 86 467 480 338 338 338 480 338 338 338 480 338 338 480 480 480 338
480 185 184 480 338 184 480 338 184 480 338 480 185 480 480 480 480 82 301 422
147 147 147 422 121 121 121 121 121 121 121 121 121 121 121 121 121 121 121 121
185 467 467 480 467 480 480 480 185 480 480 480 422 467 82 301 147 422 185 301
467 480 480 480 185 480 480 480 82 82 301 422 147 422 185 301 82 82 301 301
480 338 338 338 480 338 338 338 480 338 338 480 480 480 338 185 467 467 480 480
185 82 82 185 185 147 185 185 185 185 147 147 185 185 147 147 422 147 422 147
480 480 185 480 480 467 480 185 338 480 185 480 480 82 301 147 422 480 429 422
480 338 480 480 86 338 185 467 467 480 480 480 185 480 338 480 338 467 467 467
480 338 480 338 480 338 467 480 184 480 338 185 467 480 338 467 480 338 467 480
338 480 480 480 338 185 184 184 480 480 184 480 185 480 480 480 82 480 480 301
422 466 466 429 220 429 429 220 220 429 429 220 429 429 220 429 429 220 220 429
301 82 185 185 185 185 185 185 185 185 185 185 185 185 185 185 185 422 185 185
480 338 480 338 480 338 480 338 480 338 480 338 467 480 338 86 467 480 338 467
156 156 156 156 422 147 466 466 86 480 301 86 480 82 82 480 82 301 301 301
185 301 82 82 301 301 466 466 429 220 429 429 220 220 429 429 220 429 429 220
338 185 480 338 86 86 480 338 86 480 480 86 480 185 467 467 480 480 86 467
220 429 185 82 301 86 480 82 82 480 82 301 301 301 301 185 82 185 185 467
480 480 338 185 480 338 184 480 480 338 480 338 480 338 480 426 184 184 480 185
467 480 480 338 480 338 480 338 480 338 467 480 185 467 480 338 467 480 480 480
156 156 156 156 156 156 156 422 147 466 466 301 82 301 185 480 82 82 82 82
338 338 480 480 480 338 185 184 184 480 480 338 184 184 184 480 480 338 185 480
156 156 422 147 466 466 86 82 301 86 480 82 82 82 82 301 301 301 301 185
220 301 185 480 82 82 480 82 301 301 301 301 185 82 301 185 467 480 338 86
480 86 480 422 480 82 82 301 422 422 185 301 480 480 480 301 301 466 466 429
86 480 338 338 338 480 338 338 480 480 480 338 185 467 467 480 480 467 467 467
185 426 338 480 338 338 185 480 338 86 86 480 338 86 480 480 86 480 185 467
426 184 480 338 184 480 338 184 480 480 480 185 480 480 480 82 480 301 147 147
185 220 301 86 480 82 82 82 82 301 301 301 301 185 82 185 185 467 480 338
480 338 480 338 480 338 480 338 480 338 467 480 467 467 480 185 467 480 86 480
480 426 426 338 480 426 338 338 480 338 338 480 480 480 426 185 184 184 480 480
185 480 467 467 467 480 480 467 467 467 480 480 86 185 480 86 480 338 480 86
426 467 480 480 480 86 480 480 480 82 82 301 147 422 185 301 480 82 480 480
156 156 156 156 156 156 156 156 156 156 156 156 156 422 147 466 466 86 82 301
156 156 156 156 156 156 156 156 156 185 185 185 185 86 422 422 466 466 185 480
467 480 338 86 86 480 338 86 86 480 338 86 480 480 480 338 185 467 467 480
480 185 480 480 480 82 82 301 422 147 422 185 301 82 82 301 301 480 301 466
82 301 185 467 480 338 338 338 185 480 338 338 338 480 338 338 480 301 480 338
301 82 82 301 301 185 220 301 86 480 82 82 82 82 301 301 301 301 185 82
429 220 429 429 220 429 429 220 220 429 429 220 429 185 220 301 185 480 82 82
82 466 422 147 422 147 147 147 147 147 185 121 121 121 121 121 121 121 121 121
480 480 338 480 480 185 480 480 480 480 467 480 301 185 301 82 480 301 301 480
426 480 338 338 480 480 338 185 480 480 480 338 480 185 467 480 480 185 480 220
467 82 467 185 480 86 480 480 480 480 82 301 82 185 185 185 480 185 185 185
480 426 480 338 480 338 480 338 480 338 480 338 467 480 338 184 480 338 467 480
480 480 82 82 301 185 301 82 82 301 301 185 220 301 185 480 82 82 480 82
301 185 82 185 185 467 480 338 338 338 480 338 338 338 480 338 86 480 480 338
185 82 301 185 467 480 338 338 338 480 338 338 338 480 338 338 480 480 480 338
480 82 82 82 82 301 301 301 301 185 82 185 185 467 480 86 338 86 480 338
147 147 82 147 185 185 82 301 185 480 82 82 82 82 301 301 301 301 185 82
156 156 156 156 156 156 422 147 466 466 86 82 301 185 480 82 82 82 82 301
338 338 480 338 338 480 301 480 338 480 185 86 480 467 467 480 338 480 480 480
480 467 82 301 422 147 422 185 301 480 82 480 82 301 301 301 301 220 301 185
422 86 301 82 82 301 301 480 429 466 466 429 220 429 429 220 82 429 429 220
301 185 480 82 82 82 82 301 301 301 301 185 82 185 185 426 480 86 86 86
338 338 480 338 338 480 480 338 480 185 467 467 480 480 338 467 467 467 480 480
466 466 480 82 82 82 82 301 301 301 301 185 82 185 185 426 480 86 86 86
466 422 147 422 147 147 147 147 147 185 121 121 121 121 121 121 121 121 121 121
82 185 426 338 480 338 338 86 480 338 86 86 480 338 86 480 480 86 480 185
301 466 466 429 220 429 429 220 220 429 429 220 429 429 220 429 429 220 220 429
338 480 338 480 338 480 338 480 338 467 480 467 480 185 467 480 338 467 480 338
82 480 82 301 301 301 301 86 82 86 86 467 480 338 338 338 480 338 338 338
467 480 480 338 338 185 480 338 467 480 480 480 338 480 338 467 467 480 480 185
467 467 480 480 185 467 480 338 467 480 338 480 338 480 86 86 480 467 480 480
82 82 185 185 147 185 185 185 185 147 147 185 185 147 147 422 147 422 147 422
185 467 480 480 185 480 220 82 82 301 185 301 82 82 301 301 301 480 301 185
429 82 220 220 429 429 220 429 429 185 220 301 86 480 82 82 82 82 301 429
426 338 480 426 338 338 480 426 338 480 480 480 426 185 184 184 480 480 338 480
480 338 185 467 467 480 338 480 467 467 467 480 480 86 185 480 338 480 86 480
338 185 467 480 338 467 480 480 480 185 480 480 480 82 82 301 422 147 422 185
156 156 121 156 156 156 156 156 156 422 147 466 466 301 82 301 185 480 82 82
426 301 185 185 82 301 86 480 82 82 82 82 301 301 301 301 185 82 185 185
480 338 467 480 480 338 480 338 480 338 480 338 467 480 185 467 480 338 467 480
147 147 147 147 147 422 121 121 121 121 121 121 121 121 121 121 121 121 121 121
429 220 220 429 429 220 429 82 429 220 429 429 220 220 429 429 220 429 429 220
480 480 480 338 185 467 184 480 480 184 480 185 480 480 480 82 480 480 301 185
480 82 301 301 301 301 185 82 426 338 86 480 338 86 86 480 467 86 480 86
480 82 82 301 86 301 82 82 301 301 185 220 301 185 480 82 82 82 82 301
466 185 220 301 86 480 82 82 82 82 426 426 301 301 185 82 185 185 467 480
301 301 301 301 185 82 185 185 467 480 467 338 86 480 338 86 86 480 338 86
185 467 467 480 480 338 467 467 467 480 480 338 185 480 338 480 338 480 86 480
185 220 301 86 480 82 82 82 82 301 301 301 338 185 82 185 185 467 480 467
466 466 422 147 422 147 147 147 147 147 185 121 121 121 121 121 121 121 121 121
429 429 480 220 301 429 220 82 429 220 82 429 185 220 301 185 480 82 82 220
467 338 338 480 338 338 338 480 338 338 480 480 480 467 338 338 338 480 480 467
82 185 185 467 480 338 338 338 480 338 338 338 480 338 338 480 480 480 338 185
467 467 480 185 480 480 82 82 301 147 422 185 301 82 82 301 301 480 301 466
82 82 426 301 301 301 185 82 301 185 467 480 338 86 86 480 86 86 86 480
86 480 86 82 82 82 301 301 301 301 86 82 86 86 467 480 338 338 338 480
480 82 82 82 82 301 301 301 301 185 82 185 185 467 480 338 338 86 480 338
467 480 480 338 185 480 338 480 338 480 338 480 338 480 338 467 480 467 480 185
147 147 147 147 185 121 121 121 121 121 121 121 121 121 121 121 121 121 121 121
156 156 156 156 156 156 156 156 156 156 156 156 156 422 147 466 466 301 220 301
338 480 338 338 480 301 480 338 480 185 86 480 467 467 480 338 480 480 480 480
422 185 301 480 82 480 82 301 301 185 422 466 466 429 220 429 429 220 220 429
82 82 429 86 147 422 466 466 82 429 220 429 429 220 220 429 429 147 220 220
338 338 338 480 338 338 480 480 426 185 480 184 184 480 480 338 338 184 480 338
480 82 82 301 422 147 422 86 301 82 82 301 301 466 466 429 220 429 429 220
480 338 185 338 467 480 480 338 467 467 467 480 338 185 480 338 480 338 480 86
86 338 480 338 338 185 480 338 426 480 86 480 480 338 467 480 338 480 480 480
156 156 156 156 156 156 156 156 156 156 156 156 156 156 422 147 466 466 185 480
156 156 156 156 156 156 156 156 156 422 147 466 466 301 82 301 185 480 82 82
156 156 156 156 156 156 422 147 466 466 185 82 301 86 480 86 82 82 82 301
338 467 185 185 480 480 338 86 338 467 480 86 480 338 467 480 338 480 185 480
82 301 301 185 220 301 86 480 82 82 82 82 301 301 301 301 185 82 185 185
185 121 147 147 121 121 121 121 121 121 121 121 121 121 121 121 121 121 121 121
147 147 147 147 147 422 121 121 121 121 121 121 121 121 121 121 121 121 121 121
426 184 480 338 184 480 426 480 185 480 480 480 480 480 301 422 147 422 147 147
185 82 301 86 480 86 82 82 82 301 301 301 301 185 82 301 185 467 480 86
338 338 480 338 338 338 480 338 338 480 480 338 185 480 467 467 467 480 480 338
185 301 82 480 301 301 147 147 185 185 188 422 185 185 185 185 466 466 147 429
185 220 301 86 480 82 82 82 82 301 301 301 301 185 82 185 185 426 480 338
480 480 86 480 480 82 82 301 422 86 301 480 82 480 301 301 185 147 429 185
301 301 301 185 82 301 185 467 480 338 338 338 480 338 86 86 480 86 338 480
467 480 338 338 480 338 185 480 467 467 480 338 467 467 480 185 480 480 82 82
338 338 338 82 480 338 338 86 82 480 86 338 188 185 429 480 480 86 185 338
86 480 82 480 82 301 301 86 147 422 480 426 185 82 301 86 467 480 338 338
480 338 338 338 480 338 338 480 480 480 338 185 467 467 480 480 338 184 467 467
480 480 480 185 480 480 480 422 467 82 301 147 422 185 301 82 82 301 301 466
426 301 185 185 82 301 86 480 82 82 82 82 301 301 301 301 185 82 185 185
301 86 480 82 82 82 82 301 301 301 301 185 82 301 185 467 480 338 338 338
480 338 338 338 480 338 338 338 480 338 338 480 338 480 185 480 467 467 480 480
82 86 301 301 301 301 480 480 480 86 480 82 82 301 86 301 82 301 86 467
480 82 82 480 82 301 301 301 301 185 82 185 185 467 480 338 86 86 480 86
185 301 82 82 301 301 466 466 429 220 429 429 220 220 429 429 220 429 429 220
338 467 480 480 480 185 480 480 480 82 82 301 422 422 422 185 301 82 480 301
480 480 467 467 467 480 480 338 480 338 185 338 480 467 338 480 480 338 480 338
301 301 185 82 301 185 467 480 338 338 338 480 338 86 86 480 338 338 480 480
480 480 338 338 185 480 338 467 480 480 480 338 480 338 467 467 480 480 185 467
429 429 220 429 429 220 429 429 220 220 429 429 429 220 429 220 429 429 220 429
301 301 185 82 86 86 338 480 338 338 338 480 480 338 338 338 338 185 480 338
338 480 338 480 338 184 184 480 480 86 184 480 338 184 480 338 184 480 338 480
480 426 467 480 480 480 86 480 480 480 82 82 301 422 147 422 185 301 82 480
480 338 480 338 467 480 184 184 480 185 467 480 338 480 480 480 480 185 480 480
480 338 338 338 480 338 338 338 480 338 338 480 86 185 480 480 467 467 480 480
429 82 220 220 429 429 220 429 82 429 220 429 429 220 185 185 429 220 82 429
429 82 429 185 82 301 86 185 480 82 82 480 82 301 301 301 301 185 82 301
426 301 301 301 185 82 86 86 467 480 338 338 338 480 338 338 338 480 338 338
156 156 156 156 156 156 156 156 156 147 422 466 466 301 82 301 185 480 82 82
82 82 301 86 301 82 301 86 467 82 480 301 301 480 338 338 338 480 338 338
429 220 147 147 82 429 86 82 301 86 480 82 82 82 82 301 301 301 301 185
82 426 301 301 301 185 82 301 86 467 480 338 86 86 480 338 86 86 480 338
338 338 338 188 480 338 338 338 480 338 338 480 338 185 480 480 467 467 480 480
480 338 185 480 338 480 338 480 338 480 338 480 338 467 480 467 467 480 185 467
338 480 338 467 480 467 467 480 185 184 480 338 480 480 480 480 185 480 480 82
185 185 467 480 338 86 338 480 338 86 338 480 338 338 480 480 480 86 185 467
301 301 301 185 82 185 185 467 480 338 338 338 480 338 338 86 480 338 86 480
185 82 301 185 467 185 82 338 338 185 82 338 86 480 86 86 86 480 86 480
301 86 480 82 82 82 82 301 301 301 301 185 82 185 185 467 480 338 338 338
185 220 429 185 220 301 86 480 82 82 480 82 301 301 301 301 185 82 185 185
480 184 184 184 480 338 185 480 338 480 338 480 338 480 338 480 338 184 184 480
147 147 147 185 121 121 121 121 121 121 121 121 121 121 121 121 121 121 121 121
185 82 301 86 467 480 426 338 338 480 338 338 338 480 338 338 480 338 480 185
156 156 156 422 147 466 466 301 82 301 185 480 82 82 82 82 301 301 301 301
422 147 466 466 185 82 301 185 480 82 82 480 82 301 301 301 301 185 82 301
480 86 480 338 480 426 480 480 184 426 338 184 480 467 480 480 480 338 480 185
82 82 82 82 301 301 301 301 185 82 301 185 467 480 338 86 338 480 338 338
185 82 338 338 185 82 338 338 480 338 86 86 480 338 480 480 86 338 185 426
466 422 466 466 82 466 422 147 422 147 147 147 147 147 185 121 121 121 121 121
156 156 156 422 147 422 147 422 422 147 422 147 422 147 185 466 422 147 466 466
338 86 480 338 86 480 480 338 185 480 467 467 467 480 480 467 467 467 480 480
301 429 220 82 185 86 220 301 86 480 82 82 82 82 301 301 301 301 185 82
82 82 185 220 301 86 480 82 82 480 82 301 301 301 301 185 82 185 185 467
480 338 338 338 480 338 338 480 338 185 480 480 467 467 480 480 338 480 480 185
121 121 121 121 121 121 422 147 147 147 147 147 147 147 147 422 147 185 466 422
82 82 185 220 301 86 480 82 82 480 82 301 301 301 301 185 82 185 185 467
422 147 422 147 147 147 147 147 185 121 121 121 121 121 121 121 121 121 121 121
185 480 86 480 86 480 338 480 86 480 86 467 86 480 480 480 185 467 480 480
480 338 338 338 480 338 338 480 480 338 480 185 467 467 480 480 467 480 480 185
480 338 185 467 480 467 480 467 480 467 480 338 480 467 467 480 480 185 467 480
467 480 480 86 185 480 338 480 86 480 86 480 86 480 338 467 480 426 426 480
184 480 338 480 338 480 480 185 480 480 480 480 185 338 338 184 184 184 480 185
422 480 82 82 301 422 422 86 301 480 480 480 301 301 466 466 429 220 429 429
338 480 480 480 480 185 480 480 82 82 301 147 422 185 301 82 82 301 301 422
338 338 338 480 338 338 480 338 480 185 480 184 184 480 480 338 184 184 480 480
220 301 429 220 82 185 86 220 301 86 480 82 82 82 82 301 301 301 301 185
185 480 82 82 82 82 301 301 301 301 185 82 301 185 467 480 86 86 86 480
480 338 86 338 480 338 338 86 480 338 86 480 338 185 480 480 467 467 480 480
480 338 185 338 467 480 480 338 467 467 467 480 338 185 480 338 480 338 480 86
480 338 338 480 338 480 185 480 467 467 480 480 338 467 467 480 480 338 86 185
185 220 301 86 480 82 82 82 82 301 301 301 301 185 82 185 185 426 480 86
301 185 301 82 480 301 301 422 82 147 82 185 185 301 185 82 82 185 185 422
480 185 467 480 338 467 480 480 480 185 480 480 480 82 82 301 422 147 422 185
480 480 426 480 480 338 480 480 480 480 82 82 301 86 301 82 82 301 301 301
86 480 82 82 480 82 301 301 301 301 185 82 185 185 467 480 338 338 338 480
429 220 429 429 220 220 429 429 147 220 220 429 82 82 82 185 82 82 220 429
185 467 467 480 480 338 467 467 467 480 480 338 185 480 338 480 338 480 86 480
466 466 82 82 422 147 422 147 147 147 147 147 185 121 121 121 121 121 121 121
429 220 429 429 220 220 301 429 220 429 185 220 301 185 480 82 82 480 82 301
338 86 480 480 338 480 185 467 467 467 480 480 467 467 467 480 480 86 185 480
480 184 184 480 480 338 184 184 480 480 338 338 185 480 338 480 338 480 338 480
467 480 480 338 185 480 338 467 480 480 338 480 338 480 338 480 338 467 480 185
301 82 82 301 301 185 82 301 86 480 82 82 82 82 301 301 301 301 185 82
220 301 185 480 82 82 82 82 301 301 301 301 185 82 301 185 467 480 86 86
338 185 480 480 426 480 184 184 184 480 480 185 480 480 480 480 467 480 301 185
338 185 184 480 480 338 184 480 184 480 338 480 338 480 480 185 480 480 480 480
480 82 82 301 422 147 422 86 301 480 82 480 301 301 466 466 429 220 429 429
338 480 338 480 338 480 338 184 480 184 480 185 467 480 338 467 480 338 467 480
185 185 185 185 185 147 147 185 185 82 185 147 147 82 147 185 185 82 301 185
185 185 82 301 86 480 86 82 82 82 301 301 301 301 185 82 301 185 467 480
429 429 220 429 429 220 429 429 220 220 429 429 429 220 429 220 429 429 220 429
185 480 338 480 338 467 480 480 338 480 338 467 467 480 480 185 467 467 480 467
480 338 338 185 480 86 338 480 338 480 480 338 467 480 338 480 480 480 185 467
429 220 220 429 429 220 429 429 220 429 429 220 220 429 429 220 429 185 220 429
480 185 480 480 188 82 301 422 422 86 301 480 82 480 301 301 422 82 429 466
467 480 480 338 338 338 480 480 338 185 467 480 467 480 467 480 467 480 338 480
480 338 480 86 338 480 467 480 480 185 480 480 480 185 220 429 82 220 429 429
480 480 185 467 480 86 467 480 338 467 480 338 480 480 480 480 480 480 480 301
185 185 185 185 185 185 185 185 185 185 185 147 185 185 185 185 185 185 147 147
480 480 467 467 480 480 338 480 480 185 480 480 480 480 467 480 301 185 301 82
220 429 429 220 220 429 185 220 220 185 185 429 429 429 185 188 185 185 185 220
82 82 82 301 301 301 301 86 82 86 86 467 480 338 338 338 480 338 338 338
121 121 121 156 121 121 121 121 121 121 121 156 156 156 156 422 147 466 466 185
480 480 82 82 301 422 185 82 185 82 429 185 301 480 82 480 301 301 147 147
426 426 480 480 86 185 480 338 480 86 480 86 480 86 480 338 426 480 426 426
480 185 185 121 147 147 121 121 121 121 121 121 121 121 121 121 121 121 121 121
301 301 185 82 301 185 467 480 338 338 338 480 338 338 338 480 338 86 480 480
82 301 301 185 82 301 86 480 86 82 480 82 301 301 301 301 185 82 185 185
429 82 220 301 429 220 82 301 185 220 82 429 185 220 301 185 480 82 82 480
301 301 301 301 185 82 301 185 426 480 338 86 86 480 338 86 338 480 86 86
480 185 467 480 338 467 480 338 338 480 338 480 185 480 480 480 480 480 301 147
82 220 82 429 220 429 466 466 185 220 301 185 480 82 82 429 429 429 429 82
480 467 480 480 480 185 480 480 480 422 467 82 301 147 422 185 301 82 82 301
86 86 480 86 86 86 480 338 86 480 480 480 338 185 467 467 480 480 86 467
82 147 82 185 185 301 82 82 82 185 185 147 422 466 466 185 429 220 429 429
156 156 156 156 156 156 156 422 147 466 466 185 82 301 185 480 86 82 82 82
466 466 466 466 422 147 422 147 147 147 422 121 121 121 121 121 121 121 121 121
185 301 82 82 301 301 466 466 429 220 429 429 220 220 429 429 220 429 220 429
82 185 86 82 301 86 480 86 82 82 82 301 301 301 301 185 82 301 185 467
466 466 147 429 185 220 429 429 220 82 429 429 220 429 185 185 185 185 220 429
301 185 301 82 82 301 301 86 480 301 86 480 82 480 480 480 301 301 301 301
188 467 480 338 147 480 480 185 480 480 480 480 82 301 185 220 301 429 220 220
185 185 185 185 185 185 185 185 185 185 185 185 185 147 185 185 185 185 429 82
82 82 480 82 301 301 301 301 185 82 185 185 467 480 338 338 338 480 338 86
480 338 185 467 467 480 480 467 480 480 86 480 480 480 480 82 480 301 185 301
338 338 480 480 480 338 185 184 184 480 480 184 184 184 480 480 338 338 185 480
467 480 480 467 480 480 185 480 480 480 480 188 82 301 185 301 82 82 301 301
480 422 147 147 147 480 185 147 147 422 121 121 156 156 156 156 156 121 121 121
480 338 86 86 480 338 86 480 480 86 480 185 467 467 480 480 86 467 467 467
467 480 338 467 480 480 480 185 480 480 480 82 82 301 301 185 301 82 480 301
422 121 121 121 121 121 121 121 121 121 121 121 121 121 121 121 121 422 147 466
82 82 82 301 301 301 301 185 82 185 185 426 480 86 86 86 147 147 480 86
184 184 184 480 480 184 184 184 480 480 338 185 480 338 480 338 480 338 480 338
147 466 466 466 466 422 147 422 147 147 147 147 147 185 121 121 121 121 121 121
338 467 467 467 480 480 338 185 480 338 480 338 480 338 480 338 480 86 467 480
480 82 82 301 147 422 185 301 82 82 301 301 422 466 466 429 220 429 429 220
185 220 429 429 480 480 480 220 220 429 429 82 301 480 429 185 220 301 429 220
480 426 480 338 467 480 184 480 185 184 480 338 467 480 338 467 480 86 480 185
338 338 338 480 338 338 480 338 185 480 480 467 467 480 480 338 86 338 480 480
185 220 301 86 480 82 82 82 82 301 301 301 301 185 82 301 185 467 480 338
156 156 156 156 422 147 466 466 185 82 301 185 480 86 82 82 82 301 301 301
422 147 466 466 86 220 301 86 480 82 82 82 82 301 301 301 301 185 82 301
466 466 466 466 422 147 422 147 147 147 147 147 185 121 121 121 121 121 121 121
220 301 301 466 466 429 220 429 429 220 220 429 429 220 429 429 220 429 429 220
480 480 467 480 480 86 480 480 480 480 82 82 301 185 301 82 82 301 301 185
426 426 338 480 480 426 338 426 426 86 480 338 338 480 480 480 480 426 338 338
480 184 184 480 480 426 184 184 480 480 426 185 480 338 480 338 184 184 480 480
147 422 147 147 147 147 147 422 121 121 121 121 121 121 121 121 121 121 121 121
301 301 185 82 82 185 185 82 185 147 185 185 147 147 422 185 185 147 147 121
156 156 156 156 156 156 156 156 156 156 147 422 466 466 301 82 301 185 480 82
338 338 338 480 338 338 338 480 338 338 480 480 338 480 185 467 467 480 480 467
422 185 301 82 82 301 301 466 466 429 220 429 429 220 220 429 429 220 429 429
426 338 480 480 338 480 185 184 184 480 480 184 184 184 480 480 338 338 185 480
480 86 185 480 338 480 338 480 338 480 86 480 338 426 480 426 426 480 185 426
480 426 480 185 467 480 338 185 184 184 184 184 480 338 480 480 480 480 301 147
185 185 185 147 185 185 185 185 82 82 147 147 185 185 185 185 185 185 147 185
480 82 82 301 147 147 82 185 188 185 185 467 185 301 82 480 301 301 147 147
480 338 184 480 480 86 184 480 338 184 184 480 184 184 480 480 185 480 480 480
82 82 301 301 301 301 185 82 86 185 467 480 338 338 338 480 480 338 338 338
185 480 480 185 338 467 467 467 467 480 185 467 480 338 338 480 338 480 338 426
467 480 338 338 338 480 338 338 338 480 338 338 480 480 338 185 480 467 467 467
338 185 467 467 480 480 338 467 480 480 185 480 480 480 480 338 467 86 467 480
480 338 467 480 185 467 480 86 467 467 480 467 480 338 467 480 185 480 480 480
82 82 301 301 301 301 185 82 185 86 467 480 338 338 338 480 338 86 338 480
220 301 86 480 86 82 82 82 301 301 301 301 185 82 86 86 467 480 338 338
467 480 467 480 86 467 480 185 480 480 480 480 82 301 147 422 422 147 422 147
480 301 301 422 82 147 82 185 185 301 82 82 82 185 185 422 422 466 466 370
480 480 86 338 185 480 338 480 338 480 338 480 338 480 86 467 480 480 185 467
338 480 338 338 338 480 338 338 480 480 338 480 185 467 467 480 480 338 467 467
338 338 480 338 338 480 480 480 338 185 338 467 480 480 467 467 467 480 480 338
480 338 480 338 480 338 480 338 467 480 185 467 467 480 467 480 480 480 185 480
467 467 480 185 480 480 82 82 301 147 422 185 301 82 82 301 301 480 301 466
467 338 338 480 220 429 429 480 338 338 338 480 338 86 480 429 480 188 480 185
429 220 220 301 429 220 429 185 220 301 185 480 82 82 480 82 301 301 301 301
86 480 338 86 86 480 338 86 480 480 480 338 185 467 467 480 480 86 467 467
480 480 86 185 480 338 480 338 480 86 480 86 480 338 467 480 426 426 480 185
147 422 147 147 147 147 147 422 121 121 121 121 121 121 121 121 121 121 121 121
338 480 480 480 338 185 184 184 480 480 467 480 480 185 480 480 480 480 480 480
220 422 147 422 147 86 480 301 86 480 82 480 82 301 301 185 147 422 480 301
82 185 86 338 480 338 338 338 480 338 338 338 480 338 338 480 480 338 185 480
301 82 480 480 467 301 185 185 82 301 86 480 82 82 82 82 301 301 301 301
480 480 185 480 480 467 82 301 422 147 422 185 301 480 82 480 480 301 301 301
467 467 467 480 480 338 185 480 338 480 338 480 338 480 338 480 338 480 338 467
338 467 480 467 467 480 185 467 480 338 480 480 480 480 185 480 480 82 82 301
480 86 185 480 480 467 467 480 480 338 480 480 185 480 480 480 480 467 480 301
82 82 82 82 185 185 480 480 480 480 82 82 429 185 185 82 82 301 301 185
156 156 156 156 156 156 156 156 422 147 466 466 185 82 301 185 480 86 82 82
220 220 429 429 220 429 82 220 301 82 220 220 429 429 220 185 185 220 301 185
156 156 156 156 156 156 156 156 156 156 422 147 466 466 185 82 301 185 480 82
185 467 467 480 480 338 467 467 480 480 86 338 185 480 338 480 86 480 86 480
185 480 338 480 338 467 480 338 480 480 338 467 467 480 480 480 338 185 467 480
185 185 467 480 338 338 338 480 338 338 338 480 338 338 480 480 480 338 185 338
480 338 480 338 467 480 480 185 480 480 467 480 185 338 480 185 480 480 82 301
121 121 121 121 121 121 121 422 147 147 147 147 147 147 147 147 422 147 185 466
480 338 480 338 480 338 467 480 480 338 467 480 338 467 467 480 467 467 480 480
429 429 220 220 429 429 220 429 82 220 429 82 220 220 429 429 220 429 185 220
184 480 480 338 338 185 480 338 480 338 480 338 480 338 480 338 184 184 480 480
156 156 156 156 422 147 466 466 185 82 301 86 480 86 82 82 185 301 301 301
467 480 480 185 480 480 467 480 185 338 480 185 480 480 82 301 147 422 480 429
338 184 184 184 480 480 338 185 184 480 184 480 480 338 480 338 480 338 467 480
86 184 480 338 338 338 480 338 338 338 480 338 338 480 480 480 338 185 467 467
429 220 429 429 220 220 429 429 220 429 429 220 429 429 220 220 429 429 220 429
466 466 422 147 422 147 422 121 121 121 121 121 121 121 121 121 121 121 121 121
466 466 422 147 422 147 147 147 147 147 185 121 121 121 121 121 121 121 121 121
338 184 480 184 480 338 480 338 480 480 185 480 480 480 480 185 338 338 184 184
