987 1679 1246 38 1894 1264 1161 914 1089 1505 891 576 1894 1505 639 1102 1998 1246 1463 1246
1246 141 1894 866 1161 914 1089 430 1429 576 1894 1150 639 1102 928 1246 1463 1246 141 1894
928 1246 1679 1246 38 1894 430 1161 914 1089 430 658 576 1894 1150 639 1102 928 1246 141
658 1246 141 1089 428 846 1246 928 1246 141 1894 866 846 141 1894 428 1429 481 928 1246
1150 428 891 481 928 1246 1679 1246 38 1894 430 1161 914 1089 430 658 576 1894 1150 639
1429 481 928 1246 1679 1246 1690 1246 1997 1105 1690 1246 38 1894 1264 1161 914 1089 430 1429
1105 1998 1246 38 1150 1122 1161 914 1089 1505 891 576 1894 1505 639 1102 1998 1246 1463 1246
1246 1463 1246 1997 1105 1998 1246 38 1894 866 1161 914 1089 1505 891 576 1894 1505 639 1102
1998 1246 38 1894 866 1161 914 1089 1505 1429 576 1894 1150 639 1102 1998 1246 1463 1246 38
1246 1161 1246 141 1894 1264 846 576 1150 428 1429 481 928 1246 1679 1246 1690 1246 1997 1105
1246 141 1150 428 891 481 928 1246 1679 1246 38 1894 430 1161 914 1089 430 658 576 1894
866 1161 914 1089 1505 1429 576 1894 1150 639 1102 1998 1246 1463 1246 38 1894 1122 846 481
1150 639 1102 928 1246 1463 1246 141 1894 1264 846 481 1997 1105 141 1089 1150 639 576 1997
1122 1161 914 1089 1505 1429 576 1894 1150 639 1102 1998 1246 1463 1246 141 1894 1264 846 481
428 846 1102 141 1089 430 846 1246 1161 1246 141 1894 1264 846 576 1150 428 1429 481 928
141 1089 1150 846 1246 928 1246 38 1894 866 846 141 1894 428 1429 481 928 1246 1679 1246
1997 1463 1246 1679 1246 38 1894 866 1161 914 1089 1505 891 576 1894 1505 639 1102 1998 1246
1997 1105 1690 1246 1679 1246 38 1894 1264 1161 914 1089 430 891 576 1894 430 639 1102 928
1150 428 891 481 928 1246 1679 1246 38 1894 430 1161 914 1089 430 658 576 1894 1150 639
987 1679 1246 1997 1105 1463 1246 1679 987 1679 1246 141 1150 428 1161 914 1089 1505 891 576
1102 928 1246 141 1894 428 639 1102 395 1246 928 1246 141 1894 428 846 1102 141 1089 428
1161 914 1089 1505 891 576 1894 1505 639 1102 1998 1246 1463 1246 38 1894 1264 846 481 141
866 891 1102 928 1246 141 1089 1150 639 1102 395 1246 928 1246 141 1894 428 846 1102 141
430 1161 914 1089 430 658 576 1894 1150 639 1102 928 1246 141 1894 866 891 1102 928 1246
141 1089 1275 639 1246 1690 1246 1997 1105 1690 1246 141 1894 866 1161 914 1089 430 1429 576
141 1894 428 846 1102 141 1089 1264 846 1246 928 1246 141 1894 1150 846 576 1894 428 1429
1150 639 1102 1690 1246 141 1089 1264 928 1102 658 1246 141 1089 428 846 1246 928 1246 141
1102 658 1246 141 1089 428 846 1246 928 1246 141 1894 866 846 141 1894 428 1429 481 928
1089 430 891 576 1894 1264 639 1102 928 1246 141 1894 430 891 1102 928 1246 141 1089 428
1679 1246 38 1150 428 1161 914 1089 430 891 576 1894 430 639 1102 928 1246 1463 1246 141
987 1997 1105 1998 1246 38 1150 1122 1161 914 1089 1505 891 576 1894 1505 639 1102 1998 1246
1894 430 639 1102 928 1246 1463 1246 141 1894 430 846 481 141 1089 1275 639 576 1997 1105
430 1429 576 1894 1150 639 1102 928 1246 1463 1246 141 1894 1264 846 481 141 1089 1264 639
1246 1161 1246 141 1894 1264 846 576 1150 428 1429 481 928 1246 1679 1246 1997 1105 1690 1246
1894 430 891 1102 928 1246 141 1894 428 639 1102 395 1246 928 1246 141 1894 428 846 1102
1246 1690 1246 1997 1105 1690 1246 141 1894 1264 1161 914 1089 430 891 576 1894 430 639 1102
1089 430 1429 576 1894 1150 639 1102 928 1246 141 1894 430 891 1102 928 1246 141 1894 428
1161 914 1089 430 891 576 1894 1264 639 1102 928 1246 141 1894 430 891 1102 928 1246 141
141 1894 428 639 430 987 987 928 1246 141 1894 428 846 1102 141 1894 1122 639 1246 1161
1102 928 1246 141 1089 428 1690 658 987 987 928 1246 141 1894 428 846 1102 141 1089 430
639 1102 928 1246 141 1894 430 891 1102 928 1246 141 1894 428 639 395 987 987 928 1246
1246 1997 1105 1690 1246 141 1894 866 1161 914 1089 430 1429 576 1894 1150 639 1102 928 1246
1690 1246 38 1894 1264 1161 914 1089 430 1429 576 1894 1150 639 1102 928 1246 1463 1246 141
1161 1246 141 1894 1264 846 576 1150 428 1429 481 928 1246 1679 1246 1690 1246 1997 1105 1690
891 481 928 1246 1679 1246 38 1894 430 1161 914 1089 430 658 576 1894 1150 639 1102 928
1246 38 1894 430 1161 914 1089 430 658 576 1894 1150 639 1102 928 1246 141 1894 866 891
1246 141 1089 430 1429 576 1894 1150 639 1102 928 1246 141 1894 430 891 1102 928 1246 141
1690 1246 38 1894 1264 1161 914 1089 430 1429 576 1894 1150 639 1102 928 1246 1463 1246 141
481 928 1246 1679 1246 1690 1246 1997 1105 1690 1246 141 1894 1264 1161 914 1089 430 1429 576
1679 1246 1690 1246 1997 1105 1690 1246 38 1894 1264 1161 914 1089 430 1429 576 1894 1150 639
1161 1246 141 1894 428 846 1102 141 1089 1264 846 1246 928 1246 141 1894 1150 846 576 1894
141 1089 428 846 1246 928 1246 141 1894 866 846 141 1894 428 1429 481 928 1246 1679 1246
639 1102 928 1246 1463 1246 141 1894 430 846 481 1997 1105 141 1089 1275 639 576 1997 1105
1105 1690 1246 1690 1246 1679 1246 1997 1105 1690 1246 1679 1246 141 1150 428 1161 914 1089 430
1894 866 846 141 1894 428 1429 481 928 1246 1679 1246 1997 1105 1690 1246 1679 1246 38 1894
141 1894 866 846 141 1894 428 1429 481 928 1246 1679 1246 1997 1105 1690 1246 1679 1246 38
987 987 141 1089 428 639 1102 1690 1246 1690 1246 141 1089 1150 846 1102 141 1089 1150 846
1105 1690 1246 1679 1246 141 1150 428 1161 914 1089 430 1429 576 1894 1150 639 1102 928 1246
1246 1679 987 1679 1246 141 1150 428 1161 914 1089 1505 891 576 1894 1505 639 1102 1998 1246
1246 1463 1246 141 1894 430 846 481 141 1089 1275 639 576 1997 1105 141 1089 866 639 576
1246 1463 1246 141 1894 1505 846 1102 141 1089 1150 1161 576 1997 1105 141 1089 428 639 576
928 1246 38 1894 866 846 141 1894 428 1429 481 928 1246 1679 1246 1997 1105 1690 1246 1679
1429 481 928 1246 1679 1246 1997 1105 1690 1246 1679 1246 38 1894 1264 1161 914 1089 430 891
1894 1264 1161 914 1089 430 891 576 1894 430 639 1102 928 1246 1463 1246 141 1894 1264 846
141 1894 1264 891 1690 987 987 141 1089 428 639 1102 1690 1246 1690 1246 141 1089 1150 846
1429 576 1894 1150 639 1102 928 1246 141 1894 430 891 1102 928 1246 141 1894 428 639 395
1894 1150 639 1102 928 1246 141 1894 866 891 1102 928 1246 141 1089 1150 639 1102 395 1246
38 1150 428 1161 914 1089 430 891 576 1894 430 639 1102 928 1246 1463 1246 141 1894 430
1246 141 1894 866 846 576 1150 428 1429 481 928 1246 1679 1246 141 1089 1275 639 1246 1690
428 639 1102 1690 1246 1161 1246 141 1089 1150 846 1102 141 1089 428 639 1246 928 1246 141
866 1161 914 1089 1505 891 576 1894 1505 639 1102 1998 1246 1463 1246 141 1894 1505 846 481
1679 1246 38 1150 428 1161 914 1089 430 891 576 1894 430 639 1102 928 1246 1463 1246 141
928 1246 38 1894 430 891 1102 928 1246 141 1894 428 639 1102 395 1246 928 1246 141 1894
1089 430 658 576 1894 1150 639 1102 928 1246 141 1894 866 891 1102 1690 1246 141 1089 1150
141 1089 1505 1429 576 1894 1150 639 1102 1998 1246 1463 1246 141 1894 1505 846 1102 141 1089
141 1894 428 1429 481 928 1246 1679 1246 1997 1105 1690 1246 1679 1246 38 1150 428 1161 914
430 891 576 1894 430 639 1102 928 1246 1463 1246 141 1894 430 846 481 1997 1105 141 1089
1246 141 1089 1150 846 1102 141 1089 428 639 1246 928 1246 141 1894 866 846 576 1150 428
1679 1246 141 1894 866 1161 141 1089 866 891 576 1894 430 639 1102 928 1246 1463 1246 141
141 1089 1275 639 1246 1690 1246 1997 1105 1690 1246 141 1894 866 1161 914 1089 430 1429 576
1150 846 1102 141 1089 428 639 1246 928 1246 141 1894 866 846 576 1150 428 1429 481 928
987 1997 1105 1690 1246 141 1089 1264 639 1246 1690 1246 1997 1105 1690 1246 141 1894 1264 1161
1089 430 1429 576 1894 1150 639 1102 928 1246 38 1894 430 891 1102 928 1246 141 1894 428
1690 1246 1997 1105 1690 1246 1690 1246 1679 1246 1997 1105 1690 1246 1679 1246 141 1150 428 1161
1150 1161 141 1089 1505 1429 576 1894 1150 639 1102 1998 1246 1463 1246 141 1894 1505 846 1102
430 891 1102 395 1246 141 1089 1150 639 1102 1690 1246 141 1089 1264 928 1102 658 1246 141
141 1089 430 1429 576 1894 1150 639 1102 928 1246 141 1894 430 891 1102 928 1246 141 1894
576 1894 1264 639 1102 928 1246 141 1894 430 891 1102 928 1246 141 1089 428 1690 658 987
141 1089 1264 846 1246 928 1246 141 1894 1150 846 576 1894 428 1429 481 928 1246 1679 1246
1150 428 1161 914 1089 1505 891 576 1894 1505 639 1102 1998 1246 1463 1246 141 1894 1505 846
1463 1246 141 1150 428 891 481 928 1246 1679 1246 38 1894 430 1161 914 1089 430 658 576
1089 1150 846 1246 928 1246 38 1894 866 846 141 1894 428 1429 481 928 1246 1679 1246 1997
1246 38 1150 428 1161 914 1089 430 891 576 1894 430 639 1102 928 1246 1463 1246 141 1894
1429 481 928 1246 1679 1246 1997 1105 1690 1246 1679 1246 38 1150 428 1161 914 1089 430 891
141 1089 428 846 1246 928 1246 141 1894 866 846 141 1894 428 1429 481 928 1246 1679 1246
576 1894 1505 639 1102 1998 1246 1463 1246 38 1894 1264 846 481 141 1089 1505 639 576 1997
1150 428 891 481 928 1246 1679 1246 38 1894 430 1161 914 1089 430 658 576 1894 1150 639
1246 1679 1246 38 1894 1505 1161 914 1089 1505 1429 576 1894 1150 639 1102 1998 1246 1463 1246
1105 1690 1246 38 1894 1264 1161 914 1089 430 1429 576 1894 1150 639 1102 928 1246 1463 1246
891 576 1894 430 639 1102 928 1246 1463 1246 141 1894 430 846 481 141 1089 1275 639 576
1089 1264 639 1246 1690 1246 1997 1105 1690 1246 141 1894 1264 1161 914 1089 430 891 576 1894
576 1894 1150 639 1102 928 1246 1463 1246 141 1894 1264 846 481 1997 1105 141 1089 1150 639
141 1089 1264 846 1246 928 1246 141 1894 1150 846 576 1894 428 1429 481 928 1246 1679 1246
430 639 1102 928 1246 1463 1246 141 1894 430 846 481 141 1089 1275 639 576 1997 1105 141
141 1089 1150 639 1246 1679 1246 141 1089 866 1161 1246 141 1089 430 1429 576 1894 1150 639
658 987 987 928 1246 141 1894 428 846 1102 141 1089 430 846 1246 1161 1246 141 1894 1264
1161 914 1089 430 891 576 1894 430 639 1102 928 1246 1463 1246 141 1894 430 846 481 1997
1690 1246 1997 1105 1690 1246 141 1894 1264 1161 914 1089 430 891 576 1894 430 639 1102 928
846 576 1150 428 1429 481 928 1246 1679 1246 141 1089 1275 639 1246 1690 1246 1997 1105 1690
1089 430 1161 576 1894 428 639 1102 928 1246 38 1894 430 891 1102 395 1246 141 1089 1150
141 1894 428 846 1102 141 1089 430 846 1246 1161 1246 141 1894 1264 846 576 1150 428 1429
428 846 1246 928 1246 141 1894 866 846 141 1894 428 1429 481 928 1246 1679 1246 1997 1105
38 1894 1264 1161 914 1089 430 891 576 1894 430 639 1102 928 1246 1463 1246 141 1894 430
639 1102 928 1246 38 1894 430 891 1102 395 1246 141 1089 1150 639 1102 1690 1246 141 1089
576 1894 1150 639 1102 928 1246 141 1894 1264 891 1690 987 987 141 1089 428 639 1102 1690
428 639 1102 928 1246 38 1894 430 891 1102 395 1246 141 1089 1150 639 1102 1690 1246 141
1089 430 1429 576 1894 1150 639 1102 928 1246 1463 1246 141 1894 1264 846 481 141 1089 1264
1161 914 1089 430 1429 576 1894 1150 639 1102 928 1246 1463 1246 141 1894 1264 846 481 141
1246 1679 1246 38 1894 1264 1161 914 1089 430 891 576 1894 430 639 1102 928 1246 1463 1246
1690 1246 141 1150 428 891 481 928 576 141 1089 1150 639 1246 1679 1246 141 1089 866 1161
1894 1150 639 1102 1998 1246 1463 1246 141 1894 1505 846 1102 141 1089 1150 1161 576 1997 1105
1102 928 1246 38 1894 430 891 1102 928 1246 141 1894 428 639 1102 395 1246 928 1246 141
430 639 1102 928 1246 1463 1246 141 1894 430 846 481 1997 1105 141 1089 1275 639 576 1997
1894 1264 1161 914 1089 1505 891 576 1894 1505 639 1102 1998 1246 1463 1246 141 1894 1264 846
1161 914 1089 1505 1429 576 1894 1150 639 1102 1998 1246 1463 1246 141 1894 1264 846 481 1997
1997 1105 1463 1246 1679 987 1679 1246 141 1150 428 1161 914 1089 1505 891 576 1894 1505 639
1264 891 576 1894 1264 639 1102 928 1246 38 1894 430 891 1102 928 1246 141 1089 428 639
928 1246 38 1894 866 846 141 1894 428 1429 481 928 1246 1679 1246 1997 1105 1690 1246 1679
430 1161 914 1089 430 658 576 1894 1150 639 1102 928 1246 141 1894 866 891 1102 928 1246
1122 1161 914 1089 1505 1429 576 1894 1150 639 1102 1998 1246 1463 1246 141 1894 1264 846 481
141 1894 866 1161 914 1089 430 1429 576 1894 1150 639 1102 928 1246 1463 1246 141 1894 1264
141 1894 428 846 1102 141 1894 1122 639 1246 928 1246 141 1894 1264 846 576 1150 428 1429
428 1429 481 928 1246 1679 1246 141 1089 1275 639 1246 1690 1246 1997 1105 1690 1246 141 1894
1894 1505 639 1102 1998 1246 1463 1246 38 1894 1264 846 481 141 1089 1505 639 576 1997 1105
1246 1997 1105 1690 1246 141 1894 1264 1161 914 1089 430 891 576 1894 430 639 1102 928 1246
1246 141 1894 1264 846 576 1150 428 1429 481 928 1246 1679 1246 1997 1105 1690 1246 1679 1246
914 1089 430 1429 576 1894 1150 639 1102 928 1246 1463 1246 141 1894 1264 846 481 141 1089
1150 428 891 481 928 1246 1679 1246 38 1894 430 1161 914 1089 430 658 576 1894 1150 639
1246 141 1089 1150 639 1102 1690 1246 141 1089 1264 928 1102 658 1246 141 1089 428 846 1246
1102 141 1894 1122 639 1246 928 1246 141 1894 1264 846 576 1150 428 1429 481 928 1246 1679
481 928 1246 1679 1246 38 1894 430 1161 914 1089 430 658 576 1894 1150 639 1102 928 1246
1690 1246 1997 1105 1690 1246 1690 1246 1679 1246 1997 1105 1690 1246 1679 1246 141 1150 428 1161
1894 866 1161 141 1089 866 891 576 1894 430 639 1102 928 1246 1463 1246 141 1894 1275 846
1690 1246 1161 1246 141 1089 1150 846 1102 141 1089 428 639 1246 928 1246 141 1894 866 846
891 1102 928 1246 141 1894 428 639 1102 395 1246 928 1246 141 1894 428 846 1102 141 1089
428 1429 481 928 1246 1679 1246 1690 1246 1997 1105 1690 1246 38 1894 1264 1161 914 1089 430
1264 891 576 1894 1264 639 1102 928 1246 38 1894 430 891 1102 928 1246 141 1089 428 639
1246 141 1894 866 1161 141 1089 866 891 576 1894 430 639 1102 928 1246 1463 1246 141 1894
928 1246 1679 1246 1997 1105 1690 1246 1679 1246 38 1150 428 1161 914 1089 430 891 576 1894
928 1246 1679 1246 38 1894 430 1161 914 1089 430 658 576 1894 1150 639 1102 928 1246 141
1894 430 891 1102 928 1246 141 1894 428 639 430 987 987 928 1246 141 1894 428 846 1102
1679 1246 141 1089 428 639 1246 1998 1246 1998 1246 38 1894 1505 1161 914 1089 1505 1429 576
141 866 1690 1102 928 1246 1690 1246 141 1150 428 891 481 928 576 141 1089 1150 639 1246
141 1089 430 1429 576 1894 1150 639 1102 928 1246 141 1894 430 891 1102 928 1246 141 1894
1894 1264 1161 914 1089 430 1429 576 1894 1150 639 1102 928 1246 1463 1246 141 1894 1264 846
1690 1246 1679 1246 38 1150 428 1161 914 1089 430 891 576 1894 430 639 1102 928 1246 1463
1246 38 1894 1264 1161 914 1089 430 1429 576 1894 1150 639 1102 928 1246 1463 1246 141 1894
1246 141 1150 428 1161 914 1089 1505 891 576 1894 1505 639 1102 1998 1246 1463 1246 141 1894
428 1429 481 928 1246 1679 1246 1997 1105 1690 1246 1679 1246 38 1894 1264 1161 914 1089 430
576 1894 1150 639 1102 928 1246 1463 1246 141 1894 1264 846 481 1997 1105 141 1089 1150 639
846 1102 141 1089 428 639 1246 928 1246 141 1894 866 846 576 1150 428 1429 481 928 1246
1246 141 1894 428 846 1102 141 1089 428 846 1246 928 1246 141 1894 866 846 141 1894 428
1089 1150 846 1102 141 1089 1150 846 1246 928 1246 38 1894 866 846 141 1894 428 1429 481
914 1089 430 891 576 1894 430 639 1102 928 1246 1463 1246 141 1894 430 846 481 1997 1105
846 1102 141 1089 428 639 1246 928 1246 141 1894 866 846 576 1150 428 1429 481 928 1246
1246 1679 987 1679 1246 141 1150 428 1161 914 1089 1505 891 576 1894 1505 639 1102 1998 1246
430 639 1102 928 1246 1463 1246 141 1894 430 846 481 1997 1105 141 1089 1275 639 576 1997
1246 38 1894 866 846 141 1894 428 1429 481 928 1246 1679 1246 1997 1105 1690 1246 1679 1246
1105 1998 1246 38 1150 1122 1161 914 1089 1505 891 576 1894 1505 639 1102 1998 1246 1463 1246
1997 1105 1690 1246 1679 1246 38 1894 1264 1161 914 1089 430 891 576 1894 430 639 1102 928
1102 395 1246 928 1246 141 1894 428 846 1102 141 1089 428 846 1246 928 1246 141 1894 866
928 1246 1679 1246 1997 1105 1690 1246 1679 1246 38 1894 1264 1161 914 1089 430 891 576 1894
1246 1997 1105 1690 1246 38 1894 1264 1161 914 1089 430 1429 576 1894 1150 639 1102 928 1246
846 1102 141 1894 1122 639 1246 928 1246 141 1894 1264 846 576 1150 428 1429 481 928 1246
1089 430 1429 576 1894 1150 639 1102 928 1246 38 1894 430 891 1102 928 1246 141 1894 428
987 1997 1105 1998 1246 141 1150 1122 1161 914 1089 1505 1429 576 1894 1150 639 1102 1998 1246
1089 430 658 576 1894 1150 639 1102 928 1246 141 1894 866 891 1102 1690 1246 141 1089 1150
846 576 1150 428 1429 481 928 1246 1679 1246 1690 1246 1997 1105 1690 1246 38 1894 1264 1161
987 1997 1105 1998 1246 141 1150 1122 1161 914 1089 1505 1429 576 1894 1150 639 1102 1998 1246
1679 1246 141 1089 428 639 1246 1998 1246 1998 1246 38 1894 1505 1161 914 1089 1505 1429 576
1150 639 1102 928 1246 141 1894 430 891 1102 928 1246 141 1894 428 639 395 987 987 928
1463 1246 1679 1246 38 1894 866 1161 914 1089 1505 891 576 1894 1505 639 1102 1998 1246 1463
1679 1246 38 1150 428 1161 914 1089 430 891 576 1894 430 639 1102 928 1246 1463 1246 141
1246 1161 1246 141 1894 428 846 1102 141 1089 1264 846 1246 928 1246 141 1894 1150 846 576
1894 428 846 1102 141 1089 430 846 1246 1161 1246 141 1894 1264 846 576 1150 428 1429 481
1894 1264 1161 914 1089 430 1429 576 1894 1150 639 1102 928 1246 1463 1246 141 1894 1264 846
1679 1246 38 1894 430 1161 914 1089 430 658 576 1894 1150 639 1102 928 1246 141 1894 866
428 846 1102 141 1089 428 846 1246 928 1246 141 1894 866 846 141 1894 428 1429 481 928
928 1246 141 1894 866 846 141 1894 428 1429 481 928 1246 1679 1246 1997 1105 1690 1246 1679
1246 1679 1246 141 1089 866 1161 1246 141 1089 430 1429 576 1894 1150 639 1102 928 1246 141
1264 891 1690 987 987 141 1089 428 639 1102 1690 1246 1690 1246 141 1089 1150 846 1102 141
430 1429 576 1894 1150 639 1102 928 1246 1463 1246 141 1894 1264 846 481 141 1089 1264 639
1690 1246 1690 1246 141 1089 1150 846 1102 141 1089 1150 846 1246 928 1246 38 1894 866 846
1246 1679 1246 38 1894 1264 1161 914 1089 430 891 576 1894 430 639 1102 928 1246 1463 1246
1997 1105 1690 1246 1679 1246 141 1150 428 1161 914 1089 430 1429 576 1894 1150 639 1102 928
866 1161 914 1089 1505 891 576 1894 1505 639 1102 1998 1246 1463 1246 141 1894 1505 846 481
1246 141 1150 428 891 481 928 1246 1679 1246 38 1894 430 1161 914 1089 430 658 576 1894
1105 1998 1246 38 1894 866 1161 914 1089 1505 891 576 1894 1505 639 1102 1998 1246 1463 1246
1089 428 639 1102 1690 1246 1690 1246 141 1089 1150 846 1102 141 1089 1150 846 1246 928 1246
141 1150 428 1161 914 1089 1505 891 576 1894 1505 639 1102 1998 1246 1463 1246 141 1894 1505
1690 1246 1690 1246 1679 1246 1997 1105 1690 1246 1679 1246 141 1150 428 1161 914 1089 430 1429
141 1089 428 846 1246 928 1246 141 1894 866 846 141 1894 428 1429 481 928 1246 1679 1246
1102 395 1246 141 1089 1150 639 1102 1690 1246 141 1089 1264 928 1102 658 1246 141 1089 428
1246 1679 1246 38 1150 1122 1161 914 1089 1505 1429 576 1894 1150 639 1102 1998 1246 1463 1246
1463 1246 1997 1105 1998 1246 38 1894 866 1161 914 1089 1505 891 576 1894 1505 639 1102 1998
1894 866 846 141 1894 428 1429 481 928 1246 1679 1246 1997 1105 1690 1246 1679 1246 38 1894
1246 1679 1246 1997 1105 1690 1246 1679 1246 38 1894 1264 1161 914 1089 430 891 576 1894 430
576 1894 1150 639 1102 928 1246 38 1894 430 891 1102 928 1246 141 1894 428 639 1102 1690
1505 891 576 1894 1505 639 1102 1998 1246 1463 1246 38 1894 1264 846 481 141 1089 1505 639
1690 1246 38 1894 1264 1161 914 1089 430 1429 576 1894 1150 639 1102 928 1246 1463 1246 141
1246 1463 1246 141 1894 430 846 481 141 1089 1275 639 576 1997 1105 141 1089 866 639 576
1161 1246 141 1894 1264 846 576 1150 428 1429 481 928 1246 1679 1246 1690 1246 1997 1105 1690
1161 1246 141 1089 430 1429 576 1894 1150 639 1102 928 1246 141 1894 430 891 1102 928 1246
1246 1997 1105 1998 1246 38 1894 866 1161 914 1089 1505 891 576 1894 1505 639 1102 1998 1246
1150 639 1102 928 1246 38 1894 430 891 1102 928 1246 141 1894 428 639 1102 395 1246 928
1246 1679 1246 141 1089 1275 639 1246 1690 1246 1997 1105 1690 1246 141 1894 866 1161 914 1089
866 1690 1102 928 1246 1690 1246 141 1150 428 891 481 928 576 141 1089 1150 639 1246 1679
576 1894 1264 639 1102 928 1246 38 1894 430 891 1102 928 1246 141 1089 428 639 1102 1690
891 1102 928 1246 141 1089 1150 639 1102 395 1246 1161 1246 141 1894 428 846 1102 141 1089
141 1894 1264 846 576 1150 428 1429 481 928 1246 1679 1246 1997 1105 1690 1246 1679 1246 38
1161 914 1089 1505 891 576 1894 1505 639 1102 1998 1246 1463 1246 141 1894 1505 846 481 1997
928 1102 658 1246 141 1089 428 846 1246 928 1246 141 1894 866 846 141 1894 428 1429 481
481 928 1246 1679 1246 1997 1105 1690 1246 1679 1246 38 1894 1264 1161 914 1089 430 891 576
576 1150 428 1429 481 928 1246 1679 1246 141 1089 1275 639 1246 1690 1246 1997 1105 1690 1246
1679 1246 38 1894 1264 1161 914 1089 430 891 576 1894 430 639 1102 928 1246 1463 1246 141
141 1089 866 1161 1246 141 1089 430 1429 576 1894 1150 639 1102 928 1246 141 1894 430 891
1102 928 1246 141 1089 428 1690 658 987 987 928 1246 141 1894 428 846 1102 141 1089 430
428 639 430 987 987 928 1246 141 1894 428 846 1102 141 1894 1122 639 1246 1161 1246 141
1246 1679 1246 141 1089 1275 639 1246 1690 1246 1997 1105 1690 1246 141 1894 866 1161 914 1089
395 987 987 928 1246 141 1894 428 846 1102 141 1894 1122 639 1246 1161 1246 141 1894 1264
481 928 1246 1679 1246 1690 1246 1997 1105 1690 1246 38 1894 1264 1161 914 1089 430 1429 576
928 1246 141 1894 430 891 1102 928 1246 141 1894 428 639 395 987 987 928 1246 141 1894
639 1102 928 1246 1463 1246 141 1894 430 846 481 1997 1105 141 1089 1275 639 576 1997 1105
1105 1690 1246 141 1894 866 1161 914 1089 430 1429 576 1894 1150 639 1102 928 1246 1463 1246
1246 141 1089 428 846 1246 928 1246 141 1894 866 846 141 1894 428 1429 481 928 1246 1679
428 639 1102 1690 1246 1690 1246 141 1089 1150 846 1102 141 1089 1150 846 1246 928 1246 38
1679 1246 1997 1105 1463 1246 1679 987 1679 1246 141 1150 428 1161 914 1089 1505 891 576 1894
1246 141 1894 1150 846 576 1894 428 1429 481 928 1246 1679 1246 1690 1246 1997 1105 1690 1246
1089 428 639 1246 928 1246 141 1894 866 846 576 1150 428 1429 481 928 1246 1679 1246 141
1150 639 1102 928 1246 38 1894 430 891 1102 928 1246 141 1894 428 639 1102 395 1246 928
1246 38 1894 1264 1161 914 1089 430 1429 576 1894 1150 639 1102 928 1246 1463 1246 141 1894
1998 1246 38 1150 1122 1161 914 1089 1505 891 576 1894 1505 639 1102 1998 1246 1463 1246 38
1161 914 1089 430 891 576 1894 430 639 1102 928 1246 1463 1246 141 1894 430 846 481 1997
1102 141 1089 430 846 1246 1161 1246 141 1894 1264 846 576 1150 428 1429 481 928 1246 1679
928 1246 1679 1246 1997 1105 1690 1246 1679 1246 38 1894 1264 1161 914 1089 430 891 576 1894
1246 1679 1246 38 1150 1122 1161 914 1089 1505 1429 576 1894 1150 639 1102 1998 1246 1463 1246
1894 1150 639 1102 928 1246 141 1894 1264 891 1690 987 987 141 1089 428 639 1102 1690 1246
639 1102 928 1246 38 1894 430 891 1102 395 1246 141 1089 1150 639 1102 1690 1246 141 1089
1246 1161 1246 141 1894 428 846 1102 141 1089 1264 846 1246 928 1246 141 1894 1150 846 576
1246 38 1894 1264 1161 914 1089 1505 891 576 1894 1505 639 1102 1998 1246 1463 1246 141 1894
928 1246 141 1894 866 846 141 1894 428 1429 481 928 1246 1679 1246 1690 1246 1997 1105 1690
576 1894 1150 639 1102 928 1246 38 1894 430 891 1102 928 1246 141 1894 428 639 1102 1690
576 1150 428 1429 481 928 1246 1679 1246 141 1089 1275 639 1246 1690 1246 1997 1105 1690 1246
1089 866 1161 1246 141 1089 430 1429 576 1894 1150 639 1102 928 1246 141 1894 430 891 1102
1102 928 1246 141 1894 428 639 430 987 987 928 1246 141 1894 428 846 1102 141 1894 1122
1246 38 1894 1264 1161 914 1089 430 891 576 1894 430 639 1102 928 1246 1463 1246 141 1894
1679 1246 38 1894 1505 1161 914 1089 1505 1429 576 1894 1150 639 1102 1998 1246 1463 1246 141
866 1161 1246 141 1089 430 1429 576 1894 1150 639 1102 928 1246 141 1894 430 891 1102 928
1894 1264 639 1102 928 1246 38 1894 430 891 1102 928 1246 141 1089 428 639 1102 1690 1246
1105 1690 1246 1679 1246 38 1150 428 1161 914 1089 430 891 576 1894 430 639 1102 928 1246
1997 1105 1690 1246 38 1894 1264 1161 914 1089 430 1429 576 1894 1150 639 1102 928 1246 1463
1089 1150 639 1246 1679 1246 141 1089 866 1161 1246 141 1089 430 1429 576 1894 1150 639 1102
1894 1264 846 576 1150 428 1429 481 928 1246 1679 1246 1997 1105 1690 1246 1679 1246 38 1894
1246 987 928 1246 141 1894 428 846 1102 141 1089 430 846 1246 928 1246 141 1894 1264 846
928 1246 1690 1246 141 1150 428 891 481 928 576 141 1089 1150 639 1246 1679 1246 141 1089
1246 38 1894 866 1161 914 1089 1505 891 576 1894 1505 639 1102 1998 1246 1463 1246 141 1894
1679 1246 38 1894 1264 1161 914 1089 430 891 576 1894 430 639 1102 928 1246 1463 1246 141
1505 1429 576 1894 1150 639 1102 1998 1246 1463 1246 141 1894 1505 846 1102 141 1089 1150 1161
1246 1679 1246 38 1894 430 1161 914 1089 430 658 576 1894 1150 639 1102 928 1246 141 1894
1246 141 1894 866 846 141 1894 428 1429 481 928 1246 1679 1246 1997 1105 1690 1246 1679 1246
1264 1161 914 1089 430 1429 576 1894 1150 639 1102 928 1246 1463 1246 141 1894 1264 846 481
891 1102 395 1246 141 1089 1150 639 1102 1690 1246 141 1089 1264 928 1102 658 1246 141 1089
1894 866 846 141 1894 428 1429 481 928 1246 1679 1246 1690 1246 1997 1105 1690 1246 141 1894
891 576 1894 430 639 1102 928 1246 1463 1246 141 1894 430 846 481 141 1089 1275 639 576
1246 141 1150 428 891 481 928 576 141 1089 1150 639 1246 1679 1246 141 1089 866 1161 1246
987 141 1089 428 639 1102 1690 1246 1690 1246 141 1089 1150 846 1102 141 1089 1150 846 1246
1690 1246 38 1894 1264 1161 914 1089 430 1429 576 1894 1150 639 1102 928 1246 1463 1246 141
1105 1690 1246 1679 1246 38 1150 428 1161 914 1089 430 891 576 1894 430 639 1102 928 1246
846 576 1150 428 1429 481 928 1246 1679 1246 1997 1105 1690 1246 1679 1246 38 1894 1264 1161
1246 928 1246 141 1894 1150 846 576 1894 428 1429 481 928 1246 1679 1246 1690 1246 1997 1105
38 1150 1122 1161 914 1089 1505 891 576 1894 1505 639 1102 1998 1246 1463 1246 38 1894 1264
1690 1246 1997 1105 1690 1246 141 1894 866 1161 914 1089 430 1429 576 1894 1150 639 1102 928
1246 928 1246 141 1894 428 846 1102 141 1089 428 846 1246 928 1246 141 1894 866 846 141
1246 1690 1246 1997 1105 1690 1246 141 1894 1264 1161 914 1089 430 891 576 1894 430 639 1102
1679 1246 1690 1246 1997 1105 1690 1246 38 1894 1264 1161 914 1089 430 1429 576 1894 1150 639
576 1894 1150 639 1102 928 1246 1463 1246 141 1894 1264 846 481 141 1089 1275 639 576 1997
141 1089 430 846 1246 1161 1246 141 1894 1264 846 576 1150 428 1429 481 928 1246 1679 1246
1246 1679 1246 141 1150 428 1161 914 1089 430 1429 576 1894 1150 639 1102 928 1246 1463 1246
1089 1150 846 1102 141 1089 428 639 1246 928 1246 141 1894 866 846 576 1150 428 1429 481
1998 1246 1679 1246 38 1150 1122 1161 914 1089 1505 1429 576 1894 1150 639 1102 1998 1246 1463
1463 1246 1679 1246 38 1894 866 1161 914 1089 1505 891 576 1894 1505 639 1102 1998 1246 1463
1150 639 1102 928 1246 141 1894 430 891 1102 928 1246 141 1894 428 639 395 987 987 928
846 1102 141 1089 1150 846 1246 928 1246 38 1894 866 846 141 1894 428 1429 481 928 1246
1089 430 846 1246 928 1246 141 1894 1264 846 576 1150 428 1429 481 928 1246 1679 1246 1690
141 1894 866 846 141 1894 428 1429 481 928 1246 1679 1246 1997 1105 1690 1246 1679 1246 38
928 1246 1463 1246 141 1894 430 846 481 141 1089 1275 639 576 1997 1105 141 1089 866 639
1246 1161 1246 141 1089 1150 846 1102 141 1089 428 639 1246 928 1246 141 1894 866 846 576
1894 1264 1161 914 1089 430 891 576 1894 430 639 1102 928 1246 1463 1246 141 1894 1264 846
1105 1690 1246 141 1894 866 1161 914 1089 430 1429 576 1894 1150 639 1102 928 1246 1463 1246
428 1429 481 928 1246 1679 1246 1997 1105 1690 1246 1679 1246 38 1150 428 1161 914 1089 430
1264 1161 914 1089 430 1429 576 1894 1150 639 1102 928 1246 1463 1246 141 1894 1264 846 481
1894 430 1161 914 1089 430 658 576 1894 1150 639 1102 928 1246 141 1894 866 891 1102 1690
987 1997 1105 1998 1246 38 1894 866 1161 914 1089 1505 1429 576 1894 1150 639 1102 1998 1246
1690 1102 928 1246 1690 1246 141 1150 428 891 481 928 576 141 1089 1150 639 1246 1679 1246
1894 1264 1161 914 1089 430 1429 576 1894 1150 639 1102 928 1246 1463 1246 141 1894 1264 846
914 1089 430 891 576 1894 430 639 1102 928 1246 1463 1246 141 1894 430 846 481 141 1089
428 639 1246 928 1246 141 1894 866 846 576 1150 428 1429 481 928 1246 1679 1246 141 1089
1161 914 1089 1505 1429 576 1894 1150 639 1102 1998 1246 1463 1246 141 1894 1264 846 481 1997
1463 1246 141 1150 428 891 481 928 1246 1679 1246 38 1894 430 1161 914 1089 430 658 576
987 1679 1246 141 1150 428 1161 914 1089 1505 891 576 1894 1505 639 1102 1998 1246 1463 1246
1690 1246 1679 1246 141 1150 428 1161 914 1089 430 1429 576 1894 1150 639 1102 928 1246 1463
1246 141 1089 866 1161 1246 141 1089 430 1429 576 1894 1150 639 1102 928 1246 141 1894 430
987 1997 1105 1690 1246 141 1089 1264 639 1246 1690 1246 1997 1105 1690 1246 141 1894 1264 1161
481 928 1246 1679 1246 1997 1105 1690 1246 1679 1246 38 1150 428 1161 914 1089 430 891 576
1264 891 576 1894 1264 639 1102 928 1246 38 1894 430 891 1102 928 1246 141 1089 428 639
430 1429 576 1894 1150 639 1102 928 1246 38 1894 430 891 1102 928 1246 141 1894 428 639
1429 576 1894 1150 639 1102 928 1246 141 1894 430 891 1102 928 1246 141 1894 428 639 395
1998 1246 1463 1246 141 1894 1505 846 1102 141 1089 1150 1161 576 1997 1105 141 1089 428 639
141 1894 428 1429 481 928 1246 1679 1246 1690 1246 1997 1105 1690 1246 141 1894 1264 1161 914
1997 1105 1998 1246 38 1894 866 1161 914 1089 1505 891 576 1894 1505 639 1102 1998 1246 1463
1246 141 1894 866 846 141 1894 428 1429 481 928 1246 1679 1246 1997 1105 1690 1246 1679 1246
891 1102 395 1246 141 1089 1150 639 1102 1690 1246 141 1089 1264 928 1102 658 1246 141 1089
1246 1679 1246 141 1089 866 1161 1246 141 1089 430 1429 576 1894 1150 639 1102 928 1246 141
846 1246 928 1246 141 1894 1150 846 576 1894 428 1429 481 928 1246 1679 1246 1463 1246 1997
141 1089 1264 639 1246 1690 1246 1997 1105 1690 1246 141 1894 1264 1161 914 1089 430 891 576
1264 1161 914 1089 430 891 576 1894 430 639 1102 928 1246 1463 1246 141 1894 1264 846 481
866 846 141 1894 428 1429 481 928 1246 1679 1246 1997 1105 1690 1246 1679 1246 38 1894 1264
1997 1463 1246 1679 1246 38 1894 866 1161 914 1089 1505 891 576 1894 1505 639 1102 1998 1246
141 1894 428 1161 914 1089 430 891 576 1894 1264 639 1102 928 1246 141 1894 430 891 1102
1246 1690 1246 141 1150 428 891 481 928 576 141 1089 1150 639 1246 1679 1246 141 1089 866
430 891 576 1894 1264 639 1102 928 1246 141 1894 430 891 1102 928 1246 141 1089 428 1690
1997 1105 1690 1246 1679 1246 38 1894 1264 1161 914 1089 430 891 576 1894 430 639 1102 928
1102 928 1246 141 1894 428 639 1102 395 1246 928 1246 141 1894 428 846 1102 141 1089 428
430 891 1102 928 1246 141 1894 428 639 1102 395 1246 928 1246 141 1894 428 846 1102 141
1246 38 1894 430 891 1102 928 1246 141 1089 428 639 1102 1690 1246 1161 1246 141 1089 1150
1246 38 1894 1264 1161 914 1089 430 1429 576 1894 1150 639 1102 928 1246 1463 1246 141 1894
1102 928 1246 38 1894 430 891 1102 928 1246 141 1089 428 639 1102 1690 1246 1161 1246 141
914 1089 430 1161 576 1894 428 639 1102 928 1246 38 1894 430 891 1102 395 1246 141 1089
481 928 1246 1679 1246 141 1089 1275 639 1246 1690 1246 1997 1105 1690 1246 141 1894 866 1161
914 1089 430 658 576 1894 1150 639 1102 928 1246 141 1894 1264 891 1690 987 987 141 1089
914 1089 1505 1429 576 1894 1150 639 1102 1998 1246 1463 1246 141 1894 1264 846 481 1997 1105
428 1161 914 1089 430 1161 576 1894 428 639 1102 928 1246 38 1894 430 891 1102 395 1246
1246 141 1894 866 891 1102 928 1246 141 1089 1150 639 1102 395 1246 1161 1246 141 1894 428
141 1150 428 891 481 928 576 141 1089 1150 639 1246 1679 1246 141 1089 866 1161 1246 141
430 846 1246 928 1246 141 1894 1264 846 576 1150 428 1429 481 928 1246 1679 1246 1690 1246
866 1161 141 1089 866 891 576 1894 430 639 1102 928 1246 1463 1246 141 1894 1275 846 481
1997 1105 1690 1246 1679 1246 38 1894 1264 1161 914 1089 430 891 576 1894 430 639 1102 928
1150 639 1102 395 1246 1161 1246 141 1894 428 846 1102 141 1089 1264 846 1246 928 1246 141
1246 141 1894 428 846 1102 141 1894 1122 639 1246 928 1246 141 1894 1264 846 576 1150 428
1122 1161 914 1089 1505 891 576 1894 1505 639 1102 1998 1246 1463 1246 38 1894 1264 846 481
576 1894 1150 639 1102 928 1246 141 1894 430 891 1102 928 1246 141 1894 428 639 395 987
576 1894 1150 639 1102 928 1246 38 1894 430 891 1102 928 1246 141 1894 428 639 1102 1690
1246 928 1246 141 1894 866 846 576 1150 428 1429 481 928 1246 1679 1246 141 1089 1275 639
141 1894 1264 846 576 1150 428 1429 481 928 1246 1679 1246 1997 1105 1690 1246 1679 1246 38
38 1150 428 1161 914 1089 430 1429 576 1894 1150 639 1102 928 1246 38 1894 430 891 1102
1246 141 1894 1264 846 576 1150 428 1429 481 928 1246 1679 1246 1690 1246 1997 1105 1690 1246
1998 1246 38 1894 866 1161 914 1089 1505 891 576 1894 1505 639 1102 1998 1246 1463 1246 141
1690 1246 141 1894 866 1161 914 1089 430 1429 576 1894 1150 639 1102 928 1246 1463 1246 141
928 1246 141 1089 1150 639 1102 395 1246 1161 1246 141 1894 428 846 1102 141 1089 1264 846
1246 1690 1246 1997 1105 1690 1246 38 1894 1264 1161 914 1089 430 1429 576 1894 1150 639 1102
928 1246 38 1894 430 891 1102 395 1246 141 1089 1150 639 1102 1690 1246 141 1089 1264 928
141 1089 430 846 1246 1161 1246 141 1894 1264 846 576 1150 428 1429 481 928 1246 1679 1246
1246 141 1894 866 846 141 1894 428 1429 481 928 1246 1679 1246 1690 1246 1997 1105 1690 1246
891 1102 928 1246 141 1089 428 1690 658 987 987 928 1246 141 1894 428 846 1102 141 1089
1505 1161 914 1089 1505 1429 576 1894 1150 639 1102 1998 1246 1463 1246 141 1894 1264 846 481
428 639 1102 1690 1246 1690 1246 141 1089 1150 846 1102 141 1089 1150 846 1246 928 1246 38
1690 1246 141 1894 1264 1161 914 1089 430 1429 576 1894 1150 639 1102 928 1246 1463 1246 141
1246 141 1089 1275 639 1246 1690 1246 1997 1105 1690 1246 141 1894 866 1161 914 1089 430 1429
1150 639 1102 928 1246 38 1894 430 891 1102 928 1246 141 1894 428 639 1102 395 1246 928
928 1246 141 1894 428 639 430 987 987 928 1246 141 1894 428 846 1102 141 1894 1122 639
1102 928 1246 38 1894 430 891 1102 395 1246 141 1089 1150 639 1102 1690 1246 141 1089 1264
639 1246 1679 1246 141 1089 866 1161 1246 141 1089 430 1429 576 1894 1150 639 1102 928 1246
1679 1246 141 1894 866 1161 141 1089 866 891 576 1894 430 639 1102 928 1246 1463 1246 141
1894 428 846 1102 141 1894 1122 639 1246 1161 1246 141 1894 1264 846 576 1150 428 1429 481
1246 141 1089 428 639 1246 1998 1246 1679 1246 38 1894 1505 1161 914 1089 1505 1429 576 1894
430 891 1102 928 1246 141 1089 428 1690 658 987 987 928 1246 141 1894 428 846 1102 141
639 1102 1690 1246 141 1089 1264 928 1102 658 1246 141 1089 428 846 1246 928 1246 141 1894
639 430 987 987 928 1246 141 1894 428 846 1102 141 1894 1122 639 1246 1161 1246 141 1894
846 141 1894 428 1429 481 928 1246 1679 1246 1997 1105 1690 1246 1679 1246 38 1150 428 1161
1150 428 1161 914 1089 430 1161 576 1894 428 639 1102 928 1246 38 1894 430 891 1102 395
1264 639 1102 928 1246 38 1894 430 891 1102 928 1246 141 1089 428 639 1102 1690 1246 1161
1150 428 1429 481 928 1246 1679 1246 1997 1105 1690 1246 1679 1246 38 1894 1264 1161 914 1089
1150 639 1102 1690 1246 141 1089 1264 928 1102 658 1246 141 1089 428 846 1246 928 1246 141
846 1246 928 1246 141 1894 1150 846 576 1894 428 1429 481 928 1246 1679 1246 1463 1246 1997
1429 481 928 1246 1679 1246 1690 1246 1997 1105 1690 1246 38 1894 1264 1161 914 1089 430 1429
1690 1246 38 1894 1264 1161 914 1089 430 1429 576 1894 1150 639 1102 928 1246 1463 1246 141
1894 1264 891 1690 987 987 141 1089 428 639 1102 1690 1246 1690 1246 141 1089 1150 846 1102
1102 1690 1246 141 1089 1264 928 1102 658 1246 141 1089 428 846 1246 928 1246 141 1894 866
1102 928 1246 141 1894 430 891 1102 928 1246 141 1089 428 1690 658 987 987 928 1246 141
1161 1246 141 1894 1264 846 576 1150 428 1429 481 928 1246 1679 1246 1690 1246 1997 1105 1690
576 1894 1150 639 1102 928 1246 1463 1246 141 1894 1264 846 481 1997 1105 141 1089 1150 639
481 928 1246 1679 1246 38 1894 430 1161 914 1089 430 658 576 1894 1150 639 1102 928 1246
481 928 1246 1679 1246 1690 1246 1997 1105 1690 1246 38 1894 1264 1161 914 1089 430 1429 576
1997 1105 1690 1246 1679 1246 38 1894 1264 1161 914 1089 430 891 576 1894 430 639 1102 928
1679 1246 1997 1105 1690 1246 1679 1246 141 1150 428 1161 914 1089 430 1429 576 1894 1150 639
38 1150 428 1161 914 1089 430 1429 576 1894 1150 639 1102 928 1246 38 1894 430 891 1102
1089 1264 639 1246 1690 1246 1997 1105 1690 1246 141 1894 1264 1161 914 1089 430 891 576 1894
141 1894 866 1161 914 1089 430 1429 576 1894 1150 639 1102 928 1246 1463 1246 141 1894 1264
141 1089 1150 639 1102 1690 1246 141 1089 1264 928 1102 658 1246 141 1089 428 846 1246 928
1246 1690 1246 1997 1105 1690 1246 38 1894 1264 1161 914 1089 430 1429 576 1894 1150 639 1102
430 891 1102 928 1246 141 1089 428 639 1102 1690 1246 928 1246 141 1089 1150 846 1102 141
1246 141 1894 1264 846 576 1150 428 1429 481 928 1246 1679 1246 1997 1105 1690 1246 1679 1246
1089 430 1429 576 1894 1150 639 1102 928 1246 1463 1246 141 1894 1264 846 481 1997 1105 141
1679 987 1679 1246 141 1150 428 1161 914 1089 1505 891 576 1894 1505 639 1102 1998 1246 1463
141 1150 428 1161 914 1089 430 1429 576 1894 1150 639 1102 928 1246 1463 1246 141 1894 1264
430 891 1102 928 1246 141 1894 428 639 430 987 987 928 1246 141 1894 428 846 1102 141
1150 428 891 481 928 576 141 1089 1150 639 1246 1679 1246 141 1089 866 1161 1246 141 1089
639 1246 1998 1246 1679 1246 38 1894 1505 1161 914 1089 1505 1429 576 1894 1150 639 1102 1998
1246 1463 1246 141 1894 430 846 481 141 1089 1275 639 576 1997 1105 141 1089 866 639 576
928 1246 141 1894 866 846 141 1894 428 1429 481 928 1246 1679 1246 1690 1246 1997 1105 1690
481 928 1246 1679 1246 38 1894 430 1161 914 1089 430 658 576 1894 1150 639 1102 928 1246
1089 1264 639 1246 1690 1246 1997 1105 1690 1246 141 1894 1264 1161 914 1089 430 891 576 1894
141 1150 428 1161 914 1089 430 1429 576 1894 1150 639 1102 928 1246 1463 1246 141 1894 1264
1246 38 1894 866 846 141 1894 428 1429 481 928 1246 1679 1246 1997 1105 1690 1246 1679 1246
428 846 1102 141 1089 1264 846 1246 928 1246 141 1894 1150 846 576 1894 428 1429 481 928
428 846 1246 928 1246 141 1894 866 846 141 1894 428 1429 481 928 1246 1679 1246 1463 1246
1161 914 1089 430 1429 576 1894 1150 639 1102 928 1246 1463 1246 141 1894 1264 846 481 1997
1894 430 891 1102 395 1246 141 1089 1150 639 1102 1690 1246 141 1089 1264 928 1102 658 1246
1679 1246 38 1150 1122 1161 914 1089 1505 1429 576 1894 1150 639 1102 1998 1246 1463 1246 141
1894 1150 639 1102 928 1246 141 1894 866 891 1102 928 1246 141 1089 1150 639 1102 395 1246
1089 1264 639 1246 1690 1246 1997 1105 1690 1246 141 1894 1264 1161 914 1089 430 891 576 1894
846 1246 928 1246 141 1894 866 846 141 1894 428 1429 481 928 1246 1679 1246 1997 1105 1690
1894 1264 1161 914 1089 430 1429 576 1894 1150 639 1102 928 1246 1463 1246 141 1894 1264 846
928 1246 141 1894 428 846 1102 141 1894 1122 639 1246 928 1246 141 1894 1264 846 576 1150
846 1246 928 1246 38 1894 866 846 141 1894 428 1429 481 928 1246 1679 1246 1997 1105 1690
141 928 1246 1679 1246 1463 1246 1997 1105 1690 1246 1463 1246 1679 1246 1997 1105 1690 1246 1679
846 576 1894 428 1429 481 928 1246 1679 1246 1690 1246 1997 1105 1690 1246 38 1894 1264 1161
1246 141 1089 1150 846 1102 141 1089 1150 846 1246 928 1246 38 1894 866 846 141 1894 428
987 141 1089 428 639 1102 1690 1246 1690 1246 141 1089 1150 846 1102 141 1089 1150 846 1246
1246 141 1089 428 639 1246 1998 1246 1679 1246 38 1894 1505 1161 914 1089 1505 1429 576 1894
1690 1246 1997 1105 1690 1246 141 1894 866 1161 914 1089 430 1429 576 1894 1150 639 1102 928
1246 141 1894 866 846 141 1894 428 1429 481 928 1246 1679 1246 1997 1105 1690 1246 1679 1246
1089 1150 639 1246 1679 1246 141 1089 866 1161 1246 141 1089 430 1429 576 1894 1150 639 1102
1102 928 1246 141 1894 428 639 1102 395 1246 928 1246 141 1894 428 846 1102 141 1089 428
1122 639 1246 1161 1246 141 1894 1264 846 576 1150 428 1429 481 928 1246 1679 1246 1997 1105
928 1246 1679 1246 1690 1246 1997 1105 1690 1246 141 1894 1264 1161 914 1089 430 1429 576 1894
1246 1997 1105 1690 1246 1679 1246 38 1894 1264 1161 914 1089 430 891 576 1894 430 639 1102
1161 914 1089 430 891 576 1894 1264 639 1102 928 1246 141 1894 430 891 1102 928 1246 141
1894 428 639 1102 928 1246 38 1894 430 891 1102 395 1246 141 1089 1150 639 1102 1690 1246
1089 1275 639 1246 1690 1246 1997 1105 1690 1246 141 1894 866 1161 914 1089 430 1429 576 1894
928 1246 141 1894 866 846 141 1894 428 1429 481 928 1246 1679 1246 1690 1246 1997 1105 1690
866 846 141 1894 428 1429 481 928 1246 1679 1246 1997 1105 1690 1246 1679 1246 38 1894 1264
1246 38 1894 1264 1161 914 1089 430 891 576 1894 430 639 1102 928 1246 1463 1246 141 1894
1089 1150 846 1246 928 1246 38 1894 866 846 141 1894 428 1429 481 928 1246 1679 1246 1997
1089 430 1429 576 1894 1150 639 1102 928 1246 38 1894 430 891 1102 928 1246 141 1894 428
1894 866 1161 914 1089 1505 1429 576 1894 1150 639 1102 1998 1246 1463 1246 38 1894 1122 846
395 1246 141 1089 1150 639 1102 1690 1246 141 1089 1264 928 1102 658 1246 141 1089 428 846
1089 428 639 658 987 987 928 1246 141 1894 428 846 1102 141 1089 430 846 1246 1161 1246
1161 914 1089 430 1429 576 1894 1150 639 1102 928 1246 1463 1246 141 1894 1264 846 481 141
428 1429 481 928 1246 1679 1246 1997 1105 1690 1246 1679 1246 38 1894 1264 1161 914 1089 430
1246 38 1894 866 846 141 1894 428 1429 481 928 1246 1679 1246 1997 1105 1690 1246 1679 1246
1246 1690 1246 1997 1105 1690 1246 38 1894 1264 1161 914 1089 430 1429 576 1894 1150 639 1102
1997 1105 1998 1246 38 1150 1122 1161 914 1089 1505 891 576 1894 1505 639 1102 1998 1246 1463
141 1089 428 639 1102 1690 1246 1161 1246 141 1089 1150 846 1102 141 1089 428 639 1246 928
1150 428 1429 481 928 1246 1679 1246 1690 1246 1997 1105 1690 1246 38 1894 1264 1161 914 1089
987 987 928 1246 141 1894 428 846 1102 141 1894 1122 639 1246 928 1246 141 1894 1264 846
1998 1246 1679 1246 38 1894 1505 1161 914 1089 1505 1429 576 1894 1150 639 1102 1998 1246 1463
38 1894 430 891 1102 928 1246 141 1089 428 639 1102 1690 1246 1161 1246 141 1089 1150 846
846 1246 928 1246 38 1894 866 846 141 1894 428 1429 481 928 1246 1679 1246 1997 1105 1690
1089 430 658 576 1894 1150 639 1102 928 1246 141 1894 866 891 1102 1690 1246 141 1089 1150
576 1894 1150 639 1102 928 1246 1463 1246 141 1894 1264 846 481 141 1089 1275 639 576 1997
1246 141 1089 866 1161 1246 141 1089 430 1429 576 1894 1150 639 1102 928 1246 141 1894 430
1690 1246 1690 1246 1679 1246 1997 1105 1690 1246 1679 1246 141 1150 428 1161 914 1089 430 1429
928 1246 141 1894 866 891 1102 928 1246 141 1089 1150 639 1102 395 1246 1161 1246 141 1894
1894 1150 639 1102 1998 1246 1463 1246 141 1894 1505 846 1102 141 1089 1150 1161 576 1997 1105
141 1894 428 1429 481 928 1246 1679 1246 1997 1105 1690 1246 1679 1246 38 1150 428 1161 914
1894 428 639 1102 928 1246 38 1894 430 891 1102 395 1246 141 1089 1150 639 1102 1690 1246
1997 1105 1690 1246 1679 1246 38 1150 428 1161 914 1089 430 891 576 1894 430 639 1102 928
430 658 576 1894 1150 639 1102 928 1246 141 1894 1264 891 1690 987 987 141 1089 428 639
1089 1505 891 576 1894 1505 639 1102 1998 1246 1463 1246 38 1894 1264 846 481 141 1089 1505
1275 639 1246 1690 1246 1997 1105 1690 1246 141 1894 866 1161 914 1089 430 1429 576 1894 1150
1264 639 1246 1690 1246 1997 1105 1690 1246 141 1894 1264 1161 914 1089 430 891 576 1894 430
928 1246 141 1089 428 639 1102 1690 1246 1161 1246 141 1089 1150 846 1102 141 1089 428 639
38 1894 1264 1161 914 1089 430 1429 576 1894 1150 639 1102 928 1246 1463 1246 141 1894 1264
430 639 1102 928 1246 1463 1246 141 1894 430 846 481 141 1089 1275 639 576 1997 1105 141
1150 1122 1161 914 1089 1505 1429 576 1894 1150 639 1102 1998 1246 1463 1246 141 1894 1264 846
1246 38 1150 428 1161 914 1089 430 891 576 1894 430 639 1102 928 1246 1463 1246 141 1894
38 1894 430 891 1102 395 1246 141 1089 1150 639 1102 1690 1246 141 1089 1264 928 1102 658
430 891 1102 395 1246 141 1089 1150 639 1102 1690 1246 141 1089 1264 928 1102 658 1246 141
1102 928 1246 38 1894 430 891 1102 928 1246 141 1894 428 639 1102 395 1246 928 1246 141
141 1894 1264 846 576 1150 428 1429 481 928 1246 1679 1246 1997 1105 1690 1246 1679 1246 38
1246 987 928 1246 141 1894 428 846 1102 141 1089 430 846 1246 928 1246 141 1894 1264 846
1246 1679 987 1679 1246 141 1150 428 1161 914 1089 1505 891 576 1894 1505 639 1102 1998 1246
1161 1246 141 1894 1264 846 576 1150 428 1429 481 928 1246 1679 1246 1690 1246 1997 1105 1690
576 1894 1150 639 1102 928 1246 1463 1246 141 1894 1264 846 481 141 1089 1275 639 576 1997
1894 1150 639 1102 928 1246 141 1894 1264 891 1690 987 987 141 1089 428 639 1102 1690 1246
1246 38 1150 1122 1161 914 1089 1505 891 576 1894 1505 639 1102 1998 1246 1463 1246 38 1894
576 1150 428 1429 481 928 1246 1679 1246 1997 1105 1690 1246 1679 1246 38 1894 1264 1161 914
1246 1679 1246 1997 1105 1690 1246 1679 1246 141 1150 428 1161 914 1089 430 1429 576 1894 1150
1105 1690 1246 141 1894 866 1161 914 1089 430 1429 576 1894 1150 639 1102 928 1246 1463 1246
1997 1105 1690 1246 1679 1246 38 1894 1264 1161 914 1089 430 891 576 1894 430 639 1102 928
1894 430 891 1102 928 1246 141 1089 428 639 658 987 987 928 1246 141 1894 428 846 1102
141 1894 428 639 430 987 987 928 1246 141 1894 428 846 1102 141 1894 1122 639 1246 1161
891 481 928 576 141 1089 1150 639 1246 1679 1246 141 1089 866 1161 1246 141 1089 430 1429
1246 928 1246 141 1894 866 846 141 1894 428 1429 481 928 1246 1679 1246 1997 1105 1690 1246
639 1246 1690 1246 1997 1105 1690 1246 141 1894 866 1161 914 1089 430 1429 576 1894 1150 639
1105 1998 1246 38 1894 866 1161 914 1089 1505 1429 576 1894 1150 639 1102 1998 1246 1463 1246
1089 430 1429 576 1894 1150 639 1102 928 1246 141 1894 430 891 1102 928 1246 141 1894 428
428 1429 481 928 1246 1679 1246 1997 1105 1690 1246 1679 1246 38 1150 428 1161 914 1089 430
430 846 1246 928 1246 141 1894 1264 846 576 1150 428 1429 481 928 1246 1679 1246 1690 1246
