214 214 477 477 214 214 226 179 179 179 496 220 247 218 460 220 135 143 460 220
214 226 179 179 179 496 200 247 218 233 200 233 143 460 220 93 108 200 135 362
179 179 179 496 200 247 218 233 200 233 143 460 220 93 108 200 135 362 259 200
362 259 189 135 362 259 189 135 460 259 135 108 189 135 496 223 220 135 496 223
214 214 477 477 214 214 226 179 179 179 496 189 247 218 233 189 247 143 233 220
189 340 496 259 340 108 189 233 496 223 189 135 496 223 189 233 496 223 189 233
179 179 496 189 340 218 233 189 135 143 233 189 247 108 189 340 362 259 220 233
247 143 233 143 143 460 233 143 247 108 143 247 362 259 143 247 362 259 143 247
64 214 214 226 179 179 179 496 189 247 218 460 189 93 143 460 189 93 108 189
477 179 179 64 226 64 64 214 214 179 11 11 415 415 226 179 179 11 415 11
214 214 226 179 179 179 496 189 135 218 233 189 135 143 460 220 247 108 189 340
247 218 460 189 135 143 460 220 247 108 189 135 362 259 189 135 179 362 259 189
220 247 108 220 247 362 259 220 233 11 415 11 415 362 259 220 247 496 259 247
179 179 64 179 496 189 247 218 233 220 247 143 233 220 247 108 220 247 362 259
220 135 496 259 247 108 220 247 496 223 220 233 11 415 11 415 247 108 220 233
233 143 143 460 233 143 247 108 143 247 362 259 143 247 362 259 143 247 64 259
64 64 214 214 226 179 179 179 496 189 247 218 460 189 93 143 460 189 93 108
233 200 233 143 460 220 93 108 200 135 362 259 200 340 362 259 220 135 233 259
189 340 362 259 189 93 64 259 247 108 189 247 496 223 189 247 496 223 189 247
189 247 218 158 189 340 143 158 189 247 108 189 340 362 259 189 93 179 362 259
220 93 108 189 233 362 259 189 233 362 259 189 247 362 259 247 108 189 247 496
189 247 218 460 189 247 143 460 189 247 496 223 189 247 362 259 189 247 362 259
233 259 220 135 362 259 220 135 64 259 247 108 220 135 496 223 220 135 496 223
220 135 362 259 220 135 64 259 247 108 220 135 496 223 220 135 496 223 220 135
247 218 460 220 135 143 460 220 247 108 220 135 233 259 220 135 362 259 220 135
362 259 220 135 496 259 247 108 220 247 496 223 220 233 11 415 11 415 247 108
179 64 64 214 214 477 477 214 214 226 179 179 179 496 189 247 218 460 189 340
179 11 11 415 415 226 179 179 11 415 11 415 179 496 189 247 218 460 189 233
158 189 247 108 189 340 362 259 189 93 179 362 259 189 247 496 259 11 415 11
415 226 179 64 179 496 189 247 218 158 189 340 143 158 189 247 108 189 340 362
415 11 415 226 179 64 179 496 189 247 218 158 189 340 143 158 189 247 108 189
200 135 362 259 200 340 362 259 220 135 233 259 247 108 200 93 496 223 200 247
135 179 362 259 189 340 460 259 247 108 189 247 496 223 189 135 496 223 189 340
214 214 226 179 179 496 189 247 218 460 189 135 143 460 220 247 108 189 135 362
362 259 189 340 362 259 189 93 64 259 247 108 189 247 496 223 189 247 496 223
64 214 214 179 496 189 247 218 233 189 135 143 233 220 93 108 189 233 362 259
64 64 214 214 226 179 179 179 496 189 247 218 460 189 135 143 460 220 247 108
108 189 233 362 259 189 233 362 259 189 247 247 259 247 108 189 247 496 223 189
179 226 179 179 64 179 496 220 247 218 233 220 247 143 233 220 247 108 220 247
477 179 179 226 64 64 214 214 226 179 179 179 496 189 135 218 233 189 135 143
135 143 460 220 247 108 220 135 233 259 220 135 362 259 220 135 64 259 247 108
477 64 64 64 64 214 214 226 179 179 496 189 247 218 460 189 135 143 460 220
220 460 220 93 108 189 135 362 259 233 135 362 259 179 189 135 64 259 247 108
189 135 362 259 189 135 362 259 189 135 496 259 247 108 189 135 496 223 220 135
340 362 259 189 340 362 259 189 93 64 259 247 108 189 247 496 223 189 247 496
214 214 226 179 179 179 496 189 135 218 233 189 135 143 460 220 247 108 189 340
226 179 64 64 214 214 477 477 214 214 226 179 179 179 496 189 247 218 233 220
259 247 108 200 93 496 223 200 247 496 223 200 247 496 223 200 247 496 223 200
11 415 11 415 362 259 220 247 496 259 247 108 220 247 496 223 220 233 11 415
158 189 340 143 158 189 247 108 189 340 362 259 189 93 179 362 259 189 247 496
135 143 460 220 247 108 189 135 362 259 189 135 179 362 259 189 340 460 259 247
108 189 93 362 259 189 247 362 259 220 93 460 259 247 108 189 247 496 223 220
189 247 496 259 11 415 11 415 247 108 189 247 496 223 189 247 11 415 11 415
362 259 220 135 64 259 247 108 189 135 496 223 220 135 226 179 496 223 189 135
189 340 460 259 247 108 189 247 496 223 189 135 496 223 189 340 496 223 189 135
247 108 189 135 496 223 189 340 496 223 189 233 496 223 189 135 496 223 200 340
143 460 220 247 108 143 135 362 259 143 135 362 259 189 135 460 259 247 108 189
247 218 460 189 340 143 460 220 247 108 189 233 362 259 189 233 362 259 189 247
179 226 179 64 64 214 214 226 179 179 496 189 247 218 233 189 233 158 460 220
218 460 259 247 143 460 189 135 108 189 247 362 259 220 247 496 259 189 247 496
108 189 135 226 179 496 223 189 340 11 415 340 108 189 247 11 415 247 108 200
214 214 226 179 179 179 496 200 247 218 233 200 233 143 460 220 93 108 200 135
108 189 135 362 259 143 135 362 259 220 135 362 259 247 108 189 135 496 223 220
189 135 143 460 189 247 108 189 340 362 259 189 135 362 259 189 135 460 259 247
247 218 460 220 135 143 460 220 247 108 220 135 233 259 220 135 362 259 220 135
226 64 64 214 214 226 179 179 179 496 189 247 218 460 189 93 143 460 189 93
226 179 64 64 214 214 477 477 214 214 226 179 179 179 496 220 247 218 460 220
247 218 233 189 233 143 460 220 93 108 189 135 362 259 143 135 362 259 179 189
143 460 220 247 108 189 340 362 259 189 135 362 259 189 135 460 259 247 108 189
189 247 218 460 189 135 143 460 220 247 108 189 135 362 259 189 135 362 259 220
415 226 179 64 179 496 189 247 218 158 189 340 143 158 189 247 108 189 340 362
496 189 247 218 233 220 247 143 233 220 247 108 220 247 362 259 220 233 11 415
135 362 259 220 135 64 259 247 108 220 135 496 223 220 135 496 223 220 135 496
108 143 247 362 259 143 247 362 259 143 247 64 259 247 108 143 247 496 223 220
496 223 220 233 11 415 11 415 247 108 189 233 11 415 11 415 247 108 220 247
226 179 179 496 189 247 218 233 189 233 143 460 220 93 108 189 135 362 259 233
226 179 179 179 496 189 247 218 233 220 247 143 233 220 93 108 189 233 362 259
362 259 220 135 64 259 247 108 220 135 496 223 220 135 496 223 220 135 496 223
477 179 179 226 64 64 214 214 226 179 179 179 496 189 247 218 233 189 135 143
218 158 189 340 143 158 189 247 108 189 340 362 259 189 93 179 362 259 189 247
189 135 362 259 220 135 64 259 247 108 189 135 496 223 220 135 226 179 496 223
179 64 179 496 189 247 218 233 220 247 143 233 220 247 108 220 247 362 259 220
108 189 340 362 259 189 93 179 362 259 189 247 496 259 11 415 11 415 247 108
64 214 214 226 179 179 496 189 247 218 233 189 233 143 460 220 93 108 189 135
179 226 64 64 214 214 477 477 214 214 226 179 64 179 496 189 247 179 143 460
477 214 214 226 179 179 179 496 220 247 218 460 220 135 143 460 220 247 108 220
362 259 189 247 362 259 189 247 64 259 247 108 189 247 496 223 189 247 496 223
179 477 477 64 64 64 64 214 214 226 179 179 496 189 247 218 460 189 135 143
189 135 362 259 189 135 460 259 135 108 189 135 496 223 220 135 496 223 189 247
226 179 179 179 496 189 247 218 460 223 233 143 460 220 247 108 200 340 362 259
179 189 460 189 247 143 233 220 247 108 189 233 362 259 220 135 11 179 259 226
220 247 108 189 340 362 259 189 340 362 259 189 93 64 259 247 108 189 247 496
179 226 179 179 64 179 496 220 247 218 233 220 247 143 233 220 247 108 220 247
218 233 220 247 143 233 220 93 108 189 233 362 259 189 233 362 259 189 247 362
247 143 460 189 247 496 223 189 247 362 259 189 247 362 259 189 247 64 259 247
259 220 135 233 259 247 108 200 93 496 223 200 247 496 223 200 247 496 223 200
143 233 220 247 108 189 247 362 259 220 233 11 415 11 415 362 259 220 247 496
214 477 477 214 214 226 179 179 179 496 189 247 218 460 189 340 143 460 220 247
189 247 496 223 189 247 362 259 189 247 362 259 189 247 64 259 247 108 189 247
496 223 220 233 11 415 11 415 247 108 189 233 11 415 11 415 247 108 220 247
233 226 179 179 362 259 189 233 64 259 247 108 189 135 496 223 220 233 496 223
259 220 233 362 259 189 340 496 259 340 108 189 233 496 223 189 135 496 223 189
189 247 218 233 220 247 143 233 220 93 108 189 233 362 259 189 233 362 259 189
496 189 247 179 189 460 189 247 143 233 220 247 108 189 233 362 259 220 135 11
189 247 362 259 220 93 460 259 247 108 189 247 496 223 220 247 496 223 189 247
220 135 233 259 247 108 200 93 496 223 200 247 496 223 200 247 496 223 200 247
93 108 189 233 362 259 189 233 362 259 189 247 362 259 247 108 189 247 496 223
259 179 189 135 64 259 247 108 189 135 496 223 189 135 496 223 189 233 496 223
218 233 189 135 143 460 220 247 108 189 340 362 259 189 135 362 259 189 135 460
189 247 218 460 189 135 143 460 220 247 108 189 135 362 259 143 135 362 259 189
11 415 11 415 226 496 189 247 218 460 189 233 143 460 189 93 108 189 135 362
460 220 247 108 189 233 362 259 189 233 362 259 189 247 64 259 247 108 189 135
220 247 143 233 220 93 108 189 233 362 259 189 233 362 259 189 247 362 259 247
259 247 108 189 247 496 223 189 247 496 223 189 233 496 223 189 135 496 223 189
233 362 259 220 135 11 179 189 226 362 259 189 135 496 259 11 415 247 108 189
64 64 214 214 226 179 179 496 189 247 218 233 189 233 143 460 220 93 108 189
179 226 64 64 214 214 226 179 179 179 496 189 135 218 233 189 135 143 460 220
64 214 214 179 226 179 179 496 189 247 143 233 143 143 460 233 143 247 108 143
460 259 247 143 460 189 135 108 189 247 362 259 220 247 496 259 189 247 496 189
179 226 179 64 64 214 214 477 477 214 214 226 179 179 179 496 189 247 218 233
233 189 135 143 233 189 247 108 189 340 362 259 220 233 362 259 189 340 496 259
179 179 226 64 64 214 214 226 179 179 179 496 189 247 218 233 189 135 143 233
179 179 179 496 189 247 218 460 189 247 143 460 189 247 496 223 189 247 362 259
214 477 477 214 214 226 179 179 179 496 189 247 218 460 189 340 143 460 220 247
179 226 64 64 214 214 226 179 179 179 496 189 247 218 460 189 93 143 460 189
218 460 189 135 143 460 220 247 108 189 135 362 259 189 135 362 259 189 135 460
143 460 233 143 247 108 143 247 362 259 143 247 362 259 143 247 64 259 247 108
247 362 259 220 233 11 415 11 415 362 259 220 135 496 259 247 108 220 247 496
218 233 189 135 143 460 220 247 108 189 340 362 259 189 135 362 259 189 135 460
362 259 220 135 233 259 247 108 200 93 496 223 200 247 496 223 200 247 496 223
460 189 233 143 460 189 93 108 189 135 362 259 189 233 11 415 11 415 362 259
189 247 362 259 189 247 362 259 189 247 64 259 247 108 189 247 496 223 189 247
143 460 189 247 496 223 189 247 362 259 189 247 362 259 189 247 64 259 247 108
143 247 108 143 247 362 259 143 247 362 259 143 247 64 259 247 108 143 247 496
135 496 259 247 108 220 247 496 223 220 233 11 415 11 415 247 108 220 233 11
247 218 460 220 135 143 460 220 247 108 220 135 233 259 220 135 362 259 220 135
64 214 214 226 179 179 179 496 189 247 218 460 189 247 143 460 189 247 496 223
64 64 214 214 477 477 214 214 226 179 179 179 496 220 247 218 460 220 135 143
11 415 226 496 189 247 218 460 189 233 143 460 189 93 108 189 135 362 259 189
226 179 64 64 214 214 226 179 179 496 189 247 218 460 259 247 143 460 189 135
135 362 259 179 189 135 64 259 247 108 189 135 496 223 189 135 496 223 189 233
214 214 226 179 179 179 496 189 247 218 460 189 340 143 460 220 247 108 189 233
179 496 189 247 218 460 189 233 143 460 189 93 108 189 135 362 259 189 233 11
179 64 64 214 214 477 477 214 214 226 179 179 179 496 220 247 218 460 220 135
233 259 220 135 362 259 220 135 64 259 247 108 220 135 496 223 220 135 496 223
247 108 220 247 362 259 220 233 11 415 11 415 362 259 220 247 496 259 247 108
189 135 362 259 189 135 496 259 247 108 189 135 496 223 220 135 496 223 189 340
247 189 247 218 460 189 340 143 460 220 247 108 189 233 362 259 189 233 362 259
11 415 11 415 226 179 64 179 496 189 247 218 158 189 340 143 158 189 247 108
233 220 460 189 93 108 189 135 362 259 189 233 11 415 11 415 362 259 189 233
64 214 214 226 179 179 179 496 189 247 218 460 189 247 143 460 189 247 496 223
340 362 259 189 340 362 259 189 93 64 259 247 108 189 247 496 223 189 247 496
179 226 179 179 496 189 247 143 233 143 143 460 233 143 247 108 143 247 362 259
189 179 496 189 247 218 460 189 135 143 460 220 247 108 189 135 362 259 189 135
247 362 259 220 233 11 415 11 415 362 259 220 135 496 259 247 108 220 247 496
135 179 362 259 189 340 460 259 247 108 189 247 496 223 189 135 496 223 189 340
189 340 496 259 340 108 189 233 496 223 189 135 496 223 189 233 496 223 189 233
460 189 247 143 460 189 247 496 223 189 247 362 259 189 247 362 259 189 247 64
259 226 179 247 108 189 233 496 223 189 135 11 415 11 415 247 108 189 233 496
189 135 179 362 259 189 340 460 259 247 108 189 247 496 223 189 135 496 223 189
220 135 233 259 220 135 362 259 220 135 64 259 247 108 220 135 496 223 220 135
189 135 362 259 189 135 362 259 189 135 460 259 247 108 189 135 496 223 220 135
259 189 93 64 259 247 108 189 247 496 223 189 247 496 223 189 247 496 223 189
214 226 179 179 496 189 247 218 460 259 247 143 460 189 135 108 189 247 362 259
214 214 226 179 179 179 496 200 247 218 233 200 233 143 460 220 93 108 200 135
259 247 108 189 135 496 223 189 135 496 223 189 233 496 223 189 135 496 223 189
477 477 179 179 64 226 64 64 214 214 179 11 11 415 415 226 179 179 11 415
362 259 220 233 11 415 11 415 362 259 220 135 496 259 247 108 220 247 496 223
179 496 189 135 218 233 189 135 143 460 189 135 108 189 340 362 259 189 135 362
247 189 247 218 460 189 340 143 460 220 247 108 189 233 362 259 189 233 362 259
247 108 189 233 496 223 189 135 11 415 11 415 247 108 189 233 496 223 189 233
220 93 108 189 135 362 259 233 135 362 259 179 189 135 64 259 247 108 189 135
247 218 460 189 135 143 460 220 247 108 189 135 362 259 189 135 179 362 259 189
179 226 179 64 64 214 214 226 179 179 496 189 247 218 460 259 247 93 460 189
64 214 214 226 179 179 179 496 189 135 218 233 189 135 143 460 220 247 108 189
214 226 179 179 496 189 247 218 460 189 135 143 460 220 247 108 189 135 362 259
460 189 93 143 460 189 93 108 189 93 362 259 189 247 362 259 220 93 460 259
226 179 226 179 179 64 179 496 220 247 218 233 220 247 143 233 220 247 108 220
477 214 214 226 179 179 179 496 189 247 218 460 189 340 143 460 220 247 108 189
247 108 189 340 362 259 189 340 362 259 189 93 64 259 247 108 189 247 496 223
247 218 233 189 247 143 233 220 93 108 189 233 362 259 189 233 362 259 189 247
108 189 135 362 259 189 233 11 415 11 415 362 259 189 233 460 259 226 179 247
214 214 226 179 179 179 496 189 247 218 460 223 233 143 460 220 247 108 200 340
64 64 214 214 179 11 415 11 415 226 179 64 179 496 189 247 218 158 189 340
226 179 179 496 189 247 218 460 259 247 143 460 189 135 108 189 247 362 259 220
496 189 247 218 233 189 247 143 233 220 93 108 189 233 362 259 189 233 362 259
93 108 189 135 362 259 189 233 11 415 11 415 362 259 189 233 460 259 226 179
233 143 460 220 93 108 189 135 362 259 233 135 362 259 179 189 135 496 259 247
496 189 247 218 158 189 340 143 158 189 247 108 189 340 362 259 189 93 179 362
247 218 158 189 340 143 158 189 247 108 189 340 362 259 189 93 179 362 259 189
247 362 259 189 247 496 259 189 247 496 189 179 496 189 247 218 460 189 135 143
496 189 247 218 158 189 340 143 158 189 247 108 189 340 362 259 189 93 179 362
247 143 233 220 93 108 189 233 362 259 189 233 362 259 189 247 362 259 247 108
259 189 247 496 189 179 496 189 247 218 460 189 135 143 460 220 247 108 189 135
218 233 220 247 143 233 220 93 108 189 233 362 259 189 233 362 259 189 247 362
247 362 259 220 233 11 415 11 415 362 259 220 135 496 259 247 108 220 247 496
233 11 415 11 415 362 259 220 247 496 259 247 108 220 247 496 223 220 233 11
218 460 223 233 143 460 220 247 108 189 340 362 259 189 340 362 259 189 93 64
189 233 220 460 189 93 108 189 135 362 259 189 233 11 415 11 415 362 259 189
362 259 189 135 460 259 247 108 189 135 496 223 220 135 496 223 189 247 496 223
189 135 362 259 220 135 64 259 247 108 189 135 496 223 220 135 226 179 496 223
189 135 143 460 220 247 108 189 135 362 259 189 135 179 362 259 189 340 460 259
189 135 496 259 11 415 247 108 189 135 226 179 496 223 189 340 11 415 340 108
259 247 108 189 247 496 223 189 247 496 223 189 233 496 223 189 135 496 223 189
143 64 214 214 226 179 179 496 189 247 218 460 189 135 143 460 220 247 108 143
135 362 259 200 340 362 259 220 135 233 259 247 108 200 93 496 223 200 247 496
496 189 247 218 233 189 233 143 460 220 93 108 189 135 362 259 233 135 362 259
189 247 218 460 189 340 143 460 220 247 108 189 233 362 259 189 233 362 259 189
233 259 247 108 200 93 496 223 200 247 496 223 200 247 496 223 200 247 496 223
259 189 233 362 259 189 247 247 259 247 108 189 247 496 223 189 247 496 223 189
108 189 247 496 223 189 247 11 415 11 415 247 108 189 247 226 179 496 223 189
362 259 200 340 362 259 220 135 233 259 247 108 200 93 496 223 200 247 496 223
64 64 214 214 226 179 179 496 189 247 218 460 189 135 143 460 220 247 108 189
189 247 218 460 189 247 143 460 189 247 496 223 189 247 362 259 189 247 362 259
233 11 415 11 415 362 259 189 233 460 259 226 179 247 108 189 233 496 223 189
214 214 226 179 226 179 179 64 179 496 189 247 218 233 220 247 143 233 220 247
496 189 247 218 233 220 247 143 233 220 247 108 220 247 362 259 220 233 11 415
200 233 143 460 220 93 108 200 135 362 259 200 340 362 259 220 135 233 259 247
189 247 218 460 189 233 143 460 189 93 108 189 135 362 259 189 233 11 415 11
233 259 220 135 362 259 220 135 64 259 247 108 220 135 496 223 220 135 496 223
220 135 496 259 247 108 220 247 496 223 220 233 11 415 11 415 247 108 220 233
477 179 179 226 64 64 214 214 226 179 179 179 496 189 247 218 460 189 135 143
135 362 259 189 233 11 415 11 415 362 259 189 233 460 259 226 179 247 108 189
247 108 189 340 362 259 189 93 179 362 259 189 247 496 259 11 415 11 415 247
143 247 362 259 143 247 64 259 247 108 143 247 496 223 220 135 496 223 143 135
247 218 460 223 233 143 460 220 247 108 189 340 362 259 189 340 362 259 189 93
477 179 179 226 64 64 214 214 179 226 179 179 496 189 247 143 233 143 143 460
259 189 340 460 259 247 108 189 247 496 223 189 135 496 223 189 340 496 223 189
477 179 179 64 226 64 64 214 214 179 11 11 415 415 226 179 179 11 415 11
179 179 179 496 189 247 218 460 189 135 143 460 220 247 108 189 135 362 259 189
226 179 179 179 496 189 247 218 460 189 93 143 460 189 93 108 189 93 362 259
362 259 189 340 496 259 247 108 189 233 496 223 189 135 496 223 189 233 496 223
64 214 214 226 179 179 496 189 247 218 460 189 135 143 460 220 247 108 189 135
179 179 226 64 64 214 214 226 179 179 179 496 189 135 218 233 189 135 143 460
143 460 220 247 108 189 135 362 259 189 135 362 259 220 135 362 259 247 108 189
189 135 143 233 220 93 108 189 233 362 259 189 233 226 179 179 362 259 189 233
214 226 179 179 179 496 189 135 218 233 189 135 143 460 220 247 108 189 340 362
226 179 179 179 496 189 247 218 460 189 247 143 460 189 247 496 223 189 247 362
247 496 259 247 108 189 135 496 223 189 340 496 223 189 233 496 223 189 135 496
247 143 460 189 135 108 189 247 362 259 189 247 496 259 189 247 496 189 179 496
259 189 233 496 259 226 179 247 108 189 233 496 223 189 135 11 415 11 415 247
233 200 233 143 460 220 93 108 200 135 362 259 200 340 362 259 220 135 233 259
247 143 233 220 247 108 220 247 362 259 220 233 11 415 11 415 362 259 220 247
226 179 64 179 496 189 247 179 143 460 200 247 143 233 220 247 108 189 233 362
233 143 143 460 233 143 247 108 143 247 362 259 143 247 362 259 143 247 64 259
226 179 179 179 496 200 247 218 233 200 233 143 460 220 93 108 200 135 362 259
477 179 179 226 64 64 214 214 226 179 179 179 496 189 247 218 460 189 93 143
64 214 214 477 477 214 214 226 179 179 179 496 189 247 218 460 189 340 143 460
247 218 460 189 247 143 460 189 247 496 223 189 247 362 259 189 247 362 259 189
143 460 220 93 108 200 135 362 259 200 340 362 259 220 135 233 259 247 108 200
179 179 179 496 189 135 218 233 189 135 143 460 220 135 108 189 340 362 259 189
247 108 189 135 362 259 189 135 179 362 259 189 340 460 259 247 108 189 247 496
93 143 460 189 93 108 189 93 362 259 189 247 362 259 220 93 460 259 247 108
259 247 108 220 247 496 223 220 233 11 415 11 415 247 108 220 233 11 415 11
179 496 189 247 218 460 223 233 143 460 220 247 108 189 340 362 259 189 340 362
143 247 108 143 247 362 259 143 247 362 259 143 247 64 259 247 108 143 247 496
362 259 189 135 460 259 247 108 189 135 496 223 220 135 496 223 189 135 496 223
460 233 143 247 108 143 247 362 259 143 247 362 259 143 247 64 259 247 108 143
220 247 108 189 135 362 259 143 135 362 259 220 135 362 259 247 108 189 135 496
259 226 362 259 189 135 496 259 11 415 247 108 189 135 226 179 496 223 189 340
233 362 259 189 233 362 259 189 247 362 259 247 108 189 247 496 223 189 247 496
108 189 340 362 259 189 93 179 362 259 189 247 496 259 11 415 11 415 247 108
477 477 214 214 226 179 179 179 496 189 247 218 233 189 247 143 233 220 93 108
179 11 415 11 415 226 496 189 247 218 460 189 233 220 460 189 93 108 189 135
179 226 64 64 214 214 226 179 179 496 189 247 218 460 189 135 143 460 220 247
218 460 189 340 143 460 220 247 108 189 233 362 259 189 233 362 259 189 247 496
460 189 93 108 189 93 362 259 189 247 362 259 220 93 460 259 247 108 189 247
64 214 214 477 477 214 214 226 179 179 179 496 200 247 218 233 200 247 143 460
179 179 179 496 189 247 218 460 189 93 143 460 189 93 108 189 93 362 259 189
226 179 179 362 259 189 233 64 259 247 108 189 135 496 223 220 233 496 223 189
233 220 460 189 93 108 189 135 362 259 189 233 11 415 11 415 362 259 189 233
226 179 64 64 214 214 226 179 179 496 189 247 218 460 259 247 143 460 189 135
189 247 496 223 189 247 362 259 189 247 362 259 189 247 64 259 247 108 189 247
143 233 220 247 108 189 247 362 259 220 233 11 415 11 415 362 259 220 247 496
362 259 220 135 64 259 247 108 189 135 496 223 220 135 226 179 496 223 189 135
247 496 259 11 415 11 415 247 108 189 247 496 223 189 247 11 415 11 415 247
477 179 179 226 64 64 214 214 226 179 179 179 496 189 247 218 460 223 233 143
143 247 362 259 143 247 362 259 143 247 64 259 247 108 143 247 496 223 220 135
218 460 189 135 143 460 220 247 108 189 135 362 259 189 135 362 259 189 135 460
179 496 189 135 218 233 189 135 143 460 189 135 108 189 340 362 259 189 135 362
259 189 233 496 259 226 179 247 108 189 233 496 223 189 135 11 415 11 415 247
189 247 108 189 340 362 259 220 233 362 259 189 340 496 259 247 108 189 233 496
218 460 189 135 143 460 220 247 108 189 135 362 259 189 135 362 259 189 135 496
11 415 247 108 189 247 496 223 189 247 11 415 11 415 247 108 189 247 226 179
460 259 247 143 460 189 135 108 189 247 362 259 220 247 496 259 189 247 496 189
259 143 247 362 259 143 247 64 259 247 108 143 247 496 223 220 135 496 223 143
362 259 189 247 496 259 247 108 189 135 496 223 189 340 496 223 189 233 496 223
218 233 200 233 143 460 220 93 108 200 135 362 259 200 340 362 259 220 135 233
93 108 189 135 362 259 189 233 11 415 11 415 362 259 189 233 460 259 226 179
108 189 233 362 259 189 233 226 179 179 362 259 189 233 64 259 247 108 189 135
189 135 218 233 189 135 143 460 220 135 108 189 340 362 259 189 135 362 259 189
259 189 93 179 362 259 189 247 496 259 11 415 11 415 247 108 189 247 496 223
135 143 460 220 247 108 220 135 233 259 220 135 362 259 220 135 64 259 247 108
214 214 226 179 179 179 496 220 247 218 460 220 135 143 460 220 247 108 220 135
218 158 189 340 143 158 189 247 108 189 340 362 259 189 93 179 362 259 189 247
135 143 233 220 93 108 189 233 362 259 189 233 226 179 179 362 259 189 233 64
179 179 179 496 200 247 218 233 200 233 143 460 220 93 108 200 135 362 259 200
220 247 108 189 135 362 259 189 135 179 362 259 189 340 460 259 247 108 189 247
247 143 460 189 135 108 189 247 362 259 189 247 496 259 189 247 496 189 179 496
362 259 220 135 64 259 247 108 220 135 496 223 220 135 496 223 220 135 496 223
189 247 143 233 143 143 460 233 143 247 108 143 247 362 259 143 247 362 259 143
93 362 259 189 247 362 259 220 93 460 259 247 108 189 247 496 223 220 247 496
189 247 218 233 220 247 143 233 220 247 108 220 247 362 259 220 233 11 415 11
189 135 362 259 189 135 179 362 259 189 340 460 259 247 108 189 247 496 223 189
460 220 247 108 189 340 362 259 189 340 362 259 189 93 64 259 247 108 189 247
220 135 362 259 220 135 64 259 247 108 220 135 496 223 220 135 496 223 220 135
460 220 93 108 189 135 362 259 233 135 362 259 179 189 135 64 259 247 108 189
247 108 189 135 496 223 189 340 496 223 189 233 496 223 189 135 496 223 200 340
64 64 214 214 477 477 214 214 226 179 179 179 496 189 247 218 233 220 247 143
214 226 179 226 179 179 64 179 496 220 247 218 233 220 247 143 233 220 247 108
362 259 220 93 460 259 247 108 189 247 496 223 189 247 496 223 189 247 496 223
189 340 460 259 247 108 189 247 496 223 189 135 496 223 189 340 496 223 189 135
247 108 220 247 362 259 220 233 11 415 11 415 362 259 220 247 496 259 247 108
226 179 179 179 496 189 247 218 233 189 135 143 233 189 247 108 189 340 362 259
214 226 179 64 179 496 189 247 179 143 460 189 247 143 233 220 247 108 189 233
179 179 226 64 64 214 214 226 179 179 179 496 189 247 218 460 223 233 143 460
496 189 247 218 460 189 135 143 460 220 247 108 189 135 362 259 189 135 362 259
477 477 214 214 226 179 64 179 496 189 247 179 143 460 189 247 143 233 220 247
64 259 247 108 189 247 496 223 189 247 496 223 200 247 496 223 189 247 496 223
247 496 259 247 108 189 135 496 223 189 340 496 223 189 233 496 223 189 135 496
214 214 226 179 179 179 496 220 247 218 460 220 135 143 460 220 247 108 220 135
214 226 179 226 179 179 64 179 496 220 247 218 233 220 247 143 233 220 247 108
477 179 226 179 64 64 214 214 477 477 214 214 226 179 179 179 496 189 247 218
362 259 189 247 496 259 11 415 11 415 247 108 189 247 496 223 189 247 11 415
259 189 135 362 259 189 135 460 259 247 108 189 135 496 223 220 135 496 223 189
214 214 226 179 179 179 496 189 247 218 460 189 93 143 460 189 93 108 189 93
233 362 259 189 233 362 259 189 247 362 259 247 108 189 247 496 223 189 247 496
135 233 259 247 108 200 93 496 223 200 247 496 223 200 247 496 223 200 247 496
247 108 189 135 362 259 189 135 362 259 189 135 460 259 247 108 189 135 496 223
220 233 362 259 189 340 496 259 247 108 189 233 496 223 189 135 496 223 189 233
179 226 64 64 214 214 226 179 179 496 189 247 218 460 189 135 143 460 220 247
179 64 64 214 214 226 179 179 496 189 247 218 233 189 233 143 460 220 93 108
477 214 214 226 179 179 179 496 220 247 218 460 220 135 143 460 220 247 108 220
179 226 64 64 214 214 226 179 179 179 496 189 247 218 460 189 93 143 460 189
362 259 189 233 496 259 226 179 247 108 189 233 496 223 189 135 11 415 11 415
135 143 233 189 247 108 189 340 362 259 220 233 362 259 189 340 496 259 247 108
214 226 179 179 496 189 247 218 460 259 247 143 460 189 135 108 189 247 362 259
220 247 108 189 135 362 259 189 135 179 362 259 189 340 460 259 247 108 189 247
214 477 477 214 214 226 179 179 179 496 200 247 218 233 200 233 143 460 220 93
362 259 189 135 362 259 220 135 362 259 247 108 189 135 496 223 220 135 226 179
362 259 189 247 64 259 247 108 189 247 496 223 189 247 496 223 200 247 496 223
233 362 259 189 340 496 259 247 108 189 233 496 223 189 135 496 223 189 233 496
64 214 214 226 179 179 496 189 247 218 233 189 233 143 460 220 93 108 189 135
259 189 233 362 259 189 247 496 259 247 108 189 135 496 223 189 340 496 223 189
247 143 233 220 93 108 189 233 362 259 189 233 362 259 189 247 362 259 247 108
415 11 415 247 108 189 247 496 223 189 247 11 415 11 415 247 108 189 247 226
143 233 189 247 108 189 340 362 259 220 233 362 259 189 340 496 259 247 108 189
179 179 226 64 64 214 214 226 179 179 179 496 189 247 218 460 189 135 143 460
179 226 64 64 214 214 179 226 179 179 496 189 247 143 233 143 143 460 233 143
189 247 218 460 259 247 143 460 189 135 108 189 247 362 259 220 247 496 259 189
189 247 496 223 189 247 11 415 11 415 247 108 189 247 226 179 496 223 189 247
340 362 259 189 93 64 259 247 108 189 247 496 223 189 247 496 223 189 247 496
189 135 218 233 189 135 143 460 220 135 108 189 340 362 259 189 135 362 259 189
189 135 362 259 189 135 362 259 220 135 362 259 247 108 189 135 496 223 220 135
226 179 247 108 189 233 496 223 189 135 11 415 11 415 247 108 189 233 496 223
340 496 259 340 108 189 233 496 223 189 135 496 223 189 233 496 223 189 233 496
214 214 226 179 179 496 189 247 218 233 189 233 143 460 220 93 108 189 135 362
259 189 233 11 415 11 415 362 259 189 233 460 259 226 179 247 108 189 233 496
189 247 218 460 223 233 143 460 220 247 108 189 340 362 259 189 340 362 259 189
233 220 93 108 189 233 362 259 189 233 362 259 189 247 362 259 247 108 189 247
179 226 64 64 214 214 477 477 214 214 226 179 64 179 496 189 247 179 143 460
143 460 220 247 108 189 135 362 259 189 135 362 259 189 135 496 259 247 108 189
64 214 214 226 179 179 179 496 189 247 218 460 223 233 143 460 220 247 108 200
214 226 179 179 496 189 247 218 233 189 233 340 460 220 93 108 189 135 362 259
214 226 179 179 179 496 220 247 218 460 220 135 143 460 220 247 108 220 135 233
340 362 259 189 93 64 259 247 108 189 247 496 223 189 247 496 223 189 247 496
214 214 179 11 11 415 415 226 179 179 11 415 11 415 179 496 189 247 218 460
226 64 64 214 214 226 179 179 496 189 247 218 460 189 135 143 460 220 247 108
496 200 247 218 233 200 233 143 460 220 93 108 200 135 362 259 200 340 362 259
226 179 179 496 189 247 218 460 189 135 143 460 220 247 108 189 135 362 259 189
189 247 496 223 189 247 11 415 11 415 247 108 189 247 226 179 496 223 189 247
189 135 362 259 189 233 11 415 11 415 362 259 189 233 460 259 226 179 247 108
218 233 220 247 143 233 220 247 108 220 247 362 259 220 233 11 415 11 415 362
179 496 189 247 218 460 259 247 143 460 189 135 108 189 247 362 259 220 247 496
220 247 218 460 220 135 143 460 220 247 108 220 135 233 259 220 135 362 259 220
233 362 259 189 247 64 259 247 108 189 247 496 223 189 247 496 223 189 233 496
460 189 93 108 189 135 362 259 189 233 11 415 11 415 362 259 189 233 362 259
218 233 189 233 143 460 220 93 108 189 135 362 259 143 135 362 259 179 189 135
64 259 247 108 189 247 496 223 189 247 496 223 200 247 496 223 189 247 496 223
340 362 259 220 135 233 259 247 108 200 93 496 223 200 247 496 223 200 247 496
179 226 64 64 214 214 226 179 179 179 496 189 247 218 460 189 93 143 460 189
220 247 108 189 135 362 259 189 135 362 259 189 135 496 259 247 108 189 135 496
189 135 362 259 189 233 11 415 11 415 362 259 189 233 460 259 226 179 247 108
477 179 179 64 226 64 64 214 214 179 11 11 415 415 226 179 179 11 415 11
496 189 247 143 233 143 143 460 233 143 247 108 143 247 362 259 143 247 362 259
179 179 496 220 247 218 460 220 135 143 460 220 247 108 220 135 233 259 220 135
218 233 189 135 143 460 220 247 108 189 340 362 259 189 135 362 259 189 135 460
179 179 226 64 64 214 214 477 477 214 214 226 179 179 179 496 200 247 218 233
496 223 220 233 11 415 11 415 247 108 189 233 11 415 11 415 247 108 220 247
259 11 415 11 415 247 108 189 247 496 223 189 247 11 415 11 415 247 108 189
214 477 477 214 214 226 179 64 179 496 189 247 179 143 460 189 247 143 233 220
247 108 189 135 362 259 189 135 362 259 189 135 496 259 247 108 189 135 496 223
496 259 11 415 11 415 247 108 189 247 496 223 189 247 11 415 11 415 247 108
11 415 226 179 64 179 496 189 247 218 158 189 340 143 158 189 247 108 189 340
214 226 179 179 179 496 189 247 218 460 189 93 143 460 189 93 108 189 93 362
189 135 362 259 189 135 460 259 135 108 189 135 496 223 220 135 496 223 189 247
496 200 247 218 233 200 233 143 460 220 93 108 200 135 362 259 200 340 362 259
214 226 179 226 179 179 64 179 496 220 247 218 233 220 247 143 233 220 247 108
179 496 189 247 218 460 259 247 143 460 189 135 108 189 247 362 259 220 247 496
226 179 64 64 214 214 179 11 415 11 415 226 179 64 179 496 189 247 218 158
135 362 259 189 135 460 259 247 108 189 135 496 223 220 135 496 223 189 247 496
233 362 259 189 233 362 259 189 247 496 259 247 108 189 135 496 223 189 340 496
189 135 362 259 189 135 179 362 259 189 340 460 259 247 108 189 247 496 223 189
158 189 247 108 189 340 362 259 189 93 179 362 259 189 247 496 259 11 415 11
143 460 220 247 108 220 135 233 259 220 135 362 259 220 135 64 259 247 108 220
108 189 340 362 259 220 233 362 259 189 340 496 259 247 108 189 233 496 223 189
214 226 179 179 496 189 247 218 460 259 247 143 460 189 135 108 189 247 362 259
189 247 218 233 189 233 143 460 220 93 108 189 135 362 259 233 135 362 259 179
64 214 214 226 179 179 179 496 189 247 218 460 189 135 143 460 220 247 108 189
214 214 179 11 415 11 415 226 179 64 179 496 189 247 218 158 189 340 143 158
218 460 259 247 143 460 189 135 108 189 247 362 259 220 247 496 259 189 247 496
460 189 247 143 460 189 247 496 223 189 247 362 259 189 247 362 259 189 247 64
259 200 340 362 259 220 135 233 259 247 108 200 93 496 223 200 247 496 223 200
108 220 247 496 223 220 233 11 415 11 415 247 108 220 233 11 415 11 415 247
247 218 460 223 233 143 460 220 247 108 189 340 362 259 189 340 362 259 189 93
189 340 362 259 189 135 362 259 189 135 460 259 135 108 189 135 496 223 220 135
362 259 189 233 362 259 189 247 362 259 247 108 189 247 496 223 189 247 496 223
189 93 362 259 189 247 362 259 220 93 460 259 247 108 189 247 496 223 220 247
179 496 189 247 218 233 220 247 143 233 220 247 108 220 247 362 259 220 233 11
143 460 220 247 108 189 135 362 259 189 135 362 259 220 135 362 259 247 108 189
64 214 214 226 179 179 179 496 189 247 218 460 189 247 143 460 189 247 496 223
179 179 226 64 64 214 214 477 477 214 214 226 179 179 179 496 200 247 218 233
108 189 340 362 259 220 233 362 259 189 340 496 259 247 108 189 233 496 223 189
179 496 189 135 218 233 189 135 143 460 189 135 108 189 340 362 259 189 135 362
143 247 64 259 247 108 143 247 496 223 220 135 496 223 143 135 496 223 143 340
179 64 179 496 189 247 179 143 460 189 247 143 233 220 247 108 189 233 362 259
189 340 362 259 189 93 64 259 247 108 189 247 496 223 189 247 496 223 189 247
218 460 189 93 143 460 189 93 108 189 93 362 259 189 247 362 259 220 93 460
189 135 362 259 189 135 460 259 247 108 189 135 496 223 220 135 496 223 189 135
143 247 108 143 247 362 259 143 247 362 259 143 247 64 259 247 108 143 247 496
477 214 214 226 179 179 179 496 189 247 218 460 189 340 143 460 220 247 108 189
108 189 233 496 223 189 135 11 415 11 415 247 108 189 233 496 223 189 233 11
496 259 247 108 220 247 496 223 220 233 11 415 11 415 247 108 220 233 11 415
135 233 259 247 108 200 93 496 223 200 247 496 223 200 247 496 223 200 247 496
223 247 143 460 220 247 108 189 340 362 259 189 340 362 259 189 93 64 259 247
64 179 496 189 247 179 143 460 189 247 143 233 220 247 108 189 233 362 259 220
220 93 108 189 233 362 259 189 233 226 179 179 362 259 189 233 64 259 247 108
247 218 460 189 340 143 460 220 247 108 189 233 362 259 189 233 362 259 189 247
11 415 247 108 189 135 226 179 496 223 189 340 11 415 340 108 189 247 11 415
218 460 189 135 143 460 220 247 108 189 135 362 259 189 135 362 259 189 135 460
64 214 214 226 179 179 179 496 189 247 218 233 189 135 143 233 189 247 108 189
259 189 247 247 259 247 108 189 247 496 223 189 247 496 223 189 233 496 223 233
340 362 259 220 233 362 259 189 340 496 259 340 108 189 233 496 223 189 135 496
189 233 362 259 226 179 247 108 189 233 496 223 189 135 11 415 11 415 247 108
223 247 143 460 220 247 108 189 340 362 259 189 340 362 259 189 93 64 259 247
226 64 64 214 214 226 179 179 179 496 189 247 218 460 223 233 143 460 220 247
189 135 362 259 189 135 496 259 247 108 189 135 496 223 220 135 496 223 189 340
415 11 415 362 259 220 135 496 259 247 108 220 247 496 223 220 233 11 415 11
259 247 108 220 247 496 223 220 233 11 415 11 415 247 108 220 233 11 415 11
477 64 64 64 64 214 214 226 179 179 496 189 247 218 460 189 135 143 460 220
189 247 496 223 189 247 362 259 189 247 362 259 189 247 64 259 247 108 189 247
226 179 179 179 496 189 247 218 460 189 135 143 460 220 247 108 189 135 362 259
108 189 135 362 259 189 135 362 259 189 135 460 259 247 108 189 135 496 223 220
362 259 189 135 362 259 189 135 460 259 247 108 189 135 496 223 220 135 496 223
362 259 189 247 496 259 247 108 189 135 496 223 189 340 496 223 189 233 496 223
179 362 259 189 233 64 259 247 108 189 135 496 223 220 233 496 223 189 135 496
179 179 226 64 64 214 214 226 179 179 179 496 189 247 218 233 189 135 143 233
247 218 233 189 135 143 233 189 247 108 189 340 362 259 220 233 362 259 189 340
214 226 179 226 179 179 64 179 496 220 247 218 233 220 247 143 233 220 247 108
179 64 226 64 64 214 214 179 11 11 415 415 226 179 179 11 415 11 415 179
460 220 247 108 189 233 362 259 189 233 362 259 189 247 64 259 247 108 189 135
362 259 220 233 362 259 189 340 496 259 340 108 189 233 496 223 189 135 496 223
233 226 179 179 362 259 189 233 64 259 247 108 189 135 496 223 220 233 496 223
415 247 108 189 135 226 179 496 223 189 340 11 415 340 108 189 247 11 415 247
362 259 233 135 362 259 179 189 135 64 259 247 108 189 135 496 223 189 135 496
93 108 200 135 362 259 200 340 362 259 220 135 233 259 247 108 200 93 496 223
179 179 179 247 189 247 218 460 189 340 143 460 220 247 108 189 233 362 259 189
108 189 93 362 259 189 247 362 259 220 93 460 259 247 108 189 247 496 223 220
460 189 135 143 460 220 247 108 189 135 362 259 189 135 362 259 189 135 460 259
143 233 220 93 108 189 233 362 259 189 233 226 179 179 362 259 189 233 64 259
496 189 247 218 233 189 247 143 233 220 93 108 189 233 362 259 189 233 362 259
135 233 259 247 108 200 93 496 223 200 247 496 223 200 247 496 223 200 247 496
179 226 179 64 64 214 214 179 11 415 11 415 226 179 64 179 496 189 247 218
189 247 218 233 189 135 143 233 220 93 108 189 233 362 259 189 233 226 179 179
259 220 135 11 179 259 226 362 259 189 135 496 259 11 415 247 108 189 135 226
64 64 214 214 226 179 179 179 496 189 247 218 460 189 135 143 460 220 247 108
362 259 189 135 179 362 259 189 340 460 259 247 108 189 247 496 223 189 135 496
259 189 247 496 259 247 108 189 135 496 223 189 340 496 223 189 233 496 223 189
200 233 143 460 220 93 108 200 135 362 259 200 340 362 259 220 135 233 259 247
496 189 247 218 233 189 135 143 233 220 93 108 189 233 362 259 189 233 226 179
233 362 259 189 247 64 259 247 108 189 247 496 223 189 247 496 223 189 233 496
11 415 362 259 220 135 496 259 247 108 220 247 496 223 220 233 11 415 11 415
179 64 64 214 214 179 11 415 11 415 226 179 64 179 496 189 247 218 158 189
362 259 189 135 362 259 189 135 460 259 135 108 189 135 496 223 220 135 496 223
460 223 233 143 460 220 247 108 189 340 362 259 189 340 362 259 189 93 64 259
179 179 496 189 247 218 460 189 93 143 460 189 93 108 189 93 362 259 189 247
179 64 64 214 214 179 11 415 11 415 226 179 64 179 496 189 247 218 158 189
189 247 218 460 189 233 143 460 189 93 108 189 135 362 259 189 233 11 415 11
220 135 11 179 259 226 362 259 189 135 496 259 11 415 247 108 189 135 226 179
189 135 496 259 11 415 247 108 189 135 226 179 496 223 189 340 11 415 340 108
143 64 214 214 226 179 179 179 496 189 247 218 233 189 135 143 233 189 247 108
179 247 108 189 233 496 223 189 135 11 415 11 415 247 108 189 233 496 223 233
179 64 64 214 214 226 179 179 496 189 247 218 233 189 233 143 460 220 93 108
477 214 214 226 179 226 179 179 64 179 496 189 247 218 233 220 247 143 233 220
64 64 214 214 226 179 179 496 189 247 218 460 189 135 143 460 220 247 108 189
226 64 64 214 214 226 179 179 179 496 189 247 218 460 223 233 143 460 220 247
108 189 135 362 259 233 135 362 259 179 189 135 64 259 247 108 189 135 496 223
362 259 189 247 362 259 220 93 460 259 247 108 189 247 496 223 220 247 496 223
477 477 214 214 226 179 179 179 496 189 247 218 460 189 340 143 460 220 247 108
214 214 226 179 179 179 496 200 247 218 233 200 233 143 460 220 93 108 200 135
