140 202 69 69 66 406 66 140 357 470 87 140 357 470 87 127 169 66 22 66
202 211 69 66 406 66 140 357 211 87 140 357 69 87 127 169 66 22 66 108
470 69 73 140 202 211 87 127 357 211 87 8 406 66 394 66 140 357 211 87
357 211 87 8 406 66 140 357 69 87 8 73 66 406 66 140 357 69 87 8
140 202 211 87 127 357 470 87 8 69 66 140 357 211 87 8 406 66 140 357
123 87 66 22 66 108 154 22 66 140 357 211 73 140 202 211 87 127 357 211
357 470 87 8 140 357 211 69 66 406 66 140 357 123 87 140 470 470 87 127
169 66 22 66 394 66 108 154 22 66 140 357 123 73 140 202 211 87 127 357
342 108 154 22 66 140 470 202 73 140 202 202 133 127 357 470 133 8 406 66
8 69 66 140 357 211 87 8 406 66 140 202 470 87 8 394 66 140 202 470
22 66 394 66 108 154 22 66 394 66 394 66 108 154 406 66 22 66 140 470
87 8 406 66 140 357 123 87 406 342 342 140 202 69 87 8 394 66 406 66
202 69 87 66 406 66 140 357 470 69 140 470 470 87 127 169 66 22 66 140
140 202 69 87 66 406 66 140 357 470 69 140 470 470 87 127 169 66 22 66
87 8 406 66 140 357 211 87 8 406 66 140 202 470 87 8 394 66 406 66
127 357 211 87 8 406 66 394 66 140 357 211 69 127 140 202 470 87 140 108
394 66 140 357 202 73 140 202 202 133 127 357 202 133 8 406 66 394 66 140
69 69 66 406 66 140 357 470 87 140 357 470 87 127 169 66 22 66 394 66
87 127 357 470 87 8 406 66 140 357 123 87 406 342 342 140 202 69 87 8
140 357 470 73 140 202 470 87 127 357 211 87 8 406 66 394 66 140 357 211
87 8 69 66 140 357 211 87 8 406 66 140 357 69 87 8 73 66 406 66
406 8 87 66 140 202 69 69 66 406 66 140 357 470 87 140 357 470 87 127
87 66 140 202 69 69 66 406 66 140 357 470 87 140 357 470 87 127 169 66
108 154 22 66 140 357 470 73 140 202 211 87 127 357 470 87 8 406 66 394
127 169 66 22 66 140 357 211 73 140 202 211 87 127 357 470 87 8 406 66
127 140 202 470 87 66 22 66 140 202 470 73 66 140 202 211 87 127 357 470
140 470 394 8 406 66 475 342 140 470 69 87 127 169 127 140 202 470 87 66
66 140 357 69 87 394 342 342 406 66 140 357 69 87 8 140 357 211 69 66
357 470 87 8 406 66 140 357 211 87 8 406 66 140 202 470 87 8 73 66
211 87 140 470 211 87 127 169 66 22 66 108 154 394 66 22 66 140 357 123
140 357 202 73 140 202 202 133 127 357 470 133 8 406 66 394 66 140 357 202
66 140 470 202 73 140 202 202 133 127 357 202 133 8 406 66 394 66 140 357
108 154 394 66 140 470 69 87 127 169 66 22 66 140 357 211 73 140 202 211
140 470 202 73 140 202 202 133 127 357 470 133 8 406 66 394 66 140 357 470
154 394 66 394 66 140 357 123 73 140 202 211 87 127 357 211 87 8 406 66
470 133 8 406 66 394 66 140 357 211 133 8 140 202 202 73 140 108 154 140
470 87 127 169 66 22 66 394 66 108 154 22 66 140 357 123 73 140 202 211
357 211 87 8 406 66 140 357 69 87 8 73 66 406 66 140 357 69 87 8
357 470 87 127 169 66 22 66 394 66 108 154 22 66 140 357 123 73 140 202
66 22 66 108 154 22 66 140 357 211 73 140 202 211 87 127 357 211 87 8
140 470 470 87 127 169 66 22 66 140 202 470 87 66 22 66 108 154 22 66
357 470 73 140 202 211 87 127 357 470 87 8 406 66 394 66 140 357 470 87
211 73 140 202 211 87 127 357 211 87 8 406 66 394 66 140 357 123 87 127
66 406 66 140 202 470 87 8 140 202 69 87 66 406 66 140 357 470 69 140
357 470 87 140 357 211 87 127 169 66 22 66 394 66 108 154 22 66 140 357
66 108 154 22 66 140 357 202 73 140 202 211 133 127 357 202 133 8 406 66
73 140 202 211 87 127 357 470 87 8 406 66 394 66 140 357 211 87 127 108
357 470 69 140 470 211 87 127 169 66 22 66 140 202 470 87 66 22 66 108
87 406 342 342 140 202 69 87 8 394 66 406 66 140 202 470 87 8 140 202
169 66 22 342 108 154 394 66 394 66 140 357 123 73 140 202 211 87 127 357
66 140 357 211 73 140 202 211 133 127 357 470 133 8 406 66 394 342 140 357
140 202 202 133 127 357 470 133 8 406 66 394 342 140 357 202 133 127 108 154
66 406 66 140 202 470 87 8 140 202 69 87 66 406 66 140 357 470 69 140
69 66 140 357 211 87 8 406 66 140 357 470 87 8 73 66 406 66 140 357
140 202 202 133 127 357 470 133 8 406 66 394 66 140 357 202 133 8 140 202
66 108 154 22 66 394 66 394 66 108 154 406 66 394 66 140 470 69 73 140
140 470 394 8 406 66 475 342 140 470 69 87 127 169 127 140 202 470 87 66
127 169 66 22 66 108 154 394 66 394 66 140 470 69 73 140 202 211 87 127
22 66 140 357 123 73 140 202 211 87 127 357 470 87 8 406 66 394 66 140
211 87 127 357 470 87 8 406 66 140 357 211 87 8 406 66 140 202 470 87
394 66 140 357 202 73 140 202 202 133 127 357 470 133 8 406 66 394 66 140
73 140 202 202 133 127 357 202 133 8 406 66 394 66 140 357 202 133 127 108
73 140 202 202 133 127 357 470 133 8 406 66 394 66 140 357 202 133 8 140
22 66 394 66 394 66 108 154 406 66 394 66 140 470 69 73 140 202 211 87
140 202 69 69 66 406 66 140 357 470 87 140 357 470 87 127 169 66 22 66
394 66 108 154 22 66 140 357 123 73 140 202 211 87 127 357 470 87 8 406
140 202 211 87 127 357 470 87 8 406 66 140 357 211 87 8 406 66 140 202
202 211 87 127 357 470 87 8 406 66 394 66 140 357 211 87 127 108 154 140
140 202 470 69 66 406 66 140 357 470 87 140 470 470 87 127 169 66 22 66
470 69 73 140 202 211 87 127 357 470 87 8 69 66 140 357 211 87 8 406
154 22 66 140 357 470 73 140 202 211 87 127 357 470 87 8 406 66 394 66
357 69 73 140 202 211 87 127 357 123 87 8 69 66 140 357 211 87 8 406
108 154 22 66 140 357 202 73 140 202 202 133 127 357 470 133 8 406 66 394
470 87 66 22 66 140 202 470 73 66 140 202 211 87 127 357 470 87 8 69
8 69 66 140 357 211 87 8 406 66 140 357 69 87 394 342 342 406 66 140
127 140 202 470 87 66 22 66 140 202 470 73 66 140 202 211 87 127 357 470
127 169 66 22 66 108 154 394 66 394 66 140 357 123 73 140 202 211 87 127
406 66 140 357 470 87 140 470 211 87 127 169 66 22 66 108 154 394 66 22
211 87 140 470 211 87 127 169 66 22 66 108 154 394 66 22 66 140 357 123
470 87 8 69 66 140 357 211 87 8 406 66 140 357 69 87 8 73 66 406
127 169 127 140 202 470 87 66 22 66 140 202 470 73 66 140 202 211 87 127
357 69 73 140 202 211 87 127 357 123 87 8 69 66 140 357 211 87 8 406
108 154 22 66 140 202 123 87 66 22 66 108 154 22 66 140 357 211 73 140
73 140 202 211 87 127 357 470 87 8 69 66 140 357 211 87 8 406 66 140
87 8 140 202 470 69 66 406 66 140 357 211 87 140 357 69 87 127 169 66
406 66 140 357 123 87 140 470 211 87 127 169 66 22 342 108 154 211 66 394
154 22 66 140 357 202 73 140 202 202 133 127 357 202 133 8 406 66 394 66
154 22 66 140 470 202 73 140 202 202 133 127 357 470 133 8 406 66 394 66
127 169 66 22 66 394 66 108 154 22 66 140 357 123 73 140 202 211 87 127
87 127 357 470 87 8 406 66 394 66 140 357 211 87 127 108 154 140 202 470
154 394 66 394 66 140 357 123 73 140 202 211 87 127 357 211 87 8 406 66
87 127 169 127 140 202 470 87 66 22 66 140 202 470 73 66 140 202 211 87
169 66 22 66 140 202 470 87 66 22 66 108 154 22 66 140 357 470 73 140
8 394 66 406 66 140 202 470 87 8 140 202 470 69 66 406 66 140 357 470
211 66 22 66 394 66 108 154 22 66 394 66 394 66 108 154 406 66 394 66
211 66 394 66 140 470 202 73 140 202 202 133 127 357 470 133 8 406 66 394
140 202 211 87 127 357 470 87 8 69 66 140 357 211 87 8 406 66 140 357
66 406 66 140 202 470 87 8 140 202 69 87 66 406 66 140 357 470 69 140
140 357 69 87 394 342 342 406 66 140 357 69 87 8 140 357 470 69 66 406
127 357 470 87 8 406 66 394 66 140 357 211 87 127 108 154 140 202 470 87
123 73 140 202 211 87 127 357 470 87 8 406 66 394 66 140 357 470 87 127
66 22 66 108 154 22 66 140 357 211 73 140 202 211 87 127 357 211 87 8
66 140 357 123 73 140 202 211 87 127 357 211 87 8 406 66 394 66 140 357
66 140 357 211 73 140 202 211 87 127 357 470 87 8 406 66 140 357 211 87
140 202 470 87 8 394 66 140 202 470 406 8 87 66 140 202 69 69 66 406
202 211 69 66 406 66 140 357 211 87 140 357 69 87 127 169 66 22 66 108
202 211 87 127 357 470 87 8 406 66 140 357 211 87 8 406 66 140 202 470
66 140 470 202 73 140 202 202 133 127 357 470 133 8 406 66 394 66 140 357
140 357 123 87 406 342 342 140 202 69 87 8 394 66 406 66 140 202 470 87
140 357 211 87 8 406 66 140 357 69 87 394 342 342 406 66 140 357 69 87
8 406 66 140 357 123 87 406 342 342 140 202 69 87 8 394 66 406 66 140
202 211 87 127 357 211 87 8 406 66 394 66 140 357 211 69 127 140 202 470
470 470 73 140 202 202 133 127 357 202 133 8 406 66 394 66 140 357 202 133
140 357 211 87 8 406 66 140 202 69 69 87 342 357 406 66 140 357 69 87
87 127 169 66 22 66 140 202 470 87 66 22 66 108 154 22 66 140 357 470
87 127 169 127 140 202 470 87 66 22 66 140 202 470 73 66 140 202 211 87
140 202 69 69 87 342 357 406 66 140 357 69 87 8 140 202 211 69 342 406
69 66 140 357 211 87 8 406 66 140 202 470 87 8 394 66 140 202 470 406
140 470 69 73 140 202 211 87 127 357 470 87 8 69 66 140 357 211 87 8
394 66 108 154 22 66 140 357 123 73 140 202 211 87 127 357 470 87 8 406
66 22 66 140 202 470 73 66 140 202 211 87 127 357 470 87 8 69 66 140
394 66 140 470 202 73 140 202 202 133 127 357 470 133 8 406 66 394 66 140
202 211 87 127 357 211 87 8 406 66 394 66 140 357 211 87 127 108 154 140
357 470 87 8 69 66 140 357 211 87 8 406 66 140 357 69 87 394 342 342
394 66 140 470 470 73 140 202 211 87 127 357 470 87 8 406 66 394 66 140
8 406 66 394 66 140 357 211 69 127 140 202 470 87 127 108 154 140 202 470
66 394 66 140 470 202 73 140 202 202 133 127 357 470 133 8 406 66 394 66
357 69 87 127 169 66 22 66 108 154 394 66 22 66 140 470 69 73 140 202
406 342 342 140 202 69 87 8 394 66 406 66 140 202 470 87 8 140 202 470
69 66 406 66 140 357 211 87 140 357 69 87 127 169 66 22 66 108 154 394
69 87 8 394 66 406 66 140 202 470 87 8 140 202 69 87 66 406 66 140
211 87 8 406 66 140 202 470 87 8 394 66 406 66 140 357 69 87 8 140
169 66 22 66 394 66 108 154 22 66 140 357 123 73 140 202 211 87 127 357
357 470 87 8 406 66 140 357 211 87 8 406 66 140 202 470 87 8 73 66
140 202 470 87 8 394 66 140 202 470 406 8 87 66 140 202 69 69 66 406
211 87 127 357 470 87 8 406 66 140 357 211 87 8 406 66 140 202 470 87
169 66 22 66 140 357 211 73 140 202 211 87 127 357 470 87 8 406 66 140
108 154 22 66 140 357 470 73 140 202 211 87 127 357 470 87 8 406 66 394
140 357 123 87 140 470 69 87 127 169 66 22 66 394 66 108 154 22 66 140
87 8 394 66 406 66 140 202 470 87 8 140 202 470 69 66 406 66 140 357
69 73 140 202 211 87 127 357 211 87 8 406 66 394 66 140 357 211 87 127
22 66 140 470 202 73 140 202 202 133 127 357 470 133 8 406 66 394 66 140
66 140 202 470 87 66 22 66 108 154 22 66 140 357 470 73 140 202 211 87
66 22 66 140 202 470 87 66 22 66 108 154 22 66 140 357 470 73 140 202
66 22 66 394 66 108 154 22 66 394 66 394 66 108 154 406 66 394 66 140
140 342 406 66 140 357 69 87 8 140 357 470 69 66 406 66 140 357 123 87
470 69 73 140 202 211 87 127 357 211 87 8 406 66 394 66 140 357 211 87
69 66 406 66 140 357 470 87 140 470 470 87 127 169 66 22 66 108 154 394
87 8 394 66 406 66 140 202 470 87 8 140 202 470 69 66 406 66 140 357
66 22 66 140 202 470 73 66 140 202 211 87 127 357 470 87 8 69 66 140
394 66 406 66 140 202 470 87 8 140 202 470 69 66 406 66 140 357 470 87
140 357 470 73 140 202 211 87 127 357 470 87 8 406 66 394 66 140 357 123
73 140 202 202 133 127 357 202 133 8 406 66 394 66 140 357 202 133 127 140
8 140 202 123 69 66 406 66 140 357 470 87 140 470 69 87 127 169 66 22
69 87 8 73 66 406 66 140 357 69 87 8 140 202 470 69 66 406 66 140
69 69 66 406 66 140 357 470 87 140 357 470 87 127 169 66 22 66 394 66
22 66 140 357 123 73 140 202 211 87 127 357 470 87 8 406 66 394 66 140
470 69 87 127 169 66 22 66 140 357 211 73 140 202 211 87 127 357 470 87
470 202 73 140 202 202 133 127 357 202 133 8 406 66 394 66 140 357 202 133
470 73 140 202 202 133 66 357 202 133 8 406 66 394 66 140 357 202 133 127
140 470 470 87 127 169 66 22 66 140 202 470 87 66 22 66 108 154 22 66
394 8 406 66 475 342 140 470 69 87 127 169 127 140 202 470 87 66 22 66
22 66 140 202 470 133 66 140 66 394 66 140 357 202 73 140 202 202 133 127
394 66 108 154 22 66 140 357 123 73 140 202 211 87 127 357 470 87 8 406
66 22 66 394 66 108 154 22 66 140 357 470 73 140 202 211 87 127 357 470
123 87 140 470 470 87 127 169 66 22 66 394 66 108 154 22 66 140 357 123
140 357 123 73 140 202 211 87 127 357 470 87 8 406 66 394 66 140 357 470
66 22 66 140 202 470 87 66 22 66 108 154 22 66 140 357 470 73 140 202
140 202 69 69 87 342 357 406 66 140 357 69 87 8 140 202 211 69 342 406
127 169 66 22 66 108 154 394 66 394 66 140 470 69 73 140 202 211 87 127
22 342 108 154 211 66 394 66 140 357 123 73 140 202 211 87 127 357 211 87
342 108 154 22 66 140 470 202 73 140 202 202 133 127 357 470 133 8 406 66
470 87 8 69 66 140 357 211 87 8 406 66 140 357 69 87 8 73 66 406
140 202 211 87 127 357 211 87 8 406 66 394 66 140 357 211 69 127 140 202
140 470 69 73 140 202 211 87 127 357 470 87 8 69 66 140 357 211 87 8
406 66 140 357 69 87 8 73 66 406 66 140 357 69 87 8 140 202 470 69
22 66 140 357 211 73 140 202 211 87 127 357 211 87 8 406 66 394 66 140
22 66 140 357 470 73 140 202 211 87 127 357 470 87 8 406 66 394 66 140
140 357 202 73 140 202 202 133 127 357 470 133 8 406 66 394 66 140 357 202
66 140 357 211 87 8 406 66 140 202 470 87 8 394 66 406 66 140 357 69
66 140 357 470 87 140 357 211 87 127 169 66 22 66 394 66 108 154 22 66
202 73 140 202 202 133 127 357 202 133 8 406 66 394 66 140 357 202 133 127
127 169 66 22 66 394 66 108 154 22 66 140 357 123 73 140 202 211 87 127
8 394 66 406 66 140 202 470 87 8 140 202 470 69 66 406 66 140 357 470
66 140 470 69 87 127 169 66 22 66 140 357 211 73 140 202 211 87 127 357
140 470 69 87 127 169 66 22 66 394 66 108 154 22 66 140 357 470 73 140
8 406 66 140 357 123 87 406 342 342 140 202 69 87 8 394 66 406 66 140
69 69 87 342 357 406 66 140 357 69 87 8 140 202 211 69 342 406 66 140
202 123 87 66 22 66 108 154 22 66 140 357 211 73 140 202 211 87 127 357
202 470 87 66 22 66 108 154 22 66 140 357 470 73 140 202 211 87 127 357
123 87 8 69 66 140 357 211 87 8 406 66 140 202 69 69 87 342 357 406
357 69 87 8 73 66 406 66 140 357 69 87 8 140 202 470 69 66 406 66
357 202 73 140 202 202 133 127 357 470 133 8 406 66 394 66 140 357 202 133
202 66 394 66 140 357 202 73 140 202 202 133 127 357 202 133 8 406 66 394
140 470 69 87 127 169 66 22 66 394 66 108 154 22 66 140 357 123 73 140
140 202 470 87 8 394 66 140 202 470 406 8 87 66 140 202 69 69 66 406
342 140 357 69 73 140 202 211 87 127 357 123 87 8 69 66 140 357 211 87
66 140 202 470 87 8 140 202 69 87 66 406 66 140 357 470 69 140 470 470
87 127 169 66 22 66 394 66 108 154 22 66 140 357 123 73 140 202 211 87
73 140 202 211 87 127 357 470 87 8 406 66 394 66 140 357 211 87 127 108
127 357 123 87 8 69 66 140 357 211 87 8 406 66 140 202 69 87 8 394
357 123 73 140 202 211 87 127 357 470 87 8 406 66 394 66 140 357 470 87
66 140 357 123 87 140 470 211 87 127 169 66 22 342 108 154 211 66 22 66
140 123 87 127 357 123 87 8 69 66 140 357 211 87 8 406 66 140 202 69
69 66 140 357 211 87 8 406 66 140 202 69 87 8 394 66 406 66 140 202
69 66 140 357 211 87 8 406 66 140 357 470 87 8 73 66 406 66 140 357
140 357 69 73 140 202 211 87 127 357 123 87 8 69 66 140 357 211 87 8
127 357 470 87 8 406 66 394 66 140 357 211 87 127 108 154 140 202 470 87
342 108 154 22 66 140 470 202 73 140 202 202 133 127 357 470 133 8 406 66
357 211 87 8 406 66 394 66 140 357 211 69 127 140 202 470 87 140 108 154
66 394 66 140 470 470 73 140 202 211 87 127 357 211 87 8 406 66 394 66
69 73 140 202 211 87 127 357 470 87 8 69 66 140 357 211 87 8 406 66
73 140 202 211 87 127 357 470 87 8 69 66 140 357 211 87 8 406 66 140
69 87 127 169 66 22 66 140 357 211 73 140 202 211 87 127 357 470 87 8
470 69 73 140 202 211 87 127 357 211 87 8 406 66 394 66 140 357 211 87
8 140 202 470 69 66 406 66 140 357 470 87 140 470 470 87 127 169 66 22
211 69 342 406 66 140 357 123 87 140 470 69 87 127 169 66 22 66 394 66
69 66 406 66 140 357 211 87 140 357 69 87 127 169 66 22 66 108 154 394
87 127 357 123 87 8 69 66 140 357 211 87 8 406 66 140 202 69 69 87
22 66 140 357 202 73 140 202 202 133 127 357 470 133 8 406 66 394 66 140
394 66 108 154 406 66 394 66 140 470 69 73 140 202 211 87 127 357 470 87
69 87 342 357 406 66 140 357 69 87 8 140 202 211 69 342 406 66 140 357
66 140 357 202 73 140 202 202 133 127 357 470 133 8 406 66 394 66 140 357
470 470 87 127 169 66 22 66 108 154 394 66 22 66 140 357 123 73 140 202
211 87 127 357 470 87 8 69 66 140 357 211 87 8 406 66 140 357 69 87
470 87 8 406 66 394 66 140 357 211 87 127 108 154 140 202 470 87 140 108
202 470 87 66 22 66 108 154 22 66 140 357 470 73 140 202 211 87 127 357
66 394 66 140 357 211 69 127 140 202 470 87 127 108 154 140 202 470 87 127
66 406 66 140 357 211 87 140 357 69 87 127 169 66 22 66 108 154 394 66
357 202 73 140 202 202 133 127 357 470 133 8 406 66 394 66 140 357 202 133
22 66 108 154 22 66 140 357 470 73 140 202 211 87 127 357 470 87 8 406
394 66 394 66 140 470 470 73 140 202 211 87 127 357 211 87 8 406 66 394
127 211 66 22 66 394 66 108 154 22 66 394 66 394 66 108 154 406 66 394
169 66 22 66 140 202 470 87 66 22 66 108 154 22 66 140 357 470 73 140
87 127 357 123 87 8 69 66 140 357 211 87 8 406 66 140 202 69 69 87
73 140 202 211 87 127 357 470 87 8 406 66 140 357 211 87 8 406 66 140
66 140 470 470 73 140 202 211 87 127 357 211 87 8 406 66 394 66 140 357
22 66 394 66 108 154 22 66 140 357 123 73 140 202 211 87 127 357 470 87
406 66 140 357 69 87 394 342 342 406 66 140 357 69 87 8 140 357 211 69
66 140 357 470 69 140 470 470 87 127 169 66 22 66 140 202 470 87 66 22
211 69 66 406 66 140 357 123 87 140 470 470 87 127 169 66 22 342 108 154
140 202 211 87 127 357 470 87 8 406 66 394 66 140 357 470 87 127 140 202
394 66 108 154 22 66 394 66 394 66 108 154 406 66 22 66 140 470 69 73
8 406 66 140 357 123 87 406 342 342 140 202 69 87 8 394 66 406 66 140
342 394 342 140 357 470 73 140 202 470 87 127 357 211 87 8 406 66 394 66
357 470 87 8 406 66 140 357 211 87 8 406 66 140 202 470 87 8 73 66
66 140 357 211 87 8 406 66 140 202 69 87 8 394 66 406 66 140 202 470
66 140 357 69 87 8 140 202 211 69 342 406 66 140 357 123 87 140 470 69
66 140 357 123 73 140 202 211 87 127 357 211 87 8 406 66 394 66 140 357
202 73 140 202 202 133 127 357 470 133 8 406 66 394 66 140 357 202 133 127
66 108 154 22 66 140 357 123 73 140 202 211 87 127 357 470 87 8 406 66
394 66 140 470 470 73 140 202 202 133 127 357 202 133 8 406 66 394 66 140
357 123 73 140 202 211 87 127 357 211 87 8 406 66 394 66 140 357 123 87
8 140 202 69 87 66 406 66 140 357 470 69 140 470 470 87 127 169 66 22
140 357 470 73 140 202 211 87 127 357 470 87 8 406 66 394 66 140 357 470
66 108 154 22 66 140 357 211 73 140 202 211 87 127 357 211 87 8 406 66
202 211 87 127 357 470 87 8 69 66 140 357 211 87 8 406 66 140 357 69
87 127 169 66 22 66 108 154 394 66 22 66 140 357 123 73 140 202 211 87
211 69 66 406 66 140 357 123 87 140 470 470 87 127 169 66 22 342 108 154
470 394 8 406 66 475 342 140 470 69 87 127 169 127 140 202 470 87 66 22
202 69 87 8 394 66 406 66 140 202 470 87 8 140 202 69 87 66 406 66
140 470 211 87 127 169 66 22 66 108 154 394 66 22 66 140 357 123 73 140
8 394 66 140 202 470 406 8 87 66 140 202 69 69 66 406 66 140 357 470
8 69 66 140 357 211 87 8 406 66 140 202 69 87 8 394 66 406 66 140
73 140 202 202 133 127 357 470 133 8 406 66 394 342 140 357 202 133 127 108
66 394 66 140 470 470 73 140 202 211 87 127 357 470 87 8 406 66 394 66
169 66 22 66 140 202 470 87 66 22 66 108 154 22 66 140 357 470 73 140
202 470 69 66 406 66 140 357 470 87 140 470 470 87 127 169 66 22 66 108
87 8 69 66 140 357 211 87 8 406 66 140 357 69 87 8 73 66 406 66
66 140 202 211 87 127 357 470 87 8 69 66 140 357 211 87 8 406 66 140
211 87 8 406 66 140 202 470 87 8 394 66 406 66 140 357 69 87 8 140
87 140 357 211 87 127 169 66 22 66 394 66 108 154 22 66 140 357 123 73
140 357 211 87 127 169 66 22 66 394 66 108 154 22 66 140 357 123 73 140
66 22 66 108 154 22 66 140 357 211 73 140 202 211 87 127 357 211 87 8
108 154 394 66 394 66 140 470 69 73 140 202 211 87 127 357 470 87 8 406
87 66 22 66 108 154 22 66 140 357 470 73 140 202 211 87 127 357 470 87
69 87 127 169 66 22 66 394 66 108 154 22 66 140 357 123 73 140 202 211
202 73 140 202 202 133 127 357 202 133 8 406 66 394 66 140 357 202 133 127
169 127 140 202 470 87 66 22 66 140 202 470 73 66 140 202 211 87 127 357
66 140 357 211 87 8 406 66 140 202 69 87 8 394 66 406 66 140 202 470
87 140 357 470 87 127 169 66 22 66 108 154 394 66 22 66 140 470 69 73
357 211 87 140 470 211 87 127 169 66 22 66 108 154 394 66 22 66 140 357
406 66 140 357 123 87 406 342 342 140 202 69 87 8 394 66 406 66 140 202
406 66 140 357 69 87 8 140 202 470 69 66 406 66 140 357 470 87 140 357
123 73 140 202 211 87 127 357 211 87 8 406 66 394 66 140 357 211 69 127
87 127 169 127 140 202 470 87 66 22 66 140 202 470 73 66 140 202 211 87
211 87 127 357 470 87 8 406 66 140 357 211 87 8 406 66 140 202 470 87
69 87 127 169 127 140 202 470 87 66 22 66 140 202 470 73 66 140 202 211
406 66 140 357 69 87 8 73 66 406 66 140 357 69 87 8 140 202 470 69
108 154 394 66 140 470 69 87 127 169 66 22 66 140 357 211 73 140 202 211
470 87 140 470 470 87 127 169 66 22 66 394 66 108 154 22 66 140 357 470
140 357 211 87 127 169 66 22 66 394 66 108 154 22 66 140 357 123 73 140
127 357 123 87 8 69 66 140 357 211 87 8 406 66 140 202 69 87 8 394
69 87 8 394 66 406 66 140 202 470 87 8 140 202 69 87 66 406 66 140
69 87 8 140 202 211 69 342 406 66 140 357 123 87 140 470 69 87 127 169
87 127 357 470 87 8 406 66 394 66 140 357 211 87 127 108 154 140 202 470
211 73 140 202 211 87 127 357 470 87 8 406 66 140 357 470 87 8 406 66
66 22 342 108 154 394 66 394 66 140 357 123 73 140 202 211 87 127 357 211
394 66 140 357 211 73 140 202 202 133 127 357 470 133 8 406 66 394 342 140
66 140 357 123 87 406 342 342 140 202 69 87 8 394 66 406 66 140 202 470
470 87 66 22 66 108 154 22 66 140 357 470 73 140 202 211 87 127 357 470
69 87 8 140 202 123 69 66 406 66 140 357 470 87 140 470 69 87 127 169
66 140 357 202 73 140 202 202 133 127 357 202 133 8 406 66 394 66 140 357
66 140 357 123 73 140 202 211 87 127 357 470 87 8 406 66 394 66 140 357
211 87 8 406 66 140 357 69 87 8 73 66 406 66 140 357 69 87 8 140
69 66 406 66 140 357 470 87 140 357 470 87 127 169 66 22 66 394 66 108
66 406 66 140 357 470 69 140 470 470 87 127 169 66 22 66 140 202 470 87
154 22 66 140 357 202 73 140 202 202 133 127 357 470 133 8 406 66 394 66
140 470 69 87 127 169 66 22 66 394 66 108 154 22 66 140 357 123 73 140
87 140 470 211 87 127 169 66 22 66 108 154 394 66 22 66 140 357 123 73
154 394 66 394 66 140 357 123 73 140 202 211 87 127 357 211 87 8 406 66
87 140 470 211 87 127 169 66 22 66 108 154 394 66 22 66 140 357 123 73
394 66 140 357 123 73 140 202 211 87 127 357 211 87 8 406 66 394 66 140
87 140 470 470 87 127 169 66 22 342 108 154 211 66 22 66 140 357 123 73
357 470 73 140 202 211 87 127 357 470 87 8 406 66 394 66 140 357 123 87
127 169 66 22 66 140 202 470 87 66 22 66 108 154 22 66 140 357 470 73
342 108 154 22 66 140 357 202 73 140 202 202 133 127 357 470 133 8 406 66
357 470 87 140 357 211 87 127 169 66 22 66 394 66 108 154 22 66 140 357
406 66 475 342 140 470 69 87 127 169 127 140 202 470 87 66 22 66 140 202
87 127 357 470 87 8 69 66 140 357 211 87 8 406 66 140 202 470 87 8
87 127 169 66 22 66 394 66 108 154 22 66 140 357 470 73 140 202 211 87
73 140 202 211 87 127 357 470 87 8 406 66 394 66 140 357 470 87 127 140
140 470 69 87 127 169 66 22 66 394 66 108 154 22 66 140 357 123 73 140
202 73 140 202 202 133 127 357 202 133 8 406 66 394 66 140 357 202 133 127
22 66 108 154 22 66 140 357 470 73 140 202 211 87 127 357 470 87 8 406
22 66 140 357 123 73 140 202 211 87 127 357 470 87 8 406 66 394 66 140
202 211 87 127 357 470 87 8 406 66 140 357 211 87 8 406 66 140 202 470
87 8 406 66 140 357 69 87 8 73 66 406 66 140 357 69 87 8 140 202
66 140 357 69 87 8 73 66 406 66 140 357 69 87 8 140 202 470 69 66
357 470 133 8 406 66 394 66 140 357 211 133 8 140 202 202 73 140 108 154
394 66 394 66 140 357 123 73 140 202 211 87 127 357 211 87 8 406 66 394
66 394 66 140 357 123 73 140 202 211 87 127 357 211 87 8 406 66 394 66
342 108 154 394 66 394 66 140 470 202 73 140 202 202 133 127 357 470 133 8
202 69 87 8 394 66 406 66 140 202 470 87 8 140 202 69 87 66 406 66
470 73 140 202 211 87 127 357 470 87 8 406 66 394 66 140 357 470 87 127
73 140 202 211 87 127 357 123 87 8 69 66 140 357 211 87 8 406 66 140
470 87 8 406 66 394 66 140 357 211 87 127 108 154 140 202 470 87 140 108
66 140 357 211 87 8 406 66 140 357 69 87 8 73 66 406 66 140 357 69
140 357 69 87 8 140 357 211 69 66 406 66 140 357 123 87 140 470 470 87
22 66 108 154 22 66 140 357 211 73 140 202 211 87 127 357 211 87 8 406
69 66 406 66 140 357 123 87 140 470 470 87 127 169 66 22 342 108 154 211
202 133 127 357 470 133 8 406 66 394 66 140 357 211 133 8 140 202 202 73
394 342 394 66 140 470 470 73 140 202 202 133 127 357 202 133 8 406 66 394
66 22 66 108 154 394 66 394 66 140 470 69 73 140 202 211 87 127 357 211
87 8 406 66 140 357 69 87 394 342 342 406 66 140 357 69 87 8 140 357
140 202 470 87 8 140 202 470 69 66 406 66 140 357 470 87 140 470 470 87
140 357 211 87 8 406 66 140 202 69 87 8 394 66 406 66 140 202 470 87
69 66 140 357 211 87 8 406 66 140 202 69 87 8 394 66 406 66 140 202
87 127 169 66 22 66 108 154 394 66 394 66 140 470 69 73 140 202 211 87
66 140 470 470 73 140 202 202 133 127 357 202 133 8 406 66 394 66 140 357
66 406 66 140 357 211 87 140 357 69 87 127 169 66 22 66 108 154 394 66
211 87 127 357 211 87 8 406 66 394 66 140 357 211 87 127 108 154 140 202
8 69 66 140 357 211 87 8 406 66 140 357 470 87 8 73 66 406 66 140
140 470 394 8 406 66 475 342 140 470 69 87 127 169 127 140 202 470 87 66
69 66 140 357 211 87 8 406 66 140 202 69 87 8 394 66 406 66 140 202
22 66 140 470 202 73 140 202 202 133 127 357 470 133 8 406 66 394 66 140
357 211 87 8 406 66 140 202 470 87 8 394 66 140 202 470 406 8 87 66
22 66 108 154 22 66 140 357 211 73 140 202 211 87 127 357 211 87 8 406
140 202 202 133 127 357 202 133 8 406 66 394 66 140 357 202 133 127 140 202
8 406 66 475 342 140 470 69 87 127 169 127 140 202 470 87 66 22 66 140
394 8 406 66 475 342 140 470 69 87 127 169 127 140 202 470 87 66 22 66
406 66 140 202 470 87 8 394 66 140 202 470 406 8 87 66 140 202 69 69
357 470 73 140 202 211 87 127 357 470 87 8 406 66 394 66 140 357 123 87
202 133 127 357 470 133 8 406 66 394 66 140 357 211 133 8 140 202 202 73
69 73 140 202 211 87 127 357 123 87 8 69 66 140 357 211 87 8 406 66
87 8 406 66 140 202 470 87 8 394 66 140 202 470 406 8 87 66 140 202
357 470 87 127 169 66 22 66 394 66 108 154 22 66 140 357 123 73 140 202
211 87 127 357 470 87 8 406 66 140 357 211 87 8 406 66 140 202 470 87
87 8 406 66 394 66 140 357 211 87 127 108 154 140 202 470 87 140 108 154
202 470 87 8 140 202 470 69 66 406 66 140 357 470 87 140 470 470 87 127
357 470 87 8 406 66 140 357 123 87 406 342 342 140 202 69 87 8 394 66
127 211 66 22 66 394 66 108 154 22 66 394 66 394 66 108 154 406 66 394
69 66 406 66 140 357 470 87 140 470 69 87 127 169 66 22 66 394 66 108
127 169 66 22 66 394 66 108 154 22 66 140 357 470 73 140 202 211 87 127
140 202 470 69 66 406 66 140 357 470 87 140 470 470 87 127 169 66 22 66
87 127 169 66 22 66 108 154 394 66 22 66 140 357 123 73 140 202 211 87
133 66 140 66 394 66 140 357 211 73 140 202 202 133 127 357 470 133 8 406
394 66 394 66 140 357 123 73 140 202 211 87 127 357 211 87 8 406 66 394
211 73 140 202 202 133 127 357 470 133 8 406 66 394 342 140 357 202 133 127
66 140 470 470 73 140 202 202 133 127 357 202 133 8 406 66 394 66 140 357
211 87 8 406 66 140 357 69 87 394 342 342 406 66 140 357 69 87 8 140
87 8 69 66 140 357 211 87 8 406 66 140 357 69 87 394 342 342 406 66
406 66 140 357 123 87 140 470 69 87 127 169 66 22 66 394 66 108 154 22
66 22 66 108 154 22 66 140 357 211 73 140 202 211 87 127 357 211 87 8
73 66 406 66 140 357 69 87 8 140 202 470 69 66 406 66 140 357 211 87
357 211 87 140 357 470 87 127 169 66 22 66 108 154 394 66 22 66 140 470
154 22 66 140 357 123 73 140 202 211 87 127 357 470 87 8 406 66 394 66
140 470 69 87 127 169 127 140 202 470 87 66 22 66 140 202 470 73 66 140
8 69 66 140 357 211 87 8 406 66 140 357 470 87 8 73 66 406 66 140
66 394 66 140 357 211 73 140 202 202 133 127 357 470 133 8 406 66 394 140
140 470 202 73 140 202 202 133 127 357 202 133 8 406 66 394 66 140 357 202
342 140 202 69 87 8 394 66 406 66 140 202 470 87 8 140 202 470 69 66
211 87 8 406 66 140 357 69 87 8 73 66 406 66 140 357 69 87 8 140
357 69 87 8 140 202 123 69 66 406 66 140 357 470 87 140 470 69 87 127
87 127 169 66 22 66 394 66 108 154 22 66 140 357 123 73 140 202 211 87
66 140 357 211 87 140 357 69 87 127 169 66 22 66 108 154 394 66 22 66
470 69 66 406 66 140 357 470 87 140 470 470 87 127 169 66 22 66 108 154
66 140 357 470 73 140 202 202 133 66 357 202 133 8 406 66 394 66 140 357
22 66 394 66 394 66 108 154 406 66 394 66 140 470 69 73 140 202 211 87
357 470 87 8 69 66 140 357 211 87 8 406 66 140 202 470 87 8 394 66
69 73 140 202 211 87 127 357 211 87 8 406 66 394 66 140 357 211 87 127
22 342 108 154 211 66 394 66 140 357 123 73 140 202 211 87 127 357 211 87
211 73 140 202 211 87 127 357 211 87 8 406 66 394 66 140 357 123 87 127
87 127 357 470 87 8 406 66 394 66 140 357 470 87 127 140 202 470 87 140
140 202 470 87 8 140 202 69 87 66 406 66 140 357 470 69 140 470 470 87
69 87 66 406 66 140 357 470 69 140 470 470 87 127 169 66 22 66 140 202
73 140 202 202 133 127 357 202 133 8 406 66 394 66 140 357 202 133 127 108
342 140 470 69 73 140 202 211 87 127 357 470 87 8 69 66 140 357 211 87
22 66 140 357 123 73 140 202 211 87 127 357 470 87 8 406 66 394 66 140
69 87 127 169 66 22 66 108 154 394 66 394 66 140 470 69 73 140 202 211
140 357 470 87 140 357 211 87 127 169 66 22 66 394 66 108 154 22 66 140
470 133 8 406 66 394 66 140 357 211 133 8 140 202 202 73 140 108 154 140
394 66 140 470 470 73 140 202 211 87 127 357 470 87 8 406 66 394 66 140
154 394 66 394 66 140 470 69 73 140 202 211 87 127 357 211 87 8 406 66
123 87 140 470 470 87 127 169 66 22 66 394 66 108 154 22 66 140 357 123
140 357 211 87 8 406 66 140 202 69 69 87 342 357 406 66 140 357 69 87
69 87 394 342 342 406 66 140 357 69 87 8 140 357 470 69 66 406 66 140
87 8 69 66 140 357 211 87 8 406 66 140 357 69 87 8 73 66 406 66
87 8 394 66 140 202 470 406 8 87 66 140 202 69 69 66 406 66 140 357
470 133 66 394 66 394 66 140 357 202 73 140 202 202 133 127 357 470 133 8
357 470 87 8 140 202 211 69 342 406 66 140 357 123 87 140 470 69 87 127
357 470 87 8 140 357 211 69 66 406 66 140 357 123 87 140 470 470 87 127
140 357 470 73 140 202 211 87 127 357 470 87 8 406 66 394 66 140 357 470
87 140 470 470 87 127 169 66 22 342 108 154 211 66 22 66 140 357 123 73
66 108 154 22 66 140 357 123 73 140 202 211 87 127 357 470 87 8 406 66
66 140 357 123 73 140 202 211 87 127 357 211 87 8 406 66 394 66 140 357
211 87 127 357 470 87 8 406 66 140 357 123 87 406 342 342 140 202 69 87
69 87 66 406 66 140 357 470 69 140 470 470 87 127 169 66 22 66 140 202
87 127 169 66 22 342 108 154 211 66 22 66 140 357 123 73 140 202 211 87
87 8 140 202 123 69 66 406 66 140 357 470 87 140 470 69 87 127 169 66
66 108 154 202 66 394 342 394 66 140 470 470 73 140 202 202 133 127 357 202
357 470 87 8 69 66 140 357 211 87 8 406 66 140 357 69 87 8 73 66
470 87 66 22 66 140 202 470 73 66 140 202 211 87 127 357 470 87 8 69
108 154 22 66 140 202 123 87 66 22 66 108 154 22 66 140 357 211 73 140
127 357 123 87 8 69 66 140 357 211 87 8 406 66 140 202 69 87 8 394
69 87 127 169 66 22 66 394 66 108 154 22 66 140 357 123 73 140 202 211
73 140 202 211 87 127 357 123 87 8 69 66 140 357 211 87 8 406 66 140
211 87 8 406 66 140 357 69 87 394 342 342 406 66 140 357 69 87 8 140
406 66 140 357 470 87 140 470 69 87 127 169 66 22 66 394 66 108 154 22
66 140 470 202 73 140 202 202 133 127 357 470 133 8 406 66 394 66 140 357
66 140 357 211 87 8 406 66 140 357 69 87 394 342 342 406 66 140 357 69
202 66 394 342 394 66 140 470 470 73 140 202 202 133 127 357 202 133 8 406
66 406 66 140 357 69 87 8 140 202 123 69 66 406 66 140 357 470 87 140
66 22 342 108 154 394 66 394 66 140 357 123 73 140 202 211 87 127 357 211
342 394 66 140 470 470 73 140 202 202 133 127 357 202 133 8 406 66 394 66
140 202 470 69 66 406 66 140 357 470 87 140 470 470 87 127 169 66 22 66
140 357 202 73 140 202 202 133 127 357 202 133 8 406 66 394 66 140 357 211
87 127 169 127 140 202 470 87 66 22 66 140 202 470 73 66 140 202 211 87
394 66 394 66 140 470 470 73 140 202 211 87 127 357 211 87 8 406 66 394
470 87 127 169 66 22 66 140 202 470 87 66 22 66 108 154 22 66 140 357
87 8 140 202 69 87 66 406 66 140 357 470 69 140 470 470 87 127 169 66
140 202 202 133 127 357 202 133 8 406 66 394 66 140 357 202 133 127 140 202
342 140 470 69 73 140 202 211 87 127 357 470 87 8 69 66 140 357 211 87
8 394 66 406 66 140 357 69 87 8 140 202 123 69 66 406 66 140 357 470
470 133 8 406 66 394 66 140 357 211 133 8 140 202 202 73 140 108 154 140
394 66 140 357 123 73 140 202 211 87 127 357 211 87 8 406 66 394 66 140
154 22 66 140 357 123 73 140 202 211 87 127 357 470 87 8 406 66 394 66
87 127 357 470 87 8 69 66 140 357 211 87 8 406 66 140 202 470 87 8
406 66 140 202 69 87 8 394 66 406 66 140 202 470 87 8 140 202 69 87
8 394 66 406 66 140 202 470 87 8 140 202 69 87 66 406 66 140 357 470
211 87 8 406 66 394 66 140 357 211 69 127 140 202 470 87 127 108 154 140
69 66 140 357 211 87 8 406 66 140 357 470 87 394 342 342 406 66 140 357
357 69 73 140 202 211 87 127 357 123 87 8 69 66 140 357 211 87 8 406
22 66 140 202 123 87 66 22 66 108 154 22 66 140 357 211 73 140 202 211
140 357 211 87 8 406 66 140 202 69 87 8 394 66 406 66 140 202 470 87
8 406 66 394 66 140 357 211 69 127 140 202 470 87 127 108 154 140 202 470
406 66 140 202 69 69 87 342 357 406 66 140 357 69 87 8 140 202 211 69
140 357 470 87 8 140 202 470 69 66 406 66 140 357 470 87 140 357 69 87
342 22 66 140 202 470 133 66 140 66 394 66 140 357 202 73 140 202 202 133
470 69 87 127 169 66 22 66 394 66 108 154 22 66 140 357 123 73 140 202
8 140 202 470 69 66 406 66 140 357 470 87 140 470 470 87 127 169 66 22
202 211 87 127 357 470 87 8 69 66 140 357 211 87 8 406 66 140 357 69
357 470 73 140 202 470 87 127 357 211 87 8 406 66 394 66 140 357 470 87
211 87 127 357 211 87 8 406 66 394 66 140 357 211 69 127 140 202 470 87
357 211 73 140 202 211 87 127 357 470 87 8 406 66 140 357 470 87 8 406
66 406 66 140 357 470 87 140 357 211 87 127 169 66 22 66 394 66 108 154
211 87 127 357 470 87 8 69 66 140 357 211 87 8 406 66 140 357 69 87
73 140 202 211 87 127 357 211 87 8 406 66 394 66 140 357 211 69 127 140
87 127 357 123 87 8 69 66 140 357 211 87 8 406 66 140 202 69 69 87
140 470 69 87 127 169 66 22 66 394 66 108 154 22 66 140 357 470 73 140
342 140 470 69 73 140 202 211 87 127 357 470 87 8 69 66 140 357 211 87
140 357 202 73 140 202 202 133 127 357 202 133 8 406 66 394 66 140 357 211
73 140 202 211 87 127 357 211 87 8 406 66 394 66 140 357 211 87 127 108
108 154 22 66 140 357 470 73 140 202 211 87 127 357 470 87 8 406 66 394
8 140 357 211 69 66 406 66 140 357 123 87 140 470 470 87 127 169 66 22
66 406 66 140 357 470 87 140 357 211 87 127 169 66 22 66 394 66 108 154
169 66 22 66 108 154 394 66 394 66 140 470 69 73 140 202 211 87 127 357
202 202 133 127 357 202 133 8 406 66 394 66 140 357 202 133 127 140 202 202
202 211 87 127 357 470 87 8 406 66 394 66 140 357 211 87 127 108 154 140
140 357 123 73 140 202 211 87 127 357 470 87 8 406 66 394 66 140 357 470
211 87 127 357 470 87 8 69 66 140 357 211 87 8 406 66 140 357 69 87
127 169 66 22 342 108 154 211 66 394 66 140 357 123 73 140 202 211 87 127
140 357 470 73 140 202 470 87 127 357 211 87 8 406 66 394 66 140 357 211
66 394 66 108 154 406 66 394 66 140 470 69 73 140 202 211 87 127 357 470
406 66 394 66 140 470 470 73 140 202 211 87 127 357 470 87 8 406 66 394
211 87 127 357 123 87 8 69 66 140 357 211 87 8 406 66 140 202 69 69
140 342 406 66 140 357 69 87 8 140 357 470 69 66 406 66 140 357 123 87
66 22 66 394 66 108 154 22 66 394 66 394 66 108 154 406 66 394 66 140
202 133 127 357 470 133 8 406 66 394 66 140 357 211 133 8 140 202 202 73
69 66 140 357 211 87 8 406 66 140 202 69 87 8 394 66 406 66 140 202
