1016 277 944 481 481 944 1028 595 1016 510 343 595 1016 1631 1631 1631 1453 588 588 745
277 944 801 481 944 1028 1478 930 930 96 96 1979 1979 1453 934 1016 277 678 1028 481
356 745 930 745 731 731 731 731 731 1592 1631 1969 228 1788 227 1631 1631 1969 228 1788
1552 277 1963 1552 356 867 867 1552 356 1963 1963 356 1969 1788 867 867 1788 1788 227 227
96 96 1552 745 930 1478 934 409 277 944 481 481 944 1028 1478 930 930 96 96 1453
1979 1453 934 1016 277 944 1028 481 944 1028 595 1016 510 343 595 1016 1631 1631 1631 1453
356 867 867 1552 356 1963 1963 356 1969 1788 867 867 1788 1788 227 227 227 228 660 745
934 409 277 944 1028 481 944 481 1478 930 930 96 96 96 96 1453 1453 1453 934 409
944 1028 1478 930 930 96 96 1453 1453 1453 934 1016 277 944 481 481 944 1028 595 1016
745 930 1478 934 1016 277 944 481 481 944 481 1478 930 930 96 96 1979 1979 1453 1979
934 409 277 944 1028 481 678 678 481 595 1016 510 343 595 1016 1631 1631 1631 1453 588
228 471 471 1788 660 227 228 660 588 745 356 356 588 745 73 73 73 73 73 1592
96 96 1453 1453 930 1478 934 409 277 944 1028 481 944 1028 595 1016 510 343 595 1016
731 731 731 731 1592 1631 1969 228 1788 227 1631 1969 228 1631 1788 660 227 228 227 588
471 1788 660 227 228 227 588 745 356 588 745 73 73 73 73 73 1592 471 1969 228
356 588 745 73 73 73 73 73 1592 471 471 1969 228 1788 227 471 471 1969 228 471
277 944 1028 481 944 1028 1478 930 930 96 96 356 1979 1979 934 1016 277 944 1028 481
227 471 471 1969 228 471 471 1788 660 227 228 660 588 745 356 356 588 745 73 73
228 471 1788 660 227 228 227 588 745 356 588 745 73 73 73 73 73 1592 471 1969
934 1016 277 944 1028 481 944 1028 1478 930 930 96 96 1979 1453 934 409 277 678 1028
1016 510 343 595 1016 1631 1631 1631 588 588 1979 745 930 745 731 731 731 731 731 1592
471 1788 660 227 228 660 588 745 356 356 588 745 73 73 73 73 73 1592 471 471
469 469 469 930 1963 277 1963 1552 356 1552 356 1963 1963 356 469 469 469 469 469 469
1016 510 343 595 1016 1631 1631 1631 1979 588 588 745 930 745 731 731 731 731 731 1592
801 801 944 801 1478 930 930 96 96 96 96 1453 1453 1453 934 409 277 944 481 481
96 356 356 356 930 1478 356 934 409 277 944 481 481 944 1028 595 1016 510 343 595
228 227 588 745 356 588 745 731 731 731 731 731 1592 1631 1969 228 1788 227 1631 1631
731 731 731 1592 867 867 1969 228 1788 227 1963 277 1963 1552 356 867 867 1552 356 1963
96 96 1979 1979 1453 934 1016 277 944 481 481 944 1028 595 1016 510 343 595 1016 1631
469 469 469 469 469 469 745 731 731 731 1552 277 1963 1552 356 1552 356 731 1963 1963
1979 934 409 277 678 1028 481 678 678 1028 595 1016 510 595 1016 1631 343 1631 1631 588
471 1788 660 227 228 660 588 745 356 356 588 745 73 73 73 73 73 1592 471 471
934 1016 277 944 481 481 944 1028 595 1016 510 343 595 1016 1631 1631 1631 1453 588 588
277 944 1028 481 944 1028 595 1016 510 343 595 1016 1631 1631 1631 1979 588 588 745 930
96 1453 1453 1453 934 409 277 944 1028 481 944 481 595 1016 510 343 595 1016 1631 1631
469 469 469 745 731 731 731 731 1552 1592 1963 1552 356 1552 356 731 1963 1963 356 1592
731 1592 471 660 228 1788 227 471 1969 228 471 1788 1969 227 228 227 588 745 356 588
731 731 1592 471 1969 228 1788 227 471 1969 228 471 1788 1969 227 228 1969 588 745 356
481 944 1028 595 1016 510 343 595 1016 1631 1631 1631 1979 588 588 745 930 745 731 731
1478 930 930 96 96 1979 1979 1453 934 409 277 944 1028 481 678 678 481 595 1016 510
1963 356 1963 356 1552 356 1963 678 356 356 588 1963 1592 1963 1552 356 1552 356 1963 1963
944 1028 595 1016 510 343 595 1016 1631 1631 1631 1979 731 588 745 1478 930 930 745 731
944 1028 481 678 678 1028 595 1016 510 595 1016 1631 343 1631 1631 588 588 745 1979 930
934 1016 277 944 1028 481 944 1028 1478 930 930 96 96 1979 1453 934 409 277 678 1028
1478 469 469 469 469 469 469 469 469 469 469 930 1963 356 1963 1552 356 1552 356 1963
343 595 1016 1631 1631 1631 1979 588 588 745 930 745 731 731 731 731 731 1592 471 1969
930 930 343 343 930 96 96 96 96 1979 1979 1979 1979 930 1478 934 409 277 678 1028
745 1969 930 745 930 1478 930 934 409 277 678 481 481 944 1028 1478 930 930 343 343
595 1016 510 343 595 1016 867 1631 1631 588 588 1979 745 930 745 1478 930 1979 1453 588
1552 356 1552 356 731 1963 1963 356 731 1592 1631 471 1969 228 1788 227 471 471 1969 228
934 409 277 944 801 801 944 801 1478 930 930 96 96 96 96 1453 1453 1453 934 409
1453 934 1016 277 944 1028 481 944 1028 595 1016 510 343 595 1016 1631 1631 1631 1453 588
356 867 867 1552 356 1963 1963 356 1969 1788 867 867 1788 1788 227 227 227 228 660 745
588 588 745 930 745 731 731 731 731 731 1592 471 1969 228 1788 227 471 1631 1969 228
731 731 1592 867 867 1969 228 1788 227 1963 277 1963 1552 356 867 867 1552 356 1963 1963
409 277 944 481 481 944 481 595 1016 510 343 595 1016 1631 1631 1631 588 588 1979 745
588 588 356 745 745 731 731 731 731 731 1592 1631 1969 228 1788 227 471 1631 1969 228
1788 227 471 471 1969 228 471 471 1788 660 227 228 660 588 745 356 356 588 745 73
356 1552 356 1963 1963 356 678 1592 1963 1552 356 1552 356 1963 1963 356 469 469 469 469
731 731 731 731 1788 471 1969 228 1788 227 471 1631 1969 228 1788 660 227 228 227 588
1969 228 471 471 1788 660 227 228 660 588 745 356 356 588 745 73 73 73 73 73
1963 1963 356 469 469 469 469 469 469 469 469 469 469 745 731 731 731 731 678 356
481 678 678 481 595 1016 510 595 1016 1631 343 1631 1631 1453 588 588 745 1478 930 930
481 944 801 1478 930 930 96 96 1979 1979 1453 934 1016 277 944 1028 481 678 678 481
731 731 731 731 731 1788 471 1969 228 1788 227 471 1631 1969 228 1788 660 227 228 227
227 227 356 469 469 469 469 469 469 469 469 469 469 745 731 731 731 731 731 1592
481 481 944 481 1478 930 930 96 96 1979 1979 1979 934 1016 277 944 481 481 944 1028
469 930 678 1592 1963 1552 356 1552 356 1963 1963 356 469 469 469 469 469 469 469 469
96 1552 1552 930 1478 934 1016 277 678 1028 481 678 678 481 1478 930 930 96 96 356
481 595 1016 510 343 595 1016 867 1631 1631 588 588 1979 745 930 745 1478 930 1453 1453
930 930 1478 469 469 469 469 469 469 469 469 469 469 930 1963 356 1963 1552 356 1552
595 1016 1631 1631 1631 588 588 356 745 930 745 731 731 731 731 731 1592 1631 1969 228
660 228 1788 227 471 1969 228 471 1788 660 227 228 227 588 745 356 588 745 73 73
1592 471 1969 228 1788 227 867 1969 228 867 1788 1969 227 228 1969 588 745 356 588 356
930 96 96 1979 1979 356 934 409 277 944 481 481 944 481 595 1016 510 343 595 1016
1028 481 678 678 481 595 1016 510 343 595 1016 1631 1631 1631 1979 588 588 745 745 731
745 731 731 731 73 73 1592 471 1969 228 1788 227 471 1969 228 471 1788 1969 227 228
944 1028 1478 930 930 96 96 1979 1979 1453 934 1016 277 944 481 481 944 1028 595 1016
1478 930 930 930 96 96 1979 1453 930 1478 934 409 277 944 1028 481 944 1028 595 1016
745 731 731 731 731 731 1592 471 1969 228 1788 227 471 1969 228 471 1788 660 227 228
1788 227 1963 277 1963 1552 356 867 867 1552 356 1963 1963 356 1969 1788 867 867 1788 1788
944 1028 595 1016 510 343 595 1016 1631 1631 1631 1979 731 588 745 930 745 731 731 731
1016 510 343 595 1016 1631 1631 1631 1979 588 588 745 930 745 731 731 731 731 731 1592
481 944 1028 595 1016 510 343 595 1016 1631 1631 1631 1631 1631 1631 1979 588 588 745 930
1453 934 1016 277 944 481 481 944 1028 595 1016 510 343 595 1016 1631 1631 1631 1979 588
343 745 930 96 96 96 96 356 356 356 930 1478 356 934 409 277 944 481 481 944
731 731 1592 471 1969 228 1788 227 471 1631 1969 228 1788 1969 227 228 1969 356 588 745
678 96 96 1552 1552 930 1478 934 409 277 678 1028 481 944 1028 1478 930 930 96 96
409 277 944 481 801 944 1028 1478 930 930 930 96 96 1453 1453 930 1478 934 409 277
678 678 481 595 1016 510 343 595 1016 867 1631 1631 588 588 1979 745 930 745 1478 930
228 1788 227 1631 1969 228 1788 1631 660 227 228 227 588 745 356 588 745 731 731 731
660 228 1788 227 471 1969 228 471 1788 660 227 228 227 588 745 356 588 745 73 73
930 930 1478 469 469 469 469 469 469 469 469 469 469 930 1552 356 1963 1552 356 1552
510 343 595 1016 1631 1631 1631 1979 731 588 745 1478 930 356 588 930 745 731 731 731
731 588 745 930 745 731 731 731 731 731 1592 471 1969 228 1788 227 471 1631 1969 228
1028 595 1016 510 343 595 1016 1631 1631 1631 1453 588 588 745 930 745 731 731 731 731
277 944 1028 801 944 1028 1478 930 930 343 745 930 96 96 96 96 356 356 356 930
469 469 469 469 678 1592 1963 678 1552 356 356 1552 356 1963 1963 356 678 1592 1963 1552
469 469 469 469 469 469 469 469 930 678 1592 1963 1552 356 1552 356 1963 1963 356 1631
1016 277 944 481 481 944 1028 1478 930 930 96 96 1979 1979 1453 934 409 277 944 1028
588 588 745 930 930 1478 469 469 469 469 469 469 469 469 469 469 930 1552 356 1963
481 944 481 1478 930 930 96 96 1979 1979 1453 934 409 277 678 1028 481 944 1028 595
409 277 944 481 481 944 1028 1478 930 930 96 96 1979 1979 1979 934 409 277 944 1028
1016 1631 1631 1631 1979 731 588 745 1478 930 930 745 731 731 731 731 731 1592 1631 1969
660 227 228 227 588 745 356 588 745 73 73 73 73 73 1592 471 1969 228 1788 227
930 343 343 930 96 96 96 96 356 356 356 930 1478 356 934 409 277 944 481 481
471 1788 660 227 228 660 588 745 356 356 588 745 73 73 73 73 73 1592 471 471
471 471 1969 228 1788 227 471 471 1969 228 471 471 1788 660 227 228 660 588 745 356
356 745 745 731 731 731 731 731 1592 471 1969 228 1788 227 471 1631 1969 228 1788 660
731 1788 471 1969 228 1788 227 471 227 1788 1631 1788 1788 227 227 227 228 660 745 96
944 481 481 944 1028 595 1016 510 343 595 1016 1631 1631 1631 1979 588 588 745 930 745
930 96 96 1979 1979 1453 934 409 277 944 1028 481 678 678 481 595 1016 510 343 595
356 588 588 745 1478 930 356 588 930 745 731 731 731 731 731 1592 1631 1969 228 1788
1028 481 678 678 481 595 1016 510 343 595 1016 1631 1631 1631 1979 588 588 745 1478 930
745 1969 930 1478 934 409 277 944 481 481 944 481 1478 930 930 96 96 1979 1979 1979
731 731 731 731 731 1788 471 1969 228 1788 227 471 1631 1969 228 1788 660 227 228 227
277 944 481 481 944 1028 595 1016 510 343 595 1016 1631 1631 1631 1631 1631 1631 1979 588
1478 930 930 96 96 1453 1453 1453 934 1016 277 678 1028 481 678 678 481 595 1016 510
227 228 660 745 930 356 588 745 1478 930 96 96 588 356 745 731 731 731 731 731
944 1028 595 1016 510 343 595 1016 1631 1631 1631 1979 588 588 745 930 745 731 731 731
745 356 356 588 745 73 73 73 73 73 1592 471 471 1969 228 1788 227 471 471 471
1552 277 1963 1552 356 867 867 1552 356 1963 1963 356 1969 1788 867 867 1788 1788 227 227
588 745 356 588 745 731 731 731 731 731 1592 471 1969 228 1788 227 1631 1631 1969 228
96 96 745 1969 588 745 930 1478 930 934 409 277 678 481 1028 944 1028 1478 930 930
481 944 1028 1478 930 930 96 96 1979 1453 934 409 277 944 1028 481 944 481 595 1016
934 409 277 944 1028 481 944 1028 595 1016 510 343 595 1016 1631 1631 1631 930 588 588
1478 934 1016 277 944 481 1028 944 1028 1478 930 930 96 96 1979 1979 1453 934 1016 277
930 1478 934 1016 277 944 481 481 944 481 1478 930 930 96 96 1979 1979 1453 934 1016
801 801 944 1028 1478 930 930 343 745 930 96 96 96 96 356 356 356 930 1478 356
1552 356 1963 1963 356 469 469 469 469 469 469 469 469 469 469 745 731 731 731 731
731 731 731 731 731 1592 471 1969 228 1788 227 471 1969 228 1631 1788 660 227 228 227
227 228 227 588 745 356 588 745 73 73 73 73 73 1592 471 1969 228 1788 227 471
745 356 356 588 745 73 73 73 73 73 1592 471 471 1969 228 1788 227 471 471 1969
588 588 745 930 930 1478 469 1478 469 469 469 469 469 469 469 469 469 678 356 1963
930 1478 469 469 469 469 469 469 469 469 469 469 930 1552 356 1963 1552 356 1552 356
1631 930 588 588 356 745 745 731 731 731 731 731 1592 1631 1969 228 1788 227 471 1631
731 731 731 1592 471 1969 228 1788 227 471 1631 1969 228 1788 1969 227 228 227 588 745
731 1592 1631 1969 228 1788 227 1631 1969 228 1631 1788 660 227 228 227 588 745 1478 930
934 1016 277 944 1028 481 944 1028 595 1016 510 343 595 1016 1631 1631 1631 1453 588 588
944 1028 1028 678 678 481 595 1016 510 595 1016 1631 1631 1631 1631 343 1631 1631 588 588
745 930 1478 934 1016 277 678 481 481 944 481 1478 930 930 96 96 1979 1979 1979 934
1963 356 469 469 469 469 469 469 469 469 469 469 745 731 731 731 731 678 356 1963
930 1478 934 1016 277 944 481 481 944 481 1478 930 930 96 96 1979 1979 1453 1979 934
731 588 745 930 745 731 731 731 731 731 1592 471 1969 228 1788 227 471 1631 1969 228
228 227 588 745 356 588 745 73 73 73 73 73 1592 471 1969 228 1788 227 471 471
1016 510 343 595 1016 1631 1631 1631 1979 731 588 745 930 745 731 731 731 731 731 1592
944 801 1478 930 930 343 343 930 96 96 96 96 1979 1979 1979 1979 930 1478 934 409
731 1592 471 1969 228 1788 227 471 1969 228 471 1788 1969 227 228 1969 588 745 356 588
96 96 96 1979 1979 1979 1979 930 1478 934 409 277 944 1028 1028 678 678 481 595 1016
944 481 481 944 1028 1478 930 930 96 96 1979 1979 1979 934 1016 277 944 1028 481 944
731 731 731 1788 471 1969 228 1788 227 471 1631 1969 228 1788 660 227 228 227 588 745
1478 934 1016 277 944 481 481 944 481 1478 930 930 96 96 1979 1979 1453 934 1016 277
356 588 588 745 930 930 1478 469 469 469 469 469 469 469 469 469 469 930 678 356
930 1478 469 1478 469 469 469 469 469 469 469 469 469 678 356 1963 481 1552 356 356
934 409 277 944 1028 481 944 481 595 1016 510 343 595 1016 1631 1631 1631 1631 1631 1631
96 96 1552 745 1969 745 930 1478 930 934 1016 277 678 1028 1028 944 1028 1478 930 930
96 96 930 1969 930 745 930 930 930 934 1016 277 944 1028 481 944 1028 1478 930 930
731 731 1592 471 1969 228 1788 227 471 1631 1969 228 1788 1969 227 228 227 588 745 1478
1979 1979 930 1478 934 409 277 944 481 481 678 678 481 595 1016 510 343 595 1016 471
96 1979 1979 1453 934 409 277 944 1028 481 678 678 481 595 1016 510 343 595 1016 1631
731 731 731 731 1788 471 1969 228 1788 227 471 1631 1969 228 1788 660 227 228 227 588
227 1631 1969 228 1788 1631 660 227 228 227 588 745 356 588 745 731 731 731 731 731
356 588 588 745 930 745 731 731 731 731 731 1592 471 660 228 1788 227 471 1969 228
510 343 595 1016 1631 1631 1631 1979 588 588 745 930 745 731 731 731 731 731 1592 1631
469 469 469 469 469 469 469 469 469 469 678 356 1963 1552 356 1969 277 1552 356 1963
934 1016 277 678 481 481 944 481 1478 930 930 96 96 1979 1979 1453 934 409 277 678
227 471 471 1969 228 471 471 1788 660 227 228 660 588 745 356 356 588 745 73 73
588 745 930 745 731 731 731 731 731 1592 471 1969 228 1788 227 471 1631 1969 228 1788
481 595 1016 510 343 595 1016 1631 1631 1631 1631 1631 1631 1979 588 588 745 930 930 1478
356 588 588 745 930 745 731 731 731 731 731 1592 471 660 228 1788 227 471 1631 1969
678 481 595 1016 510 343 595 1016 1631 1631 1631 1979 588 588 745 745 731 73 73 73
944 1028 595 1016 510 343 595 1016 1631 1631 1631 930 588 588 1453 745 745 731 731 731
409 277 944 1028 481 944 481 595 1016 510 343 595 1016 1631 1631 1631 1979 731 588 745
1478 930 930 96 96 96 96 1979 1453 1453 934 409 277 944 1028 481 944 481 595 1016
96 96 1552 1552 930 1478 934 1016 277 944 1028 481 944 1028 1478 930 930 96 96 1979
1788 1788 227 227 227 228 660 745 930 356 588 745 1478 930 96 96 588 356 745 731
96 96 1552 745 930 1478 934 409 277 944 481 481 944 1028 1478 930 930 96 96 1453
481 944 481 1478 930 930 96 96 1979 1979 1453 934 409 277 944 1028 481 678 678 481
588 588 356 745 745 731 731 731 731 731 1592 1631 1969 228 1788 227 471 1631 1969 228
745 73 73 73 73 73 1592 471 1969 228 1788 227 471 471 1969 228 1788 1969 227 228
867 867 1969 228 1788 227 1963 277 1963 1552 356 867 867 1552 356 1963 1963 356 1969 1788
731 731 731 731 1592 471 1969 228 1788 227 471 1631 1969 228 1592 1969 227 228 1969 356
930 745 731 731 731 731 731 1592 1631 1969 228 1788 227 1631 1631 1969 228 1788 660 227
469 469 469 469 745 731 731 731 731 1552 1592 1963 1552 356 1552 356 731 1963 1963 356
731 731 731 1592 1631 1969 228 1788 227 1631 1631 1969 228 1788 660 227 228 660 588 745
96 96 356 356 356 930 1478 356 934 409 277 944 481 481 944 1028 595 1016 510 343
944 1028 481 944 1028 1478 930 930 96 96 1979 1979 1979 934 409 277 944 1028 481 678
481 944 1028 595 1016 510 343 595 1016 1631 1631 1631 1979 588 588 745 930 745 731 731
1016 510 595 1016 1631 343 1631 1631 1453 588 588 745 1478 930 930 745 731 731 731 731
1979 1979 930 1478 934 409 277 944 1028 1028 678 678 481 595 1016 510 595 1016 1631 1631
930 96 96 96 96 1979 1979 1453 934 409 277 944 1028 481 944 481 595 1016 510 343
96 1453 1453 1453 934 409 277 944 481 481 944 481 595 1016 510 343 595 1016 1631 1631
930 930 96 96 1979 1979 1979 356 930 1478 934 409 277 944 481 481 678 678 481 595
731 731 1592 471 1969 228 1788 227 471 1631 1969 228 1788 1969 227 228 227 588 745 1478
1631 356 588 588 745 745 731 73 73 73 73 1592 471 1969 228 1788 227 471 1969 228
96 96 930 745 930 1478 934 1016 277 678 481 481 944 481 1478 930 930 96 96 1979
930 96 96 1979 1979 1453 934 1016 277 944 1028 481 944 1028 595 1016 510 343 595 1016
1979 1453 934 1016 277 944 1028 481 944 1028 595 1016 510 343 595 1016 1631 1631 1631 1453
1453 1453 1453 934 1016 277 944 481 481 944 1028 595 1016 510 343 595 1016 1631 1631 1631
96 1453 1453 1453 934 409 277 944 481 481 944 481 595 1016 510 343 595 1016 1631 1631
96 745 1969 930 745 930 1478 930 934 409 277 678 481 1028 944 1028 1478 930 930 343
481 944 481 595 1016 510 343 595 1016 1631 1631 1631 1453 588 588 745 930 745 731 731
595 1016 510 343 595 1016 1631 1631 1631 1631 1631 1631 1453 588 588 745 930 930 1478 469
1969 228 471 1788 660 227 228 227 588 745 356 588 745 73 73 73 73 73 1592 471
356 588 588 745 930 745 731 731 731 731 731 1592 1631 1969 228 1788 227 1631 1631 1969
1478 930 930 96 96 96 96 1979 1453 1453 934 409 277 944 1028 481 944 481 595 1016
1552 356 1963 1552 1963 356 1963 356 277 356 1963 678 356 356 588 1963 1592 1963 1552 356
731 731 731 731 1592 471 1969 228 1788 227 1631 1631 1969 228 1788 1969 227 228 1969 588
731 731 731 731 731 1592 471 1969 228 1788 227 471 1631 1969 228 1592 1969 227 228 227
745 1969 930 745 930 1478 930 934 409 277 678 481 481 944 1028 1478 930 930 343 343
228 471 1788 660 227 228 227 588 745 356 588 745 73 73 73 73 73 1592 471 1969
944 481 1478 930 930 96 96 96 96 1979 1979 1453 934 409 277 944 1028 481 944 481
481 678 678 481 595 1016 510 343 595 1016 1631 1631 1631 1979 588 588 745 745 731 731
1478 934 1016 277 944 481 481 944 1028 1478 930 930 96 96 1979 1979 1453 934 409 277
930 678 1592 1963 1552 356 1552 356 1963 1963 356 469 469 469 469 469 469 469 469 469
1478 469 469 469 469 469 469 469 469 469 469 930 1963 356 1963 1552 356 1552 356 1963
469 469 469 469 745 731 731 731 731 1552 1592 1963 1552 356 1552 356 731 1963 1963 356
745 1478 930 356 588 930 745 731 731 731 731 731 1592 1631 1969 228 1788 227 1631 1969
469 469 469 469 469 469 469 469 745 731 731 731 731 1552 356 1963 1552 356 356 356
1979 356 934 409 277 944 481 481 944 481 595 1016 510 343 595 1016 1631 1631 1631 588
745 930 1478 934 1016 277 944 481 481 944 481 1478 930 930 96 96 1979 1979 1453 1979
343 595 1016 1631 1631 1631 1979 588 588 745 930 745 731 731 731 73 73 1592 471 1969
930 96 96 1979 1453 1453 934 409 277 678 1028 481 944 1028 595 1016 510 343 595 1016
1788 227 471 471 1969 228 471 471 1788 660 227 228 660 588 745 356 356 588 745 73
731 731 731 731 1592 1631 1969 228 1788 227 1631 1969 228 1631 1788 660 227 228 1969 588
595 1016 1631 343 1631 1631 588 588 745 356 930 745 731 731 731 73 73 1592 471 1969
481 944 481 595 1016 510 343 595 1016 1631 1631 1631 1453 588 588 745 930 745 731 731
409 277 944 1028 481 944 481 595 1016 510 343 595 1016 1631 1631 1631 1453 588 588 745
510 343 595 1016 1631 1631 1631 356 588 588 745 930 745 731 731 731 731 731 1592 1631
1969 930 1478 934 409 277 944 481 481 944 481 1478 930 930 96 96 1979 1979 1979 1979
1478 930 930 96 96 1979 1453 934 409 277 678 1028 481 944 481 595 1016 510 343 595
96 96 930 745 930 1478 934 1016 277 678 481 481 944 481 1478 930 930 96 96 1979
944 1028 481 678 678 481 595 1016 510 343 595 1016 1631 1631 1631 1979 588 588 745 745
510 343 595 1016 1631 1631 1631 1979 588 588 745 930 745 731 731 731 73 73 1592 471
1028 481 944 481 595 1016 510 343 595 1016 1631 1631 1631 1453 588 588 745 930 745 731
930 745 731 731 731 731 731 1592 471 1969 228 1788 227 471 1631 1969 228 1788 1969 227
745 731 731 731 731 731 1592 471 1969 228 1788 227 471 1969 228 471 1788 660 227 228
1788 227 1631 1969 228 1631 1788 1969 227 228 227 588 745 1478 930 1979 588 934 409 277
1478 930 930 96 96 1979 1979 1979 356 930 1478 934 409 277 944 481 481 678 678 481
1979 1453 934 409 277 678 1028 481 944 1028 595 1016 510 343 595 1016 1631 1631 1631 1453
469 469 469 678 277 1963 678 1552 356 356 1552 356 1963 1963 356 678 1592 1963 1552 356
471 930 930 930 1478 934 1016 277 678 1028 481 944 1028 1478 930 930 96 96 1979 1979
1478 930 930 343 343 930 96 96 96 96 356 356 356 930 1478 356 934 409 277 678
745 731 731 731 731 731 1592 471 1969 228 1788 227 471 1631 1969 228 1592 1969 227 228
588 745 73 73 73 73 73 1592 471 471 1969 228 1788 227 471 471 1969 228 471 471
934 1016 277 944 1028 481 944 1028 1478 930 930 96 96 1979 1979 1453 934 1016 277 944
510 595 1016 1631 343 1631 1631 1979 588 588 745 1478 930 930 745 731 731 731 731 731
678 481 595 1016 510 595 1016 1631 343 1631 1631 1453 588 588 745 1478 930 930 745 731
930 1478 934 1016 277 944 481 481 944 481 1478 930 930 96 96 1979 1979 1453 934 409
96 745 1969 930 745 930 1478 930 934 409 277 678 481 1028 944 1028 1478 930 930 343
944 1028 1478 930 930 96 96 1979 1979 1979 934 409 277 944 1028 481 678 678 481 595
471 930 1478 934 1016 277 944 1028 481 944 1028 1478 930 930 96 96 1979 1979 1979 934
930 930 1478 469 469 469 469 469 469 469 469 469 469 930 1963 356 1963 1552 356 1552
745 930 930 1478 469 1478 469 469 469 469 469 469 469 469 469 678 356 1963 678 1552
481 481 944 1028 1478 930 930 96 96 1979 1979 1453 934 1016 277 944 481 481 944 1028
588 588 745 930 745 731 731 731 731 731 1592 471 660 228 1788 227 471 1631 1969 228
678 481 595 1016 510 595 1016 1631 343 1631 1631 1453 588 588 745 1478 930 930 745 731
96 1552 1552 930 1478 934 1016 277 944 1028 481 944 1028 1478 930 930 96 96 1979 1979
1788 660 227 228 227 588 745 356 588 745 73 73 73 73 73 1592 471 1969 228 1788
96 1453 1453 1453 934 1016 277 944 1028 481 678 678 481 595 1016 510 595 1016 1631 343
588 356 745 930 745 731 731 731 731 731 1592 1631 1969 228 1788 227 1631 1631 1969 228
469 469 469 469 469 469 469 469 469 469 745 731 731 731 731 1552 356 1963 1552 356
409 277 944 481 481 944 1028 1478 930 930 96 96 1979 1979 1979 934 409 277 944 1028
469 469 469 469 469 469 469 678 277 1963 678 1552 356 356 1552 356 1963 1963 356 678
227 227 356 469 469 469 469 469 469 469 469 469 469 745 731 731 731 731 731 1592
1631 1631 1631 356 588 588 745 930 745 731 731 731 731 731 1592 471 1969 228 1788 227
745 73 73 73 73 73 1592 471 471 1969 228 1788 227 471 471 1969 228 471 471 1788
588 745 356 588 745 731 731 731 731 731 1592 471 1969 228 1788 227 1631 1631 1969 228
510 343 595 1016 1631 1631 1631 1979 588 588 745 745 731 73 73 73 73 1592 471 1969
469 469 469 469 469 469 678 277 1963 678 1552 356 356 1552 356 1963 1963 356 678 356
471 1969 228 471 471 1788 660 227 228 660 588 745 356 356 588 745 73 73 73 73
1552 356 867 867 1552 356 1963 1963 356 1969 1788 867 867 1788 1788 227 227 227 228 660
1028 1478 930 930 96 96 1979 1453 934 409 277 944 1028 481 944 481 595 1016 510 343
1552 356 356 1552 356 1963 1963 356 678 1592 1963 1552 356 1552 356 1963 1963 356 469 469
96 96 1979 1453 1453 934 1016 277 944 1028 481 944 1028 595 1016 510 343 595 1016 1631
678 678 1028 595 1016 510 595 1016 1631 343 1631 1631 588 588 745 1979 930 745 731 731
1453 1453 934 1016 277 944 1028 481 678 678 481 595 1016 510 595 1016 1631 343 1631 1631
1963 1963 356 678 1592 1963 1552 356 1552 356 1963 1963 356 469 469 469 469 469 469 469
1631 1969 228 1788 1969 227 228 227 588 745 356 588 745 731 731 731 731 73 1592 1631
930 96 96 96 96 1979 1979 1453 934 409 277 944 1028 481 944 481 595 1016 510 343
481 944 1028 595 1016 510 343 595 1016 1631 1631 1631 588 588 1979 745 930 745 731 731
481 678 678 481 595 1016 510 595 1016 1631 343 1631 1631 1453 588 588 745 1478 930 930
1788 227 471 1969 228 471 1788 660 227 228 227 588 745 356 588 745 73 73 73 73
471 1552 930 1478 934 1016 277 944 481 481 944 481 1478 930 930 96 96 1979 1979 1453
227 471 471 1969 228 471 471 1788 660 227 228 660 588 745 356 356 588 745 73 73
678 678 481 595 1016 510 595 1016 1631 343 1631 1631 1453 588 588 745 1478 930 930 745
469 469 469 469 469 469 1963 356 1963 1552 356 1963 277 1552 356 1963 1552 1963 356 1963
277 944 1028 801 944 1028 1478 930 930 343 745 930 96 96 96 96 356 356 356 930
469 469 469 469 469 745 731 731 731 1552 277 1963 1552 356 1552 356 731 1963 1963 356
944 481 481 678 678 481 595 1016 510 343 595 1016 867 1631 1631 588 588 1979 745 930
343 595 1016 1631 1631 1631 1979 588 588 745 1478 930 930 745 731 731 731 731 731 1592
595 1016 510 343 595 1016 1631 1631 1631 1979 731 588 745 1478 930 1979 588 930 745 731
930 930 96 96 1453 1453 1453 934 1016 277 678 1028 481 678 678 481 595 1016 510 595
595 1016 1631 1631 1631 1979 588 588 745 930 745 731 731 731 73 73 1592 471 1969 228
96 96 1453 1453 1453 934 409 277 944 1028 481 944 481 595 1016 510 343 595 1016 1631
1631 1631 588 588 745 356 930 745 731 731 731 731 731 1592 471 1969 228 1788 227 471
471 471 1969 228 1788 227 471 471 1969 228 471 471 1788 660 227 228 660 588 745 356
678 481 595 1016 510 343 595 1016 1631 1631 1631 1979 588 588 745 745 731 73 73 73
588 588 356 745 930 745 731 731 731 731 731 1592 1631 1969 228 1788 227 1631 1631 1969
801 801 944 801 1478 930 930 96 96 96 96 1453 1453 1453 934 409 277 944 481 481
1963 1963 356 731 1592 471 471 1969 228 1788 227 471 471 1969 228 471 471 1788 660 227
343 343 930 96 96 96 96 1979 1979 356 1979 930 1478 934 409 277 944 1028 1028 678
731 1592 1631 1969 228 1788 227 1631 1631 1969 228 1788 660 227 228 660 588 745 1478 930
731 731 731 731 1788 471 1969 228 1788 227 471 1631 1969 228 1788 660 227 228 227 588
1028 1028 678 678 481 595 1016 510 595 1016 1631 1631 1631 1631 343 1631 1631 588 588 745
469 469 469 745 731 731 731 731 1552 1592 1963 1552 356 1552 356 731 1963 1963 356 1592
731 731 731 731 1592 1631 1969 228 1788 227 1631 1969 228 1631 1788 660 227 228 1969 588
934 409 277 678 481 481 678 678 481 595 1016 510 343 595 1016 867 1631 1631 588 588
96 96 1552 930 930 1478 934 1016 277 944 1028 481 944 1028 1478 930 930 96 96 1979
1453 934 1016 277 944 1028 481 944 1028 595 1016 510 343 595 1016 1631 1631 1631 1453 588
1028 1478 930 930 96 96 1979 1979 1979 934 409 277 944 1028 481 944 481 595 1016 510
96 1979 1979 1453 934 409 277 944 1028 481 678 678 481 595 1016 510 343 595 1016 1631
1963 1963 356 1788 471 471 1969 228 1788 227 471 471 1969 228 471 471 1788 660 227 228
934 409 277 944 481 481 944 481 1478 930 930 96 96 1979 1979 1979 1979 930 1478 934
510 343 595 1016 1631 1631 1631 356 731 588 745 930 745 731 731 731 731 731 1592 471
343 595 1016 1631 1631 1631 1979 588 588 745 930 745 731 731 731 731 731 1592 1631 1969
96 96 1979 1979 1979 1979 930 1478 934 409 277 944 481 481 678 678 481 595 1016 510
1552 356 1963 1963 356 469 469 469 469 469 469 469 469 469 469 745 731 731 731 1552
1478 934 409 277 944 481 801 944 1028 1478 930 930 930 96 96 1979 1453 930 1478 934
731 731 731 731 731 1592 471 1969 228 1788 227 471 227 1788 1631 1788 1788 227 227 227
1478 930 930 96 96 1979 1979 1979 934 1016 277 944 1028 481 944 1028 595 1016 510 343
595 1016 510 343 595 1016 1631 1631 1631 1979 588 588 745 745 731 73 73 73 73 1592
745 73 73 73 73 73 1592 471 471 1969 228 1788 227 471 471 1969 228 471 471 1788
944 481 595 1016 510 343 595 1016 1631 1631 1631 1453 588 588 745 930 745 731 731 731
1788 867 867 1788 1788 227 227 227 228 660 745 930 356 588 745 1478 930 745 96 588
469 469 469 469 469 469 469 469 930 1552 277 1963 1552 356 1552 356 1963 1963 356 469
96 96 1979 1979 1453 934 409 277 944 1028 481 678 678 481 595 1016 510 343 595 1016
1453 934 409 277 944 1028 481 678 678 481 595 1016 510 343 595 1016 1631 1631 1631 1453
731 731 1788 471 1969 228 1788 227 471 227 1788 1631 1788 1788 227 227 227 228 660 745
96 96 1453 1453 1453 934 409 277 944 1028 481 944 481 595 1016 510 343 595 1016 1631
1478 930 930 96 96 96 96 1453 1453 1453 934 409 277 944 481 481 944 481 595 1016
745 731 731 731 731 731 1592 471 1969 228 1788 227 471 1631 1969 228 1788 1969 227 228
588 588 745 356 930 930 1478 469 469 469 469 469 469 469 469 469 469 930 678 356
1016 510 343 595 1016 1631 1631 1631 1979 731 588 745 1478 930 930 745 731 731 731 731
481 801 944 1028 1478 930 930 930 96 96 1979 1453 930 1478 934 409 277 944 1028 481
469 469 469 469 930 1963 277 1963 1552 356 1552 356 1963 1963 356 469 469 469 469 469
595 1016 510 343 595 1016 1631 1631 1631 1979 588 588 745 930 745 731 731 73 731 731
1631 660 227 228 227 588 745 356 588 745 731 731 731 731 731 1592 1631 1969 228 1788
930 930 96 96 1979 1979 1453 934 409 277 944 1028 481 678 678 481 595 1016 510 343
1963 356 678 1592 1963 1552 356 1552 356 1963 1963 356 469 469 469 469 469 469 469 469
356 588 588 745 930 745 731 731 731 731 731 1592 471 1969 228 1788 227 471 1631 1969
588 745 1478 930 930 745 731 731 731 731 731 1592 1631 1969 228 1788 227 1631 1969 228
481 481 678 678 481 595 1016 510 343 595 1016 867 1631 1631 588 588 1979 745 930 745
469 469 469 469 469 469 469 469 469 469 930 1552 356 1963 1552 356 1552 356 1963 1963
96 1453 1453 1453 934 1016 277 944 481 481 944 1028 595 1016 510 343 595 1016 1631 1631
745 356 588 745 731 731 731 731 731 1592 471 1969 228 1788 227 1631 1631 1969 228 1788
277 944 1028 481 944 481 595 1016 510 343 595 1016 1631 1631 1631 1631 1631 1631 1453 588
660 227 228 660 588 745 356 356 588 745 73 73 73 73 73 1592 471 471 1969 228
944 481 481 944 1028 1478 930 930 96 96 1979 1979 1979 934 409 277 944 1028 481 944
356 1552 356 1963 1963 356 469 469 469 469 469 469 469 469 469 469 745 731 731 731
1478 934 1016 277 944 481 1028 944 1028 1478 930 930 96 96 1979 1979 1453 934 1016 277
930 745 731 731 731 731 731 1592 1631 1969 228 1788 227 1631 1631 1969 228 1788 660 227
588 588 745 930 930 1478 469 469 469 469 469 469 469 469 469 469 930 678 356 1963
588 588 745 745 731 73 73 73 73 1592 471 1969 228 1788 227 471 1969 228 471 1788
96 96 96 96 1552 1552 1552 745 930 1478 930 934 409 277 944 1028 481 944 481 1478
731 1592 471 1969 228 1788 227 471 1631 1969 228 1788 660 227 228 227 588 745 1478 930
930 1478 934 1016 277 944 481 481 944 481 1478 930 930 96 96 1979 1979 1453 1979 934
930 96 96 1979 1979 1453 934 409 277 944 1028 481 678 678 481 595 1016 510 343 595
510 343 595 1016 1631 1631 1631 588 588 1979 745 930 745 731 731 731 731 731 1592 471
731 731 1788 471 1969 228 1788 227 471 227 1788 1631 1788 1788 227 227 227 228 660 745
1028 481 944 1028 595 1016 510 343 595 1016 1631 1631 1631 1979 588 588 745 930 745 731
745 731 731 731 73 73 1592 471 1969 228 1788 227 471 1969 228 471 1788 1969 227 228
227 1631 1631 1969 228 1788 1969 227 228 227 588 745 356 588 745 731 731 731 731 731
356 1963 277 1552 356 1963 1552 1963 356 1963 356 277 356 1963 678 356 356 588 1963 1592
678 678 481 595 1016 510 595 1016 1631 343 1631 1631 1453 588 588 745 1478 930 930 745
1016 277 944 481 481 944 481 1478 930 930 96 96 1979 1979 1453 934 409 277 944 1028
1016 510 343 595 1016 1631 1631 1631 356 731 588 745 930 745 731 731 731 731 731 1592
1478 934 1016 277 944 1028 481 944 1028 1478 930 930 96 96 1979 1979 1453 934 1016 277
745 930 745 731 731 731 731 731 1592 1631 1969 228 1788 227 1631 1631 1969 228 1788 1969
588 930 1478 934 409 277 944 481 481 944 1028 1478 930 930 96 96 1979 1979 1979 934
731 1592 471 660 228 1788 227 471 1969 228 471 1788 1969 227 228 227 588 745 356 588
471 471 1969 228 1788 227 471 471 1969 228 471 471 1788 660 227 228 660 588 745 356
588 745 930 930 1478 469 1478 469 469 469 469 469 469 469 469 469 678 356 1963 678
1788 227 1631 1631 1969 228 1788 1969 227 228 227 588 745 356 588 745 731 731 731 731
356 1963 1552 1963 356 1963 356 277 356 1963 678 356 356 588 1963 1592 1963 1552 356 1552
801 801 944 1028 1478 930 930 343 745 930 96 96 96 96 356 356 356 930 1478 356
481 801 944 1028 1478 930 930 930 96 96 1979 1453 930 1478 934 409 277 944 1028 481
595 1016 1631 1631 1631 1979 588 588 745 1478 930 356 588 930 745 731 731 731 731 731
1016 510 343 595 1016 1631 1631 1631 1631 1631 1631 1453 588 588 745 930 930 1478 469 1478
1963 1552 356 1552 356 1963 1963 356 469 469 469 469 469 469 469 469 469 469 745 731
1631 1631 1631 867 1631 867 356 588 588 745 930 930 1478 469 469 469 469 469 469 469
588 588 356 745 930 745 731 731 731 731 731 1592 1631 1969 228 1788 227 1631 1631 1969
588 745 930 745 731 731 731 731 731 1592 471 660 228 1788 227 471 1969 228 471 1788
96 471 1552 930 1478 934 409 277 944 1028 481 944 1028 1478 930 930 96 96 1979 1979
745 73 73 73 73 73 1592 471 471 1969 228 1788 227 471 471 1969 228 471 471 1788
930 96 96 96 96 1453 1453 1453 934 409 277 944 481 481 944 481 595 1016 510 343
1016 510 595 1016 1631 343 1631 1631 588 588 745 1979 930 745 731 731 731 731 731 1592
731 731 731 1592 1631 1969 228 1788 227 1631 1631 1969 228 1788 1969 227 228 227 588 745
73 73 73 1592 471 471 1969 228 1788 227 471 471 1969 228 471 471 1788 1969 227 228
930 930 96 96 1979 1979 1453 934 1016 277 944 1028 481 944 1028 595 1016 510 343 595
1016 277 944 481 481 944 481 1478 930 930 96 96 1979 1979 1453 934 1016 277 944 481
1979 1453 934 1016 277 944 481 481 944 1028 595 1016 510 343 595 1016 1631 1631 1631 588
944 801 801 944 481 1478 930 930 96 96 1979 1979 1453 1979 934 409 277 944 1028 481
96 745 1552 930 1478 934 1016 277 678 481 481 944 1028 1478 930 930 96 96 1979 1979
1552 356 356 1552 356 1963 1963 356 678 1592 1963 1552 356 1552 356 1963 1963 356 469 469
731 1788 471 1969 228 1788 227 471 227 1788 1631 1788 1788 227 227 227 228 660 745 96
731 731 1592 867 867 1969 228 1788 227 1963 277 1963 1552 356 867 867 1552 356 1963 1963
934 409 277 944 481 801 944 1028 1478 930 930 930 96 96 1979 1453 930 1478 934 409
1592 1963 1552 356 1963 277 1552 356 1963 1552 1963 356 1963 356 277 356 1963 678 356 356
731 731 731 731 731 1592 471 1969 228 1788 227 1631 1631 1969 228 1788 1969 227 228 1969
469 469 469 469 469 469 469 469 469 469 930 1552 356 1963 1552 356 1552 356 1963 1963
356 1552 356 731 1963 1963 356 731 1592 1631 471 1969 228 1788 227 471 471 1969 228 471
731 731 731 731 731 1592 1631 1969 228 1788 227 1631 1969 228 1788 1631 660 227 228 227
731 731 731 1592 471 1969 228 1788 227 471 1969 228 471 1788 1969 227 228 1969 588 745
1016 277 944 1028 481 678 678 481 1478 930 930 96 96 1979 1979 356 934 409 277 678
96 356 356 356 930 1478 356 934 409 277 944 481 481 944 1028 595 1016 510 343 595
731 1592 867 867 1969 228 1788 227 1963 277 1963 1552 356 867 867 1552 356 1963 1963 356
944 481 481 678 678 481 595 1016 510 343 595 1016 867 1631 1631 588 588 1979 745 930
934 409 277 944 481 481 944 481 1478 930 930 96 96 1979 1979 1979 1979 930 1478 934
356 930 1478 1979 934 409 277 944 481 481 944 1028 595 1016 510 343 595 1016 1631 1631
228 660 588 745 356 356 588 745 73 73 73 73 73 1592 471 471 1969 228 1788 227
944 1028 1028 678 678 481 595 1016 510 595 1016 1631 1631 1631 1631 343 1631 1631 588 588
96 1979 1979 1979 1979 930 1478 934 409 277 944 481 481 678 678 481 595 1016 510 343
1969 930 1478 934 1016 277 944 1028 481 944 1028 1478 930 930 96 96 1979 1453 934 409
588 745 1478 930 745 96 588 356 745 731 731 731 731 731 1592 471 471 1969 228 1788
1478 930 930 343 343 930 96 96 96 96 1979 1979 1979 1979 930 1478 934 409 277 678
481 1478 930 930 96 96 1979 1979 1453 934 1016 277 944 481 481 944 1028 595 1016 510
944 481 595 1016 510 343 595 1016 1631 1631 1631 1453 588 588 745 930 745 731 731 731
1631 588 588 745 356 930 745 731 731 731 731 731 1592 471 1969 228 1788 227 471 227
944 481 1478 930 930 96 96 1979 1979 1453 934 409 277 678 1028 481 944 1028 595 1016
731 731 731 1592 471 1969 228 1788 227 471 1631 1969 228 1788 1969 227 228 227 588 745
409 277 944 1028 481 678 678 481 595 1016 510 343 595 1016 1631 1631 1631 1453 588 588
1631 1631 588 588 745 356 930 930 1478 469 469 469 469 469 469 469 469 469 469 930
228 1788 227 1631 1969 228 1788 1631 660 227 228 227 588 745 356 588 745 731 731 731
731 731 1592 1631 1969 228 1788 227 1631 1631 1969 228 1788 1969 227 228 227 588 745 356
1979 1979 1979 1979 930 1478 934 409 277 944 1028 1028 678 678 481 595 1016 510 595 1016
1478 930 930 96 96 1979 1979 1453 934 1016 277 944 481 481 944 1028 595 1016 510 343
356 469 469 469 469 469 469 469 469 469 469 745 731 731 731 1552 277 1963 1552 356
277 944 481 481 944 1028 595 1016 510 343 595 1016 1631 1631 1631 588 588 1979 745 930
930 343 343 930 96 96 96 96 356 356 356 930 1478 356 934 409 277 944 481 481
1453 934 1016 277 944 1028 481 678 678 481 595 1016 510 595 1016 1631 343 1631 1631 1453
469 469 930 1552 277 1963 1552 356 1552 356 1963 1963 356 469 469 469 469 469 469 469
660 227 228 227 588 745 356 588 745 731 731 731 731 731 1592 1631 1969 228 1788 227
96 1453 1453 1453 934 1016 277 944 481 481 944 1028 595 1016 510 343 595 1016 1631 1631
1478 930 930 745 731 731 731 731 731 1592 1631 1969 228 1788 227 1631 1969 228 1631 1788
1016 471 930 1478 934 1016 277 678 1028 481 678 678 481 1478 930 930 96 96 356 1979
930 930 96 96 1979 1453 934 409 277 944 1028 481 944 481 595 1016 510 343 595 1016
1788 867 867 1788 1788 227 227 227 228 660 745 930 356 588 745 1478 930 745 96 588
745 930 745 731 731 731 731 731 1788 471 1969 228 1788 227 471 1631 1969 228 1788 660
1028 1478 930 930 96 96 1979 1979 1453 934 1016 277 944 1028 481 944 1028 595 1016 510
96 96 1979 1979 1453 934 1016 277 944 481 481 944 1028 595 1016 510 343 595 1016 1631
96 96 96 745 1969 1552 745 930 1478 930 934 409 277 678 801 1028 944 1028 1478 930
588 356 745 745 731 731 731 731 731 1592 471 1969 228 1788 227 471 1631 1969 228 1788
356 1552 356 731 1963 1963 356 1592 471 471 1969 228 1788 227 471 471 1969 228 471 471
1016 1631 1631 1631 1631 1631 867 1979 588 588 745 930 930 1478 469 469 469 469 469 469
1592 471 1969 228 1788 227 471 1631 1969 228 1788 1969 227 228 227 588 745 1478 930 356
595 1016 1631 1631 1631 588 588 356 745 930 745 731 731 731 731 731 1592 1631 1969 228
745 930 1478 930 934 409 277 944 1028 481 944 481 1478 930 930 96 96 96 96 1979
930 1478 930 934 409 277 944 801 801 944 801 1478 930 930 96 96 96 96 1453 1453
510 343 595 1016 1631 1631 1631 1979 588 588 745 930 745 731 731 731 731 731 1592 471
481 944 481 595 1016 510 343 595 1016 1631 1631 1631 1453 588 588 745 930 745 731 731
745 471 1552 930 1478 934 1016 277 944 481 481 944 481 1478 930 930 96 96 1979 1979
356 588 745 731 731 731 731 731 1592 471 1969 228 1788 227 1631 1631 1969 228 1788 1969
96 930 1969 930 745 930 1478 930 934 1016 277 944 1028 481 944 1028 1478 930 930 96
731 1592 1631 1969 228 1788 227 1631 1631 1969 228 1788 1969 227 228 227 588 745 356 588
471 1969 228 1788 227 471 1631 1969 228 1788 1969 227 228 227 588 745 1478 930 356 588
510 343 595 1016 1631 1631 1631 1631 1631 1631 1979 588 588 745 930 930 1478 469 469 469
356 469 469 469 469 469 469 469 469 469 469 745 731 731 731 731 731 1592 867 867
588 745 356 930 745 731 731 731 731 73 1592 471 1969 228 1788 227 471 1969 1788 1631
595 1016 510 343 595 1016 1631 1631 1631 930 588 588 1453 745 745 731 73 731 731 731
481 944 481 1478 930 930 96 96 96 96 1979 1979 1453 934 409 277 944 1028 481 944
227 1631 1969 228 1788 1631 660 227 228 227 588 745 356 588 745 731 731 731 731 731
731 731 731 731 731 1592 1631 1969 228 1788 227 1631 1631 1969 228 1788 660 227 228 660
481 595 1016 510 343 595 1016 867 1631 1631 588 588 1979 745 930 745 1478 930 1453 1453
930 96 96 1979 1453 1453 934 1016 277 944 1028 481 944 1028 595 1016 510 343 595 1016
930 96 96 1979 1979 1453 934 409 277 944 1028 481 678 678 481 595 1016 510 343 595
1016 1631 1631 1631 1979 588 588 745 745 731 73 73 73 73 1592 471 1969 228 1788 227
944 1028 1478 930 930 96 96 1979 1979 1453 934 1016 277 944 1028 481 944 1028 595 1016
471 1969 228 471 1788 660 227 228 227 588 745 356 588 745 73 73 73 73 73 1592
471 1969 228 471 471 1788 660 227 228 660 588 745 356 356 588 745 73 73 73 73
731 731 731 731 731 1592 471 1969 228 1788 227 471 1631 1969 228 1788 660 227 228 227
409 277 944 1028 481 944 481 595 1016 510 343 595 1016 1631 1631 1631 1979 731 588 745
277 944 801 801 944 481 1478 930 930 96 96 1979 1979 1453 1979 934 409 277 944 1028
1016 510 343 595 1016 1631 1631 1631 930 588 588 1453 745 745 731 731 731 731 731 1592
731 731 731 731 731 1592 471 1969 228 1788 227 471 1969 228 1631 1788 660 227 228 227
1631 588 588 745 356 930 745 731 731 731 731 731 1592 471 1969 228 1788 227 471 227
595 1016 1631 1631 1631 588 588 1979 745 930 745 731 731 731 731 731 1592 471 1969 228
469 469 469 469 469 469 469 469 678 277 1963 678 1552 356 356 1552 356 1963 1963 356
356 588 745 73 73 73 73 73 1592 471 1969 228 1788 227 471 471 1969 228 1788 1969
277 944 1028 481 944 1028 1478 930 930 96 96 1979 1979 1979 934 409 277 944 1028 481
1631 1969 228 1788 1969 227 228 227 588 745 356 588 745 731 731 731 731 73 1592 1631
944 481 595 1016 510 343 595 1016 1631 1631 1631 1631 1631 1631 1453 588 588 745 930 930
1963 277 1963 1552 356 1552 356 1963 1963 356 469 469 469 469 469 469 469 469 469 469
731 731 731 731 731 1592 471 1969 228 1788 227 471 1969 228 1631 1788 660 227 228 227
1478 930 930 96 96 1979 1979 1453 934 1016 277 944 1028 481 944 1028 595 1016 510 343
930 1478 934 409 277 678 1028 481 944 1028 595 1016 510 343 595 1016 1631 1631 1631 930
96 96 1453 1453 930 1478 934 409 277 944 1028 481 944 1028 595 1016 510 343 595 1016
731 1592 1631 1969 228 1788 227 1631 1631 1969 228 1788 1969 227 228 227 588 745 356 588
595 1016 510 343 595 1016 1631 1631 1631 1979 731 588 745 930 745 731 731 731 731 731
731 731 731 1552 277 1963 1552 356 1552 356 731 1963 1963 356 731 1592 1631 471 1969 228
930 1478 469 469 469 469 469 469 469 469 469 469 930 678 1592 1963 1552 356 1552 356
481 1478 930 930 96 96 1979 1979 1453 1979 934 409 277 944 1028 481 678 678 1028 595
96 745 588 930 1478 934 409 277 678 481 481 944 1028 1478 930 930 96 96 1979 1979
930 96 96 1979 1453 930 1478 934 409 277 944 1028 481 944 1028 595 1016 510 343 595
745 73 73 73 73 73 1592 471 471 1969 228 1788 227 471 471 1969 228 471 471 1788
944 481 481 944 481 1478 930 930 96 96 1979 1979 1453 934 409 277 944 1028 481 678
1478 930 930 96 96 96 96 1979 1453 1453 934 409 277 944 1028 481 944 481 595 1016
930 1478 469 1478 469 469 469 469 469 469 469 469 469 678 356 1963 481 1552 356 356
1979 356 934 409 277 944 481 481 944 481 595 1016 510 343 595 1016 1631 1631 1631 588
356 356 930 1478 1979 934 409 277 944 481 481 944 1028 595 1016 510 343 595 1016 1631
