172 26 14 185 172 26 14 185 216 357 163 163 216 216 216 216 301 219 219 301
126 185 237 185 172 237 14 237 185 185 14 185 172 14 185 172 26 14 185 172
126 185 26 185 172 26 14 237 185 185 14 185 172 14 185 172 14 185 172 14
301 301 301 264 264 264 264 219 219 126 219 264 264 264 264 264 62 301 163 481
277 305 305 305 305 305 305 305 305 305 305 305 277 305 305 305 277 305 305 32
277 277 277 277 277 277 277 277 277 277 277 277 126 126 126 126 62 62 163 163
163 163 163 163 62 62 163 163 163 163 163 163 126 126 172 237 185 172 26 14
14 185 172 14 185 172 14 185 172 14 185 216 172 14 185 185 26 185 126 216
185 172 26 14 237 185 185 14 185 172 14 185 172 26 14 185 172 26 14 185
126 26 185 126 185 26 185 172 26 14 237 185 185 14 185 172 26 14 185 172
163 163 301 277 305 305 305 305 305 305 305 277 305 305 305 305 305 305 305 32
62 62 62 62 32 481 126 126 481 481 277 277 277 277 277 277 277 277 62 62
301 219 219 301 301 264 264 264 264 264 264 264 264 264 264 481 481 264 264 264
216 172 14 185 62 62 163 163 172 237 14 185 256 62 163 163 163 216 216 216
185 185 453 453 453 453 453 185 185 453 453 185 216 216 216 216 216 216 301 301
216 62 163 163 163 62 163 163 163 481 301 62 163 163 163 481 481 62 163 163
185 172 26 14 237 185 185 14 185 172 126 126 14 185 172 14 185 172 14 185
216 219 219 163 163 163 163 219 219 126 126 126 126 301 301 301 301 301 301 219
301 216 216 126 126 219 453 185 453 453 185 172 185 453 453 185 453 453 185 453
62 62 301 301 277 277 277 277 277 277 277 277 277 277 277 277 301 301 163 163
301 301 301 301 301 301 219 219 219 126 301 301 264 264 264 264 264 264 216 264
62 216 62 62 62 62 62 301 301 301 264 264 264 264 264 264 264 264 264 62
185 185 453 453 453 453 185 453 185 453 453 185 216 216 216 216 216 216 301 301
62 62 277 305 305 305 277 305 305 277 277 277 277 305 277 305 277 277 32 32
62 62 163 163 163 163 163 163 62 62 163 163 163 163 163 163 126 126 172 237
62 216 163 163 62 216 62 62 216 216 216 62 62 62 163 256 163 163 163 163
163 163 163 163 163 126 126 62 216 163 163 163 163 163 163 481 481 216 62 163
237 185 185 14 185 163 163 172 14 185 172 26 14 185 172 26 14 185 172 14
185 185 453 453 453 185 453 185 453 453 185 62 216 163 163 301 301 163 163 301
126 126 172 237 185 172 26 14 237 185 185 14 185 172 14 185 172 14 185 172
264 264 264 264 264 264 264 264 264 264 264 219 219 301 62 163 216 62 163 216
172 26 14 237 185 185 14 185 172 26 14 185 172 26 14 185 172 26 14 185
264 264 264 264 219 219 264 264 264 264 264 301 62 216 216 163 163 256 481 62
172 26 14 237 185 185 237 185 172 14 185 172 14 185 172 14 185 256 172 14
185 185 26 185 216 126 216 216 62 216 62 216 216 301 301 301 264 264 264 264
185 453 185 453 126 185 163 163 301 301 163 163 301 301 216 216 216 216 216 216
277 277 277 277 277 277 277 277 277 277 216 62 32 126 126 126 62 62 256 163
216 216 216 453 453 185 453 185 453 453 185 185 185 185 453 453 453 185 453 185
277 277 277 277 277 277 277 277 277 277 277 301 301 256 256 277 277 277 277 277
62 126 62 62 62 301 301 264 264 264 264 264 264 264 264 264 62 216 216 163
62 62 62 163 163 301 301 216 216 216 62 163 163 163 163 163 163 62 62 163
14 185 185 26 185 62 126 216 62 62 62 216 62 216 301 301 264 264 264 264
185 126 216 126 216 62 216 301 301 264 264 264 264 264 264 264 264 264 62 163
453 185 453 453 185 185 185 185 453 453 453 185 453 185 453 453 185 216 216 216
62 62 163 163 256 163 163 163 62 62 163 163 163 163 163 163 481 481 216 62
264 264 264 264 264 264 264 264 62 62 264 264 264 264 264 264 264 264 62 62
62 216 62 163 163 126 126 163 163 219 219 453 185 453 453 185 185 453 185 453
277 277 277 277 277 277 277 277 277 277 277 277 126 126 126 126 62 62 163 163
453 453 453 453 453 185 185 453 453 185 216 216 216 216 216 216 301 301 301 301
163 62 62 163 301 163 301 301 216 216 216 301 301 264 264 264 264 264 264 264
185 26 26 185 498 498 498 498 126 498 498 498 219 219 498 498 498 498 498 264
185 172 26 14 185 185 126 237 185 26 185 237 185 172 26 14 237 185 185 14
264 216 163 163 163 62 163 163 163 62 163 163 163 481 216 163 163 163 301 481
172 26 14 185 185 453 185 216 126 216 216 216 301 301 264 264 264 264 264 264
172 26 14 185 172 26 14 185 185 26 185 126 216 264 216 216 62 216 216 301
62 62 216 163 256 62 264 216 256 216 163 126 126 185 26 185 216 172 26 14
277 277 277 301 277 32 32 126 126 62 163 163 301 277 277 277 277 277 277 277
453 453 185 453 185 453 453 185 301 301 216 62 163 163 163 163 301 301 216 216
453 453 453 453 185 453 185 453 453 185 216 216 216 216 216 216 301 301 301 301
62 163 163 163 163 163 163 481 481 216 62 163 163 163 163 163 163 481 481 481
264 264 264 264 264 264 264 264 264 62 62 216 62 62 163 256 62 264 62 256
277 277 277 277 277 277 277 277 277 277 277 277 277 277 277 277 277 277 277 277
172 14 185 185 301 126 26 185 126 185 26 185 172 26 237 26 185 185 14 185
185 301 301 219 453 172 453 453 185 172 185 453 453 185 453 185 453 453 185 185
185 26 185 172 26 237 237 185 185 14 185 172 14 185 172 14 185 172 14 185
185 481 14 185 172 14 172 481 237 14 185 277 277 277 277 481 26 481 172 172
185 172 26 14 237 185 185 14 185 172 26 14 185 172 26 14 185 172 26 14
185 172 26 14 185 172 26 14 185 172 26 14 185 216 216 216 216 172 26 14
481 481 62 62 163 163 163 163 163 163 481 481 126 126 481 481 62 62 163 163
62 301 301 219 219 301 264 264 264 264 264 264 264 264 481 264 264 264 264 62
264 264 264 264 264 264 264 264 264 264 62 264 62 62 62 62 62 264 216 62
264 264 264 264 264 264 264 264 264 264 264 62 163 126 163 163 62 163 163 163
453 453 185 453 185 453 453 185 264 264 264 264 185 185 453 453 185 453 185 453
301 264 264 219 219 126 219 264 264 264 264 264 264 264 62 301 481 481 481 481
277 277 277 277 277 277 277 277 277 301 301 256 256 277 277 277 277 277 277 277
277 277 277 277 277 277 277 301 277 32 32 126 126 62 163 163 301 277 277 277
453 453 185 216 62 216 62 216 216 216 216 301 301 301 301 481 481 264 264 264
163 219 219 453 185 453 453 185 185 453 185 453 453 185 216 216 216 216 216 216
301 301 219 219 264 264 264 264 264 264 264 264 264 481 264 264 264 62 62 62
277 277 277 277 277 305 305 305 305 305 305 305 277 305 277 32 305 277 305 277
219 126 237 185 26 185 172 26 14 26 185 185 14 185 172 14 185 172 126 14
185 172 26 14 185 172 26 14 185 185 26 185 126 498 264 498 216 62 216 216
264 264 453 453 453 185 453 453 185 185 264 264 185 185 264 264 453 453 185 453
126 26 126 185 185 237 185 172 26 14 237 185 185 14 185 172 14 185 172 14
172 163 163 216 62 14 185 163 163 172 14 185 172 185 453 453 185 301 301 216
62 264 264 216 62 62 216 216 62 216 216 163 163 62 62 256 216 216 216 62
277 277 277 277 277 277 277 305 277 277 277 277 62 32 32 126 126 301 62 163
481 264 264 62 264 301 163 62 216 163 216 62 163 163 163 126 62 163 163 163
264 216 62 62 62 62 62 62 216 216 62 264 264 264 62 62 62 216 216 163
277 277 277 277 277 277 277 277 277 277 277 277 32 32 32 32 32 32 32 32
172 26 14 185 185 126 237 185 26 185 237 185 172 26 14 237 185 185 14 185
301 185 185 453 453 185 453 185 453 453 185 185 185 453 453 185 453 185 453 453
172 26 14 237 185 185 237 185 172 14 185 172 14 185 172 26 14 185 172 26
185 185 14 185 172 14 185 172 14 185 172 237 14 185 301 172 26 14 185 216
277 277 277 277 277 277 277 277 277 277 305 32 305 305 277 277 277 277 277 277
126 126 453 185 453 453 185 185 185 185 453 453 453 453 453 185 185 453 453 185
14 216 185 62 264 216 62 216 163 163 172 14 185 264 126 62 163 216 216 216
277 216 62 126 126 498 126 62 62 256 256 163 256 216 62 277 277 277 277 277
264 264 453 453 264 264 453 185 453 453 185 185 264 264 172 185 453 453 453 185
453 264 264 453 185 453 453 185 185 185 185 453 453 185 453 185 453 453 185 264
277 277 277 277 277 277 277 277 277 277 216 32 32 126 126 62 163 256 301 277
301 264 264 264 264 264 264 264 264 264 216 163 216 62 264 62 163 301 163 301
14 185 172 357 185 172 26 14 185 172 26 14 185 62 163 357 163 126 216 216
264 264 264 264 264 264 264 264 264 264 264 264 62 62 62 126 126 185 26 185
301 301 277 277 277 277 277 277 277 277 277 277 277 277 277 277 277 277 277 277
62 216 62 216 62 301 301 301 301 264 264 264 264 264 264 185 264 264 453 453
357 163 277 277 277 277 305 305 305 277 277 277 305 305 277 277 305 277 277 277
481 62 163 163 163 481 62 163 163 163 481 62 62 481 256 62 481 62 163 163
301 264 264 264 264 264 264 264 264 264 216 163 301 277 277 301 163 277 481 481
481 481 62 62 163 163 163 163 163 163 126 126 481 481 481 481 481 481 185 14
264 264 264 62 62 264 264 216 216 216 62 163 163 264 264 216 62 216 62 62
264 264 264 264 264 264 264 264 264 264 264 264 62 163 256 216 216 264 62 163
277 62 126 126 126 126 62 163 163 126 32 32 277 277 277 277 277 277 277 277
277 62 62 277 277 277 277 277 277 277 277 277 305 277 277 277 277 277 277 277
163 216 62 264 62 163 301 163 301 216 216 216 301 301 264 264 264 256 264 264
185 26 185 172 26 237 237 185 185 237 185 172 237 185 172 14 185 172 237 185
277 277 277 277 277 277 305 305 301 301 256 256 277 277 277 277 277 277 277 277
126 126 126 126 62 163 163 32 32 301 277 277 277 277 277 277 277 277 277 277
301 62 163 219 163 219 126 126 301 301 219 219 126 301 301 264 264 264 264 264
237 185 172 453 14 237 185 185 14 185 172 14 185 172 14 185 172 14 185 185
172 14 185 185 301 126 26 185 126 185 26 185 172 26 237 26 185 185 14 185
264 264 264 264 264 264 264 264 264 62 62 264 264 163 163 256 163 216 216 264
62 216 62 62 62 163 163 163 163 163 163 62 62 301 301 163 163 163 163 163
163 163 163 163 163 481 481 126 126 62 62 163 163 163 163 163 163 481 481 126
301 264 264 264 264 264 264 264 264 264 264 264 264 264 264 264 264 264 264 62
453 185 453 185 453 453 185 185 185 453 453 453 185 126 126 216 216 216 216 216
277 277 277 277 277 277 277 277 277 305 277 277 277 305 305 277 277 301 301 256
219 126 219 301 264 264 264 264 264 264 264 264 264 62 216 62 301 481 481 481
163 481 277 277 277 216 62 62 216 301 301 219 219 264 264 264 264 264 264 264
305 305 305 305 305 305 305 305 305 305 305 305 305 305 305 305 305 305 305 305
301 301 163 163 301 301 216 216 216 216 216 216 301 301 301 301 126 185 453 453
14 185 185 26 185 126 216 216 62 62 62 216 62 301 301 264 264 264 264 264
219 126 126 301 264 264 264 264 264 264 264 264 264 62 163 301 481 301 481 216
264 264 264 219 219 264 62 216 216 163 216 62 216 62 481 62 163 163 163 126
237 185 185 14 185 172 14 185 172 14 185 172 14 185 172 14 185 62 163 163
62 216 301 301 264 264 264 264 264 264 264 264 264 62 163 216 62 264 62 163
219 453 172 453 126 185 172 185 453 453 185 453 185 453 453 185 185 185 453 453
264 264 185 185 453 453 185 453 185 453 453 185 216 264 264 264 264 264 264 264
163 163 219 219 126 126 126 126 301 301 301 301 301 301 219 219 219 126 126 301
163 163 219 219 301 301 216 216 126 126 219 453 185 453 453 185 172 185 453 453
172 453 14 237 185 185 237 185 172 14 185 172 14 185 172 14 185 185 126 126
163 163 163 301 216 163 163 163 219 219 126 126 185 26 185 172 26 14 237 185
264 264 264 62 62 216 62 216 62 301 301 277 277 277 277 277 277 277 277 277
62 216 62 62 301 301 277 277 277 277 277 277 277 277 277 277 277 277 301 301
185 172 237 185 172 26 14 185 172 26 237 185 172 14 185 185 26 185 126 256
62 62 185 185 163 163 216 216 62 216 453 453 185 453 185 453 453 185 185 185
237 185 172 14 185 172 14 185 172 26 14 185 172 172 26 14 185 185 26 185
185 172 14 185 172 14 185 172 14 185 185 126 14 185 26 185 237 185 172 26
277 277 277 481 237 481 32 32 237 32 62 126 277 277 277 277 62 498 62 62
277 277 277 277 277 277 277 277 277 216 32 32 126 126 62 163 256 301 277 277
301 264 264 264 264 264 219 219 264 126 219 264 264 264 62 163 163 481 481 481
264 264 264 264 264 62 216 216 163 216 216 163 163 301 301 216 216 216 301 301
163 163 163 163 219 219 301 301 216 216 126 126 219 453 185 453 126 185 172 185
237 185 172 216 26 14 237 185 185 14 185 172 14 185 172 14 185 172 14 185
301 301 62 62 62 301 301 264 264 264 264 264 264 264 264 264 264 264 264 62
26 14 237 185 185 14 185 172 14 185 172 14 185 172 14 185 172 237 14 185
62 62 62 481 481 481 481 62 62 163 163 163 163 163 163 126 126 481 481 481
14 185 481 14 185 172 14 185 481 237 14 185 277 277 277 277 481 26 14 172
277 277 357 301 277 277 277 277 277 305 305 277 277 277 305 277 277 277 277 277
264 264 264 62 163 301 277 277 277 277 277 277 277 277 277 277 277 277 277 277
163 163 126 126 185 26 185 172 26 14 26 185 185 14 185 172 216 14 185 163
62 256 163 62 163 301 256 301 216 216 216 301 301 264 264 264 264 256 256 264
185 172 14 185 62 172 14 185 185 26 185 126 216 216 216 216 216 216 216 264
26 26 185 185 172 26 14 26 185 185 26 185 172 26 185 172 26 14 185 172
264 62 62 216 216 216 163 216 256 216 62 163 163 163 62 163 163 163 481 216
277 277 277 277 277 277 277 277 305 277 305 305 305 305 305 305 32 277 277 277
277 277 277 126 62 62 62 62 219 126 62 216 216 301 301 264 264 264 264 264
301 216 62 62 62 163 163 163 163 163 163 62 62 163 163 163 163 163 163 481
357 14 185 172 14 185 62 172 14 185 185 26 185 126 498 256 216 216 216 216
185 14 185 172 126 126 14 185 172 14 185 172 14 185 172 14 185 185 26 185
62 216 163 163 481 301 216 216 163 163 481 481 216 216 163 163 126 481 481 216
301 163 163 277 277 277 277 277 277 277 277 277 277 277 277 277 277 277 277 163
301 163 277 277 277 277 277 305 277 305 277 305 277 305 32 32 126 126 62 163
14 185 172 14 185 185 126 26 185 126 185 26 185 172 26 14 237 185 185 14
264 264 264 264 62 163 163 163 126 216 163 163 163 126 126 185 26 185 172 26
264 264 264 62 216 62 62 62 256 163 301 301 163 163 62 216 62 62 163 163
172 14 185 172 26 14 185 172 26 14 185 185 26 185 126 498 256 216 216 62
26 14 237 185 185 14 185 172 26 14 185 172 26 14 185 172 26 14 185 216
216 301 301 264 264 264 264 219 219 264 264 264 264 264 264 264 264 264 216 216
185 453 185 453 453 185 185 185 453 453 185 453 185 453 453 185 264 264 264 264
163 163 163 163 163 216 62 301 301 216 62 163 163 163 163 163 163 126 216 185
301 264 264 264 264 264 264 264 264 264 62 163 163 62 163 301 163 301 216 216
219 126 301 264 264 264 62 163 301 163 277 277 277 277 277 277 277 277 277 277
357 32 32 277 277 305 305 305 305 305 277 277 277 305 277 277 277 305 277 277
62 62 62 216 62 62 301 301 277 277 277 277 277 277 277 277 277 277 277 277
301 301 219 219 219 126 219 301 301 264 264 264 264 264 264 264 264 264 264 264
264 264 264 264 264 264 264 264 264 264 264 62 264 62 62 62 216 62 264 216
126 498 256 62 163 163 301 277 277 277 277 305 277 277 305 277 305 277 277 277
277 277 277 277 277 305 305 305 305 305 277 305 277 32 305 277 305 277 305 62
216 62 62 62 216 62 126 126 453 185 453 453 185 185 172 185 453 453 453 453
301 126 126 172 26 185 172 26 14 237 185 185 14 185 172 26 14 185 172 26
264 481 481 264 264 264 264 301 301 264 264 264 264 264 264 62 62 264 264 216
185 172 14 185 172 14 185 172 14 185 185 126 126 185 26 185 453 185 172 26
26 237 185 185 26 26 185 498 498 498 498 219 237 498 498 219 219 498 498 498
185 172 26 14 237 185 185 14 185 172 14 185 172 14 185 172 14 185 172 14
277 277 277 277 277 277 277 277 277 32 32 32 237 32 481 237 32 237 32 185
481 481 264 264 264 264 264 264 264 264 264 264 264 264 264 264 264 264 264 264
301 277 277 277 277 277 277 277 277 277 277 277 277 301 301 163 163 277 277 277
185 237 185 172 14 185 172 14 185 498 62 172 163 163 498 62 14 185 163 163
264 264 62 216 216 163 163 216 216 163 163 163 62 163 163 163 219 219 126 126
62 216 62 62 62 216 62 301 301 219 219 481 481 301 301 264 264 264 264 264
453 453 453 185 453 453 185 264 264 185 185 453 453 185 453 185 453 453 185 256
216 264 256 62 163 163 163 62 163 163 163 301 126 481 62 163 163 163 481 62
163 163 62 62 62 62 163 163 256 163 163 163 62 62 163 163 163 163 163 163
163 163 163 219 219 126 126 126 126 301 301 301 301 301 301 219 219 219 126 301
277 277 277 277 277 277 277 256 277 277 277 277 256 126 126 126 126 62 163 163
264 62 62 163 163 163 163 163 163 62 62 163 163 163 163 163 163 126 126 172
277 277 277 277 277 277 277 32 32 32 126 62 256 163 277 277 277 277 277 277
277 277 277 301 277 277 277 277 277 277 277 277 277 277 32 32 126 126 62 163
163 163 126 62 163 163 163 481 62 163 163 163 481 481 216 163 163 163 481 481
264 264 264 219 219 264 126 219 264 264 264 62 163 163 277 277 277 277 277 277
163 62 163 163 301 301 126 216 216 216 301 301 264 264 264 264 264 264 264 264
172 26 14 237 185 185 14 185 172 14 185 172 301 301 14 185 172 14 185 185
264 264 264 264 264 264 264 264 264 264 62 216 216 163 163 256 62 163 163 163
172 14 185 172 14 185 172 14 185 185 26 185 216 126 216 216 216 216 216 216
264 264 264 264 264 264 264 219 219 264 264 264 264 264 301 62 216 216 163 163
453 453 185 216 62 216 216 216 216 301 301 301 301 264 264 264 264 172 453 453
481 481 481 62 62 163 163 256 256 163 256 481 481 62 62 216 216 62 216 62
264 264 264 264 264 264 264 264 264 264 264 264 264 264 264 264 264 264 264 264
301 301 219 219 301 264 264 264 264 264 264 264 264 481 264 264 264 264 62 163
277 277 277 277 277 277 277 277 126 126 301 301 32 32 32 237 32 481 237 481
172 14 185 301 301 219 453 185 453 453 185 172 185 453 453 185 453 185 453 453
172 14 185 185 126 26 185 126 172 26 185 172 26 14 237 185 185 14 185 172
32 126 126 62 163 163 126 277 277 277 277 277 277 277 277 277 277 277 277 277
453 185 453 453 185 185 185 453 453 185 216 62 216 216 216 216 216 216 301 301
163 126 216 163 163 163 126 126 185 26 185 172 26 14 26 185 185 14 185 172
185 14 185 172 14 185 172 14 185 172 26 14 185 172 26 14 172 216 357 357
185 264 264 264 264 264 264 264 264 264 264 62 62 163 163 216 216 163 163 216
62 216 301 301 264 264 264 264 219 219 264 264 264 264 264 264 264 264 264 216
277 277 277 277 305 305 305 305 305 277 305 305 277 277 305 305 277 277 305 305
237 185 185 14 185 172 14 185 172 14 185 172 14 185 172 14 185 62 163 163
219 126 126 185 237 185 172 26 14 26 185 185 14 185 172 14 185 172 26 14
185 26 185 172 26 14 237 185 185 14 185 172 14 185 172 26 14 185 172 26
126 26 14 185 301 62 216 62 216 301 219 219 301 264 264 264 264 481 216 264
264 264 264 264 264 264 62 216 216 163 216 62 163 163 301 301 216 216 216 301
453 185 453 185 453 453 185 185 185 453 453 453 185 126 126 216 216 216 216 216
185 216 62 216 62 216 216 216 216 301 301 481 481 301 301 264 264 264 264 264
264 264 264 264 264 264 264 264 264 216 216 62 256 216 256 264 216 62 256 163
62 264 301 163 62 216 163 216 62 163 163 163 126 62 163 163 163 481 62 163
277 277 277 277 277 277 277 305 277 277 305 305 305 305 277 305 277 277 277 305
32 32 277 32 32 62 277 277 277 277 32 62 277 277 277 277 277 277 277 277
301 301 301 219 219 126 219 301 301 264 264 264 264 264 264 264 264 264 62 163
277 277 301 301 163 163 305 277 277 277 277 277 277 277 277 277 277 277 277 277
163 163 481 481 62 62 163 163 163 163 163 163 481 481 126 126 481 481 62 62
62 62 62 216 62 216 216 264 264 126 126 185 26 185 498 216 185 26 14 26
126 126 172 62 256 163 163 62 216 216 216 301 301 219 219 264 264 264 264 264
264 264 264 264 264 264 264 216 216 62 256 216 256 264 62 62 256 163 62 62
277 32 32 498 498 62 163 163 301 277 277 277 305 277 305 277 277 277 277 277
216 62 216 62 216 62 301 301 219 219 301 301 264 264 264 264 264 264 264 264
126 216 163 163 163 62 163 163 163 126 126 185 26 185 172 26 14 237 185 185
264 264 481 264 264 264 264 264 264 216 216 62 62 216 62 264 264 62 216 62
264 264 264 264 264 264 264 264 264 264 62 62 264 264 163 163 163 163 216 216
264 216 216 481 163 216 264 256 62 163 163 163 62 163 163 163 301 126 481 62
163 163 301 216 62 301 216 216 216 216 264 264 264 264 264 264 264 301 264 216
185 185 14 185 172 14 185 172 26 14 185 172 26 14 185 185 126 126 172 26
216 216 163 163 219 219 163 163 219 219 301 301 126 126 126 126 301 301 301 301
185 264 264 264 264 264 264 264 264 264 264 301 301 264 264 264 264 264 264 62
185 185 453 453 453 453 185 453 185 453 453 185 216 216 216 216 216 216 301 301
264 62 163 163 62 301 163 163 301 216 216 216 301 301 264 264 264 264 256 264
277 277 277 277 277 277 277 277 305 277 277 277 32 32 32 32 32 32 32 277
126 126 185 237 185 172 26 14 237 185 185 237 185 172 237 185 172 14 185 172
26 14 185 301 62 216 62 216 301 219 219 301 264 264 264 264 481 216 264 264
264 216 216 481 163 216 264 256 62 163 163 163 62 163 163 163 301 126 481 62
264 264 256 62 62 62 216 216 163 163 163 163 216 62 62 62 163 163 163 163
481 481 277 277 481 481 62 62 163 256 256 256 163 256 62 62 216 62 62 62
264 62 301 277 277 277 277 277 277 277 277 277 277 305 305 305 277 277 277 277
172 26 14 237 185 185 14 185 256 498 172 14 185 172 14 185 172 14 185 264
126 126 185 237 185 172 26 14 237 185 185 237 185 172 237 185 172 14 185 172
14 185 172 14 185 357 14 185 172 14 185 172 14 185 216 163 163 163 216 216
62 163 163 163 163 163 163 126 126 62 216 163 163 163 163 163 163 481 481 216
126 126 301 301 264 264 264 264 264 498 264 264 264 264 264 264 264 264 264 264
277 277 277 277 277 277 277 277 277 277 277 277 277 32 32 62 32 32 32 32
216 216 216 301 301 301 301 185 185 301 301 453 453 453 185 453 185 453 453 185
62 62 301 126 301 264 264 277 277 277 277 264 264 264 264 264 264 264 264 264
185 185 453 453 185 216 62 216 216 216 216 216 216 301 301 219 219 301 301 264
14 185 219 219 453 185 453 453 185 185 185 453 453 185 264 62 216 216 216 216
453 185 453 185 453 453 185 185 185 453 453 185 172 14 185 185 26 185 216 216
277 277 305 277 305 305 277 305 305 277 277 305 305 277 277 305 305 277 277 305
126 126 62 163 163 277 305 277 305 305 305 277 305 305 305 305 277 277 277 305
185 172 14 185 185 237 185 62 62 216 216 62 62 62 62 126 126 126 219 453
185 14 185 172 14 185 172 14 185 172 14 185 172 14 185 301 216 163 163 163
62 163 163 216 62 216 62 163 163 301 301 216 62 62 62 163 163 163 163 163
277 277 277 277 277 277 277 277 277 32 32 126 126 62 256 163 277 277 277 277
256 32 163 32 32 277 277 277 277 277 277 277 277 277 277 301 301 277 277 277
163 163 62 163 163 163 481 62 163 163 163 481 126 216 163 163 163 481 481 481
277 277 277 277 277 277 277 277 277 277 277 277 277 277 277 277 277 277 277 277
14 185 264 172 14 185 216 216 172 216 14 216 185 62 264 216 62 216 163 163
277 277 277 277 216 62 126 126 126 126 62 62 256 256 163 256 216 62 277 277
185 453 126 185 62 62 163 163 301 301 163 163 301 301 216 62 216 216 216 216
277 277 277 277 277 277 277 277 32 32 32 32 32 237 183 481 237 32 237 183
453 453 185 264 264 453 185 453 453 185 264 264 264 264 264 264 62 62 163 163
264 264 264 264 264 264 264 264 264 264 264 264 264 264 264 264 264 264 264 62
62 163 163 163 481 62 163 163 163 301 481 216 216 62 62 277 277 277 277 481
185 185 14 172 172 14 185 172 237 14 185 172 26 14 185 172 237 14 185 185
185 172 14 185 216 172 14 185 185 26 185 126 216 216 62 216 216 216 216 301
126 126 185 26 185 264 216 172 26 14 26 185 185 14 185 216 216 163 172 14
481 219 219 481 481 126 126 62 62 163 163 163 163 163 163 277 277 277 277 277
256 163 62 216 163 163 481 216 216 163 163 301 481 62 216 163 481 163 481 126
264 264 264 264 264 264 264 264 301 301 264 264 264 264 264 264 62 62 264 264
62 216 62 62 62 62 216 216 62 62 163 256 163 256 163 256 62 62 301 301
185 357 14 185 172 14 185 172 14 185 216 216 216 216 301 301 264 264 264 264
163 163 163 163 163 62 62 163 163 163 163 163 163 126 126 185 26 185 172 26
277 277 277 277 277 277 277 277 305 277 301 301 277 277 277 277 163 163 62 62
264 264 264 264 264 62 216 62 256 481 163 264 216 62 256 163 62 216 256 163
277 277 305 305 305 305 305 305 305 305 305 305 277 305 305 305 305 305 62 32
305 277 277 305 305 305 305 277 305 305 305 277 305 305 305 62 32 32 32 32
357 277 277 277 277 277 277 277 277 305 277 277 305 277 277 277 277 277 277 277
301 264 264 264 264 264 62 301 163 277 277 277 277 277 277 277 277 277 277 277
301 301 264 264 264 264 264 264 264 264 264 264 264 264 62 62 62 126 126 185
277 277 277 277 305 277 277 277 277 277 305 305 305 305 305 305 305 305 305 277
264 264 264 264 264 264 264 264 126 219 219 264 264 264 62 264 163 163 216 62
126 126 498 126 62 62 163 163 163 163 219 219 301 301 216 216 126 126 219 453
277 277 277 277 277 277 32 32 126 126 62 163 163 277 277 277 277 277 277 277
14 185 301 62 216 62 216 301 219 219 301 264 264 264 264 481 264 264 264 264
126 62 62 62 62 216 216 216 301 301 301 126 264 264 264 264 264 264 264 264
237 185 172 14 185 172 237 185 185 126 26 185 14 185 26 185 172 26 237 26
185 453 453 185 185 185 453 453 185 264 264 453 172 453 453 172 264 264 172 185
481 481 219 219 126 126 185 237 185 172 26 14 237 185 185 237 185 172 237 185
264 264 264 264 264 219 219 264 264 264 264 264 301 62 216 216 163 163 256 481
301 481 216 498 62 62 277 277 277 277 481 62 163 163 163 481 126 481 481 62
453 453 185 172 26 14 185 62 62 163 163 163 163 163 163 301 301 453 185 453
185 453 453 185 185 264 264 185 185 264 264 453 453 185 453 185 453 453 185 185
264 264 264 264 264 264 264 264 264 62 163 163 62 301 163 163 301 264 216 216
277 277 305 305 305 305 305 305 305 305 305 305 305 305 305 305 32 32 32 32
301 301 301 264 264 264 264 264 264 219 219 126 219 264 264 264 216 163 481 481
277 277 277 277 126 277 277 277 277 62 216 62 62 62 62 216 301 301 264 264
277 277 277 277 277 277 277 277 277 277 216 32 32 126 126 62 163 256 301 277
126 62 62 62 62 62 62 216 301 301 264 264 264 264 264 301 264 264 264 264
62 62 301 277 277 277 277 301 277 277 277 277 277 277 277 277 277 277 277 277
264 264 264 301 264 264 264 264 264 264 264 264 62 62 62 216 216 163 216 256
216 219 219 163 163 163 163 219 219 126 126 126 126 301 301 301 301 301 301 219
219 126 126 185 237 185 172 26 14 237 185 185 237 185 172 237 185 172 14 185
163 62 163 163 163 481 216 163 163 163 481 481 62 163 163 163 126 481 481 481
277 277 305 277 305 305 301 301 256 163 305 277 277 277 277 277 277 277 277 277
62 62 216 163 216 62 163 163 301 301 216 216 62 301 301 264 264 264 264 264
264 264 264 264 264 264 264 264 264 264 62 163 256 216 216 264 62 163 163 163
301 301 264 216 62 301 301 264 264 264 264 264 264 264 264 264 264 264 264 62
219 219 264 264 264 264 264 264 264 264 216 216 216 481 163 216 264 256 62 163
264 264 264 264 264 264 264 264 264 264 264 264 62 216 62 256 62 216 216 264
277 277 277 277 277 277 277 219 219 126 126 172 237 185 481 237 14 237 185 185
301 126 126 185 237 185 172 26 14 26 185 185 14 185 172 14 185 172 14 185
126 172 14 185 185 126 14 185 26 185 237 185 172 26 237 26 185 185 237 185
301 301 301 301 264 264 264 264 219 219 126 219 264 264 264 264 264 62 163 301
301 126 301 216 216 163 256 219 219 163 256 219 219 301 301 126 126 126 126 301
219 219 126 126 185 237 185 172 26 14 26 185 185 14 185 172 14 185 172 26
481 264 264 264 264 264 264 264 264 216 163 163 163 62 163 163 163 62 163 163
216 163 163 256 216 185 185 185 453 453 453 185 453 185 453 126 185 62 62 163
185 264 172 26 237 26 185 185 264 237 185 498 172 216 216 237 185 264 172 14
185 185 26 185 126 216 126 216 216 216 301 301 264 264 264 264 264 264 264 264
453 185 216 126 62 62 62 301 301 264 264 264 264 264 264 264 264 264 62 216
264 264 264 264 264 62 62 62 216 62 62 301 301 277 277 277 277 277 277 277
453 453 185 172 185 453 453 185 453 453 185 453 453 185 185 185 453 453 185 481
264 62 163 216 62 163 216 62 163 163 163 62 163 163 163 481 301 62 163 163
277 277 277 277 277 305 305 305 305 305 305 305 277 305 277 32 305 277 305 277
256 163 301 277 277 301 163 277 277 277 277 277 277 277 277 277 277 277 277 277
277 277 305 305 305 305 305 305 305 305 305 305 305 305 305 305 305 305 277 277
301 264 264 264 264 264 264 264 264 264 264 264 264 62 163 62 62 163 216 481
256 301 301 301 301 264 264 264 264 264 264 219 219 126 219 264 264 264 216 163
453 185 453 185 453 126 185 163 163 301 301 163 163 301 301 216 216 216 216 216
185 172 26 14 185 62 163 163 256 172 14 185 216 216 216 216 301 301 301 264
301 219 219 126 219 301 264 264 264 264 264 264 264 264 264 62 163 301 481 481
277 277 277 277 277 305 277 305 305 277 305 305 305 305 305 305 305 305 277 32
126 126 126 62 163 163 277 277 277 277 277 277 277 277 277 277 277 277 277 277
14 185 185 126 26 185 126 185 26 185 172 26 14 237 185 185 14 185 172 14
453 453 185 453 185 453 453 185 264 256 185 185 453 453 185 453 185 453 453 185
62 62 264 264 264 264 264 264 264 264 264 264 62 62 264 264 264 264 264 264
26 14 237 185 185 14 185 172 14 185 172 14 185 172 14 185 481 481 277 277
163 301 62 163 163 163 481 216 163 163 163 481 62 163 163 163 481 481 481 126
216 62 216 62 163 163 163 126 126 185 26 185 62 163 172 26 14 237 185 185
62 216 62 216 62 301 301 301 301 264 264 264 264 264 264 185 264 264 453 453
126 126 185 26 185 26 185 172 26 14 26 185 185 237 185 172 14 185 172 14
14 185 172 14 185 219 172 26 14 185 172 26 14 185 185 26 185 216 126 216
219 126 126 185 237 185 172 26 14 26 185 185 14 185 172 14 185 172 26 14
301 163 277 277 277 277 277 305 277 305 277 305 277 305 32 32 126 126 62 163
277 277 277 277 277 277 277 277 277 277 277 277 301 301 256 256 277 277 277 277
301 126 301 216 216 163 256 219 219 163 256 219 219 301 301 126 126 126 126 301
453 453 185 453 185 453 453 185 264 264 264 216 264 264 172 185 264 264 453 453
277 277 277 277 277 219 219 301 32 126 481 237 183 481 26 237 237 481 481 14
62 163 163 163 163 301 301 301 301 216 216 216 216 216 216 301 301 301 301 172
62 163 163 216 62 163 163 163 481 301 216 163 163 163 481 481 62 163 163 163
301 301 219 219 219 126 219 301 301 264 264 264 264 264 498 264 264 264 264 264
163 219 163 219 301 126 126 301 301 301 219 219 126 219 301 264 264 264 264 264
301 62 163 163 62 256 62 277 277 277 277 277 277 277 277 277 277 277 277 277
62 498 62 32 237 481 32 32 237 32 216 277 277 277 277 126 62 277 277 277
185 301 301 126 126 185 26 185 172 26 14 237 185 185 237 185 172 26 14 185
62 172 14 185 185 26 185 126 216 216 216 62 62 216 62 301 301 264 264 264
277 277 126 62 277 277 277 277 277 277 277 277 126 62 62 62 62 32 126 62
264 219 219 264 62 216 216 163 216 216 216 62 481 62 163 163 163 126 62 163
14 185 62 62 163 163 163 163 163 163 301 301 453 185 453 453 185 185 185 453
277 277 256 126 126 126 126 62 163 163 301 277 277 277 277 277 277 277 277 277
301 357 357 277 277 277 277 277 277 277 277 277 277 277 277 277 277 277 277 277
62 277 277 277 277 277 277 277 277 32 163 277 277 277 277 277 277 277 277 277
185 453 185 453 453 185 185 185 453 453 185 453 185 453 453 185 264 264 264 264
172 14 185 264 126 62 163 216 216 216 216 301 301 264 264 264 264 264 264 264
26 185 216 62 216 62 62 216 62 62 126 126 453 185 453 453 185 185 185 185
277 277 277 305 32 305 305 305 305 305 277 277 277 277 305 277 305 277 305 62
216 163 163 256 216 163 163 163 301 216 163 163 163 219 219 126 126 185 26 185
264 264 264 264 264 264 264 264 264 216 216 216 163 62 62 163 301 163 301 301
14 185 172 14 185 172 14 185 172 14 185 172 14 185 62 163 163 163 481 481
163 216 62 163 481 256 62 163 163 163 301 62 163 163 163 216 216 481 256 216
237 185 26 185 126 498 498 498 219 219 264 264 264 264 264 498 264 498 256 498
126 126 498 126 301 62 163 163 62 216 62 277 277 277 277 277 277 277 277 277
14 26 185 185 237 185 172 26 14 185 126 126 172 26 14 185 172 26 216 62
264 264 264 264 264 264 264 264 216 216 62 256 481 163 264 216 62 256 163 62
185 172 14 185 172 14 185 185 26 185 216 126 216 216 216 216 216 216 216 301
277 277 277 277 305 277 305 305 305 277 277 305 277 305 305 32 32 32 32 32
185 185 126 26 185 126 172 26 185 172 26 14 237 185 185 14 185 172 14 185
301 126 126 185 26 185 172 26 14 237 185 185 14 185 172 14 185 172 216 14
277 277 277 277 277 277 277 277 277 277 277 277 256 256 32 32 126 126 62 62
62 126 301 277 277 277 277 126 277 277 277 277 62 216 62 62 216 62 216 301
256 62 301 163 277 277 277 277 277 277 277 277 277 277 277 277 277 277 277 277
62 62 216 301 301 264 264 264 264 264 301 264 264 264 264 216 163 163 62 163
264 264 264 264 264 264 264 264 216 216 163 216 62 163 163 301 301 216 216 216
62 62 301 301 264 264 264 264 264 264 264 264 264 264 264 264 216 216 62 256
301 301 301 185 185 264 264 264 264 453 453 185 453 185 453 453 185 216 264 185
163 163 126 126 172 237 185 172 237 14 237 185 185 14 185 172 14 185 172 14
172 453 126 185 62 62 163 163 301 301 256 163 301 301 216 62 216 216 216 216
264 264 62 62 264 264 163 163 163 256 62 62 264 264 62 62 163 163 163 163
163 172 14 185 163 172 26 14 185 172 26 14 185 216 216 216 216 301 301 264
264 256 62 301 163 277 277 277 277 277 277 277 277 277 277 277 277 277 277 277
301 277 277 277 277 277 277 277 277 277 277 277 277 277 277 277 277 277 277 277
185 185 14 185 172 26 14 185 172 26 14 185 172 26 14 185 172 172 26 14
26 185 172 26 237 237 185 185 14 185 172 14 185 172 14 185 172 26 14 185
62 14 185 264 172 14 185 216 216 172 216 14 216 185 62 264 216 62 216 163
163 163 481 481 62 163 163 163 126 481 481 481 163 62 163 163 481 481 216 256
264 264 219 219 264 264 264 264 264 301 62 216 216 163 163 256 481 62 256 163
277 277 62 32 32 126 126 62 163 163 62 62 277 277 277 277 277 277 277 277
264 26 185 264 172 26 237 26 185 185 264 237 185 498 172 498 216 237 185 264
185 172 453 14 185 185 26 185 216 126 216 216 216 62 216 216 216 301 301 264
185 26 185 172 26 14 237 185 185 14 185 172 216 14 185 163 163 172 14 185
14 185 172 453 14 185 185 26 185 216 126 216 216 216 216 216 216 216 301 301
62 264 126 126 126 126 62 163 163 301 277 277 277 277 277 277 277 277 277 277
14 237 185 185 14 185 172 14 185 172 14 185 172 14 185 185 126 14 185 26
185 453 453 185 126 301 216 62 163 163 163 163 163 163 453 185 453 237 185 185
62 301 301 264 264 264 264 264 264 264 264 264 62 216 216 163 216 62 163 163
481 481 277 277 163 163 264 62 126 126 498 126 163 163 62 62 163 256 219 219
172 26 357 185 172 26 14 185 172 185 453 453 185 172 26 14 185 216 62 163
62 62 62 62 32 481 126 126 481 481 277 277 277 277 277 277 277 277 62 62
62 62 216 301 277 277 277 277 301 277 277 277 277 277 277 277 277 277 277 277
163 256 219 219 219 219 126 126 126 126 301 301 301 301 301 301 219 219 219 126
256 219 301 126 126 301 301 301 219 219 126 219 301 264 264 264 264 264 264 264
185 453 453 185 185 185 185 453 453 453 453 453 185 185 453 453 185 216 216 216
126 62 185 301 172 481 185 185 453 185 216 126 216 216 216 301 301 264 264 264
264 264 264 264 264 264 264 264 264 219 219 301 62 163 216 62 163 216 481 62
216 216 216 256 62 216 163 163 216 216 163 163 163 481 301 216 163 163 163 481
277 277 277 277 277 277 305 305 305 305 32 256 277 277 305 305 277 305 277 305
219 264 264 264 264 264 264 264 264 264 264 62 62 62 256 481 163 264 216 62
185 453 453 453 185 453 185 453 453 185 256 264 264 264 264 264 62 62 185 185
126 301 301 264 264 264 264 264 264 264 264 264 62 163 301 277 277 277 277 481
453 185 453 185 453 453 185 264 264 264 264 185 185 453 453 185 453 185 453 453
219 62 216 216 216 301 301 264 264 264 264 264 264 264 264 264 264 264 481 264
264 216 216 216 216 216 216 264 264 216 216 216 163 163 62 216 163 163 481 301
62 62 216 301 301 264 264 264 264 264 264 264 264 264 264 264 62 264 62 216
481 126 62 62 62 301 301 264 264 264 264 264 264 264 264 264 62 216 216 163
32 32 32 32 481 14 32 481 32 32 277 277 277 277 277 277 277 277 277 277
185 172 14 185 172 453 14 185 172 26 14 185 301 216 216 216 216 301 219 219
14 185 185 126 26 185 126 185 26 185 172 26 14 237 185 185 14 185 172 14
26 185 172 26 237 26 185 185 14 185 172 14 185 172 14 185 172 14 185 498
277 277 277 277 277 277 219 219 32 32 481 237 338 481 237 14 237 338 338 14
185 237 185 172 26 14 237 185 185 14 185 172 14 185 172 219 301 14 185 172
237 26 185 172 26 14 26 185 185 14 185 172 14 185 172 26 14 185 172 26
277 277 277 277 277 277 305 277 301 301 277 277 277 277 163 163 62 62 32 126
62 62 216 301 301 219 219 301 264 264 264 264 264 264 264 264 481 264 264 264
264 264 264 264 62 216 216 163 216 216 163 163 301 301 216 216 216 301 301 264
453 185 453 126 185 62 62 163 163 301 301 163 163 301 301 216 216 216 216 216
277 277 277 277 277 277 277 277 277 277 277 277 277 277 277 32 32 32 126 62
301 301 126 126 172 26 185 172 26 14 237 185 185 14 185 172 26 14 185 172
62 62 62 163 163 62 62 256 216 216 216 62 62 163 163 163 163 163 163 62
126 301 301 301 219 219 126 219 301 264 264 264 264 264 264 264 264 264 62 163
172 26 185 172 26 14 237 185 185 14 185 172 26 14 185 172 26 14 185 172
301 301 301 301 172 185 301 301 453 453 453 185 453 185 453 453 185 172 185 453
357 301 357 277 277 277 277 277 277 277 277 277 277 277 301 277 277 277 277 277
256 453 185 453 453 185 185 185 453 453 185 216 216 216 216 216 216 216 216 301
32 32 32 277 305 277 305 277 305 277 277 305 305 305 305 305 305 305 305 32
62 481 481 126 126 481 481 62 62 256 163 163 256 163 163 481 481 481 481 481
126 185 301 301 216 62 163 163 163 256 301 301 216 62 216 216 216 216 301 301
277 277 277 277 277 277 277 277 277 126 126 32 32 32 32 32 237 32 481 237
126 277 277 277 277 62 216 62 62 216 62 216 301 301 264 264 264 264 264 264
185 14 185 481 481 219 219 481 481 126 126 62 62 163 163 163 163 163 163 481
264 264 264 264 264 264 264 264 264 264 264 264 62 62 62 126 126 185 26 185
163 163 163 163 163 481 481 481 481 481 481 62 62 163 163 163 163 163 163 256
14 185 172 26 14 185 301 216 216 216 216 301 219 219 301 264 264 264 264 481
301 126 126 185 26 185 172 26 14 237 185 185 14 185 172 14 185 172 216 14
301 264 264 264 264 264 264 264 264 264 216 163 301 481 301 481 216 216 481 481
277 277 277 277 277 277 277 277 277 277 277 277 62 62 62 32 32 126 126 62
264 264 453 185 453 453 453 185 453 453 185 264 264 185 185 453 453 185 453 185
277 277 277 277 277 277 277 305 277 277 305 305 305 305 305 277 277 277 32 277
264 264 264 264 264 264 264 264 264 264 264 264 264 264 264 264 264 264 62 264
185 172 301 301 14 185 172 14 185 185 126 14 185 26 185 237 185 172 26 14
277 277 277 277 277 277 277 277 277 277 277 277 277 277 277 277 277 277 277 277
264 62 264 301 163 62 216 163 216 62 163 163 163 126 62 163 163 163 481 62
185 237 185 172 14 185 172 14 185 498 62 172 163 163 498 62 14 185 163 163
172 14 185 172 237 14 185 172 26 14 185 172 237 14 185 185 26 185 126 216
277 277 277 277 305 305 305 305 277 305 305 305 277 305 277 305 32 305 32 32
264 264 264 264 264 264 264 264 264 264 264 126 126 185 26 185 264 62 172 26
185 172 26 14 237 185 185 14 185 172 14 185 172 14 185 172 14 185 185 126
172 14 185 172 14 185 172 14 185 185 126 26 185 126 185 26 185 172 26 237
277 277 277 277 277 305 277 305 305 305 305 305 305 305 305 277 32 62 62 277
264 264 264 264 264 264 264 264 62 163 301 277 277 277 277 277 277 277 277 277
237 26 185 185 237 185 172 237 185 172 14 185 172 14 185 172 14 185 219 498
