369 112 112 379 176 224 253 144 224 369 112 379 176 2 194 112 112 176 253 144
112 176 458 112 112 176 2 379 224 26 224 379 224 395 61 26 224 253 112 112
112 176 2 144 224 369 112 112 176 2 144 224 369 112 112 176 2 379 224 144
176 367 112 112 176 2 144 224 369 112 112 176 2 144 224 369 112 379 379 176
176 458 112 112 176 2 379 224 26 224 395 61 379 224 379 224 369 112 112 26
224 253 112 112 176 458 112 112 176 2 379 224 26 224 253 112 112 176 224 379
132 14 367 132 132 14 2 144 224 26 224 194 132 132 14 2 253 132 132 14
367 132 132 14 2 144 224 26 224 194 132 132 14 2 253 132 132 14 369 395
112 379 144 2 176 224 253 112 379 176 224 144 224 253 112 112 176 458 112 112
112 112 176 2 144 224 369 112 379 379 176 253 253 144 224 369 112 112 176 2
224 369 132 132 26 253 132 132 14 367 132 132 14 2 144 224 26 224 194 132
132 132 14 224 26 224 26 224 369 132 132 26 369 132 132 14 367 132 132 14
224 369 132 132 26 369 132 132 14 367 132 132 14 2 144 224 26 224 194 132
112 176 379 253 253 144 224 253 112 112 176 2 194 112 112 176 224 144 224 253
2 144 224 369 112 112 176 2 144 224 369 112 112 176 2 379 224 144 224 369
194 112 112 176 224 144 224 253 112 112 176 458 112 112 176 2 379 224 26 224
369 112 112 26 369 112 112 176 367 112 112 176 2 144 224 369 112 112 176 2
14 367 132 132 14 2 144 224 26 224 194 132 132 14 2 253 132 132 14 369
367 112 112 176 2 144 224 26 224 194 112 112 176 2 253 112 112 176 369 395
379 26 369 112 112 176 367 112 112 176 224 144 224 26 224 194 112 112 176 253
26 369 132 132 14 367 132 132 14 2 144 224 26 224 194 132 132 14 2 395
61 26 224 26 224 369 132 132 26 369 132 132 14 367 132 132 14 2 144 224
112 112 176 458 112 112 176 2 379 224 26 224 379 224 395 61 26 224 369 112
379 176 2 194 112 112 176 224 144 224 253 112 112 176 458 112 112 176 2 379
224 26 224 369 112 112 26 369 112 112 176 367 112 112 176 2 144 224 369 112
112 112 176 224 379 224 395 61 379 224 369 112 112 26 369 112 112 176 367 112
144 224 369 112 112 176 2 379 224 144 224 369 112 112 176 2 194 112 112 176
224 369 132 132 26 369 132 132 14 367 132 132 14 2 144 224 26 224 194 132
144 224 369 112 379 176 2 194 112 112 176 224 144 224 253 112 112 176 458 112
112 112 176 2 144 224 369 112 379 379 176 253 253 144 224 369 112 112 176 2
26 369 112 112 176 367 112 112 176 2 144 224 26 224 194 112 112 176 2 253
253 369 112 112 26 369 112 112 176 367 112 112 176 2 144 224 26 224 194 112
379 369 112 112 176 367 112 112 176 2 144 224 369 112 112 176 144 253 253 253
369 112 112 176 2 144 224 369 112 379 379 176 253 253 144 224 369 112 112 176
112 26 369 112 112 176 367 112 112 176 2 144 224 369 112 112 176 2 144 224
112 112 176 2 144 224 369 112 112 176 2 379 224 144 224 253 112 112 176 2
2 144 224 26 224 194 132 132 14 224 194 132 132 26 369 395 61 253 132 132
112 112 176 2 379 224 144 224 253 112 112 176 2 194 112 112 176 224 144 224
61 26 224 26 224 26 224 253 132 132 26 369 132 132 14 367 132 132 14 2
369 112 112 176 2 379 224 144 224 369 112 112 176 2 194 112 112 176 224 144
253 144 224 369 112 112 176 2 194 112 112 176 253 144 224 253 112 112 176 458
2 144 224 379 253 194 112 112 176 2 379 253 253 112 112 176 224 379 224 253
112 176 2 379 224 144 224 369 112 112 176 2 194 112 112 176 224 144 224 369
112 379 176 2 194 112 379 176 224 144 224 253 112 112 176 458 112 112 176 2
112 112 176 367 112 112 176 2 144 224 26 224 194 112 379 176 2 253 112 112
369 112 112 144 2 176 224 253 112 379 176 224 144 224 253 112 112 176 458 112
224 379 224 395 61 379 224 369 112 112 26 369 112 112 176 367 112 112 176 2
112 112 176 2 144 224 369 112 112 176 144 253 253 253 112 112 176 2 379 224
369 112 112 26 369 112 112 176 367 112 112 176 2 144 224 369 112 112 176 2
176 379 253 253 144 224 253 112 112 176 2 194 112 112 176 224 144 224 253 112
253 112 112 176 2 144 224 369 112 112 176 2 379 224 144 224 253 112 112 176
112 112 176 224 144 224 253 112 112 176 458 112 112 176 2 379 224 26 224 379
144 224 369 112 112 176 458 112 112 176 2 379 224 26 224 395 61 379 224 379
224 144 224 253 112 112 176 458 112 112 176 2 379 224 26 224 379 224 395 61
112 176 458 112 112 176 2 379 224 26 224 379 224 395 61 26 224 369 112 112
367 112 112 176 2 144 224 26 224 194 112 112 176 2 395 61 253 112 112 176
112 112 176 367 112 112 176 2 144 224 26 224 194 112 379 176 2 253 112 112
2 144 224 369 112 112 176 144 253 253 253 112 112 176 2 379 224 144 224 253
224 379 224 253 112 112 26 224 194 112 112 176 367 112 112 176 2 144 224 369
224 26 253 395 61 379 224 379 224 369 112 112 26 369 112 112 176 367 112 112
176 2 379 224 369 112 112 144 2 176 224 253 112 112 176 224 144 224 369 112
194 112 112 176 224 144 224 253 112 112 176 458 112 112 176 2 379 224 26 224
26 224 369 112 112 26 369 112 112 176 367 112 112 176 224 144 224 26 224 194
176 224 144 224 253 112 112 176 458 112 112 176 2 379 224 26 224 379 224 395
61 26 224 26 224 369 132 132 26 369 132 132 14 367 132 132 14 2 144 224
61 26 224 369 132 132 26 369 132 132 14 367 132 132 14 2 144 224 26 224
112 112 176 2 144 224 369 112 112 176 2 379 224 144 224 253 112 112 176 2
112 176 2 194 112 112 176 224 144 224 369 112 379 176 458 112 112 176 2 379
112 112 176 2 379 224 26 224 395 61 379 224 379 224 369 112 112 26 369 112
176 2 194 112 112 176 224 144 224 253 112 112 176 458 112 112 176 2 379 224
224 369 112 112 176 2 194 112 112 176 224 144 224 253 112 112 176 458 112 112
176 253 144 224 253 112 112 176 458 112 112 176 2 379 224 26 224 379 224 395
61 379 224 253 112 112 176 224 379 224 395 395 26 224 253 112 112 26 369 112
112 112 176 458 112 112 176 2 379 224 26 224 379 224 395 61 26 224 253 112
144 224 369 112 112 176 2 144 224 369 112 112 176 2 379 224 144 224 369 112
224 253 112 112 176 2 194 112 112 176 224 144 224 369 112 379 176 458 112 112
2 144 224 369 112 112 176 2 379 224 144 224 253 112 112 176 2 194 112 112
367 112 112 176 2 144 224 369 112 112 176 2 144 224 369 112 112 176 379 253
176 2 194 112 112 176 224 144 224 253 112 112 176 458 112 112 176 2 379 224
253 112 112 26 369 112 112 176 367 112 112 176 2 144 224 253 112 112 176 2
176 367 112 112 176 2 144 224 369 112 112 176 2 144 224 369 112 112 176 2
253 112 112 176 224 144 224 253 112 112 176 458 112 112 176 2 379 224 26 224
379 224 26 224 379 224 395 61 379 224 369 112 112 26 369 112 112 176 367 112
224 395 395 26 253 369 112 112 26 369 112 112 176 367 112 112 176 2 144 224
224 369 132 132 26 253 132 132 14 367 132 132 14 2 144 224 26 224 194 132
112 26 369 112 112 176 367 112 112 176 2 144 224 26 224 194 112 112 176 2
2 194 112 112 176 224 144 224 253 112 112 176 458 112 112 176 2 379 224 26
2 144 224 369 112 112 176 2 379 224 144 224 253 112 112 176 2 194 112 112
112 176 2 144 224 369 112 112 176 2 379 224 144 224 369 112 112 176 2 194
253 395 61 26 224 369 132 132 26 369 132 132 14 367 132 132 14 2 144 224
176 224 144 224 253 112 112 176 458 112 112 176 2 379 224 26 224 379 224 395
61 379 224 379 224 369 112 379 26 369 112 112 176 367 112 112 176 224 144 224
224 395 61 379 224 379 224 379 224 395 395 379 224 379 224 253 112 112 26 369
2 144 224 369 112 112 379 176 253 253 144 224 369 112 112 176 2 194 112 112
112 112 176 458 112 112 176 2 379 224 26 224 379 224 395 61 26 224 369 112
224 369 112 112 26 369 112 112 176 367 112 112 176 224 144 224 26 224 194 112
395 26 224 369 132 132 26 369 132 132 14 367 132 132 14 2 144 224 26 224
112 112 176 367 112 112 176 2 144 224 26 224 194 112 112 176 2 395 61 253
112 112 176 367 112 112 176 2 144 224 26 224 194 112 112 176 2 395 61 253
224 26 224 379 224 395 61 379 224 369 112 112 26 369 112 112 176 367 112 112
253 112 112 176 2 194 112 112 176 224 144 224 369 112 379 176 458 112 112 176
176 2 144 224 369 112 112 176 2 379 224 144 224 253 112 112 176 2 194 112
2 379 224 26 224 379 224 395 61 379 224 369 112 112 26 369 112 112 176 367
112 26 253 112 379 176 367 112 112 176 2 144 224 26 224 194 112 112 176 2
112 176 224 144 224 253 112 112 176 458 112 112 176 2 379 224 26 224 253 112
379 176 2 194 112 112 176 224 144 224 253 112 379 176 458 112 112 176 2 379
379 224 395 61 26 224 253 112 112 26 369 112 112 176 367 112 112 176 2 144
253 112 112 26 224 194 112 112 176 367 112 112 176 2 144 224 369 112 112 176
369 132 132 14 367 132 132 14 2 144 224 26 224 194 132 132 14 2 253 132
112 112 26 369 112 112 176 367 112 112 176 2 144 224 26 224 194 112 112 176
112 112 176 144 253 253 253 112 112 176 2 379 224 144 224 253 112 112 176 2
132 26 369 132 132 14 367 132 132 14 2 144 224 26 224 194 132 132 14 2
194 112 112 176 224 144 224 253 112 112 176 458 112 112 176 2 379 224 26 224
132 26 369 132 132 14 367 132 132 14 2 144 224 26 224 194 132 132 14 2
112 112 176 458 112 112 176 2 379 224 26 224 395 61 379 224 379 224 253 112
61 379 224 379 224 253 112 112 26 369 112 112 176 367 112 112 176 2 144 224
132 26 369 132 132 14 367 132 132 14 2 144 224 26 224 194 132 132 14 2
176 2 144 224 369 112 112 176 2 144 224 369 112 112 176 379 253 253 144 224
144 224 253 112 112 176 458 112 112 176 2 379 224 26 224 395 61 379 224 379
176 2 194 112 112 176 224 144 224 253 112 112 176 458 112 112 176 2 379 224
379 224 395 61 26 224 369 112 379 26 369 112 112 176 367 112 112 176 224 144
26 224 253 112 112 176 224 379 224 395 61 379 224 369 112 112 26 369 112 112
369 132 132 26 369 132 132 14 367 132 132 14 2 144 224 26 224 194 132 132
112 176 2 379 224 26 224 379 224 395 61 379 224 369 112 112 26 369 112 112
144 224 369 112 379 176 2 194 112 112 176 224 144 224 253 112 112 176 458 112
26 224 26 224 369 132 132 26 369 132 132 14 367 132 132 14 2 144 224 26
112 112 26 369 112 112 176 367 112 112 176 2 144 224 26 224 194 112 112 176
112 26 369 112 112 176 367 112 112 176 2 144 224 253 112 112 176 2 144 224
112 176 367 112 112 176 2 144 224 26 224 194 112 379 176 2 253 112 112 176
224 369 112 112 176 2 379 224 144 224 369 112 112 176 2 194 112 112 176 224
458 112 112 176 2 379 224 26 224 379 224 395 61 379 224 369 112 112 26 369
367 112 112 176 2 144 224 26 224 194 112 112 176 2 253 112 112 176 369 395
176 367 112 112 176 2 144 224 253 112 112 176 2 144 224 369 112 112 176 2
224 395 61 26 224 369 132 132 26 369 132 132 14 367 132 132 14 2 144 224
253 112 112 26 369 112 112 176 367 112 112 176 2 144 224 369 112 112 176 2
367 112 112 176 2 144 224 369 112 112 176 2 144 224 369 112 112 176 379 253
112 26 369 112 112 176 367 112 112 176 2 144 224 26 224 194 112 112 176 2
253 379 253 253 112 112 26 253 112 379 176 367 112 112 176 2 144 224 26 224
26 224 369 132 132 26 369 132 132 14 367 132 132 14 2 144 224 26 224 194
224 369 132 132 26 253 132 132 14 367 132 132 14 2 144 224 26 224 194 132
112 112 26 369 112 112 176 367 112 112 176 2 144 224 253 112 112 176 2 144
112 176 2 379 224 369 112 112 144 2 176 224 253 112 112 176 224 144 224 369
2 144 224 26 224 194 132 132 14 224 194 132 132 26 369 395 61 253 132 132
367 132 132 14 2 144 224 26 224 194 132 132 14 2 253 132 132 14 369 395
176 2 194 112 112 176 224 144 224 253 112 112 176 458 112 112 176 2 379 224
112 112 26 369 112 112 176 367 112 112 176 2 144 224 26 224 194 112 112 176
176 367 112 112 176 2 144 224 369 112 112 176 2 144 224 369 112 112 176 2
253 112 112 176 458 112 112 176 2 379 224 26 224 379 224 395 61 26 224 369
224 369 112 112 26 369 112 112 176 367 112 112 176 2 144 224 369 112 112 176
379 224 144 224 369 112 379 176 2 194 112 112 176 224 144 224 369 112 112 176
253 253 112 112 26 369 112 112 176 367 112 112 176 2 144 224 369 112 112 176
26 369 112 112 176 367 112 112 176 2 144 224 369 112 112 176 2 144 224 369
369 112 112 176 2 144 224 369 112 379 176 2 379 224 144 224 369 112 112 176
224 395 395 26 253 369 112 112 26 369 112 112 176 367 112 112 176 2 144 224
176 367 112 112 176 2 144 224 369 112 112 176 144 253 253 253 112 112 176 2
176 367 112 112 176 2 144 224 26 224 194 112 112 176 2 395 61 253 112 112
112 112 176 2 144 224 369 112 112 176 2 379 224 369 112 112 144 2 176 224
112 26 369 112 112 176 367 112 112 176 2 144 224 369 112 112 176 2 144 224
2 194 112 112 176 224 144 224 253 112 112 176 458 112 112 176 2 379 224 26
112 176 2 379 224 26 224 379 224 395 61 379 224 253 112 112 26 369 112 112
26 253 395 61 379 224 379 224 369 112 379 26 369 112 112 176 367 112 112 176
112 176 253 144 224 253 112 112 176 458 112 112 176 2 379 224 26 224 379 224
26 224 379 224 395 61 379 224 379 224 379 224 395 395 379 224 379 224 253 112
26 224 379 224 395 61 379 224 369 112 112 26 369 112 112 176 367 112 112 176
2 144 224 369 112 112 176 2 144 224 369 112 112 176 2 379 224 144 224 369
224 369 112 112 26 369 112 112 176 367 112 112 176 2 144 224 369 112 112 176
112 176 367 112 112 176 2 144 224 26 224 194 112 379 176 2 253 112 112 176
224 379 253 194 112 112 176 2 379 253 253 112 112 176 224 379 224 253 112 112
253 112 112 176 224 379 224 253 112 112 26 224 194 112 112 176 367 112 112 176
379 224 253 112 112 26 369 112 112 176 367 112 112 176 2 144 224 26 224 194
369 112 379 26 369 112 112 176 367 112 112 176 2 144 224 26 224 194 112 379
224 253 132 132 26 369 132 132 14 367 132 132 14 2 144 224 26 224 194 132
2 379 224 144 224 253 112 112 176 2 194 112 112 176 224 144 224 369 112 112
367 112 112 176 2 144 224 369 112 112 176 2 144 224 369 112 112 176 2 379
112 26 224 194 112 112 176 367 112 112 176 2 144 224 369 112 112 176 2 144
369 112 112 176 2 144 224 369 112 112 176 2 379 224 369 112 112 144 2 176
176 224 144 224 253 112 112 176 458 112 112 176 2 379 224 26 224 379 224 395
379 224 253 112 112 176 2 379 224 26 224 253 112 112 26 369 112 112 176 367
367 112 112 176 2 144 224 26 224 194 112 112 176 2 253 112 112 176 369 395
253 112 112 176 2 379 224 144 224 253 112 112 176 2 194 112 112 176 224 144
112 176 224 379 224 253 112 112 26 224 194 112 112 176 367 112 112 176 2 144
379 176 253 253 144 224 253 112 112 176 2 194 112 112 176 253 144 224 253 112
112 112 176 2 379 224 26 224 395 61 379 224 379 224 253 112 112 26 369 112
112 379 176 458 112 112 176 2 379 224 26 253 395 61 379 224 379 224 369 112
253 253 112 112 26 369 112 112 176 367 112 112 176 2 144 224 369 112 112 176
2 144 224 369 112 112 176 144 253 253 253 112 112 176 2 379 224 144 224 253
176 224 379 224 395 395 26 253 369 112 112 26 369 112 112 176 367 112 112 176
132 26 369 132 132 14 367 132 132 14 2 144 224 26 224 194 132 132 14 2
367 112 112 176 2 144 224 26 224 194 112 112 176 2 395 61 253 112 112 176
379 253 253 112 112 176 224 379 224 253 112 112 379 224 194 112 112 176 367 112
224 369 132 132 26 369 132 132 14 367 132 132 14 2 144 224 26 224 194 132
379 224 26 224 379 224 395 61 379 224 369 112 112 26 369 112 112 176 367 112
144 224 369 112 112 176 2 379 224 369 112 112 144 2 176 224 253 112 112 176
112 176 2 144 224 369 112 112 176 144 253 253 253 112 112 176 2 379 224 144
224 379 224 369 112 112 26 369 112 112 176 367 112 112 176 224 144 224 26 224
112 176 224 144 224 253 112 112 176 458 112 112 176 2 379 224 26 224 253 112
2 379 224 26 253 395 61 379 224 379 224 369 112 112 26 369 112 112 176 367
369 132 132 26 369 132 132 14 367 132 132 14 2 144 224 26 253 194 132 132
224 26 224 369 132 132 26 369 132 132 14 367 132 132 14 2 144 224 26 224
26 224 194 112 112 176 367 112 112 176 2 144 224 369 112 112 176 2 144 224
144 224 253 112 112 176 458 112 112 176 2 379 224 26 224 395 61 379 224 379
253 144 224 369 112 112 176 2 194 112 112 176 253 144 224 253 112 112 176 458
458 112 112 176 2 379 224 26 224 253 112 112 176 224 379 224 395 61 379 224
379 224 144 224 253 112 112 176 2 194 112 112 176 224 144 224 253 112 112 176
144 224 369 112 112 176 2 144 224 369 112 112 379 176 253 253 144 224 369 112
144 224 253 112 112 176 2 194 112 112 176 224 144 224 369 112 379 176 458 112
176 379 253 253 144 224 253 112 112 176 2 194 112 112 176 224 144 224 253 112
112 112 176 367 112 112 176 2 144 224 26 224 194 112 112 176 2 395 61 253
176 2 144 224 369 112 112 176 2 144 224 369 112 112 176 2 379 224 144 224
112 176 458 112 112 176 2 379 224 26 224 379 224 395 61 26 224 253 112 112
112 176 2 144 224 253 112 112 176 2 144 224 369 112 112 176 2 379 224 144
253 379 253 253 112 112 26 253 112 379 176 367 112 112 176 2 144 224 26 224
176 367 112 112 176 2 144 224 369 112 112 176 2 144 224 369 112 112 176 2
253 253 144 224 369 112 112 176 2 194 112 112 176 253 144 224 253 112 112 176
458 112 112 176 2 379 224 26 224 395 61 379 224 379 224 253 112 112 26 369
369 112 112 176 367 112 112 176 2 144 224 26 224 194 112 379 176 2 253 112
26 224 369 112 112 26 369 112 112 176 367 112 112 176 2 144 224 26 224 194
26 224 26 224 369 132 132 26 369 132 132 14 367 132 132 14 2 144 224 26
2 144 224 369 112 112 176 379 224 253 144 224 253 112 112 176 2 194 112 112
253 112 112 26 369 112 112 176 367 112 112 176 2 144 224 26 224 194 112 112
176 2 379 224 26 253 395 61 379 224 379 224 369 112 112 26 369 112 112 176
2 144 224 369 112 112 176 2 379 224 144 224 253 112 112 176 2 194 112 112
26 369 112 112 176 367 112 112 176 2 144 224 26 224 194 112 112 176 2 395
379 224 395 61 379 224 379 224 379 224 395 395 379 224 379 224 253 112 112 26
224 253 112 112 176 2 194 112 112 176 224 144 224 369 112 379 176 458 112 112
224 253 112 112 176 458 112 112 176 2 379 224 26 224 379 224 395 61 26 224
395 61 26 224 369 132 132 26 369 132 132 14 367 132 132 14 2 144 224 26
367 112 112 176 2 144 224 369 112 112 176 2 144 224 369 112 379 176 2 379
369 112 379 26 369 112 112 176 367 112 112 176 224 144 224 26 224 194 112 112
112 112 176 367 112 112 176 2 144 224 369 112 112 176 2 144 224 369 112 112
132 26 369 132 132 14 367 132 132 14 2 144 224 26 224 194 132 132 14 2
26 369 132 132 14 367 132 132 14 2 144 224 26 224 194 132 132 14 2 395
112 112 26 253 112 379 176 367 112 112 176 2 144 224 26 224 194 112 112 176
176 2 144 224 26 224 194 112 112 176 2 253 112 112 176 253 395 61 253 112
176 458 112 112 176 2 379 224 26 224 379 224 395 61 379 224 369 112 112 26
224 369 112 112 26 369 112 112 176 367 112 112 176 2 144 224 369 112 112 176
224 144 224 253 112 112 176 2 194 112 112 176 224 144 224 253 112 112 176 458
176 2 194 112 112 176 224 144 224 253 112 112 176 458 112 112 176 2 379 224
367 112 112 176 2 144 224 369 112 112 176 2 144 224 369 112 379 176 2 379
176 2 194 112 112 176 224 144 224 253 112 112 176 458 112 112 176 2 379 224
253 253 112 112 26 253 112 379 176 367 112 112 176 2 144 224 26 224 194 112
379 26 369 112 112 176 367 112 112 176 224 144 224 26 224 194 112 112 176 253
26 224 369 132 132 26 369 132 132 14 367 132 132 14 2 144 224 26 224 194
176 144 253 253 253 112 112 176 2 379 224 144 224 253 112 112 176 2 194 112
253 395 61 379 224 253 112 112 176 224 379 224 395 395 26 253 253 112 112 26
379 224 253 112 112 176 2 379 224 26 224 253 112 112 26 369 112 112 176 367
395 61 26 224 369 112 112 26 369 112 112 176 367 112 112 176 2 144 224 26
26 224 379 224 395 61 379 224 369 112 112 26 369 112 112 176 367 112 112 176
395 61 26 224 369 132 132 26 369 132 132 14 367 132 132 14 2 144 224 26
112 112 176 367 112 112 176 2 144 224 26 224 194 112 379 176 2 253 112 112
112 112 176 2 144 224 26 224 194 112 112 176 2 395 61 253 112 112 176 369
144 224 369 112 112 176 458 112 112 176 2 379 224 26 224 395 61 379 224 379
112 379 176 2 379 224 26 224 253 112 112 26 369 112 112 176 367 112 112 176
253 26 224 369 132 132 26 369 132 132 14 367 132 132 14 224 144 224 26 224
2 144 224 369 112 112 176 2 144 224 369 112 112 176 379 253 253 144 224 253
26 369 112 112 176 367 112 112 176 2 144 224 26 224 194 112 112 176 2 253
224 369 112 112 176 2 194 112 112 176 224 144 224 253 112 112 176 458 112 112
112 176 2 144 224 369 112 112 379 176 253 253 144 224 369 112 112 176 2 194
132 14 367 132 132 14 2 144 224 26 224 194 132 132 14 2 253 132 132 14
395 26 253 369 112 112 26 369 112 112 176 367 112 112 176 2 144 224 26 224
26 224 369 132 132 26 369 132 132 14 367 132 132 14 2 144 224 26 224 194
112 176 458 112 112 176 2 379 224 26 224 253 112 112 176 224 379 224 395 61
253 112 112 176 224 379 224 395 61 379 224 369 112 112 26 369 112 112 176 367
26 224 369 112 112 26 369 112 112 176 367 112 112 176 2 144 224 26 224 194
112 112 176 458 112 112 176 2 379 224 26 224 379 224 395 61 26 224 369 112
26 224 379 224 395 61 379 224 369 112 112 26 369 112 112 176 367 112 112 176
176 367 112 112 176 2 144 224 26 224 194 112 112 176 2 253 112 112 176 369
112 176 224 379 224 253 112 112 26 224 194 112 112 176 367 112 112 176 2 144
112 176 367 112 112 176 2 144 224 369 112 112 176 144 253 253 253 112 112 176
112 112 176 2 144 224 26 224 194 112 112 176 2 395 61 253 112 112 176 369
458 112 112 176 2 379 224 26 253 395 61 379 224 379 224 369 112 112 26 369
224 26 224 369 132 132 26 369 132 132 14 367 132 132 14 2 144 224 26 224
224 369 112 112 176 2 144 224 369 112 112 176 2 379 224 144 224 369 112 112
112 112 176 2 379 224 26 224 395 61 379 224 379 224 253 112 112 26 369 112
253 112 379 176 2 379 224 26 224 253 112 112 26 369 112 112 176 367 112 112
112 176 2 194 112 112 176 224 144 224 369 112 379 176 458 112 112 176 2 379
112 379 176 458 112 112 176 2 379 224 26 224 395 61 379 224 379 224 369 112
112 26 369 112 112 176 367 112 112 176 2 144 224 253 112 112 176 2 144 224
2 144 224 253 112 112 176 2 144 224 369 112 112 176 2 379 224 144 224 253
176 458 112 112 176 2 379 224 26 224 379 224 395 61 379 224 369 112 112 26
224 26 224 194 112 112 176 2 253 112 112 176 253 395 61 253 112 112 176 253
369 112 112 26 369 112 112 176 367 112 112 176 2 144 224 369 112 112 176 2
369 132 132 26 369 132 132 14 367 132 132 14 2 144 224 26 224 194 132 132
395 61 26 224 369 132 132 26 369 132 132 14 367 132 132 14 2 144 224 26
112 176 458 112 112 176 2 379 224 26 224 379 224 395 61 26 224 369 112 112
14 2 144 224 26 224 194 132 132 14 224 194 132 132 26 369 395 61 253 132
253 26 224 369 132 132 26 253 132 132 14 367 132 132 14 2 144 224 26 224
112 112 26 253 112 379 176 367 112 112 176 2 144 224 26 224 194 112 112 176
112 112 176 458 112 112 176 2 379 224 26 224 379 224 395 61 26 224 253 112
379 224 144 224 369 112 379 176 2 194 112 112 176 224 144 224 369 112 112 176
112 112 176 2 194 112 112 176 224 144 224 253 112 112 176 458 112 112 176 2
132 26 369 132 132 14 367 132 132 14 2 144 224 26 224 194 132 132 14 2
379 224 26 224 379 224 395 61 379 224 369 112 112 26 369 112 112 176 367 112
112 112 176 458 112 112 176 2 379 224 26 224 379 224 395 61 26 224 369 112
61 26 224 369 112 112 26 369 112 112 176 367 112 112 176 2 144 224 26 224
367 112 112 176 2 144 224 369 112 112 176 2 144 224 369 112 112 176 2 379
379 224 379 224 369 112 112 26 369 112 112 176 367 112 112 176 2 144 224 26
112 176 224 379 224 253 112 112 26 224 194 112 112 176 367 112 112 176 2 144
61 26 224 369 132 132 26 369 132 132 14 367 132 132 14 2 144 224 26 224
395 61 26 224 26 224 369 132 132 26 369 132 132 14 367 132 132 14 2 144
112 112 26 369 112 112 176 367 112 112 176 2 144 224 26 224 194 112 112 176
112 176 2 144 224 26 224 194 112 112 176 2 395 61 253 112 112 176 369 395
112 26 369 112 112 176 367 112 112 176 2 144 224 369 112 112 176 2 144 224
26 224 395 61 379 224 379 224 253 112 112 26 369 112 112 176 367 112 112 176
194 112 112 176 224 144 224 253 112 112 176 458 112 112 176 2 379 224 26 224
112 176 458 112 112 176 2 379 224 26 224 379 224 395 61 26 224 369 112 112
224 369 112 112 176 2 144 224 369 112 112 379 176 224 253 144 224 369 112 112
224 144 224 253 112 112 176 458 112 112 176 2 379 224 26 224 379 224 395 61
369 112 112 176 2 379 224 144 224 369 112 112 176 2 194 112 112 176 224 144
224 253 112 379 176 2 194 112 112 176 224 144 224 253 112 379 176 458 112 112
224 379 224 253 112 112 26 369 112 112 176 367 112 112 176 2 144 224 26 224
369 112 112 176 367 112 112 176 2 144 224 369 112 112 176 2 144 224 369 112
176 2 194 112 112 176 224 144 224 369 112 112 176 458 112 112 176 2 379 224
112 379 176 2 194 112 112 176 253 144 224 253 112 112 176 458 112 112 176 2
224 369 112 379 176 2 194 112 112 176 224 144 224 253 112 112 176 458 112 112
112 176 458 112 112 176 2 379 224 26 224 379 224 395 61 26 224 253 112 112
369 112 112 26 369 112 112 176 367 112 112 176 2 144 224 26 224 194 112 379
176 367 112 112 176 2 144 224 369 112 112 176 2 144 224 369 112 112 176 379
112 112 176 2 144 224 369 112 379 176 2 379 224 144 224 369 112 112 176 2
112 379 26 369 112 112 176 367 112 112 176 2 144 224 26 224 194 112 379 176
176 2 379 224 369 112 112 144 2 176 224 253 112 112 176 224 144 224 369 112
2 194 112 112 176 224 144 224 253 112 112 176 458 112 112 176 2 379 224 26
253 395 61 379 224 379 224 369 112 379 26 369 112 112 176 367 112 112 176 224
395 61 379 224 379 224 369 112 112 26 369 112 112 176 367 112 112 176 2 144
112 176 458 112 112 176 2 379 224 26 224 253 112 112 176 224 379 224 395 61
112 176 2 144 224 369 112 112 176 379 253 253 144 224 253 112 112 176 2 194
112 379 176 2 379 224 26 224 253 112 112 26 369 112 112 176 367 112 112 176
112 112 176 2 144 224 369 112 112 176 2 144 224 369 112 112 176 379 224 253
132 132 26 253 132 132 14 367 132 132 14 2 144 224 26 224 194 132 132 14
224 395 395 26 253 369 112 112 26 369 112 112 176 367 112 112 176 2 144 224
144 224 369 112 112 176 2 379 224 369 112 112 144 2 176 224 253 112 112 176
369 112 112 26 369 112 112 176 367 112 112 176 2 144 224 26 224 194 112 112
379 176 2 194 112 112 176 224 144 224 253 112 379 176 458 112 112 176 2 379
224 369 112 112 176 379 224 224 144 224 253 112 112 176 2 194 112 112 176 224
112 176 224 144 224 253 112 112 176 458 112 112 176 2 379 224 26 224 395 61
224 369 132 132 26 369 132 132 14 367 132 132 14 224 144 224 26 224 194 132
224 144 224 369 112 112 176 2 194 112 112 176 224 144 224 253 112 112 176 458
176 2 144 224 369 112 112 379 176 253 253 144 224 369 112 112 176 2 194 112
112 112 176 367 112 112 176 2 144 224 369 112 112 176 2 144 224 369 112 112
132 26 369 132 132 14 367 132 132 14 2 144 224 26 224 194 132 132 14 2
61 26 224 369 112 112 26 369 112 112 176 367 112 112 176 224 144 224 26 224
112 379 176 2 194 112 112 176 253 144 224 253 112 112 176 458 112 112 176 2
26 369 112 112 176 367 112 112 176 2 144 224 369 112 112 176 2 144 224 369
61 379 224 379 224 379 224 395 395 379 224 379 224 253 112 112 26 369 112 112
369 112 112 176 2 379 224 369 112 112 144 2 176 224 253 112 112 176 224 144
26 224 26 224 395 61 26 224 369 132 132 26 369 132 132 14 367 132 132 14
112 379 26 369 112 112 176 367 112 112 176 224 144 224 26 224 194 112 112 176
379 224 395 395 26 253 369 112 112 26 369 112 112 176 367 112 112 176 2 144
224 26 224 395 61 26 224 369 132 132 26 369 132 132 14 367 132 132 14 2
224 369 112 112 176 2 144 224 369 112 112 379 176 224 253 144 224 369 112 112
224 379 224 395 61 379 224 379 224 379 224 395 395 379 224 379 224 253 112 112
26 224 395 61 379 224 379 224 253 112 112 26 369 112 112 176 367 112 112 176
14 224 26 224 26 224 369 132 132 26 369 132 132 14 367 132 132 14 2 144
253 112 112 176 224 379 224 253 112 112 26 224 194 112 112 176 367 112 112 176
176 144 253 253 253 112 112 176 2 379 224 144 224 253 112 112 176 2 194 112
2 144 224 369 112 112 176 379 224 253 144 224 253 112 112 176 2 194 112 112
367 112 112 176 2 144 224 369 112 112 176 2 144 224 369 112 112 176 2 379
176 2 144 224 369 112 112 176 2 144 224 369 112 112 176 2 379 224 369 112
224 379 224 395 61 379 224 369 112 112 26 369 112 112 176 367 112 112 176 2
379 224 253 112 112 176 224 379 224 395 395 26 253 369 112 112 26 369 112 112
132 132 14 367 132 132 14 2 144 224 26 224 194 132 132 14 2 253 132 132
253 112 112 26 369 112 112 176 367 112 112 176 2 144 224 26 224 194 112 112
176 2 379 224 26 224 253 112 112 176 224 379 224 395 61 379 224 369 112 112
132 26 369 132 132 14 367 132 132 14 2 144 224 26 224 194 132 132 14 2
144 2 176 224 253 112 379 176 224 144 224 253 112 112 176 458 112 112 176 2
2 194 112 112 176 224 144 224 253 112 112 176 458 112 112 176 2 379 224 26
2 144 224 369 112 112 176 379 224 253 144 224 253 112 112 176 2 194 112 112
176 224 144 224 253 112 112 176 458 112 112 176 2 379 224 26 224 379 224 395
132 26 253 132 132 14 367 132 132 14 2 144 224 26 224 194 132 132 14 224
224 253 112 112 176 2 144 224 369 112 112 176 2 379 224 144 224 253 112 112
112 26 253 112 379 176 367 112 112 176 2 144 224 26 224 194 112 112 176 2
369 112 112 176 2 379 224 369 112 112 144 2 176 224 253 112 112 176 224 144
112 112 176 2 144 224 26 224 194 112 112 176 2 253 112 112 176 369 395 395
458 112 112 176 2 379 224 26 224 379 224 395 61 379 224 253 112 112 26 369
379 253 253 112 112 176 224 379 224 253 112 112 379 224 194 112 112 176 367 112
2 144 224 369 112 112 176 2 144 224 369 112 112 176 2 379 224 144 224 369
224 369 112 112 176 2 144 224 369 112 112 176 2 379 224 369 112 112 144 2
61 379 224 379 224 253 112 112 26 369 112 112 176 367 112 112 176 2 144 224
26 224 26 224 26 224 253 132 132 26 369 132 132 14 367 132 132 14 2 144
61 26 224 369 112 112 26 369 112 112 176 367 112 112 176 2 144 224 26 224
224 369 112 112 176 2 144 224 369 112 112 176 2 379 224 144 224 369 112 112
367 132 132 14 2 144 224 26 224 194 132 132 14 2 253 132 132 14 369 395
61 379 224 253 112 112 176 224 379 224 395 395 26 224 253 112 112 26 369 112
112 26 369 112 112 176 367 112 112 176 2 144 224 26 224 194 112 112 176 2
61 26 224 369 132 132 26 369 132 132 14 367 132 132 14 2 144 224 26 224
26 369 112 112 176 367 112 112 176 2 144 224 369 112 112 176 2 144 224 369
112 26 369 112 112 176 367 112 112 176 2 144 224 253 112 112 176 2 144 224
224 369 132 132 26 369 132 132 14 367 132 132 14 2 144 224 26 224 194 132
253 112 112 176 458 112 112 176 2 379 224 26 224 253 112 112 176 224 379 224
369 132 132 26 253 132 132 14 367 132 132 14 2 144 224 26 224 194 132 132
112 112 176 2 144 224 369 112 112 176 2 144 224 369 112 112 176 2 379 224
367 112 112 176 2 144 224 369 112 112 176 2 144 224 369 112 112 176 2 379
176 2 144 224 369 112 112 176 2 379 224 144 224 253 112 112 176 2 194 112
112 112 176 2 144 224 369 112 112 176 2 379 224 144 224 253 112 112 176 2
224 369 112 112 176 2 144 224 369 112 112 379 176 224 253 144 224 369 112 112
458 112 112 176 2 379 224 26 224 379 224 395 61 379 224 369 112 112 26 369
253 112 112 176 458 112 112 176 2 379 224 26 224 379 224 395 61 26 224 253
26 369 132 132 14 367 132 132 14 2 144 224 26 224 194 132 132 14 2 395
224 369 132 132 26 369 132 132 14 367 132 132 14 224 144 224 26 224 194 132
369 112 112 176 144 253 253 253 112 112 176 2 379 224 144 224 253 112 112 176
253 112 112 176 2 194 112 112 176 224 144 224 369 112 379 176 458 112 112 176
253 112 379 176 2 194 112 112 176 253 144 224 253 112 112 176 458 112 112 176
253 112 379 2 144 224 379 224 194 112 112 176 2 379 253 253 112 112 176 224
395 26 253 369 112 112 26 369 112 112 176 367 112 112 176 2 144 224 26 224
253 26 224 369 132 132 26 369 132 132 14 367 132 132 14 224 144 224 26 224
132 132 14 367 132 132 14 2 144 224 26 224 194 132 132 14 224 194 132 132
224 253 112 379 176 2 194 112 112 176 224 144 224 253 112 112 176 458 112 112
224 26 224 379 224 395 61 379 224 369 112 112 26 369 112 112 176 367 112 112
144 224 369 112 112 176 2 144 224 369 112 112 176 2 379 224 369 112 112 144
112 112 176 2 144 224 369 112 112 176 144 253 253 253 112 112 176 2 379 224
112 112 176 2 379 224 26 224 379 224 395 61 379 224 253 112 112 26 369 112
379 224 395 61 26 224 369 112 379 26 369 112 112 176 367 112 112 176 224 144
176 2 194 112 112 176 224 144 224 253 112 112 176 458 112 112 176 2 379 224
176 2 144 224 253 112 112 176 2 144 224 369 112 112 176 2 379 224 144 224
224 379 224 395 61 379 224 369 112 112 26 369 112 112 176 367 112 112 176 2
2 379 224 26 224 379 224 395 61 379 224 369 112 112 26 369 112 112 176 367
224 369 112 112 176 2 379 224 144 224 369 112 112 176 2 194 112 112 176 224
253 112 112 176 224 379 224 395 61 379 224 369 112 112 26 369 112 112 176 367
369 132 132 26 369 132 132 14 367 132 132 14 2 144 224 26 224 194 132 132
224 253 112 379 176 2 379 224 26 224 253 112 112 26 369 112 112 176 367 112
395 61 26 224 379 224 379 224 395 395 379 224 379 224 253 112 112 26 369 112
132 26 369 132 132 14 367 132 132 14 2 144 224 26 224 194 132 132 14 2
112 379 176 253 253 144 224 253 112 112 176 2 194 112 112 176 253 144 224 253
253 112 112 26 369 112 112 176 367 112 112 176 2 144 224 253 112 112 176 2
176 367 112 112 176 2 144 224 369 112 112 176 144 253 253 253 112 112 176 2
112 176 2 144 224 369 112 112 176 2 144 224 369 112 112 176 2 379 224 369
112 112 26 369 112 112 176 367 112 112 176 2 144 224 26 224 194 112 112 176
224 144 224 369 112 112 176 2 194 112 112 176 224 144 224 253 112 112 176 458
112 176 2 379 224 26 224 379 224 395 61 379 224 369 112 112 26 369 112 112
176 2 144 224 369 112 112 176 2 379 224 144 224 253 112 112 176 2 194 112
112 112 176 458 112 112 176 2 379 224 26 224 379 224 395 61 26 224 369 112
112 112 176 2 144 224 369 112 112 176 2 144 224 369 112 112 176 2 379 224
379 224 395 395 379 224 379 224 253 112 112 26 369 112 112 176 367 112 112 176
112 176 224 379 224 395 61 379 224 369 112 112 26 369 112 112 176 367 112 112
253 379 253 253 112 112 26 253 112 379 176 367 112 112 176 2 144 224 26 224
379 176 2 194 112 112 176 253 144 224 253 112 112 176 458 112 112 176 2 379
369 112 112 176 2 379 224 144 224 369 112 112 176 2 194 112 112 176 224 144
379 224 26 224 395 61 379 224 379 224 369 112 112 26 369 112 112 176 367 112
2 379 224 26 224 379 224 395 61 379 224 369 112 112 26 369 112 112 176 367
112 112 176 2 144 224 26 224 194 112 112 176 2 253 112 112 176 369 395 61
132 26 369 132 132 14 367 132 132 14 2 144 224 26 224 194 132 132 14 2
379 176 2 194 112 112 176 253 144 224 253 112 112 176 458 112 112 176 2 379
112 112 176 2 144 224 369 112 112 176 2 144 224 369 112 112 176 2 379 224
112 176 224 379 224 395 61 379 224 369 112 112 26 369 112 112 176 367 112 112
379 224 26 224 379 224 395 61 379 224 369 112 112 26 369 112 112 176 367 112
112 112 26 369 112 112 176 367 112 112 176 2 144 224 26 224 194 112 112 176
112 176 144 253 253 253 112 112 176 2 379 224 144 224 253 112 112 176 2 194
112 112 176 2 144 224 26 224 194 112 112 176 2 395 61 253 112 112 176 369
176 458 112 112 176 2 379 224 26 253 395 61 379 224 379 224 369 112 112 26
132 14 367 132 132 14 2 144 224 26 224 194 132 132 14 224 194 132 132 26
26 224 379 224 395 61 379 224 369 112 112 26 369 112 112 176 367 112 112 176
224 253 112 379 176 2 194 112 112 176 224 144 224 253 112 379 176 458 112 112
176 224 253 112 112 176 224 144 224 253 112 112 176 458 112 112 176 2 379 224
253 395 61 26 224 369 132 132 26 369 132 132 14 367 132 132 14 2 144 224
112 112 176 458 112 112 176 2 379 224 26 224 379 224 395 61 26 224 253 112
112 112 176 2 194 112 112 176 224 144 224 369 112 379 176 458 112 112 176 2
144 224 369 112 379 176 2 194 112 112 176 224 144 224 253 112 112 176 458 112
224 369 112 112 26 369 112 112 176 367 112 112 176 2 144 224 26 224 194 112
144 224 26 224 194 132 132 14 224 194 132 132 26 369 395 61 253 132 132 14
224 395 61 26 224 26 224 26 224 253 132 132 26 369 132 132 14 367 132 132
112 112 26 369 112 112 176 367 112 112 176 2 144 224 369 112 112 176 2 144
194 112 112 176 224 144 224 253 112 112 176 458 112 112 176 2 379 224 26 224
194 112 112 176 2 379 253 253 112 112 176 224 379 224 253 112 112 26 224 194
379 224 369 112 112 26 369 112 112 176 367 112 112 176 224 144 224 26 224 194
112 176 2 379 224 26 224 395 61 379 224 379 224 369 112 112 26 369 112 112
112 176 367 112 112 176 2 144 224 369 112 112 176 144 253 253 253 112 112 176
194 112 112 176 367 112 112 176 2 144 224 369 112 112 176 2 144 224 369 112
379 224 26 224 379 224 395 61 379 224 369 112 112 26 369 112 112 176 367 112
112 26 369 112 112 176 367 112 112 176 2 144 224 253 112 112 176 2 144 224
26 224 395 61 26 224 26 224 26 224 369 132 132 26 369 132 132 14 367 132
112 26 369 112 112 176 367 112 112 176 2 144 224 253 112 112 176 2 144 224
112 176 2 144 224 369 112 112 176 2 144 224 369 112 112 176 2 379 224 144
253 253 112 112 26 369 112 112 176 367 112 112 176 2 144 224 369 112 112 176
369 132 132 26 369 132 132 14 367 132 132 14 2 144 224 26 224 194 132 132
144 224 253 112 112 176 458 112 112 176 2 379 224 26 224 379 224 395 61 26
224 379 224 369 112 112 26 369 112 112 176 367 112 112 176 2 144 224 26 224
14 224 26 224 26 224 369 132 132 26 369 132 132 14 367 132 132 14 2 144
2 176 224 253 112 379 176 224 144 224 253 112 112 176 458 112 112 176 2 379
2 194 112 112 176 224 144 224 369 112 379 176 458 112 112 176 2 379 224 26
132 26 369 132 132 14 367 132 132 14 2 144 224 26 224 194 132 132 14 2
253 112 112 26 369 112 112 176 367 112 112 176 2 144 224 253 112 112 176 2
2 144 224 379 253 194 112 112 176 2 379 253 253 112 112 176 224 379 224 253
112 176 224 144 224 369 112 379 176 458 112 112 176 2 379 224 26 224 395 61
176 458 112 112 176 2 379 224 26 224 379 224 395 61 379 224 253 112 112 26
369 132 132 26 369 132 132 14 367 132 132 14 2 144 224 26 224 194 132 132
176 367 112 112 176 2 144 224 369 112 112 176 2 144 224 369 112 112 176 379
379 224 26 224 379 224 395 61 379 224 369 112 112 26 369 112 112 176 367 112
132 132 26 369 132 132 14 367 132 132 14 2 144 224 26 224 194 132 132 14
112 379 176 2 379 224 26 224 253 112 112 26 369 112 112 176 367 112 112 176
132 132 26 369 132 132 14 367 132 132 14 2 144 224 26 253 194 132 132 14
176 379 253 253 144 224 253 112 112 176 2 194 112 112 176 224 144 224 253 112
395 379 224 379 224 253 112 112 26 369 112 112 176 367 112 112 176 2 144 224
379 176 2 194 112 112 176 224 144 224 253 112 112 176 458 112 112 176 2 379
176 379 253 253 144 224 253 112 112 176 2 194 112 112 176 224 144 224 253 112
367 112 112 176 2 144 224 369 112 112 176 2 144 224 369 112 112 176 2 379
26 224 369 112 112 26 369 112 112 176 367 112 112 176 2 144 224 26 224 194
379 224 26 253 395 61 379 224 379 224 369 112 112 26 369 112 112 176 367 112
367 112 112 176 2 144 224 253 112 112 176 2 144 224 369 112 112 176 2 379
369 112 112 176 367 112 112 176 2 144 224 369 112 112 176 2 144 224 369 112
395 26 224 369 132 132 26 369 132 132 14 367 132 132 14 2 144 224 26 224
