905 905 905 905 905 905 905 905 905 905 1335 1335 1478 1478 1478 1335 905 1335 1478 1478
1478 1478 1478 1330 1330 820 820 820 820 820 820 820 820 820 820 820 820 820 820 820
1542 905 905 1330 1330 135 1330 905 905 905 905 905 905 905 1335 1542 820 168 820 820
1542 1542 1542 1330 1330 135 1330 1542 905 905 905 905 905 905 905 905 905 1335 1478 1542
1335 135 135 639 639 1335 1335 1478 1478 1478 1478 1335 1335 820 820 820 820 820 820 820
1335 1478 1478 1542 1542 1335 1335 1335 1542 1542 905 905 905 905 905 905 905 905 905 905
1330 135 135 639 1143 639 639 1143 1143 1143 639 639 1143 639 639 1143 1143 639 639 1143
905 905 905 905 905 905 1335 1335 1335 1335 1335 1478 1478 1478 1542 1542 1478 1478 1335 1335
1478 639 1143 1143 1105 639 1143 1143 1105 1335 1335 1335 1335 1542 1542 905 905 905 905 905
1105 639 1143 1105 820 820 820 820 820 820 820 820 820 820 820 820 820 820 820 820
905 905 905 905 905 1330 1330 135 1330 905 905 1542 1335 1542 820 168 820 820 168 820
168 820 820 820 820 820 820 820 820 820 820 820 820 820 820 820 820 820 820 820
1143 1105 639 43 639 1143 1143 1105 639 1143 1335 1335 1478 1478 1478 1478 1478 1478 1143 639
1330 1335 1478 1478 1478 168 1335 1478 1478 1478 168 168 1335 1478 1478 1478 168 168 168 1335
1335 1335 1478 1335 1335 1335 1335 905 905 639 1330 1105 1143 1105 1335 1335 639 1143 1143 1143
1143 1105 639 1143 1105 639 1143 639 1542 1335 1478 1478 1478 1335 1335 1335 1335 1542 1330 1330
820 820 820 820 820 820 820 820 820 820 1542 1335 1335 820 820 820 820 820 820 820
820 820 820 820 820 820 820 820 820 820 820 1542 1478 820 820 820 820 820 820 820
1105 639 1143 1105 639 1143 1105 639 1143 1105 1105 135 135 639 1143 1105 1143 1105 639 1143
639 1143 135 1143 1143 639 905 905 905 905 905 905 905 905 905 905 1335 1478 1478 1478
1335 1335 1542 1542 1542 1542 905 905 905 905 639 1143 1143 905 905 1143 639 1143 135 639
1478 1478 135 639 639 1143 1143 639 1143 1105 1335 1335 1478 1478 1478 1478 1478 1478 1143 639
1478 1335 1335 1335 1335 1542 1330 1330 1542 905 905 905 905 905 905 905 905 905 905 905
1335 1335 1478 1478 1478 1478 1478 1478 639 43 820 820 820 820 820 820 820 820 639 820
1335 1335 1478 1478 1335 1335 639 135 639 1143 1143 1143 639 1143 639 1143 1143 639 1335 1335
820 820 820 820 168 820 820 1542 1542 1478 1478 43 168 820 820 820 820 820 168 820
820 820 820 820 820 820 820 820 820 820 820 820 1478 820 820 820 820 1335 135 135
1478 1542 1542 820 820 168 168 820 820 820 820 168 168 820 820 820 168 820 820 820
1542 905 905 905 905 905 905 1330 1330 135 1330 905 905 905 1335 1478 820 168 820 820
1330 1335 1330 1478 1478 1330 1330 1330 1542 1542 1542 1330 1330 135 1330 1542 1542 905 905 905
1105 1143 1105 639 1143 1105 639 1143 1105 639 1143 1105 1335 639 1143 1105 1105 1143 1105 639
1143 639 639 1143 639 1143 1143 639 1335 1335 1335 1335 1335 1335 1335 1335 1542 1542 168 168
1542 1542 1542 1542 135 639 905 905 905 905 1143 1143 639 1143 639 1143 1330 639 905 905
820 820 820 820 820 820 1542 1335 1335 820 820 820 820 820 820 820 1478 1335 135 135
1478 1335 1478 1478 1542 1542 1335 1335 1335 1542 1542 905 905 905 905 905 905 905 905 905
639 639 1105 1105 1105 1105 1143 1105 1105 1143 1143 1143 1105 1105 1143 1105 1105 1143 1105 1105
1335 1542 1542 905 905 1330 1330 905 905 905 905 905 905 905 905 905 905 1478 1478 1335
1335 1335 1335 1542 1542 905 905 905 905 905 905 905 905 1478 905 1105 905 1143 1105 905
168 1330 1478 1335 1335 1478 1478 1478 1478 1478 1478 168 168 820 820 1335 1335 1478 1478 1478
1335 1478 1542 1542 820 820 168 168 820 820 820 820 820 168 820 820 1542 1542 1478 1478
639 1143 135 639 1335 1335 1335 1335 1335 1335 1542 1542 1542 1542 905 905 905 905 905 905
1105 1105 1143 1105 1335 1335 1335 1335 1335 1335 1335 1335 43 1335 1330 1330 1143 135 1143 1143
1478 1478 1478 168 168 168 168 1335 1335 1478 1478 1478 1478 1478 1478 1478 1478 1335 1335 1335
1542 639 1143 1143 1105 639 1143 1143 1105 1105 1143 1105 1335 639 1335 1335 1335 1335 1335 1335
1143 1143 135 905 905 905 905 905 905 1335 1335 905 905 1335 1335 1335 1478 1478 1478 1335
820 820 820 820 820 820 820 1335 639 135 639 639 1542 1335 1478 1478 1330 1330 820 820
1478 1478 1335 1478 1478 1542 1542 1335 1335 1335 1542 1542 905 905 905 905 905 905 905 905
1143 1143 135 1143 639 1143 135 639 1335 1335 1335 1335 1335 1335 1542 1542 1542 1542 905 905
820 820 820 820 820 820 820 820 1542 820 820 820 820 820 820 820 820 820 820 639
1335 1478 1478 1478 1335 1335 820 820 820 820 820 820 820 820 820 820 820 820 820 820
1335 1478 1478 1478 1335 1478 1478 1478 1542 135 135 1105 1143 1105 639 1143 1143 1143 1105 1105
1143 1105 1143 1143 135 135 1105 1143 1143 1105 905 905 1143 1105 1143 1143 1105 905 905 905
1105 1105 1143 1105 1105 1143 1143 1143 1105 1105 1143 1105 1105 1143 1105 1105 1143 1105 1105 1143
1335 1335 1335 1478 1335 1335 1335 1335 1478 1335 1478 1335 168 1105 1143 1105 1335 639 1143 1143
1542 1542 1542 1330 1330 1330 135 1542 1542 905 905 905 905 905 905 905 905 905 905 905
820 820 820 820 820 820 820 820 820 820 820 820 820 1335 1335 1335 639 135 639 639
1335 1478 1478 1478 1478 1478 1478 639 135 1105 1143 1105 639 1143 1143 1143 1105 1105 1143 1105
1335 1478 1478 1542 1542 1335 1335 1335 1542 1542 905 905 905 905 905 905 905 905 905 905
1105 905 905 905 905 1143 1143 1105 1143 639 1143 1143 639 905 905 639 1105 1143 1143 639
1143 1105 1105 639 1143 1105 135 1105 1143 1105 1105 1143 1143 1105 1105 1105 1143 1105 1105 1143
820 820 820 820 820 820 820 820 820 820 1330 1330 1542 639 168 1105 1143 1105 639 1143
1335 1478 1542 1478 820 168 820 820 820 820 820 820 820 820 820 820 820 820 820 820
1478 1478 820 820 820 820 820 820 820 820 820 820 820 820 820 820 820 820 1330 1330
1335 1478 1542 1542 168 168 1542 1542 905 905 905 905 905 905 905 905 905 905 905 905
1143 1143 135 1143 1143 639 1105 905 905 135 1105 905 905 1143 1143 639 1143 639 1143 639
639 1105 1143 1143 639 1143 639 1143 1143 639 905 905 905 905 905 905 1335 639 905 905
1478 639 1143 1105 639 639 1143 1143 639 1542 1542 1335 1335 1335 1335 1478 1478 1478 1478 1478
905 1335 1335 1335 1335 1335 1335 905 1335 1335 1335 1335 1478 1478 1335 1335 1478 1478 168 1542
1478 1478 1478 1478 1478 168 168 43 43 1335 1335 1478 1478 1478 1478 1478 1478 168 168 168
820 820 820 1542 820 820 820 820 820 820 820 820 820 820 639 135 43 639 1335 1478
1542 1542 1542 1542 905 905 905 905 1330 905 905 1143 1143 905 905 1143 639 1143 1143 639
1105 1105 1143 1105 1105 1143 1105 1105 639 1143 1105 1143 1143 1105 1105 1105 1143 1143 1143 1105
1542 905 905 905 905 1330 905 905 1143 1143 905 905 1143 639 1143 1143 639 639 1335 639
1143 135 1143 1143 639 135 1105 1143 1143 1105 820 820 820 820 820 820 820 820 820 820
905 905 905 905 905 1335 1335 1335 1478 1335 1335 1478 1478 1542 1542 1335 1335 1335 1542 1542
905 905 905 905 905 905 905 905 1335 1335 1335 1478 1478 1335 1335 1478 1478 1478 1335 1478
1478 1478 1478 1478 1478 1478 1542 1542 168 168 820 168 1335 1335 1478 1478 1478 1478 1478 1478
1335 1335 1335 1335 1542 1330 1330 1542 905 905 905 905 905 905 905 905 905 905 905 905
1478 1478 1330 1330 1478 1478 1330 1330 1542 1542 1330 1330 1330 1330 1542 1542 1542 1542 1542 1542
905 905 905 905 905 905 905 905 905 1330 1330 905 1335 1335 1478 1478 1335 1478 1335 1335
1335 1335 1335 1335 1335 1478 1478 1478 1542 1542 1478 1478 1335 1335 1335 1335 1478 1478 1478 1478
905 905 905 905 905 905 639 905 905 1143 1143 1143 135 1143 1143 639 1105 905 905 639
820 820 639 639 1542 1542 135 1143 1105 1143 1105 1105 1143 1143 1143 1105 1105 1143 1105 1105
905 905 639 905 905 1143 1143 905 905 1143 639 1143 1143 1105 1105 1335 639 1143 1143 639
820 1335 639 639 639 135 1335 1478 1478 1478 1335 820 820 820 820 820 820 820 820 820
1478 1478 1335 1335 1335 1335 1335 1335 1542 1542 905 905 905 905 905 905 905 905 905 1335
820 820 820 820 820 820 820 1330 1330 135 639 1105 1143 1105 1105 1143 1143 1143 1105 1105
1143 1105 1105 1143 1105 1105 1143 1105 1105 1143 1105 1105 1143 1105 639 1143 1105 1105 1143 1105
905 905 905 905 1335 1335 1335 905 1478 1335 905 1335 1335 1478 1478 1478 1335 1478 1478 1478
135 639 1143 639 639 1143 1143 1143 639 639 1143 639 639 1143 1143 639 639 1143 1143 639
1478 1335 1335 1335 1335 1335 1335 1542 1542 1542 1542 905 905 905 905 905 905 905 905 905
1105 1105 1105 135 1143 1105 1143 1105 1105 1143 1143 1143 1105 1105 1143 1105 1105 1143 1105 1105
905 905 905 905 905 905 905 905 905 905 1335 1478 1335 1478 1478 1335 905 1335 1478 1478
905 905 905 905 905 905 905 905 905 1542 1542 905 905 905 905 905 905 1478 1478 905
820 43 820 820 820 820 1335 1335 1335 1335 1478 1335 1335 1542 1542 905 905 905 905 905
1478 1478 1330 1330 1330 1143 1105 1143 1143 1105 639 1105 1143 1143 1105 1143 1105 1143 1105 1105
1105 639 1143 1105 905 1143 1105 639 1143 1105 1335 1335 1335 1335 1542 1542 905 905 905 905
905 905 905 905 905 1335 905 1478 1335 1335 1478 168 1335 1335 1478 1478 1478 1542 1335 1478
820 820 820 820 820 168 820 820 820 43 820 820 820 820 168 168 820 820 820 820
1542 1542 1478 905 905 905 905 905 905 905 905 905 905 905 1335 1335 1105 1143 1105 905
820 820 820 820 820 820 820 820 820 820 820 820 820 820 820 820 820 820 43 43
1143 639 1143 639 639 639 639 639 1143 1143 1143 639 1143 1105 639 1143 1143 639 1335 1335
639 905 905 1143 639 1143 1143 639 905 905 905 905 905 905 905 905 905 905 1335 1335
1143 1143 1143 1105 1105 1143 1105 1105 1143 1105 1105 1143 1105 1105 1143 1105 1105 1143 1143 1105
905 905 639 1143 1143 639 905 905 639 639 1143 1143 639 1143 639 1143 1143 639 905 905
1143 135 135 1335 1335 1478 1478 1542 1542 1478 1478 1542 1542 1335 1335 1335 1335 1335 1335 1542
1143 1143 639 1143 639 1143 135 639 639 639 1143 1143 1143 639 43 1335 1335 1335 1335 1335
1105 1143 1105 1478 1478 1335 1335 1335 1335 1335 1478 905 905 905 905 905 905 905 905 905
820 820 820 820 820 820 820 135 135 820 639 1542 1335 1478 1478 1335 1335 1335 820 820
1335 1542 820 168 820 820 168 820 820 820 820 820 820 820 820 820 820 820 820 820
1143 639 905 905 905 905 905 905 1335 1335 1335 1335 1335 1335 1478 1478 1335 1335 639 1335
1335 1335 1335 1542 1542 905 905 905 905 905 905 905 905 905 905 905 905 905 1335 1335
905 905 905 905 905 905 1335 1335 1335 1478 1478 1335 1335 1478 1478 1478 1335 1478 1478 1478
820 820 820 820 820 820 820 820 820 820 820 820 820 1478 820 820 820 820 1335 135
905 905 905 905 905 905 905 905 905 905 905 905 905 1335 1478 1478 1478 1335 1478 1478
1335 1478 1478 1478 1478 1335 1335 820 820 820 820 820 820 820 820 820 820 820 820 820
820 820 820 820 820 820 820 820 820 820 820 820 820 820 820 820 820 820 820 820
1143 135 1143 1143 639 639 135 639 1143 1143 1143 1143 639 1143 639 1143 135 639 1335 1335
168 820 820 820 820 168 168 820 820 820 820 820 820 820 820 820 820 820 820 820
1143 1105 1105 135 1143 1105 1105 1105 1143 1105 1105 1143 1105 1105 1105 1105 1143 1105 1105 1143
168 820 820 820 820 820 820 820 820 820 820 820 820 820 820 1542 1335 1335 820 820
1105 639 1143 1105 135 1105 1143 1105 1105 1143 1143 1105 1105 1105 1143 1105 1105 1143 1143 1105
820 639 135 135 1330 1335 1335 1478 1478 1478 1478 1330 1330 1542 1542 1335 1335 1478 1478 1330
1542 1542 905 905 905 905 905 905 905 905 1478 1330 1330 905 905 905 1478 905 1478 1478
1542 1335 1335 820 820 820 820 820 820 820 1478 1335 135 135 639 1330 1335 1478 1478 820
905 905 905 905 905 905 905 1335 1335 1335 1478 1335 1335 1478 1478 1542 1542 1335 1335 1335
1335 1335 1335 1542 1542 905 905 905 905 905 905 905 905 905 905 905 905 1335 1478 1478
1143 1143 639 639 1143 1143 639 639 1143 1335 1335 1335 1335 1335 1335 1335 1335 1542 1542 1330
1105 1143 1105 639 1143 1105 639 1143 1105 639 1143 1105 1105 1335 135 639 1143 1105 1143 1105
1478 1335 1335 1478 1478 1542 1542 1335 1335 1335 1542 1542 905 905 905 905 905 905 905 905
639 1335 1478 1478 1542 820 820 820 820 820 820 820 820 820 820 820 820 820 820 820
1335 1335 1335 905 905 1335 1335 1335 1335 1335 1478 1478 1478 1478 1478 1335 1335 1335 1335 1478
1143 1105 43 1335 1335 1335 1335 1335 820 1330 820 820 820 820 43 820 820 820 820 1478
1105 1143 1143 1143 1105 1105 1143 1105 1105 1143 1105 1105 1143 1143 1105 1105 1143 1143 639 1105
1335 1335 1542 1542 905 905 905 905 905 905 905 905 905 1335 1478 1335 1478 1335 1335 1478
1335 1478 1478 1478 1478 1330 1330 1542 1542 1335 1335 43 94 1330 1143 639 1143 1330 639 135
1478 1335 1478 1542 1542 1330 1330 905 168 1542 1542 905 905 905 905 905 905 905 905 905
905 905 905 905 905 905 905 1335 1335 1335 1335 1335 1478 1542 1542 820 820 168 168 820
820 820 820 820 820 1542 135 1105 1105 1143 1105 1105 1143 1143 1143 1105 1105 1143 1105 1105
1478 1330 1330 135 1143 1105 1143 1105 1105 1143 1143 1143 1105 1105 1143 1105 1105 1143 1105 1105
1143 1105 639 1143 1143 1105 1335 1335 1335 1335 1542 1542 905 905 905 905 905 1330 1330 905
1143 639 1143 639 1143 135 639 1335 1335 1335 1335 1335 1335 1542 1542 1542 1542 905 905 905
1335 1542 1542 1478 1478 1478 1478 1478 1478 168 168 1330 1478 1335 1335 1478 1478 1478 1478 1478
639 1143 135 639 1335 1335 1335 1335 1335 1335 1542 1542 1542 1542 905 905 905 905 905 905
905 905 905 905 905 1335 1330 1330 905 905 905 1335 905 1478 1478 1335 1335 1335 905 1335
135 135 639 639 1335 1478 1478 1330 1330 1542 820 820 820 820 820 820 820 820 820 820
1143 1105 639 1143 1105 1335 639 1143 1105 1105 1143 1105 639 1335 1335 1335 1335 1335 1335 1335
905 905 905 905 905 905 905 905 905 1330 1330 1542 1335 1478 1335 1335 1478 1335 168 1335
639 1143 1105 639 1143 1143 1105 639 1143 1143 1105 1335 1478 1478 1478 1335 1335 1335 1335 1335
639 1143 639 639 1143 1143 1143 639 639 1143 639 639 1143 1143 639 639 1143 1143 639 639
820 820 820 820 820 820 820 820 820 820 820 820 820 820 820 820 820 820 820 820
639 1335 1335 1335 1478 1335 1335 1335 1335 1542 1542 905 905 905 905 905 905 905 1330 1330
1335 1478 1478 639 1143 1143 639 1478 1335 1478 1478 1478 1335 1335 1335 1335 1542 1542 1330 1330
639 905 905 639 1105 1143 1143 1105 905 905 905 905 1143 639 1143 1143 639 905 905 905
135 1105 1143 1105 1105 1143 1143 1143 1105 1105 1143 1105 1105 1143 1105 1105 1143 1105 1105 1143
1330 1330 1335 1335 1478 1478 1478 1478 1330 1330 1330 1330 1330 1330 1330 1330 1542 1542 1542 1542
1143 1105 1105 1143 1105 43 1335 1335 1335 1335 1335 1335 1335 1542 1542 905 905 905 905 905
1478 1478 1478 135 135 1105 1143 1105 1335 1478 639 1143 1143 1143 1105 1105 1143 1105 1478 1478
1330 820 820 820 820 43 820 820 820 820 1478 1335 1335 1335 1478 1335 1335 1542 1542 905
1105 1105 1105 639 1143 1143 1143 1105 1105 1143 1105 1105 1143 1105 1105 1143 1105 1105 1143 1105
1335 820 820 820 820 43 1335 1335 1335 1542 1542 905 905 905 905 905 905 905 905 905
905 905 639 1143 1143 905 905 1143 639 1143 135 639 639 905 905 639 1143 1143 639 639
168 1542 905 905 905 905 1542 905 905 905 905 905 905 905 905 1335 1478 1478 1335 1478
1330 1335 1478 1478 1478 1542 168 1335 1478 1478 1478 168 1335 1478 1478 1478 168 1478 1335 168
1542 639 639 905 905 639 1143 905 905 1143 1105 1143 1143 1143 639 1143 1143 639 905 905
905 905 905 905 905 905 905 905 1335 1335 1335 1478 1335 1478 1335 1335 1335 1335 1478 1478
820 820 820 1330 1330 639 1143 1105 1143 1105 639 1335 1143 1143 1143 1105 1105 1143 1105 1105
820 820 820 1478 1335 1335 1335 1542 1542 905 905 905 905 905 905 905 905 905 1335 1335
639 639 135 1105 1143 1105 1105 1143 1143 1143 1105 1105 1143 1105 1105 1143 1105 1105 1143 1105
639 1335 1143 1105 1478 1478 639 1143 1105 1478 639 1143 1143 1105 639 1143 1143 1105 1335 1335
1143 1105 1105 1143 1105 1335 1335 639 1143 1105 639 1143 1105 639 1143 1105 1335 1335 1478 1478
820 820 820 820 820 820 820 820 820 820 820 1335 639 639 639 639 1335 1478 1478 1478
1330 1335 1478 1330 1478 1330 1542 1330 1330 1542 1542 1542 1330 1330 135 1330 1542 905 905 905
1105 1105 1143 1143 1105 1105 639 1105 1105 1143 1105 1143 1105 1105 1143 1143 1143 1105 1105 1143
1143 1105 905 1335 1330 1143 1105 1143 1143 1105 639 1105 1143 1143 1105 1143 1105 1143 1143 639
1542 1478 1542 1335 1335 1335 1542 1542 905 905 905 905 905 905 905 905 905 905 905 905
639 1143 1105 639 1143 1105 1335 1335 639 1478 1478 1335 1335 1143 1105 1478 1478 639 1143 1105
168 905 905 905 905 905 905 905 905 1335 1478 1478 1478 1335 1478 1478 1478 1335 1478 1478
1335 1335 1542 1542 905 905 1330 1330 905 905 905 905 905 905 905 905 905 905 1335 1335
1330 135 1105 1105 1143 1105 1105 1143 1143 1143 1105 1105 1143 1105 1105 1143 1105 1105 1542 1105
1105 1105 639 1105 1105 1143 1105 1143 1105 1105 1143 1105 1105 1105 1105 1143 1105 1105 1143 1105
1542 1143 1105 1143 1105 1143 1105 1143 1143 1105 639 1105 1143 1143 1105 905 905 1143 1105 1143
1542 1542 905 905 905 905 905 905 905 905 905 1335 1478 1542 820 168 820 820 168 820
1105 1143 1105 1105 1143 1105 1105 1143 1105 1105 1143 1143 1105 1105 1143 1143 1105 1105 1143 1105
639 1143 639 1105 639 639 639 1143 1143 1143 1143 1105 1143 639 1143 1143 639 1335 1335 1335
1335 1335 1335 1335 1335 1478 1478 1478 1478 1478 1478 1335 1335 1478 1478 1478 1478 1478 1478 1478
1143 1143 1105 905 905 639 1105 1143 1143 1105 1143 639 1143 1143 639 905 905 905 905 905
905 905 1335 1478 1478 1335 1478 1542 1478 1542 1335 1335 1335 1542 1542 905 905 905 905 905
905 905 905 905 905 1335 1335 1542 1542 820 820 168 168 820 820 820 820 168 168 820
1143 1143 639 639 639 1143 1143 639 1335 1335 1335 1335 1335 1335 1335 1335 1542 1542 1542 1542
905 905 905 905 905 905 1335 1542 820 168 820 820 168 820 820 820 820 168 820 820
1478 1478 168 1542 1335 1335 1478 1478 168 168 1335 1335 1478 1478 43 168 168 1478 1335 1335
1542 1335 1478 1478 820 820 820 820 820 820 820 820 820 820 820 820 820 820 820 820
820 820 820 820 820 820 820 820 820 1330 1330 639 135 1105 1143 1105 639 1143 1143 1143
820 820 820 820 1330 1330 1105 1143 1105 1143 1105 1105 1143 1143 1143 1105 1105 1143 1105 1105
905 905 1335 1335 905 905 1335 1335 1335 1478 1335 1335 1335 1478 1478 1478 1335 1335 1335 1335
1330 1335 1330 1478 1542 1542 905 905 905 905 905 905 905 1330 1330 905 1335 1330 905 1335
820 1478 1335 1335 1335 820 820 820 820 43 1478 1335 1335 1542 1542 905 905 905 905 905
1105 1105 1143 1105 1105 1143 1105 1105 135 1143 1105 135 1105 1143 1105 1105 1143 1143 1143 1105
639 1143 1143 1105 1105 1143 1105 1330 1335 1335 1335 1542 1542 905 905 905 905 905 905 905
639 1143 1105 1335 1335 639 1478 1478 1335 1335 1143 1105 1478 1478 639 1143 1105 639 639 1143
1143 1105 639 1143 1105 639 1330 1105 639 1143 1105 1478 1335 1335 639 1143 1143 639 1105 1143
1143 1105 1335 1335 1335 1335 1335 1335 1335 1335 43 94 1143 639 1143 639 639 639 639 639
168 168 820 820 820 820 820 168 820 820 1542 1542 1478 1478 43 168 820 820 820 820
1478 1478 820 820 820 820 820 820 820 820 820 820 820 820 820 820 820 820 1330 1330
1105 1143 1105 1105 1143 1143 1143 1105 1105 1143 1105 1105 1143 1105 639 1143 1105 1105 1143 1143
905 905 905 1542 905 905 905 905 905 905 905 905 1335 1478 1478 1335 1478 1478 1335 1335
905 905 905 905 905 905 905 905 905 905 1335 1478 1542 1542 1478 1478 43 820 168 168
1478 639 1143 1105 639 1143 1143 1105 639 1143 1143 1105 639 1143 1105 1335 1335 1335 1335 1542
1105 1143 1105 1105 1143 1105 639 1143 1105 1105 639 1143 1105 639 1105 1143 1105 1105 1143 1143
639 1105 1143 1105 1105 1143 1143 1143 1105 1105 1143 1105 1105 1143 1105 639 1143 1105 1105 1143
639 639 639 1105 1143 1143 1105 639 1143 1105 1105 1143 1105 1335 1335 1335 1335 1335 1335 1335
639 1143 1143 1105 639 1143 1335 1335 1478 1478 1478 1478 1478 1478 1143 1105 639 639 1143 1143
1105 1143 1105 1105 1105 1143 1143 1105 1330 1330 1143 1105 1143 1143 1105 639 1105 1143 1143 1105
820 820 820 820 820 820 820 820 820 820 820 1335 1335 639 135 639 639 1335 1335 1478
1335 1478 1478 1478 1542 168 1335 1478 1478 1478 168 1335 1478 1478 1478 168 1478 1335 168 1335
1542 1542 905 905 905 905 905 905 905 905 905 905 905 905 1478 1478 1478 1478 1335 1478
905 905 1335 1478 1542 820 1542 820 1335 1335 820 820 820 820 168 820 820 168 820 820
905 905 905 905 905 905 1335 1335 1478 1478 1478 1478 639 639 639 1143 1143 1143 639 1143
905 1335 905 1478 1335 1335 1478 168 1335 1335 1478 1478 1478 1542 1335 1478 1478 1478 1478 1335
1143 1143 1105 820 820 820 820 820 820 820 820 820 820 820 820 820 820 820 820 820
43 1335 1335 1478 1478 1478 1478 1478 1478 168 168 168 168 168 168 1335 1335 1478 1478 1478
1105 1143 1143 1105 1105 639 135 1105 1143 1105 1143 1105 1105 1143 1143 1143 1105 1105 1143 1105
1105 1143 1105 1105 1143 1143 1143 1105 1105 1143 1105 1105 1143 1105 1105 1143 1143 1105 1105 1143
820 820 820 1542 1542 1478 1478 820 820 820 820 820 820 820 820 820 820 820 820 820
905 905 905 905 905 905 905 905 905 905 905 905 1478 1478 1478 1478 1478 1335 1478 1478
1105 639 1143 1105 639 1143 1105 639 1143 1105 1105 1143 1105 1335 1335 1330 1143 639 1143 639
1330 135 1143 1105 1143 1105 1105 1143 1143 1143 1105 1105 1143 1105 1105 1143 1105 1105 1143 1105
1105 1105 135 1143 1105 1143 1105 1105 1143 1143 1143 1105 1105 1143 1105 1105 1143 1105 1105 1143
905 905 905 905 905 905 905 905 905 905 905 905 905 905 905 905 905 905 1478 1478
1330 1330 1330 1330 1330 1542 1542 1542 1542 1542 1542 1330 1330 1330 135 1542 1542 905 905 905
820 820 820 820 820 168 820 820 1542 1542 1478 1478 43 168 820 820 820 820 820 168
1478 1478 168 168 639 1330 820 168 1335 1335 1478 1478 1478 1478 1478 1478 168 168 168 168
820 820 43 639 1335 1335 1478 1478 1478 1478 1478 1478 820 820 820 820 820 820 820 820
135 639 1143 1143 1143 639 1143 135 1143 1143 135 1335 1335 1478 1478 1542 1542 1478 1478 1542
1143 1105 1105 1143 1143 1143 1105 1105 1143 1105 639 1143 1105 639 1143 1105 1105 1143 1105 1335
905 905 905 905 905 905 1335 1335 1542 1542 820 820 168 168 820 820 820 820 168 168
905 1335 1478 1478 1335 1478 1542 1478 1542 1335 1335 1335 1542 1542 905 905 905 905 905 905
1335 1335 1335 1478 1478 1335 1335 639 135 639 1335 1335 1143 1143 1143 639 1143 639 1143 135
168 1542 1478 820 820 820 820 820 820 820 168 820 820 820 820 820 820 820 820 820
820 820 168 1478 1542 820 168 820 820 820 820 820 820 820 820 820 820 820 820 820
1143 1105 1335 1478 639 1143 1143 1143 1105 1105 1143 1105 1478 1478 639 1143 1105 639 1143 1143
820 1478 1478 1335 1335 639 1330 639 135 1478 1478 1335 1335 1478 1478 1330 1330 1330 1143 639
1143 639 1143 1143 639 905 905 905 905 905 905 639 639 905 905 1143 1143 639 1143 639
905 905 905 905 1335 1335 1478 1478 1478 1335 1335 1478 1478 1478 1542 1335 1478 1478 1478 1330
820 639 135 135 1330 1335 1335 1478 1478 1478 1478 1330 1330 1542 1542 1335 1335 1478 1478 1330
905 905 905 905 905 905 905 905 905 1335 1478 1542 820 168 820 820 168 820 168 820
905 905 905 905 905 905 905 1335 1335 1335 1478 1478 1335 1335 1478 1478 1478 1335 1478 1478
905 905 1335 1478 1542 820 168 820 820 820 820 820 820 820 820 820 820 820 820 1542
1143 1105 1105 639 135 1105 1143 1105 1143 1105 1105 1143 1143 1143 1105 1105 1143 1105 1105 1143
1105 1143 1105 639 1143 1105 639 1143 1105 639 1143 1143 1105 639 1143 1143 1105 1542 1335 1335
1542 1335 1335 1335 1542 1542 905 905 905 905 905 905 905 905 905 905 905 905 1335 1478
1105 1335 1335 1478 1478 1478 1478 1478 1478 1542 1542 1143 135 1143 1143 639 639 639 1143 1143
820 820 820 820 820 820 820 820 820 1335 1335 639 135 639 639 1335 1335 1478 1478 1478
1143 1143 1105 1105 1143 1105 1105 1143 1105 1105 1143 1105 1105 1143 1105 1105 639 1143 1105 639
905 1143 1105 1335 1105 1335 1335 1143 1105 905 639 1143 1105 1335 1335 639 1335 1143 1335 1105
1105 1105 1330 639 1143 1105 135 1105 1143 1105 1105 1143 1143 1143 1105 1105 1143 1105 1105 1143
905 905 905 905 905 1335 905 1335 1335 1335 1335 1335 905 1335 1335 1335 1335 1478 1478 1478
168 820 820 820 820 820 168 820 820 820 820 820 820 820 820 820 820 1542 1542 1478
1143 1105 639 1143 1105 639 1143 1105 639 1143 1105 1335 1478 1478 1478 1335 1335 1335 1335 1542
1143 1143 639 1143 639 1143 1143 639 905 905 905 905 905 905 1335 1335 1335 1335 1335 1335
1330 1330 1330 135 1330 1542 1542 905 905 905 905 905 905 905 905 905 905 905 905 905
820 820 820 820 820 820 820 820 820 820 820 820 820 820 820 820 820 820 820 43
905 905 905 905 905 905 905 905 905 1335 1478 1542 1542 820 820 168 168 820 820 820
1105 639 1335 1143 1105 1478 1478 639 1143 1105 1478 639 1143 1143 1105 639 1143 1143 1105 1335
905 43 820 820 43 905 905 905 905 905 905 905 905 905 905 1478 1335 1478 1478 1478
820 820 820 820 820 820 820 820 820 820 820 1478 820 820 820 820 1335 135 135 639
820 820 820 820 820 820 820 820 820 820 1478 820 820 820 820 1335 135 135 639 639
1335 168 1335 1478 1478 1478 1335 1478 1478 1478 1330 168 1335 1478 1478 1478 168 1335 1478 1478
820 820 168 820 820 820 820 820 820 820 820 820 820 1542 1542 1478 1478 820 820 820
1335 1335 905 905 1478 1478 1478 1478 1335 1335 905 905 1335 1335 1478 1478 1478 1478 1478 1478
820 820 820 820 820 820 820 820 820 820 820 820 820 820 820 820 820 820 820 820
1478 1335 1335 1478 1478 1542 1335 1335 1542 1335 1335 1478 1335 905 905 905 905 905 905 905
1478 1478 1478 168 168 1335 1478 1335 1335 1335 1478 1335 1478 168 168 168 168 1335 1478 1478
639 1143 1105 1143 639 639 639 1105 1143 1143 1105 639 1143 1105 1105 1143 1105 1335 1335 1335
1335 1335 1542 1542 905 905 905 905 905 905 905 905 905 1335 1478 1478 1335 1478 1542 1478
1143 1143 1105 1105 1143 1143 1105 1335 1335 1335 1335 1335 1335 1335 1335 43 1478 1143 639 1143
1335 1478 1478 1335 1335 1335 1335 1478 1478 1542 1542 1335 1335 1335 1335 1478 1478 1478 1478 1478
1335 1478 1478 1478 1542 1542 1478 1478 1335 1335 1335 1335 1478 1478 1478 1478 1478 1478 1335 1335
820 820 820 820 820 820 820 820 820 820 1335 639 639 639 639 1335 1478 1478 1478 1335
1478 1335 1335 1335 1335 1335 1335 1542 1542 1542 905 905 905 905 905 905 905 905 905 1335
1335 1478 1542 1542 168 168 1542 1542 905 905 905 905 905 905 905 905 905 905 905 905
1478 1143 1105 639 639 1143 1143 639 639 1143 1143 1105 1330 1330 1143 639 1143 1143 639 639
1335 1478 1478 639 1143 1143 639 1478 1335 1478 1478 1478 1335 1335 1335 1335 1542 1542 1330 1330
1335 43 43 1143 639 1143 639 639 639 639 639 1143 1143 1143 1143 1105 1143 639 1143 1143
639 820 820 820 820 820 820 820 820 820 820 820 820 820 820 820 820 820 820 820
820 820 820 43 820 820 820 820 1478 1335 1335 1335 1478 1335 1335 1542 1542 905 905 905
820 820 820 820 820 1542 1335 1335 820 820 820 820 820 820 820 1478 1335 135 135 639
1478 1478 1478 1478 1335 1335 905 905 1335 1335 1478 1478 1478 1478 1478 1478 1478 1478 1335 1335
1105 1335 820 820 820 820 820 1335 820 820 820 820 820 820 820 820 43 1478 1335 1335
1542 905 905 905 905 1330 1330 905 905 905 905 905 905 905 905 1478 1478 1335 905 1478
639 1335 1335 1335 1335 1335 1335 1542 1542 1542 1542 905 905 905 905 43 1143 1143 905 905
1330 1330 1542 1542 1542 1542 1542 1542 1330 1330 1330 135 1542 1542 905 905 905 905 905 905
905 905 905 905 905 905 905 1330 1330 905 1335 1335 1478 1478 1335 1478 1335 1335 168 1335
820 820 820 820 820 820 820 820 820 820 820 820 820 820 820 1330 1330 820 1542 820
1105 639 1335 1143 1478 1105 1478 905 1478 1143 1105 639 1143 1105 1335 1335 1335 1335 1542 1542
905 905 905 1335 1335 1335 1478 168 1478 1335 1335 1335 1478 1478 1335 1335 1478 1478 168 1335
905 905 905 905 905 905 1335 1335 1335 1335 1335 1478 1542 1542 820 820 168 168 820 820
1330 639 1335 1335 1335 1335 1335 1335 1542 1542 1542 1542 905 905 905 905 1478 905 905 1143
135 1105 1143 1105 1105 1143 1143 1143 1105 1105 1143 1105 1105 1143 1143 1105 1105 1143 1143 1105
1542 1330 1330 1542 905 905 905 905 905 905 905 905 905 905 905 905 905 1478 1478 1478
1143 639 905 905 1143 135 639 905 905 905 905 905 905 905 905 905 905 905 905 905
1478 1478 1335 1478 1478 1478 639 135 1105 1143 1105 639 1143 1143 1143 1105 1105 1143 1105 1105
820 820 820 820 820 820 820 820 820 820 820 820 820 820 820 1335 1335 639 135 639
905 905 905 1335 1335 905 905 1335 1335 1335 1478 1478 1478 1335 1335 639 135 639 1335 1335
820 820 820 820 820 820 820 820 820 820 820 820 820 820 820 820 820 820 820 820
1105 1143 1105 639 1143 1105 639 1143 1105 639 1143 1105 1105 1335 135 639 1143 1105 1143 1105
1330 1105 1542 639 1143 1143 1105 1335 1335 1478 1478 1330 1330 1335 1335 1335 1335 1542 1542 905
1143 639 1143 135 639 1335 1335 1335 1335 1335 1335 1542 1542 1542 1542 905 905 905 905 639
820 820 820 820 820 820 820 820 820 820 820 820 820 820 1330 1330 639 1143 1105 1143
1542 1143 1105 1143 1105 1143 1105 1143 1143 1105 639 1105 1143 1143 1105 905 905 1143 1105 1143
1335 639 1478 1478 1335 1335 1143 1105 1478 1478 639 1143 1105 639 639 1143 1143 639 1542 1542
1143 1105 1335 1105 1335 1335 1143 1105 905 639 1143 1105 1335 1335 639 1335 1143 1335 1105 1335
1335 1542 1542 905 905 905 905 905 905 905 905 905 1335 1478 1478 1335 1478 1542 1478 1542
1335 1478 1335 1335 1478 1335 1335 1335 1335 1478 1478 1478 1335 1478 1478 1478 168 1335 1478 1478
820 820 820 820 820 820 820 820 820 820 820 820 820 820 820 1330 1330 820 135 1105
905 1335 1335 905 905 1335 1335 1335 1478 1335 1335 1335 1478 1478 1478 1335 1335 1335 1335 1335
1330 1330 1542 1542 1542 1330 1330 1330 1330 1542 905 905 905 905 905 905 905 905 905 1335
639 1143 1143 639 905 905 905 905 905 905 905 905 905 905 905 905 1478 1478 905 905
1542 1542 905 905 905 905 905 905 905 905 905 1335 1335 1478 1478 1335 1542 1335 1478 1478
905 905 905 1335 1335 1542 1542 1478 1478 820 820 168 168 820 820 820 820 168 168 820
1143 1105 639 1143 1105 639 1143 1105 639 1143 1105 1105 1143 1105 1335 1335 1330 1143 1105 1143
1478 1478 168 168 1330 135 1335 1335 1478 1478 1478 1478 1478 1478 168 168 820 43 1335 1335
905 1335 1335 905 905 1335 1335 1478 1478 1335 1335 1335 1478 1335 1335 1335 1335 905 905 1335
135 1105 1105 1105 1105 1143 1143 1143 1105 1105 1143 1105 1105 1143 1105 1105 1143 1105 1105 1143
1105 1105 1143 1105 1105 1143 1105 1105 639 1143 1105 1143 1105 1143 1105 1105 1143 1143 1105 1105
820 820 1542 820 820 820 820 820 820 820 820 820 820 639 135 639 639 1335 1478 1478
1478 639 639 1105 1143 1105 639 1143 1143 1143 1105 1105 1143 1105 639 1143 1105 639 1143 1105
820 820 820 820 820 820 820 820 820 820 820 820 820 820 820 820 820 820 820 820
1335 1330 1478 1330 1478 1542 1542 1542 1542 905 905 905 905 1330 1330 639 1330 905 905 905
905 905 905 905 905 1335 1478 1478 1335 1478 1542 1478 1542 1335 1335 1335 1542 1542 905 905
1478 1335 1335 1335 1335 1335 1478 905 905 905 905 905 905 905 905 905 1335 1478 1478 1335
1105 639 1143 1105 639 1143 1105 1105 1143 1143 1105 639 1143 1143 1105 1105 1143 1105 639 1335
1335 1478 1478 1335 1335 1335 168 1335 1478 1478 1478 1542 1335 1478 1478 1478 168 1335 1478 1478
1335 1335 1542 1542 905 905 905 905 905 905 905 905 905 1335 1478 1335 1335 1335 1335 1478
820 1542 1542 820 820 820 820 1478 1478 1335 1335 639 1330 639 1335 1478 1478 1335 1335 1478
1143 905 905 639 1143 1143 1105 905 905 639 1105 1143 1143 1105 1143 1105 1143 1143 639 905
1335 1335 1335 1330 1478 1335 1335 1335 1542 1542 905 905 905 905 905 905 905 905 905 1335
1542 1542 905 905 905 905 905 905 905 905 905 905 905 905 1330 1330 1542 1335 1478 1335
820 820 820 820 820 820 820 820 820 820 820 820 820 820 820 1330 1330 820 135 1105
1478 1335 1335 1478 1478 1542 1335 1335 1542 1335 1335 1478 1335 905 905 905 905 905 905 905
168 1335 1478 1478 1478 1542 168 1335 1335 1335 1335 820 820 820 820 820 1335 1478 1478 1478
1335 1335 1335 1335 639 1330 168 168 168 168 639 1143 1105 1143 639 168 168 1330 1330 820
1478 1478 1478 1478 168 168 1335 1335 1478 1478 1478 1478 1478 1478 168 168 820 168 1335 1335
1105 1143 1105 1143 1143 1105 905 905 639 1105 1143 1143 1105 1143 1105 1143 1143 1105 905 905
1478 1478 1335 1478 1478 1478 168 1335 1478 1478 1478 168 820 1335 1478 1478 1478 43 168 168
820 820 820 820 820 820 820 820 820 820 820 639 135 639 1105 1143 1105 639 1143 1143
820 820 820 820 820 820 820 820 820 820 820 820 820 820 820 820 1330 1330 820 820
820 820 820 820 820 820 820 820 1335 639 639 639 135 1335 1478 1478 1478 1335 820 820
820 820 820 820 820 1330 1143 135 1143 1143 1105 135 1105 1143 1105 1105 1143 1143 1105 1143
905 905 905 905 905 1335 1478 1330 1478 1478 1335 1478 1478 1478 1335 1478 1478 1478 1542 1335
1478 1478 1478 1478 1478 1478 168 168 1478 1478 1335 1478 1478 1478 1335 1478 168 168 168 168
1478 135 639 1105 1143 1105 639 1143 1143 1143 1105 1105 1143 1105 639 1335 1143 1105 1478 1478
820 820 1335 135 135 639 1143 1335 1478 1478 1542 820 820 820 820 820 820 820 820 820
1478 1478 820 1330 1330 820 820 820 820 820 820 820 820 820 820 820 820 820 820 820
1335 1478 1542 1542 820 820 168 168 820 820 820 820 168 168 820 820 820 168 820 820
1478 1335 1478 1335 1335 1335 1542 1542 905 905 905 905 905 905 905 905 905 1335 1478 1335
1335 1335 1335 1335 1478 1478 1478 1478 1542 1542 1542 1542 1335 1335 1335 1335 1335 1335 1542 1542
1478 1478 1478 1478 1478 168 168 1335 1335 1478 1478 1478 1478 1478 1478 168 168 1478 1478 168
1105 639 639 43 1143 1105 639 1143 1105 639 1143 1105 639 1143 1105 1105 1143 1105 1335 1335
1105 1105 1143 1105 1143 1105 1105 1143 1143 1143 1105 1105 1143 1105 1105 1143 1105 1105 1143 1105
639 639 1105 1105 1143 1105 1105 1143 1143 1143 1105 1105 1143 1105 1105 1143 1105 1105 1143 1143
1478 1478 1478 1335 1335 820 820 820 820 820 820 820 820 820 820 820 820 820 820 820
905 905 905 905 905 905 905 905 1335 1335 1335 1478 1335 1478 1542 1542 820 820 168 168
905 905 1143 1143 1105 1143 639 1143 1143 639 905 905 639 1105 1143 1143 639 1143 639 1143
905 905 905 905 905 905 1335 905 1478 1335 1335 1478 168 1335 1335 1478 1478 1478 1542 1335
1330 135 135 639 1143 639 639 1143 1143 1143 639 639 1143 639 639 1143 1143 639 639 1143
1542 1542 905 905 905 905 905 905 905 1330 1330 905 135 1330 905 1335 1335 1478 820 168
1143 1105 1105 1143 1143 1143 1105 1105 1143 1105 639 1143 1105 639 1143 1105 1105 1143 1105 1335
1478 1478 1335 1335 1335 1335 1335 1335 1542 1542 905 905 905 905 905 905 905 905 905 1335
905 905 905 905 905 905 905 905 905 905 905 905 905 905 905 905 905 905 905 905
1478 1478 1478 1478 639 135 1105 1143 1105 639 1143 1143 1143 1105 1105 1143 1105 639 1143 1105
1542 1542 905 905 905 905 639 1143 1143 905 905 1143 639 1143 1143 1105 639 905 905 639
135 1143 1105 639 1143 1105 639 1143 1105 639 1143 1105 1105 1143 1105 1335 1335 1330 1143 1105
820 168 168 43 639 1143 1105 1143 639 820 168 1330 1330 820 820 43 639 1335 1478 1478
1335 1478 1478 1478 1335 1478 1478 1478 1330 1330 135 135 1105 1143 1105 639 1143 1143 1143 1105
820 820 820 820 820 820 820 820 1478 1335 1335 1335 1330 43 1335 1335 1335 1542 1542 905
1478 1478 1478 168 1335 1478 1478 1478 168 1478 1335 168 1335 1335 168 1335 1478 1478 1478 168
43 1143 1143 639 1105 1143 1105 1335 639 820 820 820 820 1478 1335 1335 1335 820 820 820
820 820 43 1335 820 820 820 820 820 820 820 820 43 1478 1335 1335 1335 1330 43 1335
1335 1335 639 1143 1143 639 1105 1143 1105 1335 820 820 820 820 43 1335 820 820 820 820
1105 1143 1105 639 1105 1143 1105 1105 135 1143 1105 1143 1105 1143 1105 1105 1143 1143 1143 1105
1542 1330 1330 905 905 905 905 905 905 905 905 905 905 905 905 905 1478 1478 1335 1478
1335 1335 1335 1335 905 1335 1335 1335 1330 1335 1478 1478 1478 1335 1478 1478 1478 135 1330 1105
905 905 905 905 905 905 905 905 905 905 905 905 905 905 905 905 905 905 1478 1478
1105 1143 1105 1105 135 1143 1105 135 1105 1143 1105 1105 1143 1143 1143 1105 1105 1143 1105 1105
905 905 905 905 905 1335 1335 1478 1478 1335 1335 1335 1335 1335 1335 1335 1478 1478 1335 1335
1143 1105 1105 905 905 639 1143 1143 639 639 1143 1143 1105 1143 1143 639 135 1105 1143 1143
1335 1335 1335 1478 1335 1335 1478 1542 1478 1542 1542 1335 1335 1335 1542 1542 905 905 905 905
820 1105 1105 1105 1105 1143 1105 1143 1105 1105 1143 1143 1143 1105 1105 1143 1105 1105 1143 1105
1335 1542 820 168 820 820 1542 43 820 168 820 820 820 820 820 820 820 820 820 820
1478 1542 820 820 820 820 820 820 820 820 820 820 820 820 820 820 820 820 1330 1330
1143 1105 1105 135 1143 1105 1143 1105 1143 1105 1105 1143 1143 1143 1105 1105 1143 1105 1105 1143
168 820 820 820 820 820 168 820 820 820 168 820 820 820 820 820 168 820 820 820
1478 1478 905 905 1335 1335 1335 1335 1335 1335 1335 1335 1335 1335 905 905 1335 1335 1335 1335
1143 1143 639 639 639 1143 1143 639 1335 1335 1335 1335 1335 1335 1335 1335 1542 1542 1542 1542
1105 1105 1143 1105 639 1143 1105 639 1143 1105 1105 1143 1105 1105 1143 1105 1335 1335 1335 1335
1478 1478 1478 1478 1478 1335 1335 1478 1478 1478 1478 1478 1478 168 168 1335 1335 1478 1478 1478
1335 1335 1478 1542 1542 820 820 168 168 820 820 820 820 820 168 820 820 1542 1542 1478
1330 1335 1330 1542 1542 905 905 905 905 905 905 905 905 905 905 905 905 905 905 905
1105 639 135 1105 1143 1105 1143 1105 1105 1143 1143 1143 1105 1105 1143 1105 639 1143 1105 639
639 1143 639 639 639 1105 1143 1143 1105 639 1143 1105 1105 1143 1105 1335 1335 1335 1335 1335
1143 1105 1105 1143 1105 1105 1143 1105 1105 1143 1143 1105 1105 1143 1143 1105 1105 639 1105 1105
1478 1542 820 1542 820 1335 1335 820 820 820 820 820 820 820 820 820 820 820 820 820
1478 1143 1105 639 1143 1105 1335 1335 1335 1335 1542 1542 905 905 905 905 1330 1330 905 905
820 820 820 820 820 820 820 820 1478 820 820 820 820 1335 135 135 639 639 1335 1478
1143 639 1143 1105 1335 1335 1478 1478 1478 1478 1478 1478 1143 639 1143 1143 639 135 639 1143
820 820 1478 1335 135 135 639 1330 1335 1478 1478 820 820 820 820 820 820 820 820 820
905 1335 1335 1335 1478 1478 1335 1335 1478 1478 1478 1335 1478 1478 1478 1330 1330 135 135 1105
1478 1478 1335 1335 1335 1335 1335 1335 1542 1542 1542 905 905 905 905 905 905 905 905 905
1478 1478 1330 1330 1335 1335 1335 1335 1542 1542 905 905 905 905 905 905 905 905 905 905
905 905 905 905 905 905 905 905 905 1335 1335 1335 1335 1335 1478 1542 1542 43 820 168
1478 1478 1335 1335 639 639 639 1143 1143 1143 639 1143 639 1143 1143 639 1335 1335 1478 1478
905 905 905 1335 1335 1335 1478 1335 1335 905 1335 1335 1478 1478 1335 1335 1478 1478 1335 135
905 905 905 905 905 905 905 905 905 905 905 905 905 905 905 905 905 905 905 1478
1143 1143 1143 1105 1105 1143 1105 1105 1143 1105 639 1143 1105 1105 1143 1105 1335 1105 1143 1105
135 639 1143 1143 1143 639 1143 639 1143 1143 135 905 905 905 905 905 905 1335 1335 135
1335 1335 1335 1542 1542 1542 905 905 905 905 905 905 905 905 905 905 905 905 1330 1330
1105 135 1143 1105 1143 1105 1143 1105 1105 1143 1143 1143 1105 1105 1143 1105 1105 1143 1105 1105
1542 1478 1478 1542 1335 1335 1478 1335 905 905 905 905 905 905 905 1542 905 1478 905 905
1330 1478 1330 1478 1542 1542 1542 1542 905 905 905 905 1330 1330 135 1330 905 905 905 905
820 820 820 820 820 820 820 1542 1542 1478 1478 820 820 820 820 820 820 820 820 820
1335 1478 1478 1478 1478 1478 1478 1478 1478 1335 1335 1335 1478 168 168 1335 1478 168 168 43
905 1335 1105 1143 1143 1143 1105 1105 1143 1105 1335 1335 1478 1105 1143 1105 1335 1335 639 1143
1478 1335 1335 1542 1542 905 905 905 905 905 905 905 905 905 1335 1335 1335 1478 1335 1335
1143 1105 1105 1143 1143 1105 1105 135 1143 1143 1105 1105 1143 1105 1105 1143 1143 1143 1105 1105
1105 1105 1143 1105 1105 639 1143 1105 1105 1105 1143 1105 1105 1143 1143 1143 1105 1105 1143 1105
639 1335 1335 1478 1478 1478 1478 1335 1335 820 820 820 820 820 820 820 820 820 820 820
1335 1335 1335 1335 1335 1335 1542 1542 905 905 905 905 905 905 905 905 905 1335 1478 1478
905 1335 1478 1335 1478 1478 1335 168 1335 1478 1478 1478 1335 1478 1478 1478 168 1335 1478 1478
1335 1335 1335 639 135 639 135 1335 1478 1478 1542 820 820 820 820 820 820 820 820 820
905 905 905 905 905 905 905 1335 1335 905 905 1335 1335 1478 1478 1478 1478 1335 1335 1478
1542 820 820 820 820 820 820 168 820 820 820 820 820 1542 820 820 820 820 820 820
1478 1478 1478 1335 1478 1478 1478 135 168 1105 1143 1105 639 1143 1143 1143 1105 1105 1143 1105
1143 639 905 905 135 1105 1143 1143 1105 905 905 1143 639 1143 1143 1105 905 905 905 905
1143 639 1143 1143 639 1542 1542 1335 1335 1478 1478 1478 1478 1542 1542 1335 1335 1335 1335 1335
905 905 905 905 905 905 905 1335 1478 1478 1478 1335 1335 1478 1478 1478 1542 1335 1478 1478
820 820 820 820 820 820 820 820 820 820 820 820 820 820 820 1330 1330 135 168 1105
820 820 820 820 820 820 820 820 820 820 1542 1335 1335 820 820 820 820 820 820 820
1105 639 1105 1143 1105 1105 135 1143 1105 1143 1105 1143 1105 1105 1143 1143 1143 1105 1105 1143
1330 1330 1335 1330 1478 1330 1478 1542 1542 1542 1542 905 905 905 905 1330 1330 135 1330 905
1335 1478 1335 1478 1335 1335 1478 1478 1542 1478 1478 1542 1335 1335 1478 1335 905 905 905 905
905 905 905 905 905 905 905 905 905 905 905 905 905 905 905 905 905 1335 1478 1335
1330 1330 1330 639 1542 1542 905 905 905 905 905 905 905 905 905 905 905 905 905 905
1478 1478 1330 1330 1330 1330 1330 1330 1542 1542 1542 1542 1542 1542 1330 1330 1330 639 1330 1542
1105 1143 1105 1105 1143 1143 1105 1105 1143 1143 1105 1105 1143 1143 1105 1335 1105 1143 1143 1105
1330 1542 1542 905 905 905 905 905 905 905 905 905 905 905 905 905 905 905 905 905
905 905 1330 1330 639 1330 905 905 905 1335 1478 1542 1478 820 168 820 820 168 820 168
1478 1478 1478 639 639 639 1143 1143 1143 639 1143 639 1143 1143 639 1542 1542 1335 1335 1478
135 1143 1143 639 905 905 905 905 135 639 1143 1143 639 1143 639 1143 1143 639 905 905
1105 639 1143 1105 639 1143 1105 639 1143 1105 1105 135 135 639 1143 1105 1143 1105 639 1143
1478 1330 1330 639 135 1105 1143 1105 639 1143 1143 1143 1105 1105 1143 1105 639 1143 1105 639
135 639 1143 1143 1143 639 1143 135 1143 1143 135 1335 1335 1478 1478 1542 1542 1478 1478 1542
1478 1335 1335 1335 1335 1542 1542 905 905 905 905 905 905 905 1330 1330 905 905 905 905
1335 1478 1478 1335 1335 1335 1335 1478 1478 1335 1335 1478 1478 1478 168 1105 1143 1105 639 1143
639 1143 1143 1143 1105 1105 1143 1105 1105 1143 1105 639 1143 1105 1105 1143 1105 1335 639 1143
168 820 820 168 168 820 820 820 820 820 168 820 820 820 820 820 820 820 820 820
1542 1542 905 905 905 905 905 905 905 905 905 1335 1335 1335 1542 820 168 820 820 1542
1335 1335 1542 1542 1542 1478 905 905 905 905 905 905 905 905 905 905 905 1335 1335 639
135 1143 1143 639 135 639 1143 1143 639 1335 1335 1335 1335 1335 1335 1335 1335 1542 1542 1330
820 820 820 820 820 820 820 820 820 820 820 820 135 135 820 639 1542 1335 1478 1478
135 1335 1335 1478 1478 1542 1542 1478 1478 1542 1542 1335 1335 1335 1335 1335 1335 1542 1542 1542
1478 1478 1478 1478 168 168 1335 1478 1335 1335 1335 1478 1335 1478 168 168 168 168 1335 1478
1330 1330 135 1330 1542 1542 905 905 905 905 905 905 905 905 905 1335 1478 1542 820 168
1105 1143 1105 1105 1143 1105 1105 1143 1105 1105 1143 1105 1105 1143 1105 1335 1478 1478 1478 1335
1105 1105 1143 1143 1143 1105 1105 1143 1105 1105 1143 1143 1105 639 135 1105 1143 1143 1105 1105
820 820 820 820 820 820 820 820 820 820 820 820 135 168 639 639 1335 1478 1478 820
1478 168 1335 1478 1478 1478 168 1335 1478 1478 1478 43 168 168 639 1335 1478 1478 1478 168
1478 1478 1143 639 639 639 1143 1143 639 639 1143 1143 1105 1330 1330 1143 639 1143 1143 639
905 905 135 1105 1143 1143 1105 905 905 1143 639 1143 1143 1105 905 905 905 905 905 905
905 905 905 905 905 905 905 905 905 1335 1335 1335 1478 1335 1335 1478 1478 1542 1542 1335
639 905 905 1143 1143 1143 135 1143 1143 639 1105 905 905 135 1105 905 905 1143 1143 639
1105 1105 1143 1143 1143 1105 1105 1143 1105 1105 1143 1105 1105 1143 1105 1105 1143 1105 1105 135
1478 1478 1542 1542 1335 1335 1335 1542 1542 905 905 905 905 905 905 905 905 1478 905 1105
1330 1330 1330 1542 1542 1542 1330 1330 135 1330 1542 905 905 905 905 905 905 905 905 905
1143 639 639 135 639 1143 1143 1143 1143 639 1143 639 1143 135 639 1335 1335 1335 1335 1335
168 905 905 905 905 1542 1542 905 905 905 905 905 905 1335 1335 905 905 1335 1478 1478
1143 1105 1105 1105 1105 1143 1105 1105 1143 1105 1105 1143 1105 1105 1105 1143 1105 820 820 820
1478 1478 43 1542 1335 1478 1478 1478 43 820 1335 1478 1478 1478 43 168 168 168 1335 1478
1542 1330 1330 135 1330 1542 905 905 905 905 905 905 905 905 905 1335 1335 1335 1542 43
1143 1143 1105 1143 905 905 639 1143 1143 639 905 905 639 639 1143 1143 639 1143 639 1143
639 1143 1143 1105 639 1143 1143 1105 1335 1478 1478 1478 1330 1330 1335 1335 1335 1335 1542 168
1478 1478 1330 1335 1478 1478 1478 1542 168 1335 1478 1478 1478 168 1335 1478 1478 1478 168 1478
1105 1335 1478 1478 1478 1335 1335 1335 1335 1542 1542 1330 1330 905 905 905 905 905 905 905
1478 1542 1542 820 820 168 168 820 820 820 820 168 168 820 820 820 168 820 820 820
820 820 820 43 820 820 820 820 1478 1335 1335 1335 1478 1335 1335 1542 1542 905 905 905
905 905 1335 1335 1542 1542 820 820 168 168 820 820 820 820 820 168 820 820 168 168
1335 1335 1542 1542 905 905 905 905 905 905 905 905 905 905 905 905 1478 1335 1478 135
1143 1143 1105 1105 1143 1105 1105 1143 1105 1105 1143 1105 1105 1143 1105 1105 135 1143 1105 1105
1105 1105 1143 1105 1105 1105 1105 1143 1105 1105 1143 1143 135 1143 1105 1105 135 1105 1143 1143
135 1105 1143 1105 1105 1143 1143 1143 1105 1105 1143 1105 1105 1143 1105 1105 1143 1105 1105 1143
1143 1105 1330 1330 1143 639 1143 1143 639 639 639 1143 1143 639 1335 1335 1335 1335 1335 1335
1478 1542 1542 1542 1542 905 905 905 905 1330 1330 135 1330 905 905 905 905 905 1335 1478
905 1143 639 905 905 1143 135 639 905 905 905 905 905 905 905 905 905 905 905 905
820 820 820 820 820 820 820 1542 820 135 639 639 135 1335 1478 1478 1542 820 820 820
1105 1105 1143 1105 1478 1335 639 1335 1335 1335 1542 1542 905 905 905 905 905 905 905 905
820 820 820 820 820 820 820 820 820 820 820 135 135 820 639 1542 1335 1478 1478 1335
1335 1335 1335 1478 1478 1335 1335 1478 1478 1478 1335 1478 1478 1478 1330 1330 135 135 1105 1143
905 905 905 1335 1335 905 905 1335 1335 1335 1478 1335 1335 1335 1478 1478 1478 1335 1335 1335
135 1105 1143 1105 1105 1143 1143 1143 1105 1105 1143 1105 1105 1143 1105 1105 1105 1143 1105 1105
