309 3518 1768 1381 309 3518 1768 4934 646 1002 1002 1002 2041 2041 2041 2041 2199 2532 2532 2199
43 4934 3518 2133 4946 3518 1768 1768 2133 2133 1768 4934 4946 1768 2133 4946 3518 1768 4934 4946
43 4934 3518 2133 4946 3518 1768 1768 1381 1381 1768 1381 4946 1768 1381 4946 1768 2133 4946 1768
2532 2199 2199 646 646 646 646 2532 2532 43 2532 646 646 646 646 646 646 2199 1002 985
985 985 985 985 985 985 985 985 985 985 985 985 985 985 985 985 985 985 985 2532
985 985 985 985 985 985 985 985 985 985 985 985 43 43 43 43 2041 2041 1002 1002
1002 1002 1002 1002 2041 2041 1002 1002 1002 1002 1002 1002 43 43 4934 3518 1381 309 3518 3518
1768 1381 4946 1768 1381 4946 1768 2133 4946 1768 1381 2041 4946 1768 4934 2133 3518 1381 43 2041
1381 4946 3518 1768 1768 2133 2133 1768 4934 4946 1768 1381 4946 3518 1768 2133 4946 3518 1768 2133
43 3518 2133 43 4934 3518 2133 4946 3518 1768 1768 2133 2133 1768 2133 4946 3518 1768 2133 4946
1002 1002 2199 985 985 985 985 985 985 985 985 985 985 985 985 985 985 985 985 2532
2041 2041 2041 2041 309 309 43 43 309 309 985 985 985 985 985 985 985 985 2041 2041
2199 2532 2532 2199 2199 646 646 646 646 646 646 646 646 646 646 309 309 646 646 646
2041 309 2884 1381 2041 2041 1002 1002 309 3518 2884 1381 2041 2041 1002 1002 1002 2041 2041 2041
4934 1381 2884 2884 2884 2884 2884 2133 309 2884 43 4934 2041 2041 2041 2041 2041 2041 2199 2199
2041 2041 1002 1002 1002 2041 1002 1002 1002 309 2199 2041 1002 1002 1002 309 985 2041 1002 1002
1381 4946 3518 1768 1768 1381 2133 1768 1381 4946 43 43 1768 1381 4946 1768 1381 4946 1768 1381
646 2532 2532 1002 1002 1002 1002 2532 2532 43 43 2884 43 2199 2199 2199 2199 2199 2199 2532
2199 2041 1002 43 43 2199 2884 4934 2884 2884 2133 4934 1381 2884 2884 4934 2884 2884 4934 2884
2041 2041 2199 2199 985 985 309 309 985 985 985 985 985 985 985 985 2199 2199 1002 1002
2532 2199 2199 2199 2199 2199 2532 2532 2532 43 2532 2199 646 646 646 646 646 646 646 646
2041 2041 2041 2041 646 646 646 2199 2199 2199 646 646 646 646 646 646 646 646 646 646
309 2133 2884 2884 2884 2884 2133 2884 4934 2884 2884 4934 2041 2041 2041 2041 2041 2041 2199 2199
2041 2041 985 985 985 309 985 985 985 985 985 985 985 985 985 985 985 985 2532 2532
646 646 1002 1002 1002 1002 1002 1002 646 646 1002 1002 1002 1002 1002 1002 43 43 1381 3518
2041 2041 1002 1002 2041 2041 2041 2041 2041 2041 2041 2041 2041 2041 1002 1002 1002 1002 1002 1002
1002 1002 1002 1002 1002 43 43 2041 2041 1002 1002 1002 1002 1002 1002 309 309 2041 2041 1002
3518 1381 1381 1768 4934 1002 1002 4946 1768 1381 4946 3518 1768 1381 309 3518 1768 1381 4934 1768
4934 1381 2884 2884 2884 1381 2884 4934 2884 43 4934 2041 2041 1002 1002 2199 2199 1002 1002 2199
43 1768 4934 3518 1381 4946 3518 1768 1768 1381 2133 1768 1381 4946 1768 1381 4946 1768 1381 4946
646 646 646 646 646 646 646 646 646 646 646 2532 2532 2199 2041 1002 2041 646 1002 646
4946 3518 1768 1768 2133 2133 1768 2133 4946 3518 1768 2133 4946 3518 1768 2133 4946 3518 1768 2133
646 646 646 646 2532 2532 646 646 646 646 646 2199 2041 2041 2041 1002 1002 2041 309 2041
4946 3518 1768 1768 1381 1381 1768 1381 4946 1768 1381 4946 1768 1381 309 1768 1381 1002 4946 1768
4934 1381 3518 1381 2041 43 2041 2041 2041 2041 2041 2041 2041 2199 2199 2199 646 646 646 646
1381 2884 4934 2884 2884 4934 1002 1002 2199 2199 1002 1002 2199 2199 2041 2041 2041 2041 2041 2041
985 985 985 985 985 985 985 985 985 985 2041 2041 43 43 43 43 2041 2041 1002 1002
2041 2041 2041 2884 2884 2133 2884 309 2884 2884 2133 4934 4946 2133 2884 2884 2884 2133 2884 4934
985 985 985 985 985 985 985 985 985 985 985 2199 2199 1002 1002 985 985 985 985 985
2041 43 2041 2041 2041 2199 2199 646 646 646 646 646 646 646 646 646 2041 2041 2041 1002
2041 2041 2041 1002 1002 2199 2199 2041 2041 2041 2041 1002 1002 1002 1002 1002 1002 2041 2041 1002
2884 4934 2133 3518 1381 2041 43 2041 2041 2041 2041 2041 2041 2041 2199 2199 646 646 646 646
1381 43 2041 43 2041 2041 2041 2199 2199 646 646 646 646 646 646 646 646 646 2041 1002
2884 4934 2884 43 2133 4934 4946 4934 2884 43 2884 2133 2884 4934 2884 43 4934 2041 2041 2041
2041 2041 1002 1002 1002 1002 1002 1002 2041 2041 1002 1002 1002 1002 1002 1002 309 309 2041 2041
646 2041 646 2041 646 2041 646 2041 2041 2041 646 646 646 2041 646 2041 646 2041 2041 2041
2041 2041 2041 1002 1002 43 43 1002 1002 2532 2532 2884 4934 2884 2884 4934 4934 2884 1381 2884
985 985 985 985 985 985 985 985 985 985 985 985 43 43 43 43 2041 2041 1002 1002
2884 2884 2884 2884 2884 1381 309 2884 43 4934 2041 2041 2041 2041 2041 2041 2199 2199 2199 2199
1002 2041 646 1002 2199 1002 2199 2199 646 2041 2041 2199 2199 646 646 646 646 646 646 646
2133 3518 3518 1381 2041 2041 2041 2041 43 2041 2041 2041 2199 2199 646 646 646 646 646 646
4934 4946 3518 1768 4934 4934 43 43 4934 3518 2133 3518 2133 1677 3518 1768 1768 4934 4934 1768
646 2041 1002 1002 1002 2041 1002 1002 1002 2041 1002 1002 1002 309 2041 1002 1002 1002 2199 309
4946 3518 1768 2133 2133 3518 1381 2041 43 2041 2041 2041 2199 2199 646 646 646 646 646 646
309 3518 1768 1381 4946 3518 1768 4934 2133 3518 1381 43 2041 2041 2041 2041 2041 2041 2041 2199
2041 2041 2041 1002 2041 2041 2041 2041 1002 2041 1002 43 43 2133 3518 1381 2041 309 3518 1768
985 985 985 2199 985 43 43 43 43 2041 1002 1002 2199 985 985 985 985 985 985 985
2884 2884 1381 2884 4934 2884 2884 4934 2199 2199 2041 2041 1002 1002 1002 1002 2199 2199 2041 2041
2884 2884 2884 2884 2133 2884 4934 2884 2884 4934 2041 2041 2041 2041 2041 2041 2199 2199 2199 2199
2041 1002 1002 1002 1002 1002 1002 309 309 2041 2041 1002 1002 1002 1002 1002 1002 309 309 985
646 646 646 2041 646 646 646 646 646 2041 2041 2041 2041 2041 1002 2041 2041 2041 2041 1002
985 985 985 985 985 985 985 985 985 309 985 985 985 985 985 985 985 985 985 985
309 1768 2133 2133 2199 43 3518 2133 43 4934 3518 1381 4946 3518 1768 1768 1381 4934 1768 4934
1677 2199 2199 2199 2884 1677 2884 1677 1677 985 1677 2884 2884 1677 2884 1677 2884 985 1677 1677
2133 3518 2133 4946 3518 1768 1768 2133 2133 1768 2133 4946 1768 2133 4946 1768 2133 309 1768 2133
1677 1677 1768 1677 1677 1768 1677 1677 3518 1768 1677 1677 1677 1677 1677 1677 3518 1768 1677 1677
2133 4946 3518 1768 1768 2133 2133 1768 2133 4946 3518 1768 2133 4946 3518 1768 2133 4946 3518 1768
1381 4946 3518 1768 2133 4946 3518 1768 2133 4946 3518 1768 2133 1002 2041 2041 1002 4946 3518 1768
309 309 2041 2041 1002 1002 1002 1002 1002 1002 309 309 43 43 985 985 2041 2041 1002 1002
2041 2199 2199 2532 2532 2199 646 646 646 646 646 646 646 646 309 646 646 646 646 646
646 2041 646 646 646 646 646 2041 646 646 2041 646 2041 2041 2041 2041 2041 646 2041 2041
646 2041 646 646 2041 646 646 646 646 2041 646 2041 1002 43 1002 1002 2041 1002 1002 1002
2884 2884 4934 2884 309 2884 2884 4934 2041 2041 646 2041 43 4934 2884 2884 4934 2884 4934 2884
2199 646 646 2532 2532 43 2532 646 646 646 646 646 646 646 646 2199 985 985 985 985
985 985 985 985 985 985 985 985 985 2199 2199 1002 1002 985 985 985 985 985 985 985
985 985 985 985 985 985 985 2199 985 43 43 43 43 2041 1002 1002 2199 985 985 985
2884 2884 1381 2041 2041 2041 2041 2041 2041 2041 2041 2199 2199 2199 2199 1677 1677 646 646 646
1002 2532 2532 2884 4934 2884 2884 4934 4934 2884 1381 2884 2884 1381 2041 2041 2041 2041 2041 2041
2199 2199 2532 2532 646 646 646 646 646 646 646 646 646 309 646 646 646 646 646 646
985 985 985 985 985 985 985 985 985 985 985 985 985 985 985 2199 985 985 985 985
2532 43 1768 4934 3518 2133 4946 3518 1768 1768 1381 1381 1768 1381 4946 1768 2133 4946 43 1768
1381 309 3518 1768 1381 4946 3518 1768 4934 2133 3518 1381 43 2041 1002 2041 2041 2041 2041 2041
646 2041 2884 2884 2884 4934 2884 2884 1381 4934 646 2041 4934 1381 2041 2041 2884 2884 4934 2884
43 3518 43 2133 4934 1768 2133 4946 3518 1768 1768 2133 2133 1768 2133 4946 1768 2133 4946 1768
4934 1002 1002 2041 2041 2884 1381 1002 1002 309 2884 4934 4934 1381 2884 2884 1381 2199 2199 2041
2041 646 2041 2041 2041 2041 2041 2041 2041 2041 2041 1002 1002 2041 2041 2041 2041 2041 2041 2041
985 985 985 985 985 985 985 985 985 985 985 985 2041 43 43 43 43 2199 2041 1002
309 2041 646 2041 646 2199 1002 2041 2041 1002 2041 2041 1002 1002 1002 43 2041 1002 1002 1002
646 2041 2041 2041 2041 2041 2041 2041 2041 2041 2041 646 646 2041 2041 2041 2041 2041 2041 1002
985 985 985 985 985 985 985 985 985 985 985 985 1677 2532 1677 1677 1677 2884 1677 1677
4946 3518 1768 4934 2133 43 43 4934 3518 2133 2884 2133 1677 3518 1768 1768 4934 4934 1768 4934
2199 1677 1677 2884 2884 1677 2884 1677 2884 43 1677 1677 1677 2884 2884 1677 2884 1677 2884 2884
4946 3518 1768 1768 2133 2133 1768 2133 4946 1768 2133 4946 1768 2133 309 3518 1768 1381 1677 3518
2133 2133 1768 2133 1677 1768 2133 1677 1768 2133 1677 3518 1768 2133 2199 1677 3518 1768 1677 4946
985 985 985 985 985 985 985 985 309 985 985 2199 985 985 985 985 985 985 985 985
43 43 2884 4934 2884 2884 4934 4934 4946 4934 2884 2884 2884 2884 2884 2133 4934 2884 43 4934
2884 2041 1381 2041 646 2041 2041 2041 1002 1002 4946 2884 4934 2041 43 2041 1002 2041 2041 2041
985 1002 1002 646 43 43 43 2041 2041 1002 1002 1002 1002 1002 1002 985 985 985 985 985
2041 646 2884 2884 2041 2041 2884 4934 2884 2884 2133 2133 646 2041 4934 4934 2884 2884 2884 4934
2884 646 2041 2884 4934 2884 2884 4934 4934 4934 4934 2884 2884 4934 2884 4934 2884 2884 4934 2041
985 985 985 985 985 985 985 985 985 985 2041 43 43 43 43 2041 1002 1002 2199 985
2199 646 646 646 646 646 646 646 646 646 646 1002 2041 2041 2041 2041 1002 2199 1002 2199
1768 1381 4946 1768 2133 309 3518 1768 1381 309 3518 1768 4934 2041 1002 1002 1002 43 2041 2041
646 646 646 646 646 646 646 646 646 646 646 646 646 646 646 43 43 4934 3518 1381
2199 2199 985 985 985 985 985 985 985 985 985 985 985 985 985 985 985 985 985 985
2041 2041 2041 646 2041 2199 2199 2199 2199 646 646 646 646 646 646 4934 646 646 2884 2884
1002 1002 985 985 985 985 985 985 985 985 985 985 985 985 985 985 985 985 985 985
309 2041 1002 1002 1002 309 2041 1002 1002 1002 309 2041 2041 309 2041 2041 309 2041 1002 1002
2532 646 646 646 646 646 646 646 646 646 646 1002 2199 985 985 2199 1002 985 985 985
985 309 2041 2041 1002 1002 1002 1002 1002 1002 43 43 985 985 985 985 985 985 309 3518
646 646 646 2041 2041 646 646 2041 2041 2041 2041 1002 1002 646 646 2041 2041 2041 2041 2041
646 646 646 2041 646 646 2041 646 646 2041 646 646 2041 1002 1002 2041 2041 2041 2041 1002
985 2041 43 43 43 43 646 1002 1002 43 2532 2532 985 985 985 985 985 985 985 985
985 2041 2041 985 985 985 985 985 985 985 985 985 985 985 985 985 985 985 985 985
1002 2041 2041 2041 2041 1002 2199 1002 2199 2041 2041 2041 2199 2199 646 646 646 646 646 2041
4934 3518 1381 4946 3518 1768 1768 2133 2133 1768 1381 4946 1768 1381 4946 1768 4934 309 1768 2133
985 985 985 985 985 985 985 985 2199 2199 3476 3476 985 985 985 985 985 985 985 985
43 43 43 43 2041 2041 1002 2532 2532 2199 985 985 985 985 985 985 985 985 985 985
2532 646 1002 2532 1002 2532 43 2884 2199 2199 2532 2532 43 2199 2199 646 646 646 646 646
3518 4934 4946 3518 1768 1768 2133 4934 1768 2133 4946 1768 2133 4946 1768 4934 4946 1768 4934 4934
309 1768 2133 2133 2199 43 3518 2133 43 4934 3518 1381 4946 3518 1768 1768 1381 4934 1768 4934
646 646 646 646 646 646 646 646 646 2041 2041 646 646 1002 1002 1002 1002 2041 2041 646
2041 2041 2041 2041 2041 1002 1002 1002 1002 1002 1002 2041 2041 2199 2199 1002 1002 1002 1002 1002
1002 1002 1002 1002 1002 309 309 43 43 2041 2041 1002 1002 1002 1002 1002 1002 309 309 985
2199 646 646 646 646 646 646 646 646 646 646 646 646 646 646 646 646 646 646 2041
2884 2133 2884 4934 2884 2884 4934 4946 2133 2884 2884 2884 2133 43 43 2041 2041 2041 1002 2041
985 985 985 985 985 985 985 985 985 985 985 985 985 985 985 985 985 2199 2199 1677
2532 43 2532 2199 646 646 646 646 646 646 646 646 646 646 2041 2041 2199 985 985 985
1002 985 985 985 985 2041 2041 2041 2041 2199 2199 2532 2532 646 646 646 646 646 646 646
985 985 985 985 985 985 985 985 985 985 985 985 985 985 985 985 985 985 985 985
2199 2199 1002 1002 2199 2199 2041 2041 646 2041 646 2041 2199 2199 2199 2199 4934 1381 2884 2884
2884 1381 1381 3518 1381 43 2041 2041 2041 2041 2041 2041 2041 2199 2199 646 646 646 646 646
2532 309 2532 2199 646 646 646 646 646 646 646 646 646 646 1002 2199 985 2199 985 2041
646 646 646 2532 2532 646 2041 2041 2041 1002 2041 2041 2041 2041 309 2041 1002 1002 1002 43
3518 1381 1381 1768 2133 4946 1768 2133 4946 1768 2133 309 1768 1381 4946 1768 4934 1002 1002 1002
2041 2041 2199 2199 646 646 646 646 646 646 646 646 646 2041 1002 2041 2041 2041 2041 1002
2199 2884 1677 2884 43 1677 1677 1677 2884 2884 1677 2884 1677 2884 1677 985 1677 1677 2884 2884
646 646 2884 4934 2884 2884 4934 2884 4934 2884 2884 2133 646 646 646 646 646 646 646 646
1002 1002 2532 2532 2884 43 2884 43 2199 2199 2199 2199 2199 2199 2532 2532 2532 43 2532 2199
1002 1002 2532 2532 2199 2199 2041 1002 43 43 2532 2884 4934 2884 2884 4934 4934 1381 2884 2884
4946 3518 1768 1768 1381 1381 1768 1381 4946 1768 1381 4946 1768 1381 309 1768 1381 2133 43 2884
1002 1002 1002 2199 2041 1002 1002 1002 2532 2532 43 43 1381 3518 1381 309 3518 1768 3518 1381
646 646 646 2041 2041 2041 2041 2041 2041 2199 2199 985 985 985 985 985 985 985 985 985
2041 2041 2041 2041 2199 2199 985 985 985 985 985 985 985 985 985 985 985 985 2199 2199
4934 4946 1768 2133 4946 3518 1768 1381 4946 3518 1768 2133 4946 1768 2133 2133 3518 1381 43 2041
2041 2041 4934 2133 1002 1002 2041 2041 2041 2041 2884 2884 2133 2884 309 2884 2884 2133 4934 309
1768 2133 4946 1768 2133 4946 1768 4934 4946 3518 1768 2133 2041 4946 3518 1768 4934 2133 3518 2133
4934 4946 1768 2133 4946 1768 2133 4946 2884 2133 2133 43 1768 4934 3518 2133 3518 4934 4946 3518
985 985 985 309 3518 2884 4934 2133 3518 2133 2041 43 985 985 985 985 2041 2041 2041 2041
985 985 985 985 985 985 985 985 985 2041 43 43 43 43 2041 1002 1002 2199 985 985
2199 646 646 646 646 646 2532 2532 646 43 2532 646 646 646 2041 1002 1002 985 985 985
646 646 646 646 646 2041 2041 2041 1002 2041 2041 1002 1002 2199 2199 2041 2041 2041 2199 2199
1002 1002 1002 1002 2532 2532 2199 2199 2041 1002 43 43 2532 2884 4934 2884 2884 4934 4934 4934
3518 1381 4946 2041 3518 1768 1768 2133 2133 1768 1381 4946 1768 1381 4946 1768 2133 309 1768 2133
2532 2199 646 646 646 2199 2199 646 646 646 646 646 646 646 646 646 646 646 646 646
3518 1768 1768 2133 2133 1768 2133 4946 1768 1381 4946 1768 4934 309 1768 2133 4946 3518 1768 4934
2041 2041 2041 309 309 309 309 2041 2041 1002 1002 1002 1002 1002 1002 43 43 985 985 985
1768 1677 1677 1768 1677 1677 1768 1677 1677 3518 1768 1677 1677 1677 1677 1677 1677 3518 1768 1677
985 985 2954 2199 985 985 985 985 985 985 985 985 985 985 985 985 985 985 985 985
1677 646 646 2041 1002 2199 985 985 985 985 985 985 985 985 985 985 985 985 985 985
1002 1002 43 43 2133 3518 1381 4946 3518 1768 3518 1381 1381 1768 1381 4946 2041 1768 1381 1002
646 1002 1002 2041 1002 2199 1002 2199 2041 2041 646 2199 2199 646 646 646 646 646 646 646
1381 309 2884 2133 1002 4946 2884 4934 2133 3518 1381 43 2041 2041 2041 2041 2041 2041 2041 646
3518 1768 2133 2133 4946 3518 1768 1768 2133 2133 1768 4934 1677 1768 2133 4946 3518 1768 2133 309
646 2041 2041 2041 2041 2041 1002 2041 2041 2041 2041 1002 1002 1002 2041 1002 1002 1002 309 2041
985 985 985 985 985 985 985 985 985 985 985 985 985 985 985 985 2199 985 985 985
985 985 985 43 2041 2041 2041 2041 43 43 2041 2041 2041 2199 2199 646 646 646 646 646
2199 2041 2041 2041 2041 1002 1002 1002 1002 1002 1002 2041 2041 1002 1002 1002 1002 1002 1002 309
4946 1768 1381 309 1768 1381 2041 4946 1768 4934 1381 3518 1381 43 2041 2041 2041 2041 2041 2041
1381 1768 1381 4946 43 43 1768 2133 4946 1768 1381 309 1768 1381 4946 1768 4934 1381 3518 1381
2041 2041 1002 1002 309 2199 1002 2041 1002 1002 309 985 1387 2041 1002 1002 43 309 309 2041
2199 1002 1002 985 985 985 985 985 985 985 985 985 985 985 985 985 985 985 985 1002
2532 1002 985 985 985 985 985 985 985 985 985 985 985 985 43 43 43 43 2041 1002
1768 2133 309 1768 2133 2133 43 3518 2133 43 2133 3518 2133 1677 3518 1768 1768 2133 2133 1768
646 646 646 646 646 1002 1002 1002 43 646 1002 1002 1002 43 43 2133 3518 1381 309 3518
646 646 2041 2041 2041 2041 2041 2041 1002 1002 2199 2199 1002 1002 2041 2041 2041 2041 1002 1002
4946 1768 1381 309 3518 1768 1381 4946 3518 1768 4934 1381 3518 1381 43 2041 1002 2041 2041 2041
3518 1768 3518 2133 2133 1768 2133 4946 3518 1768 2133 4946 3518 1768 2133 4946 3518 1768 2133 3476
2041 2199 2199 646 646 646 646 2532 2532 646 646 646 646 646 646 646 646 646 2041 2041
4934 2884 309 2884 2884 4934 309 2133 2884 2884 2133 2884 4934 2884 2884 4934 2041 2041 646 2041
1002 1002 1002 1002 1002 2041 2041 2199 2199 2041 2041 1002 1002 1002 1002 1002 1002 43 43 4934
2199 646 646 646 646 646 646 646 646 646 646 1002 1002 646 1002 2199 1002 2199 2041 2041
2532 309 2532 646 646 646 2041 1002 2199 1002 985 985 985 985 985 985 985 985 985 985
1002 2532 2532 985 985 985 985 985 985 985 985 985 985 985 985 985 985 985 985 985
2041 2041 2041 2041 2041 2041 2199 2199 985 985 985 985 985 985 985 985 985 985 985 985
2532 2199 2532 2532 2532 43 2532 2199 2199 646 646 646 646 646 646 646 646 646 646 646
646 646 2041 646 646 646 646 646 2041 646 646 2041 646 2041 2041 2041 2041 2041 646 2041
43 43 43 2041 1002 1002 2199 985 985 985 985 985 985 985 985 985 985 985 985 985
985 985 985 985 985 985 985 985 985 985 985 985 985 2199 985 985 985 985 985 1677
1002 1002 2041 2041 2041 2041 43 2041 2884 4934 2884 2884 4934 4934 309 4934 2884 2884 2884 2884
2199 43 43 2133 1768 2133 1677 3518 1768 1768 1381 1381 1768 1381 1677 3518 1768 1381 4946 3518
646 309 309 646 646 646 646 2199 2199 646 646 646 646 646 646 646 2041 646 646 2041
1381 4946 1768 2133 4946 1768 2133 309 1768 2133 2133 43 43 4934 3518 2133 3518 2133 4946 3518
3518 2884 4934 2133 3518 3518 1381 2041 2041 2041 2041 43 2041 2041 2041 2199 2199 646 646 646
2133 4946 3518 1768 1768 2133 2133 1768 2133 4946 1768 2133 4946 1768 2133 4946 1768 4934 4946 1768
985 985 1677 985 985 985 985 1677 985 1677 1677 1677 2884 1677 1677 2884 1768 2884 1677 1677
309 309 646 2041 2041 2041 2041 2041 2041 2041 2041 2041 2041 2041 2041 2041 2041 2041 2041 2041
2199 985 985 985 985 985 985 985 985 985 985 985 985 2199 2199 1002 1002 985 985 985
1381 1768 1381 4946 1768 1381 4946 1768 1381 2041 2041 4934 1002 1002 2041 2041 1768 1381 1002 1002
646 646 2041 2041 2041 1002 1002 2041 2041 1002 1002 1002 2041 1002 1002 1002 2532 2532 43 43
2041 2041 2041 646 2041 2041 2041 2199 2199 2532 2532 309 309 2199 2199 646 646 646 646 646
2884 2884 2884 309 2884 43 2133 2041 2041 1677 2133 2884 2884 2133 2884 1677 2884 43 985 646
2041 646 2041 2041 1002 1002 1002 2041 1002 1002 1002 2199 43 309 2041 1002 1002 1002 309 2041
1002 1002 2041 2041 2041 2041 1002 1002 1002 1002 1002 1002 2041 2041 1002 1002 1002 1002 1002 1002
1002 1002 1002 2532 2532 43 43 43 43 2199 2199 2199 2199 2199 2199 2532 2532 2532 43 2199
985 985 985 985 985 985 985 1002 985 985 985 985 2041 43 43 43 43 2041 1002 1002
646 2041 2041 1002 1002 1002 1002 1002 1002 2041 2041 1002 1002 1002 1002 1002 1002 43 43 4934
985 985 985 985 985 985 985 43 43 43 43 2041 1002 1002 985 985 985 985 985 985
985 985 985 2199 985 985 985 985 985 985 985 985 985 985 43 43 43 43 2041 1002
1002 1002 43 2041 1002 1002 1002 309 2041 1002 1002 1002 309 985 2041 1002 1002 1002 309 309
646 646 646 2532 2532 646 43 2532 646 646 646 646 1002 1002 985 985 985 985 985 985
1002 646 1002 1002 2199 2199 43 2041 646 2041 2199 2199 646 646 646 646 646 646 646 646
4946 3518 1768 1768 1381 1381 1768 1381 4946 1768 1381 4946 2199 2199 1768 4934 4946 1768 4934 4934
646 646 646 646 646 646 646 646 646 646 2041 2041 2041 1002 1002 2041 2041 1002 1002 1002
4946 1768 1381 309 1768 1381 4946 1768 4934 1381 3518 1381 2041 43 2041 2041 2041 2041 2041 2041
646 646 646 646 646 646 646 2532 2532 646 646 646 646 646 2199 2041 2041 2041 1002 1002
2884 2884 4934 2041 2041 2041 2041 2041 2041 2199 2199 2199 2199 646 646 646 646 4934 2884 2884
309 985 985 2041 2041 1002 1002 1002 1002 1002 1002 309 309 2041 2041 2041 2041 2041 2041 2041
2041 2041 2041 646 2041 646 2041 646 2041 646 646 646 2041 2041 2041 2041 2041 2041 2041 646
2199 2199 2532 2532 2199 646 646 646 646 646 646 646 646 309 646 646 646 646 646 1002
985 985 985 985 985 985 1677 985 43 43 2199 2199 1677 43 1677 2884 4934 1677 3518 1768
309 1768 2133 2199 2199 2199 2884 1677 2884 2884 2133 985 1677 2884 2884 1677 2884 1677 2884 2884
1677 1768 1677 1677 43 3518 1677 43 1677 3518 1677 1677 3518 1768 1768 1677 1677 1768 1677 1677
43 43 43 2041 1002 1002 43 985 985 985 985 985 985 985 985 985 985 985 985 985
2884 4934 2884 4934 4934 309 2133 2884 2884 2133 2041 2041 2041 2041 2041 2041 2041 2041 2199 2199
1002 43 2041 1002 1002 1002 43 43 2133 3518 1381 309 3518 1768 3518 1381 1381 1768 1381 4946
1381 1768 2133 4946 1768 1381 4946 1768 2133 309 3518 1768 1381 309 3518 1768 4934 2041 1002 1002
4934 646 646 646 646 646 646 646 646 646 646 2041 2041 1002 1002 2041 2041 1002 1002 2041
646 2041 2199 2199 646 646 646 646 2532 2532 646 646 646 646 646 646 646 646 646 2041
985 985 985 985 985 985 985 985 985 985 985 985 985 985 985 985 985 985 985 985
3518 1381 1381 1768 2133 4946 1768 2133 4946 1768 2133 309 1768 1381 4946 1768 4934 1002 1002 1002
2532 43 1768 4934 1768 2133 4946 3518 1768 1768 4934 1381 1768 4934 4946 1768 4934 4946 3518 1768
4934 3518 2133 4946 3518 1768 1768 2133 2133 1768 4934 4946 1768 1381 4946 3518 1768 2133 4946 3518
4934 3518 1768 4934 2199 2041 2041 2041 2041 2199 2532 2532 2199 646 646 646 646 309 646 646
646 646 646 646 646 646 2041 1002 2041 1002 2041 2041 1002 1002 2199 2199 2041 1002 2041 2199
2884 2133 2884 4934 2884 2884 4934 4946 2133 2884 2884 2884 2133 43 43 2041 2041 2041 1002 2041
1381 2041 2041 2041 2041 2041 2041 2041 2041 2199 2199 309 309 2199 2199 646 646 646 646 646
646 2041 646 646 646 646 646 646 646 2041 2041 2041 1002 2041 2041 2041 2041 2041 1002 1002
2041 646 2199 1002 2041 2041 1002 2041 2041 1002 1002 1002 43 2041 1002 1002 1002 309 2041 1002
985 985 985 985 985 985 309 985 985 985 985 985 985 985 985 985 985 985 985 985
2884 1677 2133 3518 2133 2041 985 985 985 985 43 2041 985 985 985 985 985 985 985 985
2532 2532 2532 2532 2532 43 43 2199 2199 646 646 646 646 646 646 646 646 646 646 1002
985 985 2199 2199 1677 1677 985 985 985 985 985 985 985 985 985 985 985 985 985 985
1002 1002 309 309 2041 2041 1002 1002 1002 1002 1002 1002 309 309 43 43 985 985 2041 2041
2041 646 2041 2041 2041 2041 2041 646 646 43 43 2133 3518 1381 2041 2041 309 3518 1768 3518
4934 2884 1381 646 1002 1002 1002 2041 2041 2041 2041 2199 2199 2532 2532 646 646 646 646 646
646 646 646 2041 2041 646 646 2041 2041 2041 1002 2041 2041 2041 2041 2041 1002 1002 2041 2041
985 43 43 43 43 2041 1002 1002 2199 985 985 985 985 985 985 985 985 985 985 985
2041 2041 2041 2041 2041 2041 2199 2199 2532 2532 2199 2199 646 646 646 646 646 646 646 646
43 2041 1002 1002 1002 2041 1002 1002 1002 43 43 4934 3518 1381 4946 3518 1768 3518 1381 1381
2041 646 309 2041 2041 2041 2041 646 646 2041 2041 2041 2041 2041 2041 2041 2041 2041 2041 2041
646 646 646 646 646 646 646 646 646 646 2041 2041 646 646 1002 1002 1002 1002 2041 2041
2041 2041 2041 309 1002 2041 646 2041 2041 1002 1002 1002 2041 1002 1002 1002 2199 43 309 2041
1002 1002 2532 2041 2041 2199 2041 2041 2041 2041 646 646 646 646 646 646 646 2199 646 2041
2133 2133 1768 4934 4946 1768 2133 4946 3518 1768 4934 4946 3518 1768 4934 4934 43 43 4934 3518
43 646 1002 1002 2532 2532 1002 1002 2532 2532 2199 2199 2884 43 2884 2884 2199 2199 2199 2199
1381 646 646 646 646 646 646 646 646 646 646 2199 2199 646 646 646 646 646 646 2041
4934 1381 2884 2884 2884 2884 2133 2884 4934 2884 43 4934 2041 2041 2041 2041 2041 2041 2199 2199
646 646 1002 1002 2041 2199 1002 1002 2199 2041 2041 2041 2199 2199 646 646 646 646 646 646
985 985 985 985 985 985 985 985 985 985 985 985 1677 1677 1677 1677 1677 2884 1677 1677
43 43 4934 1768 1381 4946 3518 1768 1768 1381 1381 1768 1381 4946 1768 1381 4946 1768 1381 309
3518 2884 4934 2199 2041 2041 2041 2041 2199 2532 2532 2199 646 646 646 646 309 646 646 646
2041 2041 2041 309 1002 2041 646 2041 2041 1002 1002 1002 2041 1002 1002 1002 2199 43 309 2041
646 646 2041 2041 2041 2041 2041 2041 1002 1002 1002 1002 2041 2041 2041 2041 1002 1002 1002 1002
985 985 985 985 4946 309 2041 2041 1002 1002 1002 1002 1002 1002 2041 2041 2041 2041 2041 2041
1677 2041 2199 985 985 985 985 1677 985 985 985 985 985 985 985 985 985 985 985 985
4946 3518 1768 1768 2133 2133 1768 2133 2041 2041 4946 1768 2133 4946 1768 2133 309 1768 2133 2041
43 43 4934 1768 1381 4946 3518 1768 1768 1381 1381 1768 1381 4946 1768 1381 4946 1768 1381 309
1768 1381 4946 1768 1381 4946 1768 1381 309 1768 1381 4934 1768 4934 2041 1002 1002 1002 2041 2041
2041 1002 1002 1002 1002 1002 1002 43 43 2041 2041 1002 1002 1002 1002 1002 1002 309 309 2041
43 2532 2199 2199 646 646 646 646 646 646 646 646 646 646 646 646 646 646 646 646
985 985 985 985 985 985 985 985 985 985 985 985 985 2532 2532 2041 43 43 1677 3518
2041 2041 2041 2199 2199 2199 2199 309 2133 2199 2199 2884 2884 2884 2133 2884 4934 2884 2884 4934
2041 2041 2199 43 2199 646 646 985 985 985 985 646 646 646 646 2041 646 646 646 646
4934 1381 2884 2884 1381 2041 2041 2041 2041 2041 2041 2041 2041 2199 2199 2532 2532 2199 2199 646
2884 2133 2532 2532 2884 4934 2884 2884 4934 309 2133 2884 2884 2133 2041 2041 2041 2041 2041 2041
2884 4934 2884 309 2884 2884 4934 43 4934 2884 2884 4934 309 1768 2133 2133 3518 1381 2041 2041
985 985 985 985 985 985 985 985 985 985 985 985 985 985 985 985 985 985 985 985
43 43 2041 1002 1002 985 985 985 985 985 985 985 985 985 985 985 985 985 985 985
1381 309 2884 2133 2133 3518 2133 2041 2041 2041 2041 2041 2041 2041 2041 43 43 43 2532 2884
4934 1768 1381 4946 1768 4934 4946 1768 4934 309 2884 1381 4934 2884 4934 2199 2041 1002 1002 1002
2041 1002 1002 2041 2041 2041 2041 1002 1002 2199 2199 2041 2041 2041 2041 1002 1002 1002 1002 1002
985 985 985 985 985 985 985 985 985 43 43 43 43 2041 1002 1002 985 985 985 985
2041 2532 2041 43 2532 985 985 985 985 985 985 985 985 985 985 2199 2199 985 985 985
1002 1002 2041 1002 1002 1002 309 2041 1002 1002 1002 309 43 2041 1002 1002 1002 309 309 309
985 985 985 985 985 985 985 985 985 985 309 985 985 985 985 985 985 985 985 985
2884 1381 2041 2954 1768 2133 2041 2041 309 2041 2884 1387 1381 2041 2041 2041 2041 2041 1002 1002
985 985 985 985 1002 1002 43 43 43 43 2041 2041 1002 1002 1002 1002 1002 1002 985 985
4934 2884 2884 4934 646 2041 1002 1002 2199 2199 1002 1002 2199 2199 2041 2041 2041 2041 2041 2041
985 985 1677 1677 1677 1677 985 1677 2532 2532 1677 1677 1677 2884 1677 1677 3518 1768 3518 1677
2884 2884 1381 646 646 2884 4934 2884 2884 1381 646 646 646 646 646 646 2041 2041 1002 1002
2041 2041 2041 2041 2041 2041 2041 2041 2041 646 2041 646 2041 646 2041 2041 2041 2041 2041 2041
2041 1002 1002 1002 309 2041 1002 1002 1002 2199 309 2041 2041 2041 2041 985 985 985 985 985
1381 1381 1768 4934 4946 1768 2133 4946 3518 1768 1381 309 3518 1768 2133 4946 3518 1768 4934 2133
1381 309 1768 1381 2041 4946 1768 4934 1381 3518 1381 43 2041 2041 2041 2041 2041 2041 2041 2199
43 2884 2133 3518 1381 646 2041 309 3518 1768 3518 1381 1381 1768 2133 2041 2041 2041 309 1768
985 2532 2532 985 985 43 43 2041 2041 1002 1002 1002 1002 1002 1002 985 985 985 985 985
1002 1002 2041 2041 1002 1002 309 2041 2041 1002 1002 2199 309 2041 2041 1002 985 1002 309 43
646 646 646 646 646 646 646 646 2199 2199 646 646 646 646 646 646 646 2041 646 646
2041 2041 2041 2041 2041 2041 2041 2041 2041 2041 1002 1002 1002 1002 1002 1002 2041 2041 2199 2199
1381 4946 1768 1381 309 1768 1381 4934 2884 1381 2041 2041 2041 2041 2199 2199 646 646 646 646
1002 1002 1002 1002 1002 2041 2041 1002 1002 1002 1002 1002 1002 43 2884 2133 3518 1381 309 3518
985 985 985 985 985 985 985 985 985 985 2199 2199 985 985 985 985 1002 1002 2041 2041
646 646 646 646 646 2041 2041 2041 1002 309 1002 2041 2041 2041 1002 1002 2041 2041 1002 1002
985 985 985 985 985 985 985 985 985 985 985 985 985 985 985 985 985 985 1677 1677
985 985 985 985 985 985 985 985 985 985 985 985 985 985 985 2041 1677 43 43 43
1002 985 985 985 985 985 985 985 985 985 985 985 985 985 985 985 985 985 985 985
2532 646 646 646 646 646 2041 2199 1002 985 985 985 985 985 985 985 985 985 985 985
2199 2199 646 646 646 646 646 646 646 646 646 646 646 646 2041 2041 2041 43 43 4934
985 985 985 985 985 985 985 985 309 985 985 985 985 985 985 985 985 985 985 985
646 646 646 646 646 646 646 646 43 2532 2532 646 646 646 646 646 1002 1002 646 646
43 43 43 43 646 2041 1002 1002 1002 1002 2532 2532 2199 2199 2041 2041 43 43 2532 2884
985 985 985 985 985 985 43 43 43 43 2041 1002 1002 985 985 985 985 985 985 985
2884 4934 2199 2041 2041 646 2041 2199 2532 2532 2199 646 646 646 646 309 646 646 646 646
43 2041 2041 2041 2041 2041 2041 2041 2199 2199 2199 43 646 646 646 646 646 646 646 646
1768 2133 4946 1768 2133 4946 1768 2133 2133 43 3518 2133 43 4934 3518 4934 4946 3518 1768 3518
4934 2884 2884 4934 43 4934 2884 2884 4934 646 646 2884 4934 2884 2884 4934 646 2041 43 4934
985 985 2532 2532 43 43 1677 2884 2133 1677 3518 1768 2884 2133 2133 1768 2133 1677 1768 2133
646 646 646 646 646 2532 2532 646 646 646 646 646 2199 2041 2041 2041 1002 1002 2041 309
2199 309 2041 2041 2041 2041 985 985 985 985 309 2041 1002 1002 1002 985 43 985 985 2041
2884 2884 1381 309 3518 1768 2133 2041 2041 1002 1002 1002 1002 1002 1002 2199 2199 2884 4934 2884
4934 2884 2884 2133 4934 2041 2041 309 2133 2041 2041 2884 2884 2133 2884 309 2884 2884 4934 1677
646 646 646 646 646 646 646 646 646 2041 1002 1002 2041 2199 1002 1002 2199 2041 1002 2041
985 985 985 985 985 985 985 985 985 985 985 985 985 985 985 985 2532 2532 1677 985
2199 2199 2199 646 646 646 646 646 646 2532 2532 309 2532 646 646 646 646 1002 985 985
985 985 985 985 43 985 985 985 985 2041 2041 2041 2041 2041 2041 2041 2199 2199 646 646
985 985 985 985 985 985 985 985 985 985 2041 43 43 43 43 2041 1002 1002 2199 985
43 2041 2041 2041 2041 2041 2041 2041 2199 2199 646 646 646 646 646 2199 646 646 646 646
2041 2041 2199 985 985 985 985 2199 985 985 985 985 985 985 985 985 985 985 985 985
646 646 646 2199 646 646 2041 646 646 646 646 646 2041 2041 2041 2041 2041 1002 2041 2041
646 2532 2532 1002 1002 1002 1002 2532 2532 43 43 2884 43 2199 2199 2199 2199 2199 2199 2532
2532 43 43 2133 1768 2133 4946 3518 1768 1768 1381 1381 1768 1381 4946 1768 1381 4946 1768 1381
1002 2041 1002 1002 1002 309 2041 1002 1002 1002 309 985 2041 1002 1002 1002 43 309 309 309
985 985 985 985 985 985 2199 2199 2954 1002 985 985 985 985 985 985 985 985 985 985
646 2041 2041 1002 2041 2041 1002 1002 2532 2199 646 2041 2041 2199 2199 646 646 646 646 646
646 2041 646 646 2041 646 646 2041 646 646 2041 1002 1002 2041 2041 2041 2041 1002 1002 1002
2532 2199 2041 2041 2041 2199 2199 646 646 646 646 646 646 646 646 646 646 646 646 2041
2532 2532 646 646 646 646 646 646 646 646 646 2041 2041 309 1002 2041 646 2041 2041 1002
646 646 2041 646 646 646 646 646 646 646 646 646 2041 2041 2041 1002 2041 2041 2041 2041
1677 985 985 985 985 985 985 1677 1677 1677 1677 1677 2884 1677 1677 1768 1768 1768 1677 1677
2199 43 43 4934 3518 2133 4946 3518 1768 1768 4934 2133 1768 2133 4946 1768 4934 4946 1768 4934
43 4946 1768 2133 2133 43 43 4934 3518 2133 2884 2133 4946 3518 1768 1768 2133 2133 1768 1381
2199 2199 2199 2199 646 646 646 646 2532 2532 43 2532 646 646 646 646 646 646 1002 2199
2532 43 2532 646 646 1002 1002 2532 2532 1002 1002 2532 2532 2199 2199 2884 2884 2884 2884 2199
2532 2532 43 43 4934 3518 2133 4946 3518 1768 1768 2133 2133 1768 4934 4946 1768 2133 4946 3518
309 646 646 646 646 646 2041 646 646 2041 1002 1002 1002 2041 1002 1002 1002 2041 1002 1002
2041 1002 1002 2041 2041 4934 309 2133 2884 2884 2884 4934 2884 4934 2884 2884 4934 2041 2041 1002
1381 2041 4946 3518 1768 1768 1381 2133 2041 1768 1381 2041 4946 2041 1002 1768 2133 2041 2954 1768
1381 1381 3518 1381 43 2041 43 2041 2041 2041 2199 2199 646 646 646 646 646 646 646 646
3518 1381 2041 43 2041 2041 2041 2199 2199 646 646 646 646 646 646 646 646 646 646 2041
646 646 646 646 646 2041 2041 2041 2041 2041 2041 2199 2199 985 985 985 985 985 985 985
2884 1677 1677 1677 1677 2884 985 1677 2884 985 1677 2884 1677 985 1677 1677 985 2884 985 1677
646 2041 1002 2041 2041 1002 2041 2041 1002 1002 1002 2041 1002 1002 1002 309 2199 2041 1002 1002
985 985 985 985 985 985 985 985 985 985 985 985 985 985 985 2199 985 985 985 985
2041 1002 2199 985 985 2199 1002 985 985 985 985 985 985 985 985 985 985 985 985 985
985 985 985 985 985 985 985 985 985 985 985 985 985 985 985 985 985 985 985 985
2199 646 646 646 646 646 646 646 646 646 646 646 646 2041 1002 2041 2041 1002 2041 309
1002 2199 2199 2199 2199 646 646 646 646 646 646 2532 2532 43 2532 646 646 646 646 1002
2884 1381 2884 4934 2884 2884 4934 1002 1002 2199 2199 1002 1002 2199 2199 2041 2041 2041 2041 2041
1381 309 3518 2884 1381 2041 1002 1002 1002 4934 2884 1381 2041 2041 2041 2041 2199 2199 2199 646
2199 2532 2532 43 2532 2199 646 646 646 646 646 646 646 646 646 2041 1002 2199 985 985
985 985 985 985 985 985 985 985 985 985 985 985 985 985 985 985 985 985 985 2199
43 1677 43 2041 3476 3476 985 985 985 985 985 985 985 985 985 985 985 985 985 985
1768 1677 1677 43 3518 1677 43 1677 3518 1677 1677 3518 1768 1768 1677 1677 1768 1677 1677 1768
2884 2884 2133 2884 309 2884 43 2133 2041 2041 1677 2133 2884 2884 2133 2884 1677 2884 43 4934
2041 2041 646 2041 646 2041 646 2041 646 2041 646 2041 2041 2041 646 2041 646 2041 646 2041
3518 1768 1768 985 985 1768 1677 1677 1768 1677 1677 1768 1677 1677 1768 1677 985 985 985 985
1002 2199 2041 1002 1002 1002 309 2041 1002 1002 1002 309 2041 1002 1002 1002 985 309 309 43
2041 2041 2041 2041 1002 1002 1002 43 43 2133 3518 1381 2041 1002 309 3518 1768 3518 1381 1381
2041 2041 2041 646 2041 2199 2199 2199 2199 646 646 646 646 646 646 4934 646 646 2884 2884
43 43 4934 1768 2133 3518 2133 4946 3518 1768 1768 1381 1381 1768 1381 4946 1768 2133 4946 1768
1768 4934 4946 1768 1381 2199 4946 3518 1768 1381 309 3518 1768 4934 4934 3518 4934 1002 43 2041
2532 43 1768 4934 1768 2133 4946 3518 1768 1768 4934 1381 1768 4934 4946 1768 4934 4946 3518 1768
2532 1002 985 985 985 985 985 985 985 985 985 985 985 985 43 43 43 43 2041 1002
985 985 985 985 985 985 985 985 985 985 985 985 2199 2199 1002 1002 985 985 985 985
2532 43 2532 646 646 1002 1002 2532 2532 1002 1002 2532 2532 2199 2199 2884 2884 2884 2884 2199
2884 2884 2133 2884 4934 2884 43 4934 2041 2041 646 2041 646 2041 4946 4934 2041 2041 2884 2884
985 1677 1677 1677 1677 1677 2532 2199 1677 1677 1677 3518 1677 1677 3518 1768 1768 1677 1677 1768
2041 1002 1002 1002 1002 2532 2199 2199 2199 646 2041 2041 2041 2041 2041 2532 2199 2199 2199 4934
2041 1002 1002 2041 2041 1002 1002 1002 309 2199 2041 1002 1002 1002 309 985 2041 1002 1002 1002
2532 2199 2532 2532 2532 43 2532 2199 2199 646 646 646 646 646 646 646 646 646 646 646
1002 2532 1002 2532 2199 2884 2884 2199 2199 2199 2532 2532 43 2532 2199 646 646 646 646 646
2199 2041 1002 1002 2041 2041 2041 985 985 985 985 985 985 985 985 985 985 985 985 985
2041 2041 2041 309 3518 2884 4934 2133 3518 1381 2041 985 985 985 985 43 2041 985 985 985
4934 2199 2199 43 43 1677 1768 2133 1677 3518 1768 1768 1381 2133 1768 2133 1677 3518 1768 1381
2041 309 2884 1381 1381 3518 1381 43 2041 2041 2041 2041 2041 2041 2041 2199 2199 646 646 646
985 985 43 2041 985 985 985 985 985 985 985 985 43 2041 2041 2041 2041 2532 43 2041
646 2532 2532 646 646 2041 2041 1002 2041 2041 2041 2041 309 2041 1002 1002 1002 43 2041 1002
2884 1381 2041 2041 1002 1002 1002 1002 1002 1002 2199 2199 2884 4934 2884 2884 4934 4934 1381 2884
985 985 2041 43 43 43 43 2041 1002 1002 2199 985 985 985 985 985 985 985 985 985
2199 1002 1002 985 985 985 985 985 985 985 985 985 985 985 985 985 985 985 985 985
2041 985 985 985 985 985 985 985 985 2199 1002 985 985 985 985 985 985 985 985 985
1381 2884 4934 2884 2884 2133 4946 2133 2884 2884 2133 2884 4934 2884 2884 4934 2041 2041 2041 2041
309 2884 4934 2041 43 2041 1002 2041 2041 2041 2041 2199 2199 646 646 646 646 646 646 646
3518 1381 2041 2041 2041 2041 2041 2041 2041 2041 43 43 2884 4934 2884 2884 1381 4934 4934 4934
985 985 985 985 2199 985 985 985 985 985 985 985 985 985 985 985 985 985 985 1677
2041 1002 1002 2041 2041 1002 1002 1002 2199 646 1002 1002 1002 2532 2532 43 43 2133 3518 1381
646 646 646 646 646 646 646 646 646 646 2041 2041 1002 2041 2041 1002 2199 1002 2199 2199
1768 1381 4946 1768 1381 4946 1768 2133 309 2884 1381 4946 2884 4934 2041 1002 1002 1002 985 985
1002 2041 2041 1002 309 2041 2041 1002 1002 1002 2199 2041 1002 1002 1002 2041 1002 309 2041 2041
4934 2133 3518 1381 43 2041 2041 2041 2199 2199 646 646 646 646 646 646 646 646 646 2041
43 43 43 43 2199 2041 1002 1002 2041 2041 2041 985 985 985 985 985 985 985 985 985
1768 3518 1381 2133 1768 2133 4946 3518 1768 2133 43 43 4946 3518 1768 2133 309 3518 2041 2041
646 646 646 646 646 646 2041 646 2041 2041 2041 1002 309 1002 2041 2041 2041 1002 1002 2041
1381 309 2884 1381 4946 1768 4934 1381 3518 1381 2041 43 2041 2041 2041 2041 2041 2041 2041 2199
985 985 985 985 985 985 985 985 985 985 985 985 985 985 985 2532 1677 1677 2199 1677
2133 1677 43 3518 985 43 1677 3518 2133 1677 3518 1768 3518 1677 1677 1768 1677 1677 1768 2133
2199 43 43 4934 3518 2133 4946 3518 1768 1768 1381 2133 1768 4934 4946 1768 4934 4946 2041 1768
985 985 985 985 985 985 985 985 985 985 985 985 1002 1002 43 43 43 43 2041 2041
2041 43 43 985 985 985 985 43 985 985 985 985 2041 2041 2041 2041 2041 2041 2041 2199
1677 2041 2199 2041 985 985 985 985 985 985 985 985 985 985 985 985 985 985 985 985
2041 2041 2041 2199 2199 646 646 646 646 646 2199 646 646 646 646 646 1002 1002 2041 1002
646 646 646 646 646 646 646 2041 2041 2041 1002 2041 2041 1002 1002 2532 2199 2041 2041 1002
2041 2041 2199 2199 646 646 646 646 646 646 646 646 646 646 646 646 2041 2041 2041 1002
2199 2199 2199 309 2133 646 2041 646 646 2884 2884 1381 2884 4934 2884 2884 4934 2041 2041 4934
1002 1002 43 43 4934 3518 1381 4946 3518 1768 3518 1381 1381 1768 1381 4946 1768 1381 4946 1768
4934 2884 2884 4934 646 2041 1002 1002 2199 2199 1002 1002 2199 2199 2041 2041 2041 2041 2041 2041
646 646 2041 2041 646 646 1002 1002 1002 1002 2041 2041 646 646 2041 2041 1002 1002 1002 1002
1002 4946 1768 1381 1002 309 2884 1768 1381 2133 3518 2884 4934 2041 2041 2041 2041 2199 2199 646
646 1677 2041 2199 2041 985 985 985 985 985 985 985 985 985 985 985 985 985 985 985
2199 985 985 985 985 985 985 985 985 985 985 985 985 985 985 985 985 985 985 985
2133 2133 1768 2133 4946 3518 1768 2133 4946 3518 1768 2133 4946 3518 1768 2133 1002 4946 3518 1768
3518 2133 1677 3518 1768 1768 2133 2133 1768 2133 4946 1768 2133 4946 1768 2133 309 3518 1768 2133
2041 2884 2133 2041 2954 1768 2133 2041 2041 309 2041 2884 1387 1381 2041 2041 2041 2041 2041 1002
1002 1002 309 985 2041 1002 1002 1002 43 309 309 309 1002 2041 1002 1002 985 985 2041 1002
646 646 2532 2532 646 646 646 646 646 2199 2041 646 2041 1002 1002 2041 309 2041 1002 1002
985 985 2041 43 43 43 43 2041 1002 1002 2041 2041 985 985 985 985 985 985 985 985
2041 3518 1381 646 4946 3518 1768 3518 1381 1381 2041 1768 1381 2041 4946 2041 2041 1768 2133 2041
1381 309 3518 1768 4934 2133 3518 1381 1002 43 2041 2041 2041 2041 2041 2041 2041 2199 2199 646
4934 3518 1381 4946 3518 1768 1768 1381 2133 1768 1381 4946 2041 1768 2133 1002 1002 4946 1768 2133
1768 1381 309 3518 1768 4934 2133 3518 1381 1002 43 2041 2041 2041 2041 2041 2041 2041 2199 2199
2041 2041 43 43 43 43 2041 1002 1002 2199 985 985 985 985 985 985 985 985 985 985
1768 1768 2133 2133 1768 2133 4946 1768 2133 4946 1768 2133 309 1768 2133 1677 43 43 4934 3518
2133 2884 2884 2133 43 2199 2041 2041 1002 1002 1002 1002 1002 1002 2884 4934 2884 2884 4934 309
2041 2199 2199 646 646 646 646 646 646 646 646 646 646 2041 2041 1002 2041 2041 1002 1002
985 985 985 985 1002 1002 2041 2041 646 43 309 43 1002 1002 2041 2041 1002 1002 2532 2532
4946 3518 1768 1381 4946 3518 1768 4934 309 2133 2884 2884 1381 4946 3518 1768 2133 2041 2041 1002
2041 2041 2041 2041 309 309 43 43 309 309 985 985 985 985 985 985 985 985 2041 2041
2041 2041 2041 2199 985 985 985 985 2532 985 985 985 985 985 985 985 985 985 985 985
1002 1002 2532 2532 2532 2532 43 43 2884 43 2199 2199 2199 2199 2199 2199 2532 2532 2532 43
1002 2532 2199 2884 2884 2199 2199 2199 2532 2532 43 2532 2199 646 646 646 646 646 646 646
4934 2884 2884 2133 4934 4946 4934 2884 2884 2884 2884 2884 2133 4934 2884 2884 4934 2041 2041 2041
1768 2041 1381 2199 309 1768 1381 1381 3518 1381 2041 43 2041 2041 2041 2199 2199 646 646 646
646 646 646 646 646 646 646 646 646 2532 2532 2199 646 1002 2041 646 1002 646 309 2041
2041 2041 2041 2041 2041 2041 1002 1002 1002 2041 1002 1002 1002 309 2199 2041 1002 1002 1002 309
985 985 985 985 985 985 985 985 985 985 2199 1677 985 985 985 985 985 985 985 985
2532 646 646 646 646 646 646 646 646 646 646 2041 2041 2041 1002 309 1002 2041 2041 2041
4934 2884 2884 2884 4934 2884 4934 2884 43 4934 646 646 646 2041 2041 2041 2041 2041 4934 2133
2532 2199 2199 646 646 646 646 646 646 646 646 646 646 1002 2199 985 985 985 985 985
2884 4934 2884 309 2884 2884 4934 2041 2041 646 2041 43 4934 2884 2884 4934 2884 4934 2884 2884
2532 646 2041 2041 2041 2199 2199 646 646 646 646 646 646 646 646 646 646 646 309 646
646 2041 2041 2041 2041 2041 2954 646 1002 2041 2041 2041 1002 1002 1002 2041 1002 1002 309 2199
2041 2041 2041 2199 2199 646 646 646 646 646 646 646 646 646 646 646 2041 646 2041 2041
985 43 2041 2041 2041 2199 2199 646 646 646 646 646 646 646 646 646 2041 2041 2041 1002
1677 1677 1768 1677 1677 1768 1677 1677 1768 1677 985 985 1677 985 985 985 985 985 1677 985
1381 4946 1768 1381 4946 3518 1768 1381 4946 3518 1768 4934 2199 2041 2041 2041 2041 2199 2532 2532
1768 1677 1677 43 3518 1677 43 1677 3518 1677 1677 3518 1768 1768 1677 1677 1768 1677 1677 1768
3518 1381 4946 3518 1768 1768 1381 1381 1768 1381 4946 1768 1381 4946 1768 4934 309 1768 1381 2041
985 1677 985 985 985 985 1677 2532 1677 985 1677 2884 1677 1677 1768 1768 1768 1677 1677 1768
4934 3518 1381 4946 3518 1768 1768 1381 1381 1768 1381 4946 1768 1381 4946 2199 2199 1768 1381 4946
4934 3518 2133 4946 3518 1768 1768 4934 2133 1768 4934 4946 1768 4934 4946 3518 1768 4934 4946 3518
985 985 985 985 985 985 985 985 2199 2199 985 985 985 985 1002 1002 2041 2041 43 43
2041 646 2041 2199 2199 2532 2532 2199 646 646 646 646 646 646 646 646 309 646 646 646
646 646 646 646 2041 2041 2041 1002 2041 2041 1002 1002 2199 2199 2041 2041 2041 2199 2199 646
2884 4934 2884 2884 4934 646 2041 1002 1002 2199 2199 1002 1002 2199 2199 2041 2041 2041 2041 2041
985 985 985 985 985 985 985 985 985 985 985 985 985 985 985 1677 1677 1677 985 1677
2199 2199 43 43 985 1768 2133 1677 3518 1768 1768 1381 1381 1768 2133 1677 3518 1768 1381 1677
2041 2041 2041 1002 1002 2041 2041 2041 2041 2041 2041 2041 2041 1002 1002 1002 1002 1002 1002 2041
2884 2199 2199 2199 2532 2532 43 43 2199 646 646 646 646 646 646 646 646 646 646 1002
2133 3518 2133 1677 3518 1768 1768 2133 2133 1768 2133 1677 3518 1768 2133 1677 3518 1768 1381 309
2199 2199 2199 2199 1677 1677 2199 2199 2884 2884 2884 1677 2884 985 2884 2884 985 1677 4934 2884
1002 2199 1002 985 985 985 985 985 985 985 985 985 985 985 2199 985 985 985 985 985
1002 2884 4934 2884 2884 4934 309 4934 2884 2884 1381 2041 2041 2041 2041 2041 2041 2041 2041 2199
2532 2532 2199 985 985 985 985 985 985 985 985 985 985 985 985 985 985 985 985 1677
2041 309 309 43 43 309 309 2041 2041 1002 1002 1002 1002 1002 1002 985 985 309 309 309
2884 4934 2199 2199 2041 2041 1002 1002 1002 1002 2199 2199 2041 2041 2041 2041 2041 2041 2199 2199
985 985 985 985 985 985 985 985 985 43 43 2532 2532 1677 43 1677 3518 1381 1677 3518
43 985 985 985 985 2041 2041 2041 2041 2041 2041 2041 2199 2199 646 646 646 646 646 2041
1381 3518 4934 309 309 2532 2532 309 309 43 43 2041 2041 1002 1002 1002 1002 1002 1002 985
646 646 646 646 646 646 646 646 646 646 646 646 646 646 646 43 43 4934 3518 1381
1002 1002 1002 1002 1002 309 309 309 309 309 309 2041 2041 1002 1002 1002 1002 1002 1002 2041
1768 1381 309 3518 1768 4934 2199 2041 2041 2041 2041 2199 2532 2532 2199 646 646 646 646 309
2199 43 43 4934 3518 2133 4946 3518 1768 1768 1381 2133 1768 4934 4946 1768 4934 4946 2041 1768
2199 646 646 646 646 646 646 646 646 646 646 1002 2199 985 2199 985 2041 2041 985 985
985 985 985 985 985 985 985 985 985 985 985 985 2041 2041 2041 43 43 43 43 2041
646 2041 2884 2133 2884 2884 2884 4934 2884 43 2133 646 2041 4946 2133 2884 2884 2133 2884 4934
985 985 985 985 985 985 985 985 985 985 985 985 985 985 985 985 985 985 2199 985
2041 646 2041 646 2041 646 2041 646 2041 646 2041 646 2041 646 2041 646 2041 2041 2041 2041
4934 4946 2199 2199 1768 1381 4946 1768 1381 2133 43 1768 4934 3518 4934 1768 2133 4946 3518 1768
985 985 985 985 985 985 985 985 985 985 985 309 985 985 985 985 985 985 985 985
646 2041 646 2199 1002 2041 2041 1002 2041 2041 1002 1002 1002 43 2041 1002 1002 1002 309 2041
1381 1768 1381 4946 1768 1381 4946 1768 1381 2041 2041 4934 1002 1002 2041 2041 1768 1381 1002 1002
4946 1768 1381 4946 3518 1768 1381 4946 3518 1768 1381 4946 3518 1768 4934 2133 3518 1381 43 2041
985 985 985 985 985 985 985 985 985 985 985 985 985 985 985 985 2199 985 1677 1677
646 646 646 646 646 646 646 646 646 646 646 43 43 2133 3518 1381 646 2041 309 3518
2133 4946 3518 1768 1768 4934 2133 1768 2133 4946 1768 2133 4946 1768 4934 309 1768 4934 2133 43
4946 1768 2133 4946 1768 2133 309 1768 2133 2133 43 3518 2133 43 4934 3518 4934 4946 3518 1768
985 985 985 985 985 985 985 985 985 985 985 985 985 985 985 985 2199 1677 1677 985
646 646 646 646 646 646 646 646 2041 1002 2199 985 985 985 985 985 985 985 985 985
1768 3518 4934 4934 1768 4934 4946 1768 4934 4946 1768 4934 4946 1768 4934 4946 1768 4934 2199 2041
