291 291 291 443 386 443 334 187 10 80 153 153 80 153 386 443 443 53 53 475
10 80 153 153 80 153 386 443 475 321 321 382 382 382 334 187 10 80 153 153
80 153 386 443 475 321 321 382 382 382 334 187 10 80 153 153 80 153 334 229
334 187 10 80 153 153 80 153 334 229 53 146 334 187 291 291 291 291 291 291
291 443 386 334 187 10 80 153 153 80 153 386 443 475 321 321 382 382 382 334
239 487 239 246 458 382 246 458 246 328 328 328 328 369 167 80 487 369 239 167
443 334 229 10 80 153 153 80 153 386 443 443 53 53 475 321 321 321 321 382
334 229 10 80 153 153 80 153 386 443 443 53 53 475 321 321 321 321 382 382
443 458 328 328 328 328 328 369 167 239 487 369 239 167 239 487 369 167 239 239
80 153 153 80 153 386 443 475 321 321 321 321 382 382 382 334 187 10 80 153
382 382 382 334 187 10 80 153 153 80 80 153 334 229 53 146 334 187 167 167
291 291 291 291 291 291 382 246 246 458 443 443 386 167 167 167 167 167 167 167
167 167 382 246 246 458 443 458 328 328 328 328 328 369 167 80 487 369 239 167
187 291 146 291 291 246 246 458 382 443 458 246 328 328 328 328 369 167 239 487
321 321 321 382 382 382 334 187 10 80 153 153 80 153 334 229 53 146 334 187
291 443 386 334 229 10 80 153 153 80 153 386 443 475 321 321 382 382 382 334
458 386 443 382 246 443 458 328 328 328 328 328 369 167 239 487 369 239 167 239
321 382 382 382 334 187 10 80 153 153 239 239 153 334 229 53 146 334 187 167
246 246 382 458 458 246 328 328 328 328 369 167 239 487 369 239 167 167 239 487
321 291 291 443 386 334 187 10 80 153 153 80 153 386 443 475 321 321 382 382
146 334 187 167 167 167 246 246 382 458 443 458 328 328 328 328 328 369 167 80
239 239 487 239 246 458 382 246 458 328 328 328 328 328 369 167 239 487 369 239
187 10 80 153 153 80 153 334 229 53 146 334 229 167 167 167 382 246 246 458
458 458 458 458 458 458 458 458 458 458 458 458 458 458 458 458 458 458 458 458
10 80 153 153 80 80 153 334 229 53 146 334 187 167 167 167 246 246 382 458
291 382 246 246 458 386 443 443 458 246 328 328 328 328 369 167 239 487 369 239
334 187 10 80 153 153 80 153 386 443 475 321 321 382 382 382 334 187 10 80
321 382 382 382 334 229 10 80 153 153 239 239 153 334 229 53 334 187 291 146
80 382 382 382 382 239 239 382 80 382 239 80 382 382 382 239 239 382 167 458
153 386 443 475 321 321 382 382 382 334 229 10 80 153 153 80 153 334 229 53
382 328 239 80 382 369 167 167 239 487 369 239 167 167 239 487 167 167 369 239
153 153 80 153 386 443 475 321 321 382 382 382 334 229 10 80 153 153 80 239
382 80 382 328 239 80 382 369 167 167 239 487 369 239 167 167 239 487 167 167
458 458 458 458 458 458 458 458 458 458 458 458 458 458 458 458 458 458 458 458
167 382 246 246 458 386 443 382 246 443 458 328 328 328 328 328 369 167 239 487
369 167 167 487 153 239 239 239 487 239 458 443 382 246 458 386 443 321 321 246
328 328 369 167 80 487 369 239 167 167 239 153 369 239 239 153 239 246 458 386
246 458 443 458 246 328 328 328 328 369 167 239 487 369 239 167 167 239 487 369
321 291 291 443 386 334 187 10 80 153 153 80 153 386 443 475 475 321 321 382
291 291 443 386 334 187 10 80 153 153 80 153 386 443 475 321 321 382 382 382
167 239 487 369 239 167 167 239 487 369 239 239 487 239 246 458 386 443 382 382
239 382 239 369 167 167 487 153 239 239 239 487 239 458 443 382 246 458 386 443
443 334 187 10 80 153 153 80 153 386 443 475 321 321 321 321 382 382 382 334
246 382 458 443 458 328 328 328 328 328 369 167 80 487 369 239 167 167 458 153
328 328 328 369 167 239 487 369 239 167 167 239 487 369 239 239 487 239 246 458
334 187 291 146 291 291 382 246 246 458 386 443 443 458 328 328 328 328 328 369
386 443 475 321 321 321 321 382 382 382 334 187 10 80 153 153 80 153 334 229
458 458 458 458 458 458 239 458 458 382 382 458 382 239 458 382 458 458 80 458
487 153 239 239 239 487 239 458 443 382 246 458 386 443 321 321 246 382 458 246
386 443 475 321 321 382 382 382 334 187 10 80 153 153 80 153 334 229 53 146
321 321 291 291 291 291 443 386 443 334 187 10 80 153 153 80 153 386 443 443
291 291 443 386 443 334 187 10 80 153 153 80 153 386 443 443 53 53 475 321
229 53 334 187 291 146 291 291 382 246 246 458 386 443 443 458 328 328 328 328
458 458 458 458 458 458 458 458 458 458 458 458 458 458 458 458 458 458 458 458
53 146 334 187 167 167 167 246 246 382 458 443 458 328 328 328 328 328 369 167
10 80 153 153 80 153 386 443 475 321 321 382 382 382 334 187 10 80 153 153
321 382 382 334 187 10 80 153 153 80 153 334 229 53 146 334 229 167 167 167
246 328 328 328 328 369 167 239 487 369 239 167 167 239 487 369 239 239 487 239
239 246 458 382 382 246 246 246 328 328 328 328 369 167 167 239 487 369 239 167
153 153 80 153 386 443 475 321 321 382 382 382 334 187 10 80 153 153 80 153
475 321 321 382 382 334 187 10 80 153 153 80 153 334 229 53 146 334 229 167
229 53 146 334 187 291 291 291 382 246 246 458 443 458 328 328 328 328 328 369
321 291 291 291 443 386 334 187 10 80 153 153 80 153 386 443 475 321 321 382
153 80 153 334 229 53 146 334 187 291 291 291 291 291 291 382 246 246 458 443
334 229 291 291 291 382 246 246 458 443 458 246 328 328 328 328 369 167 239 487
458 458 458 458 458 458 458 458 458 458 458 458 458 458 458 458 458 458 458 458
443 475 321 321 382 382 382 334 229 10 80 153 153 239 239 153 334 229 53 334
321 291 291 291 291 443 386 443 334 229 10 80 153 153 80 153 386 443 443 53
80 153 153 80 239 153 334 229 53 334 187 291 146 291 291 382 246 246 458 386
458 458 458 458 458 458 458 458 458 458 458 458 458 458 458 458 458 458 458 458
291 291 291 382 246 246 458 443 458 246 328 328 328 328 369 167 239 487 369 239
334 187 10 80 153 153 80 239 153 334 229 53 146 334 187 167 167 167 382 246
458 458 458 458 458 458 458 458 458 458 458 458 458 458 458 458 458 458 458 458
382 246 458 386 443 321 321 246 382 458 328 328 328 328 328 369 167 167 239 487
153 386 443 475 321 321 382 382 382 334 187 10 80 153 153 80 153 334 229 53
382 246 246 458 443 458 328 328 328 328 328 369 167 239 487 369 239 167 167 239
10 80 153 153 80 153 334 229 53 146 334 187 291 291 291 291 291 291 382 246
382 443 386 334 187 10 80 153 153 239 80 153 334 229 53 146 334 187 167 167
291 443 386 334 187 10 80 153 153 80 153 386 443 475 321 321 382 382 382 334
321 321 321 291 291 291 291 443 386 443 334 187 10 80 153 153 80 153 386 443
321 382 382 382 334 187 10 80 153 153 80 153 334 229 53 146 334 187 167 167
153 80 153 386 443 475 321 321 382 382 382 334 187 10 80 153 153 239 239 153
475 321 321 382 382 382 334 187 10 80 153 153 80 153 334 229 53 146 334 187
458 458 458 458 458 458 458 458 458 458 458 458 458 458 458 458 458 458 458 458
328 369 167 239 487 369 239 167 239 487 369 167 239 239 487 239 246 458 382 246
382 334 187 10 80 153 153 80 153 334 229 53 146 334 229 167 167 167 382 246
458 382 443 458 246 328 328 328 328 369 167 239 487 369 239 167 239 369 167 487
291 291 291 291 291 382 246 246 458 443 443 386 167 167 167 167 167 167 167 167
153 153 80 153 334 229 53 146 334 229 291 291 291 443 246 246 382 458 458 246
246 458 382 246 458 328 328 328 328 328 369 167 239 487 369 239 167 167 80 487
382 382 382 334 187 10 80 153 153 80 153 334 229 53 146 334 229 167 167 167
153 153 80 153 386 443 475 321 321 382 382 382 334 229 10 80 153 153 80 239
386 443 475 321 321 321 321 382 382 382 334 187 10 80 153 153 80 153 334 229
458 291 458 291 458 146 458 458 246 458 458 458 458 443 386 458 458 458 458 458
458 458 458 458 458 458 458 458 458 458 458 458 458 458 458 458 458 458 458 458
334 187 10 80 153 153 80 153 386 443 475 321 321 382 382 382 334 229 10 80
80 153 386 443 475 321 321 382 382 382 334 187 10 80 153 153 80 80 153 334
382 382 382 382 239 239 382 80 382 239 80 382 458 382 239 239 382 458 458 458
153 153 80 239 153 334 229 53 146 334 187 167 167 167 382 246 246 458 386 443
80 382 80 80 80 382 239 80 80 382 239 382 246 382 239 80 382 382 246 80
187 10 80 153 153 80 80 153 334 229 53 334 187 291 291 291 291 146 291 291
291 291 291 291 443 386 443 334 187 10 80 153 153 80 153 386 443 475 321 321
458 458 458 458 458 458 458 458 458 458 458 458 458 458 458 458 458 458 458 458
153 80 153 334 229 53 146 334 187 291 291 291 382 246 246 458 443 458 246 328
80 382 80 80 80 382 239 80 80 382 239 382 246 382 239 80 382 382 246 80
443 386 334 187 10 80 153 153 80 153 386 443 475 321 321 382 382 382 334 187
386 443 475 321 321 382 382 382 334 187 10 80 153 153 80 80 153 334 229 53
386 443 475 321 321 382 382 382 334 187 10 80 153 153 80 153 334 229 53 146
167 369 239 239 487 239 246 458 382 246 458 328 328 328 328 328 369 167 80 487
328 328 369 167 239 487 369 239 167 239 369 167 369 369 239 239 239 487 239 458
246 246 458 386 443 443 458 328 328 328 328 328 369 167 239 487 369 239 167 239
229 53 146 334 229 167 167 167 382 246 246 458 443 458 328 328 328 328 328 369
321 321 382 382 382 334 187 10 80 153 153 80 153 334 229 53 146 334 187 291
229 53 334 187 291 146 291 291 246 246 458 382 443 458 328 328 328 328 328 369
80 153 334 229 53 146 334 187 291 291 291 382 246 246 458 443 458 328 328 328
458 458 458 458 458 458 458 458 458 458 458 458 458 458 458 458 458 458 458 458
246 328 246 328 328 369 167 239 487 369 239 167 239 487 167 369 239 239 487 239
458 458 458 458 458 458 458 458 458 458 458 458 458 458 458 458 458 458 458 458
321 321 382 382 382 334 187 10 80 153 153 80 153 334 229 53 146 334 187 291
458 458 458 458 458 458 458 458 458 458 458 458 458 458 458 458 458 458 458 458
328 328 328 328 369 167 239 487 369 239 167 167 239 487 369 239 239 487 239 246
443 382 246 458 386 443 321 321 246 382 458 328 328 328 328 328 369 167 167 239
382 458 443 458 328 328 328 328 328 369 167 80 487 369 239 167 167 458 153 369
382 382 334 229 10 80 153 153 80 153 334 229 53 146 334 229 291 291 291 382
167 239 239 487 239 246 458 382 246 458 328 328 328 328 328 369 167 239 487 369
167 382 382 239 239 382 239 369 167 167 487 153 239 239 239 487 239 458 443 382
475 475 321 321 382 382 443 386 334 187 10 80 153 153 80 153 334 229 53 146
229 10 80 153 153 80 153 334 229 53 146 334 187 167 167 167 246 246 382 458
458 458 458 458 458 458 458 458 458 458 458 458 458 458 458 458 458 458 458 458
239 80 382 167 167 382 382 239 239 382 239 369 167 167 487 153 239 239 239 487
334 187 10 80 153 153 80 239 153 334 229 53 146 334 187 167 167 167 382 246
458 458 458 458 458 458 458 458 458 458 458 458 458 458 458 458 458 458 458 458
458 458 458 458 458 458 458 458 458 458 458 458 458 458 458 458 458 458 458 458
153 153 80 80 153 386 443 475 321 321 382 382 382 334 187 10 80 153 153 80
458 458 458 458 458 458 458 458 458 458 458 458 458 458 458 458 458 458 458 458
334 187 10 80 153 153 80 153 386 443 475 321 321 382 382 382 334 229 10 80
80 80 382 80 382 246 382 239 80 382 382 246 80 369 239 80 382 475 382 239
167 167 487 153 239 239 239 487 239 458 443 382 246 458 386 443 321 321 246 382
443 386 334 187 10 80 153 153 80 80 153 334 229 53 334 187 291 291 291 291
458 458 458 458 458 458 458 458 458 458 458 458 458 458 458 458 458 458 458 458
458 458 458 458 458 458 458 458 458 458 458 458 458 458 458 458 458 458 458 458
475 321 321 382 382 443 443 334 187 10 80 153 153 80 153 334 229 53 146 334
382 382 334 187 10 80 153 153 80 153 334 229 53 146 334 187 167 167 167 382
167 239 487 167 167 369 239 239 487 239 246 458 382 382 246 458 328 328 328 328
334 229 10 80 153 153 80 153 334 229 53 146 334 187 167 167 167 246 246 382
153 80 153 334 229 53 146 334 229 291 291 291 382 246 246 458 443 458 246 328
328 328 369 167 239 487 369 239 167 239 487 167 369 239 239 487 239 246 458 382
458 458 458 458 458 458 458 458 458 458 458 458 458 458 458 458 458 458 458 458
321 321 382 382 382 334 187 10 80 153 153 80 153 334 229 53 146 334 187 167
334 187 10 80 153 153 80 153 386 443 475 321 321 382 382 382 382 443 386 334
386 443 475 321 321 382 382 382 334 187 10 80 153 153 80 80 153 334 229 53
239 487 369 239 167 239 487 369 167 239 239 487 239 246 458 382 246 458 328 328
458 458 458 458 458 458 458 458 458 458 458 458 458 458 458 458 458 458 458 458
80 153 153 80 153 386 443 475 321 321 382 382 382 334 229 10 80 153 153 80
187 10 80 153 153 80 153 334 229 53 146 334 187 167 167 167 382 246 246 458
321 291 291 291 291 443 386 443 334 187 10 80 153 153 80 153 386 443 475 321
291 291 291 291 443 386 443 334 187 10 80 153 153 80 153 386 443 443 53 53
458 458 458 458 458 458 458 458 458 458 458 458 458 458 458 458 458 458 458 458
291 291 443 386 334 187 10 80 153 153 80 153 386 443 475 321 321 382 382 382
321 321 321 291 291 291 291 443 386 443 334 229 10 80 153 153 80 153 386 443
153 80 80 153 386 443 475 321 321 382 382 382 334 187 10 80 153 153 80 153
475 321 321 321 321 382 382 382 443 386 382 334 187 10 80 153 153 80 153 334
487 369 239 80 382 239 80 382 167 167 382 382 239 239 382 239 369 167 167 487
321 321 321 291 291 291 291 443 386 443 334 187 10 80 153 153 80 153 386 443
80 153 153 80 80 153 334 229 53 146 334 187 167 167 167 382 246 246 458 458
291 291 443 386 443 334 187 10 80 153 153 80 153 386 443 475 321 321 321 321
458 458 458 458 458 458 458 458 458 458 458 458 458 458 458 458 458 458 458 458
443 475 321 321 382 382 382 334 187 10 80 153 153 80 153 334 229 53 146 334
187 10 80 153 153 80 153 386 443 475 321 321 321 321 382 382 382 334 187 10
334 229 53 146 334 187 167 291 291 443 246 246 382 458 458 328 328 328 328 328
153 153 80 153 334 229 53 146 334 229 291 291 291 443 246 246 382 458 458 246
475 321 321 382 382 382 334 229 10 80 153 153 239 239 153 334 229 53 334 187
80 153 334 229 53 146 334 187 167 167 167 382 246 246 458 443 458 328 328 328
334 187 10 80 153 153 80 153 334 229 53 146 334 187 167 167 167 382 246 246
334 229 53 146 334 187 167 167 167 382 246 246 458 443 458 328 328 328 328 328
458 458 458 458 458 458 458 458 458 458 458 458 458 458 458 458 458 458 458 458
53 475 321 321 321 321 382 382 382 443 386 382 334 187 10 80 153 153 80 153
187 291 291 291 382 246 246 458 443 458 246 328 328 328 328 369 167 239 487 369
369 239 167 239 487 167 369 239 239 487 239 246 458 386 443 382 246 334 187 10
80 153 386 443 475 321 321 382 382 382 334 187 10 80 153 153 80 153 334 229
246 458 382 382 246 246 246 328 328 328 328 369 167 167 80 487 369 239 167 167
458 458 458 458 458 458 458 458 458 458 458 458 458 458 458 458 458 458 458 458
229 53 146 334 187 291 291 291 443 246 246 382 458 458 328 328 328 328 328 369
443 458 246 328 328 328 328 369 167 239 487 369 239 167 167 239 487 369 239 239
382 382 382 334 187 10 80 153 153 80 153 334 229 53 146 334 229 167 167 167
229 53 146 334 187 291 291 291 291 291 291 382 246 246 458 443 443 386 167 167
458 458 458 458 458 458 458 458 458 458 458 458 458 458 458 458 458 458 458 458
458 458 458 458 458 458 458 458 458 458 458 458 458 458 458 458 458 458 458 458
475 321 321 382 382 382 334 187 10 80 153 153 80 153 334 229 53 146 334 187
229 53 146 334 187 167 167 167 167 167 167 382 246 246 458 443 443 386 458 386
291 291 443 386 334 187 10 80 153 153 80 153 386 443 475 321 321 382 382 382
153 153 80 153 386 443 475 321 321 382 382 382 334 187 10 80 153 153 80 153
167 167 382 246 246 458 458 328 328 328 328 328 369 167 80 487 369 239 167 80
458 458 458 458 458 458 458 458 458 458 458 458 458 458 458 458 458 458 458 458
382 382 382 382 443 386 334 187 10 80 153 153 80 80 153 334 229 53 334 187
334 187 291 291 291 382 246 246 458 443 458 246 328 328 328 328 369 167 239 487
239 458 443 382 246 458 386 443 321 321 246 382 458 328 328 328 328 328 369 167
239 246 458 382 246 458 246 328 328 328 328 369 167 80 487 369 239 167 167 239
334 229 53 146 334 187 167 167 167 246 246 382 458 443 458 386 443 382 382 246
80 382 239 80 80 382 80 382 246 382 239 80 382 382 246 80 369 239 80 382
458 458 458 458 458 458 458 458 458 458 458 458 458 458 458 458 458 458 458 458
458 458 458 458 458 458 458 458 458 458 458 458 458 458 458 458 458 458 458 458
458 458 458 458 458 458 458 458 458 458 458 458 458 458 458 458 458 458 458 458
382 80 382 246 382 239 80 382 382 246 80 475 239 80 382 475 382 239 239 382
246 328 328 328 328 369 167 239 487 369 239 167 239 369 167 369 369 239 239 239
334 229 53 146 334 187 167 167 167 167 167 167 382 246 246 458 443 443 386 458
239 80 382 167 167 382 382 239 239 382 239 369 167 167 487 153 239 239 239 487
167 167 167 382 246 246 458 386 443 443 458 328 328 328 328 328 369 167 239 487
291 443 386 334 187 10 80 153 153 80 153 386 443 475 321 321 382 382 382 334
187 167 167 167 382 246 246 458 458 328 328 328 328 328 369 167 80 487 369 239
53 458 334 458 458 458 458 458 458 458 458 458 458 458 458 458 458 458 458 458
458 458 458 458 458 458 458 458 458 458 458 458 458 458 458 458 458 458 458 458
321 291 291 443 386 334 187 10 80 153 153 80 153 386 443 475 321 321 382 382
328 369 167 239 487 369 239 167 167 239 487 369 239 239 487 239 246 458 386 443
443 458 246 328 328 328 328 369 167 80 487 369 239 167 167 458 153 369 80 239
321 321 291 291 291 443 443 334 187 10 80 153 153 80 153 386 443 475 321 321
382 334 187 10 80 153 153 80 239 153 334 229 53 146 334 187 167 167 167 382
291 291 443 386 334 187 10 80 153 153 80 153 386 443 475 321 321 382 382 382
458 458 458 458 458 458 458 458 458 458 458 458 458 458 458 458 458 458 458 458
443 475 321 321 382 382 382 382 334 187 10 80 153 153 239 80 153 334 229 53
328 246 328 328 369 167 80 487 369 239 167 167 80 153 369 239 239 487 239 382
80 153 153 80 153 334 229 53 146 334 187 167 167 167 167 167 167 382 246 246
229 53 146 334 187 291 291 291 382 246 246 458 443 458 246 328 328 328 328 369
382 246 246 458 443 458 328 328 328 328 328 369 167 80 487 369 239 167 167 80
443 386 334 187 10 80 153 153 80 153 386 443 475 321 321 382 382 382 334 187
291 291 291 443 386 443 334 187 10 80 153 153 80 153 386 443 475 321 321 321
246 458 246 328 328 328 328 369 167 167 239 487 369 239 167 167 80 487 167 167
239 167 167 239 487 167 167 369 239 239 487 239 246 458 382 382 246 458 328 328
382 246 246 458 386 443 443 458 328 328 328 328 328 369 167 239 487 369 239 167
246 458 443 458 246 328 328 328 328 369 167 239 487 369 239 167 167 239 487 369
382 382 382 443 386 334 187 10 80 153 153 80 80 153 334 229 53 334 187 291
146 334 187 458 458 458 458 458 458 382 246 458 458 443 443 458 458 458 458 458
146 334 187 291 291 291 382 246 246 458 443 458 246 328 328 328 328 369 167 239
291 291 291 291 443 386 443 334 187 10 80 153 153 80 153 386 443 443 53 53
382 382 382 334 187 10 80 153 153 80 153 334 229 53 146 334 187 291 291 291
291 291 291 291 382 246 246 458 443 443 386 458 167 167 167 167 167 167 167 167
246 458 382 382 246 246 246 328 328 328 328 369 167 167 80 487 369 239 167 167
153 153 80 80 153 386 443 475 321 321 382 382 382 334 187 10 80 153 153 80
239 487 239 246 458 382 246 458 328 328 328 328 328 369 167 239 487 369 239 167
458 458 458 458 458 458 458 458 458 458 458 458 458 458 458 458 458 458 458 458
382 382 443 386 334 187 10 80 153 153 239 80 153 334 229 53 146 334 187 167
382 382 382 334 187 10 80 153 153 80 153 334 229 53 146 334 229 167 167 167
167 369 239 239 487 239 246 458 382 382 246 458 328 328 328 328 328 369 167 167
239 239 239 487 239 458 443 382 246 458 386 443 321 321 246 382 458 328 328 328
458 458 458 458 458 458 458 458 458 458 458 458 458 458 458 458 458 458 458 458
458 458 458 458 458 458 458 458 458 458 458 458 458 458 458 458 458 458 458 458
321 291 291 291 443 443 334 187 10 80 153 153 80 153 386 443 475 321 321 382
80 487 369 239 167 167 239 487 369 239 239 487 239 246 458 382 246 458 328 328
458 443 458 328 328 328 328 328 369 167 239 487 369 239 167 167 239 487 369 239
334 187 10 80 153 153 80 153 386 443 475 321 321 382 382 382 334 187 10 80
321 291 291 291 291 443 386 443 334 187 10 80 153 153 80 153 386 443 443 53
458 458 458 458 458 458 458 458 458 458 458 458 458 458 458 458 458 458 458 458
458 458 458 458 458 458 458 458 458 458 458 458 458 458 458 458 458 458 458 458
458 458 458 458 458 458 458 458 458 458 458 458 458 458 458 458 458 458 458 458
80 153 153 80 153 386 443 475 321 321 382 382 382 334 229 10 80 153 153 80
153 80 153 386 443 475 321 321 382 382 382 334 187 10 80 153 153 80 153 334
291 443 386 443 334 187 10 80 153 153 80 153 386 443 443 53 53 475 321 321
386 443 475 321 321 382 382 382 334 187 10 80 153 153 80 153 334 229 53 146
458 458 458 458 458 458 458 458 458 382 458 458 458 458 382 458 458 458 458 458
291 382 246 246 458 443 458 246 328 328 328 328 369 167 239 487 369 239 167 167
443 334 229 10 80 153 153 80 153 386 443 443 53 53 475 321 321 321 321 382
321 321 321 321 382 382 382 334 187 10 80 153 153 80 153 334 229 53 146 334
458 458 458 458 458 328 328 458 458 458 458 382 458 382 458 458 458 382 369 167
291 146 291 291 382 246 246 458 386 443 443 458 246 328 328 328 328 369 167 239
153 153 80 153 334 229 53 146 334 229 291 291 291 382 246 246 458 443 458 246
321 321 321 382 382 382 443 386 382 334 187 10 80 153 153 80 153 334 229 53
458 458 458 458 458 458 458 458 458 458 458 458 458 458 458 458 458 458 458 458
229 10 80 153 153 80 153 386 443 443 53 53 475 321 321 321 321 382 382 382
328 328 328 369 167 239 487 369 239 167 167 239 487 369 239 239 487 239 246 458
229 53 334 187 291 291 291 291 146 291 291 246 246 458 382 443 443 386 458 458
153 80 153 386 443 475 321 321 382 382 334 187 10 80 153 153 80 153 334 229
458 458 458 458 458 458 458 458 458 458 458 458 458 458 458 458 458 458 458 458
53 53 475 321 321 321 321 382 382 382 382 443 386 334 187 10 80 153 153 80
291 291 443 386 334 187 10 80 153 153 80 153 386 443 475 321 321 382 382 382
187 10 80 153 153 80 153 386 443 475 321 321 382 382 382 334 187 10 80 153
291 291 291 291 443 386 443 334 229 10 80 153 153 80 153 386 443 443 53 53
328 328 328 328 328 369 167 80 487 369 239 167 167 239 487 369 239 239 487 239
246 246 458 443 458 328 328 328 328 328 369 167 80 487 369 239 167 167 80 487
321 321 321 291 291 291 291 443 386 443 334 187 10 80 153 153 80 153 386 443
239 80 382 167 167 382 382 239 239 382 239 369 167 167 487 153 239 239 239 487
369 239 239 487 239 246 458 382 382 246 458 246 328 328 328 328 369 167 167 80
10 80 153 153 80 153 334 229 53 146 334 187 291 291 291 291 291 291 382 246
382 246 443 458 328 328 328 328 328 369 167 239 487 369 239 167 239 487 167 369
321 321 291 291 291 291 291 291 443 386 334 229 10 80 153 153 80 153 386 443
80 153 334 229 53 146 334 187 167 167 167 246 246 382 458 443 458 328 328 328
153 334 229 53 146 334 187 291 291 291 443 246 246 382 458 458 328 328 328 328
443 334 187 10 80 153 153 80 153 386 443 475 321 321 321 321 382 382 382 334
187 10 80 153 153 80 153 386 443 475 321 321 382 382 382 382 443 386 334 187
443 53 53 475 321 321 321 321 382 382 382 382 443 386 334 187 10 80 153 153
458 246 328 328 328 328 369 167 167 239 487 369 239 167 167 167 167 80 487 369
229 10 80 153 153 80 239 153 334 229 53 334 187 291 146 291 291 382 246 246
382 239 369 167 167 487 153 239 239 239 487 239 458 443 382 246 458 386 443 321
328 328 328 369 167 167 80 487 369 239 80 382 239 80 382 167 167 382 382 239
458 458 458 458 458 458 458 458 458 458 458 458 458 458 458 458 458 458 458 458
80 382 239 80 382 475 382 328 239 239 382 328 369 167 167 239 487 369 239 167
153 153 80 153 334 229 53 146 334 187 291 291 291 291 291 291 382 246 246 458
328 328 328 328 328 369 167 80 487 369 239 167 239 487 167 369 239 239 487 80
167 239 487 369 239 167 239 487 167 369 239 239 487 239 246 458 386 443 382 246
80 153 153 80 153 334 229 53 146 334 229 291 291 291 382 246 246 458 443 458
458 458 458 458 458 458 458 458 458 458 458 458 458 458 458 458 458 458 458 458
475 321 321 321 321 382 382 382 334 187 10 80 153 153 80 153 334 229 53 146
291 291 443 386 334 229 10 80 153 153 80 80 153 386 443 475 321 321 382 382
187 167 167 167 382 246 246 458 458 328 328 328 328 328 369 167 80 487 369 239
458 458 458 458 458 458 458 458 458 458 458 458 458 458 458 458 458 458 458 458
458 443 458 328 328 328 328 328 369 167 239 487 369 239 167 239 487 369 167 239
321 321 321 291 291 291 291 443 386 443 334 187 10 80 153 153 80 153 386 443
239 458 443 382 246 458 386 443 321 321 246 382 458 328 328 328 328 328 369 167
458 458 458 458 458 458 458 458 458 458 458 458 458 458 458 458 458 458 458 458
53 146 334 187 167 167 167 246 246 382 458 443 458 328 328 328 328 328 369 167
443 458 246 328 328 328 328 369 167 80 487 369 239 167 167 80 487 369 80 239
328 328 328 328 369 167 239 487 369 239 167 239 487 167 369 239 239 487 239 246
321 321 291 291 443 386 334 187 10 80 153 153 80 153 386 443 475 321 321 382
328 328 328 328 328 369 167 239 487 369 239 167 239 487 369 167 239 239 487 239
153 80 153 334 229 53 146 334 187 291 291 291 382 246 246 458 443 458 246 328
187 10 80 153 153 80 153 386 443 475 321 321 321 321 382 382 382 334 187 10
153 386 443 475 321 321 382 382 382 334 187 10 80 153 153 80 153 334 229 53
291 291 443 386 334 187 10 80 153 153 80 153 386 443 475 321 321 382 382 382
369 167 80 487 369 239 167 167 10 153 369 239 239 153 239 382 246 458 382 246
10 80 153 153 80 80 153 386 443 475 321 321 382 382 382 334 187 10 80 153
458 458 458 458 458 458 458 458 458 458 458 458 458 458 458 458 458 458 458 458
80 80 321 321 291 291 443 386 334 187 10 80 153 153 80 153 386 443 475 321
487 369 167 239 239 487 239 246 458 382 246 458 328 328 328 328 328 369 167 239
239 239 487 239 246 458 382 246 458 246 328 328 328 328 369 167 80 487 369 239
386 334 187 10 80 153 153 80 153 386 443 475 321 321 382 382 382 334 187 10
10 80 153 153 80 153 386 443 475 475 321 321 382 382 443 386 334 187 10 80
291 291 443 386 334 187 10 80 153 153 80 153 386 443 475 321 321 382 382 382
321 291 291 291 291 443 386 443 334 229 10 80 153 153 80 153 386 443 443 53
458 458 458 458 458 458 458 458 458 458 458 458 458 458 458 458 458 458 458 458
328 328 328 328 369 167 167 80 487 369 239 167 167 167 167 80 487 369 239 239
153 334 229 53 146 334 187 291 291 291 443 246 246 382 458 458 328 328 328 328
458 458 458 458 458 458 458 458 458 458 458 458 458 458 458 458 458 458 458 458
458 458 458 458 458 458 458 458 458 458 458 458 458 458 458 458 458 458 458 458
80 153 153 239 80 153 334 229 53 146 334 187 167 167 167 246 246 382 458 443
328 369 167 239 487 369 239 167 167 239 487 369 239 239 487 239 246 458 382 246
328 328 328 328 369 167 239 487 369 239 167 167 239 487 369 239 239 487 239 246
458 458 458 458 458 458 458 458 458 458 458 458 458 458 458 458 458 458 458 458
239 246 458 382 246 458 246 328 328 328 328 369 167 80 487 369 239 167 167 239
334 229 53 146 334 187 167 167 167 382 246 246 458 386 443 382 246 443 458 328
80 153 386 443 475 321 321 382 382 334 187 10 80 153 153 80 153 334 229 53
458 458 458 458 458 458 458 458 458 458 458 458 458 458 458 458 458 458 458 458
187 10 80 153 153 80 153 386 443 475 475 321 321 382 382 443 386 334 187 10
80 153 334 229 53 146 334 187 167 167 167 246 246 382 458 443 458 328 328 328
458 458 458 458 458 458 458 458 458 458 458 458 458 458 458 458 458 458 458 458
328 239 80 382 369 167 167 239 487 369 239 167 167 239 487 167 167 369 239 239
229 10 80 153 153 80 153 386 443 475 321 321 382 382 382 382 334 187 10 80
369 239 167 239 487 167 369 239 239 487 239 246 458 386 443 382 246 334 187 10
475 321 321 321 321 382 382 382 334 187 10 80 153 153 80 153 334 229 53 146
458 458 458 458 458 458 458 458 458 458 458 458 458 458 458 458 458 458 458 458
458 458 458 458 458 458 458 458 458 458 458 458 458 458 458 458 458 458 458 458
334 187 10 80 153 153 80 153 386 443 475 321 321 382 382 382 334 187 10 80
80 153 153 80 153 334 229 53 146 334 187 167 167 167 382 246 246 458 443 458
475 321 321 382 382 443 443 334 187 10 80 153 153 80 153 334 229 53 146 334
321 321 321 382 382 382 334 187 10 80 153 153 80 153 334 229 53 146 334 187
10 80 153 153 80 153 386 443 443 53 53 475 321 321 321 321 382 382 382 443
291 443 386 334 187 10 80 153 153 80 153 386 443 475 321 321 382 382 382 382
369 239 167 167 239 487 167 167 369 239 239 487 239 246 458 382 382 246 458 246
334 187 10 80 153 153 80 153 386 443 475 321 321 382 382 334 187 10 80 153
321 291 291 443 386 334 187 10 80 153 153 80 153 386 443 475 321 321 382 382
443 53 53 475 321 321 321 321 382 382 382 382 443 386 334 187 10 80 153 153
153 80 153 334 229 53 146 334 187 291 291 291 291 291 291 382 246 246 458 443
80 153 153 80 153 386 443 475 321 321 382 382 382 334 187 10 80 153 153 80
187 10 80 153 153 80 153 386 443 475 321 321 382 382 382 334 229 10 80 153
187 291 291 291 291 291 291 382 246 246 458 443 443 386 167 167 167 167 167 167
80 382 80 382 246 382 239 80 382 382 246 80 382 239 80 382 475 382 239 239
167 167 167 382 246 246 458 443 458 328 328 328 328 328 369 167 239 487 369 239
487 369 239 239 487 239 246 458 382 246 458 328 328 328 328 328 369 167 239 487
291 443 386 334 187 10 80 153 153 80 153 386 443 475 321 321 382 382 382 334
239 487 369 239 167 239 487 167 369 239 239 487 239 246 458 382 246 458 246 328
458 386 443 443 458 328 328 328 328 328 369 167 239 487 369 239 167 239 487 167
229 10 80 153 153 80 153 334 229 53 146 334 187 167 167 167 246 246 382 458
458 458 458 458 458 458 458 458 458 458 458 458 458 458 458 458 458 458 458 458
229 291 291 291 382 246 246 458 443 458 246 328 328 328 328 369 167 239 487 369
80 153 334 229 53 146 334 187 167 167 167 382 246 246 458 443 458 328 328 328
458 458 458 458 458 458 458 458 458 458 458 458 458 458 458 458 458 458 458 458
328 80 10 239 80 382 475 382 328 239 239 382 328 369 167 167 239 487 369 239
321 321 382 382 382 334 187 10 80 153 153 80 153 334 229 53 146 334 187 167
328 239 80 382 369 167 167 239 487 369 239 167 167 239 487 167 167 369 239 239
321 382 382 382 334 187 10 80 153 153 80 153 334 229 53 146 334 187 167 167
153 153 80 153 386 443 475 321 321 382 382 382 334 187 10 80 153 153 80 239
80 80 229 382 239 80 80 382 239 382 246 382 239 80 382 382 246 80 475 80
10 80 153 153 80 80 153 334 229 53 146 334 187 167 167 167 382 246 246 458
458 458 458 458 458 458 458 458 458 458 458 458 458 458 458 458 458 458 458 458
239 239 487 239 246 458 382 246 458 328 328 328 328 328 369 167 239 487 369 239
487 239 458 443 382 246 458 386 443 321 321 246 382 458 328 328 328 328 328 369
458 458 458 458 458 458 458 458 458 458 458 458 458 458 458 458 458 458 458 458
246 246 458 443 458 328 328 328 328 328 369 167 239 487 369 239 167 239 487 369
458 458 80 382 239 80 80 382 382 382 382 239 239 382 80 382 239 80 382 382
334 229 53 334 187 291 146 291 291 382 246 246 458 386 443 443 458 328 328 328
382 334 187 10 80 153 153 80 153 334 229 53 146 334 187 291 291 291 291 291
80 80 153 334 229 53 334 187 291 146 291 291 246 246 458 382 443 458 246 328
382 382 382 334 187 10 80 153 153 80 153 334 229 53 146 334 187 167 167 167
382 382 382 334 187 10 80 153 153 80 80 153 334 229 53 146 334 187 167 167
53 146 334 187 167 167 167 246 246 382 458 443 458 386 443 382 382 246 443 386
487 239 246 458 382 246 458 328 328 328 328 328 369 167 239 153 369 239 167 167
10 80 153 153 80 153 334 229 53 146 334 229 291 291 291 443 246 246 382 458
382 334 187 10 80 153 153 80 153 334 229 53 146 334 187 167 167 167 382 246
382 334 187 10 80 153 153 239 80 153 334 229 53 334 187 291 146 291 291 246
291 291 291 382 246 246 458 443 458 246 328 328 328 328 369 167 239 487 369 239
458 458 458 458 458 458 458 458 458 458 458 458 458 458 458 458 458 458 458 458
239 487 239 246 458 382 382 246 458 246 328 328 328 328 369 167 167 239 487 369
458 458 458 458 458 458 458 458 458 458 458 458 458 458 458 458 458 458 458 458
321 382 382 382 382 334 187 10 80 153 153 239 80 153 334 229 53 334 187 291
487 153 239 239 239 487 239 458 443 382 246 458 386 443 321 321 246 382 458 246
167 239 487 369 239 167 167 239 487 369 239 239 487 239 246 458 386 443 382 246
458 246 328 328 328 328 369 167 80 487 369 239 167 167 80 153 369 80 239 487
80 153 153 80 153 334 229 53 146 334 187 167 167 167 246 246 382 458 443 458
291 291 291 291 443 386 443 334 187 10 80 153 153 80 153 386 443 443 53 53
167 167 167 382 246 246 458 386 443 443 458 328 328 328 328 328 369 167 239 487
382 382 382 334 187 10 80 153 153 80 153 334 229 53 146 334 229 167 167 167
321 321 291 291 443 386 334 187 10 80 153 153 80 153 386 443 475 321 321 382
443 475 321 321 382 382 382 334 229 10 80 153 153 239 239 153 334 229 53 334
291 443 386 334 187 10 80 153 153 80 153 386 443 475 321 321 382 382 382 334
458 246 328 328 328 328 369 167 239 487 369 239 167 167 239 487 369 239 239 487
386 334 187 10 80 153 153 80 153 386 443 475 321 321 382 382 334 187 10 80
239 239 487 239 246 458 382 246 458 328 328 328 328 328 369 167 239 487 369 239
458 458 458 458 458 458 458 458 458 458 458 458 458 458 458 458 458 458 458 458
80 153 386 443 475 321 321 382 382 382 334 187 10 80 153 153 80 153 334 229
487 239 458 443 382 246 458 386 443 321 321 246 382 458 328 328 328 328 328 369
246 246 458 443 458 328 328 328 328 328 369 167 239 487 369 239 167 239 487 369
10 80 153 153 80 80 153 334 229 53 146 334 187 167 167 167 382 246 246 458
167 167 167 382 246 246 458 443 458 328 328 328 328 328 369 167 80 487 369 239
153 153 80 239 153 334 229 53 334 187 291 146 291 291 382 246 246 458 386 443
80 487 369 239 167 167 239 487 369 239 239 487 239 246 458 382 246 458 328 328
229 53 146 334 187 167 167 167 167 167 167 382 246 246 458 443 443 386 458 386
334 229 10 80 153 153 80 153 334 229 53 146 334 229 291 291 291 382 246 246
321 321 291 291 291 291 443 443 443 334 187 10 80 153 153 80 153 386 443 475
328 369 167 239 487 369 239 167 239 487 167 369 239 239 487 239 246 458 386 443
291 443 246 246 382 458 458 246 328 328 328 328 369 167 239 487 369 239 167 167
153 80 153 386 443 475 321 321 382 382 382 334 187 10 80 153 153 80 153 334
328 328 328 328 369 167 239 487 369 239 167 239 487 167 369 239 239 487 239 246
80 239 153 334 229 53 146 334 187 167 167 167 382 246 246 458 386 443 382 246
10 80 153 153 80 153 334 229 53 146 334 187 167 167 167 246 246 382 458 443
334 187 291 291 291 382 246 246 458 443 458 246 328 328 328 328 369 167 239 487
291 291 291 291 382 246 246 458 443 443 386 458 167 167 167 167 167 167 167 167
458 458 458 458 458 458 458 458 458 458 458 458 458 458 458 458 458 458 458 458
153 334 229 53 146 334 187 167 167 167 246 246 382 458 443 458 328 328 328 328
321 321 382 382 382 334 187 10 80 153 153 239 239 153 334 229 53 146 334 187
328 328 328 369 167 167 80 487 369 239 80 382 239 80 382 167 167 382 382 239
246 328 328 328 328 369 167 239 487 369 239 167 167 239 487 369 239 239 487 239
382 246 246 458 386 443 443 458 328 328 328 328 328 369 167 239 487 369 239 167
369 167 167 239 487 369 239 167 167 239 487 167 167 369 239 239 487 239 246 458
443 246 246 382 458 458 246 328 328 328 328 369 167 239 487 369 239 167 167 239
146 334 229 167 167 167 382 246 246 458 443 458 328 328 328 328 328 369 167 239
80 80 153 386 443 475 321 321 382 382 382 334 187 10 80 153 153 80 153 334
246 458 458 328 328 328 328 328 369 167 80 487 369 239 167 80 153 167 369 80
80 153 153 80 153 386 443 475 321 321 382 382 382 334 229 10 80 153 153 80
458 386 443 321 321 246 382 458 328 328 328 328 328 369 167 167 239 487 369 239
382 334 187 10 80 153 153 239 80 153 334 229 53 334 187 291 146 291 291 246
80 80 382 239 80 80 382 80 382 246 382 239 80 382 382 246 80 382 80 80
167 167 382 246 246 458 386 443 382 246 443 458 328 328 328 328 328 369 167 239
458 328 328 328 328 80 10 239 80 382 382 382 328 239 80 382 369 167 167 239
458 458 458 458 458 458 458 458 458 458 458 458 458 458 458 458 458 458 458 458
167 382 246 246 458 386 443 382 246 443 458 328 328 328 328 328 369 167 239 487
382 382 382 334 187 10 80 153 153 80 153 334 229 53 146 334 187 291 291 291
10 80 153 153 80 153 386 443 475 321 321 382 382 382 334 187 10 80 153 153
10 80 153 153 80 153 334 229 53 146 334 229 167 167 167 382 246 246 458 443
382 369 167 167 239 487 369 239 167 167 239 487 167 167 369 239 239 487 239 246
386 443 475 321 321 382 382 382 334 187 10 80 153 153 80 153 334 229 53 146
328 328 328 369 167 239 487 369 239 167 167 239 487 369 239 239 487 239 246 458
321 321 382 382 382 334 187 10 80 153 153 80 153 334 229 53 146 334 229 291
321 291 291 291 291 443 443 443 334 187 10 80 153 153 80 153 386 443 475 321
328 369 167 239 487 369 239 167 239 487 167 369 239 239 487 239 246 458 382 246
321 321 382 382 382 334 187 10 80 153 153 80 153 334 229 53 146 334 187 291
382 246 246 458 443 458 328 328 328 328 328 369 167 239 487 369 239 167 167 239
334 187 291 146 291 291 382 246 246 458 386 443 443 458 328 328 328 328 328 369
321 321 382 382 382 334 229 10 80 153 153 80 153 334 229 53 146 334 229 291
239 487 369 239 167 239 487 369 167 239 239 487 239 246 458 382 246 458 328 328
334 229 167 167 167 382 246 246 458 443 458 328 328 328 328 328 369 167 80 487
443 386 334 187 10 80 153 153 80 153 386 443 475 321 321 382 382 382 334 187
229 53 146 334 187 167 167 167 246 246 382 458 443 458 328 328 328 328 328 369
458 458 458 458 458 458 458 458 458 458 458 458 458 458 458 458 458 458 458 458
80 153 334 229 53 334 187 291 146 291 291 246 246 458 382 443 458 328 328 328
321 321 382 382 382 334 187 10 80 153 153 80 153 334 229 53 146 334 187 167
328 369 167 167 80 487 369 239 80 382 239 80 382 167 167 382 382 239 239 382
291 291 443 386 443 334 187 10 80 153 153 80 153 386 443 443 53 53 475 321
443 475 321 321 382 382 382 334 187 10 80 153 153 80 153 334 229 53 146 334
246 246 382 458 443 458 328 328 328 328 328 369 167 80 487 369 239 167 167 458
382 246 246 458 386 443 443 458 328 328 328 328 328 369 167 239 487 369 239 167
291 291 443 386 334 187 10 80 153 153 80 153 386 443 475 321 321 382 382 382
80 153 153 80 153 334 229 53 146 334 187 167 167 167 246 246 382 458 443 458
443 458 246 328 328 328 328 369 167 239 487 369 239 167 239 487 167 369 239 239
229 167 167 167 382 246 246 458 443 458 328 328 328 328 328 369 167 80 487 369
80 382 167 167 382 382 239 239 382 239 369 167 167 487 153 239 239 239 487 239
153 153 80 153 386 443 475 321 321 321 321 382 382 382 334 187 10 80 153 153
382 382 382 382 443 386 334 187 10 80 153 153 80 80 153 334 229 53 334 187
458 458 458 458 458 458 458 458 458 458 458 458 458 458 458 458 458 458 458 458
443 475 321 321 382 382 382 334 187 10 80 153 153 80 153 334 229 53 146 334
334 229 53 146 334 187 167 167 167 382 246 246 458 386 443 443 458 328 328 328
239 80 382 167 167 382 382 239 239 382 239 369 167 167 487 153 239 239 239 487
382 458 458 246 328 328 328 328 369 167 239 487 369 239 167 167 239 487 369 239
146 334 229 291 291 291 382 246 246 458 443 458 246 328 328 328 328 369 167 239
328 328 328 328 369 167 239 487 369 239 167 239 487 167 369 239 239 487 239 246
443 475 321 321 382 382 382 334 229 10 80 153 153 80 153 334 229 53 146 334
458 386 443 443 458 246 328 328 328 328 369 167 239 487 369 239 167 239 487 167
458 458 458 458 458 458 458 458 458 458 458 458 458 458 458 458 458 458 458 458
458 458 458 458 458 458 458 458 458 458 458 458 458 458 458 458 458 458 458 458
458 458 458 458 458 458 458 458 458 458 458 458 458 458 458 458 458 458 458 458
321 321 291 291 443 386 334 187 10 80 153 153 80 153 386 443 475 321 321 382
443 458 246 328 328 328 328 369 167 80 487 369 239 167 167 458 153 369 80 239
321 321 382 382 443 386 334 187 10 80 153 153 80 153 334 229 53 146 334 229
