711 711 711 2997 354 2997 3751 3422 4393 3140 3118 3118 3140 3454 354 2997 2997 4836 4836 3300
4393 3140 3645 3645 3140 3645 354 2997 3300 977 977 1486 1486 1486 3751 3422 4393 3140 3454 3645
3534 3454 354 4034 3300 977 977 978 1486 1486 3751 3422 4393 3534 3454 3645 3534 3645 1576 2888
3751 3422 4393 3140 3454 3645 3140 3118 1576 2888 4574 1556 1576 2888 4013 4013 4013 4013 4013 4013
711 4034 766 3751 3422 4393 3534 3454 3118 3534 3454 354 2997 3300 977 977 1486 1486 1486 3751
1826 871 1826 1994 1511 1486 1994 1511 1618 4969 4969 4969 4969 1795 4237 1985 3118 871 1826 1663
2997 3751 2888 4393 3140 3645 3645 3140 3454 354 4034 2997 4836 4836 3300 3960 977 3960 977 1486
3751 2888 4393 3140 3645 3645 3140 3454 354 4034 2997 4836 4836 3300 3960 977 3960 977 1486 1486
4034 1511 1618 1618 1618 1618 1618 1795 1663 692 871 871 1826 1663 692 871 871 4237 692 1826
3140 3454 3118 3140 3118 354 4034 3300 3960 977 3960 977 978 1486 1486 3751 3422 4393 3140 3454
1486 1486 1486 3751 3422 4393 3534 3454 3645 4664 3409 3645 1576 2888 4574 1556 1576 2888 1663 1663
1173 1173 1173 1173 1173 1173 1486 4568 2638 1511 4034 4034 766 818 818 818 818 818 818 818
1663 1663 978 4568 1994 1511 4034 1511 1618 1618 1618 1618 1618 1795 1663 1985 3118 871 1826 1663
2888 4013 1556 4013 4013 4568 2638 1511 978 4034 1511 4969 4969 4969 4969 4969 1795 4237 1985 871
977 3960 977 978 978 978 3751 3422 4393 3140 3454 3645 3140 3454 1576 2888 4574 1556 1576 2888
711 4034 766 3751 2888 4393 3140 3645 3645 3140 3645 354 2997 3300 977 977 1486 1486 1486 3751
1511 354 2997 4032 1994 4034 1511 1618 1618 1618 1618 1618 1795 4237 1985 3454 871 1826 1663 692
977 1486 1486 1486 3751 3422 4393 3140 3454 3645 3534 4664 3645 1576 2888 4574 1556 1576 2888 1663
2638 2638 978 1511 1511 4969 4969 4969 4969 4969 1795 4237 1985 871 871 1826 4237 4237 692 871
977 711 711 4034 766 3751 2888 4393 3534 3454 3118 3534 3454 354 4034 3300 977 977 978 1486
1556 1576 2888 1663 1663 1663 4568 1994 1486 1511 4034 1511 1618 1618 1618 1618 1618 1795 4237 1985
692 1826 871 1826 1994 1511 1486 1994 1511 1618 1618 1618 1618 4969 1795 4237 1985 3118 871 1826
2888 4393 3534 3645 3645 3534 3454 1576 2888 4574 1556 1576 2888 1663 1663 1663 978 4568 1994 1511
818 818 818 818 818 818 818 818 818 4034 1985 1795 654 2750 1486 4032 1486 654 3409 978
4393 3534 3645 3645 4664 4664 3645 1576 2888 4574 1556 1576 2888 1663 1663 1663 4568 1994 978 1511
4013 1486 4568 2638 1511 766 2997 2997 1511 4969 4969 4969 4969 4969 1795 4237 1985 871 871 1826
3751 2888 4393 3534 3118 3118 3534 3118 354 2997 3300 977 977 1486 1486 1486 3751 2888 4393 3534
977 1486 1486 1486 3751 2888 4393 3534 3454 3645 4664 4664 3645 1576 2888 4574 1576 2888 4013 1556
2750 4032 1486 4032 4032 3409 654 978 1985 1795 654 2750 978 4032 978 654 654 978 818 818
3454 354 4034 3300 977 977 978 1486 1486 3751 2888 4393 3534 3454 3645 3534 3454 1576 2888 4574
1486 4969 3409 3409 1486 1795 4237 4237 1985 3118 871 1826 4237 4237 692 871 4237 4237 871 692
3454 3118 3534 3454 354 4034 3300 977 977 1486 1486 1486 3751 2888 4393 3534 3454 3645 4664 4664
978 2750 978 4969 3409 3409 1486 1795 4237 4237 1985 3118 871 1826 4237 4237 692 871 4237 4237
1486 654 654 1486 818 818 818 818 818 818 818 818 818 818 1511 4969 4969 4969 3409 4032
1663 1486 4568 1994 1511 354 2997 4032 1994 4034 1511 1618 1618 1618 1618 1618 1795 4237 1985 3454
871 1663 1663 1795 871 1826 692 692 3118 692 1511 4034 978 2638 1511 354 4034 3960 977 1994
1618 1618 1795 1663 1985 3118 871 1826 1663 1663 692 3118 1795 692 692 3118 1826 1994 1511 354
2638 1511 4034 1511 4969 4969 4969 4969 4969 1795 4237 1985 871 871 1826 4237 4237 692 3118 1795
977 711 711 4034 766 3751 3422 4393 3534 3118 3118 3534 3454 354 4034 3300 3300 977 977 978
711 711 4034 766 3751 3422 4393 3534 3118 3645 3534 3118 354 2997 3300 977 977 978 1486 1486
1994 692 3118 871 1826 1663 1663 692 3118 871 692 1826 3118 692 1994 1511 766 4034 4032 978
3409 1486 692 871 1663 1663 1795 871 1826 692 692 3118 692 1511 4034 978 2638 1511 354 4034
2997 3751 3422 4393 3140 3454 3118 3140 3118 354 4034 3300 3960 977 3960 977 978 1486 1486 3751
1994 1486 1511 4034 1511 1618 1618 1618 1618 1618 1795 4237 1985 3118 871 1826 1663 1663 692 871
1618 1618 1618 1795 4237 1985 3118 871 1826 1663 1663 692 3118 871 692 1826 871 1826 1994 1511
4568 2888 4013 1556 4013 4013 1486 4568 2638 1511 766 2997 4034 1511 4969 4969 4969 4969 4969 1795
354 4034 3300 3960 977 3960 977 978 1486 1486 3751 3422 4393 3140 3454 3645 3140 3454 1576 2888
818 818 818 818 3534 1795 3409 2750 2750 1486 1486 4032 1486 3409 3409 1486 1985 1795 654 2750
1795 871 1826 692 1826 3118 1985 1511 4034 978 1994 1511 354 4034 3960 977 1994 4032 1511 1618
354 2997 3300 977 977 1486 1486 1486 3751 2888 4393 3534 3645 3645 3534 3454 1576 2888 4574 1556
3960 977 711 711 711 711 2997 354 2997 3751 3422 4393 3140 3118 3118 3140 3454 354 2997 2997
711 711 2997 354 2997 3751 3422 4393 3140 3118 3118 3140 3454 354 2997 2997 4836 4836 3300 3960
2888 4574 1576 2888 4013 1556 4013 4013 1486 4568 2638 1511 766 2997 2997 1511 4969 4969 4969 4969
1486 4568 2638 1511 4034 4034 766 818 818 818 818 818 818 818 818 818 818 4034 3409 1795
4574 1556 1576 2888 1663 1663 1663 4568 1994 1486 1511 4034 1511 1618 1618 1618 1618 1618 1795 4237
4393 3534 3645 3118 3534 3645 354 2997 3300 977 977 978 1486 1486 3751 3422 4393 3534 3454 3118
977 978 978 3751 3422 4393 3534 3454 3118 3534 3118 1576 2888 4574 1556 1576 2888 1663 1663 1663
1618 1618 4969 4969 4969 1795 4237 1985 3118 871 1826 1663 1663 692 871 871 692 1826 871 692
692 1994 1511 978 978 1994 1511 1618 1618 1618 4969 4969 1795 4237 4013 1985 3118 977 1826 1663
3454 3118 3534 3454 354 4034 3300 977 977 978 1486 1486 3751 2888 4393 3534 3454 3645 3534 3454
3300 977 977 978 978 3751 3422 4393 3534 3454 3118 3534 3118 1576 2888 4574 1556 1576 2888 1663
2888 4574 1556 1576 2888 4013 4013 4013 1486 4568 2638 1511 4034 1511 4969 4969 4969 4969 4969 1795
977 711 711 711 4034 766 3751 2888 4393 3534 3454 3645 3534 3454 354 2997 3300 977 977 978
3645 3534 3645 1576 2888 4574 1556 1576 2888 4013 4013 4013 4013 4013 4013 1486 4568 2638 1511 4034
1576 2888 4013 4013 4013 1486 4568 2638 1511 766 1511 4969 4969 4969 4969 4969 1795 4237 1985 3454
1663 1173 1173 4568 2638 1511 1486 2997 2997 766 818 818 818 818 818 818 818 818 818 818
4034 3300 977 977 1486 1486 1486 3751 2888 4393 3534 3454 3645 4664 4664 3645 1576 2888 4574 4568
977 711 711 711 711 2997 354 2997 3751 2888 4393 3140 3645 3645 3140 3454 354 4034 2997 4836
3534 3454 3645 4664 4664 3645 1576 2888 4574 1576 2888 4013 1556 4013 4013 1486 4568 2638 1511 766
818 818 818 818 818 818 818 818 818 3409 1795 3409 2750 2750 1486 1486 2750 1486 3409 654
4013 4013 4013 1486 4568 2638 1511 766 1511 4969 4969 4969 4969 4969 1795 4237 1985 3454 871 1826
3751 3422 4393 3140 3454 3645 3534 4664 3645 1576 2888 4574 1556 1576 2888 1663 1663 1663 1486 4568
1663 1663 1663 1663 1663 1663 1486 4568 1994 1511 2997 4034 766 818 766 818 818 818 818 818
978 4568 1511 354 4034 3960 977 1994 4032 1511 1618 1618 1618 1618 1618 1795 4237 1663 1985 871
3454 354 4034 3300 977 977 978 1486 1486 3751 2888 4393 3534 3454 3645 3534 3454 1576 2888 4574
978 4568 1994 1511 4034 1511 1618 1618 1618 1618 1618 1795 4237 1985 3118 871 1826 1663 1663 692
4393 3534 3454 3645 3140 3645 1576 2888 4574 1556 1576 2888 4013 4013 4013 4013 4013 4013 1486 4568
1486 4034 766 3751 3422 4393 3534 3645 3645 4664 4664 3645 1576 2888 4574 1556 1576 2888 1663 1663
711 4034 766 3751 3422 4393 3534 3454 3118 3534 3454 354 4034 3300 977 977 1486 1486 1486 3751
977 3960 977 711 711 711 711 2997 354 2997 3751 3422 4393 3140 3454 3645 3140 3454 354 2997
977 978 1486 1486 3751 3422 4393 3534 3645 3118 3534 3118 1576 2888 4574 1556 1576 2888 1663 1663
3645 3140 3645 354 2997 3300 977 977 1486 1486 1486 3751 3422 4393 3140 3454 3645 3140 4664 3645
3300 977 977 978 1486 1486 3751 2888 4393 3534 3454 3645 3534 3454 1576 2888 4574 1556 1576 2888
818 818 818 818 818 818 818 3409 4032 3409 2750 2750 1486 1486 4032 1486 3409 654 1486 2750
1618 1795 1663 692 3118 871 1826 1663 692 871 871 4237 692 1826 871 1826 1994 1511 1486 1994
1486 3751 2888 4393 3534 3645 3645 3534 3454 1576 2888 4574 1556 1576 2888 1663 1663 1663 978 4568
1511 978 4034 1511 4969 4969 4969 4969 4969 1795 4237 1985 871 871 1826 4237 692 1795 4237 1795
1173 1173 1173 1173 1173 1486 4568 2638 1511 4034 4034 766 818 818 818 818 818 818 818 818
3454 3645 3534 3454 1576 2888 4574 1556 1576 2888 4013 4013 4013 4034 2638 2638 978 1511 1511 4969
1994 1511 1486 1994 1511 1618 1618 1618 1618 1618 1795 4237 1985 3118 871 1826 1663 1663 692 871
1486 1486 1486 3751 2888 4393 3534 3645 3645 3534 3454 1576 2888 4574 1556 1576 2888 1663 1663 1663
3454 3118 3534 3454 354 4034 3300 977 977 1486 1486 1486 3751 2888 4393 3534 3454 3645 4664 4664
354 4034 3300 3960 977 3960 977 978 1486 1486 3751 3422 4393 3140 3454 3645 3140 3454 1576 2888
2888 1173 1173 1173 1173 1556 1173 1173 4568 2638 1511 1486 4034 4034 766 818 818 818 818 818
2997 766 818 766 818 818 818 818 818 818 818 818 818 2750 4032 3409 2750 2750 4032 1486
3751 2888 4393 3534 3645 3118 3534 3454 354 2997 3300 977 977 1486 1486 1486 3751 2888 4393 3534
3534 3454 354 4034 3300 977 977 1486 1486 1486 3751 3422 4393 3534 3454 3645 4664 3409 3645 1576
4032 1486 2750 4032 3409 654 4032 1985 1795 654 2750 978 4032 978 654 654 978 818 818 818
3454 3645 3534 4664 3645 1576 2888 4574 1556 1576 2888 1663 1663 1663 1486 4568 1994 1511 354 2997
2750 978 3409 4032 4032 978 3409 2750 3409 978 654 1486 4032 978 3409 3534 978 978 4969 3534
3422 4393 3534 3454 3454 3534 3409 3645 1576 2888 4574 1576 2888 4013 4013 4013 4013 1556 4013 4013
711 711 711 711 2997 766 2997 3751 3422 4393 3140 3454 3118 3140 3118 354 4034 3300 3960 977
818 818 818 818 818 1618 1618 1618 1618 1618 1618 1795 4237 1173 2750 3118 871 1826 692 4032
3645 3534 3645 1576 2888 4574 1556 2750 2888 4013 4013 4013 1486 4568 2638 1511 4034 1511 4969 4969
2750 978 3409 4032 4032 978 3409 2750 3409 978 654 1486 4032 978 3409 3534 978 978 4969 3534
4034 766 3751 2888 4393 3534 3454 3118 3534 3454 354 4034 3300 977 977 978 1486 1486 3751 2888
354 4034 3300 977 977 1486 1486 1486 3751 3422 4393 3534 3454 3645 4664 3409 3645 1576 2888 4574
354 2997 3300 977 977 978 1486 1486 3751 2888 4393 3534 3454 3645 3534 3454 1576 2888 4574 1556
4237 871 692 1826 871 1826 1994 1511 1486 4034 1511 4969 4969 4969 4969 4969 1795 4237 1985 3118
4969 4969 1795 4237 1985 871 871 1826 4237 692 1795 4237 1795 871 1826 692 1826 871 692 1511
4568 1994 1511 766 2997 4034 1511 1618 1618 1618 1618 1618 1795 4237 1985 871 871 1826 1663 692
2888 4574 1556 1576 2888 1663 1663 1663 978 4568 1994 1511 4034 1511 1618 1618 1618 1618 1618 1795
3960 977 978 978 978 3751 3422 4393 3534 3454 3645 3140 3118 1576 2888 4574 1556 1576 2888 4013
2888 4574 1576 2888 4013 1556 4013 4013 4568 2638 1511 978 4034 1511 4969 4969 4969 4969 4969 1795
3534 3454 1576 2888 4574 1556 1576 2888 4013 4013 4013 1486 4568 2638 1511 4034 1511 4969 4969 4969
3409 2750 4032 2750 4032 3409 3409 4032 818 818 818 818 818 818 818 818 818 818 2750 4032
4969 4969 4969 4969 4969 1795 4237 1985 3454 871 1826 4237 692 3118 4237 871 1985 692 871 1826
4032 3409 654 4032 3409 1795 654 2750 978 2750 978 654 654 978 818 818 818 818 818 818
3960 977 978 978 978 3751 3422 4393 3534 3454 3645 3140 3118 1576 2888 4574 1556 1576 2888 4013
4034 4034 766 818 818 818 818 818 818 818 818 818 818 4034 2750 4032 654 2750 1486 4568
1618 1618 1618 1618 1795 4237 1985 3118 871 1826 1663 1663 692 3118 871 692 1826 871 1826 1994
4034 978 4568 1511 354 4034 3960 977 1994 4032 1511 1618 1618 1618 1618 1618 1795 4237 1663 1985
1486 1511 4034 1511 1618 1618 1618 1618 1618 1795 4237 1985 3118 871 1826 1663 1663 692 871 1795
1486 1486 3751 2888 4393 3534 3645 3118 3534 3454 1576 2888 4574 1556 1576 2888 4013 4013 4013 1486
4237 692 1826 871 1826 1994 1511 1486 1994 1511 1618 1618 1618 1618 4969 1795 4237 1985 3118 871
1663 4032 1486 654 3409 1486 692 871 1663 1663 1795 871 1826 692 692 871 692 1511 4034 978
3300 3300 977 977 978 978 4034 766 3751 3422 4393 3534 3454 3645 3534 3454 1576 2888 4574 1556
2888 4393 3534 3454 3645 3534 3454 1576 2888 4574 1556 1576 2888 1663 1663 1663 4568 1994 1486 1511
818 818 818 818 818 1618 1618 1618 1618 1618 1618 1795 4237 1173 2750 3118 871 1826 692 4032
3409 2750 1486 1663 1663 4032 1486 654 3409 1486 692 871 1663 1663 1795 871 1826 692 692 871
3751 3422 4393 3140 3454 3645 3534 4664 3645 1576 2888 4574 1556 1576 2888 1663 1663 1663 1486 4568
1173 1173 1173 1486 4568 2638 1511 4034 4034 766 818 818 818 818 818 818 818 818 818 818
4034 818 818 818 818 818 818 818 818 818 3409 1795 3409 2750 2750 4032 1486 2750 1486 3409
3454 3118 4664 4664 3645 354 4034 3300 977 977 1486 1486 1486 3751 3422 4393 3534 3645 3118 3534
818 818 818 818 818 4034 2750 4032 3409 2750 978 4568 1486 654 654 1486 818 818 818 818
3751 2888 4393 3534 3454 3118 3534 3454 354 4034 3300 977 977 978 1486 1486 3751 2888 4393 3534
2750 3409 978 654 1486 4032 978 3409 3409 1486 978 4969 3534 1795 3409 2750 978 4032 1486 3409
1663 1663 1795 871 1826 692 1826 3118 692 1511 4034 978 2638 1511 354 4034 3960 977 1994 4032
4034 766 3751 3422 4393 3140 3454 3454 3534 3409 3645 1576 2888 4574 1576 2888 4013 4013 4013 4013
818 818 818 818 818 818 818 818 818 3409 1795 3409 2750 2750 1486 1486 2750 1486 3409 654
2750 1795 654 2750 4032 4568 1486 654 654 1486 818 818 818 818 818 818 818 818 818 818
3300 977 977 978 978 4034 766 3751 3422 4393 3534 3454 3645 3534 3454 1576 2888 4574 1556 1576
1486 1486 3751 2888 4393 3534 3454 3645 3534 3454 1576 2888 4574 1556 1576 2888 1663 1663 1663 1486
4237 692 871 4237 4237 871 692 1826 871 692 1994 1511 978 1486 1994 1511 4969 4969 1618 1618
3751 2888 4393 3534 3454 3645 3534 3454 1576 2888 4574 1556 1576 2888 1663 1663 1663 4568 1994 1486
3118 3534 3454 1576 2888 4574 1556 1576 2888 4013 4013 4013 1486 4568 2638 1511 4034 1511 4969 4969
4969 4969 1795 4237 1985 871 871 1826 4237 692 871 4237 1795 1985 692 3118 1826 1994 1511 1486
818 818 818 818 818 818 818 818 1511 4969 4969 4969 3409 4032 3409 2750 1486 4032 1486 4969
3960 977 978 1486 978 3751 3422 4393 3140 3454 3645 3140 3454 1576 2888 4574 1556 1576 2888 1663
3751 3422 4393 3534 3645 3645 3534 3645 354 2997 3300 977 977 978 1486 1486 1486 4034 766 3751
354 4034 3300 977 977 1486 1486 1486 3751 3422 4393 3534 3454 3645 4664 3409 3645 1576 2888 4574
692 3118 871 1826 1663 692 3118 871 4237 692 1826 871 1826 1994 1511 1486 1994 1511 1618 1618
1663 1486 4568 1994 1511 2997 4034 766 818 766 818 818 818 818 818 818 818 818 818 3409
3534 3454 3118 3534 3454 354 4034 3300 977 977 978 1486 1486 3751 2888 4393 3534 3454 3645 3534
2888 4393 3534 3454 3645 3534 3454 1576 2888 4574 1556 1576 2888 1663 1663 1663 1486 4568 1994 1511
977 711 711 711 711 2997 354 2997 3751 3422 4393 3140 3454 3645 3140 3454 354 2997 3300 3960
711 711 711 711 2997 766 2997 3751 3422 4393 3140 3118 3118 3140 3454 354 2997 2997 4836 4836
818 818 818 818 818 818 818 818 818 818 1511 4969 4969 4969 2750 4032 3409 2750 1486 4032
711 711 2997 766 3751 3422 4393 3534 3118 3118 3534 3454 354 2997 3300 977 977 978 1486 1486
977 3960 977 711 711 711 711 2997 354 2997 3751 2888 4393 3140 3645 3645 3140 3454 354 4034
3118 4664 4664 3645 354 4034 3300 977 977 1486 1486 1486 3751 3422 4393 3534 3645 3118 3534 3118
3300 3960 977 3960 977 978 978 978 4034 766 978 3751 3422 4393 3140 3645 3645 3140 3454 1576
3118 871 1826 1985 4032 3409 2750 978 1663 1663 4032 1486 654 3409 1486 692 871 1663 1663 1795
977 3960 977 711 711 711 711 2997 354 2997 3751 3422 4393 3140 3454 3645 3140 3454 354 2997
3534 3454 3645 4664 3409 3645 1576 2888 4574 1556 1576 2888 1663 1663 1663 1486 4568 1994 1511 1511
711 711 2997 766 2997 3751 3422 4393 3140 3454 3118 3140 3118 354 4034 3300 3960 977 3960 977
4568 2638 1511 2997 4034 766 818 818 818 818 818 818 818 818 818 818 4034 2750 4032 654
2997 3300 977 977 978 1486 1486 3751 2888 4393 3534 3454 3645 3534 3454 1576 2888 4574 1556 1576
3422 4393 3140 3454 3645 3140 3454 354 2997 3300 3960 977 3960 977 978 1486 978 3751 3422 4393
1576 2888 4574 1556 1576 2888 4013 4013 4013 4034 2638 2638 978 1511 1511 4969 4969 4969 4969 4969
3454 3645 3534 3454 1576 2888 4574 1556 1576 2888 4013 4013 4013 4034 2638 2638 978 1511 1511 4969
3300 977 977 1486 1486 1486 3751 2888 4393 3534 3454 3645 4664 4664 3645 1576 2888 4574 4568 2888
3534 3118 1576 2888 4574 1556 1576 2888 1663 1663 1663 978 4568 1994 1511 4034 1511 1618 1618 1618
3751 2888 4393 3534 3454 3645 3534 3454 1576 2888 4574 1556 1576 2888 1663 1663 1663 1486 4568 1994
1576 2888 4574 1556 1576 2888 1663 1663 1663 1486 4568 1994 1511 4034 1511 1618 1618 1618 1618 1618
4568 978 3409 3409 4032 818 818 818 818 818 818 818 818 818 818 2750 4032 654 2750 978
4836 3300 3960 977 3960 977 978 978 978 4034 766 978 3751 3422 4393 3140 3645 3645 3140 3454
2888 4013 4013 4013 1486 4568 2638 1511 4034 1511 4969 4969 4969 4969 4969 1795 4237 1985 871 871
871 1826 1663 692 3118 1663 871 692 1826 871 1826 1994 1511 354 4034 1486 3300 3751 3422 4393
3534 3454 354 4034 3300 977 977 978 1486 1486 3751 3422 4393 3534 3454 3645 3534 3645 1576 2888
1994 1511 978 978 1994 1511 1618 1618 1618 1618 4969 1795 4237 4013 1985 3118 977 1826 1663 1663
1663 1663 1663 1663 1486 4568 1994 1511 2997 4034 766 818 766 818 818 818 818 818 818 818
2888 4574 1556 1576 2888 4013 4013 4013 4034 2638 2638 978 1511 1511 4969 4969 4969 4969 4969 1795
4034 1511 4969 4969 4969 4969 4969 1795 4237 1985 871 871 1826 4237 4237 692 3118 1795 692 1826
1486 1486 1486 3751 2888 4393 3534 3645 3645 3534 3454 1576 2888 4574 1556 1576 2888 1663 1663 1663
2888 4574 1556 1576 2888 4013 4013 4013 4013 4013 4013 1486 4568 2638 1511 4034 4034 766 818 818
654 654 4032 818 818 818 818 818 818 818 818 818 818 2750 4969 1618 1618 1618 1618 2750
3409 2750 4032 2750 4032 3409 3409 4032 818 818 818 818 818 818 818 818 818 818 2750 4032
3300 977 977 978 1486 978 3751 3422 4393 3534 3454 3118 3534 3454 1576 2888 4574 1556 1576 2888
2888 4574 1556 1576 2888 1663 1663 1663 1663 1663 1663 1486 4568 2638 1511 2997 4034 766 818 766
711 711 4034 766 3751 2888 4393 3534 3645 3118 3534 3454 354 2997 3300 977 977 978 1486 1486
3454 3118 3534 3454 354 4034 3300 977 977 978 1486 1486 3751 2888 4393 3534 3454 3645 3534 3454
1663 1663 1486 4568 1994 1511 1511 1618 1618 1618 1618 1618 1795 1663 1985 3118 871 1826 1663 692
818 818 818 818 818 818 818 818 818 2750 1618 1618 1618 1618 1618 2750 4237 1663 2750 4032
978 1486 1486 978 4034 766 3751 3422 4393 3140 3454 3454 3534 4664 3645 1576 2888 4574 4568 2888
2750 2888 4013 4013 4013 1486 4568 2638 1511 4034 1511 4969 4969 4969 4969 4969 1795 4237 1985 871
692 1511 4034 978 4568 1511 354 4034 3960 977 1994 4032 1511 1618 1618 1618 1618 1618 1795 4237
1826 1994 1511 1486 1994 1511 1618 1618 1618 4969 4969 1795 4237 1985 3118 871 1826 1663 1663 692
1576 2888 4574 1556 1576 2888 1663 1663 1663 4568 1994 978 1511 4034 1511 354 4034 978 1486 1994
4032 1486 3409 2750 3409 978 654 1486 4032 978 3409 3409 1486 978 4969 3534 1795 3409 2750 978
818 818 818 818 818 4034 2750 4032 3409 2750 978 4568 1486 654 654 1486 818 818 818 818
818 818 818 3534 4032 3409 2750 978 2750 4032 4032 1486 3409 2750 3409 978 654 1486 4568 978
818 818 818 4034 1985 1795 654 2750 978 2750 1486 654 3409 978 818 818 818 818 818 818
978 654 1486 4032 978 3409 3409 978 978 4969 3534 1795 3409 2750 978 4032 4032 3409 3409 978
4969 4969 4969 4969 4969 1795 4237 1985 871 871 1826 4237 692 1795 4237 1795 871 1826 692 1826
1576 2888 4574 1556 1576 2888 1663 1663 1663 1663 1663 1663 1486 4568 2638 1511 2997 4034 766 818
3409 2750 1486 1663 1663 4032 1486 654 3409 1486 692 871 1663 1663 1795 871 1826 692 692 871
1663 1663 1663 978 4568 1994 1511 766 2997 4034 1511 1618 1618 1618 1618 1618 1795 4237 1985 871
711 4034 766 3751 3422 4393 3534 3645 3118 3534 3454 354 2997 3300 977 977 978 1486 1486 3751
2888 1663 1663 1663 1486 4568 1994 1511 1511 1618 1618 1618 1618 1618 1795 1663 1985 3118 871 1826
4574 1556 1576 2888 4013 1173 1173 1173 1173 4013 1486 4568 2638 1511 4034 4034 766 818 818 818
818 818 818 818 818 1618 1618 1618 1618 1618 1618 1795 4237 1173 2750 3118 871 1826 692 4032
977 711 711 4034 766 3751 2888 4393 3534 3118 3118 3534 3454 354 2997 3300 977 977 978 1486
4969 1795 4237 1985 871 871 1826 4237 4237 692 3118 1795 692 1826 3118 1826 1994 1511 354 4034
4034 1511 1618 1618 1618 1618 1618 1795 4237 1985 3118 871 1826 1663 1663 692 871 1795 692 692
977 977 711 711 711 4034 766 3751 2888 4393 3534 3645 3118 3534 3118 354 2997 3300 977 977
1486 3751 3422 4393 3140 3454 3645 3534 3409 3645 1576 2888 4574 1556 1576 2888 1663 1663 1663 1486
711 711 4034 766 3751 2888 4393 3534 3454 3118 3534 3454 354 4034 3300 977 977 978 1486 1486
818 818 818 818 818 818 818 818 818 2750 1618 1618 1618 1618 1618 2750 4237 1663 2750 4032
2997 3300 977 977 978 1486 978 978 3751 3422 4393 3534 3454 3645 4664 4664 3454 1576 2888 4574
1618 1618 1618 1618 1795 4237 1985 3118 871 1826 1663 1663 692 871 1795 692 692 3454 692 978
3140 3454 3645 3140 3454 1576 2888 4574 1556 1576 2888 1663 1663 1663 1663 1663 1663 1486 4568 2638
2888 4574 1556 1576 2888 4013 4013 4013 1486 4568 2638 1511 4034 1511 4969 4969 4969 4969 4969 1795
978 4568 1994 1511 4034 1511 1618 1618 1618 1618 1618 1795 1663 1985 3118 871 1826 1663 1663 692
4034 766 3751 2888 4393 3534 3645 3645 3534 3645 354 2997 3300 977 977 978 1486 1486 3751 3422
711 711 711 2997 354 2997 3751 3422 4393 3140 3454 3645 3140 3454 354 2997 3300 3960 977 3960
4237 1511 1618 1618 1618 1618 1618 1795 4237 1663 1985 871 871 1826 1663 1663 692 871 1663 1663
1826 4237 4237 692 3118 4237 4237 1795 692 1826 871 692 1994 1511 978 978 4969 1511 1618 4969
1486 4568 2638 1511 766 2997 4034 1511 4969 4969 4969 4969 4969 1795 4237 1985 871 871 1826 4237
2638 1511 4034 1511 4969 4969 4969 4969 4969 1795 4237 1985 871 871 1826 4237 4237 692 3118 1795
1486 1486 1486 4034 766 3751 3422 4393 3140 3454 3454 3534 4664 3645 1576 2888 4574 4568 2888 4013
1556 1576 2888 1663 1663 1663 1663 1663 1663 1486 4568 2638 1511 2997 4034 766 818 766 818 818
1556 1576 2888 4013 4013 4013 1486 4568 2638 1511 4034 1511 4969 4969 4969 4969 4969 1795 4237 1985
711 711 711 711 2997 766 2997 3751 3422 4393 3140 3118 3118 3140 3454 354 2997 2997 4836 4836
978 1486 978 3751 3422 4393 3534 3454 3645 3534 3118 1576 2888 4574 1556 1576 2888 4013 4013 4013
1173 1173 1173 1173 1486 4568 2638 1511 4034 4034 766 818 818 818 818 818 818 818 818 818
1994 1511 978 978 1994 1511 1618 1618 1618 1618 4969 1795 4237 4013 1985 3118 977 1826 1663 1663
3454 3118 4664 4664 3645 354 4034 3300 977 977 1486 1486 1486 3751 3422 4393 3534 3645 3118 3534
1826 871 1826 1994 1511 1486 1994 1511 1618 1618 1618 1618 1618 1795 4237 1985 3118 871 1826 1663
2638 1511 2997 4034 766 818 818 818 818 818 818 818 818 818 818 4034 2750 4032 3409 2750
1486 1486 4034 766 3751 3422 4393 3534 3645 3645 4664 4664 3645 1576 2888 4574 1556 1576 2888 1663
1486 1486 1486 3751 2888 4393 3534 3645 3645 3534 3454 1576 2888 4574 1556 1576 2888 1663 1663 1663
4237 871 692 1826 871 692 1994 1511 978 978 4237 1511 4969 4969 4969 4969 4969 1795 4237 1663
1826 692 1826 3118 1985 1511 4034 978 1994 1511 354 4034 3960 977 1994 4032 1511 1618 1618 1618
1173 1556 1173 1173 4568 2638 1511 1486 2997 2997 766 818 818 818 818 818 818 818 818 818
2997 766 818 766 818 818 818 818 818 818 818 818 818 2750 4032 3409 2750 2750 4032 1486
977 711 711 711 2997 766 3751 2888 4393 3534 3645 3118 3534 3118 354 2997 3300 977 977 978
692 3118 871 1826 1663 1663 692 3118 871 692 1826 871 1826 1994 1511 978 1994 1511 1618 1618
1511 4034 1511 1618 1618 1618 1618 1618 1795 4237 1985 3118 871 1826 1663 1663 692 3118 1795 692
3751 2888 4393 3534 3454 3645 3534 3454 354 2997 3300 977 977 978 1486 1486 3751 2888 4393 3534
977 711 711 711 711 2997 354 2997 3751 3422 4393 3140 3118 3118 3140 3454 354 2997 2997 4836
818 818 818 4034 2750 1795 3409 2750 978 2750 978 3409 3409 4032 818 818 818 818 818 818
654 4032 2750 1795 654 2750 978 2750 978 654 654 978 818 818 818 818 818 818 818 818
818 818 818 818 818 4034 2750 4032 3409 2750 978 4568 1486 654 654 1486 818 818 818 818
3534 3645 3118 3534 3454 354 2997 3300 977 977 1486 1486 1486 3751 2888 4393 3534 3118 3118 3534
3118 3534 3118 354 2997 3300 977 977 1486 1486 1486 3751 2888 4393 3534 3645 3645 3534 3454 1576
711 4034 354 2997 3751 3422 4393 3140 3118 3118 3140 3454 354 2997 2997 4836 4836 3300 3960 977
354 2997 3300 977 977 978 1486 1486 3751 2888 4393 3534 3454 3645 3534 3454 1576 2888 4574 1556
2750 4032 3409 654 4032 1985 1795 654 2750 978 4032 978 654 654 978 818 818 818 818 818
4013 1486 4568 2638 1511 4034 1511 4969 4969 4969 4969 4969 1795 4237 1985 871 871 1826 4237 4237
2997 3751 2888 4393 3140 3645 3645 3140 3454 354 4034 2997 4836 4836 3300 3960 977 3960 977 1486
3960 977 3960 977 978 978 978 3751 3422 4393 3140 3454 3645 3140 3454 1576 2888 4574 1556 1576
818 818 1511 4969 4969 4969 4969 1985 4032 3409 2750 978 2750 978 4969 3409 3409 1486 1795 4237
4013 1556 4013 4013 1486 4568 2638 1511 766 2997 2997 1511 2638 4969 4969 4969 4969 1795 4237 1985
3645 3118 3534 3454 1576 2888 4574 1556 1576 2888 4013 4013 4013 1486 4568 2638 1511 4034 1511 4969
977 3960 977 1486 1486 978 4034 766 978 3751 3422 4393 3140 3645 3645 3140 3454 1576 2888 4574
818 818 818 818 818 818 818 818 818 2750 4032 654 2750 978 2750 4032 4032 1486 3409 2750
2888 4393 3140 3645 3645 3140 3454 354 4034 2997 4836 4836 3300 3960 977 3960 977 1486 1486 1486
4969 4969 4969 1795 4237 1985 871 871 1826 4237 4237 692 3118 1795 692 692 3454 692 1994 1511
2888 4574 4568 2888 4013 4013 4013 4013 1556 4013 4013 4568 2638 1511 1486 4034 4034 766 818 818
3645 3534 3454 354 4034 3300 977 977 978 978 3751 3422 4393 3534 3454 3118 3534 3118 1576 2888
654 654 1486 818 818 818 818 818 818 818 818 818 818 1511 4969 4969 4969 3409 4032 3409
4836 4836 3300 3960 977 3960 977 978 978 1486 1486 4034 766 3751 3422 4393 3140 3454 3454 3534
711 711 4034 766 3751 2888 4393 3534 3118 3118 3534 3454 354 2997 3300 977 977 1486 1486 1486
2888 4393 3534 3645 3118 3534 3454 354 2997 3300 977 977 978 1486 1486 3751 2888 4393 3534 3454
711 711 711 711 2997 354 2997 3751 2888 4393 3140 3645 3645 3140 3454 354 4034 2997 4836 4836
1618 1618 1618 1618 1618 1795 1663 1985 3118 871 1826 1663 1663 692 3118 1795 692 692 3118 1826
4568 1994 1511 4034 1511 1618 1618 1618 1618 1618 1795 1663 1985 3118 871 1826 1663 1663 692 3118
977 3960 977 711 711 711 711 2997 766 2997 3751 3422 4393 3140 3454 3118 3140 3118 354 4034
3409 2750 1486 1663 1663 4032 1486 654 3409 1486 692 871 1663 1663 1795 871 1826 692 692 871
871 692 1826 871 692 1994 1511 978 978 1994 1511 4969 4969 4969 4969 4969 1795 4237 1663 1985
4393 3534 3454 3645 3140 3645 1576 2888 4574 1556 1576 2888 4013 4013 4013 4013 4013 4013 1486 4568
4032 1618 4034 1511 1618 1618 1618 1618 1618 1795 4237 1985 3454 871 1826 1663 692 3118 1663 871
977 977 711 711 711 711 711 711 2997 766 3751 2888 4393 3534 3454 3118 3534 3454 354 4034
3534 3454 1576 2888 4574 1556 1576 2888 1663 1663 1663 4568 1994 1486 1511 4034 1511 1618 1618 1618
3454 1576 2888 4574 1556 1576 2888 4013 4013 4013 4034 2638 2638 978 1511 1511 4969 4969 4969 4969
2997 3751 3422 4393 3140 3454 3645 3140 3454 354 2997 3300 3960 977 3960 977 978 978 978 3751
3422 4393 3534 3645 3645 3534 3645 354 2997 3300 977 977 978 1486 1486 1486 4034 766 3751 3422
4034 4836 4836 3300 3960 977 3960 977 978 978 1486 1486 4034 766 3751 3422 4393 3140 3454 3454
1511 1618 1618 1618 1618 1618 1795 4237 4237 1985 3118 977 1826 1663 1663 1663 1663 692 871 871
2888 4393 3534 3454 3645 4664 4664 3645 1576 2888 4574 1576 2888 4013 1556 4013 4013 1486 4568 2638
1486 692 871 1663 1663 1795 871 1826 692 692 3118 692 1511 4034 978 2638 1511 354 4034 977
1618 1618 1618 1795 4237 1663 1985 3118 871 1826 1985 4032 3409 2750 1486 1663 1663 4032 1486 654
2750 1795 654 2750 4032 4568 1486 654 654 1486 818 818 818 818 818 818 818 818 818 818
1985 4032 3409 2750 978 4032 1486 4969 3409 3409 1486 4969 1795 4237 4237 1985 871 871 1826 4237
3645 3645 3534 3454 1576 2888 4574 1556 1576 2888 4013 4013 4013 4013 4013 4013 1486 4568 2638 1511
1618 1618 1618 1618 1618 1795 1663 1985 3118 871 692 1663 692 3118 1663 871 692 692 3454 692
4237 1985 3454 871 1826 1663 692 3118 1663 871 692 1826 871 1826 1994 1511 354 4034 1486 1994
3534 3645 3645 3534 3454 1576 2888 4574 1556 1576 2888 4013 4013 4013 1486 4568 2638 1511 4034 1511
818 818 818 1511 4969 4969 4969 1985 4032 3409 2750 1486 4032 1486 4969 3409 3409 1486 4969 1795
3300 3960 977 3960 977 978 978 978 3751 3422 4393 3140 3454 3645 3140 3454 1576 2888 4574 1556
711 711 4034 766 3751 2888 4393 3534 3454 3118 4664 4664 3118 354 4034 3300 977 977 1486 1486
2888 1663 1663 1663 1486 4568 1994 1511 1511 1618 1618 1618 1618 1618 1795 1663 1985 3118 871 1826
818 818 818 818 818 818 818 818 4034 1985 1795 654 2750 1486 4032 1486 654 3409 978 818
1511 4034 1511 1618 1618 1618 1618 1618 1795 1663 692 871 871 1826 1663 692 871 1795 4237 692
977 3960 977 711 711 711 711 2997 354 2997 3751 3422 4393 3140 3454 3645 3140 3454 354 2997
692 1511 4034 978 4568 1511 354 4034 3960 977 1994 4032 1511 1618 1618 1618 1618 1618 1795 4237
818 818 818 4034 2750 1795 654 2750 978 4568 1486 654 654 1486 818 818 818 818 818 818
4574 1556 1576 2888 1663 1663 1663 4568 1994 978 1511 4034 1511 1618 1618 1618 1618 1618 1795 1663
4034 1511 1618 1618 1618 1618 1618 1795 1663 1985 3118 871 1826 1663 1663 692 3118 1795 692 692
1618 1618 1618 1618 1795 4237 1985 3454 871 1826 1663 692 3118 1663 871 692 1826 871 1826 1994
977 977 711 711 4034 766 3751 3422 4393 3534 3454 3118 3534 3454 354 4034 3300 977 977 1486
1618 1618 1618 1618 1618 1795 1663 692 3118 871 1826 1663 692 871 871 4237 692 1826 871 1826
3645 3534 3454 1576 2888 4574 1556 1576 2888 4013 4013 4013 1486 4568 2638 1511 4034 1511 4969 4969
3422 4393 3140 3454 3118 3140 3118 354 4034 3300 3960 977 3960 977 978 1486 1486 3751 3422 4393
3454 354 2997 3300 977 977 978 1486 1486 3751 2888 4393 3534 3454 3645 3534 3454 1576 2888 4574
711 711 4034 766 3751 2888 4393 3534 3454 3645 3534 3454 354 2997 3300 977 977 978 1486 1486
1795 4237 1985 3118 871 1826 1663 1663 692 871 1795 692 692 3454 692 978 1994 1511 4032 3300
4393 3534 3454 3118 4664 4664 3645 354 4034 3300 977 977 1486 1486 1486 3751 3422 4393 3534 3645
818 818 818 818 4034 2750 1795 654 2750 978 4568 1486 654 654 1486 818 818 818 818 818
3534 3409 977 977 711 711 4034 766 3751 3422 4393 3534 3454 3118 3534 3454 354 4034 3300 977
3118 871 4237 692 1826 871 1826 1994 1511 1486 1994 1511 4969 1618 1618 1618 1618 1795 4237 1985
692 1826 871 1826 1994 1511 1486 1994 1511 4969 4969 4969 4969 4969 1795 4237 1985 3118 871 1826
766 3751 2888 4393 3534 3118 3118 3534 3118 354 2997 3300 977 977 1486 1486 1486 3751 2888 4393
4393 3534 3645 3645 3534 3454 354 4034 3300 3300 977 977 978 1486 4034 766 3751 3422 4393 3534
711 711 4034 766 3751 2888 4393 3534 3118 3118 3534 3454 354 2997 3300 977 977 1486 1486 1486
977 711 711 711 711 2997 354 2997 3751 2888 4393 3140 3645 3645 3140 3454 354 4034 2997 4836
4034 1985 4032 654 2750 978 2750 978 654 3409 978 818 818 818 818 818 818 818 818 818
1618 1618 1618 1618 1795 4237 4013 1985 3454 977 1826 4237 4013 1663 4013 692 871 871 692 1826
3454 1576 2888 4574 1556 1576 2888 4013 4013 4013 4034 2638 2638 978 1511 1511 4969 4969 4969 4969
2888 1663 1663 1663 1663 1663 1663 1486 4568 2638 1511 2997 4034 766 818 766 818 818 818 818
818 818 818 1511 1618 1618 1618 1618 1618 1795 4237 1663 1985 3118 871 1826 1985 4032 3409 2750
3534 3645 3645 4664 4664 3645 1576 2888 4574 1556 1576 2888 1663 1663 1663 4568 1994 978 1511 4034
1618 1795 4237 1985 3118 871 1826 1663 1663 692 3118 871 692 1826 871 1826 1994 1511 978 1994
4969 4969 4969 4969 1795 4237 1985 871 871 1826 4237 4237 692 3118 1795 692 692 871 1826 1994
818 818 818 818 818 4034 2750 1795 3409 2750 978 2750 978 3409 3409 4032 818 818 818 818
1826 1994 1511 1486 1994 1511 1618 1618 1618 4969 4969 1795 4237 1985 3118 871 1826 1663 1663 692
1576 2888 4574 1556 1576 2888 1663 1663 1663 1486 4568 1994 1511 354 2997 4032 1994 4034 1511 1618
3534 3454 354 4034 3300 977 977 978 978 3751 3422 4393 3534 3454 3118 3534 3118 1576 2888 4574
818 818 818 1511 4969 4969 4969 4969 1985 4032 3409 2750 978 2750 978 4969 3409 3409 1486 1795
3422 4393 3534 3645 3645 3534 3454 354 4034 3300 3300 977 977 978 1486 4034 766 3751 3422 4393
3534 3454 1576 2888 4574 1556 1576 2888 1663 1663 1663 4568 1994 1486 1511 4034 1511 1618 1618 1618
4568 1486 654 654 1486 818 818 818 818 818 818 818 818 818 818 1511 4969 4969 4969 3409
4969 3409 3409 1486 1795 4237 4237 1985 3118 871 1826 4237 4237 692 871 4237 4237 871 692 1826
2888 4393 3534 3645 3645 3534 3645 354 2997 3300 977 977 978 1486 1486 978 3751 3422 4393 3534
871 1826 1663 692 3118 1663 871 692 1826 871 1826 1994 1511 354 4034 1486 3300 3751 3422 4393
3300 3960 977 3960 977 978 978 978 3751 3422 4393 3140 3454 3645 3140 3118 1576 2888 4574 1556
1173 1173 1173 1486 4568 2638 1511 4034 4034 766 818 818 818 818 818 818 818 818 818 818
4034 3409 1795 654 2750 4032 4568 1486 654 654 1486 818 818 818 818 818 818 818 818 818
3751 3422 4393 3534 3645 3118 3534 3454 354 2997 3300 977 977 978 1486 1486 3751 3422 4393 3534
3534 3454 3645 3534 3454 1576 2888 4574 1556 1576 2888 1663 1663 1663 1486 4568 1994 1511 4034 1511
3300 977 977 978 978 4034 766 3751 3422 4393 3534 3454 3645 3534 3454 1576 2888 4574 1556 1576
977 3960 977 978 978 978 3751 3422 4393 3534 3454 3645 3140 3645 1576 2888 4574 1556 1576 2888
4393 3140 3645 3645 3140 3454 354 4034 2997 4836 4836 3300 3960 977 3960 977 1486 1486 1486 4034
711 4034 766 3751 3422 4393 3534 3645 3645 3534 3118 354 2997 3300 977 977 978 1486 1486 1486
871 1826 4237 4237 692 871 4237 4237 871 692 1826 871 692 1994 1511 978 1486 4969 1511 4969
3751 2888 4393 3534 3454 3645 3534 3454 354 4034 3300 977 977 978 1486 3751 3422 4393 3534 3454
977 711 711 4034 766 3751 3422 4393 3534 3454 3118 3534 3454 354 4034 3300 977 977 1486 1486
4034 4836 4836 3300 3960 977 3960 977 978 978 1486 1486 4034 766 3751 3422 4393 3140 3454 3454
3645 3534 3454 1576 2888 4574 1556 1576 2888 4013 4013 4013 4013 4013 4013 1486 4568 2638 1511 4034
3534 3454 3118 3534 3454 354 4034 3300 977 977 978 1486 1486 3751 2888 4393 3534 3454 3645 3534
3422 4393 3534 3454 3118 3534 3454 354 2997 3300 977 977 1486 1486 1486 3751 2888 4393 3534 3454
2888 1173 1173 1173 1173 1173 1173 1486 4568 2638 1511 4034 4034 766 818 818 818 818 818 818
3409 978 654 1486 4032 978 3409 3409 1486 978 4969 3534 1795 3409 2750 978 4032 4032 3409 3409
1663 1663 1663 978 4568 1994 1511 4034 1511 1618 1618 1618 1618 1618 1795 4237 1985 3118 871 1826
3118 871 692 1826 871 1826 1994 1511 978 1994 1511 4969 1618 4969 4969 4969 1795 4237 1985 3454
711 4034 766 3751 2888 4393 3534 3454 3645 3534 3454 354 2997 3300 977 977 978 1486 1486 3751
1985 3454 871 1826 4237 692 3118 4237 871 692 1826 871 1826 1994 1511 1486 1994 1511 4969 4969
1511 766 2997 4034 1511 1618 1618 1618 1618 1618 1795 4237 1985 871 871 1826 1663 692 3118 1663
2888 4393 3534 3454 3645 3534 3454 1576 2888 4574 1556 1576 2888 1663 1663 1663 4568 1994 1486 1511
818 818 818 818 818 818 818 818 818 818 4034 2750 4032 3409 2750 4032 4568 1486 654 654
2888 4013 4013 4013 1486 4568 2638 1511 766 1511 4969 4969 4969 4969 4969 1795 4237 1985 3454 871
3534 3454 1576 2888 4574 1556 1576 2888 1663 1663 1663 1486 4568 1994 1511 4034 1511 1618 1618 1618
978 3409 3409 4032 818 818 818 818 818 818 818 818 818 818 2750 4032 654 2750 978 2750
4969 1985 4032 3409 2750 978 4032 1486 4969 3409 3409 1486 4969 1795 4237 4237 1985 871 871 1826
977 977 978 1486 1486 3751 3422 4393 3534 3645 3118 3534 3118 1576 2888 4574 1556 1576 2888 1663
4969 3409 3409 1486 1795 4237 4237 1985 3118 871 1826 4237 4237 692 871 4237 4237 871 692 1826
977 978 1486 1486 3751 2888 4393 3534 3454 3645 3534 3454 1576 2888 4574 1556 1576 2888 1663 1663
3645 3645 3140 3645 354 2997 3300 977 977 1486 1486 1486 3751 3422 4393 3140 3454 3645 3140 4664
3409 4032 4032 1486 3409 2750 3409 978 654 1486 4032 978 3409 3534 1486 978 4969 3534 1795 3409
4393 3534 3454 3645 4664 3409 3645 1576 2888 4574 1556 1576 2888 1663 1663 1663 1486 4568 1994 1511
818 818 818 818 818 818 818 2750 1618 1618 1618 1618 1618 2750 4237 1173 2750 4032 1994 1826
692 1826 3118 1826 1994 1511 978 1994 1511 1618 1618 1618 4969 4969 1795 4237 1985 3454 871 1826
3118 692 1511 4034 978 4568 1511 354 4034 3960 977 1994 4032 1511 1618 1618 1618 1618 1618 1795
4237 3409 2750 4032 2750 4032 3409 2750 4032 818 818 818 818 818 818 818 818 818 818 2750
4568 1994 1511 4034 1511 1618 1618 1618 1618 1618 1795 1663 692 871 871 1826 1663 692 871 1795
818 818 3534 1795 3409 2750 2750 1486 978 4032 1486 3409 3409 978 1985 1795 654 2750 978 4032
1576 2888 4574 1576 2888 4013 1556 4013 4013 1486 4568 2638 1511 766 2997 2997 1511 4969 4969 4969
1486 3751 3422 4393 3140 3454 3645 3140 3118 1576 2888 4574 1556 1576 2888 4013 4013 4013 4013 4013
4664 4664 3454 1576 2888 4574 1576 2888 4013 1556 4013 4013 4568 2638 1511 978 4034 1511 4969 4969
978 978 1486 3751 3422 4393 3534 3645 3118 3534 3118 1576 2888 4574 1556 1576 2888 1663 1663 1663
1486 1486 1486 3751 3422 4393 3534 3454 3645 4664 3409 3645 1576 2888 4574 1556 1576 2888 1663 1663
4574 1556 1576 2888 1663 1663 1663 4568 1994 978 1511 4034 1511 354 4034 978 1486 1994 4034 766
3118 1826 1994 1511 978 1994 1511 1618 1618 1618 1618 4969 1795 4237 1985 3454 871 1826 1663 1663
4393 3534 3454 3645 3534 3454 1576 2888 4574 1556 1576 2888 4013 4013 4013 4034 2638 2638 978 1511
1486 3751 3422 4393 3534 3454 3118 3534 3454 1576 2888 4574 1556 1576 2888 1663 1663 1663 978 4568
978 3751 3422 4393 3534 3454 3645 4664 4664 3454 1576 2888 4574 1576 2888 4013 1556 4013 4013 4568
4013 4013 4013 1486 4568 2638 1511 766 1511 4969 4969 4969 4969 4969 1795 4237 1985 3454 871 1826
818 818 818 818 818 818 818 818 818 818 2750 4032 654 2750 978 2750 4032 4032 1486 3409
1826 3118 692 1994 1511 978 978 1994 1511 1618 4969 4969 4969 4969 1795 4237 4013 1985 3118 977
818 818 818 818 818 818 818 818 818 818 4034 1985 1795 654 2750 1486 4032 1486 654 3409
977 978 1486 978 978 3751 3422 4393 3534 3454 3645 4664 4664 3454 1576 2888 4574 1576 2888 4013
1795 871 1826 692 1826 3118 1985 1511 4034 978 1994 1511 354 4034 3960 977 1994 4032 1511 1618
4237 1985 871 871 1826 4237 4237 692 3118 1795 692 1826 3454 1826 1994 1511 766 4034 978 1994
1511 1618 1618 1618 1618 1618 1795 4237 1985 3118 871 1826 1663 1663 692 871 1795 692 692 3454
3534 3645 3118 3534 3118 1576 2888 4574 1556 1576 2888 1663 1663 1663 4568 1994 978 1511 4034 1511
711 711 711 711 2997 766 2997 3751 3422 4393 3140 3118 3118 3140 3454 354 2997 2997 4836 4836
1663 1663 1663 978 4568 1994 1511 766 2997 4034 1511 1618 1618 1618 1618 1618 1795 4237 1985 871
1486 1486 1486 3751 2888 4393 3534 3645 3645 3534 3454 1576 2888 4574 1556 1576 2888 1663 1663 1663
977 977 711 711 4034 766 3751 3422 4393 3534 3118 3118 3534 3118 354 2997 3300 977 977 978
4034 3300 977 977 1486 1486 1486 3751 2888 4393 3534 3454 3645 4664 4664 3645 1576 2888 4574 4568
711 4034 766 3751 3422 4393 3534 3454 3118 3534 3454 354 4034 3300 977 977 1486 1486 1486 3751
1511 4969 4969 4969 4969 4969 1795 4237 1985 871 871 1826 4237 4237 692 871 1795 692 692 871
766 3751 2888 4393 3534 3454 3645 3534 3454 354 4034 3300 977 977 978 1486 3751 3422 4393 3534
692 1826 871 1826 1994 1511 1486 1994 1511 1618 1618 1618 1618 4969 1795 4237 1985 3118 871 1826
4568 2638 1511 2997 4034 766 818 818 818 818 818 818 818 818 818 818 4034 2750 4032 654
3534 3118 354 2997 3300 977 977 1486 1486 1486 3751 2888 4393 3534 3645 3645 3534 3454 1576 2888
3118 692 1511 4034 978 4568 1511 354 4034 3960 977 1994 4032 1511 1618 1618 1618 1618 1618 1795
4568 1994 1511 4034 1511 1618 1618 1618 1618 1618 1795 1663 692 871 871 1826 1663 692 871 1795
4393 3534 3454 3645 4664 3409 3645 1576 2888 4574 1556 1576 2888 1663 1663 1663 1486 4568 1994 1511
1663 1663 1663 978 4568 1994 1511 4034 1511 1618 1618 1618 1618 1618 1795 1663 1985 3118 871 1826
3454 3645 4664 4664 3645 1576 2888 4574 1576 2888 4013 1556 4013 4013 1486 4568 2638 1511 766 2997
692 3118 871 1826 1663 1663 692 3118 871 692 1826 871 1826 1994 1511 978 1994 1511 1618 1618
2888 4574 1556 1576 2888 1663 1663 1663 1663 1663 1663 1486 4568 2638 1511 2997 4034 766 818 766
3751 2888 4393 3534 3645 3118 3534 3454 1576 2888 4574 1556 1576 2888 4013 4013 4013 1486 4568 2638
3960 977 711 711 711 711 2997 766 2997 3751 3422 4393 3140 3454 3118 3140 3118 354 4034 3300
1618 1795 4237 1985 3454 871 1826 1663 692 3118 1663 871 692 1826 871 1826 1994 1511 354 4034
4013 4034 2638 2638 978 1511 1511 4969 4969 4969 4969 4969 1795 4237 1985 871 871 1826 4237 4237
3118 3534 3454 354 2997 3300 977 977 978 1486 1486 3751 2888 4393 3534 3454 3645 3534 3454 1576
1618 1618 1618 1618 1795 4237 1985 3454 871 1826 1663 692 3118 1663 871 692 1826 871 1826 1994
3534 4664 3645 1576 2888 4574 1556 1576 2888 1663 1663 1663 1486 4568 1994 1511 354 2997 4032 1994
4393 3534 3645 3118 3534 3118 1576 2888 4574 1556 1576 2888 1663 1663 1663 4568 1994 978 1511 4034
2750 2888 4013 4013 4013 1486 4568 2638 1511 4034 1511 4969 4969 4969 4969 4969 1795 4237 1985 871
1173 1173 1173 1173 1486 4568 2638 1511 4034 4034 766 818 818 818 818 818 818 818 818 818
818 818 818 818 818 818 818 818 818 1511 4969 4969 4969 3409 4032 3409 2750 1486 4032 1486
3454 1576 2888 4574 1556 1576 2888 1663 1663 1663 4568 1994 1486 1511 4034 1511 1618 1618 1618 1618
977 977 1486 1486 1486 3751 3422 4393 3140 3454 3645 3534 4664 3645 1576 2888 4574 1556 1576 2888
1618 1618 1618 1795 4237 1663 1985 3118 871 1826 1985 4032 3409 2750 1486 1663 1663 4032 1486 654
4969 4969 4969 4969 4969 1795 4237 1985 871 871 1826 4237 4237 692 3118 1795 692 692 3454 1826
1486 4568 2638 1511 766 2997 4034 1511 4969 4969 4969 4969 4969 1795 4237 1985 871 871 1826 4237
1795 4237 4237 1985 3118 871 1826 4237 4237 692 3118 4237 4237 871 692 692 871 692 1994 1511
4034 2638 2638 978 1511 1511 4969 4969 4969 4969 4969 1795 4237 1985 871 871 1826 4237 4237 692
1556 1576 2888 1663 1663 1663 978 4568 1994 1511 4034 1511 1618 1618 1618 1618 1618 1795 4237 1985
4664 4664 3645 354 4034 3300 977 977 978 1486 1486 3751 3422 4393 3534 3645 3118 3534 3118 1576
1994 1511 1511 1618 1618 1618 1618 1618 1795 1663 1985 3118 871 692 1663 692 3118 1663 871 692
3534 3645 3118 3534 3454 354 2997 3300 977 977 1486 1486 1486 3751 2888 4393 3534 3118 3118 3534
1511 354 4034 3960 977 1994 4032 1511 1618 1618 1618 1618 1618 1795 4237 4237 1985 871 871 1826
978 3751 3422 4393 3534 3454 3645 4664 4664 3454 1576 2888 4574 1576 2888 4013 1556 4013 4013 4568
4032 4032 1486 3409 2750 3409 978 654 1486 4032 978 3409 3409 1486 978 4969 3534 1795 3409 2750
1663 1663 1486 4568 1994 1511 354 2997 4032 1994 4034 1511 1618 1618 1618 1618 1618 1795 4237 1985
1511 4969 4969 4969 4969 1985 4032 3409 2750 978 4032 978 4969 3409 3409 1486 1795 4237 4237 1985
818 818 818 818 818 818 818 818 818 818 4034 1985 1795 654 2750 1486 4032 1486 654 3409
1663 1486 4568 1994 1511 354 2997 4032 1994 4034 1511 1618 1618 1618 1618 1618 1795 4237 1985 3454
978 1486 1486 3751 3422 4393 3534 3454 3645 3534 3645 1576 2888 4574 1556 1576 2888 4013 4013 4013
4393 3140 3645 3645 3140 3645 354 2997 3300 977 977 1486 1486 1486 3751 3422 4393 3140 3454 3645
4393 3534 3454 3118 3534 3118 1576 2888 4574 1556 1576 2888 1663 1663 1663 978 4568 1994 1511 4034
1486 1795 4237 4237 1985 3118 871 1826 4237 4237 692 871 4237 4237 871 692 1826 871 692 1994
354 4034 3300 977 977 978 1486 1486 3751 3422 4393 3534 3454 3645 3534 3645 1576 2888 4574 1556
1618 1618 1618 1795 1663 1985 3118 871 1826 1663 1663 692 3118 871 692 1826 871 692 1994 1511
977 977 978 1486 1486 3751 2888 4393 3534 3454 3645 3534 3454 1576 2888 4574 1556 1576 2888 4013
977 711 711 711 711 2997 766 2997 3751 3422 4393 3140 3454 3118 3140 3118 354 4034 3300 3960
1618 1795 4237 1985 3118 871 1826 1663 692 3118 1663 871 692 1826 3118 692 1994 1511 4032 1994
977 977 978 1486 1486 3751 3422 4393 3534 3454 3645 3534 3645 1576 2888 4574 1556 1576 2888 4013
1486 4568 2638 1511 4034 1511 4969 4969 4969 4969 4969 1795 4237 1985 871 871 1826 4237 4237 692
4568 2888 4013 1556 4013 4013 1486 4568 2638 1511 766 2997 4034 1511 4969 4969 4969 4969 4969 1795
977 977 1486 1486 1486 3751 2888 4393 3534 3645 3118 3534 3454 1576 2888 4574 1556 1576 2888 4013
692 3118 871 1826 1663 692 3118 871 4237 692 1826 871 1826 1994 1511 1486 1994 1511 1618 1618
1576 2888 1663 1663 1663 978 4568 1994 1511 4034 1511 1618 1618 1618 1618 1618 1795 1663 1985 3118
4034 766 3751 2888 4393 3534 3454 3118 3534 3454 354 4034 3300 977 977 978 1486 1486 3751 2888
2888 4574 1556 1576 2888 1663 1663 1663 4568 1994 1486 1511 4034 1511 1618 1618 1618 1618 1618 1795
818 818 818 1511 4969 4969 4969 4969 1985 4032 3409 2750 978 2750 978 4969 3409 3409 1486 1795
4664 3454 1576 2888 4574 1576 2888 4013 1556 4013 4013 4568 2638 1511 978 4034 1511 4969 4969 4969
977 977 978 1486 1486 3751 2888 4393 3534 3454 3645 3534 3454 1576 2888 4574 1556 1576 2888 1663
1618 1795 4237 1663 1985 871 871 1826 1985 4032 3409 2750 1486 1663 1663 4032 1486 654 3409 1486
711 711 2997 354 2997 3751 3422 4393 3140 3118 3118 3140 3454 354 2997 2997 4836 4836 3300 3960
4034 3300 977 977 4032 978 1486 3751 3422 4393 3534 3645 3118 3534 3118 1576 2888 4574 1556 1576
4568 1994 1486 1511 4034 1511 1618 1618 1618 1618 1618 1795 4237 1985 3118 871 1826 1663 1663 692
1486 4568 2638 1511 766 2997 4034 1511 4969 4969 4969 4969 4969 1795 4237 1985 871 871 1826 4237
711 711 2997 766 3751 2888 4393 3534 3454 3118 3534 3454 354 4034 3300 977 977 978 1486 1486
3534 3454 3645 3534 3454 1576 2888 4574 1556 1576 2888 1663 1663 1663 4568 1994 1486 1511 4034 1511
4034 1511 4969 4969 4969 4969 4969 1795 4237 1985 3454 871 1826 4237 692 871 4237 871 692 692
2888 1663 1663 1663 978 4568 1994 1511 4034 1511 1618 1618 1618 1618 1618 1795 1663 1985 3118 871
2750 1486 1663 1663 4032 1486 654 3409 1486 692 871 1663 1663 1795 871 1826 692 692 871 692
3454 3645 3140 3454 354 2997 3300 3960 977 3960 977 978 1486 1486 3751 3422 4393 3140 3454 3645
978 1486 1486 978 4034 766 3751 3422 4393 3140 3454 3454 3534 4664 3645 1576 2888 4574 4568 2888
1511 4034 4034 766 818 818 818 818 818 818 818 818 818 818 4034 2750 1795 654 2750 1486
2997 3300 977 977 978 1486 978 3751 3422 4393 3534 3454 3118 3534 3454 1576 2888 4574 1556 1576
1576 2888 4574 1556 1576 2888 1663 1663 1663 1486 4568 1994 1511 766 2997 4034 1511 1618 1618 1618
3409 2750 1486 1663 1663 4032 1486 654 3409 1486 692 871 1663 1663 1795 871 1826 692 692 871
978 1511 1511 4969 4969 4969 4969 4969 1795 4237 1985 871 871 1826 4237 4237 692 871 1795 692
1556 1576 2888 4013 4013 4013 1486 4568 2638 1511 766 1511 4969 4969 4969 4969 4969 1795 4237 1985
1618 1618 1618 1618 1795 4237 1985 3454 871 1826 1663 692 3118 1663 871 692 1826 871 1826 1994
2997 3300 977 977 1486 1486 1486 3751 2888 4393 3534 3645 3118 3534 3454 1576 2888 4574 1556 1576
1511 766 2997 2997 1511 2638 4969 4969 4969 4969 1795 4237 1985 871 871 1826 4237 692 871 4237
818 818 818 818 818 818 3409 4032 3409 2750 978 2750 4032 4032 1486 3409 2750 3409 978 654
818 818 818 1511 4969 4969 4969 4969 1985 4032 3409 2750 978 2750 978 4969 3409 3409 1486 1795
1486 654 654 4032 818 818 818 818 818 818 818 818 818 818 2750 1618 1618 1618 1618 1618
977 977 711 711 4034 766 3751 2888 4393 3534 3118 3118 3534 3454 354 2997 3300 977 977 1486
4034 1511 1618 1618 1618 1618 1618 1795 4237 1985 3118 871 1826 1663 1663 692 871 1795 692 692
977 977 978 1486 4034 766 3751 3422 4393 3534 3454 3645 3534 3454 1576 2888 4574 1556 1576 2888
