137 151 137 149 194 244 244 423 423 194 149 149 137 137 137 151 137 151 151 151
149 149 149 194 149 149 149 457 194 149 149 149 457 423 230 149 149 149 151 457
90 90 90 90 90 248 90 90 90 90 90 423 90 90 90 90 74 74 90 90
74 74 257 257 74 194 230 194 149 230 230 230 230 457 230 149 149 149 423 230
25 248 25 25 248 457 25 248 194 194 194 423 25 25 248 248 25 248 194 137
92 92 194 194 230 92 92 74 74 74 74 74 74 74 74 74 74 74 74 194
137 457 92 257 257 244 423 92 74 74 74 74 74 74 74 74 74 194 149 92
151 151 151 151 151 151 151 151 151 151 151 151 151 137 137 137 423 423 92 92
151 457 151 151 457 137 137 151 151 137 151 137 137 137 137 151 137 149 151 151
248 90 90 248 90 90 90 90 248 74 74 74 74 74 74 74 74 74 74 92
74 74 74 74 74 74 74 74 230 194 194 194 194 194 92 92 137 137 457 457
194 194 151 151 151 137 137 151 137 151 151 137 151 137 137 137 151 137 257 257
457 151 151 457 151 151 151 151 137 137 151 137 137 137 137 137 92 151 244 244
423 248 25 248 25 248 25 25 25 25 248 248 25 248 248 25 248 25 25 248
74 74 74 74 74 74 74 457 74 74 74 194 194 194 149 230 194 194 149 149
151 151 137 151 137 137 137 151 137 151 137 151 151 151 137 137 257 257 244 244
149 92 92 92 92 74 74 74 74 74 257 257 74 244 423 74 74 74 194 149
423 423 149 257 149 149 92 92 92 92 74 74 74 74 74 74 257 257 244 423
74 74 74 74 74 92 194 230 194 149 149 230 457 230 149 149 149 194 149 149
25 248 248 25 248 25 25 248 230 25 248 457 25 25 248 248 25 25 248 194
248 25 248 25 25 25 25 248 248 25 248 25 25 248 25 25 25 248 25 25
74 74 74 74 74 74 230 149 92 137 457 137 137 457 137 457 137 137 457 151
230 194 423 194 230 230 92 92 74 74 74 74 74 74 74 74 74 194 149 149
151 151 151 137 151 151 151 137 151 137 151 137 151 151 137 151 151 137 151 151
149 92 92 194 194 230 194 230 194 92 92 92 92 92 92 90 90 74 74 90
74 74 74 74 74 74 74 74 194 230 194 149 457 194 230 194 194 149 149 194
137 151 137 137 230 194 244 244 423 423 194 194 149 149 149 149 257 257 194 194
74 74 74 257 257 74 244 423 74 74 74 194 149 149 137 457 137 137 457 137
137 151 423 25 248 248 25 248 423 423 90 90 90 423 248 90 423 248 90 90
137 137 194 230 194 244 244 423 423 194 149 149 257 257 92 137 137 137 137 137
90 90 90 90 90 90 90 90 194 194 149 149 92 92 149 149 92 92 194 194
92 92 151 151 457 457 137 151 137 151 457 457 151 151 457 457 151 151 151 151
74 74 74 230 230 230 230 230 149 230 230 194 230 149 230 149 244 423 248 25
74 194 194 194 151 457 137 137 457 137 457 137 92 149 137 457 137 137 137 137
74 74 74 74 74 74 230 194 230 149 194 230 149 149 92 92 194 194 230 92
194 194 194 230 194 194 230 194 194 74 74 230 194 194 194 194 194 149 149 149
74 74 74 74 74 74 74 457 74 74 74 194 194 194 149 230 194 194 149 149
149 151 457 137 137 457 137 457 151 137 457 151 151 137 137 137 137 137 137 137
423 257 257 151 137 137 137 137 137 151 151 137 137 151 137 137 137 137 137 92
248 25 25 25 25 248 248 25 248 25 25 248 25 25 25 248 248 25 25 248
149 149 257 257 257 257 423 423 423 423 92 92 92 92 92 92 92 257 257 244
90 90 194 230 149 149 92 92 149 149 92 92 194 194 230 194 230 194 92 92
137 137 151 137 137 137 137 151 151 151 151 137 151 137 137 248 25 248 248 25
149 149 149 194 194 137 137 137 151 151 151 151 137 137 137 137 137 137 137 151
92 149 149 149 149 149 149 457 457 423 423 230 194 149 149 230 149 149 149 457
25 248 25 25 25 248 457 25 25 248 423 25 248 248 25 248 423 194 423 194
248 25 248 25 25 25 25 248 248 25 248 25 25 248 25 25 248 457 25 248
25 25 248 25 25 25 248 25 25 25 248 194 149 149 149 423 194 230 230 230
149 92 92 92 257 257 423 423 257 92 92 92 92 92 92 92 92 92 244 92
90 423 90 90 90 248 151 151 151 151 151 151 151 151 137 151 151 151 151 151
149 25 149 244 25 248 25 248 25 25 25 25 248 248 25 248 25 25 248 25
257 149 149 92 92 92 92 74 74 74 74 257 257 244 423 74 74 74 74 74
194 149 74 74 244 25 248 25 248 230 230 25 25 25 25 248 248 25 248 194
90 90 90 248 25 248 25 90 248 90 248 90 90 248 74 74 90 248 90 90
194 230 194 230 194 92 92 92 92 74 74 74 74 90 90 90 74 74 90 90
230 230 149 149 149 194 149 149 149 457 92 230 149 149 149 457 151 194 149 149
149 149 457 194 149 149 149 457 423 230 149 149 149 151 457 457 194 149 149 149
92 92 257 230 230 257 257 149 149 149 149 257 257 423 423 423 423 92 92 92
25 248 25 248 25 25 25 25 248 248 25 248 25 25 248 25 25 248 457 25
74 74 74 74 74 74 74 74 74 74 74 74 74 74 74 74 74 74 194 194
25 25 248 25 248 25 25 25 25 248 248 25 248 25 25 248 25 25 248 25
74 194 194 194 92 137 457 137 151 92 457 151 457 137 137 457 137 137 151 151
151 151 151 151 137 151 137 151 151 151 151 137 137 137 151 137 257 257 244 244
149 149 149 457 457 423 423 230 194 149 149 149 149 149 194 457 457 151 151 194
92 92 92 92 92 92 92 92 92 92 92 92 92 92 92 92 92 92 92 92
194 194 194 25 90 248 25 248 90 423 248 248 423 248 90 90 90 248 90 248
151 230 194 149 149 149 149 149 149 194 194 194 194 194 194 194 194 457 457 423
248 90 90 248 194 194 194 194 194 194 194 194 92 92 457 92 92 92 74 74
248 92 92 92 90 90 90 423 90 423 90 90 90 90 90 90 90 423 90 423
74 74 74 74 74 74 74 74 230 194 230 149 230 230 149 92 149 92 92 194
74 74 74 74 74 74 74 74 194 194 194 194 194 194 92 92 137 137 457 457
92 74 74 74 74 74 74 74 257 257 74 244 423 74 230 194 194 137 457 137
149 149 149 92 92 457 457 151 151 230 194 149 149 149 194 149 194 457 457 194
25 248 194 194 194 194 194 194 194 194 423 423 90 90 90 90 90 90 423 90
149 149 149 194 194 92 92 149 149 149 149 149 149 457 457 423 423 194 194 149
248 25 25 248 248 25 25 25 248 248 25 248 25 25 25 25 248 248 25 248
457 151 151 457 151 151 151 151 137 137 151 137 137 137 137 137 92 151 244 244
149 151 151 151 137 137 137 151 137 151 151 151 151 137 137 137 137 257 257 244
423 230 92 92 92 92 74 74 74 74 74 74 74 257 257 244 257 74 74 92
248 25 25 25 248 248 25 248 194 423 194 194 230 194 194 230 230 92 92 74
457 151 457 151 137 457 151 151 92 151 151 137 137 137 137 137 137 137 137 137
149 149 149 25 25 248 25 248 25 25 25 25 248 248 25 248 25 149 25 248
248 25 25 248 25 25 248 248 25 248 194 423 194 194 230 194 194 230 230 92
248 25 248 25 25 25 25 248 25 25 248 25 25 248 25 25 248 248 25 248
248 248 25 25 248 248 25 248 423 194 194 194 194 194 230 194 92 92 74 74
151 137 137 137 137 137 194 244 244 423 423 194 149 149 194 194 137 137 137 137
74 257 257 74 74 74 74 74 92 194 230 194 149 149 230 457 230 149 149 149
194 149 149 92 92 230 149 230 194 230 194 149 149 230 230 149 194 194 194 149
25 25 248 92 457 25 25 248 25 25 25 248 248 25 248 194 423 194 194 194
90 423 90 90 90 90 194 194 194 194 230 194 194 194 92 92 92 92 457 457
248 90 74 74 90 248 90 25 25 248 90 90 248 74 74 90 248 90 90 248
194 194 194 423 423 90 248 25 423 248 248 230 248 90 90 90 90 25 248 90
92 92 257 230 230 257 257 149 149 149 149 257 257 423 423 423 423 92 92 92
25 248 25 25 25 248 25 25 25 248 25 25 248 194 230 230 230 92 92 74
248 248 25 25 25 248 248 25 248 25 25 248 25 25 248 248 25 248 25 25
230 149 25 25 248 194 423 230 149 194 194 194 230 92 92 74 74 74 74 74
92 194 230 230 92 92 92 423 74 74 74 74 74 74 74 74 74 74 74 244
248 25 248 248 25 25 248 25 25 248 248 25 25 25 25 248 248 25 248 25
74 74 92 74 230 74 74 74 74 194 230 194 149 194 194 194 230 194 230 149
194 230 194 149 149 149 149 149 149 194 194 92 92 230 194 194 194 149 149 149
194 194 194 244 244 423 423 194 149 149 92 151 137 137 137 137 137 137 137 151
25 248 25 423 25 248 248 25 248 248 92 244 25 248 25 92 25 248 25 25
149 149 92 457 230 194 194 194 151 137 137 137 151 230 149 230 149 457 423 457
423 423 74 194 194 194 137 457 151 137 457 137 457 137 92 149 137 457 151 137
244 423 423 194 149 149 92 151 151 151 151 137 137 137 137 137 137 137 137 151
457 92 74 74 74 74 92 74 74 74 74 74 74 74 74 194 194 194 194 230
149 149 423 423 230 230 149 149 149 149 149 149 457 457 194 230 149 149 149 149
25 248 423 194 194 194 194 194 194 230 92 92 92 423 74 74 74 74 74 74
74 74 74 74 74 74 74 74 74 74 74 74 74 74 74 194 194 194 194 194
90 90 248 90 248 90 90 248 90 248 90 90 248 74 74 90 248 90 90 248
90 90 90 90 90 90 90 90 90 149 149 92 92 149 149 92 92 194 194 230
74 74 74 74 74 74 74 423 257 257 74 74 74 230 74 194 149 194 194 194
25 248 248 25 25 248 194 194 194 194 194 194 194 194 423 423 90 248 90 423
230 194 74 74 149 149 149 149 230 194 74 74 230 194 230 230 230 149 149 149
74 74 74 74 74 74 74 74 74 74 457 74 194 194 194 194 230 230 194 194
90 423 90 90 423 90 90 90 90 90 90 90 90 90 90 90 194 194 194 194
74 74 74 74 74 74 74 92 92 74 74 74 74 74 74 194 194 74 74 149
423 423 92 92 92 92 92 92 92 257 257 244 92 92 74 74 74 74 74 74
92 151 151 457 457 137 151 137 151 457 457 151 151 457 457 137 151 137 151 457
248 423 423 194 194 194 194 194 194 194 194 423 423 90 90 90 423 90 90 423
457 137 25 137 457 137 457 137 137 244 244 248 25 248 25 25 25 25 248 248
74 74 74 74 74 74 74 74 230 194 194 194 194 194 92 92 137 137 457 457
90 90 90 90 74 74 423 248 90 90 90 74 74 90 248 90 90 248 74 74
149 92 151 151 151 151 137 151 151 151 137 137 137 137 137 151 137 137 257 257
92 194 194 194 230 74 74 74 74 74 74 74 92 74 230 74 74 74 74 194
230 257 257 149 149 149 149 257 257 423 423 423 423 92 92 92 92 92 92 257
149 149 244 244 423 423 194 194 149 149 149 149 92 92 151 137 137 151 151 151
230 149 149 149 149 149 149 149 244 25 25 25 248 25 25 25 25 248 248 25
194 194 149 149 74 74 230 194 194 194 230 194 194 230 194 194 74 74 230 194
230 230 230 230 194 230 194 149 149 149 149 149 149 194 194 149 149 149 149 149
248 248 25 248 25 25 248 25 25 248 248 25 248 248 25 25 248 25 25 248
92 92 92 92 257 257 257 244 92 92 74 74 74 74 74 74 74 74 74 74
423 248 90 90 248 90 90 90 90 248 74 74 74 74 74 74 74 74 74 74
92 92 194 194 230 194 230 230 92 92 92 92 90 248 92 92 90 90 90 248
74 74 74 74 74 74 230 230 230 149 230 230 149 149 92 92 230 230 230 92
92 149 149 92 92 194 194 230 194 230 194 92 92 92 92 90 248 25 90 90
25 25 25 248 248 25 248 25 25 25 248 25 25 25 248 248 25 25 248 25
74 74 74 74 74 74 74 74 92 92 74 74 74 74 74 74 194 194 74 74
149 149 457 457 194 194 149 149 230 149 149 149 92 92 457 457 151 92 194 194
92 92 74 74 74 74 257 257 244 257 74 74 74 74 74 230 194 194 92 137
248 25 248 25 25 248 25 25 248 230 194 25 149 149 230 194 25 248 149 149
25 248 25 248 25 25 25 25 248 248 25 248 25 25 248 25 25 248 25 25
194 194 194 194 194 230 230 92 92 74 74 74 74 74 74 74 74 74 230 149
194 25 194 248 194 74 230 230 194 149 149 25 25 248 194 423 194 149 194 230
248 25 248 25 25 25 248 248 25 25 248 248 25 25 248 25 248 25 248 25
137 151 151 151 137 151 151 151 151 151 137 151 137 151 137 151 137 151 244 244
149 230 194 194 230 149 92 149 92 194 230 230 92 92 74 74 74 74 74 74
257 257 244 257 92 92 74 74 74 74 74 74 74 74 74 74 74 74 74 74
74 74 230 194 194 149 230 230 149 149 92 92 194 230 230 92 92 74 74 74
151 151 151 92 92 149 149 137 137 137 151 137 137 137 137 151 151 137 137 151
248 25 25 248 25 25 248 92 25 25 25 248 25 25 25 248 248 25 248 194
25 25 248 25 25 248 25 25 248 248 25 248 194 423 194 194 194 194 194 230
137 151 151 137 151 137 151 137 151 137 151 151 151 137 137 230 194 244 244 423
194 230 92 257 257 92 74 74 74 74 74 74 74 74 74 74 74 74 194 149
457 151 137 151 137 137 137 137 137 137 137 137 137 137 137 137 92 149 151 194
248 25 25 248 25 25 248 25 25 248 194 149 149 149 230 230 230 230 92 92
137 137 151 137 151 151 151 137 151 137 151 137 137 230 25 248 248 25 248 423
149 457 457 137 151 137 137 457 457 151 151 137 151 137 151 137 151 137 151 137
194 194 194 194 194 194 194 457 457 457 457 194 194 149 149 230 149 149 149 423
137 137 137 137 137 137 137 137 137 137 137 137 92 149 137 194 244 244 423 244
149 149 230 230 149 149 149 92 194 149 149 149 257 257 244 25 248 25 248 25
248 25 25 25 25 25 248 25 248 25 25 25 25 248 248 25 248 25 25 248
257 257 74 74 74 74 74 74 74 74 74 457 74 74 230 74 92 149 194 194
423 25 149 149 230 194 149 149 257 257 257 25 248 25 25 248 90 248 25 25
149 149 149 149 149 194 194 92 92 149 149 149 149 149 149 457 457 423 423 230
230 230 74 74 149 149 149 149 230 194 74 74 230 194 149 149 149 149 149 149
248 25 248 194 423 194 230 230 92 92 74 74 74 74 74 74 74 74 74 230
74 74 74 74 74 74 74 74 230 149 230 194 230 230 149 149 92 230 230 92
90 90 90 90 90 90 90 90 90 74 74 423 90 90 90 90 74 74 74 74
457 230 194 149 149 149 149 149 149 194 194 194 194 151 151 194 194 194 194 423
74 74 74 194 149 423 149 149 230 149 149 149 194 149 149 149 92 244 423 248
194 230 230 149 149 149 149 230 230 230 194 149 149 149 149 149 149 457 457 194
25 149 25 25 25 25 248 248 25 248 149 149 25 25 248 25 25 25 248 25
25 25 248 25 248 25 248 25 25 25 25 248 248 25 248 248 25 248 25 25
194 194 423 25 25 248 248 25 248 194 137 137 137 137 423 194 151 137 137 137
457 25 25 25 149 25 25 248 25 248 25 25 25 25 248 248 25 248 25 25
90 90 90 423 90 194 194 230 194 149 149 149 149 92 92 92 92 194 194 230
149 457 194 194 149 149 92 457 194 194 149 151 149 457 423 457 194 194 149 149
137 151 151 151 137 137 137 151 151 151 137 151 244 244 248 25 248 25 25 25
423 423 194 149 149 194 194 151 137 137 137 151 137 137 137 137 137 137 137 137
74 74 74 74 74 74 74 74 74 194 149 92 137 457 137 137 457 137 457 151
137 137 137 151 137 457 25 257 244 244 248 25 248 25 25 25 25 248 248 25
25 248 25 25 25 248 248 25 25 194 248 92 25 25 248 248 25 248 194 423
25 248 25 25 25 25 248 248 25 248 25 25 25 248 25 25 25 25 25 248
248 25 248 230 230 149 149 25 25 25 248 149 194 149 149 149 230 230 230 230
92 151 457 92 149 151 137 457 151 457 151 151 457 137 151 137 151 137 137 151
74 74 74 92 92 74 74 74 74 74 74 194 194 74 74 149 194 194 194 230
230 194 194 194 92 92 92 92 423 248 90 90 248 90 248 25 423 248 423 248
194 149 149 194 194 149 149 457 92 194 194 149 149 457 151 194 194 149 149 423
457 151 151 151 151 137 137 137 137 137 92 194 194 151 137 137 137 137 151 151
457 151 151 151 151 457 457 151 151 151 151 151 151 151 151 137 151 137 151 137
25 25 248 25 25 25 248 25 25 25 248 248 25 25 25 248 248 25 248 25
194 194 194 194 194 194 423 423 90 90 90 423 248 248 90 248 90 90 90 90
457 457 457 457 194 194 149 194 149 194 149 194 423 423 457 151 457 457 457 457
25 248 25 25 25 25 248 248 25 248 25 25 248 25 25 248 248 25 25 248
90 90 90 149 149 92 92 149 149 92 92 194 194 230 230 230 194 92 92 92
92 92 230 194 230 230 149 149 149 149 149 149 194 230 149 149 149 149 149 149
194 230 194 92 92 257 257 92 74 74 74 74 74 74 74 74 457 74 74 74
92 230 149 149 149 149 149 257 257 257 257 423 423 423 423 92 92 92 92 92
230 230 230 92 92 257 257 457 457 92 92 74 74 74 74 74 74 74 74 74
90 194 194 230 194 194 194 92 92 92 92 74 74 74 74 90 90 90 74 74
92 25 25 25 92 92 92 92 92 92 92 25 92 92 92 92 92 92 92 25
25 25 248 248 25 248 194 423 151 137 137 137 194 194 230 194 137 137 137 137
248 248 25 248 25 25 25 25 248 25 25 248 25 25 248 25 25 248 248 25
230 92 92 74 74 74 74 257 257 74 74 74 74 74 74 74 74 230 230 194
194 423 25 248 423 90 25 90 90 92 92 194 194 194 194 230 194 423 423 149
137 137 137 194 244 244 423 423 194 149 149 194 194 137 137 137 137 151 151 151
74 74 423 90 90 90 248 74 74 90 90 74 74 90 90 248 74 74 74 74
25 25 244 25 248 25 248 25 25 25 25 248 248 25 248 25 25 248 25 92
25 25 248 25 25 25 248 248 25 25 248 25 248 25 248 25 25 25 25 248
137 457 92 149 151 137 457 151 457 151 151 457 137 151 137 137 137 137 151 137
137 137 137 137 137 137 137 151 151 151 137 137 257 257 244 244 248 25 248 25
248 25 248 423 194 194 194 194 194 230 194 92 92 74 74 74 74 74 74 74
149 194 244 244 423 423 194 149 149 151 151 151 151 137 137 137 137 137 137 137
149 92 149 149 149 149 25 25 248 25 248 25 25 25 25 248 248 25 248 25
257 257 92 151 151 137 137 151 151 151 137 137 137 137 137 151 137 151 151 244
25 25 25 25 25 248 25 248 25 25 25 25 248 248 25 248 25 25 248 25
92 149 92 92 194 230 230 92 92 74 74 74 74 74 74 74 74 74 74 74
92 92 92 92 92 25 25 92 92 92 92 92 92 92 92 92 92 92 92 92
423 230 194 194 194 194 230 230 92 92 74 74 74 74 74 74 74 74 74 194
248 194 194 149 149 149 149 149 149 423 248 423 90 90 248 25 248 194 194 149
248 25 248 25 25 25 25 248 248 25 248 25 25 248 25 25 25 248 25 25
74 74 74 74 74 194 194 194 92 137 457 137 137 92 457 137 457 137 137 457
137 137 137 151 137 92 137 137 137 137 137 194 194 194 244 423 423 423 194 149
90 423 90 90 423 90 90 90 90 90 90 90 90 423 90 194 194 194 194 194
151 151 151 151 151 151 151 151 151 151 151 151 151 151 151 151 151 151 151 151
137 137 137 92 194 194 151 151 137 151 137 151 137 149 194 244 244 423 423 194
74 74 74 74 74 74 74 257 257 244 257 74 74 92 194 92 137 457 137 137
149 149 149 25 25 248 25 248 25 25 25 25 248 248 25 248 25 149 25 248
25 248 248 25 248 423 194 423 194 230 230 92 92 74 74 74 74 74 74 74
25 248 248 25 248 25 25 248 25 25 248 25 25 248 25 25 25 248 248 25
149 149 149 149 149 149 149 149 149 149 149 244 25 248 25 248 25 25 25 25
74 90 90 90 248 90 90 248 248 74 74 90 248 74 74 90 90 248 90 90
151 457 151 151 151 137 137 137 151 137 137 137 137 137 137 137 137 137 194 244
137 137 151 137 92 137 137 137 137 137 194 194 194 244 423 423 423 194 149 149
74 74 74 74 74 74 74 230 194 194 149 194 230 149 149 92 92 194 230 230
194 194 230 194 230 194 92 92 92 92 92 92 90 90 74 74 90 90 74 74
151 151 151 151 137 137 137 137 151 151 151 137 137 151 137 137 194 244 244 423
74 74 74 74 74 74 230 149 230 194 194 230 149 149 92 230 230 92 194 230
92 151 151 457 457 151 137 137 137 457 457 137 151 92 92 149 149 457 457 137
248 74 74 90 248 90 90 248 74 74 74 74 74 74 194 194 149 149 149 149
92 194 194 194 194 149 149 423 423 149 149 257 257 90 248 90 90 90 423 90
92 194 194 230 92 92 74 74 74 74 74 74 74 74 74 74 74 74 194 194
244 244 423 423 92 194 149 149 194 194 194 151 137 137 137 137 137 137 137 137
74 25 248 25 423 248 248 74 74 90 248 90 90 90 248 90 248 90 90 248
74 74 74 74 74 194 194 74 74 194 194 194 194 149 230 74 74 194 194 194
194 194 194 257 423 194 230 230 92 92 74 74 74 74 74 74 74 74 74 194
149 257 149 92 92 92 92 74 74 74 74 257 257 244 257 74 74 74 74 74
194 194 230 194 257 423 194 230 230 92 92 74 74 74 74 74 74 74 74 74
248 25 25 25 248 248 25 248 25 25 248 230 25 248 457 25 248 194 194 194
90 90 90 423 90 423 248 90 90 248 423 423 248 248 90 248 194 194 194 194
137 151 137 137 151 151 137 137 137 151 151 244 244 423 423 194 149 149 151 151
137 137 137 137 92 149 137 194 244 244 423 423 194 149 149 423 257 257 137 137
25 248 248 25 248 194 423 151 137 137 137 194 194 194 194 137 137 137 137 423
149 194 149 149 149 92 423 457 194 149 149 149 457 194 149 151 149 149 457 194
137 151 92 92 151 137 137 137 149 149 194 194 244 423 423 423 194 149 194 194
25 248 194 149 149 149 423 194 230 230 230 92 92 74 74 257 257 74 74 74
74 74 230 74 92 149 230 230 149 230 230 149 149 149 423 194 149 149 149 457
92 74 74 74 74 257 257 244 257 74 74 74 74 74 230 194 194 92 137 457
149 151 457 137 137 457 137 457 151 151 457 151 151 151 151 137 137 137 137 137
92 92 257 257 257 244 257 92 92 74 74 74 74 74 74 74 74 74 74 74
248 25 25 25 25 248 248 25 248 25 25 248 25 25 248 248 25 248 248 25
230 230 149 149 149 149 244 25 248 25 248 149 149 25 25 25 25 248 248 25
74 74 74 74 74 74 74 74 74 74 230 194 230 194 194 194 230 194 92 92
137 137 151 151 230 194 230 149 149 194 149 194 194 194 194 194 194 194 194 194
74 74 74 74 74 74 74 74 74 74 74 74 74 194 194 92 92 194 194 137
423 92 74 74 74 74 74 74 74 74 74 230 194 194 92 137 457 137 137 457
230 149 149 149 149 149 149 230 230 149 149 149 149 149 149 244 244 248 25 248
90 90 90 90 90 90 90 90 90 92 92 194 194 149 194 230 149 92 92 194
25 25 248 248 25 248 248 25 248 25 25 248 25 25 248 248 25 25 248 25
92 230 257 149 149 257 423 423 92 92 92 92 92 244 92 92 74 74 74 74
149 149 194 194 90 423 248 194 194 90 90 90 248 90 248 90 90 90 149 149
457 151 151 457 457 151 151 151 151 457 457 151 151 137 151 137 151 151 151 137
244 423 74 74 74 194 149 149 137 457 137 137 457 137 457 137 151 457 151 151
74 90 90 90 90 248 90 90 248 248 423 248 90 90 248 90 248 90 90 90
74 74 74 74 74 74 74 74 74 74 74 74 74 74 74 74 74 74 74 74
74 74 74 423 248 90 90 248 90 90 90 90 248 74 74 74 74 74 74 74
194 194 194 194 230 230 92 92 74 74 74 74 74 74 74 74 74 194 149 149
74 74 74 74 74 74 74 74 74 74 74 230 230 74 74 149 149 149 149 230
74 74 74 74 194 194 90 248 149 149 194 194 194 230 90 90 248 90 248 90
194 194 149 149 149 149 90 423 248 90 90 90 248 90 90 90 90 90 194 194
74 230 149 149 149 230 230 230 149 149 149 194 149 149 149 244 244 248 25 248
137 137 137 423 194 230 230 92 92 74 74 74 74 74 74 74 74 74 194 194
74 74 74 74 230 149 230 194 230 230 149 92 149 92 194 230 230 92 92 74
74 74 74 74 74 74 74 230 194 194 149 149 230 230 230 149 149 194 149 149
194 423 25 25 248 248 25 248 194 137 137 137 137 423 194 151 137 137 137 137
74 74 92 194 92 151 457 137 137 457 151 457 137 137 457 137 137 137 92 194
74 74 194 149 149 230 149 149 92 92 423 230 230 230 92 92 74 74 74 74
248 25 248 194 194 194 194 194 194 194 194 423 423 90 248 90 423 248 90 423
248 25 248 25 25 25 25 248 248 25 248 25 25 248 25 25 248 457 25 248
25 248 25 25 25 25 248 248 25 248 25 25 248 25 25 25 248 248 25 25
137 137 423 194 230 230 92 92 74 74 74 74 74 74 74 74 74 194 194 230
25 248 248 25 248 25 25 248 25 25 248 25 25 25 248 25 25 25 25 248
25 25 248 248 25 248 25 25 25 25 248 25 25 248 25 25 248 25 25 248
230 149 230 230 149 149 92 92 230 230 230 92 92 74 74 74 74 74 74 74
149 25 248 90 248 25 25 248 25 25 25 248 257 257 25 248 25 25 248 423
25 25 248 248 25 248 25 25 248 25 25 25 248 25 25 25 25 248 92 25
137 457 92 257 257 244 423 92 74 74 74 74 74 74 74 74 74 194 149 92
74 194 230 194 149 230 230 149 149 92 92 230 230 230 92 92 74 74 74 74
25 248 25 25 25 25 25 248 248 25 248 25 25 248 25 25 248 25 25 25
149 149 457 457 457 457 457 457 194 194 149 149 149 149 149 194 151 151 423 423
248 25 25 248 25 25 248 25 25 248 248 25 25 25 248 248 25 248 25 25
248 248 25 248 25 25 248 25 25 248 25 25 248 248 25 25 248 25 248 25
194 149 149 230 149 149 92 92 423 230 230 230 92 92 74 74 74 74 74 74
74 90 90 90 74 74 90 90 90 423 90 248 74 74 90 90 90 90 90 90
149 423 151 151 137 137 151 151 151 151 151 137 137 137 137 137 137 137 257 257
74 74 74 74 74 74 74 74 230 194 230 149 230 230 230 149 92 92 230 230
230 230 149 149 149 230 149 149 230 149 244 25 248 25 248 230 25 25 25 25
137 137 137 137 137 137 137 257 257 244 244 248 25 248 25 230 25 25 25 248
257 423 423 92 92 92 257 257 244 257 92 92 74 74 74 74 74 74 74 74
74 74 74 74 74 74 74 74 74 74 74 457 74 194 194 194 194 194 230 194
457 151 151 92 151 137 137 137 137 137 137 137 137 137 137 137 137 137 194 194
248 25 248 457 457 257 257 151 151 423 423 230 194 149 149 149 149 149 149 151
149 149 457 194 149 149 149 457 423 230 149 149 149 151 457 457 194 149 149 149
248 25 90 90 248 25 248 194 194 149 149 149 149 149 149 90 248 90 90 90
257 149 257 423 423 92 92 257 257 244 92 92 74 74 74 74 74 74 74 74
151 151 137 151 92 92 149 149 151 151 137 137 137 151 137 137 151 151 137 151
194 230 149 149 149 149 230 92 244 25 248 25 248 25 25 25 25 248 248 25
74 74 74 230 194 194 194 149 194 194 194 194 194 194 194 194 194 194 194 149
248 423 423 25 25 25 248 248 25 230 194 149 149 149 149 149 149 25 248 90
457 25 25 25 25 248 25 248 25 25 25 25 248 248 25 248 25 25 248 25
90 248 248 74 74 423 90 90 248 248 90 90 248 90 90 248 90 248 90 90
248 25 248 25 25 248 25 25 248 248 25 248 248 25 25 248 25 25 248 248
151 151 151 151 137 137 137 137 151 151 151 137 137 137 137 151 244 244 423 244
230 149 149 149 92 230 149 149 149 257 257 244 25 248 25 248 248 25 25 25
74 74 194 149 92 137 457 151 151 457 151 457 151 137 457 137 137 92 151 151
74 92 74 74 74 74 230 149 149 230 149 149 92 92 423 230 230 230 92 92
230 423 257 149 149 92 92 92 92 74 74 74 74 257 257 244 257 74 74 74
25 248 248 25 248 25 25 248 25 25 248 25 25 248 248 25 25 248 25 248
74 74 74 74 74 74 74 74 74 74 74 74 194 149 230 194 423 194 149 149
74 74 257 257 74 74 74 74 74 92 194 230 194 149 230 194 457 230 149 149
248 248 25 248 194 194 257 90 90 90 423 90 90 248 90 90 248 90 90 90
248 25 248 25 25 248 248 25 248 194 25 25 248 248 25 248 423 194 149 149
248 90 248 90 90 248 74 74 423 248 90 90 248 74 74 90 248 90 90 248
137 151 137 151 151 137 137 137 137 257 257 244 244 248 25 248 25 25 25 25
137 151 151 151 137 137 137 137 137 151 137 151 257 257 244 244 248 25 248 25
92 25 25 25 25 25 25 92 92 92 25 25 92 248 92 92 25 92 92 25
194 149 149 230 149 92 149 92 194 230 230 92 92 74 74 74 74 74 74 74
25 25 25 25 248 248 25 248 194 194 25 25 248 25 25 248 248 25 248 194
92 74 74 74 74 74 74 90 74 74 90 90 90 90 90 90 248 90 74 74
90 248 25 248 90 90 248 74 74 74 74 74 74 90 248 74 74 90 90 248
248 25 25 248 25 25 25 248 25 25 25 248 194 149 149 149 194 230 230 149
74 74 74 74 74 74 194 194 92 92 149 149 137 137 457 457 137 137 137 151
423 92 92 92 92 92 92 257 257 257 244 92 92 74 74 74 74 74 74 74
257 257 457 457 92 92 74 74 74 74 74 74 74 74 74 74 74 74 74 74
248 25 248 457 457 257 257 151 151 423 423 230 194 149 149 149 149 149 149 151
25 25 194 248 92 230 25 248 248 25 248 194 423 194 230 194 92 92 74 74
92 92 194 194 230 92 92 74 74 74 74 74 74 74 74 74 74 74 74 194
74 74 74 74 74 74 74 74 74 230 194 194 149 194 230 194 194 194 230 230
151 151 151 137 151 137 151 151 151 137 151 137 151 137 137 137 137 137 151 137
194 244 244 423 423 92 230 149 149 257 257 151 137 137 151 137 137 137 137 137
194 151 151 137 137 137 137 137 149 194 244 244 423 423 230 149 149 137 137 151
74 74 74 74 74 74 194 230 230 194 194 230 74 230 230 194 194 149 149 194
149 149 149 457 457 194 194 149 149 149 149 149 149 457 457 423 423 151 151 230
74 74 74 74 230 194 74 74 230 194 194 194 194 194 194 194 194 194 194 194
149 149 92 92 194 194 230 194 230 194 92 92 92 92 90 248 25 90 90 90
194 194 194 194 423 423 90 90 90 423 248 90 423 248 90 90 90 90 248 90
230 230 149 149 149 194 149 149 149 92 423 457 194 149 149 149 457 194 149 151
74 74 74 194 74 149 149 194 194 194 457 230 149 149 149 92 194 149 149 149
457 151 151 457 151 151 151 151 137 137 137 137 137 92 194 194 151 151 137 151
74 74 194 194 74 74 194 230 194 194 149 149 74 74 194 194 194 194 230 194
74 74 74 194 230 194 149 230 230 149 149 92 92 230 230 230 92 92 74 74
248 248 25 248 25 25 248 194 149 149 149 230 230 230 230 92 92 257 257 74
90 90 90 248 25 248 25 90 248 90 248 90 90 248 74 74 90 248 90 90
248 25 25 248 194 230 230 230 92 92 74 74 74 74 74 257 257 74 74 74
248 25 25 25 248 25 25 25 248 25 25 25 248 25 25 25 25 25 248 248
74 74 74 74 194 194 194 92 137 457 137 137 92 457 151 457 137 137 457 137
149 230 92 230 149 149 92 92 194 230 230 92 92 92 423 74 74 74 74 74
74 74 74 74 74 74 74 74 74 194 194 194 194 230 194 230 194 149 194 92
74 74 74 74 74 257 257 92 230 149 230 194 194 194 457 194 230 149 149 194
74 74 74 74 74 74 194 194 194 194 194 194 92 92 137 137 457 457 151 151
248 248 25 248 230 25 248 230 25 248 457 25 25 248 423 25 25 248 194 149
151 151 151 151 151 137 151 137 151 151 151 137 151 137 137 257 257 244 244 90
194 230 194 149 230 230 149 149 92 92 230 230 230 92 92 74 74 74 74 74
194 244 244 423 423 194 149 149 151 151 151 151 137 137 137 137 137 137 137 137
194 92 92 257 257 92 74 74 74 74 74 74 74 74 457 74 74 74 74 194
248 90 90 248 90 90 90 90 248 74 74 74 74 74 74 74 74 74 74 74
74 248 90 74 74 90 248 90 25 90 248 90 90 248 74 74 90 248 90 90
25 248 248 25 248 194 25 25 248 248 25 248 423 194 194 194 194 194 194 194
92 257 257 244 257 92 74 74 74 74 74 74 74 74 74 194 149 92 137 92
151 151 137 151 151 151 137 151 151 151 151 151 151 151 151 151 244 244 423 244
74 74 74 74 74 90 74 74 90 90 74 74 90 90 90 90 248 248 74 74
248 25 25 248 248 25 25 248 248 25 248 423 194 230 230 194 194 230 230 92
149 149 149 149 230 230 230 194 149 149 149 149 149 149 457 457 194 194 149 149
194 230 194 194 194 149 149 92 92 149 149 230 194 230 194 230 194 149 149 149
423 248 90 90 90 90 248 90 90 90 90 90 194 194 230 194 230 194 92 92
137 137 151 137 137 151 137 137 137 137 137 92 244 244 248 25 248 25 25 25
194 149 149 149 230 194 457 194 194 149 149 149 194 457 194 149 149 149 151 423
90 90 90 90 248 74 74 74 74 74 74 194 194 230 194 194 194 149 149 194
25 25 25 25 248 25 248 248 25 25 25 248 248 25 248 248 25 248 25 25
230 25 25 248 457 25 25 248 25 25 25 248 248 25 248 423 194 194 194 194
457 151 457 151 137 457 151 151 92 151 151 151 151 137 137 137 151 137 151 151
92 92 92 92 92 92 92 92 92 92 92 92 92 92 92 92 92 92 92 92
194 194 194 194 194 194 194 194 194 457 457 423 423 457 457 137 137 151 137 151
248 90 90 248 90 90 90 90 248 74 74 74 74 74 74 194 194 194 194 194
149 149 149 149 149 194 194 92 92 149 149 149 149 149 149 457 457 423 423 230
25 248 25 248 25 25 25 25 248 248 25 248 25 25 248 25 25 248 457 25
248 25 25 248 25 25 25 248 92 25 25 25 248 230 194 149 149 257 257 149
230 230 194 230 194 149 149 149 149 149 149 194 194 149 149 149 149 149 149 244
137 151 457 151 457 137 137 457 92 257 257 244 257 92 74 74 74 74 74 74
194 194 230 149 230 230 149 92 149 92 92 194 230 230 92 92 74 74 74 74
92 151 151 151 151 137 137 137 151 151 151 151 151 137 151 149 244 244 423 244
92 74 74 74 74 74 74 74 74 74 74 74 74 74 74 74 74 74 74 74
74 74 74 74 74 74 74 74 194 149 92 137 457 92 149 137 137 457 137 457
457 457 457 423 25 248 25 248 457 457 257 257 151 92 423 423 194 194 149 149
248 25 248 25 25 248 248 25 248 248 25 25 25 248 248 25 248 25 25 25
257 90 90 90 90 90 423 90 90 90 90 194 194 194 194 230 194 194 194 92
74 74 74 74 74 230 149 149 230 194 194 230 149 149 149 194 149 149 149 244
90 248 90 90 248 90 248 90 90 90 423 248 90 90 248 74 74 90 90 90
74 74 74 74 74 74 230 149 149 230 194 194 230 149 230 149 194 149 149 149
137 151 137 151 151 151 151 151 151 151 151 137 137 137 257 257 244 244 248 25
92 149 149 151 151 137 137 137 151 151 151 151 151 137 151 137 151 137 151 149
457 457 151 151 457 457 137 151 137 151 457 457 151 151 137 151 137 151 151 151
423 90 90 423 248 90 90 90 90 90 90 90 423 90 194 194 194 194 194 194
194 92 92 149 149 137 137 457 457 137 151 137 151 457 457 137 137 457 457 151
90 90 90 90 90 423 248 90 90 90 90 248 90 90 90 90 90 194 194 194
74 257 257 92 230 149 230 230 149 230 457 230 149 149 149 194 149 149 149 457
194 149 149 230 149 92 149 92 194 230 230 92 92 74 74 74 74 74 74 74
248 25 25 25 25 248 248 25 248 25 25 248 25 25 248 25 25 25 248 149
149 149 230 194 194 230 25 90 248 25 248 90 423 248 248 90 248 90 90 90
257 257 74 194 230 194 149 230 230 230 230 457 230 149 149 149 423 230 149 149
74 74 74 74 74 194 149 92 149 137 457 137 137 457 137 457 137 137 457 151
74 74 74 74 74 74 149 149 230 244 25 248 25 248 149 149 25 25 25 25
457 151 151 457 151 151 151 137 137 137 92 137 137 137 137 137 137 137 151 151
151 151 151 151 137 137 137 151 151 137 137 423 423 92 92 244 244 248 25 248
25 248 25 248 25 25 25 25 248 248 25 248 25 25 25 248 25 25 25 248
149 92 151 457 92 149 137 137 457 151 457 137 151 457 137 151 137 151 137 137
149 149 149 230 194 457 194 194 149 149 149 194 457 194 149 149 149 151 423 457
149 149 149 257 457 194 149 149 149 457 194 149 230 149 149 151 230 194 194 457
149 149 149 149 149 194 194 92 92 149 149 149 149 149 149 457 457 423 423 230
25 248 149 149 25 25 248 25 25 25 248 25 25 25 248 25 25 248 149 149
248 25 25 25 248 137 137 137 151 25 25 25 248 248 25 248 194 423 137 137
137 457 92 149 151 137 457 151 457 151 151 457 137 151 137 137 137 137 151 137
248 25 248 25 25 25 25 248 248 25 248 25 25 25 248 149 149 25 25 248
149 257 257 151 151 151 151 151 151 151 151 137 151 137 137 137 137 137 151 137
74 74 74 74 74 74 74 74 74 194 194 194 194 194 194 92 92 137 137 457
149 149 149 230 230 230 194 149 149 149 149 149 149 457 457 194 194 149 149 149
230 194 74 74 230 194 230 194 194 194 194 194 194 194 194 194 74 74 244 244
248 25 230 25 149 248 149 248 149 25 248 25 25 248 194 230 230 230 92 92
90 90 74 74 90 90 248 74 74 74 74 74 74 74 74 74 74 74 74 74
151 151 194 194 149 149 149 149 149 149 230 194 194 194 194 194 457 457 194 194
457 25 25 248 25 248 25 25 25 25 248 248 25 248 25 25 248 25 25 248
248 194 194 194 194 230 194 230 194 92 92 257 257 92 92 74 74 74 74 74
25 25 248 423 248 90 90 248 25 25 25 248 230 194 149 149 149 149 149 149
25 25 25 25 248 25 248 25 25 25 25 248 248 25 248 25 25 248 25 25
151 137 137 137 137 257 90 248 90 423 248 90 90 90 248 248 90 90 90 90
151 151 151 151 137 137 137 137 151 151 151 151 137 137 137 137 194 244 244 423
423 90 423 90 90 90 248 151 151 151 151 151 151 151 151 137 151 151 151 151
151 151 151 151 151 151 151 151 151 151 151 151 137 137 151 137 137 137 423 423
151 137 151 151 137 151 151 151 151 151 151 151 137 194 244 244 423 423 92 149
137 137 151 137 137 137 244 244 423 423 92 194 149 149 194 194 194 137 137 151
25 248 25 248 25 25 25 25 248 248 25 248 25 25 248 25 25 25 248 25
248 25 248 248 25 25 248 25 248 25 248 25 25 25 25 248 248 25 248 25
25 25 25 25 25 244 25 248 25 248 25 25 25 25 248 248 25 248 25 25
74 74 74 74 74 74 74 230 230 194 457 149 194 74 194 230 149 149 149 194
92 74 74 74 74 74 74 74 74 74 74 74 74 194 149 230 194 423 194 149
74 74 74 74 74 74 257 257 74 74 74 74 74 92 194 230 194 149 149 194
194 194 194 194 92 92 74 74 74 74 74 74 74 74 74 74 74 457 74 194
25 25 25 25 248 248 25 248 25 25 248 25 25 248 248 25 248 248 25 25
92 149 149 92 92 194 194 230 230 230 194 92 92 92 92 90 248 92 92 90
90 90 90 90 194 194 230 194 230 194 92 92 92 92 74 74 74 74 74 74
25 25 248 248 25 248 25 25 25 25 248 25 25 248 25 25 248 25 25 248
149 248 25 25 248 248 25 25 248 194 194 194 230 92 92 74 74 74 74 74
151 151 137 151 137 151 137 137 151 151 137 151 151 151 137 151 151 151 137 151
257 244 423 74 74 74 74 74 230 194 194 92 137 457 137 137 457 149 92 151
74 74 194 149 92 137 92 457 194 194 151 151 457 137 457 137 137 457 137 151
25 25 25 149 25 25 25 248 25 248 25 25 25 25 248 248 25 248 25 25
74 74 90 90 90 423 248 74 74 74 74 74 74 74 74 74 74 194 194 194
90 90 90 90 90 90 90 90 90 194 194 149 149 92 92 149 149 92 92 194
25 25 25 25 248 25 248 248 25 25 25 248 248 25 248 248 25 248 25 25
137 151 137 151 151 151 137 151 151 151 137 151 137 151 137 151 137 137 194 194
92 92 92 92 92 92 92 92 92 92 92 92 92 92 92 92 92 92 92 92
149 230 194 149 230 457 230 149 149 149 194 149 149 149 457 194 149 149 149 457
248 25 25 248 248 25 248 194 423 194 194 230 194 194 230 230 92 92 92 74
90 248 90 90 90 248 423 423 194 194 194 194 194 194 194 194 423 423 90 90
137 457 151 457 137 137 457 137 137 137 92 194 194 151 137 137 137 137 151 137
230 230 194 230 194 230 194 149 149 149 149 149 149 194 194 92 92 149 149 149
423 90 90 90 90 90 90 90 90 423 90 194 194 149 194 92 92 149 149 92
194 194 230 194 194 230 230 92 92 92 423 74 74 74 74 74 74 74 74 74
25 248 25 248 25 25 25 25 248 248 25 248 25 25 248 25 25 25 248 25
74 74 74 74 74 74 74 194 230 149 194 194 230 230 194 194 230 230 149 457
25 25 25 25 248 248 25 248 25 25 248 25 25 248 248 25 248 248 25 25
90 248 92 92 90 90 90 248 90 90 90 423 90 90 248 90 90 90 74 74
149 149 92 92 194 230 230 92 92 74 74 74 74 74 74 74 74 244 423 248
149 149 149 194 194 137 137 137 151 151 151 151 137 137 137 137 137 137 137 151
137 151 151 151 151 137 137 137 151 137 151 151 151 137 257 257 423 92 244 244
248 25 25 25 248 248 25 248 25 25 248 25 25 248 248 25 248 248 25 25
74 90 90 74 74 90 90 248 74 74 74 74 74 74 74 74 74 74 74 74
90 90 90 90 90 90 90 90 90 74 74 423 90 90 90 90 74 74 90 90
74 74 74 74 74 74 74 74 74 74 74 74 230 194 194 194 194 194 92 92
92 74 74 74 74 257 257 74 74 74 74 74 74 74 74 230 230 194 457 149
137 457 151 151 457 151 151 92 151 151 151 151 137 137 137 151 137 137 151 151
74 74 74 74 74 74 74 74 74 74 74 74 74 194 194 92 92 137 137 457
230 194 149 149 149 149 149 149 194 194 230 194 230 230 149 230 457 457 194 194
74 74 74 74 90 90 248 25 248 90 423 248 74 74 90 248 25 90 248 25
90 194 194 230 194 149 149 149 149 92 92 92 92 194 194 230 230 194 230 92
248 25 25 248 25 25 248 25 25 248 194 230 230 230 92 92 74 74 74 74
74 74 74 74 74 74 74 230 194 230 194 194 194 230 194 92 92 230 149 230
74 74 74 74 74 74 74 74 74 74 194 194 194 194 194 194 92 92 137 137
149 230 92 257 92 92 257 423 257 257 92 92 92 92 92 92 92 92 92 244
