429 134 72 112 407 87 264 410 296 320 304 322 407 320 160 429 397 72 134 72
417 112 407 264 264 410 296 320 160 322 407 87 160 429 397 417 134 417 112 407
456 417 134 417 112 407 320 264 410 296 320 37 322 407 87 160 429 456 417 112
37 417 112 296 422 304 417 397 417 112 407 264 304 322 407 422 160 429 456 417
186 422 37 429 456 417 134 417 112 407 320 264 410 296 320 37 322 407 87 160
160 429 456 417 134 417 415 417 373 142 134 417 112 407 87 264 410 296 320 160
142 134 72 112 186 87 264 410 296 320 304 322 407 320 160 429 397 72 134 72
72 415 72 373 142 134 72 112 407 87 264 410 296 320 304 322 407 320 160 429
134 72 112 407 87 264 410 296 320 160 322 407 87 160 429 397 72 134 72 112
417 397 417 112 407 87 304 322 186 422 160 429 456 417 134 417 415 417 373 142
417 112 186 422 37 429 456 417 134 417 112 407 320 264 410 296 320 37 322 407
87 264 410 296 320 160 322 407 87 160 429 397 72 134 72 112 407 87 304 429
87 160 429 397 417 134 417 112 407 87 304 429 373 142 112 296 87 160 322 373
87 264 410 296 320 160 322 407 87 160 429 397 72 134 72 112 407 87 304 429
422 304 429 112 296 320 304 417 264 417 112 407 87 304 322 186 422 160 429 456
112 296 87 304 417 397 417 112 407 264 304 322 407 422 160 429 456 417 134 417
373 415 72 134 72 112 407 87 264 410 296 320 304 322 407 320 160 429 397 72
373 142 415 417 134 417 112 407 87 264 410 296 320 304 322 407 320 160 429 397
186 422 37 429 456 417 134 417 112 407 320 264 410 296 320 37 322 407 87 160
429 134 72 373 142 415 72 134 429 134 72 112 186 422 264 410 296 320 304 322
429 397 417 112 407 422 160 429 456 417 397 417 112 407 422 304 429 112 296 422
264 410 296 320 304 322 407 320 160 429 397 72 134 72 112 407 87 304 429 112
264 37 429 397 417 112 296 87 160 429 104 417 264 417 112 407 422 304 429 112
320 264 410 296 320 37 322 407 87 160 429 456 417 112 407 264 37 429 456 417
112 296 87 160 417 134 417 373 142 134 417 112 407 264 264 410 296 320 160 322
112 407 422 304 429 112 296 87 304 417 397 417 112 407 87 304 322 407 422 160
87 160 429 456 417 112 296 87 397 429 37 417 112 296 422 304 417 397 417 112
429 37 417 112 296 422 304 417 397 417 112 407 264 304 322 407 422 160 429 456
296 320 304 322 407 87 160 429 456 417 112 407 320 37 429 456 417 112 296 422
134 417 112 186 422 264 410 296 320 304 322 407 320 160 429 397 417 134 417 112
429 373 142 134 72 112 186 87 264 410 296 320 304 322 407 320 160 429 397 72
407 320 160 429 397 417 134 417 112 407 320 304 429 112 296 87 160 322 373 142
320 160 322 407 87 160 429 397 417 134 417 112 407 87 304 429 112 296 87 160
417 397 417 112 407 87 304 322 186 422 160 429 456 417 134 417 373 142 415 417
407 320 37 429 397 417 112 407 422 160 429 456 417 397 417 112 407 422 304 429
417 134 417 373 142 134 417 112 407 87 264 410 296 320 304 322 407 320 160 429
296 320 160 322 407 87 160 429 456 417 112 407 320 37 429 456 417 112 407 422
264 410 296 320 304 322 407 87 160 429 415 417 112 407 320 37 429 456 417 112
112 407 422 160 415 417 417 397 417 112 407 422 304 429 112 407 87 160 417 264
429 456 417 112 296 422 456 37 417 417 397 417 112 407 422 304 429 112 296 320
160 429 397 417 112 407 320 37 429 456 417 112 407 422 160 415 417 417 397 417
417 373 142 134 417 112 407 264 264 410 296 320 160 322 407 87 160 429 397 417
134 417 112 407 87 264 410 296 320 160 322 407 87 160 429 397 417 134 417 112
397 417 112 407 87 304 322 186 422 160 429 456 417 134 417 415 417 373 142 134
37 429 456 417 134 417 112 407 320 264 410 296 320 37 322 407 87 160 429 456
417 112 407 320 264 410 296 320 37 322 407 87 160 429 456 417 112 407 264 37
417 112 296 320 160 322 407 87 160 429 415 417 112 407 320 37 429 456 417 112
134 417 112 407 87 264 410 296 320 160 322 407 87 160 429 397 417 134 417 112
429 456 417 134 417 415 417 373 142 134 417 112 407 87 264 410 296 320 160 322
134 417 415 417 373 142 134 417 112 407 87 264 410 296 320 160 322 407 87 160
264 417 112 407 422 304 429 112 296 87 304 417 397 417 112 407 87 304 322 407
112 296 422 304 417 397 417 112 407 264 304 322 407 422 160 429 456 417 134 417
160 429 397 417 134 417 112 407 320 304 429 373 142 112 296 87 160 322 373 142
142 134 417 415 417 134 417 373 142 415 417 134 417 112 186 422 264 410 296 320
407 264 304 322 407 422 160 429 456 417 134 417 373 142 415 417 134 417 112 407
112 407 264 304 322 407 422 160 429 456 417 134 417 373 142 415 417 134 417 112
417 417 322 296 422 160 429 456 417 397 417 112 296 87 304 429 112 296 87 304
142 415 417 134 417 112 186 422 264 410 296 320 160 322 407 87 160 429 397 417
72 134 72 134 72 112 186 422 264 410 296 320 304 322 407 320 160 429 397 72
417 134 417 112 407 320 304 429 112 296 87 160 322 373 142 112 296 264 160 322
72 134 72 112 407 320 304 429 112 296 186 415 322 373 142 112 296 422 160 322
397 417 112 407 264 304 322 407 422 160 429 456 417 134 417 373 142 415 417 134
160 429 456 417 134 417 373 142 415 417 134 417 112 407 87 264 410 296 320 304
407 87 264 410 296 320 304 322 407 320 160 429 397 417 134 417 112 407 87 304
112 407 87 37 397 417 417 112 296 422 160 429 415 417 397 417 112 296 87 304
160 322 407 87 160 429 456 417 112 407 320 37 429 456 417 112 407 422 160 112
407 87 160 429 456 417 112 407 264 37 429 456 417 112 296 87 160 429 104 417
112 186 422 264 410 296 320 304 322 407 320 160 429 397 417 134 417 112 407 320
417 112 407 264 304 322 186 422 160 429 456 417 134 417 112 296 87 160 417 134
422 160 429 456 417 264 417 112 296 87 304 429 112 296 422 160 417 397 417 112
87 264 410 296 320 304 322 407 320 160 429 397 72 134 72 112 407 320 304 429
134 417 112 186 422 264 410 296 320 304 322 407 320 160 429 397 417 134 417 112
415 417 112 407 320 37 429 397 417 112 407 422 160 429 415 417 397 417 112 407
296 320 37 322 407 87 160 429 456 417 112 407 264 37 429 397 417 112 296 87
322 296 320 160 322 407 87 160 429 397 72 134 72 112 407 320 304 429 112 296
322 407 422 160 429 456 417 134 417 373 142 415 417 134 417 112 186 422 264 410
320 304 322 407 320 160 429 397 417 134 417 112 407 320 304 429 373 142 112 296
417 112 296 87 304 429 112 296 422 160 417 397 417 112 407 264 304 322 186 422
134 417 112 407 264 264 322 296 264 304 322 407 320 160 429 397 417 134 417 112
112 296 87 160 417 134 417 373 142 134 417 112 407 264 264 410 296 320 160 322
87 304 429 112 296 422 160 417 397 417 112 407 264 304 322 186 422 160 429 456
429 373 142 134 417 112 296 87 160 417 134 417 373 142 134 417 112 407 87 264
296 320 160 322 407 87 160 429 456 417 112 407 320 37 429 397 417 112 407 422
415 417 373 142 134 417 415 417 134 417 373 142 415 417 134 417 112 186 422 264
87 264 322 296 320 160 322 407 87 160 429 397 72 134 72 112 407 320 304 429
320 37 429 104 417 112 296 87 160 429 456 417 112 296 87 456 429 37 417 112
112 296 320 160 322 407 87 160 429 456 417 112 407 320 37 429 456 417 112 407
322 407 87 160 429 415 417 112 407 320 37 429 456 417 112 296 422 456 37 417
112 296 87 304 417 397 417 112 407 87 304 322 407 422 160 429 456 417 134 417
186 422 264 410 296 320 304 322 407 320 160 429 397 72 134 72 112 407 320 304
415 417 112 186 422 37 429 456 417 134 417 112 407 320 264 410 296 320 37 322
296 87 304 417 397 417 112 407 264 304 322 407 422 160 429 456 417 134 417 373
417 112 186 422 264 410 296 320 304 322 407 320 160 429 397 417 134 417 112 407
160 429 456 417 134 417 373 142 415 417 134 417 112 186 422 264 410 296 320 304
112 296 422 304 417 397 417 112 407 264 304 322 407 422 160 429 456 417 134 417
322 407 320 160 429 397 72 134 72 112 407 87 304 429 112 296 320 160 322 373
186 422 37 429 456 417 134 417 112 407 320 264 410 296 320 37 322 407 87 160
72 134 72 112 407 320 264 410 296 320 160 322 407 87 160 429 397 72 134 72
142 134 417 112 407 87 264 410 296 320 160 322 407 87 160 429 397 417 134 417
304 322 407 320 160 429 397 417 134 417 112 407 320 304 429 112 296 87 160 322
296 87 160 417 134 417 373 142 134 417 112 407 87 264 410 296 320 304 322 407
322 407 87 160 429 397 417 134 417 112 407 87 304 429 373 142 112 296 87 160
112 296 87 304 417 397 417 112 407 87 304 322 407 422 160 429 456 417 134 417
320 160 429 397 417 134 417 112 407 320 304 429 112 296 87 160 322 373 142 112
112 296 87 160 417 134 417 112 296 264 264 417 112 296 320 160 322 407 87 160
37 417 417 397 417 112 407 422 304 429 112 296 320 304 417 264 417 112 407 87
264 410 296 320 304 322 407 320 160 429 397 417 134 417 112 407 320 304 429 373
134 417 373 142 134 417 112 407 87 264 410 296 320 304 322 407 320 160 429 397
304 322 186 422 160 429 456 417 134 417 112 296 87 160 417 134 417 373 142 134
296 320 160 322 407 422 160 429 415 417 112 407 320 37 429 104 417 112 296 87
112 407 422 304 429 112 296 320 304 417 264 417 112 407 87 304 322 186 422 160
422 304 417 397 417 112 407 264 304 322 407 422 160 429 456 417 134 417 373 142
112 407 87 264 410 296 320 304 322 407 320 160 429 397 417 134 417 112 407 320
160 429 415 417 112 407 320 37 429 104 417 112 296 87 160 429 456 417 112 296
322 407 87 160 429 415 417 112 407 87 37 397 417 417 112 296 422 160 429 456
422 160 429 415 417 112 407 320 37 429 104 417 112 296 87 160 429 456 417 112
296 320 160 322 407 87 160 429 397 417 134 417 112 407 87 304 429 112 296 87
264 410 296 320 160 322 407 87 160 429 397 417 134 417 112 407 87 304 429 112
417 134 417 112 407 87 264 410 296 320 304 322 407 320 160 429 397 417 134 417
415 417 112 186 422 37 429 456 322 112 296 87 160 417 134 417 112 296 264 264
407 87 160 429 397 72 134 72 112 407 320 304 429 112 296 186 264 322 373 142
429 415 417 112 407 320 37 429 397 417 112 407 422 160 429 415 417 397 417 112
320 160 429 397 417 134 417 112 407 320 304 429 373 142 112 296 87 160 322 373
407 87 264 410 296 320 304 322 407 320 160 429 397 72 134 72 112 407 87 304
264 410 296 320 160 322 407 87 160 429 397 72 134 72 112 407 87 304 429 373
373 142 415 72 134 429 134 72 112 186 422 264 410 296 320 304 322 407 320 160
87 304 322 407 87 160 429 456 417 112 407 320 37 429 397 417 112 296 422 160
397 417 112 407 264 304 322 407 422 160 429 456 417 134 417 373 142 415 417 134
320 264 410 296 320 37 322 407 87 160 429 456 417 112 407 264 37 429 456 417
87 264 410 296 320 160 322 407 87 160 429 397 72 134 72 112 407 87 304 429
112 407 264 264 410 296 320 160 322 407 87 160 429 397 417 134 417 112 407 87
112 407 422 304 429 112 407 87 160 417 264 417 112 407 87 304 322 186 422 160
422 160 429 456 417 134 417 112 296 87 160 417 134 417 373 142 134 417 112 407
407 320 160 429 397 72 134 72 112 407 87 304 429 112 296 320 160 322 373 142
417 373 142 134 417 112 407 87 264 410 296 320 304 322 407 320 160 429 397 417
417 112 407 87 304 322 186 422 160 429 456 417 134 417 373 142 415 417 134 417
410 296 320 160 322 407 87 160 429 397 417 134 417 112 407 87 304 429 112 296
186 422 37 429 456 417 134 417 112 407 320 264 410 296 320 37 322 407 87 160
417 112 296 87 160 429 456 417 112 296 87 397 429 37 417 112 296 422 304 417
429 112 407 87 160 417 264 417 112 407 87 304 322 186 422 160 429 456 417 134
429 456 417 134 417 112 407 320 264 410 296 320 37 322 407 87 160 429 456 417
415 417 373 142 134 417 415 417 134 417 373 142 415 417 134 417 112 186 422 264
407 264 264 322 296 264 304 322 407 320 160 429 397 417 134 417 112 407 87 304
415 417 264 417 322 296 87 304 429 112 296 422 160 417 397 417 112 407 264 304
37 429 397 417 112 407 422 160 429 456 417 397 417 112 407 422 304 429 112 296
422 160 429 456 417 134 417 415 417 373 142 134 417 112 407 87 264 410 296 320
87 304 322 407 87 160 429 456 417 112 407 320 37 429 397 417 112 296 422 160
417 112 407 264 264 322 296 264 304 322 407 320 160 429 397 417 134 417 112 407
456 417 134 417 373 142 415 417 134 417 112 186 422 264 410 296 320 304 322 407
456 417 134 417 112 407 320 264 410 296 320 37 322 407 87 160 429 456 417 112
407 320 37 429 456 417 112 407 422 160 415 417 417 397 417 112 407 422 304 429
134 72 322 296 422 160 72 134 72 134 72 112 407 320 264 410 296 320 160 322
112 264 456 429 456 417 415 417 112 186 422 37 429 456 322 112 296 87 160 417
112 296 320 160 322 407 87 160 429 456 417 112 407 320 37 429 456 417 112 407
407 87 264 410 296 320 160 322 407 87 160 429 397 417 134 417 112 407 87 304
415 417 134 417 112 186 422 264 410 296 320 304 322 407 320 160 429 397 417 134
417 112 407 87 264 410 296 320 160 322 407 87 160 429 397 417 134 417 112 407
72 112 186 422 264 410 296 320 304 322 407 320 160 429 397 72 134 72 112 407
422 160 429 456 417 134 417 373 142 415 417 134 417 112 407 87 264 410 296 320
322 407 87 160 429 397 417 134 417 112 407 87 304 429 373 142 112 296 87 160
304 429 112 296 422 160 417 397 417 112 407 264 304 322 186 422 160 429 456 417
417 112 407 422 304 429 112 296 422 304 417 397 417 112 407 264 304 322 407 422
296 87 304 429 112 296 87 304 417 397 417 112 407 264 304 322 407 422 160 429
410 296 320 304 322 407 320 160 429 397 417 134 417 112 407 320 304 429 373 142
304 429 112 296 422 160 417 397 417 112 407 264 304 322 186 422 160 429 456 417
72 134 72 134 72 112 186 422 264 410 296 320 304 322 407 320 160 429 397 72
320 160 429 397 417 134 417 112 407 320 304 429 373 142 112 296 87 160 322 373
417 112 407 264 304 322 407 422 160 429 456 417 134 417 373 142 415 417 134 417
142 134 72 112 186 87 264 410 296 320 304 322 407 320 160 429 397 72 134 72
373 142 415 417 134 417 112 407 87 264 410 296 320 304 322 407 320 160 429 397
429 415 417 397 417 112 407 422 304 429 112 296 422 304 417 397 417 112 407 264
456 417 134 417 373 142 415 417 134 417 112 407 87 264 410 296 320 304 322 407
417 373 142 134 417 112 407 87 264 410 296 320 160 322 407 87 160 429 397 417
304 429 112 407 87 160 417 264 417 112 407 87 304 322 186 422 160 429 456 417
296 320 160 322 407 87 160 429 456 417 112 407 320 37 429 397 417 112 407 422
429 373 142 134 72 112 186 87 264 410 296 320 160 322 407 87 160 429 397 72
296 320 37 322 407 87 160 429 456 417 112 407 264 37 429 397 417 112 296 87
304 322 186 422 160 429 456 417 134 417 415 417 373 142 134 417 112 407 87 264
429 373 142 134 72 112 186 87 264 410 296 320 160 322 407 87 160 429 397 72
134 72 322 296 422 160 72 134 72 134 72 112 407 320 264 410 296 320 160 322
87 160 429 415 417 112 407 320 37 429 456 417 112 407 422 160 320 417 417 397
415 72 134 72 112 407 87 264 410 296 320 304 322 407 320 160 429 397 72 134
134 417 112 186 422 264 410 296 320 304 322 407 320 160 429 397 417 134 417 112
417 264 417 112 407 422 304 429 112 296 87 304 417 397 417 112 407 87 304 322
407 422 304 429 112 296 320 304 417 264 417 112 407 87 304 322 186 422 160 429
407 87 264 410 296 320 160 322 407 87 160 429 397 417 134 417 112 407 87 304
134 417 112 407 320 264 410 296 320 37 322 407 87 160 429 456 417 112 407 264
422 304 429 112 296 422 304 417 397 417 112 407 264 304 322 407 422 160 429 456
397 417 112 407 264 304 322 407 422 160 429 456 417 134 417 373 142 415 417 134
417 134 417 112 296 264 456 417 112 296 320 160 322 407 87 160 429 415 417 112
87 37 397 417 417 112 296 422 160 429 456 417 397 417 112 296 87 304 429 112
320 160 322 407 87 160 429 397 417 134 417 112 407 87 304 429 112 296 87 160
456 417 397 417 322 296 87 304 429 112 296 87 304 417 397 417 112 407 264 304
417 134 417 112 407 87 264 410 296 320 304 322 407 320 160 429 397 417 134 417
373 142 415 417 134 417 112 186 422 264 410 296 320 160 322 407 87 160 429 397
87 264 410 296 320 304 322 407 320 160 429 397 72 134 72 112 407 320 304 429
417 112 186 422 37 429 456 417 134 417 112 407 320 264 410 296 320 37 322 407
142 134 72 112 407 87 264 410 296 320 304 322 407 320 160 429 397 72 134 72
296 422 160 429 456 417 397 417 112 296 87 304 429 112 296 87 304 417 397 417
112 186 422 264 410 296 320 304 322 407 320 160 429 397 72 134 72 112 407 320
134 417 415 417 134 417 373 142 415 417 134 417 112 186 422 264 410 296 320 160
112 296 422 304 417 397 417 112 407 264 304 322 407 422 160 429 456 417 134 417
429 104 417 112 296 87 160 429 456 417 112 296 87 397 429 37 417 112 296 422
72 134 72 112 186 87 264 410 296 320 160 322 407 87 160 429 397 72 134 72
415 72 373 142 134 72 112 407 87 264 410 296 320 304 322 407 320 160 429 397
407 264 304 322 407 422 160 429 456 417 134 417 373 142 415 417 134 417 112 407
417 134 417 373 142 415 417 134 417 112 407 87 264 410 296 320 304 322 407 320
322 407 87 160 429 415 417 112 407 320 37 429 397 417 112 407 422 160 429 456
320 304 322 407 320 160 429 397 72 134 72 112 407 87 304 429 112 296 320 160
134 417 112 407 87 264 410 296 320 160 322 407 87 160 429 397 417 134 417 112
417 134 417 112 407 320 304 429 112 296 87 160 322 373 142 112 296 264 160 322
397 417 112 407 87 304 322 186 422 160 429 456 417 134 417 415 417 373 142 134
264 417 112 296 320 160 322 407 87 160 429 415 417 112 407 320 37 429 456 417
72 373 142 134 72 112 407 87 264 410 296 320 304 322 407 320 160 429 397 72
87 160 429 415 417 112 407 320 37 429 397 417 112 407 422 160 429 456 417 397
417 134 417 112 296 87 160 417 134 417 373 142 134 417 112 407 264 264 410 296
264 456 429 456 417 415 417 112 186 422 37 429 456 322 112 296 87 160 417 134
322 407 87 160 429 415 417 112 407 320 37 429 397 417 112 296 422 160 429 456
37 429 397 417 112 296 87 160 429 104 417 264 417 112 407 422 304 429 112 296
112 407 87 304 322 186 422 160 429 456 417 134 417 373 142 415 417 134 417 112
264 410 296 320 304 322 407 320 160 429 397 72 134 72 112 407 320 304 429 373
397 429 37 417 112 296 422 304 417 397 417 112 407 264 304 322 407 422 160 429
429 456 417 134 417 373 142 415 417 134 417 112 407 87 264 410 296 320 304 322
322 186 422 160 429 456 417 134 417 112 296 87 160 417 134 417 373 142 134 417
134 417 112 407 87 264 410 296 320 304 322 407 320 160 429 397 417 134 417 112
112 296 264 264 417 112 296 320 160 322 407 87 160 429 415 417 112 407 320 37
429 456 417 112 296 422 456 37 417 417 397 417 112 407 422 304 429 112 296 320
422 160 415 417 417 397 417 112 407 422 304 429 112 407 87 160 417 264 417 112
417 134 417 112 296 87 160 417 134 417 373 142 134 417 112 407 264 264 410 296
415 417 417 397 417 322 407 422 304 429 112 407 87 160 417 264 417 112 407 87
429 456 417 134 417 415 417 373 142 134 417 112 407 87 264 410 296 320 160 322
415 417 112 407 320 37 429 456 417 112 407 422 160 320 417 417 397 417 112 407
160 429 397 417 134 417 112 407 320 304 429 373 142 112 296 87 160 322 373 142
142 134 417 112 407 87 264 410 296 320 160 322 407 87 160 429 397 417 134 417
417 112 296 422 304 417 397 417 112 407 264 304 322 407 422 160 429 456 417 134
422 160 429 456 417 397 417 112 296 87 304 429 112 296 87 304 417 397 417 112
134 72 373 142 415 72 134 429 134 72 112 186 422 264 410 296 320 304 322 407
417 112 407 87 304 322 407 422 160 429 456 417 134 417 415 417 373 142 134 417
296 422 160 417 397 417 112 407 264 304 322 186 422 160 429 456 417 134 417 112
87 160 429 415 417 112 407 320 37 429 397 417 112 407 422 160 429 456 417 397
417 112 407 87 264 410 296 320 160 322 407 87 160 429 397 417 134 417 112 407
134 72 112 186 87 264 410 296 320 304 322 407 320 160 429 397 72 134 72 112
264 410 296 320 304 322 407 320 160 429 397 417 134 417 112 407 320 304 429 373
429 112 296 320 304 417 264 417 112 407 87 304 322 186 422 160 429 456 417 134
456 417 134 417 373 142 415 417 134 417 112 407 87 264 410 296 320 304 322 407
72 134 72 112 186 87 264 410 296 320 160 322 407 87 160 429 397 72 134 72
407 87 160 429 415 417 112 407 87 37 397 417 417 112 296 422 160 429 456 417
160 429 415 417 112 407 320 37 429 104 417 112 296 87 160 429 456 417 112 296
417 264 417 112 407 422 304 429 112 296 87 304 417 397 417 112 407 87 304 322
72 112 407 87 264 410 296 320 304 322 407 320 160 429 397 72 134 72 112 407
397 417 112 407 264 304 322 407 422 160 429 456 417 134 417 415 417 373 142 134
322 407 87 160 429 415 417 112 407 320 37 429 397 417 112 407 422 160 429 456
322 186 422 160 429 456 417 134 417 112 296 87 160 417 134 417 373 142 134 417
296 264 456 417 112 296 320 160 322 407 87 160 429 415 417 112 407 320 37 429
429 397 417 112 407 422 160 415 429 417 397 417 112 407 422 304 429 112 407 87
417 112 407 87 264 410 296 320 304 322 407 320 160 429 397 417 134 417 112 407
134 72 112 407 320 264 410 296 320 160 322 407 87 160 429 397 72 134 72 112
264 456 417 112 296 320 160 322 407 87 160 429 415 417 112 407 320 37 429 456
407 87 160 429 415 417 112 407 320 37 429 397 417 112 296 422 160 429 456 417
142 415 417 134 417 112 186 422 264 410 296 320 304 322 407 320 160 429 397 417
373 142 134 417 112 407 87 264 410 296 320 160 322 407 87 160 429 397 417 134
296 87 160 417 134 417 112 296 264 456 417 112 296 320 160 322 407 87 160 429
407 87 304 322 186 422 160 429 456 417 134 417 373 142 415 417 134 417 112 407
417 417 397 417 112 407 422 304 429 112 296 320 304 417 264 417 112 407 87 304
397 417 415 417 112 186 422 37 429 456 322 112 296 87 160 417 134 417 112 296
72 112 407 87 264 410 296 320 304 322 407 320 160 429 397 72 134 72 112 407
134 417 112 407 87 264 410 296 320 304 322 407 320 160 429 397 417 134 417 112
320 160 322 407 87 160 429 397 72 134 72 112 407 320 304 429 112 296 186 264
417 134 417 112 407 320 264 410 296 320 37 322 407 87 160 429 456 417 112 407
417 112 407 264 304 322 407 422 160 429 456 417 134 417 373 142 415 417 134 417
87 264 410 296 320 160 322 407 87 160 429 397 417 134 417 112 407 87 304 429
37 429 104 417 112 296 87 160 429 456 417 112 296 87 397 429 37 417 112 296
407 264 304 322 407 422 160 429 456 417 134 417 415 417 373 142 134 417 112 407
304 322 407 320 160 429 397 417 134 417 112 407 320 304 429 112 296 87 160 322
417 112 186 422 37 429 456 322 112 296 87 160 417 134 417 112 296 264 264 417
417 112 296 422 160 429 456 417 397 417 112 296 87 304 429 112 296 87 304 417
134 417 112 407 87 264 410 296 320 160 322 407 87 160 429 397 417 134 417 112
142 415 417 134 417 112 186 422 264 410 296 320 304 322 407 320 160 429 397 417
304 322 186 422 160 429 456 417 134 417 373 142 415 417 134 417 112 407 87 264
417 397 417 112 407 87 304 322 407 422 160 429 456 417 134 417 415 417 373 142
112 186 87 264 410 296 320 304 322 407 320 160 429 397 72 134 72 112 407 87
134 417 373 142 134 417 112 407 264 264 410 296 320 160 322 407 87 160 429 397
417 397 417 112 407 422 304 429 112 296 422 304 417 397 417 112 407 264 304 112
417 134 417 373 142 134 417 112 407 87 264 410 296 320 304 322 407 320 160 429
134 417 415 417 373 142 134 417 112 407 87 264 410 296 320 160 322 407 87 160
322 407 87 160 429 397 417 134 417 112 407 87 304 429 112 296 87 160 322 373
112 296 320 304 417 264 417 112 407 87 304 322 186 422 160 429 456 417 134 417
417 134 417 112 186 422 264 410 296 320 160 322 407 87 160 429 397 417 134 417
296 87 304 429 112 296 422 160 417 397 417 112 407 264 304 322 186 422 160 429
134 72 134 72 112 186 87 264 410 296 320 160 322 407 87 160 429 397 72 134
415 72 134 72 112 407 87 264 410 296 320 304 322 407 320 160 429 397 72 134
87 160 429 415 417 112 407 320 37 429 456 417 112 407 422 160 320 417 417 397
304 429 112 296 87 304 417 397 417 112 407 264 304 322 407 422 160 429 456 417
296 320 304 417 264 417 112 407 87 304 322 186 422 160 429 456 417 134 417 415
112 407 264 304 322 407 422 160 429 456 417 134 417 373 142 415 417 134 417 112
397 417 134 417 112 407 320 304 429 112 296 87 160 322 373 142 112 296 264 160
417 264 417 322 296 87 304 429 112 296 422 160 417 397 417 112 407 264 304 322
407 87 264 410 296 320 304 322 407 320 160 429 397 417 134 417 112 407 87 304
142 134 417 112 407 87 264 410 296 320 160 322 407 87 160 429 397 417 134 417
422 160 429 456 417 134 417 373 142 415 417 134 417 112 186 422 264 410 296 320
87 264 410 296 320 160 322 407 87 160 429 397 417 134 417 112 407 87 304 429
407 320 264 410 296 320 37 322 407 87 160 429 456 417 112 407 264 37 429 456
429 373 142 134 72 112 407 87 264 410 296 320 160 322 407 87 160 429 397 72
456 429 456 417 415 417 112 186 422 37 429 456 322 112 296 87 160 417 304 417
407 87 264 410 296 320 160 322 407 87 160 429 397 417 134 417 112 407 87 304
410 296 320 304 322 407 320 160 429 397 417 134 417 112 407 320 304 429 112 296
422 160 417 397 417 112 407 264 304 322 186 422 160 429 456 417 134 417 112 296
264 410 296 320 160 322 407 87 160 429 397 72 134 72 112 407 87 304 429 373
415 417 112 186 422 37 429 456 417 134 417 112 407 320 264 410 296 320 37 322
429 134 72 112 186 422 264 410 296 320 304 322 407 320 160 429 397 72 134 72
415 417 134 417 112 186 422 264 410 296 320 160 322 407 87 160 429 397 417 134
417 112 296 264 264 417 112 296 320 160 322 407 87 160 429 415 417 112 407 320
429 373 142 134 417 112 296 87 160 417 134 417 373 142 134 417 112 407 87 264
429 456 417 134 417 373 142 415 417 134 417 112 186 422 264 410 296 320 304 322
87 304 322 407 87 160 429 456 417 112 407 320 37 429 397 417 112 296 422 160
320 160 322 407 87 160 429 456 417 112 407 320 37 429 397 417 112 407 422 160
160 322 407 87 160 429 456 417 112 407 320 37 429 456 417 112 407 422 160 112
397 72 134 72 112 407 320 304 429 112 296 186 415 322 373 142 112 296 422 160
322 407 422 160 429 456 417 134 417 415 417 373 142 134 417 112 407 87 264 410
373 142 134 72 112 407 87 264 410 296 320 304 322 407 320 160 429 397 72 134
417 112 407 264 304 322 407 422 160 429 456 417 134 417 373 142 415 417 134 417
37 429 104 417 112 296 87 160 429 456 417 112 296 87 397 429 37 417 112 296
417 134 417 112 296 264 456 417 112 296 320 160 322 407 87 160 429 415 417 112
304 417 397 417 112 407 87 304 322 407 422 160 429 456 417 134 417 415 417 373
112 296 87 160 417 134 417 373 142 134 417 112 407 87 264 410 296 320 304 322
87 264 410 296 320 304 322 407 320 160 429 397 417 134 417 112 407 87 304 429
264 304 322 407 422 160 429 456 417 134 417 373 142 415 417 134 417 112 407 87
373 415 72 134 72 112 407 87 264 410 296 320 304 322 407 320 160 429 397 72
112 407 422 264 410 296 320 304 322 407 87 160 429 415 417 112 407 320 37 429
417 415 417 112 186 422 37 429 456 322 112 296 87 160 417 134 417 112 296 264
320 304 322 407 87 160 429 415 417 112 407 320 37 429 456 417 112 296 422 456
373 142 415 417 134 417 112 407 87 264 410 296 320 304 322 407 320 160 429 397
429 397 417 112 407 422 160 429 456 417 397 417 112 407 422 304 429 112 296 422
320 37 429 397 417 112 407 422 160 429 456 417 397 417 112 407 422 304 429 112
417 112 407 320 37 429 397 417 112 296 422 160 429 415 417 264 417 112 296 87
417 112 407 87 264 410 296 320 160 322 407 87 160 429 397 417 134 417 112 407
429 415 417 112 407 320 37 429 456 417 112 296 422 160 429 456 417 264 417 112
410 296 320 160 322 407 422 160 429 415 417 112 407 320 37 429 104 417 112 296
429 456 417 134 417 112 296 87 160 417 134 417 373 142 134 417 112 407 264 264
410 296 320 37 322 407 87 160 429 456 417 112 407 87 37 397 417 417 112 296
410 296 320 160 322 407 87 160 429 397 72 134 72 112 407 87 304 429 373 142
422 264 410 296 320 160 322 407 422 160 429 415 417 112 407 320 37 429 104 417
417 112 407 264 37 429 397 417 112 296 87 160 429 104 417 264 417 112 407 422
112 186 422 37 429 456 322 112 296 87 160 417 134 417 112 296 264 264 417 112
320 304 417 264 417 112 407 87 304 322 186 422 160 429 456 417 134 417 415 417
264 264 322 296 264 304 322 407 320 160 429 397 417 134 417 112 407 87 304 429
373 142 415 417 134 417 112 407 87 264 410 296 320 304 322 407 320 160 429 397
87 160 429 104 417 264 417 112 407 422 304 429 112 296 87 304 417 397 417 112
417 112 407 422 304 429 112 407 87 160 417 264 417 112 407 87 304 322 186 422
87 264 410 296 320 304 322 407 320 160 429 397 72 134 72 112 407 87 304 429
322 407 87 160 429 415 417 112 407 320 37 429 456 417 112 407 422 160 415 417
322 407 87 160 429 415 417 112 407 320 37 429 397 417 112 407 422 160 429 456
417 397 417 112 407 87 304 322 186 422 160 429 456 417 134 417 112 296 87 160
112 407 87 304 322 186 422 160 429 456 417 134 417 373 142 415 417 134 417 112
112 186 422 264 410 296 320 160 322 407 87 160 429 415 417 112 407 320 37 429
417 112 407 87 304 322 186 422 160 429 456 417 134 417 415 417 373 142 134 417
134 72 112 407 87 264 410 296 320 304 322 407 320 160 429 397 72 134 72 112
134 417 112 407 264 264 410 296 320 160 322 407 87 160 429 397 417 134 417 112
397 417 112 296 87 160 429 104 417 264 417 112 407 422 304 429 112 296 87 304
417 415 417 373 142 134 417 112 407 87 264 410 296 320 160 322 407 87 160 429
415 417 112 407 320 37 429 104 417 112 296 87 160 429 456 417 112 296 87 456
112 296 320 304 417 264 417 112 407 87 304 322 186 422 160 429 456 417 134 417
417 112 407 264 304 322 407 422 160 429 456 417 134 417 415 417 373 142 134 417
37 429 456 417 112 296 422 456 37 417 417 397 417 112 407 422 304 429 112 296
320 264 410 296 320 160 322 407 87 160 429 397 72 134 72 112 407 87 304 429
422 160 429 456 417 397 417 112 296 87 304 429 112 296 87 304 417 397 417 112
134 417 112 407 87 264 410 296 320 160 322 407 87 160 429 397 417 134 417 112
417 112 296 87 160 417 134 417 373 142 134 417 112 407 264 264 410 296 320 160
87 160 429 415 417 112 407 320 37 429 397 417 112 407 422 160 429 456 417 397
397 417 112 407 422 160 415 429 417 397 417 112 407 422 304 429 112 407 87 160
429 415 417 112 407 320 37 429 104 417 112 296 87 160 429 456 417 112 296 87
160 417 134 417 112 296 264 456 417 112 296 320 160 322 407 87 160 429 415 417
134 417 112 407 264 264 322 296 264 304 322 407 320 160 429 397 417 134 417 112
407 422 304 429 112 407 87 160 417 264 417 112 407 87 304 322 186 422 160 429
72 322 296 422 160 72 134 72 134 72 112 407 320 264 410 296 320 160 322 407
320 37 429 456 417 112 296 422 456 37 417 417 397 417 112 407 422 304 429 112
160 429 456 417 112 296 87 397 429 37 417 112 296 422 304 417 397 417 112 407
160 415 417 417 397 417 112 407 422 304 429 112 407 87 160 417 264 417 112 407
304 322 407 422 160 429 456 417 134 417 373 142 415 417 134 417 112 186 422 264
186 422 264 410 296 320 160 322 407 422 160 429 415 417 112 407 320 37 429 104
87 160 429 415 417 112 407 320 37 429 456 417 112 296 422 160 429 456 417 264
186 422 160 429 456 417 134 417 373 142 415 417 134 417 112 407 87 264 410 296
87 160 429 456 417 112 296 87 397 429 37 417 112 296 422 304 417 397 417 112
304 417 397 417 112 407 87 304 322 407 422 160 429 456 417 134 417 415 417 373
160 429 456 417 134 417 415 417 373 142 134 417 112 407 87 264 410 296 320 160
134 417 112 407 87 264 410 296 320 160 322 407 87 160 429 397 417 134 417 112
407 87 37 397 417 417 112 296 422 160 429 456 417 397 417 112 296 87 304 429
429 456 417 112 296 87 397 429 37 417 112 296 422 304 417 397 417 112 407 264
429 415 417 112 407 320 37 429 456 417 112 296 422 456 37 417 417 397 417 112
397 417 112 407 87 304 322 186 422 160 429 456 417 134 417 415 417 373 142 134
322 407 87 160 429 397 417 134 417 112 407 87 304 429 373 142 112 296 87 160
429 456 417 134 417 112 407 320 264 410 296 320 37 322 407 87 160 429 456 417
429 456 417 134 417 415 417 373 142 134 417 112 407 87 264 410 296 320 160 322
373 142 415 417 134 417 112 407 87 264 410 296 320 304 322 407 320 160 429 397
134 417 373 142 415 417 134 417 112 186 422 264 410 296 320 160 322 407 87 160
112 186 422 264 410 296 320 160 322 407 87 160 429 415 417 112 407 320 37 429
296 87 160 417 134 417 373 142 134 417 112 407 87 264 410 296 320 304 322 407
112 407 264 264 410 296 320 160 322 407 87 160 429 397 417 134 417 112 407 87
112 296 87 160 429 456 417 112 296 87 397 429 37 417 112 296 422 304 417 397
417 415 417 373 142 134 417 112 407 87 264 410 296 320 160 322 407 87 160 429
320 37 429 397 417 112 296 422 160 429 456 417 264 417 112 296 87 304 429 112
417 112 407 87 304 322 186 422 160 429 456 417 134 417 373 142 415 417 134 417
296 320 160 322 407 87 160 429 397 417 134 417 112 407 87 304 429 373 142 112
134 72 134 72 112 186 422 264 410 296 320 304 322 407 320 160 429 397 72 134
112 186 422 264 410 296 320 160 322 407 87 160 429 397 417 134 417 112 407 87
320 37 429 456 417 112 407 422 160 415 417 417 397 417 112 407 422 304 429 112
186 422 37 429 456 322 112 296 87 160 417 134 417 112 296 264 264 417 112 296
160 72 134 72 134 72 112 407 320 264 410 296 320 160 322 407 87 160 429 397
417 134 417 112 407 320 304 429 112 296 87 160 322 373 142 112 296 264 160 322
397 417 112 407 264 304 322 407 422 160 429 456 417 134 417 415 417 373 142 134
429 456 417 134 417 112 407 320 264 410 296 320 37 322 407 87 160 429 456 417
296 87 160 417 134 417 373 142 134 417 112 407 87 264 410 296 320 304 322 407
112 186 422 264 410 296 320 160 322 407 87 160 429 397 417 134 417 112 407 87
417 112 407 264 304 322 407 422 160 429 456 417 134 417 373 142 415 417 134 417
422 304 429 112 296 87 304 417 397 417 112 407 87 304 322 407 422 160 429 456
422 304 417 397 417 112 407 264 304 322 407 422 160 429 456 417 134 417 415 417
264 410 296 320 160 322 407 87 160 429 397 417 134 417 112 407 87 304 429 373
407 320 37 429 104 417 112 296 87 160 429 456 417 112 296 87 397 429 37 417
134 72 112 186 87 264 410 296 320 160 322 407 87 160 429 397 72 134 72 112
407 87 160 429 456 417 112 407 264 37 429 456 417 112 296 87 160 429 104 417
296 87 160 417 134 417 373 142 134 417 112 407 87 264 410 296 320 304 322 407
304 417 397 417 112 407 264 304 322 407 422 160 429 456 417 134 417 373 142 415
407 87 264 410 296 320 160 322 407 87 160 429 397 417 134 417 112 407 87 304
397 417 322 407 422 304 429 112 407 87 160 417 264 417 112 407 87 304 322 186
304 417 397 417 112 407 264 304 322 407 422 160 429 456 417 134 417 373 142 415
112 397 417 134 417 415 417 373 142 134 417 415 417 134 417 373 142 415 417 134
304 322 407 422 160 429 456 417 134 417 415 417 373 142 134 417 112 407 87 264
417 112 296 87 304 429 112 296 87 304 417 397 417 112 407 264 304 322 407 422
417 112 296 422 160 429 456 417 397 417 112 296 87 304 429 112 296 87 304 417
72 322 296 422 160 72 134 72 134 72 112 407 320 264 410 296 320 160 322 407
134 417 373 142 134 417 112 407 264 264 410 296 320 160 322 407 87 160 429 397
417 112 407 264 304 322 407 422 160 429 456 417 134 417 373 142 415 417 134 417
296 87 160 417 134 417 112 296 264 456 417 112 296 320 160 322 407 87 160 429
429 397 417 112 407 422 160 429 456 417 397 417 112 407 422 304 429 112 296 422
87 160 417 397 417 112 407 87 304 322 186 422 160 429 456 417 134 417 373 142
456 417 134 417 415 417 373 142 134 417 112 407 87 264 410 296 320 160 322 407
417 373 142 415 417 134 417 112 407 87 264 410 296 320 304 322 407 320 160 429
264 410 296 320 304 322 407 87 160 429 415 417 112 407 320 37 429 456 417 112
407 422 160 429 415 417 112 407 320 37 429 104 417 112 296 87 160 429 456 417
296 87 160 417 134 417 373 142 134 417 112 407 264 264 410 296 320 160 322 407
397 417 112 407 264 304 322 407 422 160 429 456 417 134 417 415 417 373 142 134
264 304 322 407 422 160 429 456 417 134 417 373 142 415 417 134 417 112 407 87
417 112 407 87 264 410 296 320 304 322 407 320 160 429 397 417 134 417 112 407
296 87 304 417 397 417 112 407 264 304 322 407 422 160 429 456 417 134 417 373
296 320 160 322 407 87 160 429 456 417 112 407 320 37 429 397 417 112 407 422
407 87 264 410 296 320 160 322 407 87 160 429 397 72 134 72 112 407 87 304
104 417 112 296 87 160 429 456 417 112 296 87 397 429 37 417 112 296 422 304
296 422 456 37 417 417 397 417 112 407 422 304 429 112 296 320 304 417 264 417
264 410 296 320 160 322 407 87 160 429 397 417 134 417 112 407 87 304 429 112
422 160 429 456 417 134 417 373 142 415 417 134 417 112 407 87 264 410 296 320
417 112 407 264 304 322 407 422 160 429 456 417 134 417 373 142 415 417 134 417
417 415 417 373 142 134 417 112 407 87 264 410 296 320 160 322 407 87 160 429
373 142 134 72 112 186 87 264 410 296 320 304 322 407 320 160 429 397 72 134
112 296 422 160 429 456 417 264 417 112 296 87 304 429 112 296 422 160 417 397
186 422 160 429 456 417 134 417 415 417 373 142 134 417 112 407 87 264 410 296
417 417 397 417 322 407 422 304 429 112 407 87 160 417 264 417 112 407 87 304
134 72 134 72 112 407 320 264 410 296 320 160 322 407 87 160 429 397 72 134
112 407 320 37 429 397 417 112 296 422 160 429 456 417 264 417 112 296 87 304
304 417 397 417 112 407 264 304 322 407 422 160 429 456 417 134 417 373 142 415
296 320 37 322 407 87 160 429 456 417 112 407 264 37 429 397 417 112 296 87
322 407 87 160 429 397 417 134 417 112 407 87 304 429 112 296 87 160 322 373
417 112 296 264 264 417 112 296 320 160 322 407 87 160 429 415 417 112 407 320
134 417 415 417 134 417 373 142 415 417 134 417 112 186 422 264 410 296 320 160
456 417 112 407 264 37 429 456 417 112 296 87 160 429 104 417 264 417 112 407
407 87 160 429 397 72 134 72 112 407 320 304 429 112 296 186 264 322 373 142
322 407 422 160 429 456 417 134 417 373 142 415 417 134 417 112 186 422 264 410
407 422 160 429 415 417 112 407 320 37 429 104 417 112 296 87 160 429 456 417
373 142 415 417 134 417 112 186 422 264 410 296 320 304 322 407 320 160 429 397
320 37 322 407 87 160 429 456 417 112 407 87 37 397 417 417 112 296 422 160
296 320 304 322 407 320 160 429 397 72 134 72 112 407 87 304 429 112 296 320
87 160 417 134 417 373 142 134 417 112 407 264 264 410 296 320 160 322 407 87
87 160 417 134 417 373 142 134 417 112 407 87 264 410 296 320 304 322 407 320
397 417 112 296 422 160 429 456 417 264 417 112 296 87 304 429 112 296 422 160
112 407 87 264 410 296 320 160 322 407 87 160 429 397 417 134 417 112 407 87
320 160 429 397 417 134 417 112 407 320 304 429 112 296 87 160 322 373 142 112
186 87 264 410 296 320 160 322 407 87 160 429 397 72 134 72 112 407 87 304
417 112 186 422 264 410 296 320 304 322 407 320 160 429 397 417 134 417 112 407
112 407 320 37 429 104 417 112 296 87 160 429 456 417 112 296 87 397 429 37
320 37 429 104 417 112 296 87 160 429 456 417 112 296 87 456 429 37 417 112
429 415 417 112 407 320 37 429 397 417 112 407 422 160 429 415 417 397 417 112
112 407 87 304 322 186 422 160 429 456 417 134 417 373 142 415 417 134 417 112
417 417 397 417 112 407 422 304 429 112 296 320 304 417 264 417 112 407 87 304
72 134 72 134 72 112 186 422 264 410 296 320 304 322 407 320 160 429 397 72
397 417 112 407 87 304 322 186 422 160 429 456 417 134 417 415 417 373 142 134
322 407 87 160 429 397 417 134 417 112 407 87 304 429 112 296 87 160 322 373
407 87 160 429 415 417 112 407 87 37 397 417 417 112 296 422 160 429 456 417
72 112 186 87 264 410 296 320 304 322 407 320 160 429 397 72 134 72 112 407
322 186 422 160 429 456 417 134 417 373 142 415 417 134 417 112 407 87 264 410
417 134 417 373 142 415 417 134 417 112 186 422 264 410 296 320 160 322 407 87
142 134 417 112 407 87 264 410 296 320 160 322 407 87 160 429 397 417 134 417
373 142 415 417 134 417 112 407 87 264 410 296 320 304 322 407 320 160 429 397
407 320 37 429 456 417 112 296 422 456 37 417 417 397 417 112 407 422 304 429
112 407 422 160 415 417 417 397 417 112 407 422 304 429 112 407 87 160 417 264
37 429 456 322 112 296 87 160 417 134 417 112 296 264 264 417 112 296 320 160
417 397 417 112 407 264 304 322 407 422 160 429 456 417 134 417 373 142 415 417
160 417 134 417 373 142 134 417 112 407 264 264 410 296 320 160 322 407 87 160
142 134 72 112 407 87 264 410 296 320 160 322 407 87 160 429 397 72 134 72
296 320 160 322 407 87 160 429 456 417 112 407 320 37 429 456 417 112 407 422
422 160 429 456 417 134 417 373 142 415 417 134 417 112 186 422 264 410 296 320
320 304 417 264 417 112 407 87 304 322 186 422 160 429 456 417 134 417 415 417
