1300 978 978 978 978 2651 2651 2651 2651 2651 2651 2651 978 978 978 978 2651 2651 978 1300
4055 4055 4055 4055 4055 4055 4055 4055 4055 4055 4055 4055 4055 4055 4055 4055 4055 4055 4055 4055
1300 1300 1300 1300 1300 1300 1719 1300 1300 1300 1300 4055 396 1719 1719 1300 1300 1300 1300 1719
518 4476 1300 396 1300 518 1300 1719 1300 396 518 4476 396 518 1300 1300 1300 1300 978 978
518 1719 396 518 4476 3879 396 518 4476 518 3879 3879 518 978 978 1300 1300 1300 1300 1300
518 518 518 3879 3879 3879 3879 3879 518 518 3879 3879 518 1300 1300 1300 1300 1300 1300 978
978 1300 4055 1719 4055 4055 4055 4055 4055 4055 4055 4055 4055 4055 4055 4055 4055 4055 4055 4055
2651 1300 1300 1300 1300 1300 1300 1719 1300 1300 1300 1300 1300 1300 1300 1300 1719 1300 1300 1300
518 4476 3879 396 3879 518 518 396 518 4476 3879 396 518 4476 3879 396 518 1719 3879 396
4055 1719 4055 4055 1719 4055 1719 4055 4055 1719 4055 4055 4055 4055 4055 4055 4055 4055 4055 978
3879 518 3879 3879 518 518 2651 2651 4476 518 3879 3879 3879 518 3879 518 3879 3879 518 2651
3879 518 518 396 518 4476 396 518 4476 396 518 1719 3879 396 518 4476 396 396 4476 1300
978 978 978 978 2651 2651 2651 1300 1300 4055 1719 4055 4055 1719 4055 1719 4055 4055 1719 4055
396 518 4476 396 396 396 518 518 396 518 4476 396 518 4476 396 518 1719 396 518 518
3879 3879 518 518 518 3879 3879 518 1300 1300 1300 1300 1300 1300 1300 1300 978 978 978 978
518 396 518 4476 396 518 4476 3879 396 518 1719 3879 396 518 4476 3879 396 4476 518 3879
2651 2651 2651 2651 2651 2651 2651 2651 2651 2651 2651 1300 1300 1300 1300 1300 1300 1300 1300 1300
2651 2651 2651 2651 2651 2651 1300 1300 1300 1300 1300 1300 1300 1300 4476 396 4476 3879 518 4476
396 3879 518 518 396 518 4476 396 518 4476 396 518 1719 3879 396 518 4476 396 396 4476
1300 1300 1300 1300 1300 1300 1300 1300 1300 1300 978 978 1300 1300 1300 1300 1300 1300 1719 1719
1300 1300 1300 1719 1719 1300 1300 1300 1300 396 1719 1719 1719 1300 1300 1300 1300 1719 1719 1300
3879 518 3879 518 4476 3879 396 396 518 518 396 518 4476 396 518 4476 396 518 1719 3879
1300 1300 1300 1719 1719 1300 1300 1300 1300 396 1719 1719 1719 1300 1300 1300 1300 1300 4055 1300
3879 518 4476 3879 396 396 518 518 396 518 4476 396 518 4476 396 518 1300 1300 1719 1300
1300 978 978 978 978 2651 2651 2651 2651 2651 2651 978 978 978 978 2651 2651 2651 1300 1300
4055 4055 4055 4055 4055 4055 4055 4055 4055 4055 4055 4055 4055 4055 4055 4055 4055 4055 4055 4055
4055 4055 4055 4055 1719 1719 4055 4055 1719 1719 4055 4055 4055 4055 1719 1719 4055 4055 4055 4055
396 518 3879 518 4476 3879 396 3879 518 518 396 518 4476 396 518 4476 396 518 1719 396
1300 978 978 978 978 2651 2651 2651 2651 2651 978 978 2651 978 978 2651 2651 2651 1300 1300
518 396 518 4476 396 518 4476 396 518 1719 3879 396 518 4476 396 396 518 1300 1300 1300
1300 1300 1719 1719 978 396 1300 1300 1300 1300 1300 1300 1300 1300 1719 1719 1719 1719 1300 1300
2651 4476 518 2651 2651 3879 3879 518 3879 518 3879 3879 518 518 518 3879 3879 518 3879 518
518 3879 518 3879 3879 518 2651 2651 2651 2651 2651 2651 2651 2651 2651 2651 1300 1300 1300 1300
1300 978 978 978 978 2651 2651 2651 2651 2651 2651 2651 2651 2651 1719 2651 2651 2651 1300 1300
978 1300 1300 978 4055 4055 4055 4055 4055 4055 4055 4055 4055 4055 4055 4055 4055 4055 4055 4055
1300 1300 1300 978 4055 1719 4055 4055 1719 1300 978 4055 1719 4055 4055 1719 4055 4055 4055 4055
1300 1300 1300 978 1719 4476 396 518 1300 4476 396 396 3879 518 518 396 518 4476 396 518
4476 3879 396 396 518 518 396 518 4476 396 518 4476 396 518 1719 396 518 2651 978 396
4055 4055 4055 4055 4055 4055 4055 4055 4055 4055 4055 4055 4055 4055 4055 4055 4055 4055 4055 4055
518 518 396 518 1300 1300 1300 4476 396 518 1300 1300 4476 396 518 1300 1719 396 518 1300
4055 1300 1300 978 978 978 1300 1300 978 978 2651 2651 2651 2651 2651 2651 2651 2651 2651 1300
2651 2651 2651 518 2651 2651 3879 3879 2651 2651 3879 518 3879 3879 518 518 4476 518 3879 3879
4476 396 518 4476 396 518 978 1719 396 518 518 4476 396 518 396 518 396 518 4476 3879
2651 978 978 518 3879 518 1300 1300 4476 3879 396 3879 518 518 396 518 1300 1300 4476 396
978 978 1300 1300 1300 978 978 2651 2651 2651 2651 2651 2651 2651 2651 2651 2651 2651 2651 1300
4055 1719 4055 4055 1719 4055 4055 4055 4055 4055 4055 4055 4055 4055 4055 4055 4055 4055 4055 4055
978 978 978 978 978 1300 1300 1300 1300 978 978 978 978 1300 1300 978 978 978 3879 518
978 3879 518 3879 3879 518 518 518 3879 3879 518 1300 1300 1300 1300 1300 1300 1300 1300 978
1300 1300 1300 1300 1300 1300 1300 1300 1300 1300 1300 1300 1300 1719 1719 396 396 1719 1719 4055
2651 2651 2651 2651 2651 2651 2651 2651 2651 2651 2651 2651 2651 1300 1300 1300 1300 1300 1300 978
518 396 518 4476 396 518 4476 396 518 1719 396 518 518 4476 396 518 396 4476 396 518
4055 978 978 1300 1300 1300 1300 1300 1300 4055 4055 4055 4055 4055 4055 4055 4055 4055 4055 4055
518 978 396 518 3879 3879 518 518 4476 3879 396 3879 518 518 396 4476 4476 396 518 4476
1300 1300 1300 1300 1300 1300 1300 1300 1300 1719 1719 1300 1300 1719 1719 978 978 1719 1719 1300
978 978 2651 2651 2651 2651 2651 2651 2651 4476 396 2651 978 396 2651 1300 1300 1300 4055 1719
518 396 518 4476 396 518 4476 396 518 1719 3879 396 518 2651 4476 3879 396 518 518 396
1719 396 518 518 978 3879 978 518 518 3879 518 4476 3879 396 3879 518 518 396 518 4476
2651 2651 2651 2651 2651 2651 2651 2651 2651 2651 1300 1300 1300 1300 1300 1300 1300 1300 1300 1300
1300 1300 1300 1300 978 396 4476 396 518 1300 1300 4476 3879 396 396 518 518 396 518 1300
2651 978 978 978 2651 2651 2651 2651 2651 2651 2651 2651 2651 2651 2651 2651 978 978 978 1300
518 2651 4476 3879 396 3879 518 518 2651 396 518 1300 4476 1300 1300 396 518 2651 4476 396
978 1300 978 1300 978 978 978 978 2651 2651 2651 2651 978 978 978 978 2651 2651 2651 2651
518 518 4476 3879 518 396 518 396 518 4476 3879 396 396 518 518 396 518 4476 396 518
4055 4055 4055 4055 4055 4055 4055 4055 4055 4476 4055 518 3879 518 4476 3879 396 396 518 518
518 4476 396 518 1719 396 518 1300 1300 1300 4476 3879 396 518 518 3879 518 1300 4055 4055
518 3879 518 2651 1300 978 3879 518 3879 3879 518 1300 518 3879 3879 518 3879 518 3879 3879
1300 978 978 1300 2651 1300 978 978 978 978 2651 2651 2651 2651 2651 2651 2651 2651 2651 2651
3879 518 3879 518 3879 3879 518 518 4476 518 3879 3879 3879 518 3879 4476 3879 3879 518 1300
4055 4055 4055 4055 4055 4055 4055 4055 4055 4055 978 978 4476 4476 518 396 518 4476 396 396
978 2651 2651 2651 2651 2651 2651 2651 2651 2651 2651 2651 2651 1300 1300 1300 1300 1300 1300 1300
978 978 978 978 978 978 2651 2651 2651 2651 2651 2651 2651 2651 2651 2651 2651 2651 2651 2651
4055 4055 4055 4055 4055 4055 4055 4055 4055 4055 4055 1300 978 4055 4055 978 978 1300 1300 1300
396 518 4476 3879 396 396 518 518 396 518 4476 396 518 4476 396 518 1719 396 518 4476
978 978 978 978 2651 2651 2651 1300 1300 978 1300 4055 1719 4055 4055 1719 4055 1719 4055 4055
518 4476 396 518 4476 396 518 1719 396 518 518 4476 3879 518 978 518 396 518 4476 3879
4055 4055 4055 4055 4055 4055 4055 4055 978 978 4476 978 518 396 518 4476 396 396 396 518
978 1300 1300 1300 978 978 2651 2651 2651 2651 2651 2651 2651 2651 2651 2651 2651 2651 1300 1300
3879 396 518 1719 3879 396 518 1300 1300 1300 1300 4476 3879 396 518 518 3879 518 1300 396
518 518 3879 518 3879 3879 518 1300 1300 1300 1300 1300 1300 1300 1300 978 978 1719 1719 978
518 3879 518 4476 3879 396 3879 518 518 396 518 4476 3879 396 518 4476 3879 396 518 1719
4055 4055 4055 4055 4055 4055 4055 4055 4055 4055 4055 4055 4055 4055 4055 4055 4055 4055 978 3879
396 518 518 3879 518 1300 4055 4055 4055 4055 4055 1300 4055 4055 4055 4055 4055 4055 4055 4055
1300 1300 978 978 1300 1300 1300 978 978 2651 2651 2651 2651 2651 2651 2651 2651 2651 1300 1300
4055 4055 4055 4055 4055 4055 4055 4055 4055 4055 4055 4055 4055 4055 4055 4055 4055 4055 4055 4055
518 4476 3879 396 396 518 518 396 518 4476 396 518 4476 396 518 1719 396 518 518 978
978 978 978 978 978 978 978 978 978 978 978 978 978 978 978 978 978 978 978 978
4476 1300 1300 1300 1300 1300 1300 1300 1300 1300 1300 1300 2651 2651 4476 4476 518 3879 518 1300
4055 4055 4055 4055 4055 4055 4055 4055 4055 4055 4055 4055 4055 4055 4055 4055 978 978 4055 978
4476 3879 396 396 518 518 396 518 4476 396 518 4476 396 518 1719 396 518 4476 396 4476
518 4476 3879 978 518 4476 3879 396 518 1719 3879 396 518 4476 518 3879 3879 518 4476 3879
978 978 2651 2651 2651 2651 2651 2651 2651 2651 2651 1300 1300 1300 1300 1300 1300 1300 978 1300
518 518 396 518 4476 3879 396 518 4476 3879 4476 518 1719 3879 396 518 1300 1300 1300 1300
2651 978 978 978 978 2651 2651 2651 2651 2651 2651 2651 2651 2651 1719 2651 2651 1300 2651 978
2651 2651 2651 2651 2651 2651 2651 2651 2651 2651 2651 2651 2651 2651 2651 1300 1300 1300 1300 1300
978 3879 518 3879 3879 518 518 518 3879 3879 518 3879 518 3879 3879 518 4476 518 3879 3879
518 1719 978 518 518 978 396 4476 396 518 396 518 4476 3879 396 396 518 518 396 518
396 518 518 978 978 518 3879 518 3879 518 4476 3879 396 3879 518 518 396 518 4476 396
518 518 396 518 978 396 518 4476 978 518 1719 978 518 518 978 396 518 978 4476 396
2651 2651 2651 2651 978 978 978 978 978 978 978 978 978 978 978 978 978 978 978 978
2651 2651 2651 2651 2651 2651 2651 1300 1300 1300 1300 1300 1300 978 978 4055 4055 1719 1719 4055
518 1719 396 518 518 1719 3879 4476 518 518 3879 518 4476 3879 396 396 518 518 396 518
4476 3879 3879 518 396 518 1300 1300 1300 1300 1300 1300 1300 1300 3879 518 3879 3879 518 1719
1300 1300 1300 1300 1300 978 1719 518 3879 518 4476 3879 396 396 518 518 396 518 4476 396
1300 1300 1300 1300 1300 1300 1300 978 978 1300 1300 1300 1300 1300 1300 1300 1300 1300 1300 1300
978 1300 1300 978 978 978 978 2651 2651 2651 2651 2651 978 978 2651 978 978 2651 2651 2651
978 1300 1300 1300 1300 1300 4055 4055 4055 4055 4055 4055 4055 4055 4055 4055 4055 4055 4055 4055
978 978 978 518 396 518 4476 3879 396 396 518 518 396 518 4476 396 518 4476 3879 396
518 978 978 2651 1300 1300 1300 1300 1300 1300 1300 3879 518 3879 3879 518 4476 3879 3879 518
1300 1300 1300 1300 1300 1300 1300 1300 1300 1300 1300 1300 1719 978 1300 1300 1300 1300 1719 1719
978 978 978 978 978 978 978 518 396 518 4476 396 396 396 518 518 396 518 4476 396
4055 1719 1719 4055 4055 4055 4055 4055 4055 4055 4055 1300 1300 1300 1300 1300 1300 1719 1719 1300
1719 1719 1719 1719 978 978 1300 978 978 518 396 518 4476 396 396 396 518 518 396 518
2651 2651 1719 2651 2651 2651 1300 1300 1300 1300 1300 1300 1300 1300 1300 1300 1300 1300 1300 1300
1300 1300 1300 1300 1300 978 978 1300 1300 1300 1300 1300 1300 1300 1300 1300 1300 1300 1300 1300
1300 1300 1300 978 1300 978 978 1300 1300 2651 978 978 2651 2651 2651 2651 2651 2651 2651 2651
4055 4055 4055 4055 4055 978 978 978 4476 518 396 518 4476 396 396 396 518 518 396 518
4055 4055 4055 4055 4055 4055 4055 4055 4055 4055 4055 4055 4055 4055 978 978 978 978 978 978
4055 4055 4055 2651 978 4055 4055 978 978 1300 1300 1300 978 978 4055 4055 4055 4055 4055 4055
2651 2651 2651 2651 2651 2651 1300 1300 1300 1300 1300 1300 1300 1300 978 978 1300 1300 1300 1300
3879 396 518 518 3879 518 1300 396 1300 1300 1300 1300 1300 1300 1300 978 978 2651 2651 2651
518 3879 3879 518 2651 2651 2651 2651 2651 2651 2651 2651 2651 2651 1300 1300 2651 2651 1300 1300
3879 3879 518 978 518 3879 3879 518 978 978 978 978 4476 3879 518 4476 3879 396 3879 518
978 978 978 978 2651 2651 2651 2651 2651 1300 1300 1300 978 4055 1719 4055 4055 1719 1300 978
2651 3879 3879 518 2651 2651 2651 2651 2651 2651 2651 2651 2651 2651 2651 2651 2651 2651 1300 1300
3879 518 518 396 518 4476 396 518 4476 396 396 518 1719 3879 396 1300 518 978 4476 396
4055 4055 4055 4055 4055 4055 4055 4055 4055 4055 978 3879 4476 3879 4055 518 4476 3879 3879 518
396 518 4476 3879 396 396 518 518 396 518 4476 396 518 4476 396 518 978 1719 396 518
1300 1719 1719 978 396 1300 1300 1300 1300 1300 1300 1300 1300 1719 1719 1719 4055 1300 1300 1300
978 978 3879 518 3879 3879 518 518 518 518 3879 3879 3879 3879 518 3879 518 3879 3879 518
978 978 978 2651 2651 2651 2651 2651 1300 1300 1300 978 4055 1719 4055 4055 1719 1300 978 4055
978 978 1300 2651 2651 978 978 2651 2651 2651 2651 2651 2651 2651 2651 978 396 4476 2651 978
1300 1300 1300 1300 1300 1300 1300 1300 978 4476 1719 4476 3879 518 4476 3879 396 3879 518 518
4476 396 518 1719 396 518 4476 396 518 1300 1300 1300 1300 1300 1300 1300 1300 978 978 978
518 3879 3879 518 3879 518 3879 3879 518 4476 518 3879 3879 518 518 396 518 518 3879 518
4055 978 978 1300 1300 4055 4055 4055 4055 4055 4055 4055 4055 4055 4055 4055 4055 4055 4055 4055
978 978 978 2651 2651 2651 2651 2651 2651 978 978 978 978 2651 2651 2651 1300 1300 978 1300
2651 2651 978 1300 978 4055 1719 4055 4055 1719 4055 1719 4055 4055 1719 4055 4055 4055 978 1300
1300 1300 4476 396 518 1300 4476 396 396 518 4476 396 396 518 1300 1300 1300 1300 978 978
1300 2651 1300 978 978 978 978 1300 1300 1300 1300 1300 1300 978 978 978 3879 518 3879 3879
4055 4055 978 4055 4055 4055 4055 978 978 1300 1300 4055 4055 4055 4055 4055 4055 4055 4055 4055
1300 978 978 518 3879 3879 3879 518 3879 518 3879 396 518 1300 1300 1300 1300 978 978 1300
396 518 3879 518 396 518 4476 3879 396 396 518 518 396 518 4476 396 518 4476 396 518
4055 4055 4055 4055 4055 4055 4055 4055 4055 4055 4055 4055 4055 4055 4055 4055 4055 4055 4055 4055
1719 1719 4055 4055 4055 4055 1719 1719 4055 4055 1719 1719 4055 4055 4055 4055 1719 1719 4055 4055
3879 518 2651 2651 2651 2651 2651 2651 2651 2651 2651 2651 1300 1300 2651 2651 1300 1300 1300 1300
1300 1300 1300 978 978 1300 1300 978 978 3879 518 3879 3879 518 4476 3879 518 3879 3879 518
4055 1719 4055 4055 1719 4055 4055 4055 4055 978 1300 4055 4055 4055 4055 4055 4055 4055 4055 4055
396 518 1719 396 518 2651 4476 396 518 518 3879 518 396 1300 1300 1300 1300 1300 1300 1300
2651 2651 2651 2651 2651 2651 978 978 978 978 2651 2651 978 1300 978 4055 1719 4055 4055 1719
1300 1300 1300 978 978 1719 4476 396 518 4476 3879 396 396 518 518 396 518 4476 396 518
2651 4476 3879 978 518 518 3879 518 978 1300 2651 1300 978 978 2651 2651 2651 2651 2651 2651
1300 1300 978 978 978 396 4476 3879 518 4476 3879 396 3879 518 518 396 518 4476 396 518
396 518 1719 396 518 2651 978 396 518 518 3879 518 396 1300 1300 1300 1300 1300 1300 1300
978 978 978 978 978 978 978 978 978 978 978 978 978 978 978 978 978 978 2651 2651
1300 1300 1300 1300 1300 1300 1719 1719 1719 1719 1300 1300 1300 1300 1300 1300 1300 1300 1719 1719
2651 2651 2651 2651 2651 2651 2651 2651 1300 1300 1300 1300 1300 978 1300 978 1300 1300 1300 978
518 3879 518 1300 1300 2651 1300 1300 1300 1300 1300 396 396 3879 518 3879 396 518 518 4476
978 978 3879 396 518 2651 1300 1300 1300 978 978 1300 1300 1300 1300 978 978 2651 2651 2651
978 978 978 978 396 518 396 518 4476 3879 396 396 518 518 396 518 4476 396 518 4476
1300 1300 978 1300 978 978 1300 1300 1300 978 978 2651 2651 2651 2651 2651 2651 2651 2651 2651
3879 518 4476 1300 3879 396 396 518 518 396 518 4476 396 518 4476 396 518 1719 396 518
4476 3879 396 518 396 978 4476 3879 396 518 1719 3879 1300 1300 1300 1300 1300 1300 1300 1300
978 2651 2651 2651 2651 2651 2651 2651 2651 2651 1719 2651 2651 1300 2651 978 1300 1300 1300 1300
1300 1300 1300 1300 1300 1300 978 978 1300 1300 978 978 3879 518 3879 3879 518 4476 3879 518
4055 4055 4055 4055 4055 4055 4055 4055 4055 4055 4055 4055 4055 4055 4055 4055 4055 4055 4055 4055
518 1719 396 518 4476 396 518 518 3879 518 1300 1300 1300 1300 1300 1300 1300 1300 396 396
518 1300 1300 2651 1300 1300 1300 1300 1300 396 396 3879 518 3879 396 518 518 4476 518 3879
1300 1300 1300 1300 1300 1300 1300 1300 1300 1300 1300 1719 978 1300 1300 1300 1300 1719 1719 1300
1719 1719 4055 4055 4055 4055 4055 4055 4055 4055 1719 4055 1300 1300 1300 1300 1300 1300 1300 1300
3879 518 1300 1300 1300 2651 1300 1300 1300 1300 396 4476 978 978 3879 518 3879 3879 518 518
1300 1300 1300 1300 1300 978 396 4476 396 518 4476 3879 396 396 518 518 396 518 4476 396
518 4476 3879 396 518 518 518 3879 3879 518 978 978 1300 1300 1300 1300 1300 1300 1300 1300
2651 978 978 2651 978 978 2651 2651 2651 1300 1300 1300 4055 1719 4055 4055 1719 4055 1719 4055
2651 2651 2651 2651 2651 2651 2651 2651 1300 1300 1300 978 4055 1719 4055 4055 1719 4055 1719 4055
4476 3879 396 396 518 518 396 518 4476 396 518 4476 3879 396 518 1719 3879 396 518 518
518 3879 518 3879 3879 518 1300 1300 1300 1300 1300 1300 1300 1300 978 978 1719 1719 978 978
518 978 3879 978 518 518 396 518 4476 3879 396 396 518 518 396 518 4476 396 518 4476
1300 1300 1300 1300 1300 978 396 1719 1300 1300 1300 1300 1719 1300 1300 4055 1300 1300 1719 1300
4055 978 978 1300 1300 978 4055 4055 4055 4055 4055 4055 4055 4055 4055 4055 4055 4055 4055 4055
1300 1300 1300 1300 1300 1719 978 1300 1300 1300 1300 1719 1719 1300 1300 1300 1300 1719 396 1719
4476 3879 396 518 518 3879 518 1300 4055 4055 4055 4055 4055 1300 4055 4055 4055 4055 4055 4055
3879 518 2651 1300 978 3879 518 3879 3879 518 1300 518 3879 3879 518 3879 518 3879 3879 518
1300 1300 1300 1300 1300 1300 1300 1300 1719 1719 1300 1300 1300 1300 1300 1300 1300 1300 978 978
1719 1719 1300 1300 1300 1300 396 1719 1719 1719 1300 1300 1300 1300 1719 1719 1300 1300 1300 1300
978 978 2651 2651 2651 2651 978 978 978 978 2651 2651 2651 2651 2651 1300 978 1300 4055 1719
4055 4055 4055 4055 4055 4055 4055 4055 4055 4055 4055 4055 4055 4055 4055 4055 4055 4055 4055 4055
518 3879 3879 518 3879 518 3879 3879 518 2651 2651 518 518 3879 3879 518 3879 518 3879 3879
3879 3879 518 3879 518 3879 3879 518 2651 2651 518 518 3879 3879 518 2651 2651 3879 518 3879
1300 1300 1300 1719 1300 1300 1300 1300 1300 978 1300 1300 1300 1300 1300 1300 1719 1300 1300 1300
396 518 1300 1300 1300 1300 978 1300 1300 1300 1300 978 978 2651 2651 978 978 2651 2651 2651
1719 1300 1300 1300 1300 1300 1300 1300 1300 1719 1719 1719 1719 1719 1719 1300 1300 1300 1300 1300
978 978 978 978 978 978 978 978 978 978 978 978 978 978 978 978 978 978 978 978
1300 1300 1300 978 1719 1300 1300 1300 1300 1719 1300 1300 1300 1300 1300 978 1300 1300 1300 1719
1300 1300 1300 1300 1300 1300 978 978 978 396 4476 3879 518 4476 3879 396 3879 518 518 396
1300 1300 1300 1300 1300 978 978 1300 1300 1300 1300 1300 1300 1300 1300 1300 1300 1300 1300 1300
3879 518 978 4476 3879 518 4476 3879 396 396 518 518 396 518 4476 3879 396 518 4476 396
2651 2651 2651 978 978 978 978 2651 2651 2651 1300 1300 4055 1719 4055 4055 1719 4055 1719 4055
3879 518 4476 3879 396 396 518 518 396 518 4476 396 518 4476 396 518 1719 396 518 1300
2651 2651 2651 2651 2651 2651 2651 2651 2651 2651 2651 2651 2651 2651 2651 2651 2651 1300 1300 1300
4055 4055 4055 4055 4055 4055 4055 4055 4055 4055 4055 4055 978 978 1300 4476 396 4476 396 518
2651 1300 1300 1300 1300 1300 1300 1300 1300 1300 1300 1300 1300 1719 1300 1300 1300 1300 978 1719
978 2651 2651 2651 2651 2651 2651 2651 2651 2651 1300 1300 1300 1300 1300 1300 1300 1300 978 978
4055 4055 4055 4055 4055 4055 4055 978 4055 978 396 4476 978 978 1300 1300 978 4055 4055 4055
3879 396 518 2651 1300 1300 1300 978 978 1300 1300 1300 1300 978 978 2651 2651 2651 2651 2651
518 978 978 2651 1300 1300 1300 1300 1300 1300 1300 3879 518 3879 3879 518 4476 3879 3879 518
3879 518 2651 1300 4476 3879 396 3879 518 518 396 518 1300 1300 1300 4476 396 518 1300 1300
1300 1300 1300 1300 1300 2651 2651 1300 1300 1300 1300 1300 1300 1300 1300 1300 1300 2651 2651 1300
396 3879 518 518 396 518 4476 396 518 4476 396 518 1719 396 518 518 4476 3879 518 396
396 518 4476 396 518 4476 978 396 518 1719 396 518 518 978 978 396 518 978 4476 396
396 518 518 978 4055 518 3879 3879 518 518 4476 3879 396 3879 518 518 396 4476 4476 396
1300 1300 1300 1300 1300 1300 978 978 978 3879 518 3879 3879 518 4476 518 3879 3879 518 3879
978 978 978 2651 2651 2651 2651 2651 1300 978 1300 4055 1719 4055 4055 1719 4055 1719 4055 4055
518 1300 4476 396 396 396 518 518 396 518 4476 396 518 4476 396 518 1719 396 396 518
518 518 396 518 4476 396 518 4476 396 518 1719 396 518 518 978 3879 518 978 4476 396
3879 518 1300 1300 2651 1300 1300 1300 978 978 978 978 2651 2651 2651 2651 518 3879 3879 2651
978 978 1300 1300 978 978 978 978 2651 2651 2651 2651 978 978 978 978 2651 2651 2651 2651
518 4476 3879 518 978 4476 3879 518 4476 3879 396 396 518 518 396 518 4476 396 518 4476
3879 3879 518 3879 518 3879 3879 518 2651 2651 2651 2651 518 518 3879 3879 518 3879 518 3879
1300 1300 396 978 1300 1300 1300 1300 1300 1300 1300 1300 1719 1719 1300 1300 1300 1300 1300 1300
1300 1300 978 978 2651 2651 2651 2651 2651 978 978 2651 2651 2651 2651 2651 2651 1300 2651 1300
396 3879 518 518 2651 396 518 1300 4476 1300 1300 396 518 2651 4476 396 518 1300 1300 1719
1300 978 978 978 978 2651 2651 2651 2651 2651 2651 518 3879 3879 3879 518 3879 3879 518 518
4055 4055 4055 4055 4055 4055 4055 4055 4055 978 4055 4055 4055 1300 1300 1300 4055 4055 4055 4055
396 518 518 3879 518 978 978 1300 1300 1300 1300 1300 1300 1300 978 978 978 2651 2651 2651
2651 4476 3879 978 518 518 3879 518 978 1300 2651 1300 978 978 2651 2651 2651 2651 2651 2651
1300 1300 1300 1300 1300 1300 1300 1719 1300 1300 1300 1300 396 1300 1300 1300 1300 978 1719 1300
396 518 518 396 518 4476 396 518 4476 396 518 1719 396 518 4476 396 518 978 1300 1300
1300 1300 1300 1300 1300 1300 1300 1300 1719 4055 1300 1300 1300 1300 978 978 1719 1719 1719 1719
4055 4055 4055 4055 4055 4055 4055 4055 4055 4055 4055 4055 4055 4055 4055 4055 4055 4055 4055 4055
2651 2651 2651 2651 2651 2651 1300 1300 1300 1300 1300 1300 1300 1300 978 978 1300 1300 1300 978
4476 396 518 1719 396 518 518 4476 396 518 396 4476 3879 518 4476 3879 396 396 518 518
1719 978 978 978 978 4055 4055 4055 4055 978 978 1300 1300 4055 4055 4055 4055 4055 4055 4055
2651 2651 2651 2651 2651 2651 2651 2651 2651 2651 2651 4476 396 518 3879 518 2651 1300 4476 3879
3879 3879 518 2651 2651 3879 518 3879 3879 518 2651 2651 518 518 3879 3879 518 2651 2651 3879
3879 396 396 518 518 396 518 4476 396 518 4476 978 518 1719 978 518 518 978 396 518
4055 4055 4055 1719 4055 4055 4055 4055 1300 1300 978 396 4476 4055 1300 1300 1300 1300 1300 1300
4055 4055 1719 1719 4055 4055 4055 4055 4055 4055 4055 4055 4055 4055 4055 4055 4055 4055 4055 4055
978 978 978 978 978 2651 2651 2651 2651 2651 2651 2651 2651 2651 1300 1300 978 4055 1719 4055
518 518 396 518 4476 3879 396 518 4476 3879 396 518 1719 3879 396 518 978 978 4476 3879
4055 1300 1300 1300 1300 4055 4055 4055 4055 396 1300 1300 1300 978 978 2651 2651 2651 2651 2651
518 4055 4055 4055 4055 4055 4055 4055 4055 4055 4055 4055 4055 4055 4055 4055 4055 4055 396 4476
978 978 978 978 978 978 978 978 978 978 978 978 978 978 978 978 978 978 978 978
518 978 978 518 3879 518 3879 518 4476 3879 396 396 518 518 396 518 4476 396 518 4476
2651 2651 4476 1719 518 3879 518 2651 1300 4476 3879 396 3879 518 518 396 518 1300 1300 1300
396 3879 518 518 396 518 4476 396 518 4476 1300 396 1300 518 1300 1719 1300 396 518 4476
518 978 518 2651 2651 3879 3879 3879 518 3879 518 3879 3879 518 1300 1300 978 978 1300 1300
1300 1300 1300 978 978 978 978 2651 2651 2651 2651 1719 2651 2651 2651 2651 2651 2651 2651 2651
3879 518 978 518 3879 518 4476 3879 396 3879 518 518 396 518 4476 3879 396 518 4476 3879
4055 1300 1300 978 396 4476 396 2651 1300 1300 1300 1300 1300 1300 1300 4055 4055 4055 4055 4055
2651 2651 1300 1300 1300 1300 1300 1300 1300 1300 1300 1300 978 978 1300 1300 1300 1300 1300 1300
4055 4055 1719 4055 978 4055 4055 978 978 4055 4055 4055 4055 1300 1300 1300 1300 978 396 4055
3879 396 518 518 3879 3879 518 1300 1300 1300 1300 396 1300 1300 1300 978 978 2651 2651 2651
1300 1300 1300 1300 1719 1300 1300 1300 1300 1300 1300 1719 1300 1300 1300 1300 4055 396 1719 1719
396 518 1300 1300 1300 4476 3879 396 518 518 3879 518 1300 4055 4055 4055 4055 978 1300 1719
3879 518 518 518 3879 3879 518 3879 518 3879 3879 518 4476 518 3879 3879 3879 518 396 1719
3879 518 4476 518 3879 3879 518 518 396 518 518 3879 518 1300 1300 1300 1300 1300 1300 1300
396 518 396 518 4476 3879 396 396 518 518 396 518 4476 396 518 4476 396 518 396 1719
2651 4476 518 2651 2651 3879 3879 518 3879 4476 3879 4476 518 2651 2651 2651 2651 2651 2651 2651
518 518 4476 3879 3879 518 396 518 1300 1300 1300 1300 1300 1300 1300 1300 3879 518 3879 3879
1719 1719 978 978 4055 4055 4055 4055 4055 4055 978 978 1300 1300 4055 4055 4055 4055 4055 4055
518 396 518 4476 396 518 4476 396 518 2651 396 518 518 4476 396 518 396 4476 396 518
518 3879 2651 2651 518 3879 3879 518 2651 2651 4476 518 3879 3879 518 3879 518 3879 3879 518
1719 396 518 4476 396 518 1300 1300 1300 1300 978 978 2651 2651 2651 2651 2651 2651 2651 2651
396 518 3879 518 4476 3879 396 396 518 518 396 518 4476 396 518 4476 396 518 1719 396
4055 4055 4055 978 396 4055 4055 1300 1300 1300 4055 4055 4055 4055 4055 4055 4055 4055 4055 4055
396 978 4476 396 978 978 1719 3879 396 518 4476 3879 396 518 518 3879 518 1300 396 1300
1300 1300 1300 978 978 978 396 4476 3879 518 4476 3879 396 3879 518 518 396 518 4476 396
396 518 518 978 3879 978 518 518 396 518 4476 3879 396 396 518 518 396 518 4476 396
4055 4055 4055 4055 1719 1719 4055 4055 4055 4055 4055 4055 4055 4055 978 978 1300 1300 4055 4055
3879 518 3879 3879 518 518 3879 518 3879 3879 518 1300 1300 1300 1300 1300 1300 1300 1300 978
1719 1300 1300 2651 978 4476 4055 978 1300 1300 1300 978 4055 4055 4055 4055 4055 4055 4055 4055
1300 1300 978 978 978 978 2651 2651 2651 2651 2651 2651 2651 2651 2651 1719 2651 2651 2651 1300
1300 1300 1300 1719 396 1300 1300 1300 1300 4055 1719 1719 1300 1300 1300 1300 1719 4055 4055 4055
1300 1300 1300 1719 1300 1300 1300 1300 1300 1300 1300 1300 1719 1300 1300 1300 1300 978 1719 396
518 4476 396 396 396 518 518 396 518 4476 396 518 4476 396 518 1719 396 518 4476 396
1719 396 518 978 978 518 978 1300 1300 1300 1300 978 1300 1300 1300 978 978 978 978 2651
3879 518 3879 518 3879 3879 518 1300 1300 1300 1300 1300 1300 978 978 978 978 2651 2651 2651
3879 396 518 4476 3879 396 518 1300 1300 1300 1300 978 978 1300 1300 1300 1300 978 1719 978
2651 4476 3879 978 518 518 3879 518 978 1300 2651 1300 978 978 2651 2651 2651 2651 2651 2651
1300 1300 1719 978 2651 1300 1300 1300 1719 1719 1300 1300 1300 1300 396 1719 1719 1300 1300 1300
3879 396 3879 518 518 396 518 4476 396 518 4476 396 518 1719 3879 396 518 2651 4476 3879
1300 978 978 1300 1300 1300 1300 1300 1300 1300 1300 1300 1300 1300 1300 1300 1300 1300 1300 1300
518 4476 396 518 1719 396 518 4055 4055 4055 4055 4055 4055 4055 4055 4055 4055 4055 4055 4055
396 518 4476 3879 396 518 1719 3879 396 518 4476 3879 396 518 518 3879 518 396 1300 1300
978 1300 1300 1300 1300 1300 1300 4055 4055 4055 4055 4055 4055 4055 4055 4055 4055 4055 4055 4055
1300 1300 1300 978 978 1300 1300 1300 1300 1300 1300 1300 1300 1300 1300 1300 1300 1300 1300 1300
2651 2651 2651 2651 2651 2651 2651 2651 2651 2651 2651 1300 1300 2651 2651 1300 1300 1300 1300 1300
3879 396 3879 518 518 396 518 4476 396 518 4476 3879 396 518 1719 3879 396 518 4476 3879
978 1300 1300 1300 978 396 978 2651 2651 4055 4055 4055 4055 2651 2651 2651 2651 2651 2651 2651
1300 978 4055 1719 4055 4055 1719 4055 1719 4055 4055 1719 4055 4055 4055 4055 4055 4055 4055 4055
2651 2651 2651 2651 2651 2651 2651 2651 2651 2651 2651 2651 1300 1300 1300 1300 978 1300 1300 1300
4055 4055 4055 4055 4055 4055 4055 4055 4055 4055 4055 4055 4055 978 978 978 1300 978 4476 396
4476 3879 978 518 518 3879 518 978 1300 2651 1300 978 978 2651 2651 2651 2651 2651 2651 2651
518 396 518 4476 3879 396 518 4476 3879 396 518 1719 3879 396 518 978 978 4476 3879 396
4476 3879 396 396 518 518 396 518 1300 1300 4476 396 518 4476 396 518 1719 396 518 1300
4055 4055 4055 4055 4055 4055 4055 4055 4055 4055 4055 4055 4055 4055 4055 4055 4055 4055 4055 4055
978 1300 978 978 978 1300 1300 978 978 978 978 978 978 2651 2651 2651 2651 2651 2651 2651
1300 1300 1300 1300 1300 1300 3879 3879 518 3879 518 3879 3879 518 518 4476 518 3879 3879 3879
1300 4476 396 518 4476 3879 396 518 1719 396 396 518 4476 396 518 1300 1300 1300 1300 978
396 518 518 3879 518 1300 1300 1300 1300 1300 1300 1300 1300 396 4476 978 978 3879 518 3879
1300 1300 978 4055 1719 4055 4055 978 1719 4055 1719 4055 4055 1719 4055 4055 4055 4055 4055 4055
4055 4055 4055 4055 4055 978 4055 4476 4055 1300 1300 1300 4055 4055 4055 4055 4055 4055 4055 4055
4055 1719 1719 4055 4055 4055 4055 1719 1719 4055 4055 978 978 1300 1300 1719 1719 4055 4055 4055
518 518 3879 3879 518 3879 518 3879 3879 518 4055 518 3879 3879 518 4055 4055 4055 4055 4055
4055 4055 4055 4055 4055 4055 4055 4055 4055 4055 4055 1300 978 4055 4055 978 978 1300 1300 1300
1719 396 518 518 4476 3879 518 396 518 396 518 4476 3879 396 396 518 518 396 518 4476
1719 1719 1719 978 396 518 396 518 1719 1719 978 978 4055 4055 978 978 1300 1300 1300 1300
1300 1300 1300 1300 1300 1300 1300 1300 978 978 1300 1300 1300 1300 1300 1300 1300 1300 1300 1300
3879 518 518 396 518 4476 396 518 4476 396 518 1719 3879 396 518 978 4476 3879 396 4476
3879 518 4476 3879 396 3879 518 518 396 518 4476 3879 396 518 4476 3879 4476 518 1719 3879
518 396 518 4476 3879 396 518 396 396 4476 3879 396 518 1719 3879 1300 1300 1300 1300 1300
1300 1300 1300 1300 1300 1300 1300 1300 1719 1300 1300 1300 1300 978 1719 396 1300 1300 1300 1300
396 518 4055 4055 4055 4055 4476 396 396 518 518 3879 518 1300 978 4055 4055 4055 4055 1300
978 518 396 518 4476 396 396 396 518 518 396 518 4476 396 518 4476 396 518 1719 396
4055 4055 4055 4055 4055 4055 4055 4055 4055 4055 4055 4055 4055 4055 1300 1300 1300 4055 4055 4055
2651 1300 1300 396 1300 1300 1300 1300 1300 1300 1300 1300 1300 1300 978 4476 396 4476 3879 518
4055 4055 4055 4055 4055 978 978 978 4476 518 396 518 4476 396 396 396 518 518 396 518
4476 396 518 518 3879 518 1300 396 1300 1300 1300 978 978 2651 2651 2651 2651 2651 2651 2651
518 4476 396 518 4476 396 518 1719 396 396 518 4055 4055 4055 4055 4476 396 396 518 518
1300 1300 1300 1300 1300 1300 1300 1300 978 978 1300 1300 1300 978 978 2651 2651 2651 2651 2651
518 3879 3879 518 518 3879 3879 518 3879 3879 518 1300 518 3879 3879 518 2651 2651 3879 4476
1300 1300 978 978 2651 2651 2651 2651 2651 2651 2651 2651 2651 2651 2651 2651 1300 1300 1300 1300
4055 4055 4055 4055 4055 4055 978 4055 4476 4055 1300 1300 1300 4055 4055 4055 4055 4055 4055 4055
1300 1300 978 1300 1300 1300 1300 1300 1300 1719 1300 1300 1300 1300 1300 1300 1719 1300 1300 1300
4055 1719 978 1719 978 4055 1719 978 978 978 978 978 978 2651 2651 2651 2651 2651 2651 2651
396 518 4476 396 518 4476 396 518 1719 396 396 518 4476 3879 396 518 978 1300 1300 1300
3879 978 518 2651 2651 2651 2651 2651 2651 2651 2651 2651 2651 2651 2651 1300 1300 2651 2651 2651
978 978 978 978 518 2651 2651 2651 2651 3879 3879 518 3879 518 3879 3879 518 2651 2651 1300
3879 518 4476 3879 396 396 518 518 396 518 4476 396 518 4476 396 518 1300 1300 1719 1300
1300 1300 1300 1719 1300 1300 1300 1300 1719 4055 1300 1300 1300 1300 1719 1719 1719 1300 1300 1300
4055 4055 4055 4055 4055 4055 4055 4055 4055 4055 4055 4055 4055 4055 4055 4055 4055 4055 4055 4055
518 4476 396 518 1719 396 518 4476 396 518 518 3879 518 1300 1300 1300 1300 1300 1300 1300
4055 4055 4055 4055 4055 2651 978 4476 4476 978 978 1300 1300 1300 978 978 4055 4055 4055 4055
978 978 978 978 978 978 978 978 978 978 978 978 978 978 978 978 978 978 978 978
978 978 978 978 1300 978 1300 978 978 978 978 2651 2651 2651 2651 978 978 978 978 2651
978 2651 1300 1300 1300 1300 1300 1300 1300 1300 1719 1300 1300 1300 1300 396 1300 1300 1300 1300
978 978 978 978 978 978 978 518 396 518 4476 396 396 396 518 518 978 518 4476 396
2651 2651 1300 1300 978 1300 4055 1719 4055 4055 1719 4055 1719 4055 4055 1719 4055 978 4055 4055
1300 1300 1300 1300 1300 1300 1300 1300 4476 1719 518 3879 518 4476 3879 396 3879 518 518 396
518 3879 3879 3879 518 3879 518 3879 3879 518 1300 1300 1300 1300 978 978 1300 1300 978 978
518 3879 3879 518 518 3879 1300 1300 1300 1300 1300 1300 1300 1300 978 978 978 978 1719 1719
4055 4055 4055 1300 1300 1300 1300 1300 1300 1300 978 978 2651 2651 2651 2651 2651 2651 2651 2651
1719 978 978 2651 2651 2651 2651 2651 2651 2651 2651 2651 2651 2651 2651 2651 2651 2651 2651 2651
518 396 518 4476 396 518 4476 396 518 1719 3879 396 518 4476 396 396 518 1300 1300 1300
518 2651 2651 2651 2651 2651 2651 2651 2651 2651 2651 1300 1300 1300 1300 1300 1300 518 4476 518
1300 1300 2651 1300 1300 1300 1300 1300 1300 1300 1719 1300 1300 1300 1300 978 1719 1300 1300 1300
518 4476 518 3879 3879 3879 518 3879 518 3879 3879 518 1300 1300 1300 1300 1300 1300 978 978
4055 4055 4055 4055 4055 4055 4055 4055 4055 4055 4055 4055 4055 4055 4055 4055 4055 4055 4055 396
2651 2651 2651 2651 2651 2651 2651 2651 1300 1300 1300 1300 1300 1300 1300 1300 1300 1300 1300 1300
1300 1300 1300 978 978 2651 2651 2651 2651 2651 2651 2651 2651 2651 1300 1300 1300 1300 1300 1300
396 978 2651 2651 4055 4055 4055 4055 2651 2651 2651 2651 2651 2651 2651 2651 2651 2651 1300 1300
4055 4055 1719 978 978 978 978 4476 978 4476 396 518 4476 396 396 396 518 518 396 518
1300 4476 978 518 3879 518 4476 3879 396 396 518 518 396 518 4476 396 518 4476 396 518
1300 1300 1300 1300 1300 1300 1300 1719 1719 1300 1300 1300 1300 1300 1300 1300 1300 1719 1719 978
1719 1719 978 978 978 978 4476 396 518 4476 3879 396 396 518 518 396 518 4476 396 518
4055 4055 4055 4055 4055 4055 4055 4055 4055 4055 4055 4055 4055 4055 4055 4055 4055 4055 4055 4055
1300 1300 1300 1300 1300 1300 1300 1300 1300 1300 2651 2651 1300 1300 1300 1300 1300 1300 1300 1300
2651 2651 978 2651 2651 2651 2651 2651 2651 2651 2651 1300 1300 1300 978 1300 1300 1300 978 1300
978 978 978 978 2651 2651 2651 2651 2651 2651 2651 2651 2651 2651 2651 2651 2651 2651 2651 2651
4476 396 518 1719 396 518 978 978 978 3879 518 3879 3879 518 4476 518 3879 3879 518 3879
2651 2651 3879 518 3879 3879 518 2651 2651 2651 2651 2651 2651 1300 1300 1300 1300 1300 1300 518
4055 4055 4055 4055 978 1300 4055 4055 4055 4055 4055 4055 4055 4055 4055 4055 4055 4055 978 4055
1300 1300 1300 1300 1300 1300 1300 1300 1300 1300 1300 1300 1300 1300 978 978 1300 1300 1300 1300
518 3879 518 3879 3879 518 4476 518 3879 3879 3879 518 396 1719 1300 1300 1300 1300 1300 1300
2651 2651 2651 2651 2651 2651 2651 2651 2651 2651 2651 2651 2651 2651 2651 2651 1300 1300 1300 1300
978 978 978 978 518 396 518 4476 3879 396 3879 518 518 396 518 4476 396 518 4476 3879
1300 1300 1300 1300 1300 978 396 4476 396 518 4476 3879 396 396 518 518 396 518 4476 396
518 518 2651 2651 2651 2651 3879 3879 518 3879 518 3879 3879 518 2651 2651 518 518 3879 3879
3879 3879 518 518 3879 1300 1300 1300 1300 1300 2651 1300 1300 978 978 978 978 1719 1719 978
2651 2651 2651 2651 2651 2651 2651 2651 2651 2651 2651 2651 2651 2651 2651 1300 1300 1300 1300 1300
4055 4055 4055 4055 4055 4055 4055 4055 4055 4055 4055 4055 4055 4055 4055 4055 4055 4055 4055 4055
978 2651 2651 2651 2651 2651 978 978 2651 2651 2651 2651 2651 2651 1300 2651 1300 1300 1300 1300
978 1300 1300 1300 978 978 978 978 978 978 978 978 978 978 978 2651 2651 2651 2651 2651
1300 1300 1300 1300 1300 1300 978 1719 518 3879 518 4476 3879 396 396 518 518 396 518 4476
1300 1300 1300 1300 978 1300 1300 1300 1300 1300 1300 1719 1300 1300 1300 1300 1300 1300 1719 1300
1300 1300 1719 1300 1300 2651 1300 1300 1300 1300 1300 1300 1300 1719 1300 1300 1300 1300 978 1719
978 978 4055 978 978 1300 1300 978 4055 4055 4055 4055 4055 4055 4055 4055 4055 4055 4055 4055
518 3879 3879 518 3879 518 3879 3879 518 2651 2651 518 518 3879 3879 518 2651 2651 3879 518
4055 4055 4055 1719 4055 4055 4055 4055 1300 1300 978 396 4476 4055 1300 1300 1300 1300 1300 1300
4055 4055 4055 978 1300 1300 4055 4055 4055 4055 4055 4055 4055 4055 4055 4055 4055 4055 4055 1300
978 978 978 978 978 978 978 978 978 978 978 978 978 978 978 978 2651 978 978 978
518 396 518 4476 396 396 396 518 518 396 518 4476 1300 396 518 1300 1300 4476 396 518
1300 978 978 978 978 978 978 2651 2651 2651 2651 978 978 978 978 2651 2651 2651 2651 2651
2651 1300 1300 1300 1300 1719 1300 1300 1300 1300 1300 978 1300 1300 1300 1300 1300 1300 1719 1300
978 2651 2651 2651 2651 2651 2651 2651 2651 2651 2651 1300 1300 1300 978 978 1300 1300 1300 1300
978 1300 1300 1300 978 978 978 4055 4055 4055 4055 4055 4055 4055 4055 4055 4055 4055 4055 4055
2651 2651 2651 2651 2651 2651 1300 1300 1300 1300 1300 978 1300 978 1300 1300 1300 978 978 2651
3879 518 3879 3879 518 978 518 3879 3879 518 3879 518 3879 3879 518 2651 2651 2651 2651 2651
2651 2651 2651 2651 2651 2651 2651 1300 1300 1300 1300 1300 1300 1300 1300 978 1719 4476 3879 518
1300 1300 1300 1300 1300 1300 1719 1719 1719 1719 1719 1719 1300 1300 1300 1300 1300 1300 1300 1300
2651 2651 2651 2651 2651 2651 2651 2651 1300 1300 1300 4476 396 4476 396 518 1300 1300 4476 3879
1300 978 978 978 978 2651 2651 2651 2651 2651 978 978 2651 978 978 2651 2651 2651 1300 1300
3879 518 518 3879 1300 1300 1300 1300 1300 2651 2651 1300 978 978 978 978 1719 1719 978 978
3879 3879 3879 3879 518 518 3879 3879 518 1300 1300 2651 1300 1300 1300 978 978 978 978 2651
1719 978 978 978 978 4476 396 518 4476 396 396 396 518 518 396 518 4476 396 518 4476
396 518 978 978 518 518 396 518 978 978 1300 1300 1300 1300 1300 2651 1300 978 978 978
396 518 4476 396 518 1719 396 518 518 4476 396 518 396 4476 396 518 4476 3879 396 396
4055 4055 4055 4055 4055 4055 4055 4055 4055 4055 4055 4055 4055 4055 4055 4055 4055 4055 4055 4055
978 1300 1300 978 978 1300 1300 1300 978 978 2651 2651 2651 2651 2651 2651 2651 2651 2651 1300
4055 4055 4055 4055 4055 4055 4055 4055 4055 4055 4055 4055 4055 4055 978 978 978 978 978 978
978 978 978 978 978 978 978 978 978 978 978 978 978 978 978 978 2651 2651 2651 2651
518 978 978 1300 1300 1300 1300 1300 2651 1300 978 978 978 2651 2651 2651 2651 2651 2651 2651
1300 1300 1300 1300 1300 1300 1300 1719 1719 1719 1719 1719 1719 1300 1300 1300 1300 1300 1300 1300
1300 1300 1300 1300 2651 1300 518 4476 518 1300 1300 3879 3879 3879 518 3879 518 3879 3879 518
518 3879 3879 518 518 2651 2651 4476 518 3879 3879 3879 518 3879 518 3879 3879 518 2651 2651
1719 4055 4055 1719 4055 4055 4055 4055 4055 4055 4055 4055 4055 4055 4055 4055 1300 4055 4055 4055
4055 4055 4055 4055 4055 4055 4055 4055 4055 4055 4055 4055 4055 4055 4055 4055 4055 4055 4055 4055
1300 1300 1300 1719 1719 1719 1719 1719 1719 1300 1300 1300 1300 1300 1300 1300 1300 1719 1719 396
1300 1300 1300 1300 1300 2651 2651 1300 1300 1300 1300 1300 1300 1300 1300 1300 1300 1300 1300 1300
978 396 2651 2651 2651 2651 2651 2651 2651 2651 2651 1300 1300 1300 1300 1300 1300 1300 1300 978
3879 518 3879 518 3879 3879 518 4476 518 3879 3879 3879 518 396 1719 1300 1300 1300 1300 1300
978 978 978 978 978 978 978 978 978 978 978 978 978 978 978 978 978 978 978 978
1300 1300 1300 1300 978 978 1300 1300 1300 1300 1300 1300 1719 1719 978 396 1300 1300 1300 1300
978 978 978 4476 3879 518 4476 3879 396 396 518 518 396 518 4476 3879 396 518 4476 3879
978 978 978 2651 978 2651 2651 978 978 978 978 978 978 978 978 3879 978 3879 978 978
518 1300 4476 396 396 396 518 518 396 518 4476 396 518 4476 396 518 1719 396 396 518
2651 2651 2651 2651 2651 2651 2651 1300 1300 1300 1300 1300 1300 1300 1300 1300 1300 1300 1300 1300
4055 978 978 1300 1300 978 978 978 4055 4055 4055 4055 4055 4055 4055 4055 4055 4055 4055 4055
978 978 978 1719 1719 978 978 2651 2651 2651 2651 2651 2651 2651 2651 2651 2651 2651 2651 2651
978 978 978 396 518 978 396 396 396 518 518 396 518 4476 396 518 4476 978 978 396
3879 518 518 518 3879 3879 518 3879 518 3879 3879 518 4476 518 3879 3879 3879 518 396 1719
1300 1300 1300 1300 1300 1300 1300 1719 1719 396 4476 1719 1719 4055 4055 4055 4055 4055 4055 4055
2651 2651 3879 978 518 2651 2651 2651 2651 2651 2651 2651 2651 2651 2651 2651 2651 2651 2651 1300
2651 2651 1300 1300 1300 1300 1300 1300 978 978 4055 4055 1719 1719 4055 4055 4055 4055 1719 1719
1300 978 1300 4055 1719 4055 4055 1719 4055 1719 4055 4055 1719 4055 978 4055 4055 4055 4055 4055
1719 978 4055 1719 978 1719 4055 4055 1719 978 978 978 978 978 978 2651 2651 2651 2651 2651
1300 1300 1300 1300 1300 1719 1719 1300 1300 1300 1300 1300 1300 1300 1300 1719 1719 1719 4055 4055
2651 2651 4476 1719 518 3879 518 2651 1300 4476 3879 396 3879 518 518 396 518 1300 1300 1300
518 4476 396 518 4476 1300 396 1300 518 1300 1719 1300 396 518 4476 396 4476 1300 1300 1300
1300 1300 1300 1300 1300 1719 1719 4055 4055 4055 4055 4055 4055 4055 4055 4055 4055 1300 1300 1300
1300 1300 1300 1300 1300 978 978 3879 518 3879 3879 518 518 518 3879 3879 518 1300 1300 1300
2651 1300 1300 978 4055 978 1719 1300 1300 4055 4055 1719 4055 1719 4055 4055 1719 4055 4055 4055
518 396 518 4476 396 518 4476 396 4476 1719 396 518 4476 3879 396 518 518 3879 518 1300
396 518 4476 3879 396 518 1300 1300 1300 1300 1300 1300 1300 1300 978 978 978 978 2651 2651
518 396 978 4476 3879 396 518 518 3879 3879 518 1300 1300 1300 1300 1300 1300 1300 1300 396
1300 1300 1300 1300 978 978 4055 4055 4055 4055 4055 4055 4055 4055 4055 4055 4055 4055 4055 4055
3879 518 3879 3879 518 1300 1300 1300 1300 1300 1300 1300 1300 978 978 1719 1719 978 978 2651
978 978 978 396 518 396 518 4476 3879 396 396 518 518 396 518 4476 396 518 4476 396
3879 518 4476 518 3879 3879 518 518 396 518 518 3879 518 1300 1300 1300 1300 1300 1300 1300
396 518 1719 396 518 1300 4476 396 518 518 3879 518 396 1300 1300 1300 1300 1300 1300 1300
3879 396 518 4476 396 518 1300 1300 1300 1300 978 978 2651 2651 2651 2651 2651 2651 2651 2651
4055 4055 4055 978 978 4055 4055 4055 978 978 1300 1300 4055 4055 4055 4055 4055 4055 4055 4055
1300 978 1300 978 978 1300 1300 1300 978 978 2651 2651 2651 2651 2651 2651 2651 2651 2651 2651
2651 2651 2651 2651 2651 2651 2651 2651 2651 1300 1300 1300 1300 1300 1300 1300 1300 978 1719 4476
978 978 1300 2651 2651 978 978 978 978 2651 2651 2651 2651 2651 2651 2651 2651 2651 2651 2651
1300 1300 1300 978 978 978 978 978 978 978 978 978 978 978 2651 2651 2651 2651 2651 2651
4055 4055 4055 4055 4055 4055 4055 4055 4055 4055 4055 4055 4055 4055 4055 4055 4055 4055 4055 4055
2651 2651 2651 2651 2651 2651 2651 2651 2651 2651 2651 2651 2651 2651 2651 2651 2651 2651 2651 2651
518 3879 518 3879 3879 518 518 518 3879 3879 518 2651 2651 3879 518 3879 3879 518 2651 2651
4055 4055 1719 1719 4055 4055 4055 4055 1719 1719 4055 4055 4055 4055 4055 4055 4055 4055 4055 4055
396 2651 1300 1300 1300 1300 1300 1300 1300 4055 4055 4055 4055 4055 4055 4055 4055 4055 4055 4055
1719 4055 4055 1719 1719 4055 4055 4055 4055 1719 1719 4055 4055 4055 4055 4055 4055 4055 4055 978
4055 4055 4055 4055 4055 4055 4055 4055 4055 4055 4055 4055 4055 978 4055 4055 4055 1300 1300 1300
3879 396 518 518 3879 518 1300 396 1300 1300 1300 1300 1300 1300 1300 978 978 2651 2651 2651
396 396 396 518 518 396 518 4476 396 518 4476 978 396 518 1719 396 518 518 978 978
1300 1300 1300 978 396 4476 396 518 4476 396 396 396 518 518 396 518 4476 396 518 4476
518 2651 1300 978 3879 518 3879 3879 518 1300 518 3879 3879 518 3879 518 3879 3879 518 4476
396 3879 518 518 396 518 4476 3879 396 518 4476 3879 4476 518 1719 3879 396 518 1300 1300
3879 518 518 396 518 4476 396 518 4476 396 518 1719 396 518 4476 396 396 4476 4476 518
3879 518 3879 3879 518 518 4476 518 3879 3879 3879 3879 518 3879 518 3879 3879 518 1300 1300
978 1300 1300 1300 1300 1300 1300 396 1300 1300 1300 978 978 3879 518 3879 3879 518 4476 3879
1300 1300 1300 1300 1300 1300 1300 1300 1300 1300 1300 1300 1300 1300 1719 978 1300 1300 1300 1300
2651 2651 2651 2651 2651 978 978 978 978 2651 2651 2651 1300 1300 978 1300 4055 1719 4055 4055
518 978 978 518 978 1300 1300 1300 1300 978 1300 1300 1300 978 978 978 978 2651 2651 2651
978 978 1300 978 978 978 978 2651 2651 2651 2651 2651 2651 2651 978 978 978 396 2651 2651
4055 4055 978 2651 4055 4055 4055 4055 4055 4055 4055 4055 978 1300 1300 1300 1300 978 978 1300
1300 978 3879 518 3879 3879 518 1300 518 3879 3879 518 3879 518 3879 3879 518 1300 518 3879
978 396 518 3879 518 4476 3879 396 3879 518 518 396 518 4476 3879 396 518 4476 3879 396
4055 4055 4055 4055 4055 4055 4055 4055 4055 4055 1300 1300 1300 4055 4055 4055 4055 1300 1300 1300
1300 1300 1300 1300 1300 1300 1300 1300 1300 1300 1300 1300 1300 1300 1300 1300 1300 1300 1300 1300
978 4055 978 1300 1300 1300 4055 4055 4055 4055 4055 4055 4055 4055 4055 4055 4055 4055 4055 4055
4055 1719 1719 4055 4055 4055 4055 1719 1719 4055 4055 1719 1719 4055 4055 4055 4055 1719 1719 4055
4055 1719 4055 4055 4055 978 1300 1300 4055 4055 4055 4055 4055 4055 4055 4055 4055 4055 4055 4055
396 4055 978 978 1300 1300 978 4055 4055 4055 4055 4055 4055 4055 4055 4055 4055 4055 4055 4055
978 2651 2651 2651 2651 2651 978 1300 1300 1300 1300 1300 1300 1719 1300 1300 1300 1300 1300 1300
1300 1300 1300 1300 1300 1300 1300 1300 1300 978 396 1719 1300 1300 1300 1300 1719 1300 1300 4055
2651 2651 2651 2651 978 978 2651 2651 2651 2651 2651 978 1300 1300 1300 1300 1300 1300 1719 1300
2651 1300 1300 1300 978 4055 1719 4055 4055 978 1719 4055 1719 4055 4055 1719 4055 4055 4055 4055
1300 1300 1300 1300 978 978 978 1300 1300 1300 978 978 2651 2651 2651 2651 2651 2651 2651 2651
3879 3879 518 3879 518 3879 3879 518 4476 518 3879 3879 518 518 396 518 518 3879 518 1300
4476 396 518 4476 978 396 518 1719 396 518 518 978 978 396 518 978 4476 396 518 4476
1300 4476 3879 396 518 518 3879 3879 518 1300 1300 1300 1300 396 1300 1300 1300 978 978 2651
4055 4055 4055 4055 1719 1719 4055 4055 4055 4055 4055 4055 4055 4055 978 978 1300 1300 4055 4055
2651 2651 2651 2651 1300 1300 1300 1300 1300 1300 1300 1300 1300 1300 1300 1300 1300 1300 1719 978
4476 3879 396 518 1300 1300 1300 1300 396 1300 1300 1300 1300 978 978 2651 2651 978 978 2651
518 3879 3879 518 518 518 3879 3879 518 3879 518 3879 3879 518 4476 518 3879 3879 518 518
978 2651 2651 2651 2651 2651 2651 2651 1300 978 4055 1719 4055 4055 1719 4055 1719 4055 4055 1719
2651 1719 2651 2651 2651 2651 2651 2651 2651 2651 1300 1300 1300 1300 1300 1300 1300 1300 1300 1300
2651 2651 2651 2651 1300 1300 2651 2651 1300 1300 1300 1300 1300 1300 1300 1300 1300 1300 1300 1300
978 978 4055 978 1719 1719 4055 4055 4055 4055 1719 1719 4055 4055 978 978 1300 1300 1719 1719
4055 4055 978 396 4055 978 978 1300 1300 1300 1300 1300 1300 4055 4055 4055 4055 4055 4055 4055
1300 1300 1300 1300 1300 1300 1300 1300 2651 2651 1300 1300 1300 1300 1300 1300 1300 1300 1300 1300
2651 2651 2651 2651 2651 4476 1719 518 3879 518 2651 1300 4476 3879 396 3879 518 518 396 518
4476 3879 396 518 518 3879 3879 518 1300 1300 1300 1300 396 1300 1300 1300 978 978 2651 2651
1300 1300 978 978 2651 2651 2651 2651 2651 2651 2651 2651 2651 2651 2651 2651 1300 1300 1300 1300
4055 4055 1719 4055 1719 4055 4055 1719 4055 4055 4055 4055 4055 4055 4055 4055 4055 4055 4055 4055
1300 1300 1300 1300 1300 1300 1300 1719 1719 396 4476 1719 1719 4055 4055 4055 4055 4055 4055 4055
1719 978 1300 4055 4055 1719 4055 1719 4055 4055 1719 4055 4055 4055 4055 4055 4055 4055 4055 4055
1300 978 4055 978 1719 1300 1300 4055 4055 1719 4055 1719 4055 4055 1719 4055 4055 4055 4055 4055
4476 3879 518 396 518 3879 518 4476 3879 396 396 518 518 396 518 4476 396 518 4476 396
