1245 535 996 1529 1529 996 1529 1020 1245 1363 1363 1020 1245 1930 1930 1930 1553 939 939 953
535 996 1529 1529 996 1529 1742 1742 274 274 274 64 64 64 1307 1245 535 996 1529 1529
1553 953 1742 953 1462 1462 1462 1462 1462 1983 1587 238 1683 177 238 1587 1587 238 1683 177
537 1983 537 537 1553 1930 1930 914 1553 537 537 1553 238 177 1930 1930 177 177 238 238
274 274 953 953 1742 1742 1307 1245 535 996 1529 1529 996 1529 1742 1742 274 274 274 64
64 64 1307 1245 535 996 1529 1529 996 1529 1020 1245 1363 1363 1020 1245 1587 1587 1587 64
1553 1930 1930 914 1553 537 537 1553 238 177 1930 1930 177 177 238 238 238 1683 238 953
1307 1245 535 996 1529 1529 996 1529 1742 1742 274 274 274 274 274 1553 64 64 1307 1245
996 1529 1742 1742 274 274 274 64 64 64 1307 1245 535 996 1529 1529 996 1529 1020 1245
953 1742 1742 1307 1245 535 996 1529 1529 996 1529 1742 1742 274 274 274 1553 64 64 64
1307 1245 535 996 1529 1529 238 238 1529 1020 1245 1363 1363 1020 1245 1587 1587 1587 64 1462
1683 322 322 177 238 238 1683 238 939 953 1553 1553 939 953 303 303 303 303 303 1983
274 274 64 64 1742 1742 1307 1245 535 996 1529 1529 996 1529 1020 1245 1363 1363 1020 1245
1462 1462 1462 1462 1983 1587 996 1683 177 238 1587 238 1683 1587 177 238 238 1683 238 939
322 177 238 238 1683 238 939 953 1553 939 953 303 303 303 303 303 1983 1587 238 1683
1553 939 953 303 303 303 303 303 1983 1587 1587 996 1683 177 238 1587 1587 996 1683 1587
535 996 1529 1529 996 1529 1742 1742 274 274 274 64 64 64 1307 1245 535 996 1529 1529
238 322 322 238 1683 322 322 177 238 238 1683 238 939 953 64 1553 939 953 303 303
1683 322 177 238 238 1683 238 939 953 1553 939 953 303 303 303 303 303 1983 1587 238
1307 1245 535 996 1529 1529 996 1529 1742 1742 274 274 274 1553 64 1307 1245 535 996 1529
1245 1363 1363 1020 1245 1587 1587 1587 939 939 1553 953 1742 953 1462 1462 1462 1462 1462 1983
322 177 238 238 1683 238 939 953 1553 1553 939 953 303 303 303 303 303 1983 1587 1587
485 485 485 1742 537 1983 537 914 1553 914 1553 537 537 1553 485 485 485 485 485 485
1245 1363 1363 1020 1245 1587 1587 1587 64 1462 1462 953 1742 953 1462 1462 1462 1462 1462 1983
1529 1529 996 1529 1742 1742 274 274 274 274 274 64 64 64 1307 1245 535 996 1529 1529
274 64 64 64 1742 1742 64 1307 1245 535 996 1529 1529 996 1529 1020 1245 1363 1363 1020
1683 238 939 953 64 939 953 1462 1462 1462 1462 1462 1983 1587 238 1683 177 238 1587 1587
1462 1462 1462 1983 1930 1930 996 1683 177 238 537 1983 537 914 1553 1930 1930 914 1553 537
274 274 64 64 64 1307 1245 535 996 1529 1529 996 1529 1020 1245 1363 1363 1020 1245 1587
485 485 485 485 485 485 953 1462 1462 1462 537 1983 537 914 1553 914 1553 1462 537 537
64 1307 1245 535 996 1529 1529 238 996 1529 1020 1245 1363 1020 1245 1930 1363 1930 1930 939
322 177 238 238 1683 238 939 953 1553 1553 939 953 303 303 303 303 303 1983 1587 1587
1307 1245 535 996 1529 1529 996 1529 1020 1245 1363 1363 1020 1245 1930 1930 1930 1553 939 939
535 996 1529 1529 996 1529 1020 1245 1363 1363 1020 1245 1587 1587 1587 1553 1462 939 953 1742
274 64 64 64 1307 1245 535 996 1529 1529 996 1529 1020 1245 1363 1363 1020 1245 1587 1462
485 485 485 1930 1462 1462 1462 1462 537 1983 537 953 1553 914 1553 1462 537 537 1553 1983
1462 1983 322 238 1683 177 238 322 238 1683 322 177 238 238 1683 238 939 953 64 939
1462 1462 1983 1587 996 1683 177 238 1587 238 1683 1587 177 238 238 1683 238 939 953 64
1529 996 1529 1020 1245 1363 1363 1020 1245 1930 1930 1930 64 939 939 953 1742 953 1462 1462
1742 1742 274 274 274 64 64 64 1307 1245 535 996 1529 1529 238 996 1529 1020 1245 1363
537 64 537 1553 1983 64 238 996 1553 64 939 996 535 537 914 1553 914 1553 537 537
996 1529 1020 1245 1363 1363 1020 1245 1587 1587 1587 1553 1462 939 953 1742 1742 1742 953 1462
996 1529 1529 238 996 1529 1020 1245 1363 1020 1245 1930 1363 1930 1930 939 939 953 1553 1742
1307 1245 535 996 1529 1529 996 1529 1742 1742 274 274 274 1553 64 1307 1245 535 996 1529
1742 485 485 485 485 485 485 485 485 485 485 1742 537 1983 537 914 1553 914 1553 537
1363 1020 1245 1930 1930 1930 1553 939 939 953 1742 953 1462 1462 1462 1462 1462 1983 322 996
1742 1742 1363 1245 274 274 274 274 274 64 64 64 64 1742 1742 1307 1245 535 996 1529
953 953 953 953 1742 1742 1742 1307 1245 535 996 1529 1529 996 1529 1742 1742 1742 1245 1245
1020 1245 1363 1363 1020 1245 1587 1587 1587 1587 939 1553 953 274 953 1742 1742 64 64 1587
537 64 914 1553 1462 537 537 1553 1462 1983 322 322 996 1683 177 238 322 322 996 1683
1307 1245 535 996 1529 1529 996 1529 1742 1742 274 274 274 274 274 1553 64 64 1307 1245
64 1307 1245 535 996 1529 1529 996 1529 1020 1245 1363 1363 1020 1245 1587 1587 1587 1553 1462
1553 1930 1930 914 1553 537 537 1553 238 177 1930 1930 177 177 238 238 238 1683 238 953
939 939 953 1742 953 1462 1462 1462 1462 1462 1983 1587 996 1683 177 238 1587 1587 996 1683
1462 1462 1983 1930 1930 996 1683 177 238 537 1983 537 914 1553 1930 1930 914 1553 537 537
1245 535 996 1529 1529 996 1529 1020 1245 1363 1363 1020 1245 1587 1587 1587 1462 939 1553 953
939 939 1553 953 953 1462 1462 1462 1462 1462 1983 322 996 1683 177 238 322 322 996 1683
177 238 322 322 238 1683 322 322 177 238 238 1683 238 939 953 64 1553 939 953 303
1553 914 64 537 537 1553 996 535 537 914 1553 914 1553 537 537 1553 485 485 485 485
1462 1462 1462 1462 1983 322 238 1683 177 238 322 322 996 1683 177 238 238 1683 238 939
238 1683 322 322 177 238 238 1683 238 939 953 1553 1553 939 953 303 303 303 303 303
537 537 1553 485 485 485 485 485 485 485 485 485 485 1930 1930 1930 1930 1930 537 1983
1529 238 238 1529 1020 1245 1363 1020 1245 1930 1363 1930 1930 1553 1587 939 953 1742 1742 1742
1529 996 1529 1742 1742 274 274 274 64 64 64 1307 1245 535 996 1529 1529 996 996 1529
1462 1462 1462 1462 1462 1983 322 996 1683 177 238 322 322 996 1683 177 238 238 1683 238
537 537 1553 485 485 485 485 485 485 485 485 485 485 953 1462 1462 1462 1462 1462 1983
1683 1529 996 1529 1742 1742 274 274 274 64 64 64 1307 1245 535 996 1529 1529 996 1529
485 274 996 1983 537 953 1553 914 1553 537 537 1553 485 485 485 485 485 485 485 485
274 1587 953 1742 1742 1307 1245 535 996 1529 1529 996 996 1529 1742 1742 274 274 274 1553
1529 1020 1245 1363 1363 1020 1245 1587 1587 1587 1587 939 1553 953 274 953 1742 1742 64 64
1742 1742 1742 485 485 485 485 485 485 485 485 485 485 1742 537 1983 537 914 1553 914
1020 1245 1587 1587 1587 1462 1462 1553 953 1742 953 1462 1462 1462 1462 1462 1983 1587 238 1683
238 1683 177 238 322 238 1683 322 177 238 238 1683 238 939 953 64 939 953 303 303
1983 1587 996 1683 177 238 1587 996 1683 1587 177 238 238 1683 238 939 953 64 939 1553
274 274 274 1553 64 64 1307 1245 535 996 1529 1529 996 1529 1020 1245 1363 1363 1020 1245
1529 1529 238 238 1529 1020 1245 1363 1363 1020 1245 1587 1587 1587 1553 1462 939 953 953 1462
953 1462 1462 1462 1462 1462 1983 1587 996 1683 177 238 1587 238 1683 322 177 238 238 1683
996 1529 1742 1742 274 274 274 1553 64 64 1307 1245 535 996 1529 1529 996 1529 1020 1245
1742 1742 274 274 274 274 64 64 1742 1742 1307 1245 535 996 1529 1529 996 1529 1020 1245
953 1462 1462 1462 1462 1462 1983 322 238 1683 177 238 322 238 1683 322 177 238 238 1683
177 238 537 1983 537 537 1553 1930 1930 914 1553 537 537 1553 238 177 1930 1930 177 177
996 1529 1020 1245 1363 1363 1020 1245 1587 1587 1587 1553 1462 939 953 1742 953 1462 1462 1462
1245 1363 1363 1020 1245 1930 1930 1930 1553 939 939 953 1742 953 1462 1462 1462 1462 1462 1983
1529 996 1529 1020 1245 1363 1363 1020 1245 1930 1930 1930 1930 1930 1930 1553 939 939 953 1742
64 1307 1245 535 996 1529 1529 996 1529 1020 1245 1363 1363 1020 1245 1587 1587 1587 64 1462
1363 1363 274 274 274 274 274 64 64 64 1742 1742 64 1307 1245 535 996 1529 1529 996
1462 1462 1983 1587 238 1683 177 238 1587 1587 996 1683 177 238 238 1683 238 1553 939 953
996 274 274 953 953 1742 1742 1307 1245 535 996 1529 1529 996 1529 1742 1742 274 274 274
1245 535 996 1529 1529 996 1529 1742 1742 274 274 274 274 64 64 1742 1742 1307 1245 535
238 238 1529 1020 1245 1363 1363 1020 1245 1587 1587 1587 1587 939 1553 953 274 953 1742 1742
1683 177 238 1587 238 1683 177 1587 238 238 1683 238 939 953 1553 322 953 1462 1462 1462
238 1683 177 238 322 238 1683 322 177 238 238 1683 238 939 953 64 939 953 303 303
1742 1742 1742 485 485 485 485 485 485 485 485 485 485 1742 996 1930 537 914 1553 914
1363 1363 1020 1245 1587 1587 1587 1553 1462 939 953 1742 1742 1553 939 1742 953 1462 1462 1462
1587 939 953 1742 953 1462 1462 1462 1462 1462 1983 322 996 1683 177 238 322 322 996 1683
1529 1020 1245 1363 1363 1020 1245 1930 1930 1930 1553 939 939 953 1742 953 1462 1462 1462 303
535 996 1529 1529 996 1529 1742 1742 1742 1363 1363 274 274 274 274 274 64 64 64 1742
485 485 485 485 537 535 537 537 914 1553 1553 914 64 537 537 1553 996 535 537 914
485 485 485 485 485 485 485 485 1742 996 1983 537 953 1553 914 1553 537 537 1553 485
1245 535 996 1529 1529 996 1529 1742 1742 274 274 274 1553 64 64 1307 1245 535 996 1529
1930 1930 1930 1742 274 1742 485 485 485 485 485 485 485 485 485 485 1742 996 1930 537
1529 996 1529 1742 1742 274 274 274 1553 64 64 1307 1245 535 996 1529 1683 996 1529 1020
1245 535 996 1529 1529 996 1529 1742 1742 274 274 274 1553 64 64 1307 1245 535 996 1529
1245 1587 1587 1587 1553 1462 939 953 1742 1742 1742 953 1462 1462 1462 1462 1462 1983 1587 238
238 238 1683 238 939 953 64 939 953 303 303 303 303 303 1983 1587 238 1683 177 238
1742 1363 1363 274 274 274 274 274 64 64 64 1742 1742 64 1307 1245 535 996 1529 1529
322 177 238 238 1683 238 939 953 1553 1553 939 953 303 303 303 303 303 1983 1587 1587
322 322 996 1683 177 238 322 322 996 1683 322 322 177 238 238 1683 238 939 953 64
1553 953 953 1462 1462 1462 1462 1462 1983 322 996 1683 177 238 322 322 996 1683 177 238
1462 1983 322 238 1683 177 238 322 238 177 322 177 177 238 238 238 1683 238 953 274
996 1529 1529 996 1529 1020 1245 1363 1363 1020 1245 1587 1587 1587 64 1462 939 953 1742 953
274 274 274 64 64 64 1307 1245 535 996 1529 1529 238 996 1529 1020 1245 1363 1363 1020
1553 1462 939 953 1742 1742 1553 939 1742 953 1462 1462 1462 1462 1462 1983 1587 996 1683 177
1529 1529 238 238 1529 1020 1245 1363 1363 1020 1245 1587 1587 1587 64 1462 939 953 1742 1742
1587 953 1742 1742 1307 1245 535 996 1529 1529 996 1529 1742 1742 274 274 274 1553 64 1553
1462 1462 1462 1462 1462 1983 322 238 1683 177 238 322 322 238 1683 177 238 238 1683 238
535 996 1529 1529 996 1529 1020 1245 1363 1363 1020 1245 1930 1930 1930 1930 1930 1930 1553 939
1742 1742 274 274 274 64 64 64 1307 1245 535 996 1529 1529 238 996 1529 1020 1245 1363
238 1683 238 953 274 1553 939 953 1742 1742 274 274 939 1553 953 1462 1462 1462 1462 1462
996 1529 1020 1245 1363 1363 1020 1245 1930 1930 1930 64 939 939 953 1742 953 1462 1462 1462
953 64 64 939 953 303 303 303 303 303 1983 1587 1587 996 1683 177 238 1587 1587 1587
537 1983 537 537 1553 1930 1930 914 1553 537 537 1553 238 177 1930 1930 177 177 238 238
939 953 64 939 953 1462 1462 1462 1462 1462 1983 1587 238 1683 177 238 1587 1587 996 1683
274 274 953 953 953 953 1742 1742 1742 1307 1245 535 996 1529 1529 996 1529 1742 1742 1742
1529 996 1529 1742 1742 274 274 274 64 64 1307 1245 535 996 1529 1529 996 1529 1020 1245
1307 1245 535 996 1529 1529 996 1529 1020 1245 1363 1363 1020 1245 1930 1587 1930 1742 939 939
1742 1307 1245 535 996 1529 1529 996 1529 1742 1742 274 274 274 64 64 64 1307 1245 535
1742 1742 1307 1245 535 996 1529 1529 996 1529 1742 1742 274 274 274 64 64 64 1307 1245
1529 1529 996 1529 1742 1742 1742 1363 1363 274 274 274 274 274 64 64 64 1742 1742 64
914 1553 537 537 1553 485 485 485 485 485 485 485 485 485 485 1930 1930 1930 1930 1930
1462 1462 1462 1462 1462 1983 322 996 1683 177 238 322 238 1683 322 177 238 238 1683 238
238 1683 238 939 953 64 939 953 303 303 303 303 303 1983 1587 238 1683 177 238 1587
953 64 1553 939 953 303 303 303 303 303 1983 1587 1587 996 1683 177 238 1587 1587 996
1930 1930 1930 1742 1742 1742 485 1742 485 485 485 485 485 485 485 485 485 996 1553 537
1742 1742 485 485 485 485 485 485 485 485 485 485 1742 996 1930 537 914 1553 914 1553
1930 1742 939 939 1553 953 953 1462 1462 1462 1462 1462 1983 322 996 1683 177 238 322 322
1462 1462 1462 1983 1587 996 1683 177 238 1587 1587 996 1683 177 238 238 1683 238 939 953
1462 1983 1587 996 1683 177 238 1587 996 1683 1587 177 238 238 1683 238 939 953 1742 1742
1307 1245 535 996 1529 1529 996 1529 1020 1245 1363 1363 1020 1245 1587 1587 1587 1553 1462 939
996 1529 1529 996 996 1529 1020 1245 1363 1020 1245 1930 1930 1930 1930 1363 1930 1930 939 939
939 1742 1742 1307 1245 535 996 1529 1529 996 1529 1742 1742 274 274 274 64 64 64 1307
537 1553 485 485 485 485 485 485 485 485 485 485 1930 1462 1930 1930 1930 537 1930 537
1742 1742 1307 1245 535 996 1529 1529 996 1529 1742 1742 274 274 274 64 64 64 64 1307
1587 939 953 1742 953 1462 1462 1462 1462 1462 1983 322 996 1683 177 238 322 322 996 1683
1683 238 939 953 1553 939 953 303 303 303 303 303 1983 1587 238 1683 177 238 1587 1587
1245 1363 1363 1020 1245 1587 1587 1587 1553 1462 1462 953 1742 953 1462 1462 1462 1462 1462 1983
996 1529 1742 1742 1742 1245 1245 274 274 274 274 274 64 64 64 64 1742 1742 1307 1245
1462 1983 1587 996 1683 177 238 1587 238 1683 1587 177 238 238 1683 238 939 953 64 939
274 274 274 64 64 64 64 1742 1742 1307 1245 535 996 1529 1529 996 996 1529 1020 1245
996 1529 1683 996 1529 1742 1742 274 274 274 1553 64 64 1307 1245 535 996 1529 1529 996
1462 1462 1462 1983 322 238 1683 177 238 322 322 996 1683 177 238 238 1683 238 939 953
1742 1307 1245 535 996 1529 1529 996 1529 1742 1742 274 274 274 64 64 64 1307 1245 535
1553 1930 1930 1930 1742 1742 1742 485 1587 1587 1587 1587 1587 1587 1587 1587 1587 1742 996 1983
1742 1742 485 1742 485 485 485 485 485 485 485 485 485 537 1553 537 537 914 1553 1553
1307 1245 535 996 1529 1529 996 1529 1020 1245 1363 1363 1020 1245 1587 953 1587 953 1587 1587
274 274 953 953 953 953 1742 1742 1742 1307 1245 535 996 1529 1529 996 1529 1742 1742 1742
274 274 953 953 953 953 1742 1742 1742 1307 1245 535 996 1529 1529 996 1529 1742 1742 274
1462 1462 1983 1587 996 1683 177 238 1587 1587 996 1683 177 238 238 1683 238 939 953 1742
64 64 1742 1742 1307 1245 535 996 1529 1529 238 238 1529 1020 1245 1363 1363 1020 1245 1587
274 64 64 64 1307 1245 535 996 1529 1529 996 996 1529 1020 1245 1363 1363 1020 1245 1587
1462 1462 1462 1462 1983 322 238 1683 177 238 322 322 996 1683 177 238 238 1683 238 939
238 1587 238 1683 177 1587 238 238 1683 238 939 953 1553 322 953 1462 1462 1462 1462 1462
1553 939 939 953 1742 953 1462 1462 1462 1462 1462 1983 322 238 1683 177 238 322 238 1683
1363 1363 1020 1245 1587 1587 1587 1553 1462 1462 953 1742 953 1462 1462 1462 1462 1462 1983 1587
485 485 485 485 485 485 485 485 485 485 537 1983 537 914 1553 537 1553 914 1553 537
1307 1245 535 996 1529 1529 996 1529 1742 1742 274 274 274 1553 64 64 1307 1245 535 996
238 322 322 238 1683 322 322 177 238 238 1683 238 939 953 64 1553 939 953 303 303
939 953 1742 953 1462 1462 1462 1462 1462 1983 1587 996 1683 177 238 1587 1587 996 1683 177
1683 1020 1245 1363 1363 1020 1245 1587 1587 1587 1587 1587 1587 1553 939 939 953 1742 1742 1742
64 939 939 953 1742 953 1462 1462 1462 1462 1462 1983 322 238 1683 177 238 322 322 996
238 1529 1020 1245 1363 1363 1020 1245 1587 1587 1587 1553 1462 939 953 953 1462 303 303 303
996 1529 1020 1245 1363 1363 1020 1245 1930 1587 1930 1742 939 939 1553 953 953 1462 303 1462
1245 535 996 1529 1529 996 1529 1020 1245 1363 1363 1020 1245 1930 1930 1930 1553 1587 939 953
1742 1742 274 274 274 274 274 64 64 64 1307 1245 535 996 1529 1529 996 1553 1020 1245
274 274 1587 953 1742 1742 1307 1245 535 996 1529 1529 996 1529 1742 1742 274 274 274 64
177 177 238 238 238 1683 238 953 274 1553 939 953 1742 1742 274 274 939 1553 953 1462
274 274 953 953 1742 1742 1307 1245 535 996 1529 1529 996 1529 1742 1742 274 274 274 64
1529 996 1529 1742 1742 274 274 274 64 64 64 1307 1245 535 996 1529 1529 996 996 1529
939 939 1553 953 953 1462 1462 1462 1462 1462 1983 322 996 1683 177 238 322 322 996 1683
953 303 303 303 303 303 1983 1587 238 1683 177 238 1587 1587 238 1683 177 238 238 1683
1930 1930 996 1683 177 238 537 1983 537 914 1553 1930 1930 914 1553 537 537 1553 238 177
1462 1462 1462 1462 1983 1587 238 1683 177 238 1587 1587 996 1683 177 238 238 1683 238 1553
1742 953 1462 1462 1462 1462 1462 1983 1587 238 1683 177 238 1587 1587 238 1683 177 238 238
485 485 485 485 1930 1462 1462 1462 1462 537 1983 537 953 1553 914 1553 1462 537 537 1553
1462 1462 1462 1983 1587 238 1683 177 238 1587 1587 238 1683 177 238 238 1683 238 939 953
274 274 64 64 64 1742 1742 64 1307 1245 535 996 1529 1529 996 1529 1020 1245 1363 1363
996 1529 1529 996 1529 1742 1742 274 274 274 64 64 64 1307 1245 535 996 1529 1529 996
1529 996 1529 1020 1245 1363 1363 1020 1245 1587 1587 1587 1553 1462 939 953 1742 953 1462 1462
1245 1363 1020 1245 1930 1363 1930 1930 1553 1462 939 953 1742 1742 1742 953 1462 1462 1462 303
64 64 1742 1742 1307 1245 535 996 1529 1529 996 996 1529 1020 1245 1363 1020 1245 1930 1930
274 274 274 274 274 64 64 64 1307 1245 535 996 1529 1529 996 1553 1020 1245 1363 1363
274 64 64 64 1307 1245 535 996 1529 1529 996 1529 1020 1245 1363 1363 1020 1245 1930 1930
1742 274 274 274 1553 64 64 64 1742 1742 1307 1245 535 996 1529 1529 996 996 1529 1020
1462 1462 1983 1587 996 1683 177 238 1587 1587 996 1683 177 238 238 1683 238 939 953 1742
1587 1553 1462 939 953 953 1462 1462 1462 1462 1462 1983 1587 996 1683 177 238 1587 996 1683
274 274 953 939 1742 1742 1307 1245 535 996 1529 1529 996 1529 1742 1742 274 274 274 64
274 274 274 1553 1553 1553 1307 1245 535 996 1529 1529 996 1529 1020 1245 1363 1363 1020 1245
64 64 1307 1245 535 996 1529 1529 996 1529 1020 1245 1363 1363 1020 1245 1587 1587 1587 64
64 64 64 1307 1245 535 996 1529 1529 996 1529 1020 1245 1363 1363 1020 1245 1930 1930 1930
274 64 64 64 1307 1245 535 996 1529 1529 996 1529 1020 1245 1363 1363 1020 1245 1930 1930
274 953 953 953 953 1742 1742 1742 1307 1245 535 996 1529 1529 996 1529 1742 1742 1742 1245
1529 996 1529 1020 1245 1363 1363 1020 1245 1587 1587 1587 1553 939 939 953 1742 953 1462 1462
1020 1245 1363 1363 1020 1245 1930 1930 1930 1930 1930 1930 1553 939 939 953 1742 1742 1742 1930
238 1683 322 177 238 238 1683 238 939 953 1553 939 953 303 303 303 303 303 1983 1587
1553 1462 939 953 1742 953 1462 1462 1462 1462 1462 1983 1587 238 1683 177 238 1587 1587 996
1742 1742 274 274 274 274 274 64 64 64 1307 1245 535 996 1529 1529 996 1553 1020 1245
914 64 537 996 537 64 537 1553 1983 64 238 996 1553 64 939 996 1983 996 914 64
1462 1462 1462 1462 1983 1587 238 1683 177 238 1587 1587 996 1683 177 238 238 1683 996 939
1462 1462 1462 1462 1462 1983 1587 996 1683 177 238 1587 1587 238 1683 177 238 238 1683 238
953 953 953 953 1742 1742 1742 1307 1245 535 996 1529 1529 996 1529 1742 1742 1742 1245 1245
1683 322 177 238 238 1683 238 939 953 1553 939 953 303 303 303 303 303 1983 1587 238
996 1529 1742 1742 274 274 274 274 274 64 64 64 1307 1245 535 996 1529 1529 996 1553
1529 238 238 1529 1020 1245 1363 1363 1020 1245 1587 1587 1587 1553 1462 939 953 953 1462 1462
1742 1307 1245 535 996 1529 1683 996 1529 1742 1742 274 274 274 64 64 64 1307 1245 535
274 996 1983 537 953 1553 914 1553 537 537 1553 485 485 485 485 485 485 485 485 485
1742 485 485 485 485 485 485 485 485 485 485 1742 537 1983 537 914 1553 914 1553 537
485 485 485 485 1930 1462 1462 1462 1462 537 1983 537 953 1553 914 1553 1462 537 537 1553
953 1742 1742 1553 939 1742 953 1462 1462 1462 1462 1462 1983 1587 996 1683 177 238 1587 996
485 485 485 485 485 485 485 485 1930 1462 1462 1462 1462 537 1553 537 953 1553 914 1553
64 64 1307 1245 535 996 1529 1529 996 1529 1020 1245 1363 1363 1020 1245 1587 1587 1587 1462
953 1742 1742 1307 1245 535 996 1529 1529 996 1529 1742 1742 274 274 274 1553 64 64 64
1363 1020 1245 1930 1930 1930 1553 939 939 953 1742 953 1462 1462 1462 1462 303 1983 322 238
274 274 274 1553 64 64 1307 1245 535 996 1529 1529 996 1529 1020 1245 1363 1363 1020 1245
177 238 322 322 238 1683 322 322 177 238 238 1683 238 939 953 64 1553 939 953 303
1462 1462 1462 1462 1983 1587 238 1683 177 238 1587 238 1683 1587 177 238 238 1683 238 939
1020 1245 1930 1363 1930 1930 939 939 953 1553 1742 953 1462 1462 1462 303 303 1983 322 996
1529 996 1529 1020 1245 1363 1363 1020 1245 1587 1587 1587 1553 939 939 953 1742 953 1462 1462
1245 535 996 1529 1529 996 1529 1020 1245 1363 1363 1020 1245 1587 1587 1587 1553 939 939 953
1363 1363 1020 1245 1587 1587 1587 64 1462 939 953 1742 953 1462 1462 1462 1462 1462 1983 1587
1587 1742 1742 1307 1245 535 996 1529 1529 996 1529 1742 1742 274 274 274 1553 64 64 64
1742 1742 274 274 274 64 64 1307 1245 535 996 1529 1529 996 1529 1020 1245 1363 1363 1020
274 274 953 939 1742 1742 1307 1245 535 996 1529 1529 996 1529 1742 1742 274 274 274 64
996 1529 1529 238 238 1529 1020 1245 1363 1363 1020 1245 1587 1587 1587 1553 1462 939 953 953
1363 1363 1020 1245 1930 1930 1930 1553 939 939 953 1742 953 1462 1462 1462 303 303 1983 322
1529 1529 996 1529 1020 1245 1363 1363 1020 1245 1587 1587 1587 1553 939 939 953 1742 953 1462
1742 953 1462 1462 1462 1462 1462 1983 322 238 1683 177 238 322 322 238 1683 177 238 238
953 1462 1462 1462 1462 1462 1983 322 238 1683 177 238 322 238 1683 322 177 238 238 1683
177 238 1587 238 1683 1587 177 238 238 1683 238 939 953 1742 1742 64 1462 1307 1245 535
1742 1742 274 274 274 1553 64 64 64 1742 1742 1307 1245 535 996 1529 1529 996 996 1529
64 64 1307 1245 535 996 1529 1529 996 1529 1020 1245 1363 1363 1020 1245 1587 1587 1587 1553
1587 485 1587 537 535 537 537 914 1553 1553 914 64 537 537 1553 996 535 537 914 1553
1587 1587 953 1742 1742 1307 1245 535 996 1529 1529 996 1529 1742 1742 274 274 274 1553 64
1742 1742 1742 1363 1363 274 274 274 274 274 64 64 64 1742 1742 64 1307 1245 535 996
953 1462 1462 1462 1462 1462 1983 1587 996 1683 177 238 1587 1587 238 1683 177 238 238 1683
939 953 303 303 303 303 303 1983 1587 1587 996 1683 177 238 1587 1587 996 1683 1587 1587
1307 1245 535 996 1529 1529 996 1529 1742 1742 274 274 274 1553 64 1553 1307 1245 535 996
1363 1020 1245 1930 1363 1930 1930 1553 1462 939 953 1742 1742 1742 953 1462 1462 1462 303 303
996 1529 1020 1245 1363 1020 1245 1930 1363 1930 1930 1553 1587 939 953 1742 1742 1742 953 1462
1742 1742 1307 1245 535 996 1529 1529 996 1529 1742 1742 274 274 274 64 64 64 1307 1245
274 953 953 953 953 1742 1742 1742 1307 1245 535 996 1529 1529 996 1529 1742 1742 1742 1245
996 1529 1742 1742 274 274 274 64 64 64 1307 1245 535 996 1529 1529 996 996 1529 1020
1587 1742 1742 1307 1245 535 996 1529 1529 996 1529 1742 1742 274 274 274 1553 64 64 1307
1742 1742 1742 485 485 485 485 485 485 485 485 485 485 1742 537 1983 537 914 1553 914
1930 1742 1742 1742 485 1742 485 485 485 485 485 485 485 485 485 537 1930 537 537 914
1529 1529 996 1529 1742 1742 274 274 274 64 64 64 1307 1245 535 996 1529 1529 996 1529
939 939 953 1742 953 1462 1462 1462 1462 1462 1983 322 238 1683 177 238 322 322 996 1683
996 1529 1020 1245 1363 1020 1245 1930 1363 1930 1930 1553 1587 939 953 1742 1742 1742 953 1462
274 1587 953 1742 1742 1307 1245 535 996 1529 1529 996 1529 1742 1742 274 274 274 64 64
177 238 238 1683 238 939 953 64 939 953 303 303 303 303 303 1983 1587 238 1683 177
274 64 64 64 1307 1245 535 996 1529 1529 238 996 1529 1020 1245 1363 1020 1245 1930 1363
939 1553 953 1742 953 1462 1462 1462 1462 1462 1983 1587 238 1683 177 238 1587 1587 238 1683
485 485 485 485 485 485 485 485 485 485 1930 1930 1930 1462 1930 537 1930 537 953 1553
1245 535 996 1529 1529 996 1529 1742 1742 274 274 274 1553 64 64 1307 1245 535 996 1529
485 485 485 485 485 485 485 537 1553 537 537 914 1553 1553 914 1553 537 537 1553 996
537 537 1553 485 485 485 485 485 485 485 485 485 485 953 1462 1462 1462 1462 1462 1983
1587 1587 1587 1553 939 939 953 1742 953 1462 1462 1462 1462 1462 1983 1587 996 1683 177 238
953 303 303 303 303 303 1983 1587 1587 996 1683 177 238 1587 1587 238 1683 1587 1587 177
939 953 1553 322 953 1462 1462 1462 1462 1462 1983 1587 238 1683 177 238 1587 1587 996 1683
1363 1363 1020 1245 1587 1587 1587 1553 1462 939 953 953 1462 1462 1462 1462 303 1983 1587 996
485 485 485 485 485 485 537 1553 537 537 914 1553 1553 914 1553 537 537 1553 996 1983
322 238 1683 322 322 177 238 238 1683 238 939 953 1553 1553 939 953 303 303 303 303
914 1553 1930 1930 914 1553 537 537 1553 238 177 1930 1930 177 177 238 238 238 1683 238
1529 1742 1742 274 274 274 64 64 1307 1245 535 996 1529 1529 996 1529 1020 1245 1363 1363
914 64 64 914 64 537 537 1553 996 535 537 914 1553 1983 1553 537 537 1553 1587 485
274 274 64 64 64 1307 1245 535 996 1529 1529 996 1529 1020 1245 1363 1363 1020 1245 1587
996 996 1529 1020 1245 1363 1020 1245 1930 1363 1930 1930 939 939 953 1553 1742 953 1462 1462
64 64 1307 1245 535 996 1529 1529 238 238 1529 1020 1245 1363 1020 1245 1930 1363 1930 1930
537 537 1553 537 1983 537 914 1553 914 1553 537 537 1553 485 485 485 485 485 485 485
1587 238 1683 177 238 238 1683 238 939 953 1553 1462 953 1462 1462 1462 1462 1462 1983 1587
274 274 274 274 274 64 64 64 1307 1245 535 996 1529 1529 996 1553 1020 1245 1363 1363
1529 996 1529 1020 1245 1363 1363 1020 1245 1587 1587 1587 939 939 1553 953 1742 953 1462 1462
1529 238 238 1529 1020 1245 1363 1020 1245 1930 1363 1930 1930 1553 1587 939 953 1742 1742 1742
177 238 322 238 1683 322 177 238 238 1683 238 939 953 64 939 953 303 303 303 303
1587 953 1742 1742 1307 1245 535 996 1529 1529 996 1529 1742 1742 274 274 274 1553 64 64
238 322 322 238 1683 322 322 177 238 238 1683 238 939 953 64 1553 939 953 303 303
996 996 1529 1020 1245 1363 1020 1245 1930 1363 1930 1930 1553 1587 939 953 1742 1742 1742 953
485 485 485 485 485 485 537 1983 537 914 1553 537 1553 914 1553 537 953 537 1553 537
535 996 1529 1529 996 1529 1742 1742 1742 1363 1363 274 274 274 274 274 64 64 64 1742
485 485 485 485 485 953 1462 1462 1462 537 1983 537 537 1553 914 1553 1462 537 537 1553
996 1529 1529 238 238 1529 1020 1245 1363 1363 1020 1245 1587 1587 1587 939 939 1553 953 274
1363 1020 1245 1587 1587 1587 1553 1462 939 953 1742 1742 1742 953 1462 1462 1462 1462 1462 1983
1020 1245 1363 1363 1020 1245 1587 1587 1587 1553 1462 939 953 1742 1742 1553 939 1742 953 1462
1742 274 274 274 64 64 64 1307 1245 535 996 1529 1529 238 238 1529 1020 1245 1363 1020
1020 1245 1930 1930 1930 1553 939 939 953 1742 953 1462 1462 1462 1462 1462 1983 322 996 1683
274 274 64 64 64 1307 1245 535 996 1529 1529 996 1529 1020 1245 1363 1363 1020 1245 1587
1930 1930 939 939 953 1553 1742 953 1462 1462 1462 1462 1462 1983 322 996 1683 177 238 322
322 322 996 1683 177 238 322 322 238 1683 322 322 177 238 238 1683 238 939 953 64
238 1529 1020 1245 1363 1363 1020 1245 1587 1587 1587 1553 1462 939 953 953 1462 303 303 303
1462 939 1553 953 1742 953 1462 1462 1462 1462 1462 1983 1587 238 1683 177 238 1587 1587 238
1529 1529 996 1529 1742 1742 274 274 274 274 274 64 64 64 1307 1245 535 996 1529 1529
537 537 1553 1462 1983 322 322 996 1683 177 238 322 322 238 1683 322 322 177 238 238
1020 1245 274 274 274 274 274 64 64 64 64 1742 1742 1307 1245 535 996 1529 1529 996
1462 1983 1587 238 1683 177 238 1587 1587 238 1683 177 238 238 1683 238 939 953 1742 1742
1462 1462 1462 1462 1983 322 238 1683 177 238 322 322 996 1683 177 238 238 1683 238 939
1529 1529 996 996 1529 1020 1245 1363 1020 1245 1930 1930 1930 1930 1363 1930 1930 939 939 953
485 485 485 1930 1462 1462 1462 1462 537 1983 537 953 1553 914 1553 1462 537 537 1553 1983
1462 1462 1462 1462 1983 1587 238 1683 177 238 1587 238 1683 1587 177 238 238 1683 238 939
1307 1245 535 996 1529 1529 238 238 1529 1020 1245 1363 1363 1020 1245 1587 1587 1587 939 939
274 274 953 953 1742 1742 1307 1245 535 996 1529 1529 996 1529 1742 1742 274 274 274 1553
64 1307 1245 535 996 1529 1529 996 1529 1020 1245 1363 1363 1020 1245 1587 1587 1587 1553 1462
1529 1742 1742 274 274 274 64 64 64 1307 1245 535 996 1529 1529 996 1529 1020 1245 1363
274 64 64 64 1307 1245 535 996 1529 1529 238 238 1529 1020 1245 1363 1363 1020 1245 1587
537 537 1553 1983 322 322 996 1683 177 238 322 322 238 1683 322 322 177 238 238 1683
1307 1245 535 996 1529 1529 996 1529 1742 1742 274 274 274 1553 64 64 64 1742 1742 1307
1363 1363 1020 1245 1930 1930 1930 1553 1587 939 953 1742 953 1462 1462 1462 1462 1462 1983 322
1363 1020 1245 1587 1587 1587 1553 1462 1462 953 1742 953 1462 1462 1462 1462 1462 1983 1587 996
274 274 1553 64 64 64 1742 1742 1307 1245 535 996 1529 1529 238 238 1529 1020 1245 1363
914 1553 537 537 1553 485 485 485 485 485 485 485 485 485 485 953 1930 1930 1930 537
1742 1307 1245 535 996 1529 1529 996 1529 1742 1742 274 274 274 274 64 64 1742 1742 1307
1462 1462 1462 1462 1462 1983 322 996 1683 177 238 322 238 177 322 177 177 238 238 238
1742 1742 274 274 274 64 64 64 1307 1245 535 996 1529 1529 996 1529 1020 1245 1363 1363
1020 1245 1363 1363 1020 1245 1587 1587 1587 1553 1462 939 953 953 1462 1462 1462 303 303 1983
953 303 303 303 303 303 1983 1587 1587 996 1683 177 238 1587 1587 238 1683 1587 1587 177
996 1529 1020 1245 1363 1363 1020 1245 1587 1587 1587 1553 939 939 953 1742 953 1462 1462 1462
177 1930 1930 177 177 238 238 238 1683 238 953 274 1553 939 953 1742 1742 274 274 939
485 485 485 485 485 485 485 485 1742 996 1930 537 914 1553 914 1553 537 537 1553 485
274 274 64 64 64 1307 1245 535 996 1529 1529 996 996 1529 1020 1245 1363 1363 1020 1245
64 1307 1245 535 996 1529 1529 238 238 1529 1020 1245 1363 1363 1020 1245 1587 1587 1587 1553
1462 1462 1983 322 238 1683 177 238 322 238 177 322 177 177 238 238 238 1683 238 953
274 274 64 64 64 1307 1245 535 996 1529 1529 996 1529 1020 1245 1363 1363 1020 1245 1587
1742 1742 274 274 274 274 274 64 64 64 1307 1245 535 996 1529 1529 996 1529 1020 1245
953 1462 1462 1462 1462 1462 1983 322 238 1683 177 238 322 322 238 1683 177 238 238 1683
1930 1930 1930 1553 274 1930 1742 485 485 485 485 485 485 485 485 485 485 1742 537 1930
1245 1363 1363 1020 1245 1587 1587 1587 1553 1462 939 953 1742 1742 1742 953 1462 1462 1462 1462
1529 1529 996 1529 1742 1742 274 274 274 274 64 64 1742 1742 1307 1245 535 996 1529 1529
485 485 485 485 1742 537 1983 537 914 1553 914 1553 537 537 1553 485 485 485 485 485
1020 1245 1363 1363 1020 1245 1587 1587 1587 1553 939 939 953 1742 953 1462 1462 1462 1462 1462
1587 238 238 1683 238 939 953 1553 322 953 1462 1462 1462 1462 1462 1983 1587 238 1683 177
1742 274 274 274 64 64 64 1307 1245 535 996 1529 1529 238 996 1529 1020 1245 1363 1363
537 1553 537 1983 537 914 1553 914 1553 537 537 1553 485 485 485 485 485 485 485 485
1553 939 939 953 1742 953 1462 1462 1462 1462 1462 1983 1587 996 1683 177 238 1587 1587 996
939 953 1742 1742 1742 953 1462 1462 1462 1462 1462 1983 1587 238 1683 177 238 1587 238 1683
1529 1529 238 238 1529 1020 1245 1363 1363 1020 1245 1587 1587 1587 939 939 1553 953 274 953
485 485 485 485 485 485 485 485 485 485 1742 996 1930 537 914 1553 914 1553 537 537
274 64 64 64 1307 1245 535 996 1529 1529 996 1529 1020 1245 1363 1363 1020 1245 1930 1930
953 64 939 953 1462 1462 1462 1462 1462 1983 1587 238 1683 177 238 1587 1587 996 1683 177
535 996 1529 1529 996 1683 1020 1245 1363 1363 1020 1245 1587 1587 1587 953 1587 953 1553 939
238 238 1683 238 939 953 1553 1553 939 953 303 303 303 303 303 1983 1587 1587 996 1683
996 1529 1529 996 1529 1742 1742 274 274 274 1553 64 64 1307 1245 535 996 1529 1529 996
1553 914 1553 537 537 1553 485 485 485 485 485 485 485 485 485 485 953 1930 1930 1930
1742 1307 1245 535 996 1529 1529 996 1529 1742 1742 274 274 274 64 64 64 1307 1245 535
1742 953 1462 1462 1462 1462 1462 1983 1587 238 1683 177 238 1587 1587 238 1683 177 238 238
1930 1930 1930 1742 1742 1742 485 1587 1587 1587 1587 1587 1587 1587 1587 1587 1742 996 1983 537
1462 939 953 953 1462 1462 1462 1462 1462 1983 1587 996 1683 177 238 1587 238 1683 322 177
274 274 274 274 953 996 953 953 1742 1742 1742 1307 1245 535 996 1529 1529 996 1529 1742
1462 1983 322 996 1683 177 238 322 322 996 1683 177 238 238 1683 238 939 953 1742 1742
1742 1742 1307 1245 535 996 1529 1529 996 1529 1742 1742 274 274 274 64 64 64 64 1307
274 274 274 64 64 64 1307 1245 535 996 1529 1529 238 996 1529 1020 1245 1363 1363 1020
1363 1363 1020 1245 1587 1587 1587 939 939 1553 953 1742 953 1462 1462 1462 1462 1462 1983 1587
1462 1462 1983 322 238 1683 177 238 322 238 177 322 177 177 238 238 238 1683 238 953
1529 1529 996 1529 1020 1245 1363 1363 1020 1245 1930 1930 1930 64 939 939 953 1742 953 1462
953 1462 1462 1462 1462 1462 1983 1587 996 1683 177 238 1587 238 1683 322 177 238 238 1683
238 1587 1587 238 1683 177 238 238 1683 238 939 953 64 1462 953 1462 1462 1462 1462 1462
64 996 1553 914 64 238 996 537 64 537 1553 1983 64 238 996 1553 64 939 996 1983
996 996 1529 1020 1245 1363 1020 1245 1930 1363 1930 1930 1553 1587 939 953 1742 1742 1742 953
1245 535 996 1529 1529 996 1529 1742 1742 274 274 274 64 64 64 1307 1245 535 996 1529
1245 1363 1363 1020 1245 1930 1930 1930 1553 1587 939 953 1742 953 1462 1462 1462 1462 1462 1983
1742 1307 1245 535 996 1529 1529 996 1529 1742 1742 274 274 274 1553 64 64 1307 1245 535
953 1742 953 1462 1462 1462 1462 1462 1983 1587 238 1683 177 238 1587 1587 996 1683 177 238
939 1742 1742 1307 1245 535 996 1529 1529 996 1529 1742 1742 274 274 274 1553 64 64 1307
1462 1983 322 238 1683 177 238 322 238 1683 322 177 238 238 1683 238 939 953 64 939
322 322 996 1683 177 238 322 322 996 1683 322 322 177 238 238 1683 238 939 953 64
1930 1930 1742 1742 1742 485 1742 485 485 485 485 485 485 485 485 485 537 1930 537 537
177 238 1587 1587 238 1683 177 238 238 1683 238 939 953 64 1462 953 1462 1462 1462 1462
64 537 996 537 64 537 1553 1983 64 238 996 1553 64 939 996 1983 996 914 1553 914
1529 1529 996 1529 1742 1742 1742 1363 1363 274 274 274 274 274 64 64 64 1742 1742 64
1529 1529 996 1529 1742 1742 274 274 274 274 64 64 1742 1742 1307 1245 535 996 1529 1529
1020 1245 1587 1587 1587 1553 1462 939 953 1742 1742 1553 939 1742 953 1462 1462 1462 1462 1462
1245 1363 1363 1020 1245 1587 1587 1587 939 1587 1587 1553 939 939 953 1742 1742 1742 1930 1742
537 914 1553 914 1553 537 537 1553 485 485 485 485 485 485 485 485 485 485 953 1930
1930 1930 1930 1930 1930 1930 1553 1930 1930 1930 1742 1742 1742 1930 1930 1930 1930 1930 1930 1930
1462 939 1553 953 1742 953 1462 1462 1462 1462 1462 1983 1587 238 1683 177 238 1587 1587 238
939 953 1742 953 1462 1462 1462 1462 1462 1983 322 238 1683 177 238 322 238 1683 322 177
274 953 953 1742 1742 1307 1245 535 996 1529 1529 996 1529 1742 1742 274 274 274 64 64
953 303 303 303 303 303 1983 1587 1587 996 1683 177 238 1587 1587 238 1683 1587 1587 177
274 274 274 274 274 64 64 64 1307 1245 535 996 1529 1529 996 1529 1020 1245 1363 1363
1245 1363 1020 1245 1930 1363 1930 1930 939 939 953 1553 1742 953 1462 1462 1462 303 303 1983
1462 1462 1462 1983 1587 238 1683 177 238 1587 1587 996 1683 177 238 238 1683 238 939 953
303 303 303 1983 1587 1587 996 1683 177 238 1587 1587 996 1683 1587 1587 177 996 238 1683
1742 274 274 274 64 64 64 1307 1245 535 996 1529 1529 996 1529 1020 1245 1363 1363 1020
1245 535 996 1529 1529 996 1529 1742 1742 274 274 274 64 64 64 1307 1245 535 996 1529
64 64 1307 1245 535 996 1529 1529 996 1529 1020 1245 1363 1363 1020 1245 1587 1587 1587 939
996 1529 1529 996 1529 1742 1742 274 274 274 1553 64 64 64 1307 1245 535 996 1529 1529
274 953 953 1742 1742 1307 1245 535 996 1529 1529 996 1529 1742 1742 274 274 274 1553 64
914 64 64 914 64 537 537 1553 996 535 537 914 1553 1983 1553 537 537 1553 1587 485
1462 1983 322 238 1683 177 238 322 238 177 322 177 177 238 238 238 1683 238 953 274
1462 1462 1983 1930 1930 996 1683 177 238 537 1983 537 914 1553 1930 1930 914 1553 537 537
1307 1245 535 996 1529 1529 996 1529 1742 1742 274 274 274 274 64 64 1742 1742 1307 1245
1983 238 914 64 996 1553 914 64 238 996 537 64 537 1553 1983 64 238 996 1553 64
1462 1462 1462 1462 1462 1983 1587 238 1683 177 238 1587 1587 238 1683 177 238 238 1683 238
485 485 485 485 485 485 485 485 485 485 1742 996 1930 537 914 1553 914 1553 537 537
64 914 1553 1462 537 537 1553 1462 1983 322 322 996 1683 177 238 322 322 996 1683 322
1462 1462 1462 1462 1462 1983 1587 996 1683 177 238 1587 238 1683 177 1587 238 238 1683 238
1462 1462 1462 1983 1587 996 1683 177 238 1587 238 1683 1587 177 238 238 1683 238 939 953
1245 535 996 1529 1529 996 996 1529 1742 1742 274 274 274 64 64 64 1307 1245 535 996
274 64 64 64 1742 1742 64 1307 1245 535 996 1529 1529 996 1529 1020 1245 1363 1363 1020
1462 1983 1930 1930 996 1683 177 238 537 1983 537 914 1553 1930 1930 914 1553 537 537 1553
996 1529 1529 238 238 1529 1020 1245 1363 1363 1020 1245 1587 1587 1587 939 939 1553 953 274
1307 1245 535 996 1529 1529 996 1529 1742 1742 274 274 274 1553 64 64 64 1742 1742 1307
64 1742 1742 64 1307 1245 535 996 1529 1529 996 1529 1020 1245 1363 1363 1020 1245 1930 1930
1683 238 939 953 1553 1553 939 953 303 303 303 303 303 1983 1587 1587 996 1683 177 238
996 1529 1529 996 996 1529 1020 1245 1363 1020 1245 1930 1930 1930 1930 1363 1930 1930 939 939
274 1553 64 64 64 1742 1742 1307 1245 535 996 1529 1529 238 238 1529 1020 1245 1363 1363
953 1742 1742 1307 1245 535 996 1529 1529 996 1529 1742 1742 274 274 274 1553 64 1307 1245
939 953 1742 1742 274 274 939 1553 953 1462 1462 1462 1462 1462 1983 1587 1587 996 1683 177
1742 1742 1742 1245 1245 274 274 274 274 274 64 64 64 64 1742 1742 1307 1245 535 996
1529 1742 1742 274 274 274 64 64 64 1307 1245 535 996 1529 1529 996 1529 1020 1245 1363
996 1529 1020 1245 1363 1363 1020 1245 1587 1587 1587 1553 939 939 953 1742 953 1462 1462 1462
1930 939 939 953 1553 1742 953 1462 1462 1462 1462 1462 1983 322 996 1683 177 238 322 238
996 1529 1742 1742 274 274 274 1553 64 64 1307 1245 535 996 1529 1529 996 1529 1020 1245
1462 1462 1462 1983 1587 996 1683 177 238 1587 1587 996 1683 177 238 238 1683 238 939 953
1245 535 996 1529 1529 238 238 1529 1020 1245 1363 1363 1020 1245 1587 1587 1587 1553 1462 939
1930 1930 1930 1930 1930 1553 274 1930 1742 485 485 485 485 485 485 485 485 485 485 1742
1683 177 238 1587 238 1683 177 1587 238 238 1683 238 939 953 1553 322 953 1462 1462 1462
1462 1462 1983 1587 238 1683 177 238 1587 1587 996 1683 177 238 238 1683 238 939 953 64
64 64 64 64 1742 1742 1307 1245 535 996 1529 1529 996 996 1529 1020 1245 1363 1020 1245
1742 1742 274 274 274 64 64 64 1307 1245 535 996 1529 1529 996 1529 1020 1245 1363 1363
1553 485 485 485 485 485 485 485 485 485 485 953 1462 1462 1462 537 1983 537 914 1553
535 996 1529 1529 996 1529 1020 1245 1363 1363 1020 1245 1587 1587 1587 939 939 1553 953 1742
1742 1363 1363 274 274 274 274 274 64 64 64 1742 1742 64 1307 1245 535 996 1529 1529
64 1307 1245 535 996 1529 1529 238 238 1529 1020 1245 1363 1020 1245 1930 1363 1930 1930 1553
485 485 1742 996 1553 537 953 1553 914 1553 537 537 1553 485 485 485 485 485 485 485
238 238 1683 238 939 953 1553 322 953 1462 1462 1462 1462 1462 1983 1587 238 1683 177 238
274 64 64 64 1307 1245 535 996 1529 1529 996 1529 1020 1245 1363 1363 1020 1245 1930 1930
1742 1742 1742 953 1462 1462 1462 1462 1462 1983 1587 238 1683 177 238 1587 238 1683 1587 177
1587 953 1742 1742 1307 1245 535 996 1529 1529 996 996 1529 1742 1742 274 274 274 1553 64
1742 274 274 274 64 64 1307 1245 535 996 1529 1529 996 1529 1020 1245 1363 1363 1020 1245
177 1930 1930 177 177 238 238 238 1683 238 953 274 1553 939 953 1742 1742 274 274 939
953 1742 953 1462 1462 1462 1462 1462 1983 322 996 1683 177 238 322 322 996 1683 177 238
1529 1742 1742 274 274 274 1553 64 64 1307 1245 535 996 1529 1529 996 1529 1020 1245 1363
274 274 1553 64 64 1307 1245 535 996 1529 1529 996 1529 1020 1245 1363 1363 1020 1245 1587
274 274 274 953 953 953 953 1742 1742 1742 1307 1245 535 996 1529 1529 996 1529 1742 1742
939 1553 953 953 1462 1462 1462 1462 1462 1983 322 996 1683 177 238 322 322 996 1683 177
64 914 64 1462 537 537 1553 1983 322 322 996 1683 177 238 322 322 996 1683 322 322
1245 1930 1930 1930 1930 1930 1930 1553 1930 1930 1930 1742 1742 1742 1930 1930 1930 1930 1930 1930
1983 1587 996 1683 177 238 1587 1587 996 1683 177 238 238 1683 238 939 953 1742 1742 64
1020 1245 1587 1587 1587 1462 1462 1553 953 1742 953 1462 1462 1462 1462 1462 1983 1587 238 1683
1587 1742 1742 1742 1307 1245 535 996 1529 1529 996 1529 1742 1742 274 274 274 274 274 1553
1742 1742 1742 1307 1245 535 996 1529 1529 996 1529 1742 1742 274 274 274 274 274 64 64
1363 1363 1020 1245 1930 1930 1930 1553 939 939 953 1742 953 1462 1462 1462 1462 1462 1983 322
1529 996 1529 1020 1245 1363 1363 1020 1245 1587 1587 1587 1553 939 939 953 1742 953 1462 1462
1587 953 953 1742 1742 1307 1245 535 996 1529 1529 996 1529 1742 1742 274 274 274 1553 64
64 1587 953 1462 1462 1462 1462 1462 1983 1587 238 1683 177 238 1587 1587 996 1683 177 238
274 953 953 953 953 1742 1742 1742 1307 1245 535 996 1529 1529 996 1529 1742 1742 274 274
1462 1983 1587 238 1683 177 238 1587 1587 996 1683 177 238 238 1683 238 939 953 64 939
1587 996 1683 177 238 1587 1587 996 1683 177 238 238 1683 238 939 953 1742 1742 64 939
1363 1363 1020 1245 1930 1930 1930 1930 1930 1930 1553 1930 939 953 1742 1742 1742 1930 1930 1930
1553 1587 485 485 485 485 485 485 485 485 1930 953 1462 1462 1462 1462 1462 1983 1930 1930
939 953 1553 1742 953 1462 1462 1462 1462 1462 1983 322 996 1683 177 238 322 238 177 322
1020 1245 1363 1363 1020 1245 1930 1587 1930 1742 939 939 1553 953 953 1462 1462 1462 1462 303
1529 996 1529 1742 1742 274 274 274 274 274 64 64 64 1307 1245 535 996 1529 1529 996
238 1587 238 1683 177 1587 238 238 1683 238 939 953 1553 322 953 1462 1462 1462 1462 1462
1462 1462 1462 1462 1462 1983 1587 238 1683 177 238 1587 1587 238 1683 177 238 238 1683 238
1529 1020 1245 1363 1363 1020 1245 1587 1587 1587 1587 939 1553 953 274 953 1742 1742 64 64
274 274 274 64 64 64 1307 1245 535 996 1529 1529 996 1529 1020 1245 1363 1363 1020 1245
274 274 274 64 64 64 1307 1245 535 996 1529 1529 238 996 1529 1020 1245 1363 1363 1020
1245 1587 1587 1587 1553 1462 939 953 953 1462 1462 1462 1462 1462 1983 1587 996 1683 177 238
996 1529 1742 1742 274 274 274 1553 1553 1553 1307 1245 535 996 1529 1529 996 1529 1020 1245
322 238 1683 322 177 238 238 1683 238 939 953 1553 939 953 303 303 303 303 303 1983
322 238 1683 322 322 177 238 238 1683 238 939 953 1553 1553 939 953 303 303 303 303
1462 1462 1462 1462 1462 1983 322 996 1683 177 238 322 322 238 1683 177 238 238 1683 238
1245 535 996 1529 1529 996 1529 1020 1245 1363 1363 1020 1245 1930 1930 1930 1553 1587 939 953
535 996 1529 1529 996 1529 1742 1742 274 274 274 1553 64 64 64 1307 1245 535 996 1529
1245 1363 1363 1020 1245 1930 1587 1930 1742 939 939 1553 953 953 1462 1462 1462 1462 1462 1983
1462 1462 1462 1462 1462 1983 322 996 1683 177 238 322 238 1683 322 177 238 238 1683 238
1930 939 939 953 1553 1742 953 1462 1462 1462 1462 1462 1983 322 996 1683 177 238 322 238
1020 1245 1587 1587 1587 939 939 1553 953 1742 953 1462 1462 1462 1462 1462 1983 1587 238 1683
485 485 485 485 485 485 485 485 537 1553 537 537 914 1553 1553 914 1553 537 537 1553
64 939 953 303 303 303 303 303 1983 1587 238 1683 177 238 1587 1587 996 1683 177 238
535 996 1529 1529 996 1529 1742 1742 274 274 274 64 64 64 1307 1245 535 996 1529 1529
1587 238 1683 177 238 238 1683 238 939 953 1553 1462 953 1462 1462 1462 1462 1462 1983 1587
996 1529 1020 1245 1363 1363 1020 1245 1930 1930 1930 1930 1930 1930 1553 939 939 953 1742 1742
537 1983 537 537 1553 914 1553 537 537 1553 485 485 485 485 485 485 485 485 485 485
1462 1462 1462 1462 1462 1983 322 996 1683 177 238 322 238 1683 322 177 238 238 1683 238
1742 1742 274 274 274 1553 64 64 1307 1245 535 996 1529 1529 996 1529 1020 1245 1363 1363
1742 1742 1307 1245 535 996 1529 1529 996 1529 1020 1245 1363 1363 1020 1245 1930 1930 1930 1742
274 274 64 64 1742 1742 1307 1245 535 996 1529 1529 996 1529 1020 1245 1363 1363 1020 1245
1462 1983 1587 238 1683 177 238 1587 1587 996 1683 177 238 238 1683 238 939 953 64 939
1020 1245 1363 1363 1020 1245 1587 1587 1587 1553 1462 1462 953 1742 953 1462 1462 1462 1462 1462
1462 1462 1462 996 535 537 537 64 914 1553 1462 537 537 1553 1462 1983 322 322 996 1683
1742 1742 485 1587 485 485 485 485 485 485 485 485 1742 996 1983 537 953 1553 914 1553
1529 1742 1742 274 274 274 64 64 64 64 1307 1245 535 996 1529 1529 996 996 1529 1020
274 953 939 1742 1742 1307 1245 535 996 1529 1529 996 1529 1742 1742 274 274 274 1553 64
274 274 274 64 64 1742 1742 1307 1245 535 996 1529 1529 996 1529 1020 1245 1363 1363 1020
953 303 303 303 303 303 1983 1587 1587 996 1683 177 238 1587 1587 238 1683 1587 1587 177
996 1529 1529 996 1529 1742 1742 274 274 274 64 64 64 1307 1245 535 996 1529 1529 996
1742 1742 274 274 274 274 274 64 64 64 1307 1245 535 996 1529 1529 996 1553 1020 1245
1742 1742 485 1742 485 485 485 485 485 485 485 485 485 537 1553 537 537 914 1553 1553
64 64 1307 1245 535 996 1529 1529 996 1529 1020 1245 1363 1363 1020 1245 1587 1587 1587 1462
64 64 1742 1742 64 1307 1245 535 996 1529 1529 996 1529 1020 1245 1363 1363 1020 1245 1930
