248 338 338 338 338 248 248 248 248 248 248 248 338 338 70 338 248 248 338 248
6 6 6 6 6 6 6 6 6 6 6 6 6 6 6 6 6 6 6 6
248 248 235 235 235 248 70 235 235 235 235 488 338 70 70 235 235 235 235 70
120 70 235 274 235 120 235 70 235 274 120 70 274 120 248 235 235 248 338 338
120 70 274 120 70 274 274 120 326 326 274 274 120 338 338 248 248 235 235 235
326 326 326 274 274 274 274 274 326 326 274 274 326 248 248 248 248 248 248 338
338 235 6 6 6 6 6 6 6 6 6 6 6 6 6 6 6 6 6 6
248 235 235 235 235 235 235 70 235 235 235 235 235 235 235 235 70 235 235 235
120 70 274 274 274 120 120 274 120 70 274 274 120 70 274 274 120 70 274 274
6 6 6 6 6 6 6 6 6 6 6 6 6 6 6 6 6 6 6 338
326 326 326 326 326 326 248 248 326 326 326 326 326 326 326 326 326 326 326 248
274 120 120 274 120 70 274 120 70 274 120 70 274 274 120 70 274 274 120 235
338 338 70 338 248 248 248 235 235 488 488 488 488 488 488 70 488 488 70 488
274 120 70 274 274 274 120 120 274 120 70 274 120 70 274 120 70 274 120 120
274 274 326 326 120 274 326 120 248 248 248 248 248 248 248 248 338 338 338 338
120 274 120 70 274 120 70 274 274 120 70 274 274 120 70 274 274 70 120 274
248 248 248 248 248 248 248 248 248 248 248 235 235 235 235 235 235 248 248 235
248 248 248 248 248 248 235 235 235 235 248 235 235 235 70 70 120 274 120 70
274 274 120 120 274 120 70 274 120 70 274 120 70 274 274 120 70 274 274 120
248 248 235 235 235 235 235 235 235 235 338 338 235 235 235 235 235 235 70 70
235 235 235 70 488 235 235 235 235 274 70 70 70 235 235 235 235 488 70 248
274 120 274 120 70 274 274 274 120 120 274 120 70 274 120 70 274 120 70 274
235 235 235 70 70 235 235 235 235 274 70 70 70 235 235 235 235 248 70 248
274 120 70 274 274 274 120 120 274 120 70 274 120 70 274 120 248 248 70 235
235 338 338 338 338 248 248 248 248 248 248 338 338 70 338 248 248 248 235 235
6 6 6 6 6 6 6 6 6 6 6 6 6 6 6 6 6 6 6 6
6 6 6 6 6 6 6 6 6 6 6 6 6 6 6 6 6 6 6 6
274 120 274 120 70 274 274 274 120 120 274 120 70 274 120 70 274 120 70 274
235 338 338 338 338 248 248 248 248 248 338 338 248 70 338 248 248 248 235 235
120 274 120 70 274 120 70 274 120 70 274 274 120 70 274 274 120 235 235 235
235 235 70 70 338 338 235 235 235 235 235 235 235 235 70 70 488 488 235 235
248 326 326 248 248 326 326 326 326 326 326 326 326 326 326 326 326 326 326 326
120 326 326 326 326 120 248 248 248 248 248 248 248 248 248 248 235 248 235 235
248 338 338 338 338 248 248 248 248 248 248 248 248 248 70 248 248 248 235 235
248 248 235 338 6 6 6 6 6 6 6 6 6 6 6 6 6 6 6 6
248 248 248 338 488 488 6 6 6 235 338 6 6 6 6 488 6 6 6 6
235 248 235 326 70 120 274 120 235 70 274 274 274 120 120 274 120 70 274 120
70 274 274 274 120 120 274 120 70 274 120 70 274 120 70 274 120 248 70 488
6 6 6 6 6 6 6 6 6 6 6 6 6 6 6 6 6 6 6 6
120 120 274 120 235 248 235 70 274 120 235 248 70 274 120 248 70 274 120 235
488 248 248 248 248 248 248 248 338 338 248 248 248 248 248 248 248 248 248 235
248 248 248 326 248 248 326 326 248 248 326 326 326 326 326 326 326 326 326 326
70 274 120 70 274 120 274 70 274 120 120 274 274 70 274 120 274 120 70 274
248 70 274 120 274 120 235 248 70 274 274 274 120 120 274 120 248 235 70 274
338 338 248 248 248 338 338 248 248 248 248 248 248 248 248 248 248 248 248 235
6 6 6 6 6 6 6 6 6 6 6 6 6 6 6 6 6 6 6 6
274 274 274 248 248 235 235 235 235 338 338 338 338 248 248 70 70 338 326 326
338 274 326 274 274 326 326 120 274 326 120 248 248 248 248 248 248 248 248 338
235 235 235 235 235 248 248 248 248 248 248 248 248 70 70 248 248 70 70 488
248 248 248 248 248 248 248 248 248 248 248 248 248 235 235 235 235 235 248 338
120 274 120 70 274 120 70 274 120 70 274 120 120 326 274 120 274 120 274 120
488 274 338 248 235 235 248 248 248 488 6 6 6 488 488 488 488 488 488 488
326 274 326 326 274 274 120 120 70 274 274 274 120 120 274 326 70 274 120 70
235 235 235 248 248 248 248 248 248 70 70 248 248 70 70 70 70 70 70 248
338 338 248 248 248 248 248 248 248 338 338 248 70 338 248 235 235 235 488 70
120 274 120 70 274 120 70 274 120 70 274 274 120 248 70 274 274 70 120 274
70 274 120 120 326 274 326 120 326 274 120 70 274 274 274 120 120 274 120 70
248 248 248 248 248 248 248 248 248 248 235 235 235 235 235 235 248 248 235 235
248 248 235 235 326 326 326 326 120 248 235 326 326 274 326 120 120 274 326 235
248 338 338 338 248 248 248 248 248 248 248 248 248 248 248 248 338 338 338 235
120 248 70 274 274 274 120 120 248 274 120 248 70 235 248 274 120 248 70 274
338 235 326 248 338 338 338 338 248 248 248 248 338 338 70 338 248 248 248 248
120 120 326 274 120 274 120 274 120 70 274 274 274 120 120 274 120 70 274 120
6 6 6 6 6 6 6 6 6 6 6 6 6 6 488 6 6 6 488 488
120 70 274 70 70 274 120 248 248 248 70 274 274 488 120 274 120 248 488 488
326 326 326 248 248 326 326 326 326 326 326 326 326 326 326 326 326 326 326 326
235 338 338 248 248 248 338 338 338 70 248 248 248 248 248 248 248 248 248 248
326 326 326 326 326 326 326 326 326 326 326 326 326 326 326 326 326 326 326 248
6 6 6 6 6 6 6 6 6 6 488 488 6 6 488 488 488 488 6 6
338 248 248 248 248 248 248 248 248 248 248 248 248 235 235 235 235 248 235 235
338 338 70 338 338 338 248 248 248 248 248 248 248 248 248 248 248 248 248 248
6 6 6 6 6 6 6 6 6 6 6 248 488 488 488 488 235 235 235 248
274 120 70 274 274 274 120 120 274 120 70 274 120 70 274 120 70 274 120 70
338 338 70 338 248 248 248 235 235 338 235 488 488 488 488 488 488 488 488 488
120 70 274 120 70 274 120 70 274 120 120 326 274 120 274 326 274 120 70 274
6 6 6 6 6 6 6 6 488 488 488 488 488 488 488 488 488 488 488 488
338 248 248 248 338 338 248 248 248 248 248 248 248 248 248 248 248 248 235 235
274 274 120 70 274 274 120 248 248 248 248 70 274 274 70 120 274 120 248 70
326 326 326 326 326 326 120 235 248 248 248 248 248 248 248 338 338 70 70 338
120 274 120 70 274 274 274 120 120 274 120 70 274 274 120 70 274 274 120 70
6 6 6 6 6 6 6 6 6 6 6 6 6 6 6 6 6 6 488 6
488 488 488 488 488 248 6 6 6 6 488 248 6 6 6 6 6 6 6 6
248 248 248 248 248 248 248 338 338 248 248 248 248 248 248 248 248 248 235 235
6 6 6 6 6 6 6 6 6 6 6 6 6 6 6 6 6 6 6 6
120 70 274 274 274 120 120 274 120 70 274 120 70 274 120 70 274 120 120 274
248 248 235 235 235 235 338 338 338 338 248 248 248 248 248 248 338 338 338 338
248 235 248 248 235 235 235 248 235 248 235 235 248 248 70 274 120 274 120 235
6 6 6 6 6 6 6 6 6 6 6 6 6 6 6 6 488 488 6 488
70 274 274 274 120 120 274 120 70 274 120 70 274 120 70 274 120 70 274 120
120 70 326 274 120 70 274 274 120 70 326 274 326 326 326 326 326 326 70 326
338 338 248 248 248 248 248 248 248 248 248 235 235 235 235 235 235 235 338 235
120 120 274 120 70 274 274 120 70 274 274 120 70 274 274 120 248 248 248 248
248 338 338 338 338 248 248 248 248 248 248 248 248 248 70 248 248 248 248 338
248 248 248 248 248 248 248 248 248 248 248 248 248 248 248 235 235 235 235 235
326 326 326 326 326 326 326 326 326 326 326 326 326 326 326 326 326 326 326 326
120 70 274 120 120 326 274 326 274 120 274 120 70 274 274 326 120 120 274 120
274 120 120 326 274 120 274 120 274 120 70 274 274 274 120 120 274 120 70 274
120 120 274 120 70 274 120 70 274 120 70 274 120 120 326 274 120 274 326 274
248 248 248 248 338 338 338 338 326 326 326 326 326 326 326 326 326 326 326 326
248 248 248 248 248 248 248 235 235 235 235 235 248 338 338 488 488 70 70 488
120 70 274 120 120 326 274 326 120 326 274 120 70 274 274 326 120 120 274 120
326 326 326 326 274 120 248 248 235 235 235 235 235 235 326 326 326 326 326 326
248 248 248 235 235 326 70 120 274 120 70 274 274 274 120 120 274 120 70 274
235 248 235 248 248 235 235 338 338 235 235 235 235 235 235 235 235 235 235 235
338 248 235 338 338 338 338 248 248 248 248 248 338 338 248 70 338 248 248 248
488 248 235 235 248 248 488 6 6 6 6 6 6 6 6 488 488 488 6 6
338 326 274 326 274 120 70 274 274 274 120 120 274 120 70 274 120 70 274 274
326 338 338 248 248 235 235 235 235 235 235 326 326 326 326 326 326 326 326 326
248 248 235 235 248 235 235 235 248 235 235 235 70 338 235 235 235 235 70 70
488 338 338 274 338 274 274 70 274 120 70 274 274 274 120 120 274 120 70 274
488 488 488 488 488 488 488 6 6 6 6 248 235 235 235 235 235 488 488 235
488 6 488 488 338 338 248 70 274 326 274 120 70 274 274 274 120 120 274 120
248 248 70 248 248 248 235 235 235 235 235 235 235 235 235 235 235 235 235 235
248 248 248 235 235 338 338 235 235 235 248 235 235 235 235 235 235 235 235 235
248 248 235 338 235 338 338 248 248 248 338 338 248 248 248 248 248 248 248 248
6 6 6 488 6 338 338 488 488 488 488 488 488 274 274 274 120 120 488 488
6 6 6 6 6 6 6 6 6 6 6 6 6 6 488 488 488 488 488 6
6 6 6 248 488 488 488 488 338 248 235 235 338 338 6 6 488 6 488 488
248 248 248 248 248 248 248 248 235 235 248 248 235 235 338 338 235 235 235 235
274 274 120 120 274 120 248 70 248 248 248 248 248 248 248 338 338 248 248 248
326 274 326 120 248 248 248 248 248 248 248 248 248 248 235 235 248 248 235 235
326 326 326 326 326 326 326 326 326 326 326 326 326 326 326 326 326 326 326 326
338 338 70 338 248 248 248 248 248 235 235 248 338 488 488 488 488 488 235 338
248 326 326 326 248 248 248 248 248 248 248 248 248 248 248 248 248 248 235 235
274 120 120 274 120 70 274 120 70 274 274 120 70 274 274 248 120 338 70 274
6 6 6 6 6 6 6 6 6 6 326 326 326 326 326 326 326 326 326 326
274 120 70 274 274 274 120 120 274 120 70 274 120 70 274 120 70 70 274 120
235 70 70 338 338 235 235 235 235 235 235 235 235 70 70 488 488 235 235 235
326 326 326 326 326 326 326 326 326 326 326 326 326 326 326 326 326 326 326 326
338 70 338 248 248 248 248 248 235 235 248 338 488 488 488 488 488 235 338 488
338 338 248 248 248 338 338 248 248 248 248 248 248 248 248 70 70 70 248 274
248 235 235 235 248 235 235 235 338 326 70 326 274 120 70 274 274 274 120 120
70 274 120 70 274 120 70 274 120 248 235 235 235 248 248 248 248 338 338 338
326 326 326 326 326 326 326 326 326 326 326 326 326 326 326 326 326 326 326 326
6 338 338 235 235 6 6 6 6 6 6 6 6 6 6 6 6 6 6 6
338 338 338 248 248 248 248 248 248 338 338 70 338 248 248 248 235 235 338 235
248 248 338 248 338 488 488 488 488 488 6 488 6 6 488 6 488 6 338 235
235 235 70 274 120 235 70 274 274 120 70 274 274 120 248 248 248 248 338 338
235 248 248 70 274 70 274 235 235 235 248 235 235 338 338 338 326 326 326 326
6 6 6 6 6 6 6 338 338 235 235 6 6 6 6 6 6 6 6 6
248 326 326 326 326 326 326 326 326 326 326 326 326 248 248 235 235 338 338 235
274 120 274 120 274 120 70 274 274 274 120 120 274 120 70 274 120 70 274 120
6 6 6 6 6 6 6 6 6 6 6 6 6 6 6 6 6 6 6 6
6 6 6 6 6 6 6 6 6 6 6 6 6 6 6 6 6 6 6 6
70 120 248 248 248 248 248 248 248 248 248 248 235 235 248 248 235 235 235 248
248 248 248 326 326 248 248 326 326 326 326 326 326 326 326 326 326 326 326 326
6 6 6 6 6 6 6 6 6 488 235 6 6 6 6 6 6 6 6 6
274 120 70 274 120 248 70 274 120 120 274 120 70 248 235 248 248 248 235 235
248 248 248 248 248 248 338 338 70 338 248 248 338 248 338 488 70 488 488 70
235 248 248 338 326 70 120 274 120 70 274 274 274 120 120 274 120 70 274 120
248 70 274 274 70 120 274 120 70 248 235 248 338 338 248 248 248 248 248 248
235 235 338 338 326 274 120 274 120 70 274 274 274 120 120 274 120 70 274 120
274 120 70 274 120 248 70 274 120 120 274 120 70 248 248 248 248 248 248 248
338 338 248 338 248 235 338 274 274 338 338 338 338 338 70 338 338 338 248 248
235 235 235 235 235 235 70 70 488 488 248 235 235 235 235 235 235 235 70 70
248 248 248 248 248 248 248 248 248 235 235 248 235 338 235 338 248 248 248 338
120 274 120 248 248 248 248 248 248 248 248 326 326 326 326 326 326 326 326 326
338 70 274 274 120 248 248 235 235 338 338 248 248 248 235 338 338 248 248 248
326 338 338 326 274 70 274 120 70 274 274 274 120 120 274 120 70 274 120 70
248 248 235 235 338 338 248 248 248 338 338 248 248 248 248 248 248 248 248 248
274 120 70 248 274 274 274 120 120 274 120 70 274 120 70 274 120 70 274 120
70 274 274 120 70 70 70 274 274 120 70 274 235 235 235 235 235 235 235 235
338 248 248 248 248 248 248 248 248 248 70 248 248 248 248 338 235 235 248 235
248 248 248 248 235 235 326 326 235 235 338 338 326 326 326 326 326 326 326 326
6 6 6 6 6 6 6 6 6 6 6 6 6 6 6 6 6 6 6 6
120 70 274 120 70 274 70 120 274 120 248 248 248 248 248 248 248 248 70 70
120 248 248 248 248 248 248 248 248 326 326 326 326 326 326 326 326 326 326 326
248 235 235 248 235 235 235 248 235 235 235 70 338 235 235 235 235 70 70 235
488 488 6 488 488 488 488 6 6 6 488 488 235 235 235 235 235 235 235 235
274 120 248 248 248 248 248 248 248 248 326 326 338 338 326 326 326 326 326 326
235 248 235 235 235 70 274 70 274 120 70 274 274 274 120 120 274 120 70 274
120 70 274 274 120 326 120 274 274 120 338 338 248 248 235 235 235 235 235 235
248 338 338 248 488 338 248 248 248 235 235 235 488 488 488 488 488 488 488 488
248 248 248 248 248 248 248 248 235 235 235 338 488 488 488 488 488 488 488 488
70 274 274 274 120 120 274 120 70 274 120 70 274 274 120 70 274 274 326 120
326 326 120 326 326 120 248 248 248 248 248 248 248 248 338 338 70 70 338 338
120 274 274 274 120 120 274 120 70 274 274 274 120 120 274 120 70 274 120 70
235 248 235 235 235 338 248 70 248 235 235 235 70 235 235 70 235 235 70 248
488 488 248 235 235 338 6 6 6 6 6 6 6 6 6 6 6 6 6 6
235 248 235 235 235 70 338 248 235 235 235 70 70 235 235 235 235 70 338 70
488 488 488 488 488 488 488 248 6 6 6 6 488 248 6 6 6 6 6 6
326 326 248 248 326 326 326 326 326 326 326 326 326 326 326 326 326 326 326 326
248 248 235 235 235 235 235 235 70 70 248 235 235 235 235 235 235 235 338 338
70 488 248 235 235 235 338 70 70 70 235 235 235 235 488 70 248 248 248 248
338 338 248 248 248 248 338 338 70 338 248 248 248 248 248 235 338 235 488 70
6 6 6 6 6 6 6 6 6 6 6 6 6 6 6 6 6 6 6 6
326 326 326 326 326 326 326 326 326 248 248 326 326 326 326 326 326 326 326 326
326 326 326 326 326 326 326 326 248 248 326 326 326 326 326 248 248 326 326 326
235 248 235 70 235 248 235 235 235 338 248 235 235 235 235 235 70 235 235 235
274 120 248 235 235 235 70 248 235 248 248 338 338 248 248 338 338 248 248 248
70 248 248 235 235 235 235 235 235 70 70 70 70 70 70 235 235 235 235 235
338 248 248 235 248 338 338 274 274 274 274 338 338 338 338 338 338 338 338 338
235 235 235 338 70 248 235 235 235 70 235 235 248 235 235 488 248 235 248 70
235 235 248 235 235 235 338 338 326 274 120 274 120 70 274 274 274 120 120 274
248 248 248 235 235 338 338 235 235 235 248 235 235 235 235 235 235 235 235 235
274 120 274 120 274 120 70 274 274 274 120 120 274 120 70 274 274 120 70 274
248 248 248 338 338 70 338 248 248 248 235 235 488 488 488 488 488 488 488 488
274 120 70 274 274 274 120 120 274 120 70 274 120 70 274 120 70 274 120 248
248 248 248 248 248 248 248 248 248 248 248 248 248 248 248 248 248 235 235 235
6 6 6 6 6 6 6 6 6 6 6 6 488 488 248 488 488 488 488 488
248 248 235 235 235 248 235 235 235 248 235 235 235 70 248 235 235 235 338 70
338 248 248 248 248 248 248 248 248 248 235 235 248 235 235 235 235 235 338 338
6 6 6 6 6 6 6 338 6 488 488 488 488 235 235 235 338 6 6 6
274 274 120 248 248 235 235 338 338 248 248 248 248 338 338 248 248 248 248 248
326 338 338 248 248 235 235 235 235 235 235 326 326 326 326 326 326 326 326 326
274 120 248 248 70 274 274 274 120 120 274 120 235 248 235 70 274 120 235 248
248 248 248 235 235 248 248 235 235 248 248 235 235 235 248 235 235 248 248 235
274 274 120 120 274 120 70 274 120 70 274 120 70 274 120 120 70 274 120 274
274 120 70 274 120 70 274 274 120 70 274 120 120 338 326 274 120 274 120 274
274 120 120 326 326 326 274 274 120 120 70 274 274 274 120 120 274 326 70 274
248 248 248 248 248 235 326 326 326 326 326 326 326 326 326 326 326 326 326 326
338 70 338 248 248 248 248 248 235 338 235 488 488 488 488 488 488 488 488 488
120 248 70 274 274 274 120 120 274 120 70 274 120 70 274 120 70 274 274 120
120 120 274 120 70 274 120 70 274 120 70 274 120 120 274 274 120 274 120 274
326 326 248 248 248 248 248 248 338 338 338 338 248 248 248 248 326 326 326 248
274 338 235 235 338 338 338 338 248 248 248 248 338 338 70 338 248 248 248 248
120 274 274 120 274 120 274 120 70 274 274 274 120 120 274 120 70 274 120 70
326 326 326 326 326 326 326 326 248 248 248 248 326 326 326 326 326 326 326 326
235 235 338 338 235 248 235 235 235 235 235 235 70 70 235 235 235 235 235 235
248 248 338 338 248 248 248 248 248 338 338 248 248 248 248 248 248 235 248 235
274 274 120 120 248 274 120 248 70 235 248 274 120 248 70 274 120 235 248 70
248 338 338 338 338 248 248 248 248 248 248 326 326 326 326 326 326 326 326 326
6 6 6 6 6 6 6 6 6 488 488 488 488 235 235 235 6 6 6 6
274 70 120 274 120 248 70 248 248 248 248 248 248 248 338 338 338 248 248 248
248 70 274 274 70 120 274 120 70 248 235 248 338 338 248 248 248 248 248 248
248 248 235 235 248 248 235 70 248 235 235 235 70 235 235 235 235 338 70 235
274 120 120 274 120 70 274 120 70 274 120 70 274 120 70 274 120 338 248 235
235 235 235 235 248 248 248 248 70 488 248 248 248 248 338 70 70 70 70 70
6 6 6 6 6 6 6 6 6 6 6 6 6 6 6 6 6 6 6 6
248 248 248 248 248 248 235 235 248 235 235 235 235 235 338 338 248 235 235 338
70 274 120 70 274 120 120 274 274 120 274 120 274 120 70 274 274 274 120 120
6 6 6 6 6 6 6 6 6 488 488 235 235 6 6 6 6 6 6 6
248 248 248 248 248 248 248 248 248 248 248 326 70 120 274 120 248 235 70 274
326 326 326 248 248 326 326 326 326 326 248 248 326 326 326 326 326 248 248 326
274 274 274 120 120 274 120 70 274 120 70 274 120 70 274 120 120 326 274 120
488 488 488 488 488 488 488 488 235 235 488 488 488 488 235 235 235 235 235 235
6 6 6 6 6 6 6 6 6 6 6 6 6 6 6 6 6 6 6 6
338 70 338 338 338 248 248 248 248 248 248 248 248 248 235 235 338 488 70 488
120 120 274 120 70 274 274 120 70 274 274 120 70 274 274 120 326 274 70 274
488 248 248 248 248 488 488 488 488 488 248 248 248 338 338 248 248 248 248 248
6 6 6 6 6 6 6 6 6 6 6 6 6 6 6 6 6 6 6 6
338 338 274 274 274 488 338 338 338 338 338 338 338 338 338 70 338 338 248 248
120 326 274 120 274 120 274 120 70 274 274 274 120 120 274 120 70 274 120 70
248 248 326 70 120 274 120 248 235 70 274 274 274 120 120 274 120 235 248 235
274 274 120 120 274 120 70 274 120 70 235 274 235 120 235 70 235 274 120 70
326 326 326 248 248 326 326 326 326 326 326 326 326 326 235 235 338 338 235 235
248 248 248 338 338 338 338 248 248 248 248 70 248 248 248 248 248 248 248 248
274 120 274 120 274 120 70 274 274 274 120 120 274 120 70 274 274 120 70 274
488 248 248 488 274 488 488 235 235 235 235 235 235 248 248 488 488 488 488 488
248 248 248 248 235 235 235 235 248 248 235 235 338 338 235 235 235 235 235 235
6 6 6 6 6 6 6 338 338 6 6 6 6 235 235 235 235 488 488 488
274 274 70 120 274 274 120 248 248 248 248 70 248 248 248 338 338 248 248 248
235 235 248 248 70 235 235 235 235 235 248 70 235 235 235 235 70 338 70 70
274 120 248 248 248 70 274 274 488 120 274 120 248 488 488 488 488 70 248 488
326 326 326 326 326 326 326 326 326 326 326 326 326 326 326 326 326 326 326 326
326 326 326 120 326 326 120 70 274 120 120 274 120 248 248 248 248 248 248 248
274 70 274 120 70 274 274 274 120 120 274 120 70 274 120 70 274 120 70 70
248 326 326 248 248 326 326 326 326 326 326 326 326 248 248 248 248 248 248 248
326 326 326 326 326 326 274 120 248 248 235 235 235 235 235 235 326 326 326 326
6 6 6 6 6 6 6 6 6 6 488 488 235 235 6 6 6 6 6 6
120 274 120 70 274 120 70 274 120 70 274 120 120 326 274 120 326 120 274 120
326 326 248 248 326 326 326 326 248 248 326 326 326 326 326 326 326 326 326 326
70 274 120 70 274 120 248 248 248 248 338 338 248 248 248 248 248 248 248 248
274 120 274 120 70 274 274 274 120 120 274 120 70 274 120 70 274 120 70 274
6 6 6 488 488 488 488 235 235 235 6 6 6 6 6 6 6 6 6 6
274 120 70 274 120 338 70 274 274 120 70 274 274 120 120 274 120 248 326 248
235 235 235 338 338 326 274 120 274 120 70 274 274 274 120 120 274 120 70 274
274 120 120 274 274 274 120 120 274 120 70 274 274 274 120 120 274 120 70 274
6 6 6 6 6 6 6 6 6 6 6 6 6 6 338 338 235 235 6 6
326 326 326 326 326 326 326 326 326 326 326 248 248 248 248 248 248 248 248 338
6 248 248 248 488 488 488 488 235 235 235 338 6 6 6 6 488 488 488 6
248 248 338 338 338 338 248 248 248 248 248 248 248 248 248 70 248 248 248 235
235 235 235 70 70 235 235 235 235 488 70 70 235 235 235 235 70 488 488 488
248 235 248 70 235 235 235 235 235 235 235 235 70 235 235 235 235 338 70 248
120 70 274 274 274 120 120 274 120 70 274 120 70 274 120 70 274 120 70 274
70 274 120 70 274 70 338 248 235 235 235 248 248 235 248 338 338 338 338 248
274 326 326 326 326 326 326 248 248 248 248 248 248 338 338 338 338 248 248 248
274 274 120 70 274 274 70 235 235 235 235 338 338 248 248 248 248 338 70 338
248 70 274 274 70 120 274 120 70 248 235 248 338 338 248 248 248 248 248 248
248 235 70 338 248 248 235 235 70 488 248 248 235 235 70 70 70 248 248 248
274 274 274 120 120 274 120 70 274 120 70 274 120 70 274 274 120 248 70 274
235 338 338 235 235 235 235 235 248 235 235 235 235 235 235 235 235 235 235 235
488 488 488 488 488 6 488 6 6 6 6 6 6 6 6 6 6 6 6 6
274 120 70 274 274 120 70 274 274 120 70 274 274 70 120 274 120 70 248 248
338 248 235 235 248 248 248 488 6 6 6 6 6 6 488 488 488 488 488 488
248 235 235 338 338 235 235 235 235 235 248 235 235 235 235 235 235 235 235 235
248 248 248 248 248 248 248 248 248 248 248 235 248 248 248 235 235 235 235 248
274 274 274 120 120 274 120 70 274 120 70 274 274 120 70 274 274 120 70 274
338 248 248 248 338 70 338 248 248 488 488 488 488 248 248 248 248 248 248 248
248 338 6 6 6 6 6 6 6 6 6 6 6 6 6 6 6 6 6 6
248 248 248 248 248 248 248 248 248 248 248 248 235 235 235 235 248 248 235 235
6 6 6 6 6 6 6 6 6 6 6 6 6 6 488 488 488 488 488 6
70 274 274 70 120 274 120 70 248 235 248 338 338 248 248 248 248 248 248 248
120 274 120 70 274 274 120 70 274 274 120 70 274 274 120 326 274 70 274 274
70 274 274 274 120 120 274 120 248 248 70 274 120 235 274 120 70 274 120 235
6 6 6 6 6 6 6 6 6 6 6 6 6 6 6 6 6 6 6 6
248 248 248 248 248 248 248 338 338 338 338 338 338 248 248 248 248 248 248 248
248 248 248 248 248 248 326 326 326 326 326 326 326 326 326 326 326 326 326 326
235 70 274 120 70 274 248 120 70 274 274 120 70 274 120 248 248 248 248 338
274 326 120 274 120 248 248 248 248 248 248 248 248 326 326 338 338 326 326 326
248 248 338 6 6 6 6 338 6 6 6 6 6 6 6 6 6 6 6 6
6 6 6 6 6 488 488 488 488 235 235 235 6 6 6 6 6 6 6 6
6 6 6 6 6 6 6 6 6 6 6 338 488 235 235 6 6 6 6 6
326 326 326 326 326 326 326 326 326 326 326 326 326 326 326 326 326 326 326 326
6 6 6 6 6 6 6 6 6 6 6 248 488 488 488 488 235 235 235 248
70 274 120 120 326 274 120 274 326 274 120 70 274 274 274 120 120 274 120 70
70 70 70 70 274 120 274 488 488 488 338 338 488 488 274 274 235 235 235 235
248 248 248 235 248 248 235 235 338 338 235 235 235 235 235 235 235 235 235 235
274 120 120 274 120 70 274 120 70 274 120 70 274 274 120 338 70 274 274 120
274 120 70 274 274 274 120 120 274 120 70 274 274 120 70 274 274 120 70 274
120 274 120 70 274 274 120 70 70 70 274 274 120 70 274 248 235 235 235 235
248 235 235 235 248 235 235 235 70 248 235 235 235 338 70 248 248 235 235 235
488 120 6 6 6 6 488 274 488 488 488 6 488 248 488 6 6 6 6 248
274 326 274 120 70 274 274 274 120 120 274 120 70 274 120 70 274 120 70 274
6 6 6 6 6 6 6 6 6 6 6 6 6 6 235 248 235 488 6 488
248 248 235 338 235 235 248 235 235 235 235 235 235 235 338 235 70 120 274 120
6 6 6 488 6 338 338 488 488 488 488 488 488 274 274 274 120 120 488 488
70 274 120 120 274 120 248 70 248 248 248 338 338 248 248 248 248 248 248 248
120 488 274 120 70 274 120 70 274 274 120 6 6 6 6 488 274 274 488 120
248 248 248 235 248 235 235 235 338 338 248 248 248 338 338 248 248 248 248 248
326 326 326 326 326 326 326 326 326 326 326 326 326 326 326 326 248 248 326 326
248 248 338 338 248 248 248 248 248 248 248 248 248 248 248 248 235 235 235 235
6 6 6 6 6 6 488 488 488 488 235 235 235 6 6 6 6 6 6 6
235 235 338 248 235 235 235 248 248 70 235 235 235 235 235 248 70 235 235 235
488 488 488 488 488 488 488 338 338 338 488 338 338 248 248 248 248 248 248 248
274 120 70 274 120 70 274 120 70 274 274 120 70 274 274 70 338 248 248 248
274 326 120 248 248 248 248 248 248 248 248 248 248 248 248 248 248 248 248 248
338 326 326 326 326 248 248 248 248 326 326 326 326 326 326 326 326 248 248 326
274 120 70 274 274 274 120 120 274 120 70 274 120 70 274 120 248 248 70 235
235 235 235 70 248 235 235 235 70 488 235 235 235 235 70 70 70 235 235 235
6 6 6 6 6 6 6 6 6 6 6 6 6 6 6 6 6 6 6 6
120 70 274 120 70 274 120 70 274 120 120 274 120 248 248 248 248 248 248 248
6 6 6 6 6 235 488 488 488 488 338 235 235 235 338 338 488 6 6 6
338 338 274 274 274 488 338 338 338 338 338 338 338 338 338 70 338 338 338 248
338 274 248 338 235 274 248 338 338 338 338 248 248 248 248 338 338 70 338 248
338 248 248 235 248 235 235 248 235 235 70 248 235 235 235 338 235 235 235 235
6 6 338 338 338 70 274 326 274 120 70 274 274 274 120 120 274 120 70 274
248 248 248 235 338 235 488 488 488 488 488 488 488 488 488 488 488 338 488 488
248 248 235 235 235 235 235 235 274 70 120 274 120 70 274 274 274 120 120 274
326 326 326 326 326 326 326 326 326 326 248 248 235 235 338 338 235 235 338 338
326 326 326 326 326 326 248 248 248 248 248 248 248 248 338 338 338 338 70 70
488 488 488 248 248 248 248 248 248 248 338 338 248 248 248 248 248 248 248 248
70 338 338 248 248 248 248 248 248 248 248 248 248 248 248 248 248 248 248 248
120 274 120 70 274 120 70 274 120 70 274 274 120 70 274 274 120 235 235 235
326 248 248 248 248 248 248 248 248 248 248 235 235 235 235 235 235 326 326 326
235 248 248 248 235 235 248 248 235 235 70 248 248 235 235 338 70 235 248 235
326 326 326 326 326 326 326 326 326 326 326 326 248 248 248 248 248 248 338 338
6 6 6 6 6 6 6 6 6 6 6 6 6 6 6 6 6 6 6 6
248 248 248 248 248 248 248 248 235 235 248 235 235 235 248 235 235 235 235 235
248 248 248 338 338 248 248 248 248 248 248 248 248 248 235 235 235 235 235 235
338 338 248 248 488 488 488 488 248 248 248 248 248 248 248 248 248 248 235 235
488 488 488 326 326 338 338 274 274 326 274 120 70 274 274 274 120 120 274 120
248 326 274 120 274 120 70 274 274 274 120 120 274 120 70 274 120 70 274 120
248 235 235 235 235 235 235 70 70 248 248 235 235 235 235 235 235 70 70 338
488 488 338 338 70 274 326 274 120 70 274 274 274 120 120 274 120 70 274 120
6 6 6 6 6 6 6 6 6 6 6 6 6 6 6 6 6 6 6 6
248 235 248 248 235 235 235 248 235 235 248 248 248 235 235 235 235 248 235 235
248 248 248 248 248 248 248 248 248 248 248 248 235 235 235 248 235 235 235 235
338 70 338 338 248 248 248 248 248 248 248 248 248 248 248 248 248 248 248 248
326 326 326 326 326 326 326 326 326 326 326 326 326 326 326 326 326 326 326 326
248 248 326 326 326 326 120 248 248 248 248 248 248 235 248 235 235 235 235 326
6 6 6 6 338 235 6 6 6 6 6 6 6 6 6 6 6 6 488 488
248 248 248 235 235 235 235 235 235 235 235 235 235 235 338 338 235 235 235 235
326 326 326 326 326 326 326 326 326 326 326 326 326 326 248 248 248 248 248 248
248 248 248 248 248 248 248 248 248 248 248 248 248 248 248 248 235 235 235 235
338 338 326 326 120 274 120 70 274 274 274 120 120 274 120 70 274 120 70 274
235 248 235 235 235 70 274 70 274 120 70 274 274 274 120 120 274 120 70 274
326 326 248 248 248 248 326 326 326 326 326 326 326 326 248 248 326 326 326 326
326 326 326 326 326 248 248 248 248 248 248 248 248 338 338 338 338 70 70 338
248 248 248 248 248 248 248 248 248 248 248 248 248 248 248 235 235 235 235 235
6 6 6 6 6 6 6 6 6 6 6 6 6 6 6 6 6 6 6 6
338 248 248 248 248 248 338 338 248 248 248 248 248 248 235 248 235 235 235 235
338 248 248 235 338 274 274 338 338 338 338 338 70 338 338 248 248 248 248 248
235 248 248 248 235 235 326 70 120 274 120 70 274 274 274 120 120 274 120 70
248 235 235 235 338 248 235 235 235 248 248 70 235 235 235 235 235 248 70 235
248 235 70 235 248 248 248 235 235 235 248 235 235 70 235 248 235 235 338 70
488 274 488 488 248 235 235 338 6 6 6 6 6 6 6 6 488 6 488 6
326 326 326 326 326 326 326 326 326 248 248 326 326 326 326 326 248 248 326 326
488 488 488 488 488 488 488 488 235 235 488 488 488 488 235 235 235 235 235 235
6 6 6 338 235 248 6 6 6 6 6 6 6 6 6 6 6 6 6 235
248 248 248 235 235 235 235 338 338 338 338 248 248 248 248 248 248 338 338 338
120 274 120 70 274 274 274 120 120 274 120 70 248 274 120 235 235 70 274 120
248 338 235 338 338 338 338 248 248 248 248 338 338 70 338 248 248 248 248 248
248 235 235 248 235 70 235 235 235 235 235 338 248 235 235 235 235 248 70 235
248 248 248 248 248 248 248 248 248 248 248 235 235 248 235 235 248 235 235 235
488 248 235 235 338 338 338 6 6 6 6 6 6 6 6 6 6 488 488 6
248 248 248 248 248 248 248 235 235 248 235 338 235 338 248 248 248 338 338 248
326 326 326 326 326 326 326 326 326 326 326 326 326 326 326 248 248 248 248 248
248 248 248 248 248 248 248 235 235 235 235 248 235 235 235 70 70 120 274 120
235 235 235 235 235 235 70 70 70 70 70 70 235 235 235 235 235 235 235 235
248 248 248 248 248 248 248 248 235 235 235 70 274 120 274 120 235 235 70 274
235 338 338 338 338 248 248 248 248 248 338 338 248 70 338 248 248 248 235 235
274 326 326 326 248 248 248 248 248 248 248 248 338 338 338 338 70 70 338 338
274 274 274 274 120 326 274 274 326 248 248 248 248 248 248 338 338 338 338 248
488 338 338 70 274 70 274 120 70 274 274 274 120 120 274 120 70 274 120 70
274 120 70 274 70 120 274 120 248 70 248 235 248 248 248 248 248 338 338 338
274 120 70 274 120 70 274 120 120 326 274 120 274 120 274 120 70 274 274 274
6 6 6 6 6 6 6 6 6 6 6 6 6 6 6 6 6 6 6 6
338 248 248 248 248 248 235 235 338 338 248 248 248 248 248 248 248 248 248 235
6 6 6 6 6 6 6 6 6 6 6 6 6 6 488 488 488 488 488 6
274 274 274 338 338 338 338 338 338 338 338 338 70 338 338 338 248 248 248 248
120 248 338 248 248 248 248 248 248 248 338 338 338 248 248 248 248 248 248 248
248 235 235 235 235 235 235 70 70 70 70 70 70 235 235 235 235 235 235 235
248 248 248 248 248 248 326 326 326 248 248 326 326 326 326 326 326 326 326 326
326 326 326 326 326 248 248 326 326 326 326 326 326 326 326 326 326 326 248 248
6 6 6 6 6 6 6 6 6 6 6 6 6 6 6 6 235 6 6 6
6 6 6 6 6 6 6 6 6 6 6 6 6 6 6 6 6 6 6 6
235 235 235 70 70 70 70 70 70 235 235 235 235 235 235 235 235 488 488 338
235 235 235 248 248 248 248 235 248 235 235 235 235 235 235 235 235 235 235 235
338 338 248 248 248 248 248 248 248 248 248 235 235 248 235 248 235 235 235 338
326 326 326 326 326 326 326 326 326 326 326 326 326 326 326 248 248 248 248 248
338 274 274 274 274 338 338 338 338 338 338 338 338 338 70 338 338 338 248 248
235 235 248 248 338 338 235 235 235 235 235 235 70 70 338 338 235 235 235 235
338 70 274 120 274 120 70 274 274 274 120 120 274 120 70 274 274 120 70 274
338 248 248 248 248 248 248 338 338 338 338 326 326 338 338 326 326 326 326 326
120 248 70 274 274 274 120 120 274 120 70 274 120 70 274 120 70 274 274 120
248 248 248 248 248 248 248 235 235 235 235 248 235 235 235 235 235 235 235 235
488 274 248 235 235 338 338 338 6 6 6 6 6 6 6 6 488 488 488 488
338 338 338 70 70 338 338 248 248 248 248 248 248 248 248 248 248 248 248 248
70 274 120 274 120 70 274 274 274 120 120 274 120 70 274 120 70 338 338 274
326 326 326 326 326 326 326 326 326 326 326 326 326 326 326 326 326 326 326 326
248 248 248 248 248 248 248 70 488 488 488 488 488 488 488 488 488 488 488 488
248 248 326 326 326 248 248 248 248 248 248 248 248 248 248 248 248 248 248 235
248 248 248 248 235 235 235 248 338 338 488 488 488 488 488 488 488 488 488 488
235 338 235 6 488 488 6 6 6 6 6 6 6 6 338 6 6 6 6 6
488 488 488 488 488 488 488 488 488 338 338 338 488 338 338 248 248 248 248 248
235 235 235 235 235 70 70 248 235 235 235 235 235 235 235 70 70 488 488 488
248 248 326 70 120 274 120 248 235 70 274 274 274 120 120 274 120 235 248 235
120 70 274 120 70 235 274 235 120 235 70 235 274 120 70 274 120 248 248 235
235 235 235 235 235 70 70 488 488 6 6 6 6 6 488 488 488 235 235 235
248 235 235 235 235 338 338 326 326 326 326 326 326 326 326 326 120 248 248 248
248 235 235 338 488 338 488 235 248 488 488 488 488 488 488 488 488 488 488 488
120 274 120 70 274 120 70 274 120 70 274 120 488 274 274 120 120 274 120 248
274 120 70 274 274 120 235 235 235 235 248 248 235 235 338 338 338 338 248 248
120 274 274 70 274 274 70 120 274 274 120 248 248 248 248 248 248 248 248 70
235 235 235 235 338 338 6 6 6 6 6 6 6 6 6 6 6 6 6 6
326 120 326 326 120 248 248 248 248 248 248 248 248 338 338 70 70 338 338 248
338 338 326 274 70 274 120 70 274 274 274 120 120 274 120 70 274 120 70 274
326 326 326 120 326 326 120 70 274 120 120 274 120 248 248 248 248 248 248 248
274 120 70 274 120 248 70 274 70 120 274 120 70 248 248 248 248 248 248 248
274 274 120 70 274 120 248 248 248 248 338 338 248 248 248 248 248 248 248 248
6 6 6 6 6 6 6 6 338 488 235 235 6 6 6 6 6 6 6 6
235 338 235 338 338 248 248 248 338 338 248 248 248 248 248 248 248 248 248 248
248 248 248 248 248 248 248 248 248 235 235 235 235 248 235 235 235 70 70 120
338 338 248 248 248 338 338 338 70 248 248 248 248 248 248 248 248 248 248 248
248 248 235 338 274 274 338 338 338 338 338 70 338 338 248 248 248 248 248 248
6 6 6 6 6 6 6 6 6 6 6 6 6 6 6 6 6 6 6 6
248 248 248 248 248 248 248 248 248 248 248 248 248 248 248 248 248 248 248 248
326 326 326 326 326 326 326 326 326 326 326 248 248 326 326 326 326 326 248 248
6 6 6 6 6 6 6 6 6 6 6 6 6 6 6 6 6 6 6 6
274 248 248 235 235 235 235 248 248 488 488 6 6 488 488 488 488 488 488 488
6 6 6 6 6 6 6 6 6 6 6 6 6 6 6 6 6 6 6 488
6 6 6 6 6 6 6 6 6 6 6 6 6 488 488 488 488 235 235 235
274 274 120 120 274 120 248 70 248 248 248 248 248 248 248 338 338 248 248 248
274 274 274 120 120 274 120 70 274 120 70 274 274 120 70 274 120 120 338 70
248 235 235 70 274 70 274 120 70 274 274 274 120 120 274 120 70 274 120 70
326 248 248 326 326 326 326 326 326 326 326 326 326 326 326 326 326 326 326 326
274 274 120 120 274 120 70 274 274 120 70 274 274 120 70 274 274 120 248 248
274 120 120 274 120 70 274 120 70 274 120 70 274 120 70 274 274 120 326 120
326 326 326 326 326 326 326 326 326 326 326 326 326 326 326 326 326 326 248 248
338 248 248 248 248 235 235 326 326 235 235 338 338 326 326 326 326 326 326 326
248 248 248 235 235 235 235 235 235 235 235 235 235 235 70 338 235 235 235 235
248 248 248 248 248 338 338 70 338 248 248 248 235 235 338 235 488 70 488 488
120 70 274 120 338 248 235 235 235 248 248 248 248 338 338 338 338 248 248 248
274 274 248 338 338 338 338 248 248 248 248 248 248 248 338 338 70 338 248 248
6 6 488 248 488 6 6 6 6 6 6 6 488 248 248 248 248 338 488 248
248 326 326 326 326 326 326 326 326 326 326 326 326 326 326 326 326 326 326 326
70 274 120 274 120 70 274 274 274 120 120 274 120 70 274 274 120 70 274 274
6 6 6 6 6 6 6 6 6 6 235 248 235 488 488 488 488 235 235 235
248 248 248 235 235 235 235 235 248 248 235 248 235 235 235 235 235 235 235 235
274 488 274 248 235 235 488 6 6 6 6 6 6 6 6 6 6 488 6 6
6 6 6 6 6 6 6 6 6 6 6 6 6 6 6 6 6 6 6 6
6 6 6 6 6 338 235 235 6 6 6 6 6 6 6 6 6 6 6 6
274 488 274 248 235 235 338 6 6 6 6 6 6 6 6 488 488 488 6 488
338 248 248 248 248 248 338 235 235 248 235 235 235 70 235 235 235 235 235 235
248 248 235 235 235 235 235 235 235 338 70 70 235 235 235 235 70 235 235 70
248 248 248 248 338 338 248 248 248 248 248 338 235 235 235 235 235 235 70 235
248 248 248 248 338 488 488 6 6 338 488 6 488 6 6 488 6 6 6 6
235 248 235 235 338 338 248 248 235 248 338 338 248 248 248 248 248 248 248 248
326 326 326 326 326 326 326 326 326 326 326 326 326 326 326 326 326 326 326 248
70 274 120 70 326 274 120 70 274 120 120 338 326 274 120 274 120 274 120 70
248 70 274 274 70 120 274 274 120 248 248 248 248 70 248 248 248 338 338 248
6 6 6 6 6 6 6 6 6 6 6 6 6 6 338 338 235 235 6 6
248 248 248 248 248 235 235 235 235 235 235 235 235 235 235 235 235 235 70 338
70 274 274 120 235 235 235 235 274 248 235 248 248 338 338 248 248 338 338 248
326 326 326 326 326 326 326 326 326 326 326 326 326 326 326 326 326 326 326 326
338 248 248 248 248 248 248 248 235 338 488 488 488 488 488 488 70 488 488 488
248 70 248 248 248 248 248 248 248 248 235 235 235 235 235 235 235 235 235 235
248 248 248 248 248 248 248 248 235 235 248 248 235 235 235 235 235 248 235 235
338 338 6 6 488 488 6 6 6 6 6 6 6 6 338 338 235 235 488 488
6 6 488 488 488 488 338 248 235 235 248 248 248 488 6 488 488 488 488 488
248 248 235 235 248 248 235 235 248 248 248 248 235 235 235 248 235 235 235 235
248 248 248 248 248 326 70 120 274 120 248 235 70 274 274 274 120 120 274 120
70 274 274 70 120 274 274 120 248 248 248 248 70 248 248 248 338 338 248 248
248 248 338 338 248 248 248 248 248 248 248 248 248 248 248 248 235 235 248 235
6 6 6 6 6 6 6 6 6 6 6 6 6 6 6 6 6 6 6 6
248 248 248 248 248 248 248 70 488 488 488 488 488 488 488 488 488 488 488 488
6 338 235 6 6 6 6 6 6 6 6 6 6 6 6 6 6 6 6 6
235 338 488 338 488 235 248 6 488 488 6 488 6 6 488 6 488 488 6 488
274 274 120 274 120 274 120 70 274 274 274 120 120 274 120 70 274 120 70 274
