495 54 153 440 396 396 396 258 258 258 33 128 357 495 54 54 495 54 33 128
396 396 396 396 169 169 169 169 440 153 440 33 128 357 495 54 54 495 54 153
301 18 18 495 124 29 389 18 18 495 124 18 18 29 495 389 124 495 238 322
495 54 33 128 238 169 33 128 430 430 430 258 1 1 322 340 322 1 232 1
258 322 322 1 232 1 1 232 301 18 495 124 29 389 18 18 495 124 301 495
495 54 54 495 54 153 440 396 396 396 258 258 258 33 128 357 495 54 54 465
55 440 153 33 128 357 495 54 54 495 54 153 440 396 396 396 258 258 258 33
430 430 258 1 1 322 340 322 1 1 1 232 232 301 18 495 124 29 389 18
232 1 1 232 301 18 495 124 29 389 18 18 495 124 301 495 389 124 389 238
153 440 396 396 396 258 258 258 33 128 357 495 54 54 495 54 33 128 169 169
211 465 55 292 345 258 465 465 292 491 437 437 437 437 437 437 437 437 437 495
258 440 153 33 128 357 495 54 54 495 54 33 128 238 169 33 128 430 430 430
396 396 396 258 258 258 258 440 153 33 128 357 495 54 54 465 465 54 33 128
1 394 394 394 394 301 260 495 124 29 465 260 495 124 260 29 495 465 54 495
128 430 430 430 430 430 430 258 1 1 322 340 340 304 422 422 491 491 491 491
153 440 396 396 396 258 258 258 33 128 357 495 54 54 465 465 54 33 128 238
491 491 491 491 491 491 491 422 322 1 1 1 1 1 301 260 260 495 124 29
340 322 1 1 232 232 232 301 18 495 124 29 389 18 495 29 18 29 29 389
54 54 495 54 153 440 396 396 396 258 258 258 33 128 357 495 54 54 465 465
301 18 495 124 29 389 18 18 495 124 301 495 389 124 389 238 322 304 340 258
260 260 260 260 260 260 258 238 1 322 340 340 304 422 304 491 422 422 422 422
495 54 54 495 54 153 440 396 396 396 258 258 258 258 33 128 357 495 54 54
389 465 124 495 322 396 292 238 322 304 340 396 396 238 292 322 1 1 1 1
422 422 422 340 495 211 465 55 292 345 292 465 465 292 491 437 437 437 437 437
394 394 394 394 301 260 495 124 29 389 260 495 124 29 260 495 389 124 389 238
292 465 465 292 495 29 260 260 29 29 389 389 389 124 495 322 396 292 238 322
437 437 437 437 437 495 211 465 55 258 169 292 345 292 465 55 465 292 465 292
422 491 491 491 491 491 491 491 437 340 495 211 465 55 292 345 292 465 465 292
340 495 211 465 55 292 345 292 465 465 292 422 437 437 437 437 437 437 437 437
340 340 304 422 491 491 422 422 422 491 491 491 491 340 495 211 465 55 258 345
491 422 495 211 465 465 55 292 292 345 292 465 465 292 495 211 465 55 258 345
260 260 258 238 238 322 304 340 340 322 394 394 394 394 394 301 260 495 124 29
238 238 322 304 340 340 322 394 394 394 394 394 301 260 495 124 29 389 260 495
54 153 440 396 396 396 258 258 258 33 128 357 495 54 54 495 54 33 128 238
422 422 422 422 340 495 211 465 55 292 345 292 465 465 292 491 437 437 437 437
1 394 394 394 394 301 260 495 124 29 389 260 495 124 29 260 495 389 124 389
396 396 396 396 258 258 440 153 33 128 357 495 54 54 495 54 33 128 238 169
258 238 1 322 340 340 304 422 422 437 437 437 437 491 491 491 491 340 495 211
33 128 357 495 54 54 495 54 153 440 396 396 396 169 396 258 258 258 33 128
430 128 430 430 1 1 322 258 340 322 1 1 232 232 232 301 18 495 124 29
169 169 33 128 430 430 430 430 430 430 258 1 1 322 340 440 304 422 422 491
1 1 258 322 322 1 232 1 1 232 301 18 495 124 29 389 18 18 495 124
301 260 495 124 29 389 260 260 495 124 29 495 389 124 389 238 322 304 340 292
54 54 465 465 54 33 128 169 33 128 430 169 430 430 258 1 1 322 153 440
169 169 33 128 430 430 430 258 1 1 322 340 322 1 1 1 1 1 301 18
260 260 260 238 238 258 322 340 322 1 1 1 1 1 301 260 495 124 29 389
495 389 124 495 238 322 258 258 238 322 1 394 394 394 394 301 260 260 495 124
55 292 345 292 465 465 292 422 437 437 437 437 437 437 491 491 491 322 1 232
128 357 495 54 54 495 54 153 440 396 396 396 169 396 258 258 258 33 128 357
495 54 54 495 54 153 440 238 396 396 292 258 258 258 440 153 33 128 357 495
491 491 422 322 1 1 1 1 1 301 260 260 495 124 29 389 495 211 465 55
491 340 495 211 465 55 258 345 292 465 465 292 422 491 491 491 491 491 491 491
345 258 465 465 292 422 437 437 437 437 437 437 437 437 437 495 211 465 55 292
440 153 33 128 357 495 54 54 495 54 153 440 396 396 396 258 258 258 33 128
357 495 54 54 495 54 153 440 396 396 396 396 292 258 440 153 33 128 357 495
54 54 495 54 153 440 396 396 396 258 258 33 128 357 495 54 54 495 54 33
440 153 33 128 357 495 54 54 495 54 153 440 396 396 396 258 258 258 33 128
33 128 357 495 54 54 495 54 153 440 396 396 396 258 258 258 33 128 357 495
396 322 1 394 394 394 394 301 260 495 124 29 389 260 260 495 124 29 495 465
238 128 33 128 430 430 430 430 430 430 258 1 1 322 340 340 304 422 422 422
1 1 258 322 322 1 232 1 1 232 301 18 495 124 29 389 18 18 495 124
128 357 495 54 54 495 54 33 128 238 169 33 128 430 430 430 440 1 1 258
304 422 422 491 491 491 491 491 491 491 437 340 495 211 465 55 292 345 292 465
430 258 430 1 322 340 340 304 422 422 422 422 422 422 422 422 422 422 340 495
440 153 33 128 357 495 54 54 495 54 153 440 396 396 396 258 258 258 33 128
322 340 322 1 1 1 1 1 301 260 495 124 29 389 260 260 495 124 29 495
54 54 495 54 153 440 396 396 396 258 258 258 33 128 357 495 54 54 495 54
495 29 260 260 29 29 389 389 389 124 495 322 396 292 238 322 304 340 396 396
495 389 124 495 238 322 258 258 238 322 1 394 394 394 394 301 260 260 495 54
437 495 211 465 55 258 495 292 345 292 465 169 465 292 465 292 345 292 465 495
465 465 54 33 128 169 33 128 430 128 430 430 1 1 322 258 340 322 1 1
495 54 33 128 238 169 33 128 430 430 430 440 1 1 258 322 322 1 232 1
258 54 495 54 153 440 396 396 396 258 258 258 33 128 357 495 54 54 495 54
396 396 258 258 258 33 128 357 495 54 54 495 54 33 128 238 169 33 128 430
232 232 301 18 495 124 29 389 18 495 124 18 29 495 389 124 389 238 322 258
128 357 495 54 54 495 54 153 440 396 396 396 258 258 258 33 128 357 495 54
495 54 54 495 54 153 340 340 33 128 396 396 396 169 396 258 292 258 440 153
394 394 394 394 394 301 260 495 124 29 389 260 495 124 260 495 495 389 124 495
430 430 430 258 1 1 322 340 322 1 1 1 232 232 301 18 495 124 29 389
33 128 357 495 54 54 495 54 153 440 396 396 396 258 258 258 258 33 128 357
495 54 54 495 54 153 440 396 396 396 258 258 258 33 128 357 495 54 54 465
322 1 232 1 1 1 301 18 495 124 29 389 18 18 495 124 301 495 389 29
258 33 128 357 495 54 54 495 54 33 128 238 169 33 128 260 260 260 292 1
54 495 54 153 440 440 33 128 238 396 396 169 396 258 292 258 440 153 292 33
238 340 322 1 394 1 394 394 301 260 495 124 29 389 260 495 124 260 29 495
440 396 396 396 258 258 258 33 128 357 495 54 54 465 465 54 33 128 169 33
396 396 396 258 258 258 258 440 153 33 128 357 495 54 54 465 465 54 33 128
440 396 396 396 258 258 258 33 128 357 495 54 54 495 54 33 128 238 169 33
304 396 258 258 258 33 128 357 495 54 54 495 54 33 128 238 169 33 128 260
169 169 440 153 33 128 357 495 54 54 465 465 54 153 440 396 396 396 292 258
128 357 495 54 54 495 54 33 128 238 169 33 128 430 430 430 258 1 1 322
495 54 54 495 54 153 440 340 396 396 258 258 258 33 128 357 495 54 54 495
495 211 465 55 292 345 292 465 465 292 422 437 437 437 437 437 437 437 437 437
169 33 128 260 260 260 292 1 1 322 340 322 1 394 1 394 394 301 260 495
33 128 430 430 430 430 430 430 258 1 1 322 340 340 304 422 422 422 422 422
440 153 33 128 357 495 54 54 495 54 153 440 396 396 396 258 258 258 33 128
304 340 258 238 340 322 394 394 1 1 1 301 260 495 124 29 389 260 495 124
322 340 322 1 1 1 1 1 301 260 495 124 29 389 260 260 495 124 29 495
440 396 396 396 396 396 258 258 258 33 128 357 495 54 54 495 54 33 128 238
258 258 258 258 440 153 33 128 357 495 54 54 465 465 54 33 128 238 169 33
211 465 55 258 345 292 465 465 292 422 491 491 491 491 491 491 491 491 491 322
238 322 258 238 322 1 1 394 394 394 301 260 495 124 29 389 260 260 495 124
128 260 260 260 260 260 260 258 238 1 322 340 340 304 422 304 491 422 422 422
124 29 260 495 389 124 389 238 322 258 238 322 1 394 394 394 394 301 260 495
258 258 33 128 357 495 54 54 495 54 33 128 238 169 33 128 260 260 260 1
396 169 169 169 169 440 153 440 33 128 357 495 54 54 495 54 153 440 396 396
238 322 340 322 1 1 394 1 1 301 260 495 124 29 389 260 260 495 124 29
396 396 396 258 258 258 258 440 153 33 128 357 495 54 54 465 465 54 33 128
491 340 495 211 465 55 292 345 292 465 465 292 422 437 437 437 437 437 437 437
357 495 54 54 495 54 33 128 238 169 33 128 260 260 260 238 1 258 322 440
389 124 389 238 322 258 238 322 1 394 394 394 394 301 260 495 54 29 389 260
430 340 1 1 258 322 322 1 232 1 1 232 301 18 495 124 29 389 18 18
357 495 54 54 495 54 33 128 238 169 33 128 430 430 430 258 1 1 322 340
430 430 430 430 430 430 258 238 1 322 340 340 304 422 422 491 491 491 491 491
260 260 260 260 258 238 238 322 340 340 304 422 304 491 422 422 422 422 422 422
491 491 322 1 232 232 232 495 211 465 55 258 345 292 1 465 465 292 301 18
495 54 33 128 238 169 33 128 260 260 260 238 1 258 322 340 322 394 1 1
128 430 430 1 1 322 258 340 322 1 1 232 232 232 301 18 495 124 29 389
465 465 54 33 128 238 169 33 128 260 430 430 238 1 292 322 396 322 153 440
1 322 340 340 304 422 422 491 491 437 437 437 437 491 491 340 495 211 465 55
211 495 54 54 495 54 33 128 238 169 33 128 430 430 430 258 1 1 322 440
396 169 169 169 169 440 153 440 33 128 357 495 54 54 495 54 153 440 440 33
396 169 169 440 153 33 128 357 495 54 54 495 54 153 440 396 396 396 258 258
54 54 465 465 54 33 128 238 169 33 128 260 260 260 238 1 292 322 396 322
396 169 169 169 169 440 153 440 33 128 357 495 54 54 495 54 153 440 396 396
430 430 258 1 1 322 340 322 1 1 1 232 232 301 18 495 124 29 389 18
491 422 422 422 422 422 422 491 422 495 211 465 465 55 292 292 345 292 465 465
491 491 491 491 322 1 232 232 495 211 465 55 292 345 292 1 465 465 292 1
54 153 440 396 396 396 258 258 258 33 128 357 495 54 54 495 54 33 128 33
238 169 33 128 430 430 430 258 1 1 322 340 322 1 232 1 1 1 301 260
29 389 495 211 465 55 292 260 260 211 292 465 465 292 495 29 260 260 29 29
301 260 495 124 29 465 260 495 124 260 29 495 389 54 495 238 322 292 1 292
211 495 54 54 495 54 33 128 169 169 33 128 430 430 430 258 1 1 322 340
495 124 29 389 18 495 124 18 29 495 389 124 389 238 322 258 238 322 1 394
465 292 422 491 491 491 491 491 491 491 491 491 322 1 232 232 232 495 211 465
292 465 465 292 422 491 491 491 491 491 491 491 491 491 322 1 232 232 495 211
1 394 394 394 301 260 495 124 29 389 260 260 495 124 29 495 465 124 495 1
396 258 258 258 33 128 357 495 54 54 495 54 33 128 238 169 33 128 430 430
18 495 124 18 18 301 495 389 124 495 238 322 258 258 238 322 1 394 394 394
394 394 394 394 394 301 260 495 124 29 389 260 495 124 260 495 495 389 124 495
33 128 430 430 430 430 169 430 430 1 1 322 258 340 340 304 422 491 491 422
54 54 495 54 153 440 396 396 396 258 258 258 33 128 357 495 54 54 495 54
128 128 396 396 396 169 396 258 292 258 440 153 292 33 128 357 495 54 54 495
128 357 495 54 54 465 465 54 33 128 422 238 128 430 430 430 430 169 430 430
169 55 440 153 33 128 357 495 54 54 495 54 153 440 396 396 396 258 258 258
128 238 169 33 128 260 260 260 238 238 292 322 396 322 153 340 292 258 340 440
33 128 211 495 54 54 495 54 33 128 169 169 33 128 430 430 430 258 1 1
396 396 396 258 258 258 33 128 357 495 54 54 495 54 33 128 238 169 33 128
322 304 340 396 396 238 258 322 1 1 1 1 1 301 260 260 495 124 29 389
430 430 430 430 430 430 258 238 1 322 340 340 304 422 422 491 491 491 491 491
260 260 260 258 238 238 322 304 340 340 322 394 394 394 394 394 301 260 495 124
396 396 169 169 169 169 440 153 440 33 128 357 495 54 54 495 54 153 440 440
153 33 128 357 495 292 54 495 54 153 440 396 396 396 292 258 258 33 128 357
322 1 1 1 1 1 301 260 495 124 29 389 260 260 495 124 29 495 465 54
29 389 260 260 495 124 29 495 389 124 389 238 322 258 238 322 1 1 394 394
232 495 211 465 55 292 345 292 1 465 465 292 1 301 18 18 495 124 29 389
124 29 389 260 495 124 260 29 495 389 124 389 238 322 153 340 258 238 33 128
495 54 54 495 54 153 440 396 396 396 258 258 258 258 33 128 357 495 54 54
430 430 258 1 1 322 340 322 1 1 1 1 1 301 18 495 124 29 389 18
394 301 260 495 124 29 389 260 495 124 260 495 495 389 124 495 238 322 292 1
396 396 396 169 169 169 169 440 153 440 33 128 357 495 54 54 495 54 153 440
33 128 238 169 33 128 260 260 260 258 238 238 322 153 440 258 340 440 322 1
238 322 304 340 258 238 340 322 394 394 1 1 394 301 260 495 124 29 389 260
304 422 422 491 491 491 491 491 491 491 437 340 495 211 465 55 292 345 292 465
1 394 394 394 394 301 260 260 495 124 29 389 260 260 495 124 260 260 29 495
169 33 128 430 430 430 430 430 430 258 238 1 322 340 340 304 422 422 491 491
396 396 396 396 258 258 258 258 440 153 33 128 357 495 54 54 465 465 54 33
128 169 169 33 128 260 260 260 238 1 258 322 340 322 1 1 1 1 1 301
357 495 54 54 495 54 33 128 238 169 33 128 260 260 260 258 1 1 322 440
495 54 54 495 54 153 440 396 396 396 258 258 258 33 128 357 495 54 54 495
54 153 440 238 396 396 396 258 258 440 153 33 128 357 495 54 54 495 54 33
169 33 128 430 430 430 258 1 1 322 340 322 1 1 1 232 232 301 18 495
153 440 340 396 396 258 258 258 33 128 357 495 54 54 495 54 33 128 169 169
238 169 33 128 260 260 260 260 260 260 258 238 1 322 340 340 304 422 304 491
357 495 54 54 465 465 54 153 440 396 396 396 258 258 258 33 128 357 495 54
396 396 396 258 258 258 33 128 357 495 54 54 495 54 33 128 238 169 33 128
258 258 258 33 128 357 495 54 54 495 54 33 128 238 128 33 128 260 260 260
258 238 322 1 394 394 394 394 301 260 260 495 54 29 389 260 260 260 260 495
33 128 357 495 54 54 495 54 153 440 396 396 396 292 258 33 128 357 495 54
54 54 495 54 153 440 396 396 396 258 258 258 33 128 357 495 54 54 495 54
440 153 33 128 357 495 54 54 495 54 153 440 396 396 396 292 292 33 128 357
33 128 238 169 33 128 430 430 430 258 430 1 322 340 322 1 232 1 1 1
389 260 495 124 260 29 495 389 124 389 238 322 153 340 258 238 33 128 357 495
128 357 495 54 54 495 54 33 128 169 169 33 128 430 430 430 430 430 430 258
389 124 495 238 322 258 258 238 322 1 394 394 394 394 301 260 260 495 54 29
258 258 258 33 128 357 495 54 54 495 54 33 128 238 169 238 128 430 430 430
495 54 153 440 396 396 396 258 258 258 33 128 357 495 54 54 495 54 33 128
292 465 465 258 422 491 491 491 491 491 491 491 491 422 322 1 1 1 1 1
465 54 33 128 169 33 128 430 128 430 430 1 1 322 258 340 322 1 1 232
440 153 33 128 357 495 54 54 495 54 153 440 396 396 396 258 258 258 33 128
430 430 258 1 1 322 340 322 1 1 1 232 232 301 18 495 124 29 389 18
345 292 1 465 465 292 1 301 18 18 495 124 29 389 18 18 495 124 18 18
465 54 33 128 238 128 33 128 260 260 260 258 238 1 322 322 1 394 394 394
258 33 128 357 495 54 54 495 54 33 128 238 169 33 128 260 260 260 258 1
1 1 301 260 495 124 29 389 260 260 495 124 29 495 465 54 495 292 238 322
124 29 389 18 495 124 18 29 495 389 124 389 238 322 258 238 322 1 394 394
495 54 153 440 340 396 396 258 258 258 33 128 357 495 54 54 495 54 33 128
1 232 301 18 495 124 29 389 18 18 495 124 29 495 389 124 389 238 322 304
54 33 128 169 33 128 430 128 430 430 1 1 322 258 340 322 1 1 232 232
169 169 169 440 153 440 33 128 357 495 54 54 495 54 153 440 440 33 128 396
260 495 124 29 389 260 495 124 260 29 495 389 124 389 238 322 304 340 258 238
260 495 124 29 260 495 389 124 389 238 322 258 238 322 1 394 394 394 394 301
29 389 260 495 124 260 29 495 389 124 389 238 322 153 340 258 238 33 128 357
128 128 396 396 396 169 396 258 292 258 440 153 292 33 128 357 495 54 54 495
169 33 128 260 260 260 258 238 238 322 340 322 1 1 394 1 1 301 260 495
54 33 128 169 33 128 430 128 430 430 1 1 322 258 340 322 1 1 232 232
18 18 495 124 29 389 18 18 495 124 18 18 29 495 389 124 495 238 322 258
18 495 124 18 29 495 389 124 389 238 322 258 238 322 1 394 394 394 394 301
33 128 260 260 260 258 238 238 322 322 1 394 394 394 394 301 260 495 124 29
465 55 258 495 124 345 292 465 55 465 292 465 292 345 292 465 495 292 292 1
54 153 440 238 396 396 396 258 258 440 153 33 128 357 495 54 54 495 54 33
153 440 33 128 357 495 54 54 495 54 153 440 396 396 396 169 396 258 258 258
18 18 495 124 29 389 18 18 495 124 18 18 29 495 389 124 495 238 322 292
169 169 440 153 33 128 357 495 54 54 495 54 153 440 396 396 396 292 258 258
169 33 128 430 128 430 430 1 1 322 258 340 322 1 1 232 232 232 301 18
128 169 33 128 430 169 430 430 258 238 1 322 304 340 340 322 1 1 1 232
1 301 18 495 124 29 389 18 18 495 124 29 495 389 124 389 238 322 304 340
422 491 491 491 491 340 495 211 465 55 258 345 292 465 465 292 422 491 491 491
422 422 422 422 491 422 495 211 465 169 55 292 292 345 292 465 465 292 495 211
465 292 495 211 465 55 258 345 292 465 465 258 422 437 491 491 491 491 491 437
232 232 495 211 465 55 292 345 292 1 465 465 292 1 301 260 18 495 124 29
1 1 1 301 260 260 495 124 29 389 495 211 465 55 292 260 260 211 292 465
394 394 394 301 260 495 124 29 389 260 495 124 29 260 495 389 124 389 238 322
396 396 169 169 169 440 153 33 128 357 495 54 54 495 54 153 440 396 396 396
33 128 238 169 33 128 260 260 260 260 260 260 258 238 1 322 440 440 153 422
495 124 29 389 18 18 495 124 18 18 29 495 389 124 495 238 322 258 258 238
396 258 258 258 33 128 357 495 54 54 465 465 54 33 128 169 238 128 430 169
169 33 128 260 260 260 258 238 238 322 153 440 258 238 440 322 394 394 1 1
396 396 396 258 258 258 33 128 357 495 54 54 495 54 33 128 238 169 33 128
153 440 33 128 357 495 54 54 495 54 153 440 440 128 33 396 396 396 169 396
495 54 54 495 54 153 440 396 396 396 169 396 258 258 258 33 128 357 495 54
495 54 153 440 396 396 396 292 258 33 128 357 495 54 54 495 54 33 128 238
55 258 345 292 465 465 258 422 491 491 491 491 491 491 491 491 422 322 1 1
396 396 396 169 169 169 169 440 153 440 33 128 357 495 54 54 495 54 153 440
495 54 153 440 396 396 396 258 258 258 33 128 357 495 54 54 495 54 33 128
54 495 54 33 128 238 169 33 128 430 430 430 440 1 1 258 322 322 1 232
1 1 232 232 301 18 495 124 29 389 18 495 124 18 29 495 389 124 389 238
340 322 1 1 1 1 1 301 260 495 124 29 389 260 260 495 124 29 495 465
54 54 465 465 54 33 128 169 33 128 430 128 430 430 1 1 322 258 340 322
495 54 54 495 54 33 128 238 128 33 128 260 260 260 258 238 1 322 340 258
357 495 54 54 495 54 33 128 238 169 33 128 260 260 260 258 1 1 322 440
169 169 169 169 440 153 440 33 128 357 495 54 54 495 54 153 440 440 33 128
169 440 153 33 128 357 495 54 54 495 54 153 440 396 396 396 258 258 258 33
153 440 440 33 128 238 396 396 169 396 258 292 258 440 153 292 33 128 357 495
495 54 33 128 169 169 33 128 430 430 430 258 1 1 322 340 322 1 1 1
258 33 128 357 495 54 54 495 54 33 128 238 169 33 128 260 260 260 292 1
258 440 153 258 33 128 357 495 54 54 495 54 33 128 169 169 33 128 430 430
238 169 33 128 260 260 260 258 238 238 322 340 322 1 1 394 1 1 301 260
153 440 396 396 396 258 258 258 33 128 357 495 54 54 465 465 54 33 128 169
54 54 495 54 33 128 238 169 33 128 260 260 260 258 1 1 322 440 322 1
292 345 292 465 465 292 495 211 465 55 258 345 292 465 465 258 422 437 437 437
292 465 169 465 292 465 292 345 292 465 495 292 292 1 495 211 465 55 292 345
301 18 495 124 29 389 18 18 495 124 301 495 389 124 389 238 322 304 340 258
396 396 396 258 258 258 33 128 357 495 54 54 495 54 33 128 238 169 33 128
430 258 1 1 322 340 322 1 1 1 1 1 301 18 495 124 29 389 18 18
1 394 1 394 394 301 260 495 124 29 389 260 260 495 124 29 495 389 124 389
345 292 465 465 258 422 491 491 491 491 491 491 491 491 422 322 1 1 1 1
33 128 238 169 33 128 260 260 260 258 238 238 322 340 322 1 1 394 1 1
18 18 29 495 389 124 495 238 322 258 258 238 322 1 394 394 394 394 301 260
495 54 153 440 396 396 396 258 258 258 33 128 357 495 54 54 465 465 54 33
430 258 430 1 322 340 322 1 232 1 1 1 301 18 495 124 29 389 18 18
1 1 301 260 495 124 29 389 260 495 124 260 29 495 389 124 389 238 322 304
54 495 54 153 440 396 396 396 258 258 258 33 128 357 495 54 54 495 54 33
169 169 169 440 153 440 33 128 357 495 54 54 495 54 153 440 396 396 396 169
128 430 430 430 340 1 1 258 322 322 1 232 1 1 232 301 18 495 124 29
128 357 495 54 54 495 54 33 128 238 169 33 128 430 430 430 258 1 1 322
29 389 18 495 124 18 29 495 389 124 389 238 322 258 238 322 1 394 394 394
394 394 301 260 495 124 29 389 260 260 495 124 29 495 389 124 389 1 322 292
292 465 465 292 422 491 491 491 491 491 437 437 437 491 322 1 232 232 232 495
128 260 260 260 258 238 238 322 153 340 258 238 340 322 394 394 394 394 394 301
465 292 495 29 260 260 29 29 389 389 389 124 495 322 396 292 238 322 304 340
396 396 396 169 396 258 292 258 440 153 258 33 128 357 495 54 54 495 54 33
322 1 232 1 1 1 301 18 495 124 29 389 18 18 495 124 301 495 389 29
495 54 54 495 54 33 128 238 169 33 128 260 260 260 238 1 258 322 440 322
33 128 357 495 54 54 465 465 54 33 128 169 33 128 430 128 430 430 1 1
495 54 54 465 465 54 33 128 169 33 128 430 169 430 430 258 1 1 322 153
54 153 440 396 396 396 292 258 33 128 357 495 54 54 495 54 33 128 238 169
33 128 260 260 260 258 1 1 322 340 322 1 394 1 394 394 301 260 495 124
301 260 495 124 29 465 260 495 124 260 29 495 389 54 495 238 322 292 1 292
169 440 153 33 128 357 495 54 54 495 54 153 440 396 396 396 292 258 258 33
322 258 238 322 1 394 394 394 394 301 260 495 54 29 389 260 260 495 124 301
258 238 238 322 340 322 1 394 1 394 394 301 260 495 124 29 389 260 260 495
491 491 437 437 437 340 495 211 465 55 292 345 292 465 465 292 422 437 437 437
128 169 169 33 128 430 430 430 258 1 1 322 340 322 1 1 1 1 1 301
169 169 440 153 33 128 357 495 54 54 495 54 153 440 396 396 396 292 258 258
258 258 33 128 357 495 54 54 495 54 33 128 238 169 238 128 430 430 430 258
1 1 301 260 260 495 124 29 389 495 211 465 55 292 260 260 211 292 465 465
465 292 422 491 491 491 491 491 491 491 491 491 322 1 232 232 495 211 465 55
54 33 128 169 33 128 430 169 430 430 258 238 1 322 153 440 440 322 1 1
1 301 18 495 124 29 389 18 18 495 124 29 495 389 124 389 238 322 304 340
33 128 260 260 260 258 1 1 322 340 322 1 394 1 394 394 301 260 495 124
128 357 495 54 54 465 465 54 33 128 169 33 128 430 128 430 430 1 1 322
357 495 54 54 495 54 153 440 340 128 33 396 396 396 169 396 258 258 292 258
1 1 1 1 301 260 495 124 29 389 260 260 495 124 29 495 465 54 495 292
465 55 292 292 345 292 465 465 292 495 211 465 55 258 345 292 465 465 258 422
18 495 124 29 389 18 18 495 124 301 495 389 124 389 238 322 304 340 258 238
495 54 153 440 396 396 396 258 258 258 33 128 357 495 54 54 495 54 33 128
211 465 55 292 345 258 465 465 292 491 437 437 437 437 437 437 437 437 437 495
128 169 169 33 128 430 430 430 258 1 1 322 340 322 1 1 1 1 1 301
128 260 260 260 258 238 238 322 340 322 1 1 394 1 1 301 260 495 124 29
322 340 340 304 422 422 491 491 491 437 437 437 437 491 340 495 211 465 55 292
54 33 128 238 169 33 128 260 260 260 258 238 238 322 340 322 1 1 394 1
396 396 396 396 169 169 169 169 440 153 440 33 128 357 495 54 54 495 54 153
396 396 258 258 258 33 128 357 495 54 54 495 54 33 128 238 169 33 128 260
394 1 1 301 260 495 124 29 389 260 260 495 124 29 495 465 124 389 238 322
389 465 124 495 322 396 292 238 322 304 340 396 396 238 292 322 1 1 1 1
258 440 153 33 128 357 495 54 54 465 465 54 33 128 238 169 33 128 260 430
33 128 238 169 33 128 260 260 260 292 1 1 322 340 322 1 394 1 394 394
54 495 54 33 128 238 128 33 128 430 430 430 430 430 430 258 1 1 322 340
153 440 238 396 396 396 258 258 440 153 33 128 357 495 54 54 495 54 33 128
292 292 345 292 465 465 292 495 211 465 55 258 345 292 465 465 258 422 437 437
422 422 491 422 495 211 465 169 55 292 292 345 292 465 465 292 495 211 465 55
54 495 54 33 128 238 169 33 128 260 260 260 292 1 1 322 340 322 1 394
465 55 292 292 345 292 465 465 292 495 211 465 55 258 345 292 465 465 258 422
54 465 465 54 33 128 422 33 128 430 430 430 430 169 430 430 1 1 322 258
304 396 258 292 258 440 153 258 33 128 357 495 54 54 495 54 33 128 169 169
396 396 396 169 169 169 169 440 153 440 33 128 357 495 54 54 495 54 153 440
54 33 128 169 33 128 430 128 430 430 1 1 322 258 340 322 1 1 232 232
495 54 54 495 54 33 128 238 128 33 128 430 430 430 440 1 1 258 322 322
260 260 260 258 238 238 322 153 340 258 238 440 322 394 394 394 394 394 301 260
33 128 357 495 54 54 495 54 153 440 396 396 396 292 258 258 258 440 153 33
54 495 54 153 440 238 396 396 396 292 258 440 153 33 128 357 495 54 54 495
33 128 169 33 128 430 169 430 430 258 238 1 322 153 440 440 322 1 1 1
495 54 153 440 396 396 396 258 258 258 33 128 357 495 54 54 495 54 33 128
422 422 422 422 422 340 495 211 465 55 292 345 292 465 465 292 491 437 437 437
54 54 495 54 33 128 169 169 33 128 430 430 430 258 1 1 322 340 322 1
301 18 495 124 29 389 18 495 29 18 29 29 389 389 389 124 495 322 396 238
54 33 128 169 33 128 430 169 430 430 258 238 1 322 153 440 440 322 1 1
169 440 153 440 33 128 357 495 54 54 495 54 153 440 396 396 396 169 396 258
54 495 54 33 128 238 169 33 128 260 260 260 238 1 258 322 440 322 394 1
292 1 301 18 18 495 124 29 389 18 18 495 124 18 18 29 495 389 124 495
33 128 357 495 54 54 495 54 153 440 396 396 396 292 258 33 128 357 495 54
345 258 1 465 465 292 301 18 18 495 124 29 389 18 18 495 124 18 18 29
33 128 430 128 430 430 1 1 322 258 340 322 1 1 232 232 232 301 18 495
340 322 1 1 1 232 232 301 18 495 124 29 389 18 495 124 18 301 495 389
495 54 54 495 54 153 440 396 396 396 258 258 258 33 128 357 495 54 54 495
54 54 495 54 153 440 396 396 396 258 258 258 33 128 357 495 54 54 495 54
55 292 345 292 465 465 292 422 437 437 437 437 437 437 491 491 491 322 1 232
1 1 1 301 260 260 495 124 29 389 495 211 465 55 292 260 260 211 292 465
396 396 169 169 440 153 33 128 357 495 54 54 495 54 153 440 396 396 396 292
258 258 440 153 33 128 357 495 54 54 495 54 33 128 238 169 33 128 430 430
495 54 153 440 396 396 396 258 258 258 33 128 357 495 54 54 495 54 33 128
258 33 128 357 495 54 54 465 465 54 33 128 238 169 33 128 260 260 260 258
465 465 55 292 292 345 292 465 465 292 495 211 465 55 258 345 292 465 465 258
440 153 33 128 357 495 54 54 465 465 54 33 128 238 169 33 128 260 430 430
465 465 292 422 491 491 491 491 491 491 491 491 491 322 1 232 232 495 211 465
128 169 128 33 128 430 430 430 430 430 430 258 1 1 322 340 440 304 422 422
301 260 495 124 29 389 260 495 124 260 29 495 389 124 389 238 322 304 340 258
54 54 495 54 153 440 396 396 396 258 258 258 33 128 357 495 54 54 495 54
128 238 169 33 128 260 260 260 258 238 238 322 153 440 258 238 440 322 394 394
465 55 292 260 260 211 292 465 465 292 495 29 260 260 29 29 389 389 389 124
238 322 258 238 322 1 394 394 394 394 301 260 495 124 29 389 260 260 495 124
495 322 396 292 238 322 304 340 396 396 238 292 322 1 1 1 1 1 301 260
54 153 440 396 396 396 258 258 258 258 33 128 357 495 54 54 465 465 54 33
495 54 54 495 54 33 128 238 169 33 128 260 260 260 258 1 1 322 440 322
396 396 396 169 169 169 169 440 153 440 33 128 357 495 54 54 495 54 153 440
238 322 258 258 238 322 1 394 394 394 394 301 260 260 495 124 29 389 260 260
1 1 301 260 495 124 29 389 260 495 124 260 29 495 389 124 389 238 322 304
54 33 128 238 169 33 128 430 430 430 440 1 1 258 322 322 1 232 1 1
54 495 54 33 128 238 128 33 128 430 430 430 430 430 430 258 1 1 322 340
128 357 495 54 54 495 54 153 440 340 128 33 396 396 396 169 396 292 258 292
394 394 301 260 495 124 29 389 260 495 124 260 495 495 389 124 495 238 322 292
260 29 29 389 389 389 124 495 322 396 292 238 322 304 340 396 396 238 292 322
258 258 33 128 357 495 54 54 465 465 54 33 128 169 238 128 430 169 430 430
153 396 396 396 292 258 33 128 357 495 54 54 495 54 33 128 238 169 33 128
396 258 258 258 33 128 357 495 54 54 495 54 33 128 238 169 33 128 430 430
258 258 33 128 357 495 54 54 465 465 54 33 128 238 128 33 128 260 260 260
238 238 322 304 340 340 322 394 394 394 394 394 301 260 495 124 29 389 260 495
1 232 232 232 301 18 495 124 29 389 18 495 29 18 29 29 389 389 389 124
422 422 422 491 491 491 491 340 495 211 465 55 258 345 292 465 465 292 422 491
54 54 495 54 33 128 238 128 33 128 430 430 430 430 430 430 258 1 1 322
128 357 495 54 54 495 54 153 440 396 396 396 258 258 258 33 128 357 495 54
33 128 211 495 54 54 495 54 33 128 169 169 33 128 260 260 260 258 1 1
54 465 465 54 33 128 238 169 33 128 260 260 260 258 1 1 322 153 440 292
260 495 124 260 29 495 389 124 389 238 322 153 340 258 238 33 128 357 495 54
169 430 430 258 238 1 322 304 340 340 322 1 1 1 232 232 301 18 495 124
301 260 495 124 29 389 260 260 495 124 29 495 389 124 389 238 322 304 340 292
232 232 301 18 495 124 29 389 18 495 29 18 29 29 389 389 389 124 495 322
440 153 33 128 357 495 54 54 465 465 54 153 440 396 396 396 292 258 292 33
54 54 495 54 33 128 169 128 33 128 430 430 430 430 430 430 258 1 1 322
322 258 238 322 1 394 394 394 394 301 260 495 124 29 389 260 260 495 124 29
238 238 322 322 1 394 394 394 394 301 260 495 124 29 465 260 495 124 260 29
258 33 128 357 495 54 54 495 54 33 128 238 169 33 128 260 260 260 292 1
491 491 491 491 491 322 1 232 232 495 211 465 55 292 345 292 1 465 465 292
124 29 389 18 18 495 124 18 18 29 495 389 124 495 238 322 258 258 238 322
260 258 238 238 322 340 322 1 394 1 394 394 301 260 495 124 29 389 260 260
153 440 396 396 396 258 258 258 33 128 357 495 54 54 495 54 33 128 238 169
128 357 495 54 54 465 465 54 33 128 169 33 128 430 128 430 430 1 1 322
169 169 169 169 440 153 33 128 357 495 54 54 495 54 153 440 340 396 396 292
495 169 396 396 169 169 440 153 33 128 357 495 54 54 495 54 153 440 396 396
394 394 394 394 301 260 260 495 124 29 389 260 260 495 124 260 260 29 495 389
238 258 322 340 322 394 1 1 1 1 301 260 495 124 29 389 260 260 495 124
1 394 394 394 394 301 260 495 54 29 389 260 260 495 124 29 495 465 124 495
422 322 1 1 1 1 1 301 260 260 495 124 29 389 495 211 465 55 292 260
340 340 304 422 422 422 422 422 422 422 422 422 422 340 495 211 465 55 292 345
169 169 440 153 33 128 357 495 54 54 495 54 153 440 396 396 396 292 292 33
1 1 1 1 1 301 260 495 124 29 389 260 260 495 124 29 495 465 54 495
258 238 1 322 340 340 304 422 422 437 437 437 437 491 491 491 491 340 495 211
258 440 153 33 128 357 495 54 54 465 465 54 33 128 422 33 128 430 430 430
18 29 495 389 124 495 238 322 258 258 238 322 1 394 394 394 394 301 260 260
128 169 169 33 128 260 260 260 258 238 238 322 153 340 340 322 394 394 394 394
54 153 440 238 396 396 396 258 258 440 153 33 128 357 495 54 54 495 54 33
238 238 258 322 340 322 1 1 1 1 1 301 260 495 124 29 389 260 260 495
396 169 169 440 153 33 128 357 495 54 54 495 54 153 440 396 396 396 258 258
1 301 18 18 495 124 29 389 18 18 495 124 18 18 29 495 389 124 495 238
258 258 258 33 128 357 495 54 54 495 54 33 128 238 169 33 128 260 260 260
345 292 465 465 258 422 491 491 491 491 491 491 491 491 422 322 1 1 1 1
495 54 54 495 54 33 128 238 169 33 128 260 260 260 258 1 1 322 440 322
495 54 54 495 54 153 440 396 396 396 258 258 258 33 128 357 495 54 54 495
54 33 128 238 169 33 128 260 260 260 238 238 258 322 340 322 394 1 1 1
33 128 430 430 430 430 169 430 430 1 1 322 258 340 340 304 422 491 491 422
396 396 169 169 440 153 33 128 357 495 54 54 495 54 153 440 396 396 396 258
33 128 357 495 54 54 495 54 153 440 396 396 396 258 258 258 33 128 357 495
169 169 440 153 33 128 357 495 54 54 495 54 153 440 396 396 396 258 258 258
430 430 430 430 169 430 430 1 1 322 258 340 340 304 422 491 491 422 422 422
128 238 169 33 128 260 260 260 258 1 1 322 340 322 1 394 394 394 394 301
389 124 495 322 396 292 238 322 304 340 396 396 238 258 322 1 1 1 1 1
128 128 396 396 396 169 396 258 292 258 440 153 292 33 128 357 495 54 54 495
465 54 33 128 169 33 128 430 128 430 430 1 1 322 258 340 322 1 1 232
18 18 29 495 389 124 495 238 322 258 258 238 322 1 394 394 394 394 301 260
238 169 33 128 260 260 260 292 1 1 322 340 322 1 394 1 394 394 301 260
440 153 258 33 128 357 495 54 54 495 54 33 128 169 169 33 128 430 430 430
33 128 430 430 430 430 430 430 258 1 1 322 340 340 304 422 422 491 491 491
1 1 301 260 495 124 29 389 260 260 495 124 29 495 465 124 389 238 322 304
238 169 33 128 260 260 260 238 1 258 322 340 322 394 1 394 394 394 301 260
1 1 1 1 301 260 495 124 29 389 260 260 495 124 29 495 465 54 495 292
322 304 340 258 238 340 322 394 394 1 1 1 301 260 495 124 29 389 260 495
169 440 153 33 128 357 495 54 54 495 54 153 440 396 396 396 258 258 258 33
1 322 258 340 340 304 422 491 491 422 422 422 491 491 491 491 340 495 211 465
238 238 322 304 340 340 322 394 394 394 394 394 301 260 495 124 29 389 260 495
495 54 54 495 54 153 440 396 396 396 258 258 258 258 33 128 357 495 54 54
396 258 292 258 440 153 258 33 128 357 495 54 54 495 54 33 128 169 169 33
422 422 422 422 422 422 422 422 422 340 495 211 465 55 292 345 292 465 465 292
54 54 495 54 153 440 396 396 396 258 258 258 33 128 357 495 54 54 495 54
54 465 465 54 33 128 422 33 128 430 430 430 430 169 430 430 1 1 322 258
495 389 124 495 238 322 258 258 238 322 1 394 394 394 394 301 260 260 495 54
169 169 169 440 153 440 33 128 357 495 54 54 495 54 153 440 440 33 128 396
169 169 169 169 440 153 440 33 128 357 495 54 54 495 54 153 440 396 396 396
258 238 238 322 340 322 1 394 1 394 394 301 260 495 124 29 389 260 260 495
322 340 322 1 1 1 1 1 301 18 495 124 29 389 18 18 495 124 301 495
322 1 1 394 394 394 301 260 495 124 29 389 260 260 495 124 29 495 465 124
258 33 128 357 495 54 54 495 54 33 128 238 169 33 128 430 430 430 258 1
54 54 465 465 54 33 128 422 238 128 430 430 430 430 169 430 430 1 1 322
394 1 394 394 301 260 495 124 29 389 260 260 495 124 29 495 389 124 389 238
491 491 437 437 437 437 340 495 211 465 55 292 345 292 465 465 292 422 437 437
396 396 396 169 169 169 169 440 153 440 33 128 357 495 54 54 495 54 153 440
55 292 292 345 292 465 465 292 495 211 465 55 258 345 292 465 465 258 422 491
340 340 322 1 394 394 394 394 301 260 495 124 29 389 260 495 124 260 465 495
258 1 1 322 340 322 1 1 1 232 232 301 18 495 124 29 389 18 495 124
440 396 396 396 258 258 258 33 128 357 495 54 54 465 465 54 33 128 238 169
322 394 1 1 1 1 301 260 495 124 29 389 260 260 495 124 29 495 389 124
301 18 495 124 29 389 18 18 495 124 301 495 389 124 389 238 322 304 340 292
33 128 357 495 54 54 495 54 153 440 396 396 396 258 258 258 33 128 357 495
128 357 495 54 54 495 54 153 440 396 396 396 258 258 258 33 128 357 495 54
396 396 169 169 440 153 33 128 357 495 54 54 495 54 153 440 396 396 396 258
238 169 33 128 260 260 260 238 1 258 322 340 322 394 1 394 394 394 301 260
55 258 465 292 345 292 465 55 465 292 465 292 345 292 465 495 292 292 1 495
1 1 1 301 18 495 124 29 389 18 18 495 124 29 495 389 124 389 238 322
153 440 33 128 357 495 54 54 495 54 153 440 396 396 396 169 396 258 258 258
440 396 396 396 258 258 258 33 128 357 495 54 54 465 465 54 33 128 238 169
258 322 322 1 232 1 1 232 301 18 495 124 29 389 18 18 495 124 301 495
292 465 169 465 292 465 292 345 292 465 495 292 292 1 495 211 465 55 292 345
258 258 440 153 33 128 357 495 54 54 465 465 54 33 128 238 169 33 128 430
33 128 260 260 260 258 1 1 322 340 322 1 394 1 394 394 301 260 495 124
396 258 258 258 258 440 153 33 128 357 495 54 54 465 465 54 33 128 238 169
260 260 495 124 29 389 495 211 465 55 292 260 260 211 292 465 465 292 495 29
128 357 495 54 54 495 54 153 440 396 396 396 258 258 258 33 128 357 495 54
495 54 153 440 396 396 396 169 396 258 258 258 33 128 357 495 54 54 495 54
33 128 357 495 54 54 495 54 33 128 238 169 33 128 430 430 430 430 430 430
340 322 1 1 232 232 232 301 18 495 124 29 389 18 495 29 18 29 29 389
1 301 18 495 124 29 389 18 18 495 124 29 495 389 124 389 238 322 304 340
54 33 128 238 169 33 128 260 260 260 238 238 258 322 340 322 394 1 1 1
322 1 394 394 394 394 301 260 495 124 29 389 260 495 124 29 260 495 389 124
491 491 491 491 491 422 322 1 1 1 1 1 301 260 260 495 124 29 389 495
153 440 396 396 396 169 396 258 258 258 33 128 357 495 54 54 495 54 33 128
29 389 18 18 495 124 18 18 29 495 389 124 495 238 322 258 258 238 322 1
1 301 260 495 124 29 389 260 495 124 260 29 495 389 124 389 238 322 304 340
292 422 437 437 437 437 437 437 437 437 437 495 211 465 55 292 169 292 345 292
238 340 322 1 394 1 394 394 301 260 495 124 29 389 260 495 124 260 29 495
440 153 33 128 357 495 54 54 495 54 153 440 396 396 396 258 258 258 33 128
29 495 389 124 495 238 322 258 258 238 322 1 394 394 394 394 301 260 260 495
128 238 169 33 128 260 260 260 258 238 238 322 153 440 258 238 440 322 394 394
396 396 169 169 440 153 33 128 357 495 54 54 495 54 153 440 396 396 396 258
340 322 1 1 1 1 1 301 260 495 124 29 389 260 260 495 124 29 495 389
422 491 491 491 491 491 491 491 491 491 322 1 232 232 495 211 465 55 292 345
491 491 322 1 232 232 495 211 465 55 292 345 292 1 465 465 292 1 301 260
292 495 29 260 260 29 29 389 389 389 124 495 322 396 292 238 322 304 340 396
322 340 340 304 422 422 422 422 422 422 422 422 422 422 340 495 211 465 55 292
258 345 292 465 465 292 422 491 491 491 491 491 491 491 491 491 322 1 232 232
128 357 495 54 54 495 54 153 440 238 396 396 292 258 258 258 440 153 33 128
440 396 396 396 258 258 258 33 128 357 495 54 54 495 54 33 128 169 169 33
128 430 430 430 430 169 430 430 1 1 322 292 340 340 304 422 491 491 422 422
495 124 18 18 301 495 389 124 495 238 322 258 258 238 322 1 394 394 394 394
54 54 495 54 153 440 396 396 396 169 396 258 258 258 33 128 357 495 54 54
301 260 495 124 29 389 260 495 124 29 260 495 389 124 389 238 322 258 1 322
394 394 301 260 260 495 124 29 389 260 260 495 124 260 260 29 495 389 124 495
54 54 495 54 153 440 340 33 128 238 396 396 169 396 258 292 258 440 153 292
396 396 258 258 258 33 128 357 495 54 54 495 54 33 128 238 169 33 128 260
495 54 54 495 54 33 128 169 128 33 128 430 430 430 430 430 430 258 1 1
54 153 440 396 396 396 258 258 258 33 128 357 495 54 54 495 54 33 128 169
