186 176 176 176 100 238 77 171 217 217 68 68 217 100 238 161 54 100 238 20
100 206 20 20 20 20 54 20 20 169 169 173 176 92 92 237 33 33 33 33
173 86 86 86 157 94 66 187 176 162 176 86 66 66 176 86 77 20 20 157
238 77 171 217 217 68 217 237 92 89 186 186 176 176 176 100 238 77 171 217
217 217 68 217 237 92 89 186 186 176 176 176 100 238 77 171 217 217 68 217
217 100 238 161 54 100 238 20 20 20 176 169 169 173 92 173 86 86 86 86
86 86 77 20 149 195 77 149 20 20 149 195 77 149 149 195 149 169 173 176
35 35 35 35 92 237 100 238 77 171 217 217 68 217 237 92 89 186 186 176
187 176 20 20 162 176 66 66 176 149 195 20 20 77 77 149 149 149 195 149
176 176 100 238 77 171 217 217 68 217 100 238 161 54 100 238 20 20 20 20
86 86 86 77 20 104 195 77 214 20 20 104 195 77 214 214 195 214 169 173
217 100 238 161 100 238 20 20 20 20 54 20 20 169 169 173 176 92 92 237
171 217 217 68 217 237 92 89 186 186 186 186 176 176 176 100 238 77 171 217
217 217 68 217 100 238 161 54 100 238 20 20 20 20 20 20 176 169 169 173
237 100 238 77 171 217 217 68 217 237 92 89 186 186 176 176 176 100 238 77
186 186 35 35 35 35 92 237 92 100 238 77 171 217 217 68 217 237 92 89
20 20 176 169 169 173 92 92 237 33 33 33 33 33 33 33 33 33 33 92
35 35 35 92 237 100 238 77 171 217 217 68 217 237 92 89 186 186 176 176
149 195 77 149 20 20 149 195 77 149 149 195 149 169 173 176 169 173 169 86
33 33 33 33 173 86 86 86 157 94 66 187 176 162 176 86 66 66 176 86
33 33 33 33 33 33 33 33 33 33 92 157 94 66 187 176 162 176 66 66
92 237 100 238 77 171 217 217 68 217 100 238 161 54 100 238 20 20 20 92
92 237 100 238 77 171 217 217 68 217 237 92 89 186 186 176 176 176 100 238
92 100 238 77 171 217 217 68 217 237 92 92 206 206 89 186 186 186 186 176
20 20 176 169 169 173 237 92 176 169 92 173 86 86 86 86 86 77 20 157
33 33 33 157 94 66 187 176 157 94 162 176 66 187 66 176 66 176 162 176
217 217 68 68 217 100 238 161 100 238 20 20 20 20 54 20 20 169 169 173
86 86 86 86 77 20 104 195 77 214 20 20 104 195 77 214 214 195 214 169
33 33 33 33 92 157 94 66 187 176 162 176 66 66 176 33 33 33 33 33
217 68 217 237 92 89 186 186 176 176 176 176 92 237 100 238 77 171 217 217
169 169 176 173 92 173 86 86 86 86 86 77 20 157 195 77 149 20 20 104
187 176 162 176 66 66 176 206 33 33 33 33 33 33 33 33 33 173 86 86
176 162 176 66 66 176 33 33 33 33 33 33 33 33 33 33 157 94 66 187
176 100 238 77 171 217 217 68 68 217 100 238 161 54 100 238 20 20 20 176
171 217 217 68 217 100 238 161 54 100 238 20 20 20 176 169 169 173 237 92
157 94 66 187 176 162 176 86 66 66 176 86 77 20 20 104 195 195 214 20
35 35 35 35 35 92 237 100 238 77 171 217 217 68 217 237 92 89 186 186
217 68 217 237 92 89 89 186 186 176 176 92 237 100 238 77 171 217 217 68
86 86 86 77 20 157 195 77 149 20 20 149 195 77 149 149 195 149 169 173
217 68 217 100 238 161 54 100 238 20 20 20 92 169 169 176 173 173 86 86
162 195 86 149 195 176 86 77 20 20 104 195 195 214 20 20 104 195 20 20
195 86 195 149 195 77 20 20 104 195 77 214 20 20 104 195 20 20 77 214
217 217 68 217 237 92 89 186 186 176 176 176 100 238 77 171 217 217 68 217
238 20 20 20 20 20 20 176 169 169 173 92 92 237 33 33 33 33 33 33
68 217 100 238 161 54 100 238 20 20 20 176 169 169 173 237 92 176 169 92
176 100 238 77 171 217 217 68 217 100 238 161 54 100 238 20 20 20 176 169
68 217 100 238 161 54 100 238 20 20 20 176 169 169 173 92 173 86 86 86
20 20 20 20 20 176 169 169 173 92 92 237 33 33 33 33 33 33 33 33
35 35 35 92 237 100 238 77 171 217 217 68 217 237 92 89 186 186 176 176
186 176 176 176 100 238 77 157 217 217 68 217 100 238 161 54 100 238 20 20
206 89 186 186 186 186 176 176 176 92 237 176 100 238 77 171 217 217 68 217
186 186 186 186 35 35 35 35 92 237 92 100 238 77 171 217 217 68 217 237
33 33 33 33 33 92 157 94 66 187 176 162 176 66 66 176 33 33 33 33
176 92 237 176 100 238 77 171 217 217 68 217 100 238 161 54 100 238 20 20
35 35 35 92 237 100 238 77 171 217 217 68 217 237 92 89 186 186 176 176
77 171 217 217 68 217 237 92 92 206 206 89 186 186 186 186 176 176 176 176
33 33 33 33 92 157 94 66 187 176 162 176 66 66 176 33 33 33 33 33
237 92 89 186 186 176 176 176 100 238 77 171 217 217 68 217 100 238 161 54
237 92 100 238 77 171 217 217 68 217 237 92 92 206 206 89 186 186 186 186
86 86 86 157 94 149 149 195 162 176 86 149 149 176 77 20 20 104 195 77
77 171 217 217 68 68 217 100 238 161 54 100 238 20 20 20 169 169 176 173
20 104 195 77 214 20 20 104 195 20 20 77 214 214 195 214 169 173 195 195
100 238 77 171 217 217 68 217 237 92 89 186 186 176 176 176 100 238 77 171
206 206 89 186 186 186 186 176 176 176 176 92 237 100 238 77 171 217 217 68
186 176 176 176 100 238 77 157 217 217 68 217 100 238 161 54 100 238 20 20
33 157 94 66 66 187 176 176 162 176 66 66 217 157 94 66 187 176 162 176
173 149 173 86 86 86 86 86 77 20 104 195 195 214 20 104 195 20 77 214
187 66 176 66 176 162 176 66 66 176 176 169 157 94 66 187 176 162 176 66
217 68 217 237 92 89 186 186 176 176 176 100 238 77 171 217 217 68 217 100
237 33 33 33 33 33 33 33 33 33 33 92 157 94 66 187 176 162 176 66
217 68 217 100 238 161 54 100 238 20 20 20 176 169 169 173 92 173 86 86
20 104 195 77 214 20 104 195 20 77 214 214 195 214 169 173 195 169 173 86
20 20 77 77 149 149 149 195 149 173 89 176 169 173 237 92 186 186 169 176
35 35 35 35 35 35 92 237 100 238 77 171 217 217 68 217 237 92 89 186
86 86 77 20 104 195 77 214 20 20 104 195 77 214 214 195 214 169 173 149
186 186 176 176 176 100 238 77 171 217 217 68 217 100 238 161 54 100 238 20
20 104 195 77 214 20 20 104 195 20 20 77 214 214 195 214 169 173 195 195
206 206 89 186 186 186 186 176 176 176 92 237 176 100 238 77 171 217 217 68
217 217 68 68 217 100 238 161 100 238 20 54 20 20 176 169 169 173 237 92
195 77 149 149 195 149 169 173 176 169 173 169 86 86 86 86 77 20 157 195
149 173 86 86 86 86 86 77 20 104 195 77 214 20 104 195 20 77 77 214
186 186 35 35 92 237 100 238 77 171 217 217 68 217 237 92 89 186 186 176
100 238 161 54 100 238 20 20 20 20 20 20 176 169 169 173 92 92 237 33
100 238 161 100 238 20 54 20 20 176 169 169 173 237 92 92 173 86 86 86
161 54 100 238 20 20 20 169 169 176 173 186 173 237 92 176 176 169 92 237
238 77 171 217 217 68 68 217 100 238 161 100 238 20 54 20 20 169 169 173
186 176 176 176 100 238 77 171 217 217 68 217 100 238 161 54 100 238 20 20
92 173 86 86 86 86 86 77 20 149 195 77 149 20 20 149 195 77 149 149
171 217 217 68 217 237 92 89 186 186 176 176 176 100 238 77 171 217 217 68
33 33 33 33 92 157 94 66 187 176 162 176 66 66 176 33 33 33 33 33
92 237 92 100 238 77 171 217 217 68 217 237 92 89 186 186 186 186 176 176
33 33 33 33 33 33 173 86 86 86 86 157 94 66 187 176 162 176 86 66
217 217 68 217 100 238 161 54 100 238 20 20 20 176 169 169 173 92 173 86
100 238 77 171 217 217 68 217 237 92 89 186 186 176 176 176 176 92 237 100
149 169 173 176 176 169 173 169 86 86 86 86 77 20 20 157 195 77 149 20
217 217 68 217 237 92 89 186 186 176 176 176 176 100 238 77 171 217 217 68
104 195 77 214 20 104 195 20 77 214 214 195 214 169 173 195 169 173 86 86
176 169 169 173 92 173 86 86 86 86 86 77 20 157 195 77 149 20 20 149
195 149 169 173 176 169 173 169 169 86 86 86 77 20 157 195 77 149 20 20
104 195 20 20 77 214 214 195 214 169 173 195 149 169 173 86 86 86 86 86
33 33 33 33 33 33 33 33 33 33 173 86 86 86 86 157 94 66 187 176
176 176 100 238 77 171 217 217 68 217 100 238 161 54 100 238 20 20 20 176
238 77 171 217 217 68 217 237 92 89 186 186 176 176 176 100 238 77 171 217
238 20 20 20 176 169 169 173 173 86 86 86 86 86 77 20 157 195 77 149
92 173 86 86 86 86 86 77 20 157 195 77 149 20 20 149 195 77 149 149
86 77 20 157 195 195 149 20 149 195 20 77 149 149 195 149 169 173 237 92
35 92 237 100 238 77 171 217 217 68 217 237 92 89 186 186 176 176 176 176
176 100 238 77 171 217 217 68 217 100 238 161 54 100 238 20 20 20 20 20
86 86 86 86 77 20 104 195 77 214 20 104 195 20 77 77 214 214 214 195
92 173 86 86 86 86 86 77 20 149 195 77 149 20 149 195 20 77 149 149
100 238 20 20 20 169 169 176 173 92 173 86 86 86 86 86 77 20 157 195
35 35 92 237 100 238 77 171 217 217 68 217 237 92 89 186 186 176 176 176
187 176 162 176 66 66 176 33 33 33 33 33 33 33 33 33 33 173 86 86
217 217 68 217 237 92 89 186 186 176 176 176 100 238 77 171 217 217 68 217
217 100 238 161 54 100 238 20 20 20 176 169 169 173 92 173 86 86 86 86
186 186 35 35 35 92 237 100 238 77 171 217 217 68 217 237 92 89 186 186
173 169 86 86 86 86 77 20 20 157 195 195 149 157 94 66 187 176 20 20
176 169 169 173 92 173 86 86 86 86 86 77 20 157 195 77 149 20 20 149
77 171 217 217 68 68 217 100 238 161 100 238 20 20 20 20 54 20 20 169
176 176 100 238 77 157 217 217 68 217 100 238 161 54 100 238 20 20 20 169
238 161 100 206 20 54 20 20 169 169 173 176 92 173 86 86 86 86 86 77
217 217 68 217 100 238 161 54 100 238 20 20 20 169 169 176 173 92 173 86
176 176 176 100 238 77 157 217 217 68 217 100 238 161 54 100 238 20 20 20
238 77 171 217 217 68 217 237 92 89 186 186 176 176 176 100 238 77 171 217
187 66 176 66 176 162 176 66 66 176 176 169 157 94 66 187 176 162 176 66
162 195 86 149 149 195 77 20 20 104 195 77 214 20 20 104 195 20 20 77
169 173 149 173 86 86 86 86 86 77 20 104 195 77 214 20 20 104 195 77
169 173 169 86 86 86 86 77 20 20 157 195 77 149 20 20 104 195 20 20
68 217 237 92 89 186 186 176 176 176 100 238 77 171 217 217 68 217 100 238
94 66 187 176 20 20 162 176 66 66 176 149 195 20 20 77 77 149 149 149
169 173 169 86 86 86 86 77 20 20 157 195 77 149 20 20 104 195 20 20
217 68 217 237 92 92 206 206 89 186 186 186 186 176 176 176 176 92 237 100
186 186 186 186 176 176 176 92 237 176 100 238 77 171 217 217 68 217 100 238
186 176 176 176 100 238 77 157 217 217 68 217 100 238 161 54 100 238 20 20
68 68 217 100 238 161 54 100 238 20 20 20 169 169 176 173 186 173 237 92
176 176 176 92 237 100 238 77 171 217 217 68 68 217 100 238 161 100 238 20
171 217 217 68 68 217 100 238 161 100 238 20 20 20 20 54 20 20 169 169
195 149 169 173 176 169 173 169 86 86 86 86 77 20 104 195 195 149 20 20
195 77 214 20 104 195 20 77 77 214 214 214 195 214 173 149 169 173 195 195
186 186 186 35 35 35 35 92 237 92 100 238 77 171 217 217 68 217 237 92
33 33 33 33 33 33 33 33 33 33 157 94 66 187 176 157 94 162 176 66
33 92 157 94 66 187 176 162 176 66 66 176 33 33 33 33 33 33 33 33
171 217 217 68 217 100 238 161 54 100 238 20 20 20 176 169 169 173 92 173
169 173 92 92 237 33 33 33 33 33 33 33 33 33 33 92 157 94 66 187
238 20 20 20 92 169 169 149 173 173 86 86 86 86 86 77 20 104 195 195
186 77 149 149 149 195 149 173 89 176 169 173 237 92 186 186 169 176 173 86
66 66 187 176 176 162 176 66 66 217 157 94 66 187 176 162 176 66 66 176
217 217 68 217 100 238 161 54 100 238 20 20 20 169 169 176 173 92 173 86
92 89 186 186 176 176 176 100 238 77 171 217 217 68 217 100 238 161 54 100
100 238 77 171 217 217 68 217 237 92 89 186 186 176 176 176 100 238 77 171
176 92 237 100 238 77 171 217 217 68 68 217 100 238 161 100 238 20 20 20
100 238 77 171 217 217 68 217 100 238 161 54 100 238 20 20 20 169 169 176
68 217 100 238 161 54 100 238 20 20 20 176 169 169 173 92 173 86 86 86
173 173 86 86 86 86 86 77 20 104 195 77 214 20 20 104 195 77 214 214
195 149 169 173 176 169 173 169 86 86 86 86 77 20 104 195 195 149 20 20
77 214 20 104 195 20 195 77 214 214 214 195 214 173 149 169 173 195 195 169
66 66 176 33 33 33 33 33 33 33 33 33 33 173 86 86 86 157 94 66
238 20 20 20 176 169 169 173 173 86 86 86 86 86 77 20 157 195 77 149
237 92 89 186 186 186 186 176 176 176 100 238 77 171 217 217 68 217 100 238
35 35 92 237 100 238 77 171 217 217 68 217 237 92 89 186 186 176 176 176
238 77 171 217 217 68 68 217 100 238 161 100 238 20 54 20 20 176 169 169
171 217 217 68 217 100 238 161 54 100 238 20 20 20 20 20 20 176 169 169
86 86 77 20 104 195 77 214 20 104 195 20 77 214 214 195 214 169 173 176
186 35 35 92 237 100 238 77 171 217 217 68 217 237 92 89 186 186 176 176
35 35 92 237 100 238 77 171 217 217 68 68 217 237 92 89 186 186 176 176
33 33 33 33 33 33 33 33 33 157 94 66 187 176 157 94 162 176 66 187
169 169 173 92 173 86 86 86 86 86 77 20 157 195 77 149 20 20 149 195
89 186 186 176 176 176 100 238 77 171 217 217 68 217 100 238 161 54 100 238
176 162 176 66 66 217 157 94 66 187 176 162 176 66 66 176 33 33 33 33
169 173 176 176 169 173 169 86 86 86 86 77 20 20 157 195 77 149 20 20
68 217 237 92 89 186 186 176 176 176 100 238 77 171 217 217 68 217 100 238
195 195 86 77 20 20 104 195 77 214 20 20 104 195 20 20 77 214 214 195
187 176 157 94 162 176 66 187 66 176 66 176 162 176 66 66 176 176 169 157
92 89 186 186 176 176 176 100 238 77 171 217 217 68 217 100 238 161 54 100
195 20 77 149 149 195 149 169 173 237 92 176 169 100 238 77 171 217 217 68
33 33 33 33 33 33 33 33 33 173 86 86 86 157 94 66 187 176 162 176
176 169 169 173 92 92 237 33 33 33 33 33 33 33 33 33 33 92 157 94
77 171 217 217 68 217 237 92 89 186 186 186 186 176 176 176 100 238 77 171
169 169 176 173 92 173 86 86 86 86 86 77 20 157 195 77 149 20 20 104
68 217 237 92 89 89 186 186 176 176 92 237 100 238 77 171 217 217 68 217
238 161 54 100 238 20 20 20 92 169 169 176 173 173 86 86 86 86 86 77
100 238 77 171 217 217 68 217 237 92 89 186 186 176 176 176 100 238 77 171
94 66 187 176 162 176 66 66 176 33 33 33 33 33 33 33 33 33 33 173
186 176 176 176 100 238 77 171 217 217 68 217 100 238 161 54 100 238 20 20
237 92 100 238 77 171 217 217 68 217 237 92 89 186 186 186 186 176 176 176
68 217 237 92 92 206 206 89 186 186 186 186 176 176 176 176 92 237 100 238
77 171 217 217 68 217 237 92 89 186 186 176 176 176 176 100 238 77 171 217
68 217 237 92 92 206 206 89 186 186 186 186 176 176 176 92 237 176 100 238
68 217 100 238 161 54 100 238 20 20 20 176 169 169 173 92 173 86 86 86
217 217 68 217 100 238 161 54 100 238 20 20 20 176 169 169 173 92 173 86
77 20 20 104 195 77 214 20 20 104 195 20 20 77 214 214 195 214 169 173
237 92 89 186 186 176 176 176 176 100 238 77 171 217 217 68 68 217 100 238
217 68 217 237 92 89 186 186 176 176 176 100 238 77 171 217 217 68 68 217
33 33 33 33 33 33 33 33 33 157 94 66 187 176 157 94 162 176 66 187
217 237 92 89 186 186 176 176 176 100 238 77 171 217 217 68 217 100 238 161
176 100 238 77 171 217 217 68 68 217 100 238 161 54 100 238 20 20 20 176
20 20 162 176 66 66 176 149 195 20 20 77 77 149 149 149 195 149 173 89
238 77 171 217 217 68 217 237 92 89 186 186 176 176 176 100 238 77 171 217
176 176 100 238 77 171 217 217 68 217 100 238 161 54 100 238 20 20 20 176
100 238 77 171 217 217 68 217 100 238 161 54 100 238 20 20 20 20 20 20
92 92 173 86 86 86 86 86 77 20 149 195 77 149 20 149 195 20 195 149
92 92 237 33 237 33 33 33 33 33 33 33 33 33 157 94 66 66 187 176
176 176 100 238 77 171 217 217 68 217 100 238 161 54 100 238 20 20 20 176
237 100 238 77 171 217 217 68 217 237 92 89 186 186 176 176 176 100 238 77
238 20 20 20 169 169 176 173 92 173 86 86 86 86 86 77 20 149 195 195
173 86 86 86 86 86 77 20 149 195 77 149 20 20 149 195 77 149 149 195
237 92 100 238 77 171 217 217 68 217 237 92 92 206 206 89 186 186 186 186
157 195 77 149 20 149 195 77 20 149 149 195 149 169 173 176 169 173 169 86
66 66 187 176 176 162 176 66 66 217 157 94 66 187 176 162 176 66 66 176
35 35 35 35 92 237 100 238 77 171 217 217 68 217 237 92 89 186 186 176
100 206 20 20 20 176 169 169 173 92 173 86 86 86 86 86 77 20 104 195
171 217 217 68 217 237 92 89 186 186 176 176 176 100 238 77 171 217 217 68
149 195 214 169 173 176 176 169 173 169 86 86 86 86 77 20 20 104 195 77
157 94 162 176 66 187 66 176 66 176 162 176 66 66 176 176 169 157 94 66
173 92 173 86 86 86 86 86 77 20 157 195 77 149 20 149 195 77 20 149
20 20 104 195 77 214 20 20 104 195 20 20 77 214 214 195 214 169 173 195
217 68 217 100 238 161 54 100 238 20 20 20 20 20 20 176 169 169 173 92
20 20 176 169 169 173 92 173 86 86 86 86 86 77 20 157 195 77 149 20
176 176 92 237 176 100 238 77 171 217 217 68 217 100 238 161 54 100 238 20
195 20 77 149 149 195 149 169 173 237 92 176 169 100 238 77 171 217 217 68
176 162 195 86 149 195 176 86 77 20 20 104 195 195 214 20 20 104 195 20
217 68 68 217 100 238 161 100 238 20 54 20 20 169 169 173 176 92 173 86
100 238 161 54 100 238 20 20 20 176 169 169 173 237 92 92 173 86 86 86
237 100 238 77 171 217 217 68 68 217 100 238 161 100 238 20 20 20 20 54
173 195 149 173 86 86 86 86 86 77 20 104 195 77 214 20 104 195 20 77
35 35 92 237 100 238 77 171 217 217 68 217 237 92 89 186 186 176 176 176
157 94 66 187 176 162 176 66 66 176 33 33 33 33 33 33 33 33 33 33
77 171 217 217 68 217 100 238 161 54 100 238 20 20 20 176 169 169 173 92
217 68 217 237 92 92 206 206 89 186 186 186 186 176 176 176 176 92 237 100
33 33 33 33 33 33 33 33 33 92 157 94 66 187 176 162 176 66 66 176
100 206 20 54 20 20 169 169 173 176 92 173 86 86 86 86 86 77 20 104
217 100 238 161 54 100 238 20 20 20 20 20 20 176 169 169 173 92 92 237
217 237 92 89 186 186 176 176 176 100 238 77 171 217 217 68 217 100 238 161
176 176 176 92 237 176 100 238 77 171 217 217 68 217 100 238 161 54 100 238
94 66 187 176 162 176 86 66 66 176 86 77 20 20 104 195 195 214 20 20
238 77 171 217 217 68 217 237 92 89 186 186 176 176 176 176 100 238 77 171
35 35 92 237 100 238 77 171 217 217 68 217 237 92 89 186 186 176 176 100
20 157 195 195 149 157 94 66 187 176 20 20 162 176 66 66 176 149 195 20
187 176 162 176 66 66 176 33 33 33 33 33 33 33 33 33 33 173 86 86
92 237 100 238 77 171 217 217 68 217 237 92 89 186 186 176 176 176 100 238
35 35 35 35 35 92 237 100 238 77 171 217 217 68 217 237 92 89 186 186
33 33 157 94 66 66 187 176 176 162 176 66 66 217 157 94 66 187 176 162
86 86 86 77 20 104 195 77 214 20 104 195 20 77 214 214 195 214 169 173
100 238 20 20 20 169 169 176 173 92 173 86 86 86 86 86 77 20 157 195
100 238 77 171 217 217 68 217 237 92 89 186 186 176 176 176 100 238 77 171
157 94 66 66 187 176 176 162 176 66 66 217 157 94 66 187 176 162 176 66
176 176 100 238 77 171 217 217 68 217 100 238 161 54 100 238 20 20 20 176
171 217 217 68 217 100 238 161 54 100 238 20 20 20 176 169 169 173 237 92
35 35 92 237 100 238 77 171 217 217 68 68 217 237 92 89 186 186 176 176
86 77 20 104 195 77 214 20 20 104 195 77 214 214 195 214 169 173 149 149
217 237 92 89 186 186 176 176 176 176 92 237 100 238 77 171 217 217 68 68
217 217 68 217 237 92 89 186 186 176 176 176 100 238 77 171 217 217 68 217
77 20 104 195 77 214 20 104 195 20 77 77 214 214 214 195 214 149 149 169
35 35 35 92 237 92 100 238 77 171 217 217 68 217 237 92 92 206 206 89
238 161 54 100 238 20 20 20 20 20 20 176 169 169 173 92 92 237 33 33
92 89 89 186 186 176 176 92 237 100 238 77 171 217 217 68 217 100 238 161
66 187 176 162 176 86 66 66 176 86 77 20 20 104 195 195 214 20 20 104
217 68 217 100 238 161 54 100 238 20 20 20 176 169 169 173 92 173 86 86
237 100 238 77 171 217 217 68 68 217 100 238 161 54 100 238 20 20 20 169
171 217 217 68 217 237 92 89 186 186 176 176 176 100 238 77 171 217 217 68
86 195 195 195 86 77 20 20 104 195 77 214 20 20 104 195 20 20 77 214
68 217 100 238 161 54 100 238 20 20 20 176 169 169 173 92 173 86 86 86
238 77 171 217 217 68 217 237 92 89 186 186 176 176 176 100 238 77 171 217
35 92 237 92 100 238 77 171 217 217 68 217 237 92 92 206 206 89 186 186
195 86 195 149 195 77 20 20 104 195 77 214 20 20 104 195 20 20 77 214
176 100 238 77 171 217 217 68 217 100 238 161 54 100 238 20 20 20 176 169
68 217 100 238 161 54 100 238 20 20 20 20 20 20 176 169 169 173 92 92
173 92 92 237 33 33 33 33 33 33 33 33 33 33 92 157 94 66 187 176
176 162 176 66 66 176 33 33 33 33 33 33 33 33 33 33 173 169 86 86
100 238 77 171 217 217 68 217 237 92 89 186 186 176 176 176 176 92 237 100
171 217 217 68 217 237 92 89 186 186 186 186 176 176 176 100 238 77 171 217
176 92 237 100 238 77 171 217 217 68 217 100 238 161 54 100 238 20 20 20
54 100 238 20 20 20 176 169 169 173 237 92 92 173 86 86 86 86 86 77
186 186 35 35 92 237 100 238 77 171 217 217 68 217 237 92 89 186 186 176
77 20 104 195 77 214 20 104 195 20 77 77 214 214 214 195 214 149 149 169
217 217 68 68 217 100 238 161 54 100 238 20 20 20 169 169 176 173 186 173
173 169 86 86 86 86 77 20 20 157 195 77 149 20 20 20 20 104 195 77
186 35 35 92 237 100 238 77 171 217 217 68 68 217 237 92 89 186 186 176
100 238 77 171 217 217 68 217 237 92 89 89 186 186 176 176 92 237 100 238
35 35 92 237 100 238 77 171 217 217 68 217 237 92 89 186 186 176 176 176
92 173 86 86 86 86 86 77 20 149 195 77 149 20 20 149 195 77 149 149
217 217 68 217 100 238 161 54 100 238 20 20 20 20 20 20 176 169 169 173
100 238 161 54 100 238 20 20 20 176 169 169 173 173 86 86 86 86 86 77
171 217 217 68 217 237 92 89 186 186 176 176 176 176 100 238 77 171 217 217
157 94 66 187 176 162 176 86 66 66 176 86 77 20 20 104 195 195 214 20
169 86 86 86 86 77 20 20 157 195 195 149 157 94 66 187 176 20 20 162
92 89 186 186 186 186 176 176 176 100 238 77 171 217 217 68 217 100 238 161
157 94 149 149 195 162 176 86 195 149 176 77 20 20 104 195 77 214 20 20
186 35 35 35 92 237 100 238 77 171 217 217 68 217 237 92 89 186 186 176
176 92 237 176 100 238 77 171 217 217 68 217 100 238 161 54 100 238 20 20
92 237 92 100 238 77 171 217 217 68 217 237 92 92 206 206 89 186 186 186
171 217 217 68 217 100 238 161 54 100 238 20 20 20 176 169 169 173 237 92
171 217 217 68 217 100 238 161 54 100 238 20 20 20 20 20 20 176 169 169
217 68 217 237 92 92 206 206 89 186 186 186 186 176 176 176 92 237 176 100
157 157 186 186 35 35 92 237 100 238 77 171 217 217 68 217 237 92 89 186
35 35 92 237 100 238 77 171 217 217 68 217 237 92 89 186 186 176 176 176
94 66 187 176 157 94 162 176 66 187 66 176 66 176 162 176 66 66 176 176
186 35 35 92 237 100 238 77 171 217 217 68 217 237 92 89 186 186 176 176
33 33 33 33 33 33 173 86 86 86 157 94 66 187 176 162 176 86 66 66
86 86 86 77 20 104 195 77 214 20 20 104 195 77 214 214 195 214 169 173
238 77 171 217 217 68 217 237 92 89 186 186 176 176 176 100 238 77 171 217
20 20 157 195 195 149 157 94 66 187 176 20 20 162 176 66 66 176 149 195
173 237 92 186 186 169 176 173 86 86 86 86 86 77 20 20 157 195 77 149
100 206 20 54 20 20 176 169 169 173 237 92 92 173 86 86 86 86 86 77
77 171 217 217 68 217 237 92 89 186 186 176 176 176 100 238 77 171 217 217
20 20 176 169 169 173 149 173 86 86 86 86 86 77 20 104 195 77 214 20
217 217 68 217 237 92 89 186 186 176 176 176 100 238 77 171 217 217 68 217
33 33 33 33 33 33 157 94 66 66 187 176 176 162 176 66 66 217 157 94
217 100 238 161 100 238 20 54 20 20 169 169 173 176 92 173 86 86 86 86
77 171 217 217 68 217 100 238 161 54 100 238 20 20 20 176 169 169 173 92
33 33 33 157 94 66 66 187 176 176 162 176 66 66 217 157 94 66 187 176
217 68 217 100 238 161 54 100 238 20 20 20 176 169 169 173 92 173 86 86
100 238 161 54 100 238 20 20 20 176 169 169 173 173 86 86 86 86 86 77
238 77 171 217 217 68 217 100 238 161 54 100 238 20 20 20 20 20 20 176
77 149 149 149 195 149 173 89 176 169 173 237 92 186 186 169 176 173 86 86
217 217 68 217 237 92 89 89 186 186 176 176 92 237 100 238 77 171 217 217
176 162 195 86 149 195 176 86 77 20 20 104 195 195 214 20 20 104 195 20
33 33 33 33 92 157 94 66 187 176 162 176 66 66 176 33 33 33 33 33
186 186 176 176 176 176 100 238 77 171 217 217 68 68 217 100 238 161 100 238
33 33 33 33 33 33 33 157 94 66 187 176 157 94 162 176 66 187 66 176
176 77 20 20 104 195 77 214 20 20 104 195 20 20 77 214 214 195 214 169
77 171 217 217 68 217 237 92 92 206 206 89 186 186 186 186 176 176 176 176
89 89 186 186 176 176 92 237 100 238 77 171 217 217 68 217 100 238 161 54
161 54 100 238 20 20 20 92 169 169 176 173 173 86 86 86 86 86 77 20
94 66 187 176 162 176 66 66 176 206 33 33 33 33 33 33 33 33 33 173
176 176 100 238 77 171 217 217 68 68 217 100 238 161 100 238 20 54 20 20
169 169 176 173 92 173 86 86 86 86 86 77 20 157 195 77 149 20 20 149
149 149 195 149 169 173 176 176 169 173 169 86 86 86 86 77 20 20 104 195
217 237 92 89 186 186 176 176 176 100 238 77 171 217 217 68 217 100 238 161
237 176 100 238 77 171 217 217 68 217 100 238 161 54 100 238 20 20 20 20
206 20 20 20 20 54 20 20 169 169 173 176 92 92 237 33 33 33 33 33
217 217 68 217 237 92 89 186 186 176 176 176 100 238 77 171 217 217 68 217
161 54 100 238 20 20 20 176 169 169 173 92 173 86 86 86 86 86 77 20
171 217 217 68 217 237 92 89 186 186 176 176 176 100 238 77 171 217 217 68
68 217 100 238 161 100 238 20 20 20 20 54 20 20 169 169 173 176 92 92
217 217 68 217 100 238 161 54 100 238 20 20 20 176 169 169 173 92 173 86
176 169 169 173 92 92 237 33 33 33 33 33 33 33 33 33 33 92 157 94
237 92 100 238 77 171 217 217 68 217 237 92 89 186 186 186 186 176 176 176
20 20 20 20 54 20 20 169 169 173 176 92 92 237 33 33 33 33 33 33
217 237 92 89 186 186 176 176 176 100 238 77 171 217 217 68 68 217 100 238
173 176 169 173 169 86 86 169 86 77 20 157 195 77 149 20 20 104 195 77
195 214 20 20 104 195 20 20 77 214 214 195 214 169 173 195 149 169 173 86
86 77 20 104 195 77 149 20 20 104 195 77 149 149 195 149 176 169 173 195
217 237 92 89 89 186 186 176 176 92 237 100 238 77 171 217 217 68 217 100
217 237 92 89 186 186 176 176 176 100 238 77 171 217 217 68 217 100 238 161
176 176 176 100 238 77 171 217 217 68 68 217 100 238 161 54 100 238 20 20
33 33 33 33 33 33 33 33 33 33 92 157 94 66 187 176 162 176 66 66
169 173 176 169 173 169 169 86 86 86 77 20 157 195 77 149 20 20 104 195
186 35 35 92 237 100 238 77 171 217 217 68 217 237 92 89 186 186 176 176
173 92 173 86 86 86 86 86 77 20 157 195 77 149 20 20 149 195 77 149
20 20 20 176 169 169 173 92 173 86 86 86 86 86 77 20 157 195 77 149
186 35 35 92 237 100 238 77 171 217 217 68 217 237 92 89 186 186 176 176
20 176 169 169 173 173 86 86 86 86 86 77 20 157 195 77 149 20 104 195
86 195 195 195 86 77 20 20 104 195 77 214 20 20 104 195 20 20 77 214
186 176 176 100 238 77 171 217 217 68 217 100 238 161 54 100 238 20 20 20
217 237 92 89 186 186 176 176 176 100 238 77 157 217 217 68 217 100 238 161
86 86 86 86 77 20 104 195 77 214 20 20 104 195 77 214 214 195 214 169
20 20 176 169 169 173 92 173 86 86 86 86 86 77 20 104 195 195 149 20
217 68 217 100 238 161 54 100 238 20 20 20 20 20 20 176 169 169 173 92
89 89 186 186 176 176 92 237 100 238 77 171 217 217 68 217 100 238 161 54
100 238 77 171 217 217 68 217 100 238 161 54 100 238 20 20 20 176 169 169
77 171 217 217 68 217 100 238 161 54 100 238 20 20 20 20 20 20 176 169
89 186 186 176 176 176 100 238 77 171 217 217 68 217 100 238 161 54 100 238
92 237 100 238 77 171 217 217 68 217 237 92 89 186 186 176 176 176 100 238
171 217 217 68 217 100 238 161 54 100 238 20 20 20 176 169 169 173 92 173
86 77 20 149 195 195 149 20 20 149 195 77 149 149 195 149 169 173 237 92
89 186 186 176 176 176 100 238 77 171 217 217 68 68 217 100 238 161 100 238
149 149 195 149 169 173 176 169 173 169 86 86 86 86 77 20 157 195 77 149
100 238 77 171 217 217 68 217 100 238 161 54 100 238 20 20 20 176 169 169
92 237 100 238 77 171 217 217 68 217 237 92 89 186 186 176 176 176 176 100
238 161 54 100 238 20 20 20 176 169 169 173 92 173 86 86 86 86 86 77
217 68 217 100 238 161 54 100 238 20 20 20 176 169 169 173 237 92 92 173
238 77 171 217 217 68 217 100 238 161 54 100 238 20 20 20 92 169 169 176
149 195 149 169 173 176 169 173 169 86 86 86 86 77 20 157 195 77 149 20
92 89 186 186 176 176 176 100 238 77 171 217 217 68 68 217 100 238 161 54
195 195 149 20 149 195 20 77 149 149 195 149 169 173 237 92 176 169 100 238
20 20 176 169 169 173 237 92 149 173 86 86 86 86 86 77 20 104 195 77
100 238 77 171 217 217 68 68 217 100 238 161 54 100 238 20 20 20 169 169
176 169 169 173 92 173 86 86 86 86 86 77 20 157 195 77 149 20 20 149
20 92 169 169 149 173 173 86 86 86 86 86 77 20 104 195 77 214 20 20
176 176 176 100 238 77 171 217 217 68 217 100 238 161 54 100 238 20 20 20
86 86 86 86 86 77 20 104 195 77 214 20 20 104 195 77 214 214 195 214
92 206 206 89 186 186 186 186 176 176 176 176 92 237 100 238 77 171 217 217
187 195 162 195 86 149 195 176 86 77 20 20 104 195 195 214 20 20 104 195
92 237 33 33 33 33 33 33 33 33 33 33 92 157 94 66 187 176 162 176
20 195 214 149 195 214 169 173 176 176 169 173 86 86 86 86 86 77 20 20
20 20 169 169 173 176 92 92 237 33 33 33 33 33 33 33 33 33 33 92
195 195 149 20 149 195 20 77 149 149 195 149 169 173 237 92 176 169 100 238
20 149 195 77 149 20 20 149 195 77 149 149 195 149 169 173 176 169 173 169
35 35 92 237 100 238 77 171 217 217 68 217 237 92 89 186 186 176 176 176
238 77 171 217 217 68 217 100 238 161 54 100 238 20 20 20 176 169 169 173
171 217 217 68 217 237 92 89 186 186 176 176 176 176 100 238 77 171 217 217
89 186 186 176 176 100 238 77 171 217 217 68 217 100 238 161 54 100 238 20
54 100 238 20 20 20 176 169 169 173 92 173 86 86 86 86 86 77 20 104
35 92 237 100 238 77 171 217 217 68 217 237 92 89 186 186 176 176 176 100
171 217 217 68 217 237 92 89 186 186 176 176 176 100 238 77 171 217 217 68
68 217 237 92 89 186 186 176 176 176 100 238 77 171 217 217 68 217 100 238
35 35 92 237 92 100 238 77 171 217 217 68 217 237 92 92 206 206 89 186
86 86 86 86 86 77 20 104 195 77 214 20 104 195 20 77 214 214 195 214
54 100 238 20 20 20 176 169 169 173 237 92 92 173 86 86 86 86 86 77
33 157 94 66 66 187 176 176 162 176 66 66 217 157 94 66 187 176 162 176
20 176 169 169 173 149 173 86 86 86 86 86 77 20 104 195 77 214 20 20
238 161 54 100 238 20 20 20 20 20 20 176 169 169 173 92 92 237 33 237
171 217 217 68 217 237 92 89 186 186 176 176 176 100 238 77 171 217 217 68
100 238 77 171 217 217 68 217 100 238 161 54 100 238 20 20 20 20 20 20
169 173 176 176 169 173 169 86 86 86 86 77 20 20 157 195 77 149 20 20
186 186 186 186 35 35 35 35 92 237 92 100 238 77 171 217 217 68 217 237
89 186 186 186 186 176 176 176 176 92 237 100 238 77 171 217 217 68 68 217
20 176 169 169 173 149 173 86 86 86 86 86 77 20 104 195 77 214 20 20
86 86 86 86 157 94 149 187 176 162 176 86 149 149 176 77 20 20 104 195
217 100 238 161 54 100 238 20 20 20 176 169 169 173 92 173 86 86 86 86
206 20 20 20 176 169 169 173 149 173 86 86 86 86 86 77 20 104 195 77
237 100 238 77 171 217 217 68 217 237 92 89 186 186 176 176 100 238 77 171
20 20 77 77 149 149 149 195 149 173 89 176 169 173 237 92 186 186 169 176
20 20 176 169 169 173 92 173 86 86 86 86 86 77 20 149 195 77 149 20
35 92 237 100 238 77 171 217 217 68 217 237 92 89 186 186 176 176 176 176
33 33 33 33 33 33 33 33 92 157 94 66 187 176 162 176 66 66 176 33
186 186 186 35 35 35 35 92 237 92 100 238 77 171 217 217 68 217 237 92
171 217 217 68 217 237 92 89 186 186 176 176 176 100 238 77 171 217 217 68
237 100 238 77 171 217 217 68 217 237 92 89 186 186 176 176 176 100 238 77
173 169 86 86 86 86 77 20 157 195 77 149 20 20 104 195 77 149 149 195
77 171 217 217 68 217 237 92 89 186 186 176 176 176 176 100 238 77 171 217
66 187 176 162 176 66 66 176 206 33 33 33 33 33 33 33 33 33 173 86
176 66 66 176 20 33 33 33 33 33 33 33 33 33 173 86 86 86 86 157
217 217 68 217 100 238 161 54 100 238 20 20 20 176 169 169 173 92 173 86
169 173 92 173 86 86 86 86 86 77 20 157 195 77 149 20 20 149 195 77
100 238 77 171 217 217 68 217 237 92 89 186 186 186 186 176 176 176 100 238
238 77 171 217 217 68 217 237 92 92 206 206 89 186 186 186 186 176 176 176
92 89 186 186 186 186 176 176 176 100 238 77 171 217 217 68 217 100 238 161
92 157 94 66 187 176 162 176 66 66 176 206 33 33 33 33 33 33 33 33
94 66 66 187 176 176 162 176 66 66 217 157 94 66 187 176 162 176 66 66
217 237 92 89 186 186 176 176 176 100 238 77 171 217 217 68 217 100 238 161
77 157 217 217 68 217 100 238 161 54 100 238 20 20 20 169 169 176 173 92
176 169 169 173 237 92 176 169 92 173 86 86 86 86 86 77 20 157 195 195
169 169 173 176 92 92 237 33 33 33 33 33 33 33 33 33 33 92 157 94
238 77 171 217 217 68 217 100 238 161 54 100 238 20 20 20 176 169 169 173
20 20 149 195 77 149 149 195 149 169 173 176 169 173 86 86 86 86 86 77
186 176 176 176 176 100 238 77 171 217 217 68 68 217 100 238 161 100 238 20
20 20 20 20 20 20 176 169 169 173 92 92 237 33 237 33 33 33 33 33
176 100 238 77 171 217 217 68 68 217 100 238 161 54 100 238 20 20 20 176
176 169 169 173 92 173 86 86 86 86 86 77 20 157 195 77 149 20 149 195
238 77 171 217 217 68 217 100 238 161 54 100 238 20 20 20 176 169 169 173
86 86 86 77 20 104 195 77 214 20 104 195 20 77 214 214 195 214 169 173
77 171 217 217 68 217 100 238 161 54 100 238 20 20 20 176 169 169 173 92
238 77 171 217 217 68 217 237 92 89 186 186 176 176 176 100 238 77 171 217
100 238 161 100 238 20 54 20 20 176 169 169 173 237 92 92 173 86 86 86
100 238 77 171 217 217 68 217 237 92 89 186 186 176 176 176 100 238 77 171
20 157 195 77 149 20 149 195 77 20 149 149 195 149 169 173 176 169 173 169
89 186 186 176 176 176 100 238 77 171 217 217 68 217 100 238 161 54 100 238
217 68 217 100 238 161 54 100 238 20 20 20 176 169 169 173 92 173 86 86
176 176 169 173 169 86 86 86 86 77 20 20 157 195 77 149 20 20 104 195
171 217 217 68 217 237 92 89 186 186 176 176 176 100 238 77 171 217 217 68
92 92 206 206 89 186 186 186 186 176 176 176 92 237 176 100 238 77 171 217
186 176 176 92 237 100 238 77 171 217 217 68 217 100 238 161 54 100 238 20
86 86 86 77 20 104 195 77 214 20 20 104 195 77 214 214 195 214 169 173
77 20 104 195 77 214 20 20 104 195 77 214 214 195 214 169 173 237 149 195
92 237 100 238 77 171 217 217 68 217 237 92 89 186 186 176 176 176 100 238
186 186 176 176 176 100 238 77 171 217 217 68 217 100 238 161 54 100 238 20
86 86 86 86 86 77 20 157 195 77 149 20 149 195 77 20 149 149 195 149
20 20 20 54 20 20 169 169 173 176 92 92 237 33 33 33 33 33 33 33
171 217 217 68 68 217 100 238 161 54 100 238 20 20 20 176 169 169 173 173
86 77 20 104 195 77 214 20 20 104 195 77 214 214 195 214 169 173 149 149
20 20 20 149 169 169 195 173 173 86 86 86 86 86 77 20 104 195 195 214
20 176 169 169 173 92 92 237 33 33 33 33 33 33 33 33 33 33 92 157
217 237 92 89 186 186 176 176 176 100 238 77 171 217 217 68 217 100 238 161
100 238 77 171 217 217 68 217 237 92 89 186 186 176 176 176 100 238 77 171
169 169 173 92 173 86 86 86 86 86 77 20 157 195 77 149 20 20 149 195
173 169 86 86 86 86 77 20 157 195 77 149 20 20 104 195 77 149 149 195
20 176 169 169 173 173 86 86 86 86 86 77 20 157 195 77 149 20 104 195
186 186 176 176 92 237 100 238 77 171 217 217 68 217 100 238 161 54 100 238
77 171 217 217 68 217 237 92 92 206 206 89 186 186 186 186 176 176 176 176
169 169 173 92 173 86 86 86 86 86 77 20 157 195 77 149 20 149 195 77
100 238 161 54 100 238 20 20 20 169 169 176 173 186 173 237 92 176 176 169
77 20 104 195 77 214 20 104 195 20 77 214 214 195 214 169 173 176 169 149
33 33 33 33 33 173 86 86 86 157 94 66 187 176 162 176 86 66 66 176
86 86 86 86 86 77 20 149 195 77 149 20 20 149 195 77 149 149 195 149
169 173 176 169 173 169 86 86 86 86 77 20 104 195 77 149 20 20 104 195
33 33 33 33 173 86 86 86 157 94 66 187 176 162 176 86 66 66 176 86
176 169 92 173 86 86 86 86 86 77 20 157 195 195 149 20 149 195 20 77
35 35 92 237 100 238 77 171 217 217 68 217 237 92 89 186 186 176 176 176
100 238 77 171 217 217 68 217 100 238 161 54 100 238 20 20 20 20 20 20
169 169 173 237 92 176 169 92 173 86 86 86 86 86 77 20 157 195 195 149
20 20 176 169 169 173 92 173 86 86 86 86 86 77 20 149 195 77 149 20
86 86 86 77 20 149 195 195 149 20 20 149 195 77 149 149 195 149 169 173
238 77 171 217 217 68 68 217 100 238 161 54 100 238 20 20 20 169 169 176
169 169 176 173 92 173 86 86 86 86 86 77 20 157 195 77 149 20 20 104
33 33 33 33 33 33 157 94 66 187 176 157 94 162 176 66 187 66 176 66
66 176 33 33 33 33 33 33 33 33 33 33 173 169 86 86 86 86 77 20
20 20 20 20 176 169 169 173 92 92 237 33 33 33 33 33 33 33 33 33
68 217 100 238 161 54 100 238 20 20 20 169 169 176 173 92 173 86 86 86
195 77 214 20 20 104 195 20 20 77 214 214 195 214 169 173 195 195 169 173
33 33 173 86 86 86 86 157 94 66 187 176 162 176 86 66 66 176 77 20
195 20 20 77 77 149 149 149 195 149 173 89 176 169 173 237 92 186 186 169
33 33 33 33 33 33 173 86 86 86 86 157 94 66 187 176 162 176 86 66
92 173 86 86 86 86 86 77 20 157 195 77 149 20 20 149 195 77 149 149
86 86 86 86 77 20 104 195 77 214 20 104 195 20 77 214 214 195 214 169
217 68 217 237 92 89 186 186 176 176 176 100 238 77 171 217 217 68 68 217
173 92 92 237 33 237 33 33 33 33 33 33 33 33 33 157 94 66 66 187
77 171 217 217 68 68 217 100 238 161 54 100 238 20 20 20 169 169 176 173
100 238 77 171 217 217 68 68 217 100 238 161 54 100 238 20 20 20 176 169
