489 73 591 489 73 1344 489 73 591 489 489 73 591 489 489 73 591 489 489 73
489 73 1344 489 73 934 118 489 605 934 118 489 73 591 489 73 1344 489 605 591
118 1544 181 591 1544 181 1344 1544 181 591 1544 1544 181 591 1544 1544 181 591 1544 1544
205 381 381 1233 1950 1950 205 381 205 381 1950 591 489 73 1344 1309 118 73 1344 1309
934 118 489 605 934 118 1950 489 605 934 489 73 1344 489 605 591 489 489 605 591
1309 489 73 1950 1344 1309 118 73 1344 1309 118 73 1344 118 73 934 118 118 73 205
1544 181 934 118 1544 181 934 118 1544 181 591 1544 181 1344 1544 181 591 1544 1544 181
1001 590 590 1233 1950 1950 1950 591 489 73 1344 1309 489 605 1344 1309 489 73 1344 489
1233 1950 1950 1950 591 489 73 1344 1309 489 73 1344 1309 489 73 1344 489 73 934 118
489 73 591 118 489 73 591 489 1950 591 489 605 1344 1309 489 605 1344 1309 489 605
381 205 381 1233 1950 1001 1950 591 489 73 1344 1309 489 73 1344 1309 489 73 1344 489
1950 1950 1233 1001 1001 590 590 1233 1950 1950 1950 591 489 73 1344 1309 489 605 1344 1309
118 489 73 591 489 1233 1950 73 1344 489 73 591 489 489 605 205 381 205 381 73
1309 1544 73 1344 1544 605 934 118 1544 73 934 118 1544 73 591 1544 73 1344 1544 73
590 590 1233 1950 1950 1950 591 489 73 1344 1309 489 73 1344 1309 489 73 1344 489 73
1233 1950 1001 1001 590 590 1001 1001 590 590 1233 1950 1950 1950 591 489 73 1344 1309 489
1344 1309 118 73 1344 1309 118 73 1344 118 73 934 118 118 73 205 1950 381 1233 934
590 1233 1950 1950 1950 591 489 73 1344 1309 489 73 1344 1309 489 73 1344 489 73 934
590 590 1233 1950 1950 591 489 73 1344 1309 489 73 1344 1309 489 73 1344 489 605 934
591 489 489 1309 591 489 73 1344 489 73 934 118 489 73 934 118 489 73 591 489
73 489 1309 1544 73 1344 1544 605 934 118 1544 73 934 118 1544 73 591 1544 73 1344
1950 591 489 73 1344 1309 489 73 1344 1309 489 73 591 489 489 73 934 118 489 73
591 489 73 1344 1309 489 73 1344 1309 489 73 1344 489 73 934 118 489 73 591 118
73 1344 1309 489 73 1344 1309 489 73 1344 489 73 934 118 489 73 934 489 489 73
1950 1233 1950 1001 1001 590 590 1233 1950 1950 591 489 73 1344 1309 489 73 1344 1309 489
489 605 934 118 489 605 591 489 73 1344 489 605 591 489 489 605 1233 1950 591 489
1950 1001 1001 590 590 1001 1001 590 590 1233 1950 1950 1950 591 489 73 1344 1309 489 73
1344 489 73 934 118 489 73 591 118 489 73 591 489 1950 591 489 605 1344 1309 489
1950 591 489 73 1344 1309 489 73 1344 1309 489 73 1344 489 73 934 118 489 73 205
381 381 1233 1950 1950 205 381 205 381 1950 591 489 73 1344 1309 118 73 1344 1309 489
73 1344 118 73 934 118 118 73 205 1950 381 1233 934 118 118 1309 1309 118 205 381
489 605 1950 934 118 489 73 591 489 73 1344 489 73 591 489 489 605 591 489 489
1950 1950 1233 1001 1001 590 590 1001 1001 590 590 1233 1950 1950 1950 591 489 73 1344 1309
1950 1950 1950 591 489 73 1344 1309 489 73 1344 1309 489 73 591 489 489 73 934 118
1950 1233 1001 1001 590 590 1233 1950 1950 591 489 73 1344 1309 489 605 1344 1309 489 73
1001 1001 1950 1001 1001 590 590 1233 1950 1950 605 489 181 1344 1309 489 181 605 1309 489
590 590 1233 1950 1950 1950 591 489 73 1344 1309 489 605 605 1309 489 73 1344 489 605
1001 1001 590 590 1233 1950 1950 1950 591 489 73 1344 1309 489 73 1344 1309 489 73 1344
1233 1001 1001 590 590 1950 205 205 381 381 1233 1950 1950 205 381 205 381 1950 591 489
1309 118 73 1344 1309 489 73 1344 489 73 934 118 489 73 205 381 205 381 934 118
1233 1950 1950 1950 591 489 73 1344 1309 489 605 1344 1309 489 73 1344 489 605 934 118
1344 1309 489 73 1344 489 73 934 118 489 73 934 118 489 73 591 489 73 1344 489
1344 1309 489 73 1344 489 605 934 118 489 605 1950 934 118 489 73 591 489 73 1344
1233 1001 1001 590 590 1233 1950 1001 1950 591 489 73 1344 1309 489 73 1344 1309 489 73
1950 1950 591 489 73 1344 1309 489 605 1344 1309 489 73 1344 489 73 934 118 489 73
934 118 489 73 934 118 489 73 591 489 73 1344 489 73 591 489 489 73 591 489
1001 1001 590 590 1233 1950 1950 1950 591 489 73 1344 1309 489 605 1344 1309 489 73 1344
1001 590 590 1233 1950 1950 591 489 181 1344 1309 489 181 605 1309 489 181 1344 489 181
1001 1001 590 590 1001 1001 590 590 1233 1950 1950 1950 591 489 73 1344 1309 489 605 1344
381 381 1233 1950 1950 205 381 205 381 1950 591 489 73 1344 1309 118 73 1344 1309 489
489 605 934 118 489 605 591 489 73 1344 489 605 591 489 489 605 1233 1950 591 489
118 489 73 591 489 73 1344 489 73 591 489 489 73 205 381 205 381 73 1344 489
205 381 205 381 1233 1950 1001 1950 591 489 73 1344 1309 489 73 1344 1309 489 73 1344
1950 1233 1950 1001 1001 590 590 1233 1950 1950 591 489 73 1344 1309 489 73 1344 1309 489
590 1001 1001 590 590 1233 1950 1950 1950 591 489 73 1344 1309 489 73 1344 1309 489 73
73 591 489 73 1344 489 73 591 489 489 73 591 489 489 73 591 489 489 73 591
73 1344 1309 489 73 1344 489 73 934 118 489 73 934 118 489 73 591 489 73 1344
73 934 118 489 73 934 118 489 73 591 489 73 1344 489 73 591 489 489 73 591
118 205 381 73 1344 118 1309 1233 1950 1309 489 489 73 205 381 73 1344 489 73 205
489 591 591 489 73 1344 489 73 934 118 489 73 934 118 489 73 591 489 73 1344
1344 1309 489 73 1344 1309 489 73 1344 489 73 934 118 489 73 934 118 489 73 591
590 590 1950 205 381 205 381 1233 1950 1344 1950 591 489 73 1344 1309 489 73 1344 1309
590 1233 1950 1950 1950 591 489 73 1344 1309 489 605 605 1309 489 73 1344 489 605 934
1309 489 73 1344 489 605 934 118 489 605 934 118 489 605 591 489 73 1344 489 605
1001 1950 1233 1950 1001 1001 590 590 1001 1001 590 590 1233 1950 1950 1950 591 489 73 1344
1001 1950 1233 1950 1001 1001 590 590 1001 1001 590 590 1233 1950 1950 1950 591 489 73 1344
1344 1309 489 73 1344 1309 489 73 1344 489 73 934 118 489 73 934 118 489 73 591
1001 590 590 1001 1001 590 590 1233 1950 1950 1950 591 489 73 1344 1309 489 73 1344 1309
489 605 934 118 1950 489 605 934 489 73 1344 489 605 591 489 489 605 591 489 489
590 590 1233 1950 1950 1950 591 489 73 1344 1309 489 73 1344 1309 489 73 1344 489 73
381 73 1344 118 1309 1233 1950 1309 489 489 73 205 381 73 1344 489 73 205 381 73
489 605 1344 1309 489 73 1344 489 73 934 118 489 73 934 118 489 73 591 489 73
1950 1233 1950 1001 1001 590 590 1001 1001 590 590 1233 1950 1950 1950 591 489 73 1344 1309
73 1344 1309 489 73 1344 489 73 934 118 489 73 1233 1950 1950 591 118 489 73 591
489 605 1344 1309 489 73 1344 489 73 934 118 489 605 934 118 489 73 591 489 73
381 1950 591 489 73 1344 591 118 73 1344 1309 489 73 1344 489 73 934 118 489 73
489 73 1344 489 73 934 118 489 605 934 118 489 73 591 489 73 1344 489 605 591
1233 1950 1950 591 489 73 1344 1309 489 73 1344 1309 489 73 1344 489 605 934 118 489
489 73 1344 489 605 591 489 489 605 591 489 489 73 591 489 489 605 591 489 489
1001 1950 1950 1233 1001 1001 590 590 1233 1950 1950 1950 591 489 73 1344 1309 489 605 1344
1001 590 590 1950 205 381 205 381 1233 1950 1001 1950 591 489 73 1344 1309 489 73 1344
489 73 1344 1309 489 605 1344 1309 489 73 1344 489 605 934 118 489 605 934 118 489
934 118 489 605 1950 934 118 489 73 591 489 73 1344 489 73 591 489 489 605 591
1344 489 73 934 118 489 73 934 118 489 73 591 489 73 1344 489 73 591 489 489
118 489 73 934 118 489 73 591 489 73 1344 489 73 591 489 489 73 591 489 489
489 73 1344 1309 489 73 1344 1309 489 73 1344 489 73 934 118 489 73 591 118 489
591 489 73 1344 489 73 591 489 489 73 591 489 489 73 591 489 489 73 591 489
73 1344 489 73 934 118 489 73 934 118 489 73 591 489 73 1344 489 73 591 489
1001 1001 590 590 1233 1950 1950 1950 591 489 73 1344 1309 489 605 1344 1309 489 73 1344
73 591 489 489 605 205 381 205 381 73 1344 489 73 591 489 489 73 205 381 205
1233 1001 1001 590 590 1950 205 205 381 381 1233 1950 1950 205 381 205 381 1950 591 489
1309 489 73 1344 489 605 934 118 489 605 591 118 489 605 591 489 73 1344 489 605
1950 1233 1950 1001 1001 590 590 1001 1001 590 590 1233 1950 1950 1950 591 489 73 1344 1309
1233 1950 1950 591 489 73 489 591 489 489 591 591 489 73 1344 489 73 934 118 489
1544 181 1344 1309 1544 181 489 1309 1544 181 1344 1544 181 934 118 1544 181 934 118 1544
489 73 591 489 591 381 73 381 73 1344 489 73 591 489 489 73 205 381 591 381
118 489 605 591 489 73 1344 489 605 591 489 489 605 591 489 489 73 591 489 489
934 118 489 73 591 489 73 1344 489 73 591 489 489 73 591 489 489 73 591 489
1950 1233 1950 1001 1001 590 590 1233 1950 1950 591 489 73 1344 1309 489 73 1344 1309 489
1950 1001 1001 590 590 1950 591 489 73 1344 1309 489 73 1344 1309 489 73 1344 489 73
1309 489 605 1344 1309 489 73 1344 489 73 934 118 489 73 934 118 489 73 591 489
489 73 1344 489 73 934 118 489 73 934 118 489 73 591 489 73 1344 489 73 591
73 1344 1309 489 73 1344 1309 489 73 1344 489 73 934 118 489 73 1950 934 118 489
73 591 489 73 1344 489 73 591 489 489 73 591 489 489 73 591 489 489 73 591
934 118 489 73 591 489 73 1344 489 73 591 489 489 73 591 489 489 73 591 489
181 934 118 1544 181 591 1544 181 1344 1544 181 591 1544 1544 181 591 1544 1544 181 591
73 1344 1309 489 73 1344 489 73 934 118 489 73 934 118 489 73 591 489 73 1344
1544 181 591 1544 181 1344 1544 181 591 1544 1544 181 591 1544 1544 181 591 1544 1544 181
1001 590 590 1950 1233 1950 1950 591 489 73 489 591 489 489 1309 591 489 73 1344 489
1344 1309 489 73 1344 489 73 934 118 489 73 205 381 205 381 934 118 489 73 591
1950 381 1233 934 118 489 1309 1309 118 205 381 73 1344 118 1309 1233 1950 1309 489 489
590 590 1950 591 489 73 1344 1309 489 73 1344 1309 489 73 1344 489 73 934 118 489
1950 1950 1233 1001 1001 590 590 1233 1950 381 1950 591 489 73 1344 1309 489 605 1344 1309
73 934 118 489 73 934 118 489 73 591 489 73 1344 489 73 591 489 489 73 591
73 591 1544 73 1344 1544 73 591 489 489 73 591 489 1544 73 591 489 489 73 591
1950 1233 1001 1001 590 590 1233 1950 381 1950 591 489 73 1344 1309 489 73 1344 1309 489
118 205 381 73 1344 118 1309 1233 1950 1309 489 489 73 205 381 73 1344 489 73 205
73 934 118 489 73 934 118 489 73 591 489 73 1344 489 73 591 489 489 73 591
1950 591 489 73 1344 1309 489 73 1344 1309 489 73 1344 489 73 934 118 489 73 205
489 73 591 489 73 1344 489 73 591 489 489 605 591 489 489 73 591 489 489 73
1950 1950 1950 591 489 73 1344 1309 489 73 1344 1309 489 73 1344 489 73 934 118 489
1950 1233 1950 1001 1001 590 590 1001 1001 590 590 1233 1950 1950 1950 591 489 73 1344 1309
489 73 1344 489 73 934 118 489 73 934 118 489 73 591 489 73 1344 489 73 591
1950 591 1544 181 1344 1309 1544 181 591 1309 1544 181 1344 1544 181 934 118 1544 181 934
73 934 118 489 73 591 118 489 73 591 489 1950 591 489 605 1344 1309 489 605 1344
73 1344 489 73 591 489 489 73 591 489 489 73 591 489 489 73 591 489 489 73
118 489 73 591 489 73 1344 489 605 591 489 489 73 591 489 489 73 591 489 489
1344 1309 489 73 1344 1309 489 73 1344 489 73 934 118 489 73 934 118 489 73 591
1950 489 605 591 489 73 1344 489 605 591 489 489 605 591 489 489 73 591 489 489
1950 1950 1233 1001 1001 590 590 1233 1950 1950 1950 591 489 73 1344 1309 489 73 1344 1309
1950 1950 1950 591 489 73 1344 1309 489 605 1344 1309 489 73 1344 489 605 934 118 489
1309 1544 181 1344 1544 181 934 118 1544 181 934 118 1544 181 591 1544 181 1344 1544 181
591 489 73 1344 1309 489 605 1344 1309 489 73 1344 489 73 934 118 489 605 934 118
73 1344 1309 489 73 73 1309 489 73 1344 489 73 934 118 489 73 591 118 489 73
590 1233 1950 1950 591 489 73 1344 1309 489 73 1344 1309 489 73 1344 489 605 934 118
1950 591 1544 181 1344 1309 1544 181 591 1309 1544 181 1344 1544 181 934 118 1544 181 934
1950 1233 1001 1001 590 590 1233 1950 1950 1950 591 489 73 1344 1309 489 73 1344 1309 489
1309 489 73 1344 489 605 934 118 489 605 934 118 1950 489 605 591 489 73 1344 489
73 1344 1309 118 73 1344 1309 489 73 1344 489 73 934 118 489 73 205 381 205 381
1233 1950 1950 1344 1950 591 489 73 1344 1309 489 73 1344 1309 489 73 1344 489 73 934
489 73 1344 489 605 934 118 489 73 1950 934 118 489 73 591 489 73 1344 489 73
605 934 118 489 605 1950 934 118 489 73 591 489 73 1344 489 73 591 489 489 605
1001 590 590 1233 1950 1950 591 489 73 1344 1309 489 605 1344 1309 489 73 1344 489 605
590 1233 1950 1950 1950 591 489 73 1344 1309 489 73 1344 1309 489 73 1344 489 73 934
1001 590 590 1233 1950 1950 1950 591 489 73 1344 1309 489 605 1344 1309 489 73 1344 489
1001 1001 590 590 1001 1001 590 590 1233 1950 1950 1950 591 489 73 1344 1309 489 73 489
1233 1950 1001 1001 590 590 1233 1950 1950 1950 591 489 73 1344 1309 489 73 1344 1309 489
590 590 1233 1950 1950 591 489 73 1344 1309 489 73 1344 1309 489 73 1344 489 605 934
591 489 489 1309 591 489 73 1344 489 73 934 118 489 73 934 118 489 73 591 489
73 1344 1309 489 73 1344 1309 489 73 1344 489 73 934 118 489 73 934 118 489 73
1344 1309 489 73 1344 489 73 934 118 489 73 205 381 205 381 934 118 489 73 591
1233 1001 1001 590 590 1233 1950 1950 1950 591 489 73 1344 1309 489 605 1344 1309 489 73
489 73 1344 489 73 934 118 489 73 934 118 489 73 591 489 73 1344 489 73 591
489 73 591 489 73 1344 489 73 591 489 489 73 591 489 489 73 591 489 489 73
590 1233 1950 1950 591 489 73 1344 1309 489 73 1344 1309 489 73 1344 489 73 934 118
590 1233 1950 1950 591 489 73 1344 1309 489 73 1344 1309 489 73 1344 489 605 934 118
489 73 934 118 489 73 934 118 489 73 591 489 73 1344 489 73 591 489 489 73
73 1344 489 73 591 489 489 73 591 489 489 73 591 489 489 73 591 489 489 73
1001 590 590 1001 1001 590 590 1233 1950 1950 1950 591 489 73 1344 1309 489 605 1344 1309
118 489 605 934 118 1950 489 605 934 489 73 1344 489 605 591 489 489 605 591 489
489 605 1344 1309 489 605 1344 1309 489 73 1344 489 605 934 118 489 605 934 118 489
1950 1233 1950 1950 591 489 73 489 591 489 489 591 591 489 73 1344 489 73 934 118
489 73 1344 1309 489 605 1344 1309 489 73 1344 489 73 934 118 489 605 934 118 489
489 605 934 118 489 605 934 118 489 605 591 489 73 1344 489 605 591 489 489 605
1233 1950 1950 1950 591 489 73 1344 1309 489 605 1344 1309 489 73 1344 489 73 934 118
489 605 591 489 73 1344 489 605 591 489 489 605 591 489 489 605 591 489 489 73
1001 1950 1950 1233 1001 1001 590 590 1001 1001 590 590 1233 1950 1344 1950 1309 489 73 1950
118 489 73 934 118 489 73 591 489 73 1344 489 73 591 489 489 73 591 489 489
73 1344 489 73 934 118 489 73 934 118 489 73 591 489 73 1344 489 73 591 489
1544 73 1344 1544 605 934 118 1544 73 934 118 1544 73 591 1544 73 1344 1544 73 591
73 1344 489 73 934 118 489 73 1233 1950 1950 934 118 489 73 591 489 73 1344 489
489 73 489 1309 1544 73 1344 1544 605 934 118 1544 73 934 118 1544 73 591 1544 73
1950 591 489 73 1344 1309 489 605 1344 1309 489 73 1344 489 605 934 118 489 605 1950
489 1950 591 489 605 1344 1309 489 605 1344 1309 489 605 1344 489 605 934 118 489 605
1950 591 1544 181 1344 1309 1544 181 591 1309 1544 181 1344 1544 181 934 118 1544 181 934
489 73 1344 489 73 591 489 489 73 591 489 489 73 591 489 489 73 591 489 489
73 1344 489 73 934 118 489 73 205 381 205 381 934 118 489 73 591 489 1233 1950
73 591 489 1233 1950 73 1344 489 73 591 489 489 605 205 381 205 381 73 1344 489
1344 489 73 934 118 489 73 934 118 489 73 591 489 73 1344 489 73 591 489 489
1950 591 489 73 1344 1309 489 605 1344 1309 489 73 1344 489 605 934 118 489 605 1950
73 1344 489 605 934 118 489 605 934 118 1950 489 605 591 489 73 1344 489 605 591
1001 590 590 1233 1950 1950 1950 591 489 73 1344 1309 489 73 1344 1309 489 73 1344 489
73 1344 489 73 934 118 489 73 934 118 489 73 591 489 73 1344 489 73 591 489
605 934 118 1544 73 934 118 1544 73 591 1544 73 1344 1544 73 591 489 1544 73 591
489 73 934 118 489 73 591 489 73 1344 489 73 591 489 489 73 591 489 489 73
591 489 73 1344 1309 489 73 1344 1309 489 73 1344 489 73 934 118 489 73 205 381
1950 1233 1001 1001 590 590 1001 1001 590 590 1233 1950 1344 1950 1309 489 73 1950 1344 1309
605 1344 1309 489 73 1344 489 73 934 118 489 605 934 118 489 73 591 489 73 1344
1001 590 590 1233 1950 1950 1950 591 489 73 1344 1309 489 73 1344 1309 489 73 1344 489
1344 489 605 934 118 489 605 934 118 1950 489 605 591 489 73 1344 489 605 591 489
1233 1950 1950 1950 591 489 73 1344 1309 489 73 1344 1309 489 73 1344 489 73 934 118
1309 489 73 1344 489 605 934 118 489 605 934 118 1950 489 605 591 489 73 1344 489
1950 1950 1233 1001 1001 590 590 1950 1233 1950 1950 591 489 73 489 591 489 489 1309 591
73 1344 1309 489 73 1344 489 73 934 118 489 73 1233 1950 1950 591 118 489 73 591
605 934 118 489 605 1950 934 118 489 73 591 489 73 1344 489 73 591 489 489 605
1309 489 605 1344 1309 489 73 1344 489 73 934 118 489 73 934 118 489 73 591 489
1001 1001 590 590 1001 1001 590 590 1233 1950 1950 1950 591 489 73 1344 1309 489 73 1344
590 590 1233 1950 1001 1950 1309 489 73 1950 1344 1309 489 73 1344 1309 489 73 1344 489
1950 1233 1001 1001 590 590 1001 1001 590 590 1233 1950 1950 1950 591 489 73 1344 1309 489
73 1344 489 73 934 118 489 73 934 118 489 73 591 489 73 1344 489 73 591 489
590 590 1950 591 205 381 381 1233 1950 1950 205 381 205 381 1950 591 489 73 1344 1309
1001 1001 590 590 1233 1950 1950 1950 591 489 73 1344 1309 489 73 1344 1309 489 73 1344
489 73 1344 1309 489 73 1344 489 73 934 118 489 73 934 118 489 73 591 489 73
590 590 1233 1950 1001 1950 1309 489 73 1950 1344 1309 489 73 1344 1309 489 73 1344 489
934 118 489 73 934 118 489 73 591 489 73 1344 489 73 591 489 489 73 591 489
118 1544 181 591 1544 181 1344 1544 181 591 1544 1544 181 591 1544 1544 181 591 1544 1544
73 1344 489 73 591 489 489 73 591 489 489 73 591 489 489 73 591 489 489 73
73 1344 1309 118 73 1344 1309 489 73 1344 489 73 934 118 489 73 205 381 205 381
1950 591 489 73 1344 1309 489 605 1344 1309 489 73 1344 489 73 934 118 489 605 934
489 73 1344 489 73 934 118 489 73 934 118 489 73 591 489 73 1344 489 73 591
489 73 1344 1309 1544 73 489 1309 1544 73 1344 1544 605 934 118 1544 73 934 118 1544
73 591 489 73 1344 489 73 591 489 489 73 591 489 489 73 591 489 489 73 591
489 73 1344 1309 489 605 1344 1309 489 73 1344 489 605 934 118 489 605 934 118 489
181 934 118 1544 181 591 1544 181 1344 1544 181 591 1544 1544 181 591 1544 1544 181 591
73 591 489 73 1344 489 73 591 489 489 73 591 489 489 73 591 489 489 73 591
1950 1233 1001 1001 590 590 1950 205 205 381 381 1233 1950 1950 205 381 205 381 1950 591
489 73 934 118 489 73 934 118 489 73 591 489 73 1344 489 73 591 489 489 73
1001 1950 1233 1950 1001 1001 590 590 1950 205 381 205 381 1233 1950 1950 1950 591 489 73
1233 1950 1950 1344 1950 591 489 73 1344 1309 489 73 1344 1309 489 73 1344 489 73 934
1344 118 1309 1233 1950 1309 489 489 73 205 381 73 1344 489 73 205 381 73 1344 489
1001 1001 590 590 1233 1950 1950 1950 591 489 73 1344 1309 489 73 1344 1309 489 73 1344
934 118 489 605 934 118 489 73 591 489 73 1344 489 605 591 489 489 605 591 489
118 489 73 934 489 73 1344 489 73 591 489 489 605 591 489 489 73 591 489 489
1950 1950 591 489 73 1344 1309 489 73 1344 1309 489 73 1344 489 73 934 118 489 73
489 73 1344 489 73 934 118 489 73 1950 934 118 489 73 591 489 591 381 73 381
73 934 118 489 73 934 489 73 1344 489 73 591 489 489 605 591 489 489 73 591
1950 591 489 73 1344 1309 118 73 1344 591 489 73 1344 489 73 934 118 489 73 205
1950 1950 1950 591 489 73 1344 1309 489 73 1344 1309 489 73 1344 489 73 934 118 489
934 118 489 73 591 489 73 1344 489 73 591 489 489 73 591 489 489 73 591 489
118 489 73 1233 1950 1950 934 118 489 73 591 489 73 1344 489 605 591 489 489 73
489 73 1344 1309 489 73 1344 1309 489 73 1344 489 73 934 118 489 73 934 118 489
73 934 118 489 73 205 381 205 381 934 118 489 73 591 489 73 1344 489 73 591
73 934 118 489 73 934 489 73 1344 489 73 591 489 489 605 591 489 489 73 591
118 489 605 934 118 489 605 591 489 73 1344 489 605 591 489 489 605 591 489 489
489 73 934 118 489 605 934 118 489 73 591 489 73 1344 489 605 591 489 489 605
1950 1001 1950 1309 489 73 1950 1344 1309 489 73 1344 1309 118 73 1344 489 73 934 118
489 73 1344 1309 489 73 1344 1309 489 73 591 489 489 73 934 118 489 73 934 118
591 489 73 489 591 489 1344 591 591 489 73 1344 489 73 934 118 489 73 934 118
118 489 605 591 118 489 605 591 489 73 1344 489 605 591 489 489 605 591 489 489
1233 1950 1950 591 489 73 1344 1309 489 73 1344 1309 489 73 1344 489 73 934 118 489
1309 489 73 1344 489 73 934 118 489 73 1233 1950 1950 934 118 489 73 591 489 73
73 934 118 489 73 205 381 205 381 934 118 489 73 591 489 1233 1950 73 1344 489
73 1344 489 73 934 118 489 73 934 118 489 73 591 489 73 1344 489 73 591 489
605 1344 1309 489 605 1344 1309 489 605 1344 489 605 934 118 489 605 934 118 489 605
1950 591 489 73 1344 1309 489 73 1344 1309 489 73 1344 489 73 934 118 489 73 934
489 73 934 118 489 73 934 118 489 73 934 489 73 1344 489 73 591 489 489 605
118 489 73 591 489 73 1344 489 73 591 489 489 73 591 489 489 73 591 489 489
73 1344 489 73 591 489 489 605 205 381 205 381 73 1344 489 73 591 489 489 73
73 934 118 489 73 1950 934 118 489 73 591 489 205 381 73 381 73 1344 489 73
1309 489 73 1344 1309 489 73 1344 489 73 934 118 489 73 934 118 489 73 591 489
1950 1950 1950 591 489 73 1344 1309 489 73 1344 1309 489 73 1344 489 73 934 118 489
489 73 1344 1309 489 73 1344 489 605 934 118 489 605 934 118 1950 489 605 591 489
489 73 1344 489 73 591 489 489 73 591 489 489 73 591 489 489 73 591 489 489
1950 1950 1950 591 489 73 1344 1309 489 605 1344 1309 489 73 1344 489 73 934 118 489
1309 489 73 1344 1309 489 73 1344 489 73 934 118 489 73 205 381 205 381 934 118
1950 1233 1950 1001 1001 590 590 1001 1001 590 590 1233 1950 1950 1950 591 489 73 1344 1309
1001 1950 1950 1950 1233 1001 1001 590 590 1950 205 205 381 381 1233 1950 1950 205 381 205
73 934 489 73 1344 489 73 591 489 489 605 591 489 489 73 591 489 489 73 591
1233 1950 73 1344 489 73 591 489 489 605 205 381 205 381 73 1344 489 73 591 489
1309 489 73 1344 489 605 934 118 489 605 934 118 1950 489 605 591 489 73 1344 489
1233 1950 1950 591 489 181 1344 1309 1544 181 605 1309 1544 181 1344 1544 181 605 118 1544
489 73 934 118 489 73 934 118 489 73 591 489 73 1344 489 73 591 489 489 73
489 73 1344 489 605 934 118 489 605 934 118 489 605 591 489 73 1344 489 605 591
1309 489 73 1344 1309 489 73 1344 489 73 934 118 489 73 1233 1950 1950 591 118 489
1309 118 73 1344 1309 489 73 1344 489 73 934 118 489 73 205 381 205 381 934 118
1233 1001 1001 590 590 1233 1950 1001 1950 591 489 73 1344 1309 489 73 1344 1309 489 73
1309 489 73 1344 1309 489 73 1344 489 73 934 118 489 73 1950 934 118 489 73 591
489 73 934 118 489 73 591 489 73 1344 489 73 591 489 489 605 591 489 489 73
1344 1309 489 73 1344 489 73 934 118 489 73 934 118 489 73 591 489 73 1344 489
1001 1950 1233 1950 1001 1001 590 590 1233 1950 1950 1950 591 489 73 1344 1309 489 73 1344
73 934 118 489 73 934 118 489 73 934 489 73 1344 489 73 591 489 489 605 591
1233 1950 1950 1950 591 489 73 1344 1309 489 73 489 1309 489 73 1344 489 605 934 118
934 118 489 73 591 489 73 1344 489 73 591 489 489 73 591 489 489 73 591 489
489 1950 591 489 605 1344 1309 489 605 1344 1309 489 605 1344 489 605 934 118 489 605
118 205 381 73 1344 118 1309 1233 1950 1309 489 489 73 205 381 73 1344 489 73 205
489 73 1344 1309 489 73 1344 489 73 934 118 489 73 934 118 489 73 591 489 73
1950 1950 1950 591 489 73 1344 1309 489 73 1344 1309 489 73 591 489 489 73 934 118
1001 1950 1233 1950 1001 1001 590 590 1233 1950 1950 591 489 73 1344 1309 489 73 1344 1309
73 934 118 489 73 934 118 489 73 591 489 73 1344 489 73 591 489 489 73 591
1001 590 590 1233 1950 1001 1950 1309 489 73 1950 1344 1309 489 73 1344 1309 489 73 1344
1950 934 118 489 73 591 489 591 381 73 381 73 1344 489 73 591 489 489 73 205
1344 489 73 591 489 489 73 205 381 205 381 73 1344 489 73 205 381 205 381 73
489 73 591 489 73 1344 489 73 591 489 489 73 591 489 489 73 591 489 489 73
1001 590 590 1233 1950 1950 1950 591 489 73 1344 1309 489 73 1344 1309 489 73 591 489
1950 1950 591 489 73 1344 1309 489 605 1344 1309 489 73 1344 489 605 934 118 489 605
1001 1001 590 590 1233 1950 1950 1950 591 489 73 1344 1309 489 605 605 1309 489 73 1344
73 591 118 489 73 591 489 1950 591 489 605 1344 1309 489 605 1344 1309 489 605 1344
489 73 1344 1309 489 73 1344 489 73 934 118 489 73 934 118 489 73 591 489 73
118 489 73 591 489 73 1344 489 73 591 489 489 73 591 489 489 73 591 489 489
1950 1233 1001 1001 590 590 1233 1950 381 1950 591 489 73 1344 1309 489 73 1344 1309 489
1233 1950 1001 1001 590 590 1950 591 489 73 1344 1309 489 73 1344 1309 489 73 1344 489
489 73 591 118 489 73 591 489 1950 591 489 605 1344 1309 489 605 1344 1309 489 605
934 118 489 73 591 118 489 73 591 489 1950 591 489 605 1344 1309 489 605 1344 1309
1344 489 73 934 118 489 73 934 118 489 73 591 489 73 1344 489 73 591 489 489
118 489 73 1950 934 118 489 73 591 489 205 381 73 381 73 1344 489 73 591 489
489 605 934 118 489 73 1950 934 118 489 73 591 489 73 1344 489 73 591 489 489
591 489 73 1344 489 73 591 489 489 73 205 381 205 381 73 1344 489 73 205 381
1001 1950 1950 1233 1001 1001 590 590 1950 1233 1950 1950 591 489 73 489 591 489 489 1309
1001 1950 1950 1233 1001 1001 590 590 1233 1950 1950 1950 591 489 73 1344 1309 489 73 1344
73 934 118 489 73 1950 934 118 489 73 591 489 205 381 73 381 73 1344 489 73
1950 1233 1950 1001 1001 590 590 1950 205 381 205 381 1233 1950 1950 1950 591 489 73 1344
1309 489 73 1344 489 73 934 118 489 73 934 118 489 73 934 489 73 1344 489 73
489 73 1344 1309 489 73 1344 1309 489 73 1344 489 73 934 118 489 73 1950 934 118
73 1344 489 605 591 489 489 605 591 489 489 73 591 489 489 605 591 489 489 605
591 489 489 1309 591 489 73 1344 489 73 934 118 489 73 934 118 489 73 591 489
489 73 1344 1309 489 605 1344 1309 489 73 1344 489 605 934 118 489 605 1950 934 118
1344 1309 489 73 1344 489 73 934 118 489 73 934 118 489 73 591 489 73 1344 489
934 118 489 73 934 118 489 73 591 489 73 1344 489 73 591 489 489 73 591 489
1001 1950 1950 1950 1233 1001 1001 590 590 1950 205 205 381 381 1233 1950 1950 205 381 205
489 73 205 381 205 381 934 118 489 73 591 489 1233 1950 73 1344 489 73 591 489
73 1344 1309 489 73 1344 1309 489 73 1344 489 73 934 118 489 73 1950 934 118 489
73 934 489 73 1344 489 73 591 489 489 605 591 489 489 73 591 489 489 73 591
489 1309 1544 181 1344 1544 181 934 118 1544 181 934 118 1544 181 591 1544 181 1344 1544
73 1344 1309 489 73 1344 489 73 934 118 489 73 1950 934 118 489 73 591 489 205
489 73 1950 934 118 489 73 591 489 591 381 73 381 73 1344 489 73 591 489 489
381 1233 934 118 489 1309 1309 118 205 381 73 1344 118 1309 1233 1950 1309 489 489 73
489 73 205 381 205 381 934 118 489 73 591 489 1233 1950 73 1344 489 73 591 489
1001 590 590 1001 1001 590 590 1233 1950 1344 1950 1309 489 73 1950 1344 1309 489 73 1344
590 590 1001 1001 590 590 1233 1950 1344 1950 1309 489 73 1950 1344 1309 489 73 1344 1309
1001 590 590 1233 1950 1950 591 489 181 1344 1309 489 181 605 1309 489 181 1344 489 181
591 489 73 1344 1309 489 73 1344 1309 489 73 1344 489 73 934 118 489 73 205 381
1001 1001 1950 1001 1001 590 590 1233 1950 1950 605 489 181 1344 1309 489 181 605 1309 489
1233 1950 1001 1950 1309 489 73 1950 1344 1309 489 73 1344 1309 489 73 1344 489 73 934
1950 1001 1950 591 489 73 1344 1309 489 73 1344 1309 489 73 1344 489 73 934 118 489
1950 1950 1950 591 489 73 1344 1309 489 605 1344 1309 489 73 1344 489 73 934 118 489
1950 1001 1001 590 590 1950 591 489 73 1344 1309 489 73 1344 1309 489 73 1344 489 73
489 73 1344 1309 1544 73 489 1309 1544 73 1344 1544 605 934 118 1544 73 934 118 1544
489 73 205 381 205 381 934 118 489 73 591 489 73 1344 489 73 591 489 489 73
1950 591 489 73 1344 1309 489 73 1344 1309 489 73 1344 489 605 934 118 489 605 934
73 1344 1309 489 73 1344 489 73 934 118 489 73 934 118 489 73 591 489 73 1344
1001 590 590 1233 1950 1950 1950 591 489 73 1344 1309 489 605 1344 1309 489 73 1344 489
1233 934 118 489 1309 1309 118 205 381 73 1344 118 1309 1233 1950 1309 489 489 73 205
590 1233 1950 1950 1950 591 489 73 1344 1309 489 605 1344 1309 489 73 1344 489 605 934
605 934 118 489 73 591 489 73 1344 489 605 591 489 489 605 591 489 489 73 591
590 590 1950 591 489 73 1344 1309 489 73 1344 1309 489 73 1344 489 73 934 118 489
1233 1950 1950 934 118 489 73 591 489 73 1344 489 605 591 489 489 73 591 489 489
489 73 1344 489 73 591 489 489 73 205 381 205 381 73 1344 489 73 205 381 205
1001 590 590 1001 1001 590 590 1233 1950 1344 1950 1309 489 73 1950 1344 1309 489 73 1344
934 118 489 73 934 118 489 73 591 489 73 1344 489 73 591 489 489 73 591 489
1233 1001 1001 590 590 1001 1001 590 590 1233 1950 1344 1950 1309 489 73 1950 1344 1309 489
1950 1950 591 489 73 1344 1309 489 73 1344 1309 489 73 1344 489 73 934 118 489 73
489 73 1344 1309 489 73 1344 1309 489 73 1344 489 73 934 118 489 73 1950 934 118
1309 489 605 1344 489 605 934 118 489 605 934 118 489 605 591 489 605 1344 489 605
489 73 1344 1309 489 73 1344 1309 489 73 1344 489 605 934 118 489 605 934 118 1950
1950 1233 1950 1950 1344 1950 591 489 73 1344 1309 489 73 1344 1309 489 73 1344 489 73
590 1233 1950 1950 591 489 181 1344 1309 489 181 605 1309 1544 181 1344 1544 181 605 118
1233 1001 1001 590 590 1233 1950 1950 1950 591 489 73 1344 1309 489 605 1344 1309 489 73
934 118 489 73 591 489 73 1344 489 73 591 489 489 73 205 381 205 381 73 1344
1344 489 605 934 118 489 605 934 118 489 605 591 489 73 1344 489 605 591 489 489
1950 1950 1950 591 489 73 1344 1309 489 605 1344 1309 489 73 1344 489 73 934 118 489
118 489 605 591 118 489 605 591 489 73 1344 489 605 591 489 489 605 591 489 489
605 1309 489 73 1344 489 605 934 118 489 605 934 118 489 605 591 489 73 1344 489
73 934 118 489 73 934 118 489 73 591 489 73 1344 489 73 591 489 489 73 591
1950 1309 489 73 1950 1344 1309 118 73 1344 1309 118 73 1344 118 73 934 118 118 73
118 489 605 934 118 489 605 591 489 73 1344 489 605 591 489 489 605 591 489 489
118 489 73 591 489 73 1344 489 73 591 489 489 73 591 489 489 73 591 489 489
73 1344 1309 489 73 1344 1309 489 73 1344 489 73 934 118 489 73 934 489 489 73
1344 1309 489 73 1344 1309 489 73 1344 489 73 934 118 489 73 934 118 489 73 591
605 934 118 489 605 591 489 73 1344 489 605 591 489 489 605 591 489 489 73 591
73 1344 1309 489 73 1344 1309 489 73 1344 489 73 934 118 489 73 205 381 205 381
1233 1950 1001 1001 590 590 1001 1001 590 590 1233 1950 1950 1950 591 489 73 1344 1309 489
118 489 73 591 489 73 1344 489 73 591 489 489 73 591 489 489 73 591 489 489
934 118 489 73 591 489 73 1344 489 73 591 489 489 73 591 489 489 73 591 489
1001 1950 1309 489 73 1950 1344 1309 489 73 1344 1309 118 73 1344 118 73 934 118 118
73 591 489 73 1344 489 73 591 489 489 73 591 489 489 73 591 489 489 73 591
1950 1233 1950 1001 1001 590 590 1001 1001 590 590 1233 1950 1950 1950 591 489 73 1344 1309
205 381 205 381 1950 591 489 73 1344 1309 118 73 1344 1309 489 73 1344 489 73 934
591 489 73 1344 1309 489 73 1344 1309 489 73 1344 489 73 934 118 489 73 591 118
1950 1001 1001 590 590 1001 1001 590 590 1233 1950 1950 1950 591 489 73 1344 1309 489 73
489 73 1344 1309 489 73 1344 1309 489 73 1344 489 73 934 118 489 73 934 118 489
1344 489 73 934 118 489 73 1950 934 118 489 73 591 489 591 381 591 381 73 1344
1950 1950 1233 1001 1001 590 590 1233 1950 381 1950 591 489 73 1344 1309 489 73 1344 1309
489 605 591 489 73 1344 489 605 591 489 489 605 591 489 489 73 591 489 489 73
118 489 73 591 489 73 1344 489 73 591 489 489 73 591 489 489 73 591 489 489
1001 590 590 1233 1950 1950 1950 591 489 73 1344 1309 489 73 1344 1309 489 73 1344 489
1309 489 605 605 1309 489 73 1344 489 605 934 118 489 605 934 118 489 605 591 489
934 118 489 73 591 489 591 381 73 381 73 1344 489 73 591 489 489 73 205 381
1950 591 1544 181 1344 1309 1544 181 591 1309 1544 181 1344 1544 181 934 118 1544 181 934
591 1544 73 1344 1544 73 591 489 489 73 591 489 1544 73 591 489 489 73 591 489
934 118 489 605 934 118 489 605 591 489 73 1344 489 605 591 489 489 605 591 489
489 605 934 118 489 605 934 118 489 605 591 489 605 1344 489 605 591 489 489 605
1233 1950 1950 1950 591 489 73 1344 1309 489 605 1344 1309 489 73 1344 489 605 934 118
118 489 605 591 489 73 1344 489 605 591 489 489 605 1233 1950 591 489 489 605 591
118 1544 181 591 1544 181 1344 1544 181 591 1544 1544 181 591 1544 1544 181 591 1544 1544
489 73 1344 1309 489 73 1344 489 605 934 118 489 605 934 118 1950 489 605 591 489
489 73 1950 1344 1309 118 73 1344 1309 118 73 1344 118 73 934 118 118 73 205 1950
1344 1309 489 73 1344 489 73 934 118 489 73 205 381 205 381 934 118 489 73 591
489 73 591 489 73 1344 489 73 591 489 489 73 591 489 489 73 591 489 489 73
605 591 118 489 605 591 489 73 1344 489 605 591 489 489 605 591 489 489 605 591
1001 1001 590 590 1950 591 489 73 1344 1309 489 73 1344 1309 489 605 1344 489 605 934
118 1544 73 591 1544 73 1344 1544 73 591 489 1544 73 591 489 1544 73 591 489 489
1001 1950 1233 1950 1001 1001 590 590 1950 205 381 205 381 1233 1950 1950 1950 591 489 73
1344 489 605 934 118 489 605 934 118 489 605 591 489 605 1344 489 605 591 489 489
1001 1950 1233 1950 1001 1001 590 590 1233 1950 1950 1950 591 489 73 1344 1309 489 73 1344
934 118 489 605 934 118 489 605 591 489 73 1344 489 605 591 489 489 605 1233 1950
489 605 1344 489 605 934 118 489 605 934 118 489 605 591 489 605 1344 489 605 591
1233 1001 1001 590 590 1233 1950 1950 1950 591 489 73 1344 1309 489 73 1344 1309 489 73
118 489 73 934 118 489 73 591 489 73 1344 489 73 591 489 489 73 591 489 489
1950 1233 1001 1001 590 590 1233 1950 1950 1950 591 489 73 1344 1309 489 73 1344 1309 489
489 73 1344 489 605 934 118 489 605 934 118 489 605 591 489 73 1344 489 605 591
1001 1001 590 590 1233 1950 1950 1950 591 489 73 1344 1309 489 605 1344 1309 489 73 1344
934 118 489 605 934 118 489 73 591 489 73 1344 489 605 591 489 489 605 591 489
489 73 934 118 489 73 591 489 73 1344 489 73 591 489 489 73 591 489 489 73
73 1344 489 73 591 489 489 73 205 381 205 381 73 1344 489 73 205 381 205 381
1233 1950 1950 205 381 205 381 1950 591 489 73 1344 1309 118 73 1344 1309 489 73 1344
1950 1950 591 489 73 1344 1309 489 605 1344 1309 489 73 1344 489 73 934 118 489 605
73 1344 489 605 934 118 489 605 934 118 489 605 591 489 73 1344 489 605 591 489
118 1544 181 591 1544 181 1344 1544 181 591 1544 1544 181 591 1544 1544 181 591 1544 1544
1309 489 73 1344 1309 489 73 1344 489 73 934 118 489 73 934 118 489 73 591 489
934 118 489 73 591 118 489 73 591 489 1950 591 489 605 1344 1309 489 605 1344 1309
489 73 1344 1309 489 605 1344 1309 489 73 1344 489 73 934 118 489 605 934 118 489
1950 205 381 205 381 1233 1950 1001 1950 591 489 73 1344 1309 489 73 1344 1309 489 73
1950 934 118 489 73 591 489 73 1344 489 73 591 489 489 605 591 489 489 73 591
590 590 1233 1950 1950 1950 591 489 73 1344 1309 489 73 1344 1309 489 73 1344 489 73
590 1233 1950 1233 1950 1950 1001 1950 591 489 73 1344 1309 489 73 1344 1309 489 73 1344
1344 1309 489 73 1344 1309 489 73 1344 489 73 934 118 489 73 934 118 489 73 591
73 1344 1309 489 73 1344 489 73 934 118 489 73 205 381 205 381 934 118 489 73
1309 489 605 605 1309 489 73 1344 489 605 934 118 489 605 934 118 489 605 591 489
1344 1309 489 73 1344 489 73 934 118 489 73 205 381 205 381 934 118 489 73 591
489 605 934 118 489 605 934 118 1950 489 605 591 489 73 1344 489 605 591 489 489
934 118 489 605 934 118 489 605 591 489 73 1344 489 605 591 489 489 605 1233 1950
1950 1950 1233 1001 1001 590 590 1001 1001 590 590 1233 1950 1950 1950 591 489 73 1344 1309
1001 1001 590 590 1233 1950 1950 1950 591 489 73 1344 1309 489 605 605 1309 489 73 1344
1344 489 73 934 118 489 73 591 118 489 73 591 489 1950 591 489 605 1344 1309 489
118 489 605 934 118 489 73 591 489 73 1344 489 605 591 489 489 605 591 489 489
489 73 1344 1309 489 73 1344 489 73 934 118 489 73 205 381 205 381 934 118 489
73 591 489 591 381 73 381 73 1344 489 73 591 489 489 73 205 381 591 381 73
73 934 118 489 73 591 489 73 1344 489 73 591 489 489 73 591 489 489 73 591
118 73 1344 1309 489 73 1344 489 73 934 118 489 73 205 381 205 381 934 118 489
73 1344 1309 489 73 1344 1309 489 73 1344 489 73 934 118 489 73 934 489 489 73
605 591 489 605 1344 489 605 591 489 489 605 1233 1950 591 489 489 605 591 489 489
73 205 381 205 381 934 118 489 73 591 489 1233 1950 73 1344 489 73 591 489 489
118 489 73 1950 934 118 489 73 591 489 205 381 73 381 73 1344 489 73 591 489
73 1344 1309 489 73 1344 489 605 934 118 489 605 934 118 1950 489 605 591 489 73
1950 1233 1001 1001 590 590 1233 1950 1950 1950 591 489 73 1344 1309 489 605 1344 1309 489
1950 1950 1344 1950 591 489 73 1344 1309 489 73 1344 1309 489 73 1344 489 73 934 118
118 489 73 591 489 73 1344 489 73 591 489 489 73 591 489 489 73 591 489 489
1233 1950 1950 1950 591 489 73 1344 1309 489 73 1344 1309 489 73 1344 489 73 934 118
73 934 118 489 73 591 489 73 1344 489 73 591 489 489 73 591 489 489 73 591
591 489 73 1344 1309 1544 73 489 1309 1544 73 1344 1544 605 934 118 1544 73 934 118
181 1344 1309 1544 181 489 1309 1544 181 1344 1544 181 934 118 1544 181 934 118 1544 181
489 1309 1544 181 1344 1544 181 934 118 1544 181 934 118 1544 181 591 1544 181 1344 1544
1950 1233 1950 1001 1001 590 590 1233 1950 1950 591 489 73 1344 1309 489 73 1344 1309 489
1309 489 605 1344 1309 489 73 1344 489 605 934 118 489 605 591 118 489 605 591 489
1950 1950 1233 1001 1001 590 590 1233 1950 381 1950 591 489 73 1344 1309 489 605 1344 1309
934 118 489 73 591 489 73 1344 489 73 591 489 489 73 205 381 205 381 73 1344
1001 590 590 1001 1001 590 590 1233 1950 1950 1950 591 489 73 1344 1309 489 73 1344 1309
1344 1309 489 605 1344 489 73 934 118 489 605 934 118 489 605 591 489 605 1344 489
489 1309 1544 73 1344 1544 605 934 118 1544 73 934 118 1544 73 591 1544 73 1344 1544
1001 1950 1001 1001 590 934 1233 1950 1950 605 489 181 1344 1309 489 181 605 1309 489 181
1309 489 73 1344 489 605 934 118 489 605 591 118 489 605 591 489 73 1344 489 605
1344 489 73 934 118 489 73 934 118 489 73 591 489 73 1344 489 73 591 489 489
118 1544 181 591 1544 181 1344 1544 181 591 1544 1544 181 591 1544 1544 181 591 1544 1544
1950 1233 1001 1001 590 590 1233 1950 381 1950 591 489 73 1344 1309 489 605 1344 1309 489
1950 1001 1001 590 590 1950 205 381 205 381 1233 1950 1344 1950 591 489 73 1344 1309 489
1950 1950 1950 591 489 73 1344 1309 489 605 1344 1309 489 73 1344 489 605 934 118 489
73 1344 1309 489 73 1344 1309 489 73 1344 489 73 934 118 489 73 205 381 205 381
489 73 1344 489 73 934 118 489 73 934 118 489 73 591 489 73 1344 489 73 591
1950 1233 1001 1001 590 590 1001 1001 590 590 1233 1950 1950 1950 591 489 73 1344 1309 489
489 73 1344 489 73 591 489 489 73 591 489 489 73 591 489 489 73 591 489 489
1001 1001 590 590 1950 1233 1950 1950 591 489 73 489 591 489 489 1309 591 489 73 1344
381 1950 591 489 73 1344 591 118 73 1344 1309 489 73 1344 489 73 934 118 489 73
73 591 118 489 73 591 489 1950 591 489 605 1344 1309 489 605 1344 1309 489 605 1344
1950 1950 1950 1233 1001 1001 590 590 1950 205 205 381 381 1233 1950 1950 205 381 205 381
1950 1233 1001 1001 590 590 1950 1233 1950 1950 591 489 73 489 591 489 489 1309 591 489
591 489 73 1344 1309 489 605 1344 1309 489 73 1344 489 73 934 118 489 605 934 118
73 1344 118 73 934 118 118 73 205 1950 381 1233 934 118 118 1309 1309 118 205 381
605 605 1309 489 73 1344 489 605 934 118 489 605 1950 934 118 489 73 591 489 73
591 489 73 1344 1309 489 73 1344 1309 489 73 1344 489 73 934 118 489 73 205 381
489 73 934 118 489 73 934 118 489 73 591 489 73 1344 489 73 591 489 489 73
118 73 1344 118 73 934 118 118 73 205 1950 381 1233 934 118 118 1309 1309 118 205
1950 1950 1950 591 489 73 1344 1309 489 73 1344 1309 489 73 591 489 489 73 934 118
489 605 934 118 489 605 591 489 73 1344 489 605 591 489 489 605 591 489 489 73
591 489 73 1344 489 73 591 489 489 73 591 489 489 73 591 489 489 73 591 489
1344 489 73 934 118 489 73 591 118 489 73 591 489 1950 591 489 605 1344 1309 489
1344 1309 489 605 1344 1309 489 605 1344 489 605 934 118 489 605 934 118 489 605 591
1233 1950 1950 934 118 489 73 591 489 73 1344 489 605 591 489 489 73 591 489 489
1344 1309 118 73 1344 118 73 934 118 118 73 205 1950 381 1233 934 118 489 1309 1309
489 73 1344 1309 489 73 1344 489 73 934 118 489 73 934 118 489 73 591 489 73
591 118 489 73 591 489 1950 591 489 605 1344 1309 489 605 1344 1309 489 605 1344 489
1309 1544 73 1344 1544 605 934 118 1544 73 934 118 1544 73 591 1544 73 1344 1544 73
1001 1001 590 590 1233 1950 1950 591 489 73 1344 1309 489 605 1344 1309 489 73 1344 489
1344 1309 489 605 605 1309 489 73 1344 489 605 934 118 489 605 934 118 489 605 591
1001 1001 590 590 1233 1950 1001 1950 1309 489 73 1950 1344 1309 489 73 1344 1309 489 73
489 1950 591 489 605 1344 1309 489 605 1344 1309 489 605 1344 489 605 934 118 489 605
1344 1309 489 73 1344 1309 489 73 1344 489 73 934 118 489 73 934 118 489 73 591
1233 1001 1001 590 590 1233 1950 1950 1950 591 489 73 1344 1309 489 605 605 1309 489 73
590 590 1233 1950 1001 1950 1309 489 73 1950 1344 1309 489 73 1344 1309 489 73 1344 489
1950 1950 205 381 205 381 1950 591 489 73 1344 1309 118 73 1344 1309 489 73 1344 489
1344 1309 489 73 1344 1309 489 73 591 489 489 73 934 118 489 73 934 118 489 73
1344 489 73 934 118 489 73 934 118 489 73 591 489 73 1344 489 605 591 489 489
1001 1001 590 590 1001 1001 590 590 1233 1950 1950 1950 591 489 73 1344 1309 489 605 1344
1001 1950 1950 1233 1001 1001 590 590 1950 1233 1950 1950 591 489 73 489 591 489 489 1309
489 73 1344 1309 118 73 1344 591 489 73 1344 489 73 934 118 489 73 205 381 205
1309 489 73 1344 1309 489 73 1344 489 73 934 118 489 73 934 118 489 73 591 489
1950 591 489 73 1344 1309 489 73 1344 1309 489 73 591 489 489 73 934 118 489 73
1309 489 73 1344 489 73 934 118 489 73 1950 934 118 489 73 591 489 205 381 73
1950 1950 1950 591 489 73 1344 1309 489 73 489 1309 1544 73 1344 1544 605 934 118 1544
73 934 118 489 73 591 489 73 1344 489 73 591 489 489 73 591 489 489 73 591
605 591 489 73 1344 489 605 591 489 489 605 591 489 489 73 591 489 489 605 591
