578 2728 2728 1279 578 2728 2728 578 1037 664 664 664 4529 4529 4529 4529 4232 4232 4232 4232
290 578 2728 1279 578 2728 2728 2728 1279 1279 2728 578 578 2728 1279 578 2728 2728 1279 578
290 1279 2728 1279 578 2728 2728 2728 1279 1279 2728 1279 578 2728 1279 578 2728 1279 578 2728
4232 4232 4232 475 475 475 475 4232 4232 290 4232 475 475 475 475 475 1037 4232 664 1448
1987 1987 1987 1987 1987 1987 1987 1987 1987 1987 1987 1987 1987 1987 1987 1987 1987 1987 1987 4232
1448 1448 1448 1448 1448 1448 1448 1448 1448 1448 1448 1448 290 290 290 290 1037 4529 664 664
664 664 664 664 1037 1037 664 664 664 664 664 664 290 290 2728 2728 1279 578 2728 2728
2728 1279 578 2728 1279 578 2728 1279 578 2728 1279 4529 578 2728 1279 1279 2728 1279 290 4529
1279 578 2728 2728 2728 1279 1279 2728 578 578 2728 1279 578 2728 2728 1279 578 2728 2728 1279
290 2728 1279 290 578 2728 1279 578 2728 2728 2728 1279 1279 2728 1279 578 2728 2728 1279 4529
664 664 4232 1448 1448 1448 1448 1448 1448 1448 1448 1448 1448 1448 1448 1448 1448 1448 1448 4232
4529 4529 4529 4529 578 578 290 290 578 578 1448 1448 1448 1448 1448 1448 1448 1448 4529 4529
4232 4232 4232 4232 4232 475 475 475 475 475 475 475 475 475 4529 578 1448 475 4529 475
4529 578 2728 1279 4529 1037 4529 4529 578 2728 2728 1279 664 1037 4529 4529 664 4529 4529 4529
1648 1648 2728 2728 2728 2728 2728 1648 1648 2728 2728 1648 4529 4529 4529 4529 475 4529 4232 4232
4529 1037 4529 664 664 1037 664 664 664 578 4232 1037 664 664 4529 578 1448 1037 664 664
1279 578 2728 2728 2728 1279 1279 2728 1279 578 290 290 2728 1279 578 2728 1279 578 2728 1279
1037 4232 4232 4529 4529 4529 4529 4232 4232 290 290 290 290 4232 4232 4232 4232 4232 4232 4232
4232 4529 4529 290 290 4232 2728 1648 2728 2728 1648 1648 1648 2728 2728 1648 2728 2728 1648 2728
4529 4529 4232 4232 1448 1448 578 1448 578 1448 1448 1448 1448 1448 1448 1448 4232 4232 664 664
4232 4232 4232 4232 4232 4232 4232 4232 4232 290 4232 4232 475 475 475 475 475 475 475 475
4529 4529 4529 4529 4529 4529 4529 4232 4232 4232 475 475 475 475 475 475 475 475 475 4529
1648 1648 2728 2728 2728 2728 1648 2728 1648 2728 2728 1648 4529 4529 4529 4529 4529 4529 4232 4232
4529 4529 1448 1448 1448 1448 1448 1448 1448 1448 1448 1448 1448 1448 1448 1448 1448 1448 4232 4232
1037 1037 664 664 664 664 664 664 1037 1037 664 664 664 664 664 664 290 290 578 2728
4529 4529 4529 4529 4529 4529 4529 4529 4529 4529 4529 4529 1037 1037 4529 4529 4529 4529 4529 4529
664 664 664 664 664 290 290 1037 4529 664 664 664 664 664 664 578 578 4529 4529 664
2728 1279 1279 2728 578 664 664 578 2728 1279 578 2728 2728 1279 578 2728 2728 1279 578 2728
1648 1648 2728 2728 2728 1648 2728 1648 2728 2728 1648 1037 1037 664 664 4232 4232 664 664 4232
290 290 578 2728 1279 578 2728 2728 2728 1279 1279 2728 1279 578 2728 1279 578 2728 1279 578
475 475 475 475 475 475 475 475 475 475 475 4232 4232 4232 1037 4529 4529 4529 4529 4529
578 2728 2728 2728 1279 1279 2728 1279 578 2728 2728 1279 578 2728 2728 1279 578 2728 2728 1279
475 475 475 475 4232 4232 475 475 475 475 475 4232 1037 4529 4529 664 4529 4529 1448 1037
578 2728 2728 2728 1279 1279 2728 1279 578 2728 1279 578 2728 1279 578 2728 1279 4529 578 2728
1279 1279 2728 1279 4529 290 4529 4529 4529 4529 4529 1037 1037 4232 4232 4232 475 475 475 475
1279 2728 1279 2728 2728 1279 664 664 4232 4232 664 664 4232 4232 4529 4529 4529 4529 4529 4529
1448 1448 1448 1448 1448 1448 1448 1448 1448 1448 4529 664 578 290 4529 290 1037 4529 664 664
4529 4529 4529 2728 2728 1279 2728 2728 2728 2728 1279 1279 1279 1279 2728 2728 2728 1279 2728 1648
1448 1448 1448 1448 1448 1448 1448 1448 1448 1448 1448 4426 4426 4529 4529 1448 1448 1448 1448 1448
664 290 4529 4529 4529 4232 4232 475 475 475 4529 4529 4529 475 475 4529 4529 664 664 664
664 664 664 664 664 4232 4232 664 664 1037 664 664 664 664 664 664 664 1037 664 664
2728 1279 1279 2728 1279 4529 290 4529 4529 4529 4529 4529 4529 4529 4232 4232 475 475 475 475
1279 290 4529 290 4529 4529 4529 4232 4232 475 475 475 475 475 475 475 475 475 4529 664
2728 1648 2728 2728 1648 1648 1648 1648 2728 2728 2728 1648 2728 1648 2728 2728 1279 4529 4529 1037
1037 1037 664 664 4529 664 664 664 1037 1037 4529 664 664 664 664 664 1448 1448 4529 1037
475 4529 475 4529 475 4529 475 4529 4529 4529 475 4529 4529 4529 475 4529 475 4529 4529 4529
4529 4529 4529 664 664 290 290 664 664 4232 4232 2728 2728 2728 2728 1279 2728 2728 1279 2728
1448 1448 1448 1448 1448 1448 1448 1448 1448 1448 1448 1448 290 290 290 290 1037 4529 664 664
2728 2728 2728 2728 2728 1648 1648 2728 2728 1648 4529 4529 1037 4529 4529 4529 4232 4232 4232 4232
664 4529 1037 664 4232 664 4232 4232 4529 4529 4529 4232 4232 475 475 475 475 475 475 475
1279 2728 2728 1279 4529 4529 4529 4529 290 4529 4529 4529 4232 4232 475 475 475 475 475 475
1279 578 2728 2728 1279 1279 4529 2728 1279 2728 1279 2728 1279 578 2728 2728 2728 1279 1279 2728
664 664 664 664 664 1037 664 664 664 1037 664 664 664 578 1037 664 664 664 4232 578
578 2728 2728 578 1279 2728 1279 4529 290 4529 4529 4529 4232 4232 475 475 475 475 475 475
578 2728 2728 1279 578 2728 2728 1279 1279 2728 1279 290 4529 4529 4529 4529 4529 4529 4529 4232
664 664 664 664 664 664 664 1037 664 664 664 4529 2728 578 2728 578 664 578 2728 2728
1448 1448 1448 4232 1448 578 4426 4232 578 1037 4529 4529 4232 1448 1448 1448 1448 1448 1448 1448
2728 2728 1648 2728 1648 2728 2728 1279 4232 4232 1037 1037 664 664 664 664 4232 4232 4529 4529
2728 2728 2728 2728 1648 2728 1648 2728 2728 1648 4529 4529 4529 4529 4529 4529 4232 4232 4232 4232
1037 664 664 664 664 664 664 578 1448 1037 1037 664 664 664 664 664 664 578 1448 1448
475 475 475 475 475 475 475 475 4529 4529 4529 4529 4529 4529 664 4529 4529 4529 1037 4529
1987 1987 1987 1987 1987 1987 1987 1987 1987 1987 1987 1987 1987 1987 1987 1987 1987 1987 1987 1987
578 2728 578 578 4232 4529 2728 1279 2728 2728 2728 1279 578 2728 2728 2728 1279 1279 2728 1279
1279 4232 4232 4232 2728 1279 2728 2728 1279 2728 1279 2728 2728 1279 2728 1648 2728 2728 578 1648
1279 2728 1279 578 2728 2728 2728 1279 1279 2728 1279 578 2728 1279 578 2728 1279 578 2728 1279
1279 4426 2728 1279 4426 2728 1279 578 2728 2728 1279 1448 1448 1448 4426 4426 2728 290 578 578
1279 578 2728 2728 2728 1279 1279 2728 1279 578 2728 2728 1279 578 2728 2728 1279 578 2728 2728
1279 578 2728 2728 1279 578 2728 2728 1279 578 2728 2728 1279 4529 664 664 4529 578 2728 2728
578 578 1037 664 664 664 664 664 664 664 578 578 290 290 1448 1448 1037 664 664 664
4529 4232 4232 4232 4232 4232 475 475 475 475 475 475 475 475 578 475 475 475 475 1037
475 4529 475 475 475 4529 475 4529 475 4529 1037 475 4529 4529 4529 4529 4529 4529 4529 4529
475 4529 475 475 4529 475 475 4529 475 4529 4529 1037 664 290 664 664 1037 664 664 664
2728 2728 1279 2728 2728 2728 2728 1279 475 4529 475 4529 2728 1279 2728 2728 1279 2728 1279 2728
4232 475 475 4232 4232 290 4232 475 475 475 475 475 475 475 4529 4232 1448 1448 1448 1448
1448 1448 1448 1448 1448 1448 1448 1448 1448 4232 4232 4529 4529 1448 1448 1448 1448 1448 1448 1448
1448 1448 1448 1448 1448 1448 1448 4232 1448 578 4232 578 578 1037 4529 4529 4232 1448 1448 1448
2728 2728 1279 4529 4529 4529 4529 4529 4529 4529 4529 4232 4232 4232 4232 1448 1448 475 4529 475
664 4232 4232 2728 2728 2728 2728 1279 2728 2728 1279 2728 2728 1279 4529 4529 4529 4529 4529 4529
4232 4232 4232 4232 475 475 475 475 475 475 475 475 475 578 475 475 475 4529 4529 4529
1987 1987 1987 1987 1987 1987 1987 1987 1987 1987 1987 1987 1987 1987 1987 578 1987 1987 1987 1987
4232 290 290 578 2728 1279 578 2728 2728 2728 1279 1279 2728 578 578 2728 578 4529 290 2728
1279 578 2728 2728 1279 578 2728 2728 1279 1279 2728 1279 290 4529 4529 4529 4529 4529 475 4529
475 4529 2728 2728 2728 1279 2728 2728 1279 1648 475 4529 1279 1279 475 4529 2728 2728 1279 2728
4232 2728 578 578 578 2728 1279 578 2728 2728 2728 1279 1279 2728 578 578 2728 578 578 2728
578 664 664 4529 4529 2728 1279 664 664 578 2728 578 1279 1279 2728 2728 1279 4232 4232 4529
4529 4529 475 4529 4529 4529 4529 4529 4529 4529 4529 4529 4529 4529 4529 4529 4529 4529 4529 1037
1448 1448 1448 1448 1448 1448 1448 1448 1448 1448 1448 1448 4529 4426 290 578 578 4426 4529 4529
578 4529 475 4529 475 4232 664 664 664 664 664 1037 664 664 664 290 4529 664 664 664
4529 4529 4529 4529 4529 4529 4529 4529 4529 4529 4529 475 4529 4529 4529 4529 4529 4529 4529 4529
1987 1448 1987 1987 1987 1448 1987 1448 1448 1987 1987 1987 4426 4426 4426 4426 4426 4426 4426 4426
578 2728 2728 1279 1279 578 2728 1279 2728 1279 2728 1279 578 2728 2728 2728 1279 1279 2728 1279
4232 578 1279 2728 2728 1279 2728 1648 2728 2728 1279 1648 1279 2728 2728 1279 2728 2728 2728 2728
578 2728 2728 2728 1279 1279 2728 1279 578 2728 1279 578 2728 1279 578 2728 2728 1279 578 2728
1279 1279 2728 1279 578 2728 1279 578 2728 1279 578 2728 2728 1279 4232 578 2728 2728 578 4529
1987 1987 1987 1987 1987 1987 1987 1987 1987 1987 1987 578 1987 1987 1987 1987 1987 1987 1987 1987
290 290 2728 1648 2728 2728 1648 1648 1648 1279 2728 2728 2728 2728 2728 1648 1648 2728 2728 1648
2728 664 1279 664 664 664 1037 664 664 664 578 2728 578 664 290 1037 664 664 664 664
1448 664 664 578 290 4529 290 1037 1037 664 664 664 664 664 664 1448 1448 1448 1448 1448
475 475 2728 2728 475 475 2728 1648 2728 2728 1648 1279 475 4529 1648 1648 2728 2728 2728 1648
2728 475 475 2728 1279 2728 2728 1279 1279 2728 1279 2728 2728 1279 2728 1648 2728 2728 1279 475
1448 1448 1448 1448 1448 1448 1448 1448 1448 1448 4529 578 290 290 578 1037 4529 4529 4232 1448
4232 475 4529 475 475 475 664 475 475 664 1037 664 664 664 4529 1037 664 4232 664 4232
2728 1279 578 2728 1279 578 2728 2728 1279 578 2728 2728 578 1037 664 664 664 290 4529 4529
475 475 475 475 475 475 475 475 475 475 475 475 1037 664 664 290 4529 578 2728 1279
4426 4426 1987 1987 1987 1987 1987 1987 1987 1987 1987 1987 1987 1987 1987 1987 1987 1987 1987 1987
4529 4529 4529 4529 4529 4232 4232 4232 4232 475 4529 475 4529 475 475 2728 475 4529 2728 2728
664 664 1448 1448 1448 1448 1448 1448 1448 1448 1448 1448 1448 1448 1448 1448 1448 1448 1448 1448
578 1037 664 664 664 578 1037 664 664 664 1448 4529 4529 578 4529 4529 578 1037 664 664
4232 475 475 475 475 475 475 475 475 475 4529 4529 4232 1448 1448 4232 664 1448 1448 1448
578 578 1037 664 664 664 664 664 664 664 290 290 578 1448 578 578 1448 578 578 2728
4529 4529 4529 4529 1037 4529 4529 4529 4529 4529 4529 4529 4529 4529 4529 4529 4529 4529 4529 4529
475 475 475 475 475 475 475 475 475 475 475 475 4529 4529 4529 4529 4529 4529 1037 4529
1448 4529 578 290 4232 2728 1037 664 4529 290 4232 4232 1448 1448 1448 1448 1448 1448 1448 1448
1448 4529 4529 1448 1448 1448 1448 1448 1448 1448 1448 1448 1448 1448 1448 1448 1448 1448 1448 1448
664 4529 4529 4529 1037 664 4232 664 4232 4529 4529 4529 4232 4232 475 475 475 475 475 475
578 2728 1279 578 2728 2728 2728 1279 1279 2728 1279 578 2728 1279 578 2728 578 578 2728 1279
1448 1448 1448 1448 1448 1448 1448 1448 4426 4426 4426 4426 1448 1448 1448 1448 1448 1448 1448 1448
578 290 4232 578 4426 4529 4529 4426 4426 4232 1448 1448 1448 1448 1448 1448 1448 1448 1448 1448
4232 1037 4529 4232 4529 4232 2728 2728 4232 4232 4232 4232 578 4232 4232 475 475 475 475 475
2728 1279 578 2728 2728 2728 1279 1279 2728 1279 578 2728 1279 578 2728 1279 578 2728 1279 578
578 2728 578 578 4232 4529 2728 1279 2728 2728 2728 1279 578 2728 2728 2728 1279 1279 2728 1279
475 475 475 475 475 475 475 475 475 4529 4529 475 4529 4529 4529 4529 4529 4529 4529 475
664 664 664 1037 1037 664 664 664 664 664 664 1037 1037 4232 4232 664 664 664 664 664
664 664 664 664 664 578 578 290 290 664 664 664 664 664 664 664 664 578 578 1448
4232 664 664 664 664 664 664 664 664 664 664 664 664 664 664 664 664 664 664 664
2728 1279 2728 1279 2728 2728 1279 2728 1279 2728 2728 2728 1279 290 290 4529 4529 4529 4529 4529
1448 1448 1448 1448 1448 1448 1448 1448 1448 1448 1448 1448 1448 1448 1448 1448 1448 4426 4426 4529
4232 290 4232 4232 475 475 475 475 475 475 475 475 475 1037 4529 4529 4232 1448 1448 1448
4529 1448 1448 1448 1448 4529 4529 4529 4529 4232 4232 4232 4232 475 475 475 475 475 475 475
1987 1987 1987 1987 1987 1987 1987 1987 1987 1987 1987 1987 1987 1987 1987 1987 1987 1987 1987 1987
4232 4232 664 664 4232 4232 4529 4529 4529 4529 4529 4529 4232 4232 4232 4232 1648 1279 2728 2728
2728 578 1279 2728 1279 290 4529 4529 4529 4529 4529 4529 4529 4232 4232 475 475 475 475 475
4232 290 4232 4232 475 475 475 475 475 475 475 475 475 1037 664 4232 1448 4232 1448 4529
664 475 664 4232 4232 664 1037 664 664 664 664 664 664 664 578 1037 664 664 664 290
2728 1279 1279 2728 1279 578 2728 1279 578 2728 1279 578 2728 1279 578 2728 578 664 664 664
4529 4529 4232 4232 475 4529 475 475 475 4529 475 475 664 4529 664 664 664 4529 1037 664
4232 2728 1648 2728 2728 1279 1648 1279 2728 2728 1648 2728 578 2728 2728 578 2728 578 2728 2728
475 4529 2728 1279 2728 2728 1279 2728 1279 2728 2728 1279 475 4529 475 4529 475 4529 475 4529
4529 4529 4232 4232 290 290 2728 2728 4232 4232 4232 4232 4232 4232 4232 4232 4232 290 4232 4232
4529 4529 4232 4232 4232 4232 4529 4529 290 290 4232 2728 1648 2728 2728 1648 1648 1648 2728 2728
578 2728 2728 2728 1279 1279 2728 1279 578 2728 1279 578 2728 1279 578 2728 1279 1279 4529 1037
664 664 664 4232 4529 664 664 664 4232 4232 4529 290 1279 2728 1279 578 2728 2728 2728 1279
475 475 4529 4529 1037 4529 4529 4529 4529 4232 4232 1448 1448 1448 1448 1448 1448 1448 1448 1448
4529 664 4529 664 4232 4232 1448 1448 578 1448 578 1448 1448 1448 1448 1448 1448 1448 4232 4232
1279 578 2728 1279 578 2728 2728 1279 578 2728 2728 1279 578 2728 1279 1279 2728 1279 290 4529
1037 1037 2728 578 664 664 4529 664 4529 664 2728 2728 1279 2728 1279 2728 2728 1279 1279 1648
2728 1279 578 2728 1279 578 2728 1279 578 2728 2728 1279 4529 578 2728 2728 578 1279 2728 1279
578 578 2728 1279 578 2728 1279 578 2728 1279 578 578 290 578 2728 1279 2728 1279 578 2728
1448 1448 1448 578 2728 2728 578 1279 2728 1279 4529 290 1448 1448 1448 1448 4529 4529 4529 4529
1448 1448 1448 1448 1448 1448 1448 1448 1448 4529 578 290 290 578 1037 4529 4529 4232 1448 1448
4232 475 475 475 475 475 4232 4232 475 290 4232 475 475 475 1037 4529 4529 1448 1448 1448
475 475 475 475 475 1037 664 4529 664 664 1037 664 664 4232 4232 4529 4529 4529 4232 4232
664 664 4529 4529 4232 4232 4232 4232 4529 4529 290 290 4232 2728 1648 2728 2728 1648 1648 1648
2728 1279 578 4529 2728 2728 2728 1279 1279 2728 1279 578 2728 1279 578 2728 1279 578 2728 1279
4232 4232 4529 4529 4529 4232 4232 475 475 475 475 475 475 475 475 475 475 475 475 4529
2728 2728 2728 1279 1279 2728 1279 578 2728 1279 578 578 1279 578 2728 1279 578 2728 2728 578
664 664 664 578 578 578 578 1037 1037 664 664 664 664 664 664 290 290 578 664 578
2728 1279 4426 2728 1279 4426 2728 1279 578 2728 290 1279 1448 1448 1448 4426 4426 2728 290 578
578 1448 4529 4232 1448 1448 1448 578 1448 1448 1448 1448 1448 1448 1448 1448 1448 1448 1448 1448
475 475 475 4529 4529 4232 1448 578 1448 1448 1448 1448 1448 1448 1448 1448 1448 1448 1448 1448
664 664 290 2728 578 2728 1279 578 2728 2728 2728 1279 1279 2728 1279 578 4529 2728 1279 664
1037 664 664 1037 664 4232 664 4232 4529 4529 4529 4232 4232 475 475 475 475 475 475 475
1279 578 2728 1279 4529 578 2728 578 1279 2728 1279 290 4529 664 4529 4529 4529 4529 664 475
2728 2728 1279 1279 578 2728 2728 2728 1279 1279 2728 578 578 2728 1279 578 2728 2728 1279 578
475 4529 4529 4529 4529 4529 664 4529 4529 4529 1037 664 664 664 1037 664 664 664 578 4529
1987 1987 1987 1987 1987 1987 1987 1987 1987 1987 1987 1987 1987 1987 1987 1987 578 1987 1987 1987
1448 1448 1448 290 4529 4529 4529 4529 4232 290 4529 4529 4529 4232 4232 475 475 475 475 475
4232 664 664 1037 664 664 664 664 664 664 664 1037 1037 664 664 664 664 664 664 578
578 2728 1279 578 2728 1279 4529 578 2728 578 1279 2728 1279 290 4529 4529 4529 4529 4529 4529
1279 2728 1279 578 290 290 2728 1279 578 2728 1279 578 2728 1279 578 2728 578 1279 2728 1279
4529 4529 664 4529 578 4232 4529 4529 664 664 578 1448 4529 4529 664 4529 290 578 1448 4529
4232 664 664 1448 1448 1448 1448 1448 1448 1448 1448 1448 1448 1448 1448 1448 1448 1448 1448 664
4232 4529 1448 1448 1448 1448 1448 1448 1448 1448 1448 1448 1448 1448 578 290 4232 578 1037 4529
2728 578 578 2728 578 578 290 2728 1279 578 1279 2728 1279 578 2728 2728 2728 1279 1279 2728
475 475 475 475 664 664 664 664 290 1037 664 664 664 290 2728 578 2728 1279 578 2728
4529 4529 4529 1037 4529 664 664 664 664 664 4232 4232 664 664 664 664 1037 1037 664 664
578 2728 1279 578 2728 2728 1279 578 2728 2728 1279 1279 2728 1279 290 475 4529 4529 4529 475
2728 2728 2728 1279 1279 2728 1279 578 2728 2728 1279 578 2728 2728 1279 578 2728 2728 1279 4529
4529 4232 4232 475 475 475 475 4232 4232 475 475 475 475 475 475 475 475 4529 4529 4529
1279 2728 2728 2728 2728 1279 2728 1279 2728 2728 1279 2728 2728 2728 2728 2728 475 475 475 475
664 664 664 664 664 4529 4529 4232 4232 1037 1037 664 664 664 664 664 664 290 578 578
4232 475 664 4529 664 664 475 475 475 475 1037 664 664 1037 664 4232 664 4232 664 4529
4232 290 4232 475 475 475 4529 4529 4232 4529 1448 1448 1448 1448 1448 1448 1448 1448 1448 1448
4529 4426 4426 1448 1448 1448 1448 1448 1448 1448 1448 1448 1448 1448 1448 1448 1448 1448 1448 1448
4529 4529 4529 4529 4529 664 4232 4232 1448 1448 1448 1448 1448 1448 1448 1448 1448 1448 1448 1448
4232 4232 4232 4232 4232 290 4232 4232 4232 475 475 475 475 475 475 475 475 475 475 475
475 475 475 475 475 475 475 475 475 475 4529 1037 475 4529 4529 4529 4529 4529 4529 4529
290 578 2728 1037 4529 4529 4232 1448 1448 1448 1448 1448 1448 1448 1448 1448 1448 1448 1448 1448
4426 4426 4426 4426 1448 4426 4426 4426 4426 4426 1448 1448 1448 4426 4426 1448 1448 1448 1448 4426
4529 4529 4529 4529 4529 4529 290 290 2728 2728 2728 2728 578 2728 2728 578 2728 2728 2728 2728
4232 4232 290 1279 2728 1279 578 2728 2728 2728 1279 1279 2728 1279 578 2728 2728 1279 578 2728
4529 578 1448 475 4529 475 4529 4232 4232 475 475 475 4529 475 4529 4529 4529 475 475 4529
1279 578 2728 1279 578 2728 1279 578 2728 1279 1279 4529 1037 578 2728 1279 2728 1279 578 2728
2728 2728 578 1279 2728 2728 1279 4529 4529 4529 4529 290 4529 4529 4529 4232 4232 475 664 475
1279 578 2728 2728 2728 1279 1279 2728 1279 578 2728 1279 578 2728 1279 578 2728 1279 578 2728
1987 1448 1987 1987 1987 1987 1987 1987 1448 4426 4426 4426 4426 4426 4426 4426 4426 4426 4426 4426
578 578 664 664 664 664 664 664 664 664 664 664 664 664 664 664 664 664 664 664
4232 1448 1448 1448 1448 1448 1448 1448 1448 1448 1448 1448 1448 4232 4232 4529 4529 1448 1448 1448
1279 2728 1279 578 2728 1279 578 2728 1279 664 664 578 664 664 664 664 2728 1279 664 664
475 475 1037 664 664 664 664 664 1037 664 664 664 1037 664 664 664 4232 4232 290 290
4529 4529 4529 4529 4529 4529 4529 4232 4232 4232 4232 578 1448 4232 4232 475 475 475 475 475
2728 2728 2728 1279 2728 2728 1279 475 475 1279 1279 2728 2728 1279 2728 2728 2728 2728 1279 475
4529 475 664 1037 664 664 664 1037 664 664 664 4232 290 578 1037 664 664 664 578 1037
4529 4529 4529 4529 1037 1037 4529 4529 4529 4529 4529 4529 1037 1037 4529 4529 4529 4529 4529 4529
4529 4529 4529 4232 4232 290 290 2728 2728 4232 4232 4232 4232 4232 4232 4232 4232 4232 578 4232
1448 1448 1448 1448 1448 1448 1448 4529 1448 1448 1448 1448 4529 290 290 578 290 1037 664 664
664 1037 1037 664 664 664 664 664 664 1037 1037 664 664 664 664 664 664 290 290 578
1448 1448 1448 1448 1448 1448 1448 4426 4426 290 578 4426 4529 4529 1448 1448 1448 1448 1448 1448
1448 1448 1448 4232 1448 1448 1448 1448 1448 1448 1448 1448 1448 1448 290 290 290 4529 1037 4529
664 664 290 664 664 664 664 578 1037 664 664 664 578 1448 664 664 664 664 578 578
475 475 475 4232 4232 475 290 4232 475 475 475 1037 4529 664 1448 1448 1448 1448 1448 1448
664 1037 664 664 4232 4232 290 4529 4529 4529 4232 4232 475 475 475 475 475 475 475 475
578 2728 2728 2728 1279 1279 2728 1279 578 2728 1279 578 4232 4232 2728 1279 578 2728 1279 1279
475 475 475 475 475 475 475 475 475 475 4529 4529 4529 4529 4529 4529 1037 4529 4529 4529
578 2728 1279 578 2728 1279 578 2728 1279 1279 2728 1279 4529 290 4529 4529 4529 4529 4529 1037
475 475 475 475 475 475 475 4232 4232 475 475 475 475 475 4232 1037 4529 4529 664 664
2728 2728 1279 4529 4529 4529 4529 4529 4529 4232 4232 4232 4232 475 475 475 475 1648 2728 2728
578 1448 1448 1037 1037 664 664 664 664 664 664 578 578 664 664 664 664 664 664 664
475 475 475 475 475 475 475 475 4529 475 475 4529 4529 475 4529 475 4529 4529 4529 475
4232 4232 4232 4232 4232 475 475 475 475 475 475 475 475 578 475 475 475 475 1037 4529
1448 1448 1448 1448 1448 1448 1448 4426 4426 4426 4426 4426 4426 4426 4426 2728 4426 4426 2728 4426
578 2728 1279 4232 4232 4232 2728 1279 2728 2728 1279 2728 1279 2728 2728 1279 2728 1648 2728 2728
578 2728 578 578 578 2728 578 1448 1279 2728 1279 578 2728 2728 2728 1279 1279 2728 1279 578
1037 4529 2728 1037 664 664 290 1448 1448 1448 1448 1448 1448 1448 1448 1448 1448 1448 1448 1448
2728 1279 2728 2728 1279 2728 1279 2728 2728 1279 4529 4529 4529 4529 4529 4529 4529 4529 4232 4232
664 290 1037 664 664 664 290 2728 1279 2728 1279 578 2728 2728 2728 1279 1279 2728 1279 578
1279 2728 1279 578 2728 1279 578 2728 1279 578 2728 2728 1279 578 2728 2728 578 4529 664 664
1279 475 4529 475 4529 475 4529 475 4529 475 4529 664 664 664 664 4529 4529 664 664 4529
4529 4529 4232 4232 475 475 475 475 4232 4232 475 475 475 475 475 475 475 475 4529 4529
1987 1987 1987 1987 1987 1987 1987 1987 1987 1987 1987 1987 1987 1987 1987 1987 1987 1987 1987 1987
2728 1279 1279 2728 1279 578 2728 1279 578 2728 1279 578 2728 1279 578 2728 578 664 664 664
4232 290 290 578 2728 1279 578 2728 2728 2728 1279 1279 2728 578 578 2728 578 578 2728 2728
1279 2728 1279 578 2728 2728 2728 1279 1279 2728 578 578 2728 1279 578 2728 2728 1279 578 2728
578 2728 2728 578 4232 4529 4529 4529 4529 4232 4232 4232 4232 475 475 475 475 578 475 475
664 475 664 475 475 664 664 664 664 664 664 1037 664 664 4232 4232 664 664 4529 4232
2728 1279 2728 1279 2728 2728 1279 2728 1279 2728 2728 2728 1279 290 290 4529 4529 4529 4529 4529
1279 4529 4529 4529 4529 4529 4529 4529 4529 4232 4232 578 578 4232 4232 475 475 475 475 475
475 4529 475 475 475 475 475 475 475 4529 4529 4529 4529 4529 4529 4529 4529 4529 4529 664
664 664 4232 664 664 664 664 664 1037 664 664 664 290 1037 664 664 664 578 1037 664
1987 1987 1987 1987 1987 1987 1987 1987 1987 1987 1987 1987 1987 1987 1987 1987 1987 1987 1987 1987
4426 4426 4426 4426 4426 4426 1448 4426 4426 1448 4426 4426 1448 1448 1448 1448 1448 1448 1448 1448
4232 4232 4232 4232 4232 290 4232 4232 4232 475 475 475 475 475 475 475 475 475 1037 4529
1448 1448 4426 4426 4426 4426 1448 1448 1448 1448 1448 1448 1448 1448 1448 1448 1448 1448 1448 1448
664 664 578 578 1037 664 664 664 664 664 664 664 578 578 290 290 1448 1448 1037 664
664 664 664 664 664 664 664 664 664 4529 290 578 2728 578 664 664 578 2728 2728 2728
578 2728 578 1037 664 664 664 4529 4529 1037 4529 4232 4232 4232 4232 475 475 475 475 475
475 4529 475 475 475 475 475 4529 4529 4529 4529 4529 4529 4529 4529 4529 664 664 4529 4529
1448 4426 4426 4426 578 4426 4529 4529 4232 1448 1448 1448 1448 1448 1448 1448 1448 1448 1448 1448
4529 4529 4529 4529 4529 4529 4232 4232 4232 4232 4232 4232 475 475 475 475 475 475 475 475
290 1037 664 664 664 1037 664 664 664 578 290 578 2728 1279 578 2728 2728 2728 1279 578
664 664 578 664 664 4529 4529 664 664 664 664 664 664 664 664 664 664 664 664 664
475 475 475 475 475 475 475 475 475 475 4529 4529 475 475 4529 4529 4529 4529 4529 4529
664 664 664 578 664 664 664 664 1037 664 664 664 1037 664 664 664 4232 290 578 1037
664 664 4232 4529 664 4232 4529 4529 4529 4529 475 475 475 4529 475 475 475 4232 475 664
1279 1279 2728 578 578 2728 1279 578 2728 2728 1279 578 2728 2728 1279 1279 4529 578 1279 2728
1037 1037 4529 664 4232 4232 664 664 4232 4232 4232 4232 290 290 2728 2728 4232 4232 4232 4232
1279 475 475 475 475 475 475 475 475 475 475 4232 4232 475 475 475 475 475 4529 4529
1648 1648 2728 2728 2728 2728 1648 2728 1279 2728 2728 1279 4529 4529 4529 4529 4529 4529 4232 4232
475 4529 664 664 1037 4232 664 664 4232 4529 4529 4529 4232 4232 475 475 475 475 475 475
1448 1448 1448 1448 1987 1987 1448 1448 1448 1448 1987 1987 4426 4426 4426 4426 4426 4426 4426 4426
578 2728 578 2728 1279 578 2728 2728 2728 1279 1279 2728 1279 578 2728 1279 578 2728 1279 578
2728 2728 578 4232 4529 4529 4529 4529 4232 4232 4232 4232 475 475 475 475 578 475 475 475
664 664 664 578 664 664 664 664 1037 664 664 664 1037 664 664 664 4232 290 578 1037
475 4529 4529 4529 4529 1037 4529 4529 4529 4529 4529 4529 4529 4529 4529 1037 4529 4529 4529 4529
1448 1448 1448 1448 290 4529 1037 1037 664 664 664 664 664 664 664 664 664 664 664 664
475 4426 4232 1448 1448 1448 1448 1448 1448 1448 1448 1448 1448 1448 1448 1448 1448 1448 1448 1448
578 2728 2728 2728 1279 1279 2728 1279 664 664 578 2728 578 578 2728 578 578 2728 1279 664
578 2728 578 2728 1279 578 2728 2728 2728 1279 1279 2728 1279 578 2728 1279 578 2728 1279 578
2728 1279 578 2728 1279 578 2728 1279 578 2728 1279 578 2728 578 1037 664 664 664 664 4529
4529 664 664 664 664 664 664 290 290 1037 4529 664 664 664 664 664 664 578 578 4529
290 4232 4232 4232 475 664 475 4529 475 4529 475 664 475 664 4529 664 4529 664 664 664
1448 4426 1448 1448 1448 1448 1448 1448 4426 1448 1448 1448 1448 4426 4426 4426 4426 4426 4426 2728
4529 4529 4529 4232 4232 4232 4232 1648 1648 4232 4232 2728 2728 2728 1648 2728 1648 2728 2728 1648
4529 4529 4232 290 4232 475 475 1448 1448 1448 1448 475 475 4529 475 4529 475 4529 4529 475
1279 1279 2728 2728 578 4529 4529 4529 4529 4529 4529 4529 4529 4232 4232 4232 4232 4232 4232 475
2728 1279 4232 4232 2728 1279 2728 2728 1279 2728 1279 2728 2728 1279 4529 4529 4529 4529 4529 4529
2728 1279 2728 1648 2728 2728 1648 2728 1648 2728 2728 1648 578 2728 1279 1279 2728 1279 4529 4529
1987 1987 1987 1987 1987 1987 1987 1987 1987 1987 1987 1987 1987 1987 1987 1987 1987 1987 1987 1987
290 2728 1037 664 664 1448 1448 1448 1448 1448 1448 1448 1448 1448 1448 1448 1448 1448 1448 1448
1279 578 2728 578 1279 2728 1279 664 664 4529 4529 664 664 4529 664 290 290 4232 4232 2728
1279 2728 1279 578 2728 1279 578 2728 1279 578 2728 1279 578 2728 578 4232 4529 664 664 664
1037 664 664 664 664 664 664 664 664 4232 4232 664 664 1037 664 664 664 664 664 664
1448 1448 1448 1448 1448 1448 1448 1448 1448 4232 4232 290 578 1037 4529 4529 1448 1448 1448 1448
4529 4232 4529 2728 4232 1448 1448 1448 1448 1448 1448 1448 1448 1448 1448 4232 4232 1448 1448 1448
664 664 1037 664 664 664 578 1037 664 664 664 578 290 4529 664 664 664 1448 1448 578
1987 1987 1987 1987 1987 1987 1987 1987 1987 1987 1987 1987 1987 1987 1987 1987 1987 1987 1987 1987
2728 1279 475 4529 2728 1279 664 664 578 4529 2728 664 1279 664 475 664 1037 664 664 664
1448 1448 1448 1448 664 664 578 290 4529 290 1037 1037 664 664 664 664 664 664 1448 1448
1648 2728 2728 1648 1037 4529 664 664 4232 4232 664 664 4232 4232 4529 4529 4529 4529 4529 4529
1448 1448 1448 1987 1448 1448 1448 1448 4426 4426 4426 4426 4426 4426 4426 4426 4426 4426 4426 4426
2728 2728 1279 475 4529 2728 1648 2728 2728 1648 475 4529 475 4529 475 4529 1037 1037 664 664
4529 475 4529 475 4529 475 4529 475 4529 475 4529 475 4529 475 4529 4529 4529 475 4529 4529
1037 4529 4529 4529 578 1037 4529 4529 4529 4232 578 4529 4529 4529 4529 1448 1448 1448 1448 1448
1279 1279 2728 578 578 2728 1279 578 2728 2728 1279 578 2728 2728 1279 578 2728 2728 578 578
1279 578 2728 1279 4529 578 2728 1279 1279 2728 1279 290 4529 4529 4529 4529 4529 4529 4529 4232
4232 578 1279 2728 1279 475 1037 578 2728 2728 2728 1279 1279 2728 1279 4529 4529 4529 578 2728
578 4232 4232 1448 1448 290 290 1037 1037 664 664 664 664 664 664 1448 1448 1448 1448 1448
664 664 4529 4529 664 664 578 4529 4529 664 664 4232 578 4529 4529 664 1448 664 578 290
475 4529 475 475 475 475 475 475 4232 4232 475 475 475 475 475 475 4529 1037 475 475
664 664 664 664 664 664 664 664 1037 1037 664 664 664 664 664 664 1037 664 4232 4232
1279 578 2728 1279 578 2728 1279 578 2728 1279 4529 4529 4529 4529 4232 4232 475 475 475 475
664 664 664 664 664 1037 1037 664 664 664 664 664 664 4529 290 2728 2728 1279 578 2728
1448 1448 1448 1448 1448 1448 1448 1448 1448 1448 4232 4232 1448 1448 1448 1448 4529 4529 4529 4529
664 664 664 664 664 664 664 664 664 578 664 664 664 664 664 664 664 664 664 664
4426 1448 1448 1448 1448 4426 1448 1448 1448 1448 1448 1448 4426 1448 1448 1448 1448 1448 4426 4426
1448 1448 1448 1448 1448 1448 1448 1448 1448 1448 1448 1448 1448 1448 1448 4426 4426 4426 4426 4426
664 1448 1448 1448 1448 1448 1448 578 578 1448 1448 1448 1448 1448 1448 1448 1448 1448 1448 1448
4232 475 475 475 475 475 4529 4232 4529 1448 1448 1448 1448 1448 1448 1448 1448 1448 1448 1448
4232 4232 475 475 475 475 475 475 475 475 475 475 475 475 4529 4529 4529 290 4232 1279
1987 1987 1987 1987 1987 1987 1987 1987 1987 1987 1987 1987 1987 1987 1987 1987 1987 1987 1987 1987
475 475 475 475 475 475 475 475 290 4232 4232 475 475 475 1037 475 664 664 4529 4529
290 290 290 290 1037 1037 664 664 664 664 4232 4232 4232 4232 4529 4529 290 290 4232 2728
1448 1448 1448 1448 1448 1448 4426 290 4426 2728 4426 4529 4529 1448 1448 1448 1448 1448 1448 1448
2728 578 4232 4529 4529 4529 4529 4232 4232 4232 4232 475 475 475 475 578 475 475 475 475
290 4529 4529 4529 4529 4529 4529 4529 4232 4232 4232 290 475 475 475 475 475 475 475 475
2728 1279 578 2728 1279 578 2728 1279 1279 290 2728 1279 290 578 2728 1279 578 2728 2728 2728
1648 2728 2728 1648 1648 1648 2728 2728 1648 475 4529 2728 1279 2728 2728 2728 475 4529 2728 1279
1448 1448 4426 4426 290 290 578 2728 1279 578 2728 2728 2728 1279 1279 2728 1279 578 2728 1279
475 475 475 475 475 4232 4232 475 475 475 475 475 4232 1037 4529 4529 664 664 4529 578
4232 578 4529 4529 4529 4529 1448 1448 1448 1448 1448 1037 4529 4529 4529 578 290 578 578 1037
2728 2728 1648 578 2728 2728 1279 1037 1037 664 664 664 664 664 664 4232 4232 2728 1279 2728
1279 2728 2728 1279 1648 475 475 1279 1279 475 4529 2728 2728 1279 2728 2728 2728 2728 1279 2728
475 664 475 664 475 664 475 664 475 664 664 664 1037 4232 664 664 4232 664 664 664
1987 1987 1987 1987 1987 1987 1987 1987 1987 1987 1987 1987 1987 1987 1987 1987 4426 4426 4426 290
4232 4232 4232 475 475 475 475 475 475 4232 4232 4232 4232 475 475 475 4529 4529 1448 1448
1448 1448 1448 1448 290 1448 1448 1448 1448 4529 4529 4529 4529 4529 4529 4529 4232 4232 475 475
1448 1448 1448 1448 1448 1448 1448 1448 1448 1448 4529 578 290 290 578 1037 4529 4529 4232 1448
290 4529 4529 4529 4529 4529 4529 4529 4232 4232 475 475 475 475 475 4232 475 475 475 475
4529 4529 4232 1448 1448 1448 1448 4232 1448 1448 1448 1448 1448 1448 1448 1448 1448 1448 1448 1448
4529 4529 4529 4232 4529 475 4529 4529 4529 4529 475 4529 1037 664 664 664 664 664 664 664
1037 4232 4232 4529 4529 4529 4529 4232 4232 290 290 290 290 4232 4232 4232 4232 4232 4232 4232
4232 578 2728 578 2728 1279 578 2728 2728 2728 1279 1279 2728 1279 578 2728 1279 578 2728 1279
664 1037 664 664 664 578 1037 664 664 664 578 1448 1037 664 664 664 290 578 578 578
4426 4426 4426 1448 4426 4426 4426 4426 4426 4426 1448 1448 4426 1448 4426 1448 1448 1448 1448 4426
4529 4529 4529 664 4529 1037 664 664 4232 4232 4529 4529 4529 4232 4232 475 475 475 475 475
475 475 475 475 475 475 475 475 475 475 4529 4529 4529 4529 4529 4529 1037 664 664 4529
4232 4232 4529 4529 4529 4232 4232 475 475 475 475 475 475 475 475 475 475 475 4529 1037
4232 4232 475 475 475 475 475 475 475 475 1037 664 664 578 664 4529 664 664 1037 664
475 475 475 475 475 475 475 475 475 475 475 475 4529 4529 4529 4529 4529 4529 4529 4529
1987 1448 1448 1987 1448 1987 1448 4426 4426 4426 4426 4426 2728 4426 4426 4426 4426 2728 4426 4426
4232 290 290 578 2728 1279 578 2728 2728 2728 1279 1279 2728 1279 578 2728 578 578 2728 578
290 578 2728 1279 1279 290 290 578 2728 1279 2728 1279 578 2728 2728 2728 1279 1279 2728 1279
4232 4232 4232 4232 475 475 475 475 4232 4232 578 4232 475 475 475 475 475 1037 664 4232
4232 578 4232 1037 1037 4529 664 4232 4232 664 664 4232 4232 4232 4232 2728 290 2728 2728 4232
4232 4232 290 290 578 2728 1279 578 2728 2728 2728 1279 1279 2728 1279 578 2728 1279 578 2728
578 475 475 475 475 475 4529 475 475 1037 664 664 664 1037 664 664 664 1037 664 664
4529 664 664 4529 664 2728 1648 1279 2728 2728 2728 1279 2728 1648 2728 2728 1648 1037 1037 664
1279 475 578 2728 2728 2728 1279 1279 475 2728 1279 1037 578 4529 4529 2728 1279 475 4529 2728
1279 1279 2728 1279 290 4529 290 4529 4529 4529 4232 4232 475 475 475 475 475 475 475 475
2728 1279 4529 290 4529 4529 4529 4232 4232 475 475 475 475 475 475 475 475 475 4529 4529
4529 475 4529 475 4529 4529 1037 4529 4529 4529 664 4232 4232 1448 1448 1448 1448 1448 1448 1448
2728 2728 1648 1648 1648 2728 2728 1648 2728 2728 1648 2728 2728 1648 1648 1648 2728 2728 1648 1448
475 664 664 664 664 664 664 1037 664 664 664 1037 664 664 664 578 4232 1037 664 664
1987 1987 1987 1987 1987 1987 1987 1987 1987 1987 1987 1987 1987 1987 1987 578 1987 1987 1987 1987
4426 4529 4232 1448 1448 4232 4529 1448 1448 1448 1448 1448 1448 1448 1448 1448 1448 1448 1448 1448
1987 1987 1987 1987 1987 1987 1987 1987 1987 1987 1987 1987 1987 1987 1987 1987 1987 1987 1987 1987
4232 475 475 475 475 4529 475 475 4529 4529 4529 4529 475 1037 664 664 664 664 664 578
4529 4232 4232 4232 4232 475 475 475 475 475 475 4232 4232 4232 4232 475 475 475 1037 664
2728 1279 2728 1279 2728 2728 1279 664 664 4232 4232 664 664 4232 4232 4529 4529 4529 4529 4529
1279 578 2728 2728 1279 1037 664 664 664 578 2728 1279 4529 4529 4529 4529 4232 4232 4232 475
4232 4232 4232 290 4232 4232 475 475 475 475 475 475 475 475 475 1037 664 4232 1448 1448
1987 1987 1987 1987 1987 1987 1987 1987 1987 1987 1987 1987 1987 1987 1987 1987 1987 1987 1987 578
290 290 2728 1037 664 664 1448 1448 1448 1448 1448 1448 1448 1448 1448 1448 1448 1448 1448 1448
2728 578 578 578 2728 578 1448 1279 2728 1279 578 2728 2728 2728 1279 1279 2728 1279 578 2728
2728 2728 1648 2728 1648 2728 2728 1648 475 475 1648 1648 2728 2728 1648 2728 1648 2728 2728 1648
475 4529 475 4529 475 4529 475 4529 475 4529 475 4529 4529 4529 4529 4529 4529 4529 475 4529
2728 2728 2728 1279 4426 2728 1279 4426 2728 1279 4426 4529 4426 578 2728 4426 1448 1448 1448 1448
664 4232 1037 664 664 664 578 1037 664 4529 664 578 1037 664 664 664 1448 578 578 290
664 664 664 1037 664 664 664 290 290 578 2728 1279 664 664 578 2728 2728 2728 1279 1279
4529 4529 4529 4529 4529 4232 4232 4232 4232 475 4529 475 4529 475 475 2728 475 4529 2728 2728
290 290 1279 2728 1279 2728 1279 578 2728 2728 2728 1279 1279 2728 1279 578 2728 1279 578 2728
2728 1279 578 2728 1279 4232 578 2728 2728 1279 578 2728 2728 578 1279 2728 1279 4529 290 664
4232 290 290 578 2728 1279 578 2728 2728 2728 1279 1279 2728 578 578 2728 578 578 2728 2728
4232 4529 1448 1448 1448 1448 1448 1448 1448 1448 1448 1448 1448 1448 578 290 4232 578 1037 4529
1448 1448 1448 1448 1448 1448 1448 1448 1448 1448 1448 1448 4426 4426 4529 4529 1448 1448 1448 1448
4232 578 4232 1037 1037 4529 664 4232 4232 664 664 4232 4232 4232 4232 2728 290 2728 2728 4232
2728 2728 1648 2728 1648 2728 2728 1279 475 475 475 475 475 475 1648 1648 475 475 2728 2728
1448 1448 1448 1448 1448 4426 4426 4426 4426 4426 4426 2728 4426 4426 2728 4426 2728 4426 4426 290
1037 664 664 664 664 4232 4232 4232 4232 4529 4529 4529 4529 4529 4529 4232 4232 4232 4232 1648
4529 664 664 4529 1037 664 664 664 578 4232 1037 664 664 664 578 1448 4529 664 664 664
4232 4232 4232 4232 4232 290 4232 4232 4232 475 475 475 475 475 475 475 475 475 475 475
4529 4232 4529 4232 4232 2728 2728 4232 4232 4232 4232 4232 290 4232 4232 475 475 475 475 475
4232 1037 4529 664 4529 4529 4529 1448 1448 1448 1448 1448 1448 1448 1448 1448 1448 1448 1448 1448
4529 4529 4529 578 2728 2728 2728 1279 2728 1279 4529 1448 1448 1448 1448 290 4529 1448 1448 1448
1279 4232 4232 290 290 1279 2728 1279 578 2728 2728 2728 1279 1279 2728 1279 578 2728 2728 1279
4529 578 2728 578 1279 2728 1279 290 4529 4529 4529 4529 4529 4529 4529 4232 4232 475 475 475
1448 1448 290 4529 1448 1448 1448 1448 1448 1448 1448 1448 290 4529 4529 4529 4529 4232 290 4529
664 4232 4232 664 1037 664 664 664 664 664 664 664 578 1037 664 664 664 290 1037 664
2728 1279 1037 1037 664 664 664 664 664 664 4232 4232 2728 1279 2728 2728 578 2728 578 2728
1448 1448 4426 290 290 4426 4426 4426 4426 4426 4426 1448 1448 1448 1448 1448 1448 1448 1448 1448
4232 664 664 578 1448 1448 1448 578 1448 578 1448 1448 1448 1448 1448 1448 1448 1448 1448 1448
4426 1448 1448 4426 4426 4426 1448 4426 4426 4426 4426 4426 4426 4426 4426 4426 4426 1448 1448 1448
1279 2728 1648 2728 2728 1279 1648 1279 2728 2728 1279 2728 1279 2728 2728 2728 475 4529 475 4529
578 2728 578 4529 290 1037 664 4529 4529 4529 4529 4232 4232 475 475 475 475 475 475 475
2728 1279 4529 664 4529 664 4529 4529 4529 4529 290 290 2728 1648 2728 2728 1648 1648 1648 1648
4426 4426 4426 4426 4426 4426 4426 4426 4426 4426 1448 1448 1448 1448 1448 1448 4426 4426 1448 4426
4529 664 664 4529 1037 664 664 664 4232 1037 664 4529 664 4232 4232 4529 290 1279 2728 1279
475 475 664 475 475 475 475 475 475 4529 664 664 664 664 1037 664 4232 664 4232 4232
2728 1279 578 2728 1279 578 2728 1279 578 2728 1279 578 2728 578 1037 664 664 664 1448 1448
664 4529 4529 4529 1448 4529 1037 4529 4529 4529 4232 1037 4529 4529 4529 4529 4529 1448 4529 4529
578 1279 2728 1279 290 4529 4529 4529 4232 4232 475 475 475 475 475 475 475 475 475 4529
578 2728 4232 578 4232 1037 4529 664 4529 4529 4529 1448 1448 1448 1448 1448 1448 1448 1448 1448
2728 2728 1279 1279 2728 1279 578 2728 2728 1279 290 290 578 2728 2728 1279 578 2728 664 664
664 664 664 664 664 664 664 664 664 664 664 664 578 664 664 664 664 664 664 664
1279 578 2728 1279 578 2728 1279 1279 2728 1279 4529 290 4529 4529 4529 4529 4529 4529 1037 4232
1448 1448 1448 1448 1448 1448 1448 1448 1448 1448 1448 1448 1448 1448 1448 4426 4426 4426 4426 4426
1279 578 578 2728 578 1448 1279 2728 1279 578 2728 2728 2728 1279 1279 2728 1279 578 2728 1279
4232 290 2728 1279 2728 1279 578 2728 2728 2728 1279 1279 2728 1279 578 2728 1279 578 1037 2728
1448 1448 1448 1448 1448 1448 1448 1448 1448 1448 1448 1448 4529 664 290 290 290 4529 1037 4529
4529 290 4232 1448 1448 1448 1448 290 1448 1448 1448 1448 4529 4529 4529 4529 4529 4529 4529 4232
475 4529 4232 4529 1448 1448 1448 1448 1448 1448 1448 1448 1448 1448 1448 1448 1448 1448 1448 1448
4529 4529 4529 4232 4232 475 475 475 475 475 4232 475 475 475 475 4529 664 664 1037 664
664 664 475 664 475 664 475 664 664 664 664 664 1037 664 664 4232 4232 664 664 664
4529 4529 4232 4232 475 475 664 475 4529 475 664 475 475 475 475 475 664 664 664 664
4232 4232 4232 1648 1648 475 475 475 475 2728 2728 1648 2728 1648 2728 2728 1279 475 475 1648
664 664 290 290 1279 2728 1279 578 2728 2728 2728 1279 1279 2728 1279 578 2728 1279 578 2728
1648 2728 2728 1279 1037 1037 664 664 4232 4232 664 664 4232 4232 4529 4529 4529 4529 4529 4529
475 4529 4529 1037 475 4529 4529 4529 4529 4529 4529 4529 4529 4529 1037 1037 4529 4529 4529 4529
664 578 2728 1279 664 578 2728 2728 1279 578 2728 2728 578 4529 4529 4529 4529 4232 4232 475
475 475 4529 4232 4529 1448 1448 1448 1448 1448 1448 1448 1448 1448 1448 1448 1448 1448 1448 1448
4426 1987 1987 1987 1987 1987 1987 1987 1987 1987 1987 1987 1987 1987 1987 1987 1987 1987 1987 1987
1279 1279 2728 1279 578 2728 2728 1279 578 2728 2728 1279 578 2728 2728 1279 4529 578 2728 2728
2728 1279 578 2728 2728 2728 1279 1279 2728 1279 578 2728 1279 578 2728 1279 578 2728 2728 1279
664 2728 1279 475 4529 2728 1279 664 664 578 4529 2728 664 1279 664 475 664 1037 664 664
664 664 578 1448 1037 664 4529 4529 290 578 578 578 4529 1037 4529 4529 1448 578 4529 4529
475 475 4232 4232 475 475 475 475 475 4232 1037 4529 4529 664 664 4529 1448 1037 664 664
1448 1448 4529 578 290 290 2728 1037 664 664 4529 664 1448 1448 1448 1448 1448 1448 1448 1448
475 2728 1279 475 578 2728 2728 2728 1279 1279 475 2728 1279 1037 578 4529 4529 2728 1279 475
1279 578 2728 2728 1279 1279 2728 1279 4529 290 4529 4529 4529 4529 4529 4529 4529 4232 4232 475
578 2728 1279 578 2728 2728 2728 1279 1279 2728 1279 578 4529 2728 1279 664 664 4529 2728 1279
2728 1279 578 2728 2728 1279 1279 2728 1279 4529 290 4529 4529 4529 4529 4529 4529 4529 4232 4232
4426 4426 578 290 4426 2728 4426 4426 4529 4232 1448 1448 1448 1448 1448 1448 1448 1448 1448 1448
2728 2728 1279 1279 2728 1279 578 2728 1279 578 2728 1279 578 2728 1279 578 4529 290 1279 2728
1648 2728 2728 1648 4232 4232 1037 1037 664 664 664 664 664 664 2728 1648 2728 2728 1279 1648
664 4232 4232 475 4529 475 4529 664 664 4529 475 664 1037 664 664 664 664 1037 664 664
1448 1448 1448 1448 664 664 4529 664 578 290 578 578 664 664 1037 1037 664 664 4232 4232
578 2728 2728 1279 578 2728 2728 578 1648 1648 2728 2728 1648 578 2728 2728 1279 1037 1037 664
4529 4529 4529 4529 578 578 290 290 578 578 1448 1448 1448 1448 1448 1448 1448 1448 4529 4529
1037 4529 4529 4232 1448 1448 1448 1448 4232 1448 1448 1448 1448 1448 1448 1448 1448 1448 1448 1448
4529 4529 4232 4232 4232 4232 290 290 2728 2728 4232 4232 4232 4232 4232 4232 4232 4232 4232 290
4529 4232 4232 2728 2728 4232 4232 4232 4232 4232 290 4232 4232 475 475 475 475 475 475 475
1648 2728 2728 1648 1648 1648 1648 2728 2728 2728 2728 2728 1648 1648 2728 2728 1648 4529 4529 475
2728 4529 1279 4232 578 2728 1279 1279 2728 1279 4529 290 4529 4529 4529 4232 4232 475 475 475
475 475 475 475 475 475 475 475 475 4232 4232 4232 1037 4529 4529 4529 4529 4529 578 1037
664 664 4529 664 1037 664 664 664 4529 1037 664 664 664 578 4232 4529 664 664 664 578
4426 4426 4426 4426 4426 4426 4426 4426 4426 4426 4426 4426 4426 4426 4426 1448 4426 4426 4426 4426
4232 664 664 664 664 664 664 664 664 664 664 664 664 664 664 578 664 664 664 664
1648 2728 2728 2728 1648 2728 1279 2728 2728 2728 4529 664 475 664 475 4529 1037 1037 2728 578
4232 4232 4232 475 475 475 475 475 475 475 475 475 1037 4529 4232 1448 1448 1448 1448 1448
2728 1279 2728 2728 2728 2728 1279 475 4529 475 4529 2728 1279 2728 2728 1279 2728 1279 2728 2728
4232 4529 4529 4529 4529 4232 4232 475 475 475 475 475 475 475 475 475 475 475 578 475
475 664 4529 4529 4529 664 664 475 664 664 4529 4529 664 664 4529 4529 664 664 578 4232
664 664 664 4232 4232 4529 664 4529 4529 4529 475 664 664 664 475 664 664 664 664 664
1448 290 4529 4529 4529 4232 4232 475 475 475 475 475 475 475 475 475 4529 4529 4529 664
4426 4426 4426 4426 4426 4426 4426 4426 4426 4426 1448 1448 1987 1448 1987 1987 1987 1987 1448 1448
1279 578 2728 1279 578 2728 2728 1279 578 2728 2728 578 4232 4529 4529 4529 4529 4232 4232 4232
2728 578 578 578 2728 578 1448 1279 2728 1279 578 2728 2728 2728 1279 1279 2728 1279 578 2728
2728 1279 578 2728 2728 2728 1279 1279 2728 1279 578 2728 1279 578 2728 578 578 2728 1279 4529
1448 4426 1448 1448 1448 1448 4426 4426 4426 290 578 2728 4426 4426 2728 2728 2728 4426 4426 2728
1279 2728 1279 578 2728 2728 2728 1279 1279 2728 1279 578 2728 1279 578 4232 4232 2728 1279 578
578 2728 1279 578 2728 2728 2728 1279 1279 2728 578 578 2728 1279 578 2728 2728 1279 578 2728
1448 1448 1448 1448 1448 1448 1448 1448 4232 4232 1448 1448 1448 1448 4529 4529 4529 4529 4529 290
4529 4529 4529 4232 4232 4232 4232 4232 475 475 475 475 475 475 475 475 578 475 475 475
475 475 475 475 4529 664 4529 664 4529 1037 664 664 4232 4232 4529 4529 4529 4232 4232 475
2728 1648 2728 2728 1648 1037 4529 664 664 4232 4232 664 664 4232 4232 4529 4529 4529 4529 4529
1448 1448 1448 1448 1448 1448 1448 1448 1448 1448 1448 1448 1448 1448 1448 4426 290 290 2728 4529
4232 4232 4232 290 1279 2728 1279 578 2728 2728 2728 1279 1279 2728 1279 578 2728 2728 1279 578
4529 4529 4529 4529 4529 4529 4529 4529 4529 4529 4529 1037 1037 4529 4529 4529 4529 4529 4529 1037
2728 4232 4232 4232 4232 4232 578 4232 4232 475 475 475 475 475 475 475 475 475 1037 664
1279 2728 1279 578 2728 2728 2728 1279 1279 2728 1279 578 2728 2728 1279 578 2728 2728 1279 578
4232 4232 4232 4232 1648 1648 4232 4232 2728 2728 2728 1648 2728 1648 2728 2728 1648 1648 1648 2728
4529 4232 4529 1448 1448 1448 1448 1448 1448 1448 1448 1448 1448 1448 4232 1448 1448 1448 1448 1448
664 2728 2728 2728 290 1279 2728 1279 2728 2728 1279 4529 4529 4529 4529 4529 4529 4529 4529 4232
4426 4426 4426 1448 1987 1987 1987 1987 1987 1987 1987 1987 1987 1987 1987 1987 1987 1987 1987 4426
664 578 578 290 290 578 578 1037 1037 664 664 664 664 664 664 1448 1448 578 578 578
2728 1279 4232 4232 1037 1037 664 664 664 664 4232 4232 4529 4529 4529 4529 4529 4529 4232 4232
4426 4426 1448 1448 1448 1448 1448 4426 1448 4426 4426 4426 4426 4426 4426 4426 4426 4426 4426 2728
290 1448 1448 1448 1448 4529 4529 4529 4529 4529 4529 4529 4232 4232 475 475 475 475 475 475
1279 2728 578 578 578 4232 4232 1448 1448 290 290 1037 1037 664 664 664 664 664 664 1448
475 475 475 475 475 475 475 475 475 475 475 475 1037 664 664 290 4529 578 2728 1279
664 664 664 664 664 578 578 578 578 578 578 1037 1037 664 664 664 664 664 664 664
2728 1279 578 2728 2728 578 4232 4529 4529 4529 4529 4232 4232 4232 4232 475 475 475 475 578
4232 290 2728 1279 2728 1279 578 2728 2728 2728 1279 1279 2728 1279 578 2728 1279 578 1037 2728
4232 475 475 475 475 475 475 475 475 475 1037 4529 4232 1448 4232 1448 4529 4529 1448 1448
1448 1448 1448 1448 1448 1448 1448 1448 1448 1448 1448 1448 4529 4529 4529 290 290 4529 290 1037
475 475 2728 1648 2728 2728 2728 1279 2728 2728 1279 475 475 1648 1279 2728 2728 1279 2728 2728
1987 1987 1987 1987 1987 1987 1987 1987 1987 1987 1987 1987 1987 1987 1987 1987 1987 1987 578 1987
4529 475 4529 475 475 475 4529 475 4529 475 4529 475 4529 475 4529 475 4529 4529 1037 475
1279 578 4232 4232 2728 1279 578 2728 1279 1279 4232 290 1279 2728 1279 2728 1279 578 2728 2728
1987 1987 1987 1987 1987 1987 1987 1987 1987 1987 1987 1987 1987 1987 1987 1987 1987 1987 1987 1987
664 664 475 4232 664 664 664 664 664 1037 664 664 664 290 664 664 664 664 578 1037
1279 2728 1279 578 2728 1279 578 2728 1279 664 664 578 664 664 664 664 2728 1279 664 664
578 2728 1279 578 2728 2728 1279 578 2728 2728 1279 578 2728 2728 578 1279 2728 1279 290 4529
1987 1987 1987 1987 1987 1987 1987 1987 1987 1987 1987 1987 1987 1987 1987 1987 4426 1987 4426 4426
475 475 475 475 475 475 475 475 475 475 475 578 578 1279 2728 1279 475 1037 578 2728
1279 578 2728 2728 2728 1279 1279 2728 1279 578 2728 1279 578 2728 578 578 2728 578 578 290
578 2728 1279 578 2728 1279 578 2728 1279 1279 290 2728 1279 290 578 2728 1279 578 2728 2728
1448 1448 1448 1448 1448 1448 1448 1448 1448 1448 1448 1448 1448 1448 1448 1448 4426 4426 4426 1448
475 475 475 475 475 475 475 475 1037 4529 4232 1448 1448 1448 1448 1448 1448 1448 1448 1448
2728 2728 1279 1279 2728 1279 578 2728 1279 578 2728 1279 578 2728 1279 578 2728 578 4232 1037
