784 1394 1861 1946 1946 1946 1946 742 603 1688 1184 253 1361 603 1688 253 603 253 253 1361
81 623 1094 750 1534 1534 457 457 921 81 623 627 81 623 54 54 54 54 338 54
81 623 627 338 81 623 54 54 54 54 54 54 1535 1022 446 1394 784 784 1719 1568
54 54 1535 1861 446 1394 784 1394 1861 1946 1946 1946 1946 742 603 772 1184 253 1361 603
1688 1184 603 742 1688 1688 1184 1361 446 1394 1535 1022 1394 1861 1603 1603 1603 1603 742 1320
1568 1568 1394 1861 1946 1946 772 1753 457 745 1534 1603 1535 446 457 457 1535 1946 742 603
745 921 921 332 1534 1719 784 1482 1298 1298 1535 1535 1535 1535 81 623 1094 745 1534 921
1372 1298 1372 1298 1596 1596 1596 1596 784 1719 784 81 623 1094 750 921 921 750 1534 1719
338 338 1482 1372 1298 1372 1298 1535 1535 1535 784 1719 1535 81 623 1094 750 921 921 750
1298 1596 1596 1596 1596 784 1719 784 81 623 1094 750 1534 921 750 1534 1719 784 1482 1372
457 745 1535 1603 1535 457 457 1535 1568 1568 1568 1568 1568 1568 1568 1568 1568 1568 745 1753
1022 446 1535 1394 784 1394 1861 1603 1603 1603 1603 742 1320 772 422 422 1361 1320 1320 1688
921 332 1534 81 623 627 338 81 623 54 54 54 784 1861 446 1535 1394 1394 1861 1946
784 1482 1298 1298 1535 1535 1535 81 623 1094 750 1534 921 457 457 921 81 623 627 338
603 253 772 1688 1184 772 446 1394 1535 1535 1022 1394 1861 1603 1603 1603 1603 742 1320 1320
1535 1535 81 623 1094 332 1534 921 332 1534 81 623 627 338 81 623 54 54 54 1535
1094 745 1534 921 332 1534 1719 784 1482 1298 1298 1535 1535 1535 81 623 1094 745 1534 921
1022 1394 1535 1022 1394 1861 1603 1603 1603 1603 742 1320 772 921 422 1361 1320 1320 1688 422
81 623 1094 332 921 921 332 1534 81 623 627 338 81 623 1320 1320 1320 1535 1022 446
332 921 921 332 1534 1719 784 1482 1298 1298 1535 1535 1535 81 623 1094 332 1534 921 332
742 603 1688 1184 253 1361 603 603 1688 1184 742 772 1361 1184 1361 446 1394 1719 784 1535
921 750 1534 81 623 627 338 81 623 1320 1320 1320 1320 1320 1320 1535 1022 446 1394 784
1320 1320 1688 422 742 772 1361 422 1361 1022 1394 1535 1022 1394 1861 1603 1603 1603 1603 742
772 422 422 1361 1320 1320 1688 422 422 772 1361 422 772 446 1394 1719 784 1535 1535 1022
623 1320 1320 1320 1535 1022 446 1394 1719 784 1535 1022 784 1394 1861 1603 1603 1603 1603 742
1568 1568 1568 1568 1568 745 1753 457 745 1535 1688 1753 1320 1535 457 1320 745 1535 457 1535
750 1534 1719 784 1482 1372 1298 1372 1298 1535 1535 1535 81 623 1094 750 1534 921 750 1534
1482 1372 1298 1372 1298 1535 1535 1535 1535 784 1719 81 623 1094 750 1534 1534 457 457 921
457 457 1535 1946 742 603 603 1688 1184 253 1361 603 603 1688 1184 603 603 253 772 1361
1719 446 1568 1568 1568 1568 1568 1568 1568 1568 1568 784 745 1753 745 745 1535 1603 1535 457
1394 1861 1603 1603 1603 1603 742 1320 772 422 422 1361 1320 1320 1688 422 742 772 1361 422
603 1688 1184 253 1361 603 603 1688 1184 742 772 1361 1184 1361 446 1394 1719 784 1535 1022
1022 446 1394 784 1394 1861 1603 1603 1603 1603 742 1320 772 422 422 1361 1320 1320 1688 422
1298 1298 1596 1596 784 1719 81 623 1094 332 921 921 332 1534 1719 784 1482 1298 1298 1535
446 1394 784 784 1719 1568 1719 1568 1568 1568 1568 1568 1568 1568 1568 1568 332 921 457 745
1535 1535 81 623 1094 332 1534 921 332 1534 81 623 627 338 81 623 1320 1320 1320 1535
81 623 54 54 54 784 1861 446 1535 1394 1394 1861 1946 1946 1946 1946 742 603 1688 1184
1482 1320 1320 1022 1022 1535 1394 784 1394 1861 1603 1022 1603 1603 742 1320 772 422 422 1361
1861 1603 1603 1603 1603 742 1320 1320 1688 422 422 1361 1320 1320 1688 422 1320 1320 742 772
1394 1861 1603 1603 1603 1603 742 1320 772 1534 422 1361 1320 1688 422 1320 422 772 1361 1534
1534 1394 1535 1535 1603 921 457 457 921 422 921 745 745 1535 1603 1534 745 457 1535 1568
1372 1298 1535 1535 1535 784 1719 1535 81 623 1094 750 921 921 750 1534 81 623 627 338
623 1094 745 1534 921 332 1534 1719 784 1482 1298 1298 1535 1535 1535 81 623 1094 745 1534
457 921 81 623 627 81 623 54 54 54 54 338 54 54 1022 446 1394 1535 784 784
1094 750 1534 921 750 1534 1719 784 1482 1372 1298 1372 1298 1535 1535 1535 81 623 1094 750
1603 1603 1603 1603 742 1320 772 422 422 1361 1320 1688 1534 742 1320 772 1361 422 1361 446
1603 1603 1603 742 1320 772 422 422 1361 1320 1688 1534 1320 422 772 1361 422 772 446 1394
81 623 627 338 81 623 54 54 54 54 54 54 1535 1022 446 1394 784 784 1719 1568
623 1094 332 1534 921 332 1534 81 623 627 338 81 623 54 54 54 1535 1022 446 1394
81 623 627 338 81 623 1603 1320 1320 1535 1022 446 1394 1719 784 784 1394 1861 1603 1603
1534 921 332 1534 1719 784 1482 1298 1298 1535 1535 1535 81 623 1094 745 1534 921 332 1534
457 457 1534 332 1094 745 745 1535 627 1534 745 745 1535 1568 1568 1568 1568 1568 1568 1568
1596 1596 784 1719 81 623 1094 332 921 921 332 1534 1719 784 1482 1298 1298 1535 1535 1535
332 1534 81 623 627 338 81 623 54 54 54 1535 1861 446 1394 784 1394 1861 1946 1946
745 1534 921 457 457 921 81 623 627 338 81 623 1320 1320 1320 1535 1022 446 1394 1394
457 745 1534 1603 1535 446 457 457 1535 1946 742 603 603 1688 1184 253 1361 603 603 1688
1596 1596 784 1719 81 623 1094 332 1534 921 332 1534 1719 784 1482 1298 1298 1535 1535 1535
1753 745 745 1535 1603 1535 457 457 1535 1568 1568 1568 1568 1568 1568 1568 1568 1568 1568 1394
784 1719 81 623 1094 332 921 921 332 1534 1719 784 1482 1298 1298 1535 1535 1535 81 623
1372 1298 1535 1535 1535 784 1719 1535 81 623 1094 750 921 921 750 1534 81 623 627 338
1596 1596 1596 784 1719 784 81 623 1094 750 1534 921 750 1534 1719 784 784 81 1320 1482
921 332 1534 1719 784 1482 1298 1298 1535 1535 1535 81 623 1094 745 1534 921 332 1534 81
1596 1596 784 1719 81 623 1094 745 1534 921 332 1534 1719 784 1482 1298 1298 1535 1535 1535
1568 1568 1568 1568 1568 1568 1568 1568 1394 1861 1603 1603 1603 1603 742 1320 1320 745 422 422
1535 81 623 1094 745 1534 921 332 1534 81 623 627 338 81 623 1603 1320 1320 1535 1022
422 1298 1361 1320 1320 1688 422 422 772 1361 422 772 1022 1394 1719 784 1535 1535 1022 1298
1596 1596 784 1719 81 623 1094 332 1534 921 332 1534 1719 784 1482 1298 1298 1535 1535 1535
784 1394 1861 1946 1946 1946 1946 742 603 772 1184 253 1361 603 603 1688 1184 253 772 1361
784 784 1394 1861 1946 1946 1946 1946 742 603 772 1184 253 1361 603 1688 1184 603 253 772
623 1094 332 1534 921 332 1534 81 623 627 338 81 623 1320 1320 1320 1535 1022 446 1394
784 81 623 1094 750 1534 921 750 1534 1719 784 1482 1372 1298 1372 1372 1535 1535 1535 81
1946 745 1753 457 745 1534 1603 1535 446 457 457 1535 1946 742 603 603 1688 1184 253 1361
921 750 1534 1719 784 1482 1372 1298 1372 1298 1535 1535 1535 81 623 1094 750 1534 921 750
921 745 457 921 81 623 627 338 81 623 1320 1320 1320 1022 446 1535 1394 1298 1394 1719
1394 1861 1603 1603 1603 1603 742 1320 772 1534 422 1361 1320 1688 422 1320 422 772 1361 1534
1534 921 745 457 921 81 623 627 81 623 54 338 54 54 1535 1022 446 1394 1719 784
332 1534 81 623 627 338 81 623 54 54 54 1535 1861 446 1394 784 1394 1861 1946 1946
784 784 1394 1861 1946 1946 1946 1946 742 603 772 1184 253 1361 603 1688 1184 603 253 772
1534 81 623 627 338 81 623 54 54 54 54 54 54 1535 1022 446 1394 784 784 1719
1688 1534 742 1320 772 1361 422 1361 446 1394 1535 1022 1394 1861 1603 1603 1603 1603 742 1320
1719 81 623 1094 750 1534 1534 457 457 921 81 623 627 81 623 54 54 54 54 338
1394 1861 1946 1946 1946 1946 742 603 1688 1184 253 1361 603 1688 253 603 253 253 1361 1361
1568 1568 745 1753 457 1596 1535 1603 1753 1320 1535 457 1320 745 1535 745 1535 1603 921 457
54 338 54 54 1861 446 1394 1535 784 1394 1861 1946 1946 1946 1946 742 603 1688 1184 253
745 745 1535 1568 1568 1568 1568 1568 1568 1568 1568 1568 1568 1394 1861 1603 1603 1603 1603 742
1184 772 446 1394 1535 1535 1022 1394 1861 1603 1603 1603 1603 742 1320 1320 1688 422 422 1361
1719 784 1482 1372 1298 1372 1298 1535 1535 1535 81 623 1094 750 1534 921 750 1534 81 623
1361 422 1361 1022 1394 1535 1022 1394 1861 1603 1603 1603 1603 742 1320 772 921 422 1361 1320
1603 1603 1603 742 1320 772 422 422 1361 1320 1688 1534 1320 422 772 1361 422 772 446 1394
81 623 1094 750 1534 921 457 457 921 81 623 627 338 81 623 1320 1320 1320 1535 1022
1320 1320 1535 1022 446 1394 1719 784 784 1394 1861 1603 1603 1603 1603 742 1320 772 422 422
921 332 1534 81 623 627 338 81 623 1320 1320 1320 1535 1022 446 1394 784 1394 1861 1603
338 54 54 1022 446 1394 1535 784 1719 1719 1022 1568 1568 1568 1568 1568 1568 1568 1568 1568
1320 1688 422 422 1361 332 1753 457 1394 1535 1320 1320 1320 1535 745 457 1535 1361 422 1603
1372 1298 1596 1596 1596 784 1719 81 623 1094 332 1534 1298 750 1534 1719 784 1482 1298 1298
921 332 1534 81 623 627 338 81 623 1320 1320 1320 1535 1022 446 1394 784 1394 1861 1603
1535 81 623 1094 745 1534 921 457 457 921 81 623 627 338 81 623 1320 1320 1320 1535
1535 1603 1535 457 457 1535 1568 1568 1568 1568 1568 1568 1568 1568 1568 1568 1394 1861 1946 1946
1535 784 784 1719 446 1568 1568 1568 1568 1568 1568 1568 1568 1568 784 745 1753 457 745 1535
1534 921 332 1534 1719 784 1482 1298 1298 1535 1535 1535 81 623 1094 332 1534 921 332 1534
623 1094 332 921 921 332 1534 1719 784 1482 1298 1298 1535 1535 1535 81 623 1094 332 1534
1534 921 750 1534 1719 784 1482 1372 1298 1372 1298 1535 1535 1535 81 623 1094 750 1534 921
338 81 623 54 54 54 54 54 54 1535 1022 446 1394 784 784 1719 1568 1568 1568 1568
1094 745 1534 921 332 1534 1719 784 1482 1298 1298 1535 1535 81 623 1094 745 1534 921 332
1094 745 1534 921 745 457 921 81 623 627 81 623 54 338 54 54 1535 1022 446 1394
772 1361 422 1361 1022 1394 1535 1022 1394 1861 1603 1603 1603 1603 742 1320 772 921 422 1361
1596 1596 1596 784 1719 81 623 1094 745 921 921 332 1534 1719 784 1482 1298 1298 1535 1535
332 1094 457 745 1535 1603 1535 457 457 1535 1568 1568 1568 1568 1568 1568 1568 1568 1568 1568
1372 1298 1372 1298 1596 1596 1596 1596 784 1719 784 81 623 1094 750 921 921 750 1534 1719
1361 1184 772 446 1394 1535 1535 1022 1394 1861 1603 1603 1603 1603 742 1320 1320 1688 422 422
1535 1022 446 1394 784 784 1719 1568 1568 1568 1568 1568 1568 1568 1568 1568 1568 784 332 1094
623 627 81 623 54 54 54 54 338 54 54 1022 446 1394 1535 784 784 1719 446 1568
772 446 1394 1535 1535 1022 1394 1861 1603 1603 1603 1603 742 1320 1320 1688 422 422 1361 1320
1596 1596 784 1719 81 623 1094 332 1534 921 332 1534 1719 784 1482 1298 1298 1535 1535 1535
1596 784 1719 784 81 623 1094 750 1534 921 750 1534 1719 784 1482 1372 1298 1372 1298 1535
422 422 1361 332 1753 457 1596 1535 1320 1320 1320 1535 745 457 1535 1688 422 1320 1320 422
1094 745 1534 921 332 1534 1719 784 1482 1298 1298 1535 1535 1535 81 623 1094 745 1534 921
1719 1568 1568 1568 1568 1568 1568 1568 1568 1568 1568 784 332 1094 745 1394 1535 1603 1535 457
1568 1568 1568 1568 1568 1568 1568 1568 1568 1394 1861 1603 1603 1603 1603 742 1320 1320 745 422
1394 784 1394 1861 1946 1861 1946 1946 742 603 772 1184 253 1361 603 1688 1184 603 253 1688
81 623 1094 745 1534 921 457 457 921 81 623 627 338 81 623 1320 1320 1320 1535 1022
1603 742 1320 1320 1688 422 422 1361 332 1753 457 1394 1535 1320 1320 1320 1535 457 457 1535
446 1394 1719 784 1535 1022 784 1394 1861 1603 1603 1603 1603 742 1320 772 422 422 1361 1320
1394 784 1394 1861 1603 1022 1603 1603 742 1320 772 422 422 1361 1320 1320 1688 422 742 772
623 1094 750 921 921 750 1534 81 623 627 338 81 623 54 54 54 54 54 54 1535
750 921 1719 784 1482 1298 1298 1535 1535 1535 81 623 1094 750 1534 921 457 457 921 81
1603 742 1320 332 422 422 1361 1320 1320 1361 422 742 772 1361 422 1361 446 1394 1719 784
1094 745 1534 921 457 457 921 81 623 627 338 81 623 603 1320 1320 1535 1022 446 1394
332 1534 1719 784 1482 1298 1298 1535 1535 1535 81 623 1094 745 1534 921 745 457 921 81
1535 1535 1535 81 623 1094 745 1534 921 332 1534 81 623 627 338 1568 623 54 54 54
1534 921 750 1534 1719 784 784 81 1320 1482 1372 1298 1372 1298 1535 1535 1535 1535 784 1719
623 1320 1320 1320 1535 1022 446 1394 1719 784 1535 1022 784 1394 1861 1603 1603 1603 1603 742
1320 772 422 422 1361 1320 1688 422 1320 422 772 1361 422 1361 1022 1394 1719 784 1535 1022
1603 921 457 457 921 422 1094 745 745 1535 1603 1534 745 745 1535 1568 1568 1568 1568 1568
1603 1320 1320 1535 1022 446 1394 1719 784 784 1394 1861 1603 1603 1603 1603 742 1320 772 422
338 81 623 1320 1320 1320 1535 1022 446 1394 1719 784 1535 1022 784 1394 1861 1603 1603 1603
1094 750 1534 1534 457 457 921 81 623 627 81 623 54 54 54 54 338 54 54 1022
1535 1535 1535 81 623 1094 332 921 921 332 1534 81 623 627 338 81 623 1320 1320 1320
1094 745 1534 921 332 1534 1719 784 1482 1298 1298 1535 1535 81 623 1094 745 1534 921 332
1535 81 623 1094 745 1534 921 457 457 921 81 623 627 338 81 623 1320 1320 1320 1535
784 1719 446 1568 1568 1568 1568 1568 1568 1568 1568 1568 784 745 1753 745 745 1535 1603 1535
332 1534 81 623 627 338 81 623 1320 1320 1320 1535 1022 446 1394 784 1394 1861 1603 1603
1320 772 1361 422 1361 446 1394 1535 1022 1394 1861 1603 1603 1603 1603 742 1320 772 422 422
457 1535 1568 1568 1568 1568 1568 1568 1568 1568 1568 1568 745 1753 457 745 1535 1688 1753 1320
921 332 1534 1719 784 1482 1298 1298 1535 1535 1535 81 623 1094 332 1534 921 332 1534 81
623 627 338 81 623 54 54 54 784 1861 446 1535 1394 1394 1861 1946 1946 1946 1946 742
784 1482 1298 1298 1535 1535 81 623 1094 745 1534 921 332 921 81 623 627 338 81 623
1534 1719 784 1482 1298 1298 1535 1535 1535 81 623 1094 745 1534 921 332 1534 81 623 627
1535 1535 81 623 1094 745 1534 921 332 1534 81 623 627 338 1568 623 54 54 54 1535
784 422 1094 745 1596 921 1603 1535 745 457 1535 1568 1568 1568 1568 1568 1568 1568 1568 1568
1603 1603 1603 1603 742 1320 772 422 422 1361 1320 1688 422 1320 422 772 1361 1534 1361 446
1361 1320 1320 1688 422 742 772 1361 422 1361 1022 1394 1535 1022 1394 1861 1603 1603 1603 1603
1482 1298 1298 1535 1535 1535 81 623 1094 332 1534 921 332 1534 81 623 627 338 81 623
1298 1372 1298 1535 1535 1535 81 623 1094 750 1534 921 750 1534 81 623 627 338 81 623
446 1394 784 1394 1861 1603 1603 1022 1603 742 1320 332 422 422 1361 1320 1320 1361 422 742
623 627 338 81 623 1603 1320 1320 1535 1022 446 1394 1719 784 784 1394 1861 1603 1603 1603
1394 1535 1535 1022 1394 1861 1603 1603 1603 1603 742 1320 1320 1688 422 422 1361 1320 1320 1320
1534 921 332 921 81 623 627 338 81 623 1320 1320 1320 1535 1022 446 1394 784 1394 1861
1568 1568 1568 1568 1568 1568 1568 1568 1568 1568 1394 1861 1603 1603 1603 1603 742 1320 1320 745
1534 1603 1535 1861 457 457 1535 1946 742 603 603 1688 1184 253 1361 603 603 1688 1184 603
921 332 1534 1719 784 1482 1298 1298 1535 1535 1535 81 623 1094 745 1534 921 332 1534 81
1861 1603 1603 1603 1603 742 1320 1320 1688 422 422 1361 332 1753 457 1394 1535 1320 1320 1320
422 1298 1361 1320 1320 1688 422 422 772 1361 422 772 1022 1394 1719 784 1535 1535 1022 1298
1534 1603 1535 1861 457 457 1535 1946 742 603 603 1688 1184 253 1361 603 603 1688 1184 603
1603 921 457 457 921 422 1094 745 745 1535 1603 1534 745 745 1535 1568 1568 1568 1568 1568
1535 1535 1535 784 1719 81 623 1094 745 921 921 745 457 921 81 623 627 338 81 623
1094 745 745 1535 1603 1534 745 745 1535 1568 1568 1568 1568 1568 1568 1568 1568 1568 1568 1394
1394 784 1394 1861 1946 1946 1946 1946 742 603 1688 1184 253 1361 603 603 1688 1184 253 772
623 627 338 1568 623 54 54 54 1535 1861 446 1394 784 1394 1861 1946 1946 1946 1946 742
1719 784 1482 1298 1298 1535 1535 1535 81 623 1094 750 1534 921 457 457 921 81 623 627
784 784 81 81 1482 1372 1298 1372 1298 1535 1535 1535 1535 784 1719 81 623 1094 750 1534
54 1320 54 54 1535 1022 446 1394 784 1719 1719 1568 1568 1568 1568 1568 1568 1568 1568 1568
1535 1535 1535 81 623 1094 745 1534 921 332 1534 81 623 627 338 1568 623 54 54 54
745 457 921 81 623 627 81 623 54 338 54 54 1535 1022 446 1394 1719 784 784 1394
1535 1946 742 603 603 1688 1184 253 1361 603 603 1688 1184 603 603 253 772 1361 1184 772
1320 1320 1320 1535 1022 446 1394 784 1394 1861 1603 1603 1603 1603 742 1320 772 422 422 1361
1298 1372 1298 1535 1535 1535 81 623 1094 750 1534 921 750 1534 81 623 627 338 81 623
1361 603 603 1688 1184 603 603 253 772 1361 1184 772 446 1394 1535 1535 1022 1394 1861 1603
1603 1603 1603 742 1320 1320 1688 422 422 1361 332 1753 457 1394 1535 1320 1320 1320 1535 457
446 1394 784 1394 1861 1946 1946 1946 1946 742 603 772 1184 253 1361 603 603 1688 1184 253
1719 784 1482 1298 1298 1535 1535 1535 1535 784 1719 81 623 1094 745 921 921 457 457 921
1568 1568 1568 1568 1568 1568 1568 1568 1568 1568 784 332 1094 457 745 1535 1603 1535 457 457
1568 1568 1568 1568 1568 745 1753 457 745 1535 1688 1753 1320 1535 457 1320 745 1535 457 1535
784 1719 81 623 1094 332 921 921 332 1534 1719 784 1482 1298 1298 1535 1535 1535 81 623
745 1534 921 457 457 1534 81 623 627 81 623 54 338 54 54 1022 446 1394 1535 784
1719 81 623 1094 745 921 921 745 457 921 81 623 627 338 81 623 1320 1320 1320 1022
1568 1568 1568 1568 1568 1568 1568 1568 1568 1394 1861 1946 1946 1946 332 1753 457 1596 1535 1603
1320 422 422 1361 1719 457 422 772 1320 784 1535 1022 1394 1719 784 1298 1298 1022 1535 1394
81 623 1094 332 921 921 332 1534 1719 784 1482 1298 1298 1535 1535 1535 81 623 1094 332
1946 1861 1946 1946 742 603 772 1184 253 1361 603 1688 1184 603 253 1688 1361 1184 1361 446
1320 1320 1320 1535 1022 446 1394 784 1719 1719 1568 1719 1568 1568 1568 1568 1568 1568 1568 1568
1603 1320 1320 1320 1320 1320 1535 1022 446 1394 784 784 1719 1568 1719 1568 1568 1568 1568 1568
750 1534 81 623 627 338 81 623 54 54 54 54 54 54 1535 1022 446 1394 784 784
253 1361 603 1688 253 603 253 253 1361 1361 1361 1184 772 1394 784 446 1394 1535 1535 1022
1535 457 81 745 1535 745 1535 627 921 457 1753 1535 1535 1022 745 1753 457 1022 1535 1603
1394 1861 1603 1603 1603 1603 742 1320 1320 1688 422 1298 1361 1320 1320 1320 1320 1688 422 742
1372 1298 1535 1535 1535 81 623 1094 750 1534 921 750 1534 81 623 627 338 81 623 1372
1596 1596 784 1719 81 623 1094 332 921 921 332 1534 1719 784 1482 1298 1298 1535 1535 1535
1946 1946 1946 742 603 772 1184 253 1361 603 603 1688 1184 253 772 1361 1184 1361 446 1394
1094 750 1534 921 750 1534 1719 784 1482 1372 1298 1372 1298 1535 1535 1535 81 623 1094 750
332 1534 1719 784 1482 1298 1298 1535 1535 1535 81 623 1094 745 1534 921 332 1534 81 623
1568 1568 1568 1568 784 332 1094 457 745 1535 1603 1535 457 457 1535 1568 1568 1568 1568 1568
623 1094 332 1534 921 332 1534 1719 784 1482 1298 1298 1535 1535 1535 81 623 1094 332 1534
784 1719 784 81 623 1094 750 1534 921 750 1534 1719 784 784 1320 1320 1482 1372 1298 1372
1603 1603 1603 1603 742 1320 772 422 422 1361 1320 1688 1534 742 1320 772 1361 422 1361 446
1534 921 332 1534 1719 784 1482 1298 1298 1535 1535 1535 81 623 1094 332 1534 921 332 1534
54 54 54 54 54 1535 1022 446 1394 784 784 1719 1568 1568 1568 1568 1568 1568 1568 1568
457 1535 1568 1568 1568 1568 1568 1568 1568 1568 1568 1568 1394 1861 1946 1946 745 1753 457 745
81 623 1094 750 921 921 750 1534 1719 784 784 338 1394 1482 1372 1298 1372 1298 1535 1535
1022 446 1394 1535 784 1394 1861 1946 1946 1946 1946 742 603 1688 1184 253 1361 603 1688 253
1534 1719 784 1482 1298 1298 1535 1535 1535 81 623 1094 745 1534 921 332 1534 81 623 627
1596 1596 1596 784 1719 81 623 1094 332 1534 921 332 1534 1719 784 1482 1298 1298 1535 1535
1372 1596 1596 784 1719 81 623 1094 745 1534 921 332 1534 1719 784 1482 1298 1372 1535 1535
332 1534 921 332 1534 81 623 627 338 81 623 1320 1320 1320 1535 1022 446 1394 784 1535
623 1094 332 921 921 332 1534 1719 784 1482 1298 1298 1535 1535 1535 81 623 1094 745 1534
1568 1568 1568 1568 1568 1568 1568 1394 1861 1946 1946 1946 332 1753 457 745 1535 1603 1535 1861
1534 1719 784 1482 1298 1298 1535 1535 1535 81 623 1094 332 1534 921 332 1534 81 623 627
623 627 338 81 623 1320 1320 1320 1022 1022 1535 1394 784 1394 1861 1603 1603 1603 1603 742
1688 1534 742 1320 772 1361 422 1361 446 1394 1535 1022 1394 1861 1603 1603 1603 1603 742 1320
81 623 1094 332 921 921 332 1534 81 623 627 338 81 623 1320 1320 1320 1535 1022 446
784 784 338 338 1482 1372 1298 1372 1298 1535 1535 1535 784 1719 1535 81 623 1094 750 921
921 332 1534 1719 784 1482 1298 1298 1535 1535 1535 1535 81 623 1094 745 1534 921 457 457
603 1688 1184 603 742 1688 1361 1184 1361 446 1394 1535 1022 1394 1861 1603 1603 1603 1603 742
623 1094 332 1534 921 332 1534 81 623 627 338 81 623 54 54 54 1535 1022 446 1394
1394 1861 1946 1946 1946 1946 742 603 772 1184 253 1361 603 603 1688 1184 253 772 1361 1184
81 623 54 338 54 54 1535 1022 446 1394 1719 784 784 1394 1861 1946 1946 1946 1946 742
1535 1535 1535 81 623 1094 745 1534 921 332 1534 81 623 627 338 1568 623 54 54 54
332 1534 81 623 627 338 81 623 1603 1320 1320 1535 1022 446 1394 1719 784 784 1394 1861
1394 1861 1946 1946 1946 1946 742 603 1688 1184 253 1361 603 603 1688 1184 742 772 1361 1184
1596 1596 784 1719 784 81 623 1094 750 1534 921 750 1534 1719 784 1482 1372 1298 1372 1298
1320 1535 1022 446 1394 784 1394 1861 1603 1603 1603 1603 742 1320 772 422 422 1361 1320 1320
623 1094 745 1534 921 332 1534 81 623 627 338 1568 623 54 54 54 1535 1861 446 1394
1568 745 1753 457 1596 1535 1603 1753 1320 1535 457 1320 745 1535 745 1535 1603 921 457 1753
745 457 1535 1688 422 1603 1320 422 422 1361 1361 1361 422 772 1320 784 1535 1022 1394 1719
1719 784 784 81 81 1482 1372 1298 1372 1298 1535 1535 1535 1535 784 1719 81 623 1094 750
784 1719 784 81 623 1094 750 1534 921 750 1534 1719 784 1482 1372 1298 1372 1298 1535 1535
422 1361 1320 1688 422 1320 422 772 1361 422 1361 1022 1394 1719 784 1535 1022 1482 623 1094
772 1753 457 745 1534 1603 1535 446 457 457 1535 1946 742 603 603 1688 1184 253 1361 603
1535 81 623 1094 332 1534 921 332 1534 81 623 627 338 81 623 54 54 54 1535 1022
1534 921 332 1534 81 623 627 338 81 623 1603 1320 1320 1535 1022 446 1394 1719 784 784
1688 1184 603 603 253 772 1361 1184 772 446 1394 1535 1535 1022 1394 1861 1603 1603 1603 1603
1596 1596 784 1719 81 623 1094 332 1534 921 332 1534 1719 784 1482 1298 1298 1535 1535 81
457 1535 1946 742 603 603 1688 1184 253 1361 603 603 1688 1184 603 603 253 772 1361 1184
1022 446 1535 1394 784 1394 1861 1603 1603 1603 1603 742 1320 772 422 422 1361 1320 1320 1688
1535 1535 1535 1535 784 1719 81 623 1094 750 1534 1534 750 457 921 81 623 627 81 623
1534 921 457 457 921 1719 784 1482 1298 1298 1535 1535 1535 81 623 1094 745 921 921 332
921 750 1534 1719 784 784 338 338 1482 1372 1298 1372 1298 1535 1535 1535 784 1719 1535 81
921 81 623 627 338 81 623 1320 1320 1320 1022 446 1535 1394 1298 1394 1719 784 1535 1535
1534 81 623 627 338 81 623 54 54 54 1535 1022 446 1394 784 1394 1861 1946 1861 1946
921 921 745 457 921 81 623 627 338 81 623 1320 1320 1320 1022 446 1535 1394 1298 1394
1361 446 1394 1535 1022 1394 1861 1603 1603 1603 1603 742 1320 772 422 422 1361 1320 1320 1688
623 1320 1320 1320 1535 1022 446 1394 784 1394 1861 1603 1603 1603 1603 742 1320 772 422 422
750 1534 81 623 627 338 81 623 1320 1320 1320 1320 1320 1320 1535 1022 446 1394 784 784
1534 1719 784 1482 1482 1298 1298 1535 1535 784 1719 81 623 1094 745 1534 921 332 1534 81
1298 1372 1298 1535 1535 1535 81 623 1094 750 1534 921 750 1534 81 623 627 338 81 623
1534 332 1094 745 745 1535 1603 1534 745 745 1535 1568 1568 1568 1568 1568 1568 1568 1568 1568
784 1719 1568 1719 1568 1568 1568 1568 1568 1568 1568 1568 1568 332 921 457 745 745 1535 1535
1534 921 332 1534 1719 784 1482 1298 1298 1535 1535 81 623 1094 745 1534 921 332 921 81
1534 921 745 457 921 81 623 627 81 623 54 338 54 54 1535 1022 446 1394 1719 784
81 623 1094 332 1534 921 332 1534 81 623 627 338 81 623 54 54 54 1535 1022 446
1320 1535 1022 446 1394 784 1394 1861 1603 1603 1022 1603 742 1320 332 422 422 1361 1320 1320
1719 784 1482 1372 1298 1372 1298 1535 1535 1535 81 623 1094 750 1534 921 750 1534 81 623
422 1361 1320 1320 1688 422 742 772 1361 422 1361 1022 1394 1535 1022 1394 1861 1603 1603 1603
81 623 1094 750 1534 921 750 921 1719 784 1482 1298 1298 1535 1535 1535 81 623 1094 750
1394 1861 1603 1603 1603 1603 742 1320 772 422 422 1361 1320 1320 1688 422 422 772 1361 422
742 603 603 1688 1184 253 1361 603 603 1688 1184 603 603 253 772 1361 1184 772 446 1394
1298 1298 1596 1596 784 1719 81 623 1094 745 1534 921 332 1534 1719 784 1482 1298 1372 1535
1535 1535 81 623 1094 750 1534 921 750 1534 81 623 627 338 81 623 54 54 54 54
1535 1568 1568 1568 1568 1568 1568 1568 1568 1568 1568 745 1753 457 745 1535 1688 1753 1320 1535
1535 1535 81 623 1094 745 1534 921 745 457 921 81 623 627 81 623 54 338 54 54
81 623 54 338 54 54 1022 446 1394 1535 784 1394 1861 1946 1946 1946 1946 742 603 1688
1603 742 1320 332 422 422 1361 1320 1320 1361 422 742 772 1361 422 1361 446 1394 1719 784
1394 784 1394 1861 1603 1603 1603 1603 742 1320 772 422 422 1361 1320 1688 422 742 1320 772
623 1094 332 1534 921 332 1534 81 623 627 338 81 623 1320 1320 1320 1535 1022 446 1394
603 253 772 1688 1184 772 446 1394 1535 1535 1022 1394 1861 1603 1603 1603 1603 742 1320 1320
1022 446 1394 1719 784 1535 1022 784 1394 1861 1603 1603 1603 1603 742 1320 772 422 422 1361
1568 1568 1568 1568 784 332 1094 457 745 1535 1603 1535 457 457 1535 1568 1568 1568 1568 1568
1596 1596 1596 784 1719 784 81 623 1094 750 1534 921 750 1534 1719 784 784 81 1320 1482
1603 1320 1320 1535 1022 446 1394 784 1394 1861 1603 1603 1022 1603 742 1320 1688 422 422 1361
1596 784 1719 81 623 1094 745 1534 921 332 1534 1719 784 1482 1482 1298 1298 1535 1535 784
81 623 54 54 54 1535 1022 446 1394 784 1394 1861 1946 1861 1946 1946 742 603 772 1184
1603 1603 1603 1603 742 1320 772 422 422 1361 1320 1320 422 1320 742 772 1361 422 772 446
623 54 338 54 54 1535 1022 446 1394 1719 784 784 1394 1861 1946 1946 1946 1946 742 603
627 81 623 54 338 54 54 1535 1022 446 1394 1719 784 784 1394 1861 1946 1946 1946 1946
1568 1568 1568 1568 1568 1568 1568 1568 1568 1394 1861 1946 1946 745 1753 745 745 1534 1603 1535
921 750 1534 81 623 627 338 81 623 1320 1320 1320 1320 1320 1320 1535 1022 446 1394 784
1596 784 1719 81 623 1094 745 921 921 332 1534 1719 784 1482 1298 1298 1535 1535 1535 1535
1534 921 750 921 1719 784 1482 1298 1298 1535 1535 1535 81 623 1094 750 1534 921 457 457
1094 750 1534 921 750 1534 81 623 627 338 81 623 1320 1320 1320 1320 1320 1320 1535 1022
1394 1861 1603 1603 1603 1603 742 1320 772 422 422 1361 1320 1688 1534 742 1320 772 1361 422
1534 921 332 1534 81 623 627 338 81 623 54 54 54 784 1861 446 1535 1394 1394 1861
422 1361 332 1753 457 1596 1535 1320 1320 1320 1535 745 457 1535 1688 422 1320 1320 422 422
623 627 338 81 623 1320 1320 1320 1535 1022 446 1394 784 1394 1861 1603 1603 1603 1603 742
921 81 623 627 81 623 54 54 54 54 338 54 54 1022 446 1394 1535 784 784 1719
332 921 457 1534 422 1535 1535 1603 1535 457 457 921 422 921 745 745 1535 1603 1534 457
623 1603 1320 1320 1535 1022 446 1394 1719 784 784 1394 1861 1603 1603 1603 1603 742 1320 772
1298 1372 1298 1535 1535 1535 784 1719 1535 81 623 1094 750 921 921 750 1534 81 623 627
784 1719 81 623 1094 332 1534 921 332 1534 1719 784 1482 1298 1298 1535 1535 81 623 1094
1568 1568 1568 1568 1568 1568 1568 1568 1568 1568 1394 1861 1946 1946 1946 332 1753 457 1596 1535
1719 784 1482 1298 1298 1535 1535 1535 81 623 1094 750 1534 921 457 457 921 81 623 627
750 1534 1719 784 1482 1372 1298 1372 1298 1535 1535 1535 81 623 1094 750 1534 921 750 1534
1535 1535 1535 81 623 1094 745 1534 921 457 332 1534 81 623 627 1022 623 54 338 54
1394 1861 1603 1603 1603 1603 742 1320 1320 1688 422 1298 1361 1320 1320 1320 1320 1688 422 742
623 1094 750 1534 921 750 1534 1719 784 1482 1372 1298 1372 1298 1535 1535 1535 81 623 1094
1603 1535 457 457 1535 1568 1568 1568 1568 1568 1568 1568 1568 1568 1568 745 1753 457 1596 1535
623 1603 1320 1320 1320 1320 1320 1535 1022 446 1394 784 784 1719 1568 1719 1568 1568 1568 1568
623 627 338 81 623 54 54 54 54 54 54 1535 1022 446 1394 784 784 1719 1568 1568
1320 1320 1535 1022 446 1394 784 1394 1861 1603 1603 1603 1603 742 1320 772 422 422 1361 1320
1320 422 772 1361 422 1361 446 1394 1719 784 1535 1022 784 623 1094 332 1534 921 457 1534
1320 772 422 422 1361 1320 1688 422 1320 422 772 1361 422 1361 1022 1394 1719 784 1535 1022
1022 446 1394 784 1394 1861 1603 1603 1603 1603 742 1320 772 422 422 1361 1320 1320 1688 422
745 1534 921 332 1534 1719 784 1482 1298 1298 1535 1535 1535 81 623 1094 745 1534 921 332
623 1094 745 1534 921 332 1534 81 623 627 338 81 623 1603 1320 1320 1535 1022 446 1394
745 457 1535 1568 1568 1568 1568 1568 1568 1568 1568 1568 1568 1394 1861 1946 1946 1946 332 1753
627 338 81 623 54 54 54 54 54 54 1535 1022 446 1394 784 784 1719 1568 1568 1568
1603 742 1320 1320 1688 422 422 1361 332 1753 457 1394 1535 1320 1320 1320 1535 457 457 1535
1534 1719 784 1482 1298 1298 1535 1535 1535 81 623 1094 332 921 921 332 1534 81 623 627
54 1320 54 54 1535 1022 446 1394 784 1719 1719 1568 1568 1568 1568 1568 1568 1568 1568 1568
1094 332 1534 921 332 1534 81 623 627 338 81 623 1320 1320 1320 1535 1022 446 1394 784
1535 81 623 1094 332 1534 921 332 1534 81 623 627 338 81 623 1320 1320 1320 1535 1022
1320 1320 1320 1535 1022 446 1394 784 1394 1861 1603 1603 1603 1603 742 1320 772 422 422 1361
1603 742 1320 332 422 422 1361 1320 1320 422 1320 742 772 1361 422 772 446 1394 1535 1022
1320 1535 1022 446 1394 784 1719 1719 1568 1719 1568 1568 1568 1568 1568 1568 1568 1568 1568 332
81 623 1094 332 921 921 332 1534 1719 784 1482 1298 1298 1535 1535 1535 81 623 1094 745
1946 1946 1946 1946 742 603 772 1184 253 1361 603 603 1688 1184 253 772 1361 1184 1361 446
750 1534 1719 784 784 81 81 1482 1372 1298 1372 1298 1535 1535 1535 1535 784 1719 81 623
1320 1535 1022 446 1394 1719 784 1535 1022 784 1394 1861 1603 1603 1603 1603 742 1320 772 422
745 1534 921 332 1534 1719 784 1482 1298 1298 1535 1535 1535 1535 784 1719 81 623 1094 745
1568 784 422 1094 745 332 921 1603 1535 745 457 1535 1568 1568 1568 1568 1568 1568 1568 1568
81 623 1094 332 1534 921 332 1534 81 623 627 338 81 623 1320 1320 1320 1535 1022 446
784 1719 81 623 1094 332 1534 921 332 1534 1719 784 1482 1298 1298 1535 1535 1535 81 623
1568 1568 784 422 1094 745 332 921 1603 1535 745 457 1535 1568 1568 1568 1568 1568 1568 1568
627 338 81 623 1320 1320 1320 1535 1022 446 1394 784 1394 1861 1603 1603 1603 1603 742 1320
1298 1298 1596 1596 784 1719 81 623 1094 332 1534 921 332 1534 1719 784 1482 1298 1298 1535
338 81 623 1320 1320 1320 1535 1022 446 1394 784 1394 1861 1603 1603 1603 1603 742 1320 772
1298 1596 1596 784 1719 81 623 1094 750 1534 921 750 921 1719 784 1482 1298 1372 1535 1535
1568 1568 1568 1568 1568 1568 1568 1568 784 332 1094 457 745 1535 1603 1535 457 457 1535 1568
784 332 1094 457 745 1535 1603 1535 457 457 1535 1568 1568 1568 1568 1568 1568 1568 1568 1568
784 784 338 338 1482 1372 1298 1372 1298 1535 1535 1535 784 1719 1535 81 623 1094 750 921
921 457 457 921 1719 784 1482 1298 1298 1535 1535 1535 81 623 1094 745 921 921 332 921
457 457 921 1719 784 1482 1298 1298 1535 1535 1535 81 623 1094 745 921 921 332 921 81
772 1361 1184 772 446 1394 1535 1535 1022 1394 1861 1603 1603 1603 1603 742 1320 1320 1688 422
921 332 1534 1719 784 1482 1298 1298 1535 1535 1535 81 623 1094 745 1534 921 332 1534 81
1298 1596 1596 784 1719 81 1719 1094 750 1534 921 750 1534 1719 784 1482 1298 1372 1535 1535
1298 1596 1596 784 1719 81 623 1094 745 1534 921 332 1534 1719 784 1482 1482 1298 1372 1535
1535 1688 422 1603 1320 422 422 1361 1361 1361 422 772 1320 784 1535 1022 1394 1719 784 1298
921 81 623 627 81 623 54 54 54 54 338 54 54 1022 446 1394 1535 784 784 1719
1603 1753 1320 1535 457 422 457 1535 745 1535 627 1534 457 1753 1535 1535 1022 745 1753 457
1394 1535 784 784 1719 446 1568 1568 1568 1568 1568 1568 1568 1568 1568 784 745 1753 457 745
1298 1596 1596 784 1719 81 623 1094 745 1534 921 332 1534 1719 784 1482 1298 1372 1535 1535
1719 784 81 623 1094 750 921 921 750 1534 1719 784 784 1320 1394 1482 1372 1298 1372 1298
1535 1535 81 623 1094 745 921 921 332 921 81 623 627 338 81 623 1320 1320 1320 1022
921 750 1534 1719 784 1482 1372 1298 1372 1298 1535 1535 1535 81 623 1094 750 1534 921 750
332 1534 1719 784 1482 1298 1298 1535 1535 1535 81 623 1094 745 1534 921 332 1534 81 623
332 1534 1719 784 1482 1298 1298 1535 1535 1535 81 623 1094 745 1534 921 332 1534 81 623
1719 784 81 623 1094 750 1534 921 750 1534 1719 784 1482 1372 1298 1372 1298 1535 1535 1535
1534 921 332 1534 81 623 627 338 81 623 54 54 54 1535 1022 446 1394 784 1394 1861
1534 921 457 457 921 81 623 627 338 81 623 1320 1320 1320 1535 1022 446 1394 1394 1861
623 1094 745 921 921 332 921 81 623 627 338 81 623 1320 1320 1320 1022 446 1535 1394
457 457 921 81 623 627 338 81 623 603 1320 1320 1535 1022 446 1394 1394 1861 1603 1603
1482 1298 1298 1535 1535 1535 81 623 1094 332 1534 921 332 1534 81 623 627 338 81 623
1568 1568 1394 1861 1946 1946 772 1753 457 745 1534 1603 1535 446 457 457 1535 1946 742 603
1719 784 1482 1298 1298 1535 1535 1535 81 623 1094 332 921 921 332 1534 81 623 627 338
623 54 54 54 1535 1861 446 1394 784 1394 1861 1946 1946 1946 1946 742 603 772 1184 253
1861 1603 1603 1603 1603 742 1320 772 422 422 1361 1320 1320 1688 422 742 772 1361 422 772
745 921 921 332 1534 1719 784 1482 1298 1298 1535 1535 1535 1535 81 623 1094 745 1534 921
1568 1568 1568 745 1753 457 1596 1535 1603 1753 1320 1535 457 1022 745 1535 745 1535 1603 1534
1596 784 1719 81 623 1094 332 1534 921 332 1534 1719 784 1482 1298 1298 1535 1535 81 623
1372 1298 1596 1596 1596 1596 784 1719 784 81 623 1094 750 1534 921 750 1534 1719 784 784
1535 1320 1320 1320 1535 745 457 1535 772 422 1320 1320 422 422 1361 1361 1361 422 772 1320
1022 446 1394 784 784 1719 1568 1568 1568 1568 1568 1568 1568 1568 1568 1568 784 332 1094 457
1534 81 623 627 338 81 623 1320 1320 1320 1022 1022 1535 1394 784 1394 1861 1603 1022 1603
253 1361 603 1688 253 603 253 253 1361 1361 1361 1184 772 1394 784 446 1394 1535 1535 1022
81 623 1094 745 1534 921 332 1534 1719 784 1482 1298 1298 1535 1535 81 623 1094 745 1534
784 1719 784 81 623 1094 750 1534 921 750 1534 1719 784 1482 1372 1298 1372 1298 1535 1535
1719 784 81 623 1094 750 921 921 750 1534 1719 784 784 1320 1394 1482 1372 1298 1372 1298
1719 784 1482 1482 1298 1298 1535 1535 784 1719 81 623 1094 745 1534 921 332 1534 81 623
1320 1320 1535 1022 446 1394 1719 784 784 1394 1861 1603 1603 1603 1603 742 1320 772 422 422
784 1394 1861 1603 1603 1603 1603 742 1320 772 422 422 1361 1320 1688 422 742 1320 772 1361
1535 1535 81 623 1094 750 1534 921 750 1534 81 623 627 338 81 623 1320 1320 1320 1320
1394 1535 1535 1022 1394 1861 1603 1603 1603 1603 742 1320 1320 1688 422 422 1361 1320 1320 1688
446 1535 1394 784 1394 1861 1603 1603 1603 1603 742 1320 772 422 422 1361 1320 1320 1688 422
784 1719 81 623 1094 750 1534 921 750 921 1719 784 1482 1298 1298 1535 1535 1535 81 623
1094 332 1534 921 332 1534 81 623 627 338 81 623 1320 1320 1320 1535 1022 446 1394 784
1719 784 1482 1298 1298 1535 1535 1535 81 623 1094 745 1534 921 332 1534 81 623 627 338
745 1534 921 332 1534 81 623 627 338 81 623 1320 1320 1320 1022 1022 1535 1394 784 1394
1320 1320 1535 1022 446 1394 784 1719 1719 1568 1719 1568 1568 1568 1568 1568 1568 1568 1568 1568
332 921 921 332 1534 81 623 627 338 81 623 1320 1320 1320 1535 1022 446 1394 784 1394
338 81 623 54 54 54 54 54 54 1535 1022 446 1394 784 784 1719 1568 1568 1568 1568
1535 742 603 603 1688 1184 253 1361 603 603 1688 1184 603 603 253 772 1361 1184 772 446
1596 784 1719 81 623 1094 745 1534 921 332 1534 1719 784 1482 1298 1298 1535 1535 1535 81
784 1482 1298 1298 1535 1535 1535 81 623 1094 332 1534 921 332 1534 81 623 627 338 81
750 1534 1719 784 784 338 338 1482 1372 1298 1372 1298 1535 1535 1535 784 1719 1535 81 623
1372 1298 1372 1298 1535 1535 1535 1535 784 1719 81 623 1094 750 1534 1534 457 457 921 81
784 1719 81 623 1094 745 1534 921 332 1534 1719 784 1482 1298 1298 1535 1535 1535 81 623
1298 1535 1535 1535 81 623 1094 750 1534 921 457 457 921 81 623 627 338 81 623 1320
1094 745 1534 921 332 1534 1719 784 1482 1298 1298 1535 1535 1535 81 623 1094 745 1534 921
1534 81 623 627 338 81 623 1320 1320 1320 1320 1320 1320 1535 1022 446 1394 784 784 1719
1719 1568 1719 1568 1568 1568 1568 1568 1568 1568 1568 1568 745 921 457 745 745 1535 1535 1603
1719 81 623 1094 745 1534 921 332 1534 1719 784 1482 1482 1298 1298 1535 1535 784 1719 81
81 623 54 54 54 1535 1861 446 1394 784 1394 1861 1946 1946 1946 1946 742 603 772 1184
1022 1022 1535 1394 784 1394 1861 1603 1022 1603 1603 742 1320 772 422 422 1361 1320 1320 1688
1535 742 603 603 1688 1184 253 1361 603 603 1688 1184 603 603 253 772 1361 1184 772 446
54 338 54 54 1022 446 1394 1535 784 784 1719 446 1568 1568 1568 1568 1568 1568 1568 1568
1535 1535 1535 784 1719 81 623 1094 750 1534 1534 750 457 921 81 623 627 81 623 54
921 81 623 627 338 81 623 603 1320 1320 1535 1022 446 1394 784 1394 1861 1603 1603 1022
750 921 1719 784 1482 1298 1298 1535 1535 1535 81 623 1094 750 1534 921 457 457 921 81
1534 921 332 1534 81 623 627 338 1568 623 54 54 54 1535 1861 446 1394 784 1394 1861
921 332 1534 1719 784 1482 1298 1298 1535 1535 1535 81 623 1094 745 1534 921 332 1534 81
623 1603 1320 1320 1535 1022 446 1394 1719 784 784 1394 1861 1603 1603 1603 1603 742 1320 772
81 623 1094 745 1534 921 457 457 1534 81 623 627 81 623 54 338 54 54 1022 446
1534 332 1094 745 745 1535 1603 1534 745 745 1535 1568 1568 1568 1568 1568 1568 1568 1568 1568
1094 745 1534 921 332 1534 1719 784 1482 1298 1298 1535 1535 1535 1535 784 1719 81 623 1094
1861 1603 1603 1603 1603 742 1320 772 422 422 1361 1320 1320 1688 422 422 772 1361 422 772
1568 1568 1568 1568 1568 1568 1568 1568 1394 1861 1946 1946 745 1753 745 745 1534 1603 1535 446
1603 1603 742 1320 332 422 422 1361 1320 1320 422 1320 742 772 1361 422 772 446 1394 1535
1603 1603 1603 742 1320 772 422 422 1361 1320 1320 1688 422 742 772 1361 921 772 446 1394
1372 1596 1596 784 1719 81 623 1094 332 1534 921 457 457 921 1719 784 1482 1298 1372 1535
1568 1568 1568 1568 784 422 1094 745 332 1535 1603 1535 745 457 1535 1568 1568 1568 1568 1568
921 332 1534 81 623 627 338 81 623 54 54 54 784 1861 446 1535 1394 1394 1861 1946
338 81 623 54 54 54 1535 1022 446 1394 784 1394 1861 1946 1861 1946 1946 742 603 772
1394 784 784 1719 1568 1568 1568 1568 1568 1568 1568 1568 1568 1568 784 332 1094 457 1596 1535
1361 1184 772 446 1394 1535 1535 1022 1394 1861 1603 1603 1603 1603 742 1320 1320 1688 422 422
1320 1535 1022 446 1394 784 1394 1861 1603 1603 1022 1603 742 1320 332 422 422 1361 1320 1320
446 1394 784 1394 1861 1946 1946 1946 1946 742 603 1688 1184 253 1361 603 1320 1688 1184 253
253 772 1361 1184 772 446 1394 1535 1535 1022 1394 1861 1603 1603 1603 1603 742 1320 1320 1688
1094 332 921 921 332 1534 1719 784 1482 1298 1298 1535 1535 1535 81 623 1094 332 1534 921
1094 750 1534 921 750 1534 81 623 627 338 81 623 54 54 54 54 54 54 1535 1022
1298 1298 1535 1535 1535 81 623 1094 745 1534 921 332 1534 81 623 627 338 1568 623 1320
1719 81 623 1094 745 1534 921 332 1534 1719 784 1482 1298 1298 1535 1535 1535 81 623 1094
332 921 1603 1535 745 457 1535 1568 1568 1568 1568 1568 1568 1568 1568 1568 1568 1394 1861 1946
784 1719 81 623 1094 745 921 921 745 457 921 81 623 627 338 81 623 1320 1320 1320
1946 1946 742 603 1688 1184 253 1361 603 603 1688 1184 742 772 1361 1184 1361 446 1394 1719
54 54 54 54 338 54 54 1022 446 1394 1535 784 784 1719 446 1568 1568 1568 1568 1568
623 1094 745 921 921 745 457 921 81 623 627 338 81 623 1320 1320 1320 1022 446 1535
1372 1298 1596 1596 784 1719 81 623 1094 745 1534 921 332 1534 1719 784 1482 1298 1372 1535
446 1394 784 784 1719 1568 1719 1568 1568 1568 1568 1568 1568 1568 1568 1568 332 921 457 745
422 422 1361 1320 1320 1688 422 742 772 1361 422 1361 1022 1394 1535 1022 1394 1861 1603 1603
1535 457 457 1535 1568 1568 1568 1568 1568 1568 1568 1568 1568 1568 1394 1861 1946 1946 772 1753
784 784 1719 1568 1719 1568 1568 1568 1568 1568 1568 1568 1568 1568 332 921 457 745 745 1535
921 921 750 1534 1719 784 784 338 338 1482 1372 1298 1372 1298 1535 1535 1535 784 1719 1535
1535 1022 1394 1861 1603 1603 1603 1603 742 1320 772 422 422 1361 1320 1320 1688 422 742 772
921 750 921 1719 784 1482 1298 1298 1535 1535 1535 81 623 1094 750 1534 921 457 457 921
332 1753 457 1022 1535 1320 1320 1320 1535 745 457 1535 1688 422 1320 1320 422 422 1361 457
1298 1535 1535 1535 81 623 1094 745 1534 921 332 1534 81 623 627 338 81 623 1298 1320
1603 1320 1320 1535 1022 446 1394 1394 1861 1603 1603 1603 1603 742 1320 332 422 422 1361 1320
81 623 1094 332 1534 921 332 1534 1719 784 1482 1298 1298 1535 1535 1535 81 623 1094 332
1688 422 1320 422 772 1361 422 1361 446 1394 1719 784 1535 1022 1482 623 1094 332 1534 921
1596 1596 1596 784 1719 784 81 623 1094 750 1534 921 750 1534 1719 784 1482 1372 1298 1372
1534 1719 784 1482 1298 1298 1535 1535 1535 81 623 1094 745 1534 921 332 1534 81 623 627
1394 1861 1603 1603 1603 1603 742 1320 1320 1688 422 422 1361 332 1753 457 1394 1535 1320 1320
81 623 1320 1320 1320 1535 1022 446 1394 1719 784 1535 1022 784 1394 1861 1603 1603 1603 1603
627 338 81 623 1603 1320 1320 1535 1022 446 1394 784 1394 1861 1603 1603 1022 1603 742 1320
1372 1298 1535 1535 1535 784 1719 1535 81 623 1094 750 921 921 750 1534 81 623 627 338
1022 1394 1861 1603 1603 1603 1603 742 1320 1320 1688 422 422 1361 1320 1320 1688 422 1022 1320
1320 1320 1535 1022 446 1394 784 1719 1719 1568 1719 1568 1568 1568 1568 1568 1568 1568 1568 1568
1603 742 1320 332 422 422 1361 1320 1320 422 1320 742 772 1361 422 772 446 1394 1535 1022
772 1753 457 745 1534 1603 1535 446 457 457 1535 1946 742 603 603 1688 1184 253 1361 603
446 1394 784 784 1719 1568 1568 1568 1568 1568 1568 1568 1568 1568 1568 784 332 1094 457 1596
623 1320 1320 1320 1535 1022 446 1394 1719 784 1535 1022 784 1394 1861 1603 1603 1603 1603 742
772 1361 1184 772 446 1394 1535 1535 1022 1394 1861 1603 1603 1603 1603 742 1320 1320 1688 422
1719 784 81 623 1094 750 1534 921 750 1534 1719 784 1482 1372 1298 1372 1298 1535 1535 1535
742 603 772 1184 253 1361 603 1688 1184 603 253 1688 1361 1184 1361 446 1394 1535 1022 1394
1719 784 1482 1298 1298 1535 1535 1535 81 623 1094 332 1534 921 332 1534 81 623 627 338
422 1361 446 1394 1535 1022 1394 1861 1603 1603 1603 1603 742 1320 772 422 422 1361 603 1320
921 921 745 457 921 81 623 627 338 81 623 1320 1320 1320 1022 446 1535 1394 1298 1394
81 623 1094 745 1534 921 332 1534 1719 784 1482 1298 1298 1535 1535 1535 81 623 1094 745
1946 742 603 1688 1184 253 1361 603 603 1688 1184 742 772 1361 1184 1361 446 1394 1719 784
784 1482 1298 1298 1535 1535 1535 81 623 1094 745 1534 921 457 457 921 81 623 627 338
54 54 54 1535 1861 446 1394 784 1394 1861 1946 1861 1946 1946 742 603 772 1184 253 1361
921 332 1534 81 623 627 338 81 623 1320 1320 1320 1535 1022 446 1394 784 1394 1861 1603
1535 745 457 1535 1568 1568 1568 1568 1568 1568 1568 1568 1568 1568 1394 1861 1946 1946 1946 332
1094 332 1534 921 332 1534 81 623 627 338 81 623 1320 1320 1320 1535 1022 446 1394 784
338 54 54 1535 1861 446 1394 1719 784 784 1394 1861 1946 1946 1946 1946 742 603 772 1184
1753 457 1022 1535 1603 1753 1320 1535 457 1320 745 1535 745 1535 1603 921 457 1753 1535 1535
1534 1719 784 1482 1298 1298 1535 1535 1535 81 623 1094 332 1534 921 332 1534 81 623 627
784 1394 1861 1946 1946 1946 1946 742 603 1688 1184 253 1361 603 1688 253 603 253 253 1361
1298 1298 1596 1596 784 1719 81 623 1094 332 1534 921 332 1534 1719 784 1482 1298 1298 1535
921 332 1534 1719 784 1482 1298 1298 1535 1535 1535 1535 784 1719 81 623 1094 745 921 921
1372 1298 1596 1596 784 1719 81 623 1094 750 1534 921 750 921 1719 784 1482 1298 1298 1535
1753 457 1022 1535 1603 1753 1320 1535 457 1320 745 1535 745 1535 1603 921 457 1753 1535 1535
338 81 623 1320 1320 1320 1535 1022 446 1394 1719 784 1535 1022 784 1394 1861 1603 1603 1603
1298 1535 1535 1535 81 623 1094 750 1534 921 750 1534 81 623 627 338 81 623 1320 1320
81 745 1535 745 1535 1603 921 457 1753 1535 1535 1022 745 1753 457 1394 1535 1603 1535 457
457 1596 1535 1603 1535 1861 457 745 1535 742 603 603 1688 1184 253 1361 603 603 1688 1184
921 921 332 1534 81 623 627 338 81 623 1320 1320 1320 1535 1022 446 1394 784 1394 1861
1298 1298 1535 1535 1535 81 623 1094 745 1534 921 745 457 921 81 623 627 81 623 54
1603 1603 1603 1603 742 1320 772 422 422 1361 1320 1320 1688 422 742 772 1361 921 772 446
1534 1719 784 784 81 1320 1482 1372 1298 1372 1298 1535 1535 1535 1535 784 1719 81 623 1094
1568 1568 784 745 1753 745 745 1535 1603 1535 457 457 1535 1568 1568 1568 1568 1568 1568 1568
332 1534 1719 784 1482 1298 1298 1535 1535 1535 81 623 1094 745 1534 921 457 457 921 81
1022 446 1394 784 1394 1861 1603 1603 1603 1603 742 1320 772 422 422 1361 1320 1320 1688 422
81 623 627 338 81 623 54 54 54 1535 1861 446 1394 784 1394 1861 1946 1946 1946 1946
1394 1861 1603 1603 1603 1603 742 1320 772 422 422 1361 1320 1320 1688 422 742 772 1361 422
1094 332 1534 921 332 1534 1719 784 1482 1298 1298 1535 1535 1535 81 623 1094 332 1534 921
1535 81 623 1094 750 1534 921 750 1534 81 623 627 338 81 623 54 54 54 54 54
1535 1535 81 623 1094 750 1534 921 750 1534 81 623 627 338 81 623 54 54 54 54
457 1535 1568 1568 1568 1568 1568 1568 1568 1568 1568 1568 1394 1861 1946 1946 1946 332 1753 457
1298 1298 1596 1596 784 1719 81 623 1094 332 921 921 332 1534 1719 784 1482 1298 1298 1535
921 332 1534 81 623 627 338 81 623 54 54 54 1535 1022 446 1394 784 1394 1861 1946
