1757 1254 1254 1254 1254 781 1757 1318 781 1830 1765 1445 1445 781 1765 1445 1445 1445 632 1445
1155 1830 942 1155 1830 1155 1830 1155 1830 942 1155 1155 781 942 1155 1830 942 1155 1830 632
169 781 1765 1757 1757 1941 1757 1254 169 1254 1254 781 1757 1318 781 942 1765 1445 1445 1830
1593 1593 1600 1593 1600 1600 1593 1593 1593 1600 1600 1600 1593 1709 1593 1600 1593 1600 1600 1600
1445 1830 942 1941 1830 1830 1155 781 942 1155 1445 942 1155 1445 1155 1155 781 1941 1318 1941
1254 1254 169 1254 781 1757 1318 781 1445 1765 1445 1445 1445 1765 1445 1445 1445 632 1445 1445
1687 1687 1941 1254 781 1757 1254 781 1445 1155 1445 1445 1445 1155 1445 1445 1445 1765 1445 1445
1155 1830 1155 1830 1155 1830 1155 1830 942 1155 781 1830 1155 1830 942 1155 1155 632 781 632
1130 1274 1274 1274 1130 1130 763 45 763 763 763 763 1687 1687 763 763 763 763 1589 1589
1254 907 1941 907 1941 907 907 1941 1254 907 1941 907 907 1155 1254 907 1941 1687 45 45
942 1155 1155 1830 781 1830 1155 942 1155 1155 1830 1155 1830 1155 1830 1830 1155 1830 1155 1445
907 1941 907 1318 1765 1254 781 1765 1757 1757 1765 1757 1254 169 169 169 781 1757 1318 781
942 1155 1830 1155 1155 781 1155 1155 1155 1155 1757 1318 1687 45 45 45 45 45 1687 1687
1687 1687 763 763 763 1589 763 763 763 1589 907 1274 1130 781 1274 1757 1274 1274 1274 1130
781 1109 1765 1765 781 1155 1765 1757 1757 1254 781 1254 1757 1941 1254 1254 1318 1765 1254 781
1830 1830 1155 1830 1830 1155 1155 1155 1830 781 942 942 1155 1155 1830 1155 1155 781 1155 1155
169 169 781 1757 1318 1318 455 1765 455 455 455 1765 455 455 455 632 455 455 632 632
1941 942 1155 942 1155 942 1155 942 1155 1155 1445 1445 1155 781 1445 1155 1445 1445 1155 1445
1830 942 1155 781 942 1155 1830 1155 632 632 1155 781 632 1155 1757 1757 1254 1687 1687 781
1155 781 1830 1155 1830 942 942 1155 1830 1155 1830 942 1155 781 1155 632 632 632 1757 1254
1830 1830 1318 1155 1830 1830 1830 1155 1830 1445 1941 1254 1155 1445 1155 781 781 1155 942 1830
45 45 763 763 763 763 763 763 781 1130 1757 1274 1130 1130 45 45 763 763 763 1687
1830 1830 1765 1155 1830 1830 1830 781 1830 1155 1155 1445 1155 781 1155 942 942 942 1155 1155
1765 781 632 1155 1765 1757 1757 169 1687 1687 1687 781 1254 1757 1765 169 169 1589 1589 907
1941 1254 1254 1589 1589 907 1941 1254 907 1941 1941 1254 1254 1155 1254 907 1941 1254 907 1765
1155 781 632 1765 1757 1757 1254 1687 1687 781 1254 1757 1765 1254 1254 1687 1589 1589 907 1941
1318 1318 455 1765 455 455 455 1765 455 455 455 1155 455 455 1155 1155 455 632 781 455
1757 1765 169 169 1318 1765 169 781 1765 1757 1757 1765 1757 169 169 169 169 781 1757 1318
1254 781 1757 1318 781 942 1765 1445 1445 1445 1765 1445 1445 1445 1155 1445 1445 1155 1445 781
1155 283 283 632 781 283 1155 283 283 1155 632 632 781 632 632 632 1757 1757 1254 1687
1830 1830 1830 1155 1830 1830 1155 1830 781 1155 1155 1830 942 1155 1155 1830 1155 1155 781 1155
1757 1757 169 781 169 1757 1765 169 169 1318 1765 169 781 1765 1757 1757 1765 1757 169 169
1090 1155 1445 781 1090 1090 1445 1090 632 781 632 632 632 1757 1254 1687 1687 45 45 45
1765 781 1109 1765 1765 781 1155 1765 1757 1757 1254 781 1254 1757 1941 1254 1254 1318 1765 1254
1757 1757 1941 1757 1254 1254 1254 1254 781 1757 781 1445 942 1765 942 1445 1445 1765 658 658
1254 781 1757 1318 781 942 1765 1445 1445 1445 1765 1445 1445 1445 1155 1445 1445 1155 1445 632
1254 1254 781 1757 1318 781 1445 1765 1445 1445 1445 1765 1445 1445 1445 1155 1445 1445 1155 1155
781 1830 1765 1830 1830 1830 1765 1830 1830 1830 1155 1830 1445 1155 1830 781 1155 1155 942 942
1155 283 1765 1765 781 1155 1155 632 1155 1757 1757 1254 781 1254 1757 1941 1254 1254 1318 1765
907 907 1941 1254 907 1765 907 1254 907 1941 1318 1318 1765 169 781 1765 1757 1941 1765 1757
1765 632 781 632 632 1765 1757 1757 1254 1687 1687 1687 781 1254 1765 1757 1155 1254 1254 1589
1687 1589 1589 1941 1589 1687 1687 1687 45 1687 45 1687 907 907 907 907 1589 907 907 907
1254 169 1254 781 1757 1254 781 942 1765 1830 1830 1445 1318 1155 1445 1445 1445 632 1445 1445
1687 1687 1687 781 1254 1765 1757 1155 1254 1254 1589 1589 907 1941 1254 1254 1941 1941 1254 1254
1130 1274 1274 1274 1130 1130 763 45 763 763 763 763 1687 1687 763 763 763 763 1589 1589
1254 781 1757 1318 781 942 1765 1830 1830 781 1765 1830 1830 1445 1155 1830 1830 632 632 632
1155 1757 1757 1130 1687 781 1130 1765 1757 632 1130 1254 763 45 763 763 763 763 1687 1687
1589 1589 1941 1589 1687 1687 1687 1687 1687 45 1687 45 1687 907 907 907 907 907 907 907
1830 1155 942 1830 1155 1765 781 942 1155 1830 942 1155 1445 632 1830 1155 1445 1830 1155 1445
1757 1318 781 942 1765 1830 1830 1830 1765 1445 1445 1445 1155 1830 942 1155 1155 1155 1830 781
763 763 907 907 1765 1130 1318 907 1765 1757 1941 1765 1757 169 1254 169 1254 1318 1757 1318
1765 1757 1757 1941 1757 1254 1254 169 1254 781 1757 781 781 1109 1765 1830 1445 1830 1765 1830
1830 1155 1155 1155 1830 781 942 942 1155 1155 942 1155 1155 781 1155 1155 632 1155 1757 1757
1589 1589 1687 1589 1687 1589 907 907 1589 907 907 907 1589 1589 907 907 907 907 1589 907
1757 1941 1254 1254 1589 1589 907 1941 1254 907 1941 1941 1254 1254 1155 1254 907 1941 1254 907
942 1765 1830 1830 1830 1765 1830 1830 1830 1155 1830 1830 1155 1155 1830 1155 781 942 1830 1155
1254 1155 1445 1830 1445 1941 1941 1254 1254 1155 1445 1445 1445 1155 1445 1445 1941 1254 1155 1445
781 781 781 1589 781 1687 1687 1589 1589 1318 1765 1254 781 1765 1757 1941 1765 1757 169 1254
1589 1941 1589 1687 1687 1687 45 1687 45 45 45 1687 907 907 907 907 907 907 1589 907
1155 1830 1830 1155 1155 1155 1830 781 942 1830 1155 1155 942 942 942 1155 1155 1830 781 1155
1830 1830 1155 1830 1155 1830 1155 1830 1155 1155 781 632 632 632 1155 781 1830 1830 1830 1830
1155 781 1155 632 632 1155 781 1830 1830 942 942 942 1155 781 1830 942 632 632 632 781
1830 781 1830 1155 1830 942 1155 632 632 781 632 1155 1155 1757 1757 1254 1687 1687 1687 781
942 1155 1155 1830 781 1155 1830 1155 1830 1155 1830 1155 1830 1155 294 942 1155 942 1155 781
763 763 763 763 763 763 45 763 763 45 45 1589 763 763 45 45 763 781 781 781
1765 1830 1830 1830 1765 1830 1830 1830 632 1830 1830 1155 1765 1155 1830 781 1830 942 632 632
781 169 1757 1765 1254 1254 1318 1765 169 781 1765 1757 1757 1765 1757 1254 1254 169 169 781
632 1757 1757 169 1687 1687 781 169 1765 1757 632 169 1254 1589 1589 907 1765 1254 1254 1765
1941 1130 1130 763 763 763 763 763 763 763 45 763 763 45 45 1589 763 763 45 45
1941 907 1941 907 1589 1589 907 1941 1254 781 1765 658 1941 1941 1254 1254 1254 1757 1757 1254
907 1941 1941 1254 907 1765 1254 907 1941 1254 907 1765 1941 1254 907 1941 907 907 1765 1254
283 1155 1155 1830 942 942 1155 942 1830 781 1155 942 1155 942 1155 942 1155 1445 1155 658
1765 1757 1757 1765 1757 1254 1254 1254 1254 781 1757 1318 781 942 1765 1445 1445 1445 1765 1445
1155 1830 942 1830 1155 1941 1830 781 1155 1830 1155 1445 942 942 1155 1155 942 1155 1445 942
1155 1830 1155 1830 1155 1445 1155 1830 1155 1445 1155 1445 942 942 1155 781 942 942 1155 1445
283 1155 1155 1830 1155 1545 1545 1155 1155 1830 781 942 1155 1545 1545 1155 632 1155 781 632
781 1830 1765 1830 1830 1830 1765 1830 1445 1155 1830 1445 1830 1155 1155 1830 781 1830 1155 1155
1318 781 1765 1757 1757 1941 1757 1254 1254 169 1318 781 1757 781 781 1109 1765 1445 1445 1830
1155 1830 781 1830 1155 1155 1830 942 1155 1155 1830 1155 1830 1155 1830 942 1155 1155 1830 781
1589 1589 1589 763 763 763 763 763 1687 1687 1589 1589 907 1274 1130 781 1274 1274 1274 1274
1155 942 1155 942 1155 1155 1445 1830 1155 781 1445 1155 1445 942 1155 1445 1445 1155 1445 1155
1254 1254 1765 1254 907 1941 1254 907 1765 1941 1254 907 1941 1941 907 1941 1941 907 907 1765
907 1941 907 1941 1941 1941 1941 1941 1941 1757 1254 781 1254 1757 1941 1254 1254 907 632 632
283 907 1941 907 907 907 1941 907 907 907 1941 907 781 1155 1941 1155 1155 1941 1589 1254
1765 1445 1445 1445 1765 1445 1445 1445 1155 1445 1445 1155 1445 781 1155 1155 942 942 1155 1155
1757 1941 1254 1254 632 169 1589 1589 907 1941 1254 907 1941 1941 1254 1254 907 1941 907 1941
1830 1830 1830 1765 1830 1830 1830 1155 1830 1830 1155 1155 1155 1830 781 942 942 632 1155 942
1600 1593 1593 1593 1600 1600 1600 1593 1593 1593 1600 1593 1600 1600 1600 1600 1593 1600 1600 1600
763 763 907 1155 1155 1445 781 1445 942 1155 1445 1155 1445 942 1155 1445 1155 781 1155 1445
1687 1589 1589 1941 1589 1687 1687 1687 1687 1687 45 1687 45 1687 907 907 907 1589 1589 1589
907 763 763 907 907 907 763 763 763 763 763 763 907 907 1274 1130 907 763 1274 1274
781 781 1155 942 1830 1155 1830 1155 1155 1155 1155 1757 1757 1941 1757 781 1254 1254 1254 1254
1130 1130 1274 1130 907 907 1274 1130 907 1274 763 763 763 763 763 763 907 907 907 763
169 169 781 1757 1318 781 1830 1765 1830 1830 1830 1765 1109 1445 1155 1830 1445 1830 1155 1155
1130 1687 763 45 763 763 763 763 763 763 763 763 763 1687 1687 1589 1589 763 763 1274
1254 781 942 1765 1830 1830 1830 1318 1155 1830 1830 1445 1155 1830 1445 1941 1254 1155 1445 1155
1589 1589 1687 1687 1687 1687 1687 45 45 45 1687 907 907 907 907 907 907 907 1589 907
1765 1254 1254 1589 1589 907 1941 1254 1254 1941 1941 1254 1254 1765 1254 907 1941 1254 907 1765
1589 1589 1589 907 1589 1589 1589 1589 781 1687 1687 1589 1589 1318 1765 1254 781 1765 1757 1765
1254 1765 1757 1765 1941 1254 169 1318 1687 1589 1757 907 1941 1254 1155 1941 1941 1254 1254 632
1254 907 1941 1941 1254 1254 1765 1254 907 1941 1254 907 1765 1941 1254 1155 1941 907 907 1765
763 1687 1687 1589 1757 907 1765 1254 781 1765 1757 1941 1765 1757 1254 1254 1254 1254 781 1757
781 942 1765 1830 1830 1830 1765 1830 1830 1445 1155 1445 1830 1155 1155 1155 1445 781 942 1830
1155 1830 1155 1830 942 1155 781 1830 1155 1445 942 942 1155 1830 1155 1830 942 1155 781 632
1130 763 763 763 763 763 763 763 763 763 763 763 763 763 763 763 763 45 763 763
45 45 1687 907 907 1589 907 907 907 1589 907 907 907 907 907 907 907 907 907 1687
1830 1830 781 1155 1830 1155 1830 1830 1155 1830 1155 1830 1155 1830 942 1830 1155 1155 781 942
283 1830 781 1155 942 1155 1830 1155 1830 1155 1445 1155 942 942 942 1155 1155 1155 781 942
1830 1830 1830 1765 1830 1830 1830 1155 1830 1830 1155 1155 1155 1445 781 942 1830 1155 1155 942
1155 1155 1830 1155 1830 1155 1830 1155 1830 942 942 1155 781 942 1155 942 1155 632 632 632
1757 1941 1254 1254 1318 1765 1254 781 1765 1757 1757 1765 1757 1254 1254 169 169 781 1757 1318
1155 1155 1445 1155 1155 1155 1155 1757 1757 1254 781 1318 1757 1941 1254 1254 1318 1765 169 781
45 45 45 1687 907 907 907 907 907 907 907 907 1589 907 907 907 907 1589 907 907
1155 283 283 1155 1155 1830 781 942 1155 1545 1545 1155 632 1155 781 632 1155 632 1757 1757
763 763 763 763 45 763 763 763 763 45 45 763 763 45 45 45 45 45 45 45
1830 1830 1155 1830 781 1830 1155 1155 1830 1830 1155 1830 1155 1830 1155 1830 632 1155 781 632
1765 781 1765 632 1765 1757 1757 1254 1687 1687 781 1254 1765 1757 1155 1941 1254 169 1318 1687
1941 1254 1589 1589 907 1941 1254 1941 1941 1941 1254 1254 1765 1254 907 1941 1254 907 1765 1941
1589 1589 1589 1687 1687 1589 1757 907 1765 1254 781 1765 1757 1941 1765 1757 1254 1254 1254 1254
1155 1155 1830 1155 1765 781 1155 1155 1155 1941 1757 1757 1254 781 1254 1757 1941 1254 1254 632
1941 1254 1254 1765 1254 907 1941 1254 907 1765 907 1254 1155 1941 907 907 1941 1941 907 907
1757 1757 1254 1687 1687 781 169 1757 1765 1254 1254 632 169 1589 1589 907 1941 1254 1254 1941
942 1830 1155 1830 1155 1830 942 942 1155 1155 1830 781 1155 1830 1155 1830 1155 1830 1155 1445
781 169 1757 1765 169 169 1318 1765 1254 781 632 1757 1765 1765 1941 1254 1254 169 1254 781
1765 1830 942 1830 1155 1830 781 1830 1155 1155 1830 942 1155 1155 1830 1155 1830 1155 1830 942
942 1765 1830 1830 1830 1765 1830 1830 1445 1155 1445 1445 1155 1155 1155 1445 781 1830 942 1155
1830 1155 283 1830 1155 942 781 1155 1155 942 942 632 1155 942 942 942 1155 942 1445 781
781 1757 1318 781 1830 1765 1830 1830 1830 1765 1830 1830 1830 1155 1830 1445 1155 1445 781 1155
1589 1589 1589 781 1589 781 1589 1589 1589 1687 1687 1589 1589 1318 1765 1254 781 1765 1757 1757
781 1830 1765 1830 1830 1830 1765 1830 1445 1155 1830 1445 1830 1155 1155 1830 781 1830 1155 1155
1830 1830 1155 1155 1830 781 1155 1830 1830 1155 1155 1830 1830 1830 632 1830 781 1830 1155 1155
1589 1589 1589 1589 907 1589 781 1589 1589 1589 1687 1687 1589 1589 1318 1765 1254 781 1765 1757
1830 1155 1830 1155 781 1830 1155 1830 942 942 1155 1445 1830 1155 632 781 1155 632 632 1155
907 1274 763 763 763 763 763 763 907 907 907 763 763 907 907 1274 763 763 1130 763
1155 1830 1155 781 1830 942 942 1155 1155 1830 942 1830 632 1155 1445 781 1155 1830 1155 1830
1589 1589 1589 1589 907 1589 1589 1589 1589 1589 1687 1687 1589 1757 1318 1765 1254 781 1765 1757
1687 1687 1687 1687 45 45 45 45 1687 907 907 907 1589 1589 907 907 1589 1589 1589 907
907 1274 1130 907 1274 1274 1130 907 1274 1274 907 763 763 763 763 763 763 763 763 907
1254 1757 1765 1254 1254 1589 1589 907 1941 1254 907 1941 1941 1254 1254 1765 1254 907 1941 1254
1155 1830 1155 1830 1830 1155 781 632 632 632 632 1757 1254 1687 1687 1687 45 45 45 45
1155 1830 942 1155 1830 1155 1155 781 1155 632 632 632 1757 1318 1687 1687 45 45 45 45
1155 1830 1155 781 1830 942 942 1155 1155 1830 942 1830 632 1155 1445 781 1155 1830 1155 1830
1589 781 1687 1687 1589 1757 907 1765 1254 781 1765 1757 1155 1765 1757 1254 1254 1254 1254 781
1757 1254 1254 1254 1254 781 1757 1318 781 1445 1765 1445 1445 1445 1765 1445 1445 1445 632 1445
45 1687 1589 907 1589 907 907 1589 907 907 1589 1589 907 907 907 907 907 1589 1687 1687
1155 781 1155 942 942 942 1155 1155 781 1155 1155 1155 1941 1757 1757 1254 781 1254 1757 1941
1155 1830 781 1830 1155 1155 1155 1830 1830 1830 1830 1155 1830 1830 781 1155 1830 1445 1155 1445
1941 1941 1941 1941 1941 1941 1589 1254 781 1254 1757 1941 1254 1254 907 1155 1155 1254 1765 45
1254 1254 1765 1765 1765 781 1765 1757 1757 1254 781 1254 1757 1254 781 942 1757 632 169 1254
1155 1830 1830 1155 1155 1155 1830 781 1830 1830 1155 1155 942 942 942 632 1830 1830 781 1155
1589 1589 1589 907 781 1589 1589 1589 1589 781 1687 1687 1589 1757 1318 1765 1254 781 1765 1757
283 1155 1155 1155 1765 1757 1757 1765 1757 781 1254 1254 1254 1254 1155 1155 1155 781 632 1757
1155 283 283 1155 632 1155 781 632 1155 632 1757 1757 1254 1687 1687 1687 781 1254 1757 1941
1830 1765 1830 1830 1830 1765 1830 1830 1830 1155 1445 1830 1155 1155 1155 1445 781 942 1445 1155
1757 1254 781 1109 1765 1445 1445 1445 907 1941 1445 1445 781 907 1941 1445 1445 763 907 907
781 1109 283 1155 1155 1830 1155 1155 781 1155 1155 1155 1155 1757 1757 169 781 1254 1757 1941
283 1155 1830 942 1155 632 1155 781 632 1155 632 1757 1757 1254 1687 781 1254 1757 1941 1254
907 907 1941 1941 45 45 907 907 907 1765 1254 781 1765 1757 1941 1941 1757 169 1254 169
1757 1318 781 942 1765 1830 1830 1830 1155 1830 1830 1830 632 1830 294 632 632 1830 632 781
1155 781 1765 1155 1155 1765 1757 1757 169 781 1254 1757 1941 169 1254 1318 1765 169 781 632
1941 1254 1941 1765 1941 1254 1941 1941 1941 1318 1765 169 95 1765 1757 1765 1765 1757 1254 1254
1155 1155 1830 1155 942 1830 942 1155 1155 781 1155 1155 1155 632 658 1941 169 781 169 1757
781 1155 632 632 1155 781 1830 1830 1830 1830 942 1155 781 1830 942 632 632 632 781 632
632 763 763 1090 455 455 1941 781 95 763 763 1155 1155 781 1155 1155 1757 1757 1254 1687
781 169 1757 1765 169 169 1318 1765 1254 781 632 1757 1765 1765 1941 1254 1254 169 1254 781
283 1155 1830 942 1155 632 1155 781 632 1155 632 1757 1757 1254 1687 1687 1687 781 1254 1757
1254 781 1254 1757 1941 1254 1254 907 1765 169 781 632 1757 1765 1765 1757 169 1254 169 169
283 1765 1830 1830 1830 1765 1830 1830 1830 632 1830 1830 1155 1765 1155 1830 781 1830 942 632
1830 1830 1155 1830 1830 1155 1941 1155 1830 781 942 942 1155 1155 942 1155 781 1155 1155 1155
1155 1830 781 1155 1830 1830 1155 1155 1830 1830 1830 632 1830 781 1830 1155 1155 1830 1830 632
1941 1941 1254 1254 1765 1254 907 1941 1254 907 1765 1941 1254 907 1941 1941 1941 1941 1941 1941
632 632 632 632 283 632 632 1757 1757 658 1589 1589 1589 283 95 632 1757 632 781 781
1830 1155 1830 1830 1155 1830 1155 1830 1155 1445 1830 1155 1155 781 942 1155 1445 1830 1830 632
1687 45 1274 907 45 45 1687 907 907 1589 1589 907 907 1589 1589 907 1589 907 907 1589
169 169 1254 781 1757 1318 781 942 1765 1445 1830 1445 1765 1445 1445 1445 1155 1445 1445 632
1254 1318 1941 1941 1318 1318 1765 1254 781 1765 1757 1941 1765 1757 169 169 169 169 781 1757
169 781 1757 1318 781 942 1765 1830 1445 1445 1765 1445 1445 1445 1155 1445 1445 632 1155 632
1830 1155 1830 1155 1830 942 942 1155 1155 1830 781 1155 1830 1155 1830 1155 1830 1155 1445 1155
1254 1765 1757 632 1254 1254 1765 1254 1687 1687 1589 1589 907 1941 1254 907 1941 1941 1254 1254
1941 1830 1155 1830 1155 1830 1155 1830 1155 1830 1830 942 1155 1155 781 942 1155 1830 942 1155
1254 907 1941 1318 1318 1765 169 781 1765 1757 1941 1765 1757 169 169 169 169 781 1757 1318
283 1155 283 1830 781 1155 942 1155 1830 1155 942 1155 942 1155 942 942 942 1155 632 632
781 1765 632 1765 1757 1757 1254 1687 1687 781 1254 1765 1757 1155 1941 1254 169 1318 1687 1589
1254 781 1765 1757 1941 1941 1757 1254 1254 1254 1254 781 1757 1318 781 942 1765 1445 1445 1445
1130 1274 1274 1130 1130 1589 763 45 763 763 763 763 763 763 763 763 763 1687 1687 1589
1090 1090 1155 1090 1155 781 1155 1155 632 1155 1757 1254 1687 45 1687 1687 45 45 45 1687
1589 1941 1589 1687 1687 1687 1687 1687 45 45 45 1687 907 907 907 907 907 1589 907 1589
1765 1757 1757 1765 1757 169 169 1254 1254 781 1757 1318 781 1830 1765 1830 1830 1445 1765 1445
1589 781 1589 781 1687 1687 1589 1757 1318 1765 169 781 1765 1757 1757 1765 1757 169 169 169
45 1687 45 1687 907 907 1589 1589 907 907 1589 1589 1589 907 907 907 907 907 907 907
781 1155 1830 1155 1830 1155 1830 1155 1830 1155 1830 942 632 1155 781 942 632 1830 632 632
1941 1757 1254 1254 1254 1254 781 1757 1254 781 942 1765 1445 1445 1445 907 1941 1445 1445 781
632 1155 1765 1757 1757 1254 1687 1687 1687 781 1254 1757 1765 1254 1254 1589 1757 907 1941 1254
1589 781 1589 781 1589 781 781 1589 781 1687 1687 1589 1757 1318 1765 169 781 1765 1757 1757
907 1254 907 1941 907 907 1765 1254 781 1765 1757 1941 1765 1757 1254 1254 1254 1254 781 1757
1445 1445 1445 1765 1445 1445 1445 1155 1445 1445 1941 1941 1445 781 1155 1445 1445 1941 1155 1445
1687 1687 1687 781 1254 1757 1765 1254 1254 1589 1757 907 1941 1254 907 1941 1941 1254 1254 632
1589 907 1274 907 1274 1274 1274 1274 1274 1130 763 763 763 763 763 763 763 763 763 763
763 763 763 763 763 45 763 763 763 763 45 45 763 763 45 45 45 45 45 45
1765 1757 1757 1254 781 1254 1757 1765 1254 1254 1318 1765 1254 781 1765 1757 1757 1765 1757 1254
763 763 763 763 763 763 763 763 763 763 763 763 763 45 763 763 763 763 763 763
1765 169 781 1765 1757 1757 1941 1757 1254 1254 1254 1254 781 1757 1318 781 942 1765 1445 1445
1589 1130 1130 907 1130 1274 1274 1130 1130 1130 763 45 763 763 763 763 763 763 763 763
1757 1757 1254 1687 1687 1687 781 1254 1757 1941 1254 1254 1155 1254 1589 1589 907 1941 1254 1941
632 781 632 632 632 1757 1757 1254 1687 1687 1687 781 1254 1757 1765 1254 1254 1589 1757 907
1830 1445 1830 1155 1445 1445 1155 1155 1445 781 1155 1830 942 1155 1155 1445 1155 1155 781 1155
1274 1130 763 763 763 763 763 907 1274 1130 907 1274 1274 1130 907 1274 1274 907 763 763
1155 1757 1757 1941 1757 1254 169 169 169 781 1757 1318 781 942 1318 1155 1830 1445 1318 1155
1589 1589 1941 1589 1589 1687 1687 1687 1687 45 1687 45 1687 907 907 907 907 907 1589 907
1757 1254 1254 1254 1254 781 1757 1318 781 942 1765 1445 1445 1445 1765 1155 1445 1445 1445 781
781 632 632 1830 632 781 1830 1155 781 1765 632 1757 1254 1687 1687 1941 907 1687 45 45
1155 1830 1155 781 942 1830 1155 1155 1830 942 1830 942 632 1155 1445 781 1155 1445 632 1445
1155 1830 781 1155 942 1830 1155 1155 1445 1830 942 1155 1155 1445 1445 781 1445 1155 1155 1445
283 1155 781 1830 1830 632 632 1155 781 632 1155 1757 1318 907 907 45 45 907 1589 781
1589 1589 1687 1687 1687 1687 1687 45 45 45 1687 907 907 907 907 907 1589 1589 907 907
1757 1318 781 942 1765 1830 1830 1830 1155 1830 1830 1830 632 1830 294 632 632 1830 632 781
1155 1830 1830 1757 1941 169 169 1155 1155 1830 781 1155 942 942 1155 1155 942 942 1830 632
781 1941 1830 1155 1830 1155 1445 1155 1445 1155 1445 1830 942 1155 942 1445 1155 781 942 1155
1274 1589 1274 1130 1130 45 45 763 763 1687 1687 763 763 763 1589 763 763 763 1589 907
1941 1941 907 1318 1765 1254 781 1765 1757 1155 1765 1757 1254 1254 1254 169 781 1757 1318 781
781 1155 1155 632 1765 1757 1757 1254 781 1254 1757 1765 1254 1254 1318 1765 1254 781 1765 1757
1254 1254 781 1757 1318 781 942 1765 1445 1445 1445 1765 1445 1445 1445 1155 1445 1445 1155 632
169 781 1757 1318 1318 942 1765 1830 1830 1830 1765 1445 1830 1830 1155 1445 1830 1155 1155 1445
1757 632 1254 1254 632 1254 1687 1687 1589 1589 907 1941 1254 907 1941 1941 1254 1254 1765 1254
1757 1941 1757 1254 1254 1254 1254 781 1757 1318 781 942 1765 1445 1445 1445 1765 1445 1445 1445
781 942 942 1155 942 942 1155 1830 1830 1155 1830 1155 781 632 632 632 632 1757 169 1687
1830 1830 1830 1155 1830 1830 1155 1155 1155 1445 781 942 942 1155 1155 942 942 942 632 1155
1254 781 1765 1757 1941 1941 1757 1254 1254 1254 1254 781 1757 1318 781 1445 1765 1445 1445 1445
1589 907 1941 1254 907 1941 1941 907 1254 1765 1254 907 1941 1254 907 1765 1941 1254 907 1941
942 1155 1155 1155 1155 781 1155 294 1830 1830 1155 1757 1757 169 781 169 1155 1830 1445 1445
1830 1155 1830 942 1155 1830 781 942 1155 1830 942 1155 1155 1155 1155 781 632 1155 1941 1757
283 1830 1155 1757 1757 169 781 169 1155 1830 1445 1445 1155 1445 1445 1757 1941 169 169 632
1765 632 1757 1318 1318 1318 1318 781 1757 1318 781 283 632 942 1445 1445 632 1445 1445 1445
283 781 283 942 1155 1155 942 1155 781 1155 1155 632 1941 1757 1757 1254 781 1254 1757 1941
1765 1765 1155 1830 781 1830 942 1155 1155 942 942 942 1765 1765 1830 1155 942 781 1830 632
1318 1090 1090 1090 1090 1155 781 632 632 632 1757 1254 1687 1687 45 45 45 45 45 45
1830 1155 1830 1155 1830 1155 1830 1830 1155 1830 781 1830 1155 942 942 1155 632 632 781 632
283 1155 1155 283 1155 1155 781 1155 1155 1155 1155 1757 1757 1254 781 169 1757 1765 1254 169
1155 1830 781 1155 1155 1830 942 1155 1155 1830 1155 1155 781 1155 1155 1155 1941 1757 1757 1254
1318 1765 169 781 1765 1757 1757 1941 1757 169 1254 169 1254 781 1757 1318 781 1445 632 1445
1155 1155 781 1765 1155 1155 1765 1757 1757 169 781 1254 1757 1941 169 1254 1318 1765 169 781
1757 1757 1254 781 1254 1757 1941 1254 1254 1318 1765 1254 1830 1765 1757 1757 1765 1757 169 169
907 907 1318 1765 1254 781 1765 1757 1155 1765 1757 1254 1254 1254 1254 781 1757 1318 781 942
1830 1830 1830 1155 1830 1830 1155 1155 1155 1830 781 942 1445 1155 1155 942 1830 942 632 1155
942 1155 1155 781 1757 169 781 942 1155 1155 1155 1155 781 1155 294 942 1830 1155 1757 1757
1830 1155 1830 1155 1830 1155 1830 942 1155 1830 942 1155 781 942 1155 1830 632 632 632 632
1155 1155 1830 781 1830 1830 1155 1155 1830 1830 1830 632 1445 1445 781 1155 1445 1155 1445 1830
781 1830 1830 1155 1155 1830 1830 1830 1155 1830 455 781 1155 1445 1155 1445 1830 632 1445 632
763 763 763 763 1687 1687 763 763 763 763 1589 1589 763 907 763 1274 1130 907 763 1274
1589 1687 1687 781 1757 907 1941 1254 781 632 1757 1941 1765 1757 1254 1254 1254 169 781 1757
1155 781 1830 1830 1830 1830 632 1155 1155 781 1155 1830 632 1830 632 1155 1830 1830 1830 1830
1830 1830 781 1765 1830 1830 1155 1155 1155 1830 781 942 942 1155 1155 1830 942 942 632 632
1090 781 907 1941 1445 1090 763 763 907 1155 1155 1445 781 1445 942 1155 1445 1155 1445 1445
1589 1589 907 907 1589 1687 1687 45 45 45 45 45 45 45 1687 1687 1687 1589 1687 45
1254 1254 1318 1765 1254 781 1765 1757 1757 1765 1757 1254 1254 169 169 781 1757 1318 781 942
1830 1830 1830 1765 1830 1830 1830 1155 1830 781 1155 1155 1445 1155 942 1830 942 1155 1155 781
632 283 632 632 1757 1757 1318 1687 1589 1687 658 1318 632 632 632 1254 1318 1589 1589 1274
1830 1830 1830 1765 1830 1830 455 1155 1830 1830 1155 1155 1155 1445 781 1445 455 1155 1155 1155
1830 1155 1830 1155 1830 942 1155 1155 781 942 1155 1830 942 1155 1830 1155 632 781 632 632
1687 1687 1687 45 45 45 45 1687 907 907 1589 907 1589 907 1589 907 907 907 907 1589
1687 1589 1589 1589 1589 1589 1589 1589 1589 907 1589 907 1589 907 907 907 907 1687 1687 1589
1757 1757 169 781 1254 1757 1254 781 942 1757 1765 1254 1254 1765 1445 1830 1445 1765 1445 1445
1687 1687 1687 45 45 45 45 1687 907 907 1589 907 1589 907 1589 907 907 907 907 1589
1687 1687 781 169 1765 1757 632 169 169 1589 1589 907 1941 1254 907 1941 1941 1254 1254 632
1941 1941 1254 1254 1765 1254 907 1941 1254 907 1765 1941 1254 907 1941 907 907 1765 1254 781
907 1155 1155 1830 781 1830 942 1155 1830 1155 1445 942 1155 1445 1155 781 1155 1445 1155 1445
1155 1830 1830 1941 1155 1941 1830 781 942 942 942 1155 1155 1830 942 942 1155 1445 781 1155
1765 1830 1830 1830 1155 1830 1830 1155 1155 1155 1830 781 942 942 1155 1155 1830 1155 1155 781
1589 781 1589 1589 1589 1589 1589 1687 1687 1589 1757 1318 1765 1254 781 1765 1757 1765 1765 1757
1757 169 1687 1687 1687 781 1254 1757 1941 1254 1254 1589 1589 907 1941 1254 907 1941 1941 1254
1709 1600 1709 1709 1709 1274 1709 1709 1709 1600 283 283 1600 1600 283 781 1600 1709 1709 1600
455 455 1155 1155 1830 1155 781 942 942 1155 1155 942 1155 1155 781 1155 1155 632 632 1757
1254 1254 1254 781 1757 1318 781 942 1765 1445 1445 1445 1765 1445 455 455 632 1445 1445 632
1155 781 942 942 1155 942 942 1155 1830 1830 1155 1830 1155 781 632 632 632 632 1757 169
1765 1765 1757 1757 1254 781 1254 1757 1765 1254 1254 1318 1765 1254 781 1765 1757 1757 1765 1757
1757 907 1941 1254 907 1941 907 1254 1254 1941 169 632 907 907 1941 169 907 1765 1941 1254
1254 1254 1765 1254 907 1941 1254 907 1765 907 1254 1155 1941 907 907 1941 1941 907 907 1765
1830 1830 1765 1830 1830 1445 1155 1445 1830 1155 1155 1445 1155 781 942 942 1155 1155 942 1155
1941 1941 1830 942 942 1155 1830 781 1155 1445 1155 1445 1155 1445 1155 1445 1155 1445 1445 942
1254 1254 169 1254 781 1757 1318 781 1445 1765 1445 1445 1445 1765 1445 1445 1445 632 1445 1445
1941 1757 1254 1254 1254 169 781 1757 1318 781 1830 1765 1830 1830 1830 1765 1830 1445 632 1830
781 1757 1318 781 1830 1765 1830 1830 1830 1765 1445 1445 1445 1155 1445 1830 1155 1155 1155 658
1687 45 1687 907 907 1589 907 907 907 907 907 1589 907 907 907 907 907 907 1589 1687
283 1765 1155 1830 1765 1765 781 1155 1155 632 1765 1757 1757 1254 781 1254 1757 1765 1155 1254
1765 1757 1757 1941 1757 1254 1254 1254 1254 781 1757 781 1445 942 1765 942 658 1445 1765 658
1155 1757 1757 1254 781 1254 1757 1765 1254 1254 1318 1765 1254 781 1765 1757 1941 1765 1757 1254
1155 1830 781 942 1830 1155 1155 942 942 942 1155 1155 1830 781 1155 1830 1155 1830 942 1155
942 1155 1155 1830 1155 1830 1155 1830 942 1155 1155 1830 1830 942 1155 1830 942 1155 1830 942
1941 1254 1941 1941 1941 1254 1254 1765 1254 907 1941 1254 907 1765 1941 1254 907 1941 907 1318
1830 1830 1155 1830 1830 1155 1830 1155 781 632 632 632 632 1757 1254 1687 1687 45 45 45
1830 1155 1155 1155 1830 781 1830 942 1155 1155 1830 942 1155 1155 781 1155 1155 1155 1155 1830
781 781 781 1589 781 1687 1687 1589 1589 1318 1765 1254 781 1765 1757 1941 1765 1757 169 1254
1830 1830 1830 1765 1830 1830 1830 1155 1830 1830 1155 1155 1155 1445 781 1445 942 1155 1155 1445
781 1109 283 1155 1155 1830 1155 1155 781 1155 1155 1155 1155 1757 1757 169 781 1254 1757 1941
1274 1130 763 763 763 763 763 907 1274 1130 907 1274 1274 1130 907 1274 1274 907 763 763
169 781 1757 1318 781 1830 1765 1445 1445 1445 1765 1445 1445 1445 1155 1445 1445 632 632 1445
169 781 1155 1757 1941 1941 1757 169 169 169 169 781 1757 1318 781 942 1318 1155 1830 1445
1830 1155 1830 781 1155 1830 942 1155 1830 942 942 1155 781 1155 1155 1757 1757 169 1687 1687
1830 1830 1155 1155 1155 1830 781 1830 942 1155 1155 1830 942 1155 1155 781 1155 1155 1155 1155
1318 1765 1254 1445 632 1757 1765 632 1757 1254 1254 1318 1318 781 1765 781 781 283 632 283
1589 907 1765 1254 781 1765 1757 1941 1765 1757 1254 1254 1254 1254 781 1757 1318 781 942 632
1155 283 1155 1830 1155 942 942 1155 781 942 1155 1155 1155 1155 781 1155 1155 1757 1757 1254
1589 1757 1765 1757 1757 1941 1757 1254 1254 1254 1254 781 1757 1318 781 1830 1765 1445 1830 1830
781 1155 1830 1830 1155 1155 1830 1155 1765 781 1155 1155 632 1155 1757 1757 169 781 1254 1757
781 1155 632 632 1155 781 1830 1830 1830 1830 942 1155 781 1830 942 632 632 632 781 632
1589 1589 1589 1589 1589 907 1589 1589 1589 1589 781 1687 1687 1589 1589 1318 1765 169 781 632
1830 1155 1830 942 632 1830 1155 1830 1155 1830 1155 1155 781 942 1155 1830 942 632 632 1155
283 781 283 1155 1830 942 1155 1830 942 1155 1830 1155 1155 781 1155 632 632 632 1757 1318
632 632 1765 781 1765 1765 632 1757 1757 1254 1254 781 1254 1757 1765 1254 1254 1687 907 45
1941 1254 907 1765 1941 1254 1941 1941 1941 1318 1765 1254 1830 1765 1757 1757 1765 1757 169 1254
1765 1757 1757 1941 1757 1254 1254 169 1254 781 1757 1254 781 942 1765 1830 1830 1830 1318 632
763 763 763 763 763 763 763 45 45 763 763 763 763 45 45 763 45 763 1318 1274
1830 1830 1941 1941 1254 1254 1155 1445 1445 1445 1155 1445 1445 1941 1254 1155 1445 1155 781 1155
455 455 1155 455 455 1155 1155 455 1155 781 455 942 1155 1155 942 1155 1155 781 1155 1155
1757 1254 1254 1254 1254 781 1757 1318 781 1445 1765 1445 1445 1445 1765 1445 1445 1445 1155 1445
781 1757 1318 781 942 1765 1445 1445 1445 1765 1445 1445 1445 632 1445 1445 1155 1155 1445 781
1765 632 632 781 632 1765 632 1757 1757 1254 1687 781 1254 1757 1765 1254 169 1589 1757 907
907 763 763 763 763 763 763 763 763 1274 1130 907 907 1274 1589 1274 1274 1274 1130 1130
1941 169 781 1765 1757 1941 1941 1941 169 169 169 169 781 1318 1757 1318 781 1941 169 1445
1709 1600 1600 1709 283 1600 1593 1593 1600 1600 1709 1593 1593 1600 1709 1709 781 1600 1709 1600
169 781 1757 1318 781 942 1765 1830 1445 1445 1765 1445 1445 1445 1155 1445 1445 632 1155 632
1765 1765 1155 1830 781 1830 942 1155 1155 942 942 942 1765 1765 1830 1155 942 781 1830 632
1687 1941 1254 781 1757 1254 781 1445 1155 1445 1445 1445 1155 1445 1445 1445 1155 1445 1445 1155
1155 283 283 1155 1155 781 632 1155 1830 632 781 1830 1155 781 1155 1155 1757 1254 1687 1687
169 1254 1254 169 781 1757 1318 1318 455 1765 1445 1445 1445 1765 1445 1445 1445 632 1445 1445
1109 1155 1155 1830 1830 781 1155 1830 1155 1445 1155 942 1155 942 1155 1830 1830 942 1155 1155
1757 1757 1941 1757 169 169 169 169 781 1757 1318 781 942 1765 1445 1445 455 1765 1445 1445
1941 1830 1445 942 1830 1941 1941 1445 781 942 1155 942 1155 942 1155 942 1155 942 1155 1155
1687 1589 907 1589 1589 907 907 1589 1589 907 1589 907 907 907 907 907 907 1687 1687 1589
283 1155 632 781 632 632 1155 1757 1757 1254 1687 1687 1687 781 1254 1765 1757 1155 1254 1254
942 1155 1155 1830 1830 781 1155 1830 1155 1830 1155 1830 1155 1830 1155 1830 942 632 1155 781
907 1274 907 907 1130 1274 1130 907 907 1274 1130 907 1274 763 763 763 763 763 763 907
942 1155 1830 1830 1830 1765 1830 1830 1830 1155 1830 1830 632 632 1830 1155 781 632 632 1830
1830 1830 1830 1765 1830 1830 1830 1155 1830 1830 1155 1155 1155 1830 781 942 942 1155 1155 1445
942 1155 1830 942 1155 1830 1155 1155 781 1155 632 632 632 1757 1318 1687 1687 45 45 45
1130 1687 907 1130 1274 1274 1274 1130 1130 763 45 763 763 763 763 1687 1687 763 763 763
1830 781 1830 942 1765 1155 942 942 942 1765 1765 1445 632 942 781 1445 1765 942 1830 632
781 1687 1687 1589 1589 1318 1765 1254 781 632 1757 1765 1765 1757 1254 1254 1254 1254 781 1765
1155 1155 1155 1830 781 1830 942 1155 1155 1445 942 942 1830 632 1445 781 632 1830 1155 1445
763 763 763 763 45 45 763 45 907 1130 1274 1130 781 1274 1274 1274 1274 1274 1130 1130
1765 1830 1830 1830 1765 1830 1830 1830 1155 1830 1445 1155 1830 781 1155 1155 942 1445 632 1155
1254 1941 1941 1941 1941 907 1765 1254 781 1765 1757 1155 1765 1757 1254 1254 1254 1254 781 1757
1155 1155 1830 1830 781 1155 1830 1155 1830 1155 1830 632 1830 1155 1830 942 632 1155 781 1830
1155 283 942 1155 1155 1830 1155 1155 781 1155 1155 1155 1941 1757 1757 1254 781 1254 1757 1941
1589 1589 1589 1589 1589 1589 1589 1589 907 907 907 1589 1589 1589 1589 1589 1687 1687 1589 1757
169 781 1254 1757 1941 1254 169 1318 1765 169 781 1765 1757 1941 1941 1757 1254 169 1254 1254
1155 169 169 1318 1318 1765 1254 781 1765 1757 1757 1765 1757 1254 1254 169 1254 781 1757 1318
1589 781 1687 1687 1589 1589 1318 1765 169 781 1765 1757 1757 1765 1757 169 169 169 169 781
1155 1830 1155 1830 1155 1830 942 1155 781 1830 1155 1830 942 1155 1155 632 781 1155 1155 632
1589 1589 1687 1687 1589 1589 907 1765 1254 781 1765 1757 1757 1765 1757 1254 1254 1254 1254 781
781 1155 1155 942 942 942 1155 1155 1830 942 1830 1155 1830 781 1830 1155 1155 1830 942 1155
1830 1830 1445 1155 1830 1830 1155 1445 1155 781 1155 942 942 1155 1155 1445 942 942 632 1155
632 1155 1757 1318 763 763 45 45 907 907 907 907 1589 907 781 1589 1589 1589 1589 907
763 763 907 907 907 907 1941 45 45 907 907 907 1274 1254 781 1274 1757 1274 1274 1941
283 1155 1765 781 1155 1155 1155 1155 1757 1757 1254 781 1254 1757 1765 1254 1254 1318 1765 1254
1757 1254 1687 1687 781 169 1757 1941 1254 1254 632 169 1589 1589 907 1941 1254 1254 1941 1941
1155 1155 283 1155 1155 781 1155 1155 1155 1155 1757 1757 1254 781 169 1757 1765 1254 169 1318
1757 1318 1318 1318 1318 781 1757 1318 781 283 632 283 1445 1445 632 283 283 1445 632 1445
1687 1589 1757 1318 1765 1254 781 1765 1757 1757 1765 1757 1254 1254 1254 1254 781 1757 1318 781
1155 283 1155 1830 781 942 1155 1830 942 1155 1830 942 1155 1830 1155 1155 781 632 632 632
1589 1589 1589 1589 1589 1589 1589 1589 1589 1589 907 1589 1589 1589 907 907 1687 1687 1589 1589
1545 1830 1155 1155 1155 1830 781 1445 942 1155 1155 1155 1155 1318 1155 1155 1757 1757 1254 781
1155 1830 1830 1830 1155 1155 1830 781 1830 1155 1155 1155 1445 1830 1830 1830 1155 1830 1830 781
1254 907 1765 1941 1254 1941 1941 1941 907 1318 1765 1254 1445 1765 1757 1941 1765 1757 1254 1254
942 1155 1155 1830 781 1155 1830 1155 1830 1155 1830 1155 1830 1155 294 942 1155 942 1155 781
1757 1765 1757 169 169 1254 169 781 1757 1318 781 1830 1765 1830 1830 1445 1765 1445 1830 1830
781 1155 1155 1155 1941 1757 1757 1130 781 1130 1757 1941 1254 1254 1155 169 763 763 763 763
1765 1254 1254 632 1254 1687 1687 1589 1589 907 1941 1254 907 1941 1941 1254 1254 1765 1254 907
1941 1757 1254 1254 1254 1254 781 1757 1318 781 1445 1765 1445 1445 1445 1765 1445 1445 1445 632
1687 1589 1757 1318 1765 1254 781 1765 1757 1757 1941 1757 1254 1254 1254 1254 781 1757 1318 781
632 632 1830 632 781 1830 1155 781 1765 632 1757 1254 1687 1687 1941 907 1687 45 45 45
1941 942 1155 942 1155 942 1941 1155 1445 1445 1155 781 1445 1155 1445 1445 1155 1445 1445 1155
1155 1830 942 1155 781 1830 1155 1830 942 942 1155 1830 1155 1830 942 1155 781 632 632 632
1589 907 1941 1254 907 1941 1941 1254 1254 1765 1254 907 1941 1254 907 1765 1941 1254 907 1941
1155 1155 1830 1830 781 1155 1830 1155 1830 942 1155 1155 1830 1155 1830 1830 1155 1155 1830 781
1589 1589 1589 1589 1589 1589 1589 1589 1589 1589 907 1589 907 1589 907 907 1687 1687 1589 1589
1155 1830 1155 1830 1155 1830 1155 1830 1155 1830 942 1155 1830 781 942 1155 1445 942 1155 632
1687 1687 781 1254 1765 1757 1765 1941 1254 169 1318 1687 1589 1589 907 1941 1254 1155 1941 1941
1254 1318 1765 1254 781 1765 1757 1757 1765 1757 1254 1254 169 1254 781 1757 1318 781 942 632
907 1941 1254 1941 1941 1941 907 1941 907 1589 1589 907 1941 1254 781 1155 658 1941 1941 1254
781 1757 1318 781 942 1765 1830 1830 781 1765 1830 1830 1445 1765 1830 1830 632 632 632 1830
1155 1155 1830 942 1830 1155 1830 781 1155 1830 1155 1830 1155 1830 1155 1830 1155 1830 1155 1445
907 1765 1254 781 1765 1757 1941 1941 1757 1254 1254 1254 1254 781 1757 1318 781 1445 1765 1445
283 283 1155 1155 1155 95 283 1155 1155 632 632 1445 1155 1941 1687 1757 1757 1254 781 1318
1830 1765 1830 1830 1830 1155 1830 1830 1155 1445 1155 781 1155 942 942 1155 1941 1445 942 1445
1941 1254 1941 1941 1941 1254 1254 1765 1254 1941 907 1941 1254 1941 1765 1941 1254 1155 1941 1941
907 1941 1254 907 907 907 907 1941 1254 907 1941 1687 45 45 45 907 1941 1254 781 1155
632 632 1765 781 632 1765 1765 1757 1757 169 1687 1687 1687 781 169 1757 1765 169 169 1589
781 1830 1765 1445 1830 1830 1765 1445 1445 1445 1155 1445 1445 1155 1155 1445 781 1155 1445 1445
1830 1830 1830 632 781 1155 1155 1155 1445 1155 781 1830 1155 1830 781 942 942 1830 942 632
1589 1589 1589 1589 1589 1589 1589 1589 907 1589 1589 1589 1589 1589 1687 1687 1589 1589 907 1765
1757 907 1941 1254 907 1941 907 1254 1254 1941 169 632 907 907 1941 169 907 1765 1941 1254
1254 1254 1254 1254 781 1757 1318 781 1445 1765 1445 1445 1445 1765 1445 1445 1445 1155 1445 1445
1589 1318 1765 1254 781 1765 1757 1757 1765 1757 1254 1254 169 1254 781 1757 1318 781 1445 632
1687 781 1254 1757 1941 1254 1254 1589 1589 907 1941 1254 907 1941 1941 1254 1254 1155 1254 907
1589 1589 781 781 781 781 781 1589 781 1687 1687 1589 1589 1318 1765 1254 781 632 1757 1155
1155 1155 1830 781 942 1830 1155 1830 1155 1830 942 942 1155 1155 1830 781 1155 1830 1155 1830
1254 1254 1765 1254 907 1941 1254 907 1765 1941 1254 1941 1941 907 907 1765 1254 781 632 1757
763 763 95 455 455 1941 1318 455 763 763 1155 1155 1318 1155 1155 1757 1757 1130 1687 781
1254 781 1757 1318 781 1830 1765 1830 1445 781 1765 1445 1445 1445 1155 1445 1445 1155 632 1445
1687 1589 1589 1318 1765 1254 781 632 1757 1765 1765 1757 1254 1254 1254 1254 781 1757 1318 781
1155 942 942 942 1155 1765 1830 942 1830 1155 1830 781 1830 1155 1155 1830 942 1155 1155 1830
45 763 763 763 763 1687 1687 763 763 763 763 1589 1589 763 763 763 1274 1130 907 763
1765 169 781 1765 1757 1757 1941 1757 169 169 169 1254 781 1757 1318 781 942 1765 942 1830
632 781 632 1155 1757 1318 763 763 45 45 907 1589 907 781 1589 781 781 1589 1589 781
907 1941 1254 907 907 907 907 1941 1254 907 1941 1687 45 45 45 907 1941 1254 781 1155
781 1765 658 1757 1941 1254 1254 1254 1757 1757 1254 1254 907 1757 1254 781 1757 1090 907 1941
1757 169 169 1254 169 781 1757 1318 1318 942 1765 1830 1445 1830 1765 1445 1445 1830 632 1445
1318 1318 455 1765 455 455 455 1765 455 455 455 1155 455 455 1155 1155 455 632 781 455
1941 169 781 169 1757 1765 169 169 1318 1765 1254 781 1765 1757 1941 1765 1757 169 169 1254
1830 781 1155 1155 1830 942 1155 1155 1830 1155 1155 781 1155 1155 1155 1941 1757 1757 1254 781
1765 283 1757 1254 781 1254 1757 1941 1254 1254 1318 1765 169 781 632 1757 1765 1765 1757 1254
1687 1589 1757 1318 1765 1254 781 1765 1757 1757 1765 1757 1254 1254 1254 1254 781 1757 1318 781
1830 1830 1765 1830 1830 1445 1155 1445 1445 1155 1445 1155 781 1155 942 942 1155 1155 1445 1445
283 632 1155 1830 1155 1830 1155 1830 1155 1830 942 632 781 942 1155 942 942 1155 632 632
1687 1687 1589 1757 1318 1765 1254 781 1765 1757 1757 1765 1757 1254 1254 1254 1254 781 1757 781
1757 1318 781 942 1765 1830 1830 1830 1765 1445 1830 1445 1155 1445 1830 1155 1155 1830 1155 781
283 1765 1155 781 1155 1155 1155 1155 1757 1757 1254 781 1254 1757 1941 1254 1254 1318 1765 169
283 1765 1830 1765 1155 1765 1155 781 632 1155 1757 1757 1254 1687 1687 781 1254 1765 1757 1155
1589 1589 1589 1589 1589 1589 1589 907 907 907 907 1589 1589 1589 1589 1687 1687 1589 1757 907
1589 1318 632 1757 632 1254 1318 1589 1589 907 1941 1254 1941 1941 1941 1254 1254 1765 1254 907
1155 1830 781 1830 942 1155 1155 1155 1155 1318 1155 1765 1757 1757 1254 781 169 45 1757 1941
1757 1254 1254 169 1254 781 1757 1318 781 942 1765 1830 1445 1830 632 1445 1445 1445 632 1445
1765 1765 1765 1941 1941 1254 1254 1757 1254 1941 1941 907 1941 1254 1941 1765 1941 1254 1941 1941
1687 1687 1687 1687 45 45 45 1687 907 907 907 907 907 1589 907 907 1589 907 907 1589
1155 1155 781 1765 1155 1155 1765 1757 1757 169 781 1254 1757 1941 169 1254 1318 1765 169 781
907 1254 907 1941 907 907 1765 1254 781 1765 1757 1941 1765 1757 1254 1254 1254 1254 781 1757
1589 907 1941 1254 1941 1941 1941 1254 1254 1765 1254 907 1941 1254 907 1765 1941 1254 1155 1941
781 1757 1318 781 1830 1765 1830 1830 1830 1765 1830 1830 1830 1155 1830 1830 1155 1155 1155 1830
907 1765 1254 781 1765 1757 1155 1765 1757 1254 1254 1254 1254 781 1757 1318 781 942 632 1445
1830 632 1155 1830 781 1155 1830 1155 1830 1155 1830 1155 1830 1155 1830 942 1155 1830 1830 1155
1109 1830 1155 781 1830 1830 632 632 1155 781 632 1155 1757 1318 907 907 45 45 907 1589
1155 1830 1155 1830 1155 1830 1155 1830 1155 1445 1155 1445 942 1155 1155 781 942 1155 1445 942
1765 1254 781 1765 1757 1941 1765 1757 1254 1254 1254 1254 781 1757 1318 781 942 1765 1445 1445
907 1941 1254 1941 1941 1941 1254 1254 1765 1254 907 1941 1254 907 1765 1941 1254 1941 1765 1941
1155 1155 1830 781 1155 1830 1155 1830 1155 1830 1155 1830 1155 1830 942 1155 942 1155 781 942
1941 1757 1254 1254 1318 1687 1687 1941 1254 781 1757 1254 781 1445 1155 1445 1445 1445 1155 1445
1757 1254 1941 907 907 1941 1254 907 1765 1941 1254 1941 1941 1941 1941 1318 1765 1254 781 632
942 1830 942 1765 1765 1830 1830 781 1155 1830 1155 1445 1830 1155 1830 1155 1830 1155 1830 942
1941 1941 1757 1254 169 169 169 781 1757 1318 781 942 1318 1155 1830 1445 1318 1155 1445 1445
1589 1589 1589 1589 1589 907 1589 1589 1589 1589 1589 1687 1687 1589 1589 907 1765 1254 781 632
1757 1318 781 942 1765 1445 1445 1445 1765 1445 1445 1445 1155 1445 1445 1155 1445 1155 781 1155
1765 1765 1155 1830 781 1830 942 1155 1155 942 942 942 1765 1765 1830 1155 942 781 1830 632
1941 1254 1254 1765 1254 907 1941 1254 907 1765 1941 1254 1941 1941 1941 907 907 1765 1254 781
1757 1941 1941 1757 169 169 169 169 781 1757 1318 781 942 1765 1445 1445 1445 1765 1445 1445
283 1765 1830 1765 1155 1765 1155 781 632 1155 1757 1757 1254 1687 1687 781 1254 1765 1757 1155
1830 942 1155 1830 942 1155 1445 632 781 632 632 632 632 1757 1254 1687 1687 45 45 45
1155 1155 1830 1155 1830 1830 1155 1830 1155 781 1830 1155 1445 942 942 1155 1445 1830 1155 632
1941 1254 1254 1589 1589 907 1941 1254 907 1941 1941 1254 1254 1155 1254 907 1941 1254 907 1765
942 1830 1155 1765 781 942 1765 1830 942 1155 1445 632 1830 1155 1445 1830 1155 1830 1155 632
1155 283 1155 632 632 1155 1830 632 1687 632 1757 1757 1254 1687 1687 781 1254 1765 1757 632
1830 1830 1155 1155 1830 1155 1830 1155 1830 1155 658 942 942 1155 781 942 1155 942 1155 632
781 632 1765 1757 1757 1254 1687 1687 781 1254 1765 1757 1765 1254 1254 1687 1155 1254 1589 1757
1765 1757 1941 1941 1757 1254 1254 1254 1254 781 1757 781 781 942 1765 1445 1445 1445 1765 1445
45 907 1318 1765 1254 781 1765 1757 1941 1765 1757 1254 169 1254 169 781 1757 1318 781 1445
283 1765 1830 283 632 632 1155 781 632 1155 632 1757 1757 1254 1254 781 1254 1757 1765 1254
1090 1830 1155 1090 1090 1155 1155 781 632 632 632 632 1757 1318 1687 45 45 45 45 45
1589 1274 1130 1130 763 45 763 763 763 763 1687 1687 763 763 763 763 1589 1589 763 763
781 1765 1757 1757 1941 1757 169 1254 169 1254 781 1757 1318 781 1830 1765 1830 1830 1830 1765
1687 1589 1589 1941 1589 1687 1687 1687 1687 1687 45 1687 45 1687 907 907 907 907 907 907
1254 1941 1765 1941 1254 1941 1941 1941 1941 1318 1765 1254 1445 1765 1757 1155 1765 1757 1254 1254
1589 1757 1318 1765 1254 781 1765 1757 1941 1765 1757 1254 1254 1254 1254 781 1757 1318 781 942
1155 1155 1830 781 283 1155 1545 1545 1155 632 1155 781 632 1155 632 1757 1757 1254 1687 1687
1830 1830 1830 1765 1830 1830 1830 632 1830 1830 632 632 1830 781 1155 942 942 942 632 632
907 907 907 1941 907 907 907 1941 907 1941 1155 1941 1155 1155 1941 1589 1254 781 1254 1757
1687 1589 1757 1318 1765 169 781 1765 1757 1757 1765 1757 1254 1254 169 169 781 1757 1318 781
781 1589 781 781 781 781 1687 1687 1589 1589 1318 1765 1254 781 1765 1757 1757 1765 1757 1254
1589 1589 1589 1589 1687 1589 1687 1130 907 907 1589 907 907 907 907 1589 907 907 907 907
1687 1687 1687 1687 45 45 45 45 1687 907 907 907 907 907 907 907 907 1589 1589 907
1757 1254 1254 1254 1254 781 1757 1318 781 1445 1765 1445 1445 1445 1765 1445 455 455 632 1445
781 1757 1318 781 942 1765 1445 1445 1445 1765 1445 1445 1445 1155 1445 1445 1155 1445 781 1155
1757 169 169 169 169 781 1757 1318 781 942 1318 1941 1830 1445 1318 1155 1445 1445 632 1445
1274 1274 1130 1130 45 45 763 763 763 1687 763 763 763 763 1589 1589 45 763 763 1274
1155 1155 1830 781 942 1830 1155 1155 942 1830 942 632 1765 942 1445 781 1155 1830 632 658
1687 1589 1757 1318 1765 1254 781 1765 1757 1757 1765 1757 1254 1254 1254 1254 781 1757 781 781
1318 1765 1254 781 1765 1757 1941 1941 1757 1254 1254 1254 1254 781 1757 1318 781 942 1765 1445
1941 1830 1155 1830 1830 942 1155 1155 781 942 1155 1830 942 1155 1445 942 1155 1445 1155 781
1941 169 1445 45 781 907 1155 1445 1445 1445 1155 1757 1941 1941 1757 169 169 169 169 632
1155 1830 1155 1830 1155 1830 1155 455 942 1155 942 1155 781 942 1155 455 942 1155 1830 1830
1941 1941 1445 1445 942 1830 1941 1941 1445 781 942 1155 942 1155 942 1155 942 1155 942 1155
1757 1765 1254 1254 1589 1757 907 1941 1254 1254 1941 1941 1254 1254 1765 1254 907 1941 1254 907
1589 1589 781 1589 1589 1589 1589 781 1687 1687 1589 1757 1318 1765 1254 781 1765 1757 1941 1765
283 1765 1155 781 1155 1155 1155 1155 1757 1757 1254 781 1254 1757 1941 1254 1254 1318 1765 169
1687 45 45 45 1687 907 907 907 907 907 907 1589 907 1589 907 907 907 907 907 907
1830 1155 1830 1155 1830 1155 1830 1155 1830 1830 1155 1830 781 942 1155 1830 942 1155 632 632
1830 781 1155 1830 1155 1830 1830 1155 1155 1445 1155 1445 1445 1155 1445 1155 781 1445 1155 1445
1589 1589 1589 1589 1589 1589 907 1589 1589 1589 1589 1589 1687 1687 1589 1589 1318 1765 1254 781
1274 1274 1589 1274 907 45 45 763 763 763 763 763 763 1589 1130 1274 1274 1130 1130 45
1545 1155 781 942 942 1155 1155 942 1155 1155 781 1155 1155 1155 1155 1757 1757 1254 781 1254
45 763 763 763 763 1687 1687 763 763 763 763 1589 1589 763 763 763 1274 1130 907 763
1765 1830 1765 781 1109 1765 1765 781 1155 1765 1757 1757 1254 781 1254 1757 1941 1254 1254 1318
1757 1941 1757 1254 1254 1254 1254 781 1757 1254 781 942 1765 1445 1445 1445 907 1765 1445 1445
1765 1254 907 1941 1254 907 1765 1941 1254 907 1941 907 1318 1765 169 781 1765 1757 1757 1765
1589 1589 1589 1589 1589 1589 907 1589 1589 907 1589 1589 907 907 907 1589 45 1589 1589 1589
1274 1274 1589 1274 907 45 45 763 763 763 763 763 763 1589 1130 1274 1274 1130 1130 45
1687 1589 1589 1589 1274 1589 1687 1687 1687 1687 1687 45 1687 45 1687 907 907 907 907 907
1155 1155 1830 781 1830 942 1155 1155 1445 942 942 1830 632 1445 781 632 1830 1155 1445 1155
1274 781 1155 1155 1757 1757 1254 1687 763 763 763 763 907 781 1318 1155 1757 1155 1254 1254
1155 283 781 1830 283 1155 1155 942 1155 1155 781 1155 1155 1155 1155 1757 1757 169 781 169
1830 781 1155 1830 942 1155 1155 1830 1155 1155 781 1155 1155 632 1155 1757 1757 169 781 1254
