486 332 444 370 399 496 496 362 295 486 444 444 399 464 8 332 444 399 496 362
444 399 486 444 444 399 434 142 295 142 295 142 295 492 272 142 295 486 115 444
444 380 464 362 295 486 308 444 399 464 362 295 486 332 444 399 464 142 295 362
399 475 308 444 399 464 362 295 486 115 444 399 464 362 295 486 332 444 370 399
399 486 444 444 399 434 142 295 142 295 492 272 235 295 142 295 486 308 444 416
295 486 115 444 399 486 444 444 399 434 142 295 142 295 486 332 444 380 295 142
37 209 475 115 37 209 282 130 295 370 295 8 308 37 209 434 8 344 37 209
475 115 37 209 282 130 295 370 295 8 308 37 209 434 8 344 37 209 8 492
332 143 362 464 399 295 486 332 444 399 295 362 295 486 115 444 399 486 444 444
115 444 399 464 362 295 486 332 444 370 399 496 496 362 295 486 444 444 399 464
295 8 115 37 416 8 344 37 209 475 115 37 209 282 130 295 370 295 8 115
344 37 209 295 142 295 142 295 8 115 37 416 8 344 37 209 475 308 37 209
295 8 308 37 416 8 344 37 209 475 308 37 209 282 130 295 370 295 8 115
444 380 142 496 496 362 295 486 444 444 399 464 8 308 444 399 295 362 295 486
464 362 295 486 308 444 399 464 362 295 486 332 444 399 464 142 295 362 295 486
8 332 143 399 295 362 295 486 115 444 399 486 444 444 399 434 142 295 142 295
486 308 444 416 8 332 444 399 475 115 444 380 464 362 295 486 308 444 399 464
209 475 115 37 209 282 130 295 370 295 8 308 37 209 434 8 344 37 209 8
475 115 444 380 464 362 295 370 295 8 115 444 399 434 486 332 444 380 8 492
444 416 8 332 444 399 475 115 444 399 496 362 295 370 295 8 115 444 399 486
416 8 344 37 209 475 115 37 209 282 130 295 370 295 8 115 37 209 434 492
272 142 295 142 295 8 37 37 416 8 344 37 209 475 115 37 209 282 130 295
115 444 399 486 444 444 399 434 142 295 142 295 142 295 492 272 142 295 486 308
444 399 464 8 332 444 399 295 362 295 486 115 444 399 486 444 444 399 434 142
295 142 295 486 308 444 416 8 332 444 399 475 115 444 380 464 362 295 486 308
332 444 380 295 142 295 492 272 142 295 486 308 444 416 8 332 444 399 475 115
362 295 486 332 444 399 464 142 295 362 295 486 332 444 399 464 8 332 444 399
295 8 37 37 416 8 344 37 209 475 115 37 209 282 130 295 370 295 8 115
362 295 486 308 444 399 464 8 332 143 399 295 362 295 486 115 444 399 486 444
115 444 399 464 362 295 486 332 444 370 399 496 496 362 295 486 444 444 399 464
416 8 332 444 399 475 308 444 399 464 362 295 370 295 8 115 444 399 434 486
496 486 308 444 416 8 332 444 399 475 115 444 380 464 362 295 370 295 8 115
142 8 332 444 399 475 115 444 380 464 362 295 486 115 444 399 362 496 496 486
486 115 444 399 464 362 295 486 332 444 370 399 496 496 362 295 486 444 444 399
444 416 8 332 444 399 475 115 444 399 464 362 295 486 308 444 399 464 362 295
308 444 399 464 362 295 486 444 444 399 464 235 295 362 295 486 444 444 399 464
282 130 295 370 295 8 115 37 209 496 8 344 37 416 8 492 272 8 344 37
444 444 399 464 142 295 362 295 486 332 444 399 464 8 332 444 399 295 362 295
272 130 295 142 496 142 295 486 37 37 416 8 344 37 209 475 115 37 209 282
486 332 444 399 464 142 295 362 295 486 332 444 399 464 8 332 444 399 295 362
496 362 295 486 444 444 399 464 8 332 143 399 496 362 295 486 115 444 399 486
464 362 295 235 496 8 295 444 399 434 142 8 486 332 444 380 295 142 295 486
444 399 464 142 295 362 295 486 308 444 399 464 8 332 143 399 295 362 295 486
444 444 399 464 8 332 444 399 295 362 295 486 115 444 399 486 444 444 399 434
332 444 399 475 308 444 399 464 362 295 370 295 8 115 444 399 434 486 332 444
486 332 143 362 464 399 295 486 332 444 399 295 362 295 486 115 444 399 486 444
295 142 295 492 272 142 295 486 308 444 416 8 332 444 399 475 308 444 399 464
115 444 380 464 362 295 486 115 444 399 362 496 496 486 444 444 399 464 142 295
486 308 444 416 8 332 444 399 475 115 444 380 464 362 295 486 308 444 399 464
380 142 496 496 362 295 486 444 444 399 464 8 308 444 399 295 362 295 486 115
486 308 444 399 464 362 295 486 444 444 399 464 235 295 362 295 486 444 444 399
332 143 399 295 362 295 486 115 444 399 486 444 444 399 434 142 295 142 295 142
362 295 486 308 143 399 486 444 444 399 434 142 295 142 295 492 272 235 295 142
295 362 295 486 115 444 399 486 444 444 399 434 142 295 142 295 142 295 492 272
444 399 486 444 444 399 434 142 295 142 295 142 295 492 272 142 295 486 308 444
475 115 444 399 464 362 295 370 295 486 308 444 399 434 492 272 486 332 444 380
332 444 399 475 308 444 399 464 362 295 370 295 8 115 444 399 434 486 332 444
464 362 295 486 115 444 399 362 496 496 486 143 444 399 464 142 295 362 295 486
295 142 295 486 332 444 142 295 486 332 444 399 475 115 444 399 464 362 295 486
295 142 496 492 272 142 295 142 295 486 308 444 416 8 332 444 399 475 115 444
380 464 142 295 486 332 444 362 464 399 295 486 332 444 399 295 362 295 486 115
8 332 143 399 295 362 295 486 115 444 399 486 444 444 399 434 142 295 142 295
142 295 486 308 444 416 8 332 444 399 475 115 444 399 496 362 295 370 295 8
399 295 362 295 486 115 444 399 486 444 444 399 434 142 295 142 295 142 295 492
272 142 295 142 295 8 37 37 416 8 344 37 209 475 115 37 209 282 130 295
272 142 295 8 308 37 416 8 344 37 209 475 308 37 209 282 130 295 370 295
308 444 399 464 362 295 486 444 444 399 464 235 295 362 295 486 444 444 399 464
444 399 464 8 332 444 399 295 362 295 486 308 143 399 486 444 444 399 434 142
444 444 399 434 142 295 142 496 492 272 142 295 142 295 486 308 444 416 8 332
399 464 8 308 444 399 295 362 295 486 115 444 399 486 444 444 399 434 142 295
295 486 332 444 399 464 8 332 444 399 295 362 295 486 115 444 399 486 444 444
399 496 362 295 486 115 444 399 486 444 444 399 434 142 295 142 295 142 295 492
272 142 295 486 332 444 380 295 142 295 492 272 142 496 486 308 444 416 8 332
115 444 399 486 444 444 399 434 142 295 142 295 142 295 492 272 142 295 486 115
362 295 486 308 444 399 464 362 295 486 332 444 399 464 142 295 362 295 486 308
295 486 332 444 399 464 8 332 444 399 295 362 295 486 308 143 399 486 444 444
464 362 295 486 444 444 399 464 235 295 362 295 486 444 444 399 464 8 332 444
475 115 444 399 464 362 295 486 115 37 399 464 362 295 486 444 444 380 142 496
399 464 8 308 444 399 295 362 295 486 115 444 399 486 444 444 399 434 142 295
486 444 444 416 8 332 444 399 475 115 444 399 464 362 295 486 308 444 399 464
399 475 115 444 380 464 362 295 486 308 444 399 464 362 295 486 332 444 399 464
486 332 444 399 295 362 295 486 115 444 399 486 444 444 399 434 142 295 142 295
142 295 142 295 142 295 492 272 142 295 486 308 444 416 8 332 444 399 475 308
295 492 272 142 496 486 308 444 416 8 332 444 399 475 115 444 380 464 362 295
295 8 115 37 416 8 344 37 209 475 115 37 209 282 130 295 370 295 8 115
444 416 8 332 444 399 475 115 444 399 464 362 295 370 295 8 115 444 399 434
464 8 332 143 399 295 362 295 486 115 444 399 486 444 444 399 434 142 295 142
464 362 295 486 444 444 399 464 235 295 362 295 486 444 444 399 464 8 332 444
143 399 464 362 295 486 332 444 399 464 142 295 362 295 486 308 444 399 464 8
496 492 272 142 295 8 37 37 416 8 344 37 209 475 115 37 209 282 130 295
399 295 362 295 486 115 444 399 486 444 444 399 434 142 295 142 295 142 295 492
272 235 295 142 295 8 308 444 416 8 332 444 399 475 115 444 399 496 362 295
295 492 272 142 295 142 295 142 295 492 272 235 295 142 295 486 444 444 416 8
464 362 295 486 332 444 370 399 496 496 362 295 486 444 444 399 464 8 332 444
115 444 399 486 444 444 399 434 142 295 142 295 142 295 492 272 142 295 486 308
295 486 308 444 416 8 332 444 399 475 115 444 399 496 362 295 370 295 8 115
272 142 295 8 37 37 416 8 344 37 209 475 115 37 209 282 130 295 370 295
332 444 399 475 115 444 399 464 362 295 370 295 8 308 444 399 434 492 272 486
332 444 399 475 115 444 399 464 362 295 370 295 8 115 444 399 434 492 272 486
295 142 295 142 295 492 272 142 295 486 115 444 416 8 332 444 399 475 115 444
486 332 444 399 464 8 332 444 399 295 362 295 486 308 143 399 486 444 444 399
399 464 362 295 486 444 444 399 464 235 295 362 295 486 444 444 399 464 8 332
434 142 295 142 295 142 295 492 272 142 295 486 308 444 416 8 332 444 399 475
444 416 8 332 143 399 475 115 444 399 464 362 295 370 295 8 115 444 399 434
444 399 295 362 295 486 115 444 399 486 444 444 399 434 142 295 142 295 486 332
444 399 464 8 308 444 399 295 362 295 486 115 444 399 486 444 444 399 434 142
142 295 492 272 142 295 486 115 444 416 8 332 444 399 475 115 444 399 464 362
486 332 444 142 295 486 332 444 399 475 115 444 399 464 362 295 486 115 444 399
8 344 37 209 475 115 37 209 282 130 295 370 295 8 308 37 209 434 8 344
308 444 416 8 332 444 399 475 115 444 380 464 362 295 370 295 8 115 444 399
115 444 399 362 496 496 486 444 444 399 464 142 295 362 295 486 332 444 399 464
37 416 8 344 37 209 475 115 37 209 282 130 295 370 295 8 115 37 209 434
8 332 444 399 295 362 295 486 115 143 399 486 444 444 399 434 142 295 142 295
37 416 8 344 37 209 475 115 37 209 282 130 295 370 295 8 115 37 209 434
115 444 399 486 444 444 399 434 142 295 142 295 492 272 235 295 142 295 486 444
272 235 295 142 295 486 444 444 416 8 332 444 399 475 115 444 399 464 362 295
37 416 8 344 37 209 475 308 37 209 282 130 295 370 295 8 115 37 209 434
399 464 362 295 486 115 444 399 464 362 295 486 444 444 380 142 496 496 362 295
362 295 486 115 444 399 486 444 444 399 434 142 295 142 295 492 272 235 295 142
399 464 8 308 444 399 295 362 295 486 115 444 399 486 444 444 399 434 142 295
142 295 492 272 142 295 486 308 444 416 8 332 444 399 475 115 444 399 496 362
142 295 486 332 444 380 295 142 295 492 272 142 295 486 308 444 416 8 332 444
8 37 37 416 8 344 37 209 475 115 37 209 282 130 295 370 295 8 308 37
444 399 434 142 295 142 295 142 295 492 272 142 295 486 308 444 416 8 332 37
362 295 486 308 444 399 464 8 332 143 399 295 362 295 486 115 444 399 486 444
142 295 142 295 8 115 37 416 8 344 37 209 475 308 37 209 282 130 295 370
115 444 416 8 332 444 399 475 115 444 399 464 362 295 370 295 8 115 444 399
444 416 8 332 444 399 475 115 444 399 464 362 295 486 308 444 399 464 362 295
444 399 475 308 444 399 464 362 295 370 295 8 115 444 399 434 486 332 444 380
295 486 332 444 399 464 142 295 362 295 486 332 444 399 464 8 332 444 399 295
486 444 444 399 434 142 295 142 295 142 295 492 272 142 295 486 308 444 416 8
475 308 444 399 464 362 295 370 295 8 115 444 399 434 486 332 444 380 8 492
399 475 115 444 399 464 362 295 486 308 444 399 464 362 295 486 444 444 399 464
295 492 272 142 295 8 308 37 416 8 344 37 209 475 308 37 209 282 130 295
486 444 444 416 8 332 444 399 475 115 444 399 464 362 295 486 308 444 399 464
475 115 444 399 464 362 295 486 115 37 399 464 362 295 486 444 444 380 142 496
444 416 8 332 444 399 475 115 444 380 464 362 295 370 295 8 115 444 399 434
496 142 496 486 115 444 416 8 332 143 399 475 115 444 399 464 362 295 370 295
142 295 8 37 37 416 8 344 37 209 475 115 37 209 282 130 295 370 295 8
295 8 115 37 416 8 344 37 209 475 115 37 209 282 130 295 370 295 8 115
444 444 416 8 332 444 399 475 115 444 399 464 362 295 486 308 444 399 464 362
444 380 464 142 295 486 332 444 362 464 399 295 486 332 444 399 295 362 295 486
282 130 295 370 295 8 115 37 209 496 8 344 37 416 8 492 272 8 344 37
475 115 37 209 282 130 295 370 295 8 308 37 209 434 8 344 37 209 8 492
399 464 8 308 444 399 295 362 295 486 115 444 399 486 444 444 399 434 142 295
115 444 416 8 332 444 399 475 115 444 399 464 362 295 370 295 8 115 444 399
399 475 115 444 399 464 362 295 486 308 444 399 464 362 295 486 332 444 380 464
486 115 444 399 486 444 444 399 434 142 295 142 295 142 295 492 272 142 295 486
295 486 308 444 416 8 332 444 399 475 115 444 380 464 362 295 486 308 444 399
142 295 362 295 486 308 444 399 464 8 332 143 399 295 362 295 486 115 444 399
496 486 115 444 416 8 332 444 399 475 308 444 399 464 362 295 486 115 444 399
416 8 332 444 399 475 308 444 399 464 362 295 486 115 444 399 464 362 295 486
486 308 444 399 464 362 295 486 332 444 399 464 142 295 362 295 486 332 444 399
295 492 272 142 496 486 308 444 416 8 332 444 399 475 115 444 380 464 362 295
399 475 115 444 380 464 362 295 486 115 444 399 362 496 496 486 444 444 399 464
399 475 115 444 399 464 362 295 370 295 8 115 444 399 434 492 272 486 332 444
308 444 399 464 362 295 486 332 444 380 464 142 295 486 332 444 362 464 399 295
444 416 8 332 444 399 475 115 444 380 464 362 295 486 308 444 399 464 362 295
464 8 308 444 399 295 362 295 486 115 444 399 486 444 444 399 434 142 295 142
444 399 434 142 295 142 295 142 295 492 272 142 295 486 115 444 416 8 332 444
142 496 492 272 235 295 142 295 486 308 444 416 8 332 444 399 475 115 444 399
143 399 496 362 295 486 115 444 399 486 444 444 399 434 142 295 142 295 142 295
142 295 235 295 492 272 142 295 142 295 142 295 492 272 235 295 142 295 486 444
142 295 142 295 492 272 142 295 486 308 444 416 8 332 444 399 475 115 444 399
464 362 295 486 308 444 399 464 362 295 486 332 444 399 464 142 295 362 295 486
295 486 308 444 416 8 332 444 399 475 115 444 380 464 362 295 486 308 444 399
444 399 475 308 444 399 464 362 295 370 295 8 115 444 399 434 486 332 444 380
295 235 496 8 295 444 399 434 142 8 486 332 444 380 295 142 295 486 332 444
486 332 444 380 295 142 295 486 332 444 142 295 486 332 444 399 475 115 444 399
142 295 486 444 444 416 8 332 444 399 475 115 444 399 464 362 295 370 295 486
486 308 444 416 8 332 444 399 475 308 444 399 464 362 295 370 295 8 115 444
295 8 115 37 416 8 344 37 209 475 115 37 209 282 130 295 370 295 8 308
464 142 295 362 295 486 332 444 399 464 8 332 444 399 295 362 295 486 308 143
475 115 444 380 464 362 295 486 308 444 399 464 362 295 486 332 444 399 464 142
444 142 295 486 332 444 399 475 115 444 399 464 362 295 486 115 444 399 464 362
486 308 444 399 464 362 295 486 332 444 380 464 142 295 486 332 444 362 464 399
399 295 362 295 486 115 444 399 486 444 444 399 434 142 295 142 295 142 295 492
142 295 486 444 444 399 434 142 295 142 295 486 308 444 416 8 332 444 399 475
475 115 444 380 464 362 295 370 295 8 115 444 399 434 486 332 444 380 8 492
486 444 444 399 464 142 295 362 295 486 332 444 399 464 8 332 444 399 295 362
444 380 295 142 295 486 332 444 142 295 486 332 444 399 475 115 444 399 464 362
370 399 496 496 362 295 486 444 444 399 464 8 332 444 399 496 362 295 486 115
444 444 399 434 142 295 142 295 492 272 235 295 142 295 486 444 444 416 8 332
115 143 399 486 444 444 399 434 142 295 142 496 492 272 142 295 142 295 486 308
496 486 115 444 416 8 332 444 399 475 308 444 399 464 362 295 486 115 444 399
464 362 295 486 115 444 399 362 496 496 486 143 444 399 464 142 295 362 295 486
380 295 142 295 492 272 142 496 486 308 444 416 8 332 444 399 475 115 444 380
37 416 8 344 37 209 475 115 37 209 282 130 295 370 295 8 115 37 209 434
475 115 444 399 464 362 295 370 295 486 308 444 399 434 492 272 486 332 444 380
142 295 486 332 444 380 295 142 295 486 332 444 142 295 486 332 444 399 475 115
295 8 37 37 416 8 344 37 209 475 115 37 209 282 130 295 370 295 8 308
142 295 142 295 142 295 492 272 142 295 486 308 444 416 8 332 444 399 475 115
362 295 486 332 444 380 464 142 295 486 332 444 362 464 399 295 486 332 444 399
444 380 464 362 295 486 115 444 399 362 496 496 486 444 444 399 464 142 295 362
295 142 295 8 308 444 416 8 332 444 399 475 115 444 399 496 362 295 370 295
444 399 295 362 295 486 115 444 399 486 444 444 399 434 142 295 142 295 486 332
434 142 295 142 496 492 272 142 295 142 295 486 308 444 416 8 332 444 399 475
8 115 37 416 8 344 37 209 475 308 37 209 282 130 295 370 496 8 308 37
295 142 295 8 115 37 416 8 344 37 209 475 308 37 209 282 130 295 370 496
142 295 486 332 444 399 475 115 444 399 464 362 295 486 115 444 399 464 362 295
362 295 486 115 444 399 486 444 444 399 434 142 295 142 295 492 272 235 295 142
496 362 295 486 444 444 399 464 8 332 143 399 496 362 295 486 115 444 399 486
486 444 444 399 434 142 295 142 295 486 332 444 380 295 142 295 492 272 142 295
235 295 362 295 486 444 444 399 464 8 332 444 399 295 362 295 486 115 444 399
362 295 486 115 444 399 464 362 295 486 332 444 370 399 496 496 362 295 486 444
362 295 486 332 444 399 464 8 332 444 399 295 362 295 486 308 143 399 486 444
380 142 496 496 362 295 486 444 444 399 464 8 308 444 399 295 362 295 486 115
332 444 399 475 115 444 399 464 362 295 370 295 8 115 444 399 434 492 272 486
380 464 362 295 486 308 444 399 464 362 295 486 332 444 399 464 142 295 362 295
444 399 486 444 444 399 434 142 295 142 295 142 295 492 272 142 295 486 115 444
444 399 464 362 295 486 308 444 399 464 362 295 486 444 444 399 464 142 295 362
496 142 496 486 115 444 416 8 332 143 399 475 115 444 399 464 362 295 370 295
399 475 115 444 380 464 362 295 486 308 444 399 464 362 295 486 332 444 399 464
496 496 362 295 486 444 444 399 464 8 332 444 399 496 362 295 486 115 444 399
486 444 444 399 434 142 295 142 295 492 272 235 295 142 295 486 444 444 416 8
8 332 444 399 475 308 444 399 464 362 295 370 295 8 115 444 399 434 486 332
142 295 486 308 444 416 8 332 444 399 475 115 444 399 464 362 295 370 295 8
142 295 142 295 8 115 37 416 8 344 37 209 475 308 37 209 282 130 295 370
464 362 295 486 444 444 380 142 496 496 362 295 486 444 444 399 464 8 308 444
486 444 444 416 8 332 444 399 475 115 444 399 464 362 295 370 295 8 115 444
399 434 142 295 142 496 492 272 142 295 142 295 486 308 444 416 8 332 444 399
464 362 295 486 444 444 399 464 235 295 362 295 486 444 444 399 464 8 332 444
416 8 332 444 399 475 115 444 399 464 362 295 370 295 8 308 444 399 434 492
235 295 492 272 142 295 142 295 142 295 492 272 235 295 142 295 486 444 444 416
295 486 332 444 399 464 8 332 444 399 295 362 295 486 308 143 399 486 444 444
295 486 115 444 399 486 444 444 399 434 142 295 142 295 142 295 492 272 142 295
492 272 142 295 8 308 37 416 8 344 37 209 475 308 37 209 282 130 295 370
475 115 444 380 464 362 295 486 308 444 399 464 362 295 486 332 444 399 464 142
8 308 444 416 8 332 444 399 475 115 444 399 496 362 295 370 295 8 115 444
332 37 399 475 115 444 399 464 362 295 486 308 444 399 464 362 295 486 332 444
37 416 8 344 37 209 475 308 37 209 282 130 295 370 295 8 115 37 209 434
416 8 344 37 209 475 115 37 209 282 130 295 370 295 8 115 37 209 434 492
115 444 416 8 332 444 399 475 115 444 399 464 362 295 370 295 8 115 444 399
380 464 362 295 370 295 8 115 444 399 434 486 332 444 380 8 492 272 486 332
399 486 444 444 399 434 142 295 142 295 142 295 492 272 142 295 486 308 444 416
295 486 308 444 416 8 332 444 399 475 115 444 380 464 362 295 486 308 444 399
295 362 295 486 444 444 399 464 8 332 444 399 295 362 295 486 115 143 399 486
399 464 8 308 444 399 295 362 295 486 115 444 399 486 444 444 399 434 142 295
475 115 444 380 464 362 295 486 308 444 399 464 362 295 486 332 444 399 464 142
399 464 8 332 444 399 496 362 295 486 115 444 399 486 444 444 399 434 142 295
496 486 115 444 416 8 332 143 399 475 115 444 399 464 362 295 370 295 8 115
444 416 8 332 444 399 475 115 444 399 496 362 295 370 295 8 115 444 399 486
142 295 8 37 37 416 8 344 37 209 475 115 37 209 282 130 295 370 295 8
399 362 496 496 486 444 444 399 464 142 295 362 295 486 332 444 399 464 8 332
496 492 272 142 295 486 332 444 380 295 142 295 492 272 142 496 486 308 444 416
142 295 486 444 444 399 434 142 295 142 295 486 308 444 416 8 332 444 399 475
492 272 142 295 486 115 444 416 8 332 444 399 475 115 444 399 464 362 295 370
142 295 142 295 492 272 142 295 486 308 444 416 8 332 444 399 475 115 444 399
492 272 142 295 8 37 37 416 8 344 37 209 475 115 37 209 282 130 295 370
332 444 399 475 308 444 399 464 362 295 370 295 8 115 444 399 434 486 332 444
115 444 399 464 362 295 370 295 486 308 444 399 434 492 272 486 332 444 380 8
362 295 486 308 143 399 486 444 444 399 434 142 295 142 295 492 272 235 295 142
444 444 399 434 142 295 142 295 486 308 444 416 8 332 444 399 475 115 444 380
496 142 295 496 308 37 416 8 344 37 209 475 115 37 209 496 130 295 370 295
464 362 295 486 115 444 399 464 362 295 486 444 444 380 142 496 496 362 295 486
416 8 332 444 399 475 308 444 399 464 362 295 370 295 8 115 444 399 434 486
295 486 332 444 399 464 8 332 444 399 295 362 295 486 115 444 399 486 444 444
444 399 464 362 295 486 332 444 370 399 496 496 362 295 486 444 444 399 464 8
37 209 475 115 37 209 282 130 295 370 295 8 308 37 209 434 8 344 37 209
272 142 496 486 308 444 416 8 332 444 399 475 115 444 380 464 362 295 370 295
142 295 8 37 37 416 8 344 37 209 475 115 37 209 282 130 295 370 295 8
444 399 486 444 444 399 434 142 295 142 295 486 332 444 380 295 142 295 492 272
486 332 444 380 295 142 295 492 272 142 295 486 308 444 416 8 332 444 399 475
142 295 486 308 444 416 8 332 444 399 475 308 444 399 464 362 295 370 295 8
115 444 399 486 444 444 399 434 142 295 142 295 142 295 492 272 142 295 486 308
142 295 142 295 492 272 142 295 486 308 444 416 8 332 444 399 475 115 444 399
399 475 115 444 380 464 362 295 370 295 8 115 444 399 434 486 332 444 380 8
444 380 295 142 295 486 332 444 142 295 486 332 444 399 475 115 444 399 464 362
37 399 475 115 444 380 464 362 295 486 115 444 399 362 496 496 486 444 444 399
115 444 399 464 362 295 370 295 486 308 444 399 434 492 272 486 332 444 380 8
486 143 444 399 434 142 295 142 496 492 272 142 295 142 295 8 308 143 416 8
295 142 295 8 115 37 416 8 344 37 209 475 308 37 209 282 130 295 370 496
295 486 308 444 399 464 362 295 486 332 444 399 464 142 295 362 295 486 332 444
444 444 399 434 142 295 142 295 492 272 235 295 142 295 486 444 444 416 8 332
486 444 444 399 434 142 295 142 295 486 308 444 416 8 332 444 399 475 115 444
444 399 464 8 332 444 399 295 362 295 486 308 143 399 486 444 444 399 434 142
308 143 399 486 444 444 399 434 142 295 142 295 492 272 235 295 142 295 486 308
444 416 8 332 444 399 475 115 444 399 464 362 295 486 308 444 399 464 362 295
464 362 295 486 308 444 399 464 362 295 486 444 444 399 464 235 295 362 295 486
399 486 444 444 399 434 142 295 142 295 142 295 492 272 142 295 486 308 444 416
295 370 295 8 115 444 399 434 496 332 444 380 8 492 272 486 332 444 380 8
486 308 444 416 8 332 444 399 475 115 444 380 464 362 295 486 308 444 399 464
8 37 37 416 8 344 37 209 475 115 37 209 282 130 295 370 295 8 115 37
492 272 142 295 8 37 37 416 8 344 37 209 475 115 37 209 282 130 295 370
444 399 486 444 444 399 434 142 295 142 295 142 295 492 272 142 295 486 308 444
209 282 130 295 370 295 8 115 37 209 496 8 344 37 416 8 492 272 8 344
496 142 295 8 115 37 416 8 344 37 209 475 115 37 209 282 130 295 370 295
115 444 416 8 332 444 399 475 115 444 399 464 362 295 370 295 8 115 444 399
115 444 399 486 444 444 399 434 142 295 142 295 142 295 492 272 142 295 486 115
142 295 362 295 486 308 444 399 464 8 332 143 399 295 362 295 486 115 444 399
332 444 399 464 8 332 444 399 295 362 295 486 115 444 399 486 444 444 399 434
37 416 8 344 37 209 475 115 37 209 282 130 295 370 295 8 308 37 209 434
142 295 142 295 142 295 492 272 142 295 486 115 444 416 8 332 444 399 475 115
115 444 399 486 444 444 399 434 142 295 142 295 142 295 492 272 142 295 486 308
272 142 295 486 115 444 416 8 332 444 399 475 115 444 399 464 362 295 370 295
475 115 444 380 464 362 295 486 308 444 399 464 362 295 486 332 444 399 464 142
235 295 142 295 8 308 444 416 8 332 444 399 475 115 444 380 464 362 295 370
444 380 295 142 295 486 332 444 142 295 486 332 444 399 475 115 444 399 464 362
272 142 295 8 308 37 416 8 344 37 209 475 308 37 209 282 130 295 370 295
492 272 142 295 142 295 8 37 37 416 8 344 37 209 475 115 37 209 282 130
115 444 416 8 332 444 399 475 115 444 399 464 362 295 370 295 8 115 444 399
444 399 464 362 295 370 295 486 308 444 399 434 492 272 486 332 444 380 8 492
444 416 8 332 444 399 475 115 444 399 464 362 295 486 308 444 399 464 362 295
142 295 492 272 235 295 142 295 486 444 444 416 8 332 444 399 475 115 444 399
8 332 444 399 295 362 295 486 115 143 399 486 444 444 399 434 142 295 142 295
444 399 486 444 444 399 434 142 295 142 295 142 295 492 272 142 295 486 308 444
295 486 115 444 399 464 362 295 486 332 444 370 399 496 496 362 295 486 444 444
295 362 295 486 115 444 399 486 444 444 399 434 142 295 142 295 142 295 492 272
486 332 444 399 464 142 295 362 295 486 332 444 399 464 8 332 444 399 295 362
295 486 444 444 399 464 8 308 444 399 295 362 295 486 115 143 399 486 444 444
295 142 295 486 444 444 416 8 332 444 399 475 115 444 399 464 362 295 370 295
8 332 444 399 475 115 444 399 464 362 295 486 308 444 399 464 362 295 486 332
399 464 8 332 143 399 295 362 295 486 115 444 399 486 444 444 399 434 142 295
444 444 399 464 8 332 444 399 496 362 295 486 115 444 399 486 444 444 399 434
295 486 308 444 399 464 8 332 143 399 295 362 295 486 115 444 399 486 444 444
444 399 486 444 444 399 434 142 295 142 295 142 295 492 272 142 295 486 115 444
486 308 444 416 8 332 444 399 475 115 444 399 464 362 295 370 295 8 115 444
399 475 115 444 399 464 362 295 486 115 37 399 464 362 295 486 444 444 380 142
308 444 399 464 362 295 486 332 444 399 464 142 295 362 295 486 332 444 399 464
308 444 416 8 332 444 399 475 308 444 399 464 362 295 370 295 8 115 444 399
380 464 142 295 486 332 444 362 464 399 295 486 332 444 399 295 362 295 486 115
464 8 308 444 399 295 362 295 486 115 444 399 486 444 444 399 434 142 295 142
496 492 272 235 295 142 295 8 308 444 416 8 332 444 399 475 115 444 399 496
492 272 235 295 142 295 8 308 444 416 8 332 444 399 475 115 444 380 464 362
444 399 486 444 444 399 434 142 295 142 295 486 332 444 380 295 142 295 492 272
37 399 464 362 295 486 444 444 380 142 496 496 362 295 486 444 444 399 464 8
444 444 399 434 142 295 142 295 486 308 444 416 8 332 444 399 475 115 444 380
115 444 399 464 362 295 486 115 37 399 464 362 295 486 444 444 380 142 496 496
115 37 416 8 344 37 209 475 115 37 209 282 130 295 370 295 8 115 37 209
295 492 272 142 496 486 308 444 416 8 332 444 399 475 115 444 380 464 362 295
362 295 486 332 444 380 464 142 295 486 332 444 362 464 399 295 486 332 444 399
8 308 444 416 8 332 444 399 475 115 444 380 464 362 295 370 295 8 115 444
444 399 464 8 308 444 399 295 362 295 486 115 444 399 486 444 444 399 434 142
295 486 444 444 380 142 496 496 362 295 486 444 444 399 464 8 308 444 399 295
444 399 295 362 295 486 115 444 399 486 444 444 399 434 142 295 142 295 492 272
295 496 308 37 416 8 344 37 209 475 115 37 209 496 130 295 370 295 8 115
295 362 295 486 332 444 399 464 8 332 444 399 295 362 295 486 115 444 399 486
399 464 362 295 486 332 444 370 399 496 496 362 295 486 444 444 399 464 8 332
332 37 399 475 115 444 399 464 362 295 486 308 444 399 464 362 295 486 332 444
37 416 8 344 37 209 475 308 37 209 282 130 295 370 496 8 308 37 209 434
272 142 295 486 308 444 416 8 332 444 399 475 115 444 399 496 362 295 370 295
444 444 399 464 8 332 444 399 496 362 295 486 115 444 399 486 444 444 399 434
416 8 332 444 399 475 115 444 399 464 362 295 486 308 444 399 464 362 295 486
272 142 295 142 295 142 295 492 272 142 295 142 295 486 444 444 416 8 332 444
486 332 444 380 464 142 295 486 332 444 362 464 399 295 486 332 444 399 295 362
142 295 37 295 492 272 142 295 8 308 37 416 8 344 37 209 475 308 37 209
308 444 416 8 332 444 399 475 115 444 399 496 362 295 370 295 8 115 444 399
142 295 492 272 142 496 486 308 444 416 8 332 444 399 475 115 444 380 464 362
295 37 295 492 272 142 295 8 308 37 416 8 344 37 209 475 308 37 209 282
295 486 115 444 399 464 362 295 486 332 444 370 399 496 496 362 295 486 444 444
295 235 295 492 272 142 295 142 295 142 295 492 272 235 295 142 295 486 444 444
142 295 492 272 235 295 142 295 486 444 444 416 8 332 444 399 475 115 444 399
209 295 142 295 142 295 8 115 37 416 8 344 37 209 475 308 37 209 282 130
486 332 444 380 295 142 295 486 332 444 142 295 486 332 444 399 475 115 444 399
399 362 496 496 486 444 444 399 464 142 295 362 295 486 332 444 399 464 8 332
464 362 295 486 444 444 380 142 496 496 362 295 486 444 444 399 464 8 308 444
475 115 444 380 464 362 295 486 308 444 399 464 362 295 486 332 444 399 464 142
399 464 362 295 486 308 444 399 464 362 295 486 332 444 380 464 142 295 486 332
295 142 295 492 272 142 295 486 308 444 416 8 332 444 399 475 308 444 399 464
142 295 486 332 444 380 295 142 295 492 272 142 496 486 308 444 416 8 332 444
344 37 209 475 115 37 209 282 130 295 370 295 8 308 37 209 434 8 344 37
486 444 444 416 8 332 444 399 475 115 444 399 464 362 295 370 295 8 308 444
399 434 142 295 142 295 486 332 444 380 295 142 295 492 272 142 295 486 308 444
37 416 8 344 37 209 475 308 37 209 282 130 295 370 496 8 308 37 209 434
362 464 399 295 486 332 444 399 295 362 295 486 115 444 399 486 444 444 399 434
464 8 332 143 399 295 362 295 486 115 444 399 486 444 444 399 434 142 295 142
464 362 295 486 444 444 380 142 496 496 362 295 486 444 444 399 464 8 308 444
399 295 362 295 486 115 444 399 486 444 444 399 434 142 295 142 295 142 295 492
37 416 8 344 37 209 475 115 37 209 282 130 295 370 295 8 115 37 209 496
295 486 308 444 399 464 362 295 486 444 444 399 464 235 295 362 295 486 444 444
444 416 8 332 143 399 475 115 444 399 464 362 295 370 295 8 115 444 399 434
486 332 444 380 464 142 295 486 332 444 362 464 399 295 486 332 444 399 295 362
308 444 399 464 362 295 370 295 8 115 444 399 434 486 332 444 380 8 492 272
486 444 444 399 434 142 295 142 295 142 295 492 272 142 295 486 115 444 416 8
142 295 486 332 444 380 295 142 295 486 332 444 142 295 486 332 444 399 475 115
464 362 295 486 308 444 399 464 362 295 486 332 444 399 464 142 295 362 295 486
295 486 308 444 399 464 362 295 486 332 444 380 464 142 295 486 332 444 362 464
272 235 295 142 295 486 444 444 416 8 332 444 399 475 115 444 399 464 362 295
130 295 142 496 142 295 8 37 37 416 8 344 37 209 475 115 37 209 282 130
272 142 295 486 308 444 416 8 332 444 399 475 308 444 399 464 362 295 370 295
295 486 308 444 399 464 362 295 486 332 444 399 464 142 295 362 295 486 332 444
475 115 37 209 282 130 295 370 295 8 308 37 209 434 8 344 37 209 8 492
272 142 295 486 332 444 380 295 142 295 492 272 142 496 486 308 444 416 8 332
444 416 8 332 444 399 475 115 444 380 464 362 295 370 295 8 115 444 399 434
272 142 295 8 37 37 416 8 344 37 209 475 115 37 209 282 130 295 370 295
416 8 332 444 399 475 308 444 399 464 362 295 486 115 444 399 464 362 295 486
444 416 8 332 444 399 475 115 444 399 464 362 295 486 308 444 399 464 362 295
295 8 37 37 416 8 344 37 209 475 115 37 209 282 130 295 370 295 8 308
486 115 444 399 486 444 444 399 434 142 295 142 295 486 332 444 380 295 142 295
8 115 37 416 8 344 37 209 475 115 37 209 282 130 295 370 295 8 115 37
115 444 380 464 362 295 486 308 444 399 464 362 295 486 332 444 399 464 142 295
475 115 444 380 464 362 295 486 308 444 399 464 362 295 486 332 444 399 464 142
399 464 362 295 486 332 444 399 464 142 295 362 295 486 332 444 399 464 8 332
308 444 399 464 362 295 486 444 444 399 464 235 295 362 295 486 444 444 399 464
295 486 115 444 399 464 362 295 486 332 444 370 399 496 496 362 295 486 444 444
486 143 444 399 434 142 295 142 295 142 295 492 272 142 295 486 308 143 416 8
486 115 444 399 486 444 444 399 434 142 295 142 295 142 295 492 272 142 295 486
416 8 344 37 209 475 308 37 209 282 130 295 370 496 8 308 37 209 434 492
295 496 308 37 416 8 344 37 209 475 115 37 209 496 130 295 370 295 8 115
486 115 444 399 362 496 496 486 444 444 399 464 142 295 362 295 486 332 444 399
486 332 444 399 464 8 332 444 399 295 362 295 486 308 143 399 486 444 444 399
486 444 444 399 464 8 332 444 399 496 362 295 486 115 444 399 486 444 444 399
486 444 235 464 362 295 142 496 8 295 444 399 434 142 8 486 332 444 380 295
272 142 496 486 308 444 416 8 332 444 399 475 115 444 380 464 362 295 370 295
496 142 295 496 308 37 416 8 344 37 209 475 115 37 209 496 130 295 370 295
344 37 209 475 115 37 209 282 130 295 370 295 8 115 37 209 496 8 344 37
295 486 444 444 399 464 8 332 444 399 295 362 295 486 115 143 399 486 444 444
295 142 295 142 295 492 272 142 295 486 308 444 416 8 332 444 399 475 115 444
362 295 486 308 444 399 464 362 295 486 332 444 380 464 142 295 486 332 444 362
115 444 380 464 362 295 486 115 444 399 362 496 496 486 444 444 399 464 142 295
444 444 399 434 142 295 142 295 142 295 492 272 142 295 486 115 444 416 8 332
142 295 492 272 142 295 486 308 444 416 8 332 444 399 475 115 444 399 496 362
399 464 8 332 444 399 295 362 295 486 115 444 399 486 444 444 399 434 142 295
399 464 362 295 486 308 444 399 464 362 295 486 444 444 399 464 235 295 362 295
295 142 295 492 272 142 295 486 308 444 416 8 332 444 399 475 308 444 399 464
434 142 295 142 295 142 295 492 272 142 295 486 308 444 416 8 332 444 399 475
295 486 332 444 399 464 142 295 362 295 486 308 444 399 464 8 332 143 399 295
486 332 444 380 295 142 295 492 272 142 295 486 308 444 416 8 332 444 399 475
8 37 37 416 8 344 37 209 475 115 37 209 282 130 295 370 295 8 115 37
295 486 444 444 399 434 142 295 142 295 486 308 444 416 8 332 444 399 475 115
492 272 142 295 142 295 142 295 492 272 235 295 142 295 486 444 444 416 8 332
37 416 8 344 37 209 475 308 37 209 282 130 295 370 295 8 115 37 209 434
444 370 399 496 496 362 295 486 444 444 399 464 8 332 444 399 496 362 295 486
486 444 444 416 8 332 444 399 475 115 444 399 464 362 295 486 308 444 399 464
399 475 115 444 380 464 362 295 486 115 444 399 362 496 496 486 444 444 399 464
444 399 464 362 295 486 308 444 399 464 362 295 486 332 444 380 464 142 295 486
115 444 416 8 332 444 399 475 115 444 399 464 362 295 370 295 8 115 444 399
295 362 295 486 308 444 399 464 8 332 143 399 295 362 295 486 115 444 399 486
444 399 434 142 295 142 295 142 295 492 272 142 295 486 308 444 416 8 332 37
399 464 362 295 486 444 444 399 464 235 295 362 295 486 444 444 399 464 8 332
115 444 399 486 444 444 399 434 142 295 142 295 142 295 492 272 142 295 486 308
115 444 380 464 362 295 486 308 444 399 464 362 295 486 332 444 399 464 142 295
142 295 492 272 142 295 142 295 486 444 444 416 8 332 444 399 475 115 444 399
444 380 295 142 295 492 272 142 295 486 308 444 416 8 332 444 399 475 115 444
496 142 496 486 115 444 416 8 332 143 399 475 115 444 399 464 362 295 370 295
444 399 464 8 332 444 399 496 362 295 486 115 444 399 486 444 444 399 434 142
486 332 444 399 464 142 295 362 295 486 308 444 399 464 8 332 143 399 295 362
142 295 142 295 492 272 235 295 142 295 486 308 444 416 8 332 444 399 475 115
434 142 295 142 295 142 295 492 272 142 295 486 308 444 416 8 332 444 399 475
115 444 380 464 362 295 370 295 8 115 444 399 434 486 332 444 380 8 492 272
37 416 8 344 37 209 475 115 37 209 282 130 295 370 295 8 308 37 209 434
444 399 464 8 332 444 399 496 362 295 486 115 444 399 486 444 444 399 434 142
115 444 380 464 362 295 486 308 444 399 464 362 295 486 332 444 399 464 142 295
444 380 295 142 295 492 272 142 295 486 308 444 416 8 332 444 399 475 115 444
142 295 142 295 142 295 492 272 142 295 486 308 444 416 8 332 444 399 475 115
308 444 416 8 332 444 399 475 115 444 380 464 362 295 370 295 8 115 444 399
444 399 362 496 496 486 444 444 399 464 142 295 362 295 486 332 444 399 464 8
115 444 399 464 362 295 370 295 486 308 444 399 434 492 272 486 332 444 380 8
399 486 444 444 399 434 142 295 142 496 492 272 142 295 142 295 486 308 444 416
37 209 475 115 37 209 282 130 295 370 295 8 115 37 209 496 8 344 37 416
142 295 142 295 492 272 142 295 486 308 444 416 8 332 444 399 475 308 444 399
295 486 444 444 399 464 8 308 444 399 295 362 295 486 115 143 399 486 444 444
399 295 486 332 444 399 295 362 295 486 115 444 399 486 444 444 399 434 142 295
496 492 272 142 295 8 37 37 416 8 344 37 209 475 115 37 209 282 130 295
115 444 399 486 444 444 399 434 142 295 142 295 142 295 492 272 142 295 486 115
332 444 399 464 8 332 444 399 295 362 295 486 308 143 399 486 444 444 399 434
362 295 486 308 444 399 464 8 332 143 399 295 362 295 486 115 444 399 486 444
295 8 308 444 416 8 332 444 399 475 115 444 380 464 362 295 370 295 8 115
130 295 370 295 8 115 37 209 496 8 344 37 416 8 492 272 8 344 37 209
295 492 272 130 295 142 496 142 295 486 37 37 416 8 344 37 209 475 115 37
308 444 416 8 332 444 399 475 115 444 380 464 362 295 486 308 444 399 464 362
8 332 444 399 295 362 295 486 115 444 399 486 444 444 399 434 142 295 142 295
8 295 444 399 434 142 8 486 332 444 380 295 142 295 486 332 444 142 295 486
142 295 486 308 444 416 8 332 444 399 475 115 444 399 496 362 295 370 295 486
444 399 434 142 295 142 496 492 272 142 295 142 295 486 308 444 416 8 332 37
37 399 475 115 444 380 464 362 295 486 115 444 399 362 496 496 486 444 444 399
486 332 37 399 475 115 444 399 464 362 295 486 115 444 399 464 362 295 486 444
142 295 142 295 142 295 492 272 142 295 486 308 444 416 8 332 444 399 475 308
444 416 8 332 444 399 475 115 444 399 464 362 295 486 308 444 399 464 362 295
142 295 492 272 130 295 142 496 142 295 486 37 37 416 8 344 37 209 475 115
444 416 8 332 444 399 475 115 444 399 464 362 295 486 308 444 399 464 362 295
444 380 464 362 295 486 308 444 399 464 362 295 486 332 444 399 464 142 295 362
496 486 444 444 416 8 332 444 399 475 115 444 399 464 362 295 486 308 444 399
8 37 37 416 8 344 37 209 475 115 37 209 282 130 295 370 295 8 308 37
362 295 486 115 444 399 486 444 444 399 434 142 295 142 295 142 295 492 272 142
295 142 295 8 308 444 416 8 332 444 399 475 115 444 380 464 362 295 370 295
209 295 142 295 142 295 8 115 37 416 8 344 37 209 475 308 37 209 282 130
464 399 295 486 332 444 399 295 362 295 486 115 444 399 486 444 444 399 434 142
464 8 332 444 399 295 362 295 486 308 143 399 486 444 444 399 434 142 295 142
37 416 8 344 37 209 475 308 37 209 282 130 295 370 295 8 115 37 209 434
486 444 444 416 8 332 444 399 475 115 444 399 464 362 295 486 308 444 399 464
464 362 295 235 496 8 295 444 399 434 142 8 486 332 444 380 295 142 295 486
444 399 295 362 295 486 308 143 399 486 444 444 399 434 142 295 142 295 492 272
399 486 444 444 399 434 142 295 142 295 142 295 492 272 142 295 486 115 444 416
8 37 37 416 8 344 37 209 475 115 37 209 282 130 295 370 295 8 115 37
399 475 115 444 399 464 362 295 486 115 37 399 464 362 295 486 444 444 380 142
142 295 142 295 142 295 492 272 142 295 486 308 444 416 8 332 444 399 475 308
37 37 416 8 344 37 209 475 115 37 209 282 130 295 370 295 8 115 37 209
444 444 399 434 142 295 142 295 486 308 444 416 8 332 444 399 475 115 444 380
115 37 416 8 344 37 209 475 308 37 209 282 130 295 370 496 8 308 37 209
380 142 496 496 362 295 486 444 444 399 464 8 308 444 399 295 362 295 486 115
272 235 295 142 295 486 444 444 416 8 332 444 399 475 115 444 399 464 362 295
444 399 464 8 332 444 399 295 362 295 486 115 444 399 486 444 444 399 434 142
380 142 496 496 362 295 486 444 444 399 464 8 308 444 399 295 362 295 486 115
475 115 444 380 464 362 295 486 308 444 399 464 362 295 486 332 444 399 464 142
142 295 486 115 444 416 8 332 444 399 475 115 444 399 464 362 295 370 295 8
142 295 142 496 492 272 142 295 142 295 486 308 444 416 8 332 444 399 475 115
475 115 444 399 464 362 295 486 308 444 399 464 362 295 486 444 444 399 464 235
8 332 444 399 475 308 444 399 464 362 295 486 115 444 399 464 362 295 486 332
272 142 295 8 37 37 416 8 344 37 209 475 115 37 209 282 130 295 370 295
