231 466 229 394 394 229 394 189 231 408 373 189 231 484 484 484 203 98 98 199
466 229 429 429 229 429 15 292 98 361 361 327 327 327 189 231 466 229 429 429
203 199 292 199 55 55 55 55 55 466 484 376 12 12 243 484 484 376 12 466
37 215 37 60 327 396 396 215 327 37 37 327 376 12 396 396 12 12 243 243
361 361 60 60 292 15 189 231 466 229 429 429 229 429 15 292 98 361 361 327
327 327 189 231 466 229 394 394 229 394 189 231 408 373 189 231 484 484 484 327
327 396 396 215 327 37 37 327 376 12 396 396 12 12 243 243 243 12 208 199
189 231 466 229 429 429 229 429 15 292 98 361 361 361 361 327 327 327 189 231
229 429 15 292 98 361 361 327 327 327 189 231 466 229 394 394 229 429 189 231
60 292 15 189 231 466 229 429 429 229 429 15 292 98 361 361 327 327 203 327
189 231 466 229 394 394 37 37 394 189 231 408 373 189 231 484 484 484 203 98
12 496 496 12 208 243 12 208 275 199 203 203 275 199 257 127 127 127 127 466
361 361 203 327 292 324 189 231 466 229 394 394 229 394 189 231 408 373 189 231
55 55 55 55 466 484 376 394 12 243 484 376 12 484 12 376 243 12 243 98
496 12 376 243 12 243 275 199 327 275 199 257 257 127 127 127 466 393 376 394
203 275 199 257 127 127 127 127 466 393 393 376 394 12 243 393 393 376 394 393
466 229 429 429 229 429 15 292 98 361 361 203 327 327 189 231 466 229 429 429
243 496 496 376 12 496 496 12 208 243 12 208 275 199 327 327 275 199 257 127
12 496 12 376 243 12 243 275 199 203 275 199 257 257 127 127 127 466 393 376
189 231 466 229 429 429 229 429 15 292 98 361 361 327 327 189 231 466 229 429
231 408 373 189 231 484 484 484 98 98 203 199 292 199 55 55 98 55 55 466
496 12 208 243 12 208 275 199 203 203 275 199 257 127 127 127 127 466 393 393
20 20 20 292 37 215 37 60 203 215 327 37 37 327 20 20 20 20 20 20
231 408 373 189 231 484 484 484 203 98 98 199 292 199 55 55 55 55 55 466
429 429 229 429 15 292 98 361 361 361 361 203 327 327 189 231 466 229 429 429
361 327 327 327 292 324 203 189 231 466 229 394 394 229 394 189 231 408 373 189
12 243 98 199 203 98 199 55 55 55 55 55 466 484 376 394 12 243 484 484
55 55 55 466 396 396 376 12 12 243 37 215 37 60 327 396 396 215 327 37
361 361 327 327 327 189 231 466 229 394 394 229 394 189 231 408 373 189 231 484
20 20 20 20 20 20 199 55 55 55 37 466 37 60 327 215 327 55 37 37
203 189 231 466 229 394 394 37 37 394 189 231 408 189 231 484 373 484 484 98
496 12 208 243 12 208 275 199 203 203 275 199 257 127 127 127 127 466 393 393
189 231 466 229 394 394 229 394 189 231 408 373 189 231 484 484 484 203 98 98
466 229 394 394 229 394 189 231 408 373 189 231 484 484 484 203 98 98 199 292
361 203 327 327 189 231 466 229 394 394 229 394 189 231 408 373 189 231 484 484
20 20 20 199 55 55 55 55 37 203 37 60 203 55 203 55 37 37 203 466
55 466 496 376 394 12 243 496 376 12 496 12 376 243 12 243 275 199 203 275
55 55 466 484 376 12 12 243 484 376 12 484 12 376 243 394 376 98 199 203
394 229 394 189 231 408 373 189 231 484 484 484 203 98 98 199 292 199 98 98
15 292 98 361 361 327 327 327 189 231 466 229 429 429 243 37 394 189 231 408
37 203 37 203 215 203 37 37 203 203 98 37 215 37 60 203 215 203 37 37
229 394 189 231 408 373 189 231 484 484 484 203 98 98 199 292 292 292 199 98
229 394 394 37 37 394 189 231 408 189 231 484 373 484 484 98 98 199 203 292
189 231 466 229 429 429 229 429 15 292 98 361 361 327 327 189 231 466 229 429
292 20 20 20 20 20 20 20 20 20 20 292 37 215 37 60 327 215 327 37
373 189 231 484 484 484 203 98 98 199 292 199 98 98 55 55 55 466 496 376
292 292 31 31 98 361 361 361 361 327 327 327 327 292 324 189 231 466 229 429
60 60 60 60 292 15 292 189 231 466 229 429 429 229 429 15 292 292 31 31
189 231 408 373 189 231 484 484 484 292 98 203 199 292 199 15 292 327 203 292
60 327 215 327 98 37 37 327 55 466 496 496 376 12 12 243 496 496 243 12
189 231 466 229 429 429 229 429 15 292 98 361 361 361 361 203 327 327 189 231
203 189 231 466 229 394 394 229 394 189 231 408 373 189 231 484 484 484 203 98
327 396 396 215 327 37 37 327 376 12 396 396 12 12 243 243 243 12 208 199
98 98 199 292 199 55 55 55 55 55 466 484 376 12 12 243 484 484 376 12
55 55 466 396 396 376 12 12 243 37 215 37 60 327 396 396 215 327 37 37
231 466 229 394 394 229 394 189 231 408 373 189 231 484 484 484 98 98 203 199
98 98 203 199 199 55 55 55 55 55 466 496 376 12 12 243 496 496 243 12
12 243 496 496 376 12 496 496 12 208 243 12 208 275 199 327 327 275 199 257
203 215 327 37 37 203 229 203 37 60 203 215 203 37 37 203 20 20 20 20
55 55 55 55 12 496 376 12 12 243 496 496 376 12 12 376 243 12 243 275
243 12 496 496 12 208 243 12 208 275 199 203 203 275 199 257 127 127 127 127
37 37 327 20 20 20 20 20 20 20 20 20 20 199 55 127 127 127 37 12
394 37 37 394 189 231 408 189 231 484 373 484 484 203 98 98 199 292 292 292
429 229 429 15 292 98 361 361 327 327 327 189 231 466 229 429 429 37 37 394
55 55 55 55 55 12 496 376 12 12 243 496 496 376 12 12 208 243 12 243
37 37 327 20 20 20 20 20 20 20 20 20 20 199 55 55 55 55 55 466
394 394 229 394 15 292 98 361 361 203 327 327 189 231 466 229 394 429 229 429
20 292 229 466 37 60 203 215 203 37 37 327 20 20 20 20 20 20 20 20
361 60 60 292 15 189 231 466 229 429 429 229 243 429 15 292 361 361 361 203
394 189 231 408 373 189 231 484 484 484 98 98 203 199 292 199 15 292 327 203
292 292 292 20 20 20 98 98 20 20 20 20 20 292 229 466 37 60 327 215
189 231 484 484 484 98 98 203 199 292 199 55 55 55 55 55 466 484 376 12
376 394 12 243 496 376 12 496 12 376 243 12 243 275 199 327 275 199 257 55
466 484 376 12 12 243 484 376 12 484 12 376 243 394 376 98 199 203 98 203
98 361 361 203 203 327 189 231 466 229 394 394 229 394 189 231 408 373 189 231
394 394 37 37 394 189 231 408 373 189 231 484 484 484 203 98 98 199 199 55
199 55 127 127 127 257 466 484 376 12 12 243 484 376 12 484 12 376 243 394
229 429 15 292 98 361 361 203 327 327 189 231 466 229 394 429 376 429 189 231
15 292 361 98 361 361 203 327 292 15 189 231 466 229 429 429 229 429 189 231
199 55 55 55 55 55 466 496 376 394 12 243 496 376 12 496 12 376 243 12
12 243 37 215 37 60 327 396 396 215 327 37 37 327 376 12 396 396 12 12
229 394 189 231 408 373 189 231 484 484 484 203 98 98 199 292 199 55 55 55
231 408 373 189 231 484 484 484 203 98 98 199 292 199 98 55 55 55 55 466
394 229 394 189 231 408 373 189 231 484 484 484 484 484 484 203 98 98 199 292
327 189 231 466 229 394 394 229 394 189 231 408 373 189 231 484 484 484 203 98
231 189 98 361 361 361 361 327 327 327 292 324 327 189 231 466 229 394 394 229
55 55 466 484 376 12 12 243 484 484 376 12 12 376 243 12 376 203 98 199
324 361 361 60 60 292 15 189 231 466 229 429 429 229 429 15 292 98 361 361
231 466 229 429 429 229 429 15 292 98 98 361 361 203 327 292 15 189 231 466
376 376 394 189 231 408 373 189 231 484 484 484 98 98 327 199 292 199 15 292
12 12 243 484 376 12 466 484 376 243 12 243 98 199 203 98 199 55 55 55
376 394 12 243 496 376 12 496 12 376 243 12 243 275 199 327 275 199 257 55
292 292 292 484 484 20 20 20 20 20 20 98 20 292 12 466 394 60 327 215
408 373 189 231 484 484 484 327 98 98 199 15 292 203 292 292 199 98 55 98
98 98 199 292 199 55 55 55 55 55 466 496 376 12 12 243 496 496 376 12
394 189 231 408 373 189 231 484 484 484 203 98 98 199 292 199 55 55 55 55
466 229 429 429 376 429 15 292 292 231 189 361 361 361 361 361 327 327 327 292
20 20 20 20 37 203 37 37 60 203 203 215 203 37 37 203 229 466 37 60
20 20 20 20 484 484 484 484 292 376 466 37 60 327 215 327 37 243 327 20
231 466 229 429 429 229 429 15 292 98 361 361 327 327 327 189 231 466 229 429
98 98 199 292 292 292 484 484 20 20 20 20 20 20 20 20 292 12 466 394
429 229 429 15 292 98 361 361 203 203 203 189 231 466 229 429 394 229 429 189
231 466 229 429 429 229 429 15 292 98 361 361 203 327 327 189 231 466 229 429
231 484 484 484 203 98 98 199 292 292 292 199 55 55 55 55 55 466 484 376
376 243 12 243 275 199 327 275 199 257 257 127 127 127 466 393 376 394 12 243
292 231 189 98 361 361 361 361 327 327 327 292 324 327 189 231 466 229 429 394
496 12 208 243 12 208 275 199 203 203 275 199 257 127 127 127 127 466 393 393
496 496 376 12 12 243 496 496 376 12 496 496 12 208 243 12 208 275 199 203
203 199 199 55 55 55 55 55 466 496 376 12 12 243 496 496 376 12 12 208
55 466 496 376 12 12 243 496 376 12 496 12 12 243 243 243 12 208 199 292
229 394 394 229 394 189 231 408 373 189 231 484 484 484 203 98 98 199 292 199
98 361 361 327 327 327 189 231 466 229 394 394 37 37 394 189 231 408 373 189
327 98 98 199 15 292 203 292 292 199 98 292 98 98 98 466 484 376 394 12
394 394 243 37 394 189 231 408 373 189 231 484 484 484 327 98 98 199 15 292
60 60 292 15 189 231 466 229 429 429 229 429 15 292 98 361 361 327 327 203
55 55 55 55 55 12 496 376 12 12 243 496 496 376 12 12 376 243 12 243
466 229 394 394 229 394 189 231 408 373 189 231 484 484 484 484 484 484 203 98
15 292 98 361 361 327 327 327 189 231 466 229 429 394 37 37 394 189 231 408
243 12 376 324 292 327 98 199 15 292 361 361 292 203 199 292 292 292 292 292
229 394 189 231 408 373 189 231 484 484 484 203 98 98 199 292 199 98 98 98
199 203 327 275 199 257 127 127 127 127 466 393 393 376 394 12 243 393 393 393
37 215 37 60 327 396 396 215 327 37 37 327 376 12 396 396 12 12 243 243
98 199 203 98 199 55 55 55 55 55 466 484 376 394 12 243 484 484 376 12
361 361 60 60 60 60 292 15 292 189 231 466 229 429 429 376 429 15 292 292
429 229 429 15 292 98 361 361 203 327 189 231 466 229 429 394 229 429 189 231
189 231 466 229 394 394 229 394 189 231 408 373 189 231 484 484 484 292 98 98
15 189 231 466 229 429 429 229 429 15 292 98 361 361 327 327 327 189 231 466
292 15 189 231 466 229 429 394 229 394 15 292 98 361 361 327 327 327 189 231
429 429 229 429 15 292 292 231 189 361 361 361 361 361 327 327 327 292 15 203
215 327 37 37 327 20 20 20 20 20 20 20 20 20 20 199 55 127 127 127
55 55 55 55 55 466 496 376 12 12 243 496 376 12 496 12 376 243 12 243
243 12 243 275 199 327 275 199 257 257 127 127 127 466 393 376 394 12 243 393
199 203 203 275 199 257 127 127 127 127 466 393 393 376 394 12 243 393 393 376
292 292 324 292 292 15 484 292 20 484 484 484 484 484 484 20 484 376 466 37
292 292 20 484 20 20 20 20 20 20 20 20 292 229 466 37 60 327 215 327
484 292 98 98 203 199 199 55 55 98 55 55 466 496 376 12 12 243 496 496
55 55 55 215 484 376 12 12 243 484 484 376 12 12 376 243 12 243 98 199
98 466 484 376 394 12 243 484 376 12 484 466 376 243 12 243 98 199 15 292
189 231 466 229 394 394 229 394 189 231 408 373 189 231 484 484 484 203 98 98
229 394 394 37 37 394 189 231 408 189 231 484 484 484 484 373 484 484 98 98
60 292 15 189 231 466 229 429 394 324 429 15 292 98 361 361 327 327 327 189
37 327 20 20 20 20 20 20 20 20 20 20 199 55 127 127 127 37 12 37
292 15 189 231 466 229 429 429 229 429 15 292 98 361 361 327 327 203 327 189
98 98 199 292 199 55 55 55 55 55 466 496 376 12 12 243 496 496 376 12
12 243 275 199 327 275 199 257 257 127 127 127 466 393 376 394 12 243 393 393
231 408 373 189 231 484 484 484 203 98 98 199 292 199 55 55 55 55 55 466
376 429 15 292 292 31 31 292 361 361 361 361 327 327 327 327 292 324 189 231
55 466 484 376 12 12 243 484 376 12 484 12 376 243 394 376 98 199 203 98
361 361 361 327 327 327 327 292 324 189 231 466 229 394 394 229 37 394 189 231
229 394 394 229 429 15 292 98 361 361 327 327 327 189 231 466 229 429 394 229
55 55 55 12 496 376 12 12 243 496 496 376 12 12 376 243 12 243 275 199
15 189 231 466 229 429 394 229 394 15 292 98 361 361 327 327 327 189 231 466
327 98 98 199 292 292 292 484 484 484 484 484 484 484 484 484 484 292 376 466
292 292 20 292 20 484 484 484 484 484 484 20 484 37 203 37 37 60 327 327
189 231 466 229 394 394 229 394 189 231 408 373 189 231 484 484 484 484 484 484
361 361 60 60 60 60 292 15 292 189 231 466 229 429 429 376 429 15 292 292
361 361 60 60 60 60 292 15 292 189 231 466 229 429 429 229 429 15 292 98
98 55 466 484 376 12 12 243 484 484 376 12 12 376 243 12 243 98 199 15
203 327 292 324 189 231 466 229 394 394 37 37 394 189 231 408 373 189 231 484
361 327 327 327 189 231 466 229 394 394 37 37 394 189 231 408 373 189 231 484
55 55 55 55 12 496 376 12 12 243 496 496 376 12 12 376 243 12 243 275
243 484 376 12 12 484 376 243 12 243 98 199 203 275 199 55 55 257 257 55
327 98 98 199 292 199 55 55 55 55 55 466 496 376 394 12 243 496 376 12
408 373 189 231 484 484 484 203 98 98 199 292 199 55 55 55 55 55 466 484
20 20 20 20 20 20 20 20 20 20 60 466 37 60 327 60 203 215 327 37
189 231 466 229 429 429 229 429 15 292 98 361 361 203 327 327 189 231 466 229
243 496 496 376 12 496 496 12 208 243 12 208 275 199 327 203 275 199 257 127
98 199 292 199 55 55 55 55 55 466 484 376 12 12 243 484 484 376 12 466
394 189 231 408 373 189 231 484 484 484 484 484 484 203 98 98 199 292 292 324
327 98 98 199 292 199 55 55 55 55 55 466 496 376 12 12 243 496 496 376
37 394 189 231 408 373 189 231 484 484 484 203 98 98 199 199 55 55 55 55
229 394 189 231 408 373 189 231 484 484 484 292 98 98 203 199 199 98 55 98
231 466 229 394 394 229 394 189 231 408 373 189 231 484 484 484 203 98 98 199
15 292 98 361 361 361 361 203 327 327 189 231 466 229 429 429 229 394 189 231
361 361 60 60 292 15 189 231 466 229 429 429 229 429 15 292 98 361 361 203
12 12 243 243 243 12 376 324 292 203 98 361 15 292 361 361 292 292 199 292
361 361 60 60 292 15 189 231 466 229 429 429 229 429 15 292 98 361 361 327
394 229 394 15 292 98 361 361 327 327 327 189 231 466 229 429 429 243 37 429
98 98 203 199 199 55 55 55 55 55 466 496 376 12 12 243 496 496 243 12
199 257 257 127 127 127 466 393 376 394 12 243 393 393 376 394 466 376 243 394
396 396 376 12 12 243 37 215 37 60 327 396 396 215 327 37 37 327 376 12
55 55 55 55 466 484 376 12 12 243 484 484 376 12 12 376 243 12 376 203
292 199 55 55 55 55 55 466 484 376 12 12 243 484 484 376 12 466 376 243
20 20 20 20 199 55 55 55 55 37 203 37 60 203 55 203 55 37 37 203
55 55 55 466 484 376 12 12 243 484 484 376 12 12 376 243 12 376 98 199
361 361 327 327 327 292 324 203 189 231 466 229 394 394 229 394 189 231 408 373
229 429 429 229 429 15 292 98 361 361 203 203 203 189 231 466 229 429 429 37
394 229 394 189 231 408 373 189 231 484 484 484 203 98 98 199 292 199 55 55
231 408 189 231 484 373 484 484 203 98 98 199 292 292 292 199 98 98 98 55
203 203 292 324 189 231 466 229 394 394 37 37 394 189 231 408 189 231 484 484
98 361 361 324 361 203 327 327 189 231 466 229 394 394 229 394 189 231 408 373
361 203 327 327 189 231 466 229 394 394 229 394 189 231 408 373 189 231 484 484
292 361 361 361 327 327 203 327 292 324 189 231 466 229 394 394 12 376 394 189
98 55 466 484 376 12 12 243 484 484 376 12 12 376 243 12 243 98 199 15
484 203 98 98 199 199 55 55 55 55 55 466 484 376 12 12 243 484 376 12
361 361 60 60 292 15 189 231 466 229 429 429 324 429 15 292 98 361 361 327
98 361 361 203 327 327 189 231 466 229 394 394 229 394 189 231 408 373 189 231
327 327 189 231 466 229 394 394 229 394 189 231 408 373 189 231 484 484 484 327
327 327 327 189 231 466 229 394 394 229 394 189 231 408 373 189 231 484 484 484
361 203 327 327 189 231 466 229 394 394 229 394 189 231 408 373 189 231 484 484
361 60 60 60 60 292 15 292 189 231 466 229 429 429 229 429 15 292 292 31
394 229 394 189 231 408 373 189 231 484 484 484 203 98 98 199 292 199 55 55
189 231 408 373 189 231 484 484 484 484 484 484 203 98 98 199 292 292 324 484
243 12 496 12 376 243 12 243 275 199 203 275 199 257 257 127 127 127 466 393
203 98 98 199 292 199 55 55 55 55 55 466 484 376 12 12 243 484 484 376
15 292 98 361 361 361 361 203 327 327 189 231 466 229 429 429 229 394 189 231
215 327 37 60 37 203 37 203 215 203 37 37 203 203 98 37 215 37 60 203
55 55 55 55 466 484 376 394 12 243 484 484 376 12 466 376 243 12 376 98
55 55 55 55 55 466 484 376 12 12 243 484 484 376 12 12 376 243 12 243
60 60 60 60 292 15 292 189 231 466 229 429 429 229 429 15 292 292 31 31
12 496 12 376 243 12 243 275 199 203 275 199 257 257 127 127 127 466 393 376
229 429 15 292 98 361 361 361 361 203 327 327 189 231 466 229 429 429 229 394
394 37 37 394 189 231 408 373 189 231 484 484 484 203 98 98 199 199 55 55
15 189 231 466 229 429 429 229 429 15 292 98 361 361 327 327 327 189 231 466
292 229 466 37 60 327 215 203 37 37 327 20 20 20 20 20 20 20 20 20
292 20 20 20 20 20 20 20 20 20 20 292 37 215 37 60 327 215 327 37
20 20 20 20 199 55 55 55 55 37 203 37 60 203 55 203 55 37 37 203
199 15 292 12 292 292 199 98 55 98 98 98 466 484 376 394 12 243 484 376
20 20 20 20 20 20 20 20 199 55 55 55 55 37 203 37 60 203 55 203
203 327 189 231 466 229 394 394 229 394 189 231 408 373 189 231 484 484 484 98
60 292 15 189 231 466 229 429 429 229 429 15 292 98 361 361 327 327 203 327
373 189 231 484 484 484 203 98 98 199 292 199 55 55 55 55 55 466 496 376
98 361 361 203 327 327 189 231 466 229 394 394 229 394 189 231 408 373 189 231
12 243 496 496 376 12 496 496 12 208 243 12 208 275 199 327 327 275 199 257
55 55 55 55 466 484 376 12 12 243 484 376 12 484 12 376 243 12 376 98
189 60 484 373 484 484 98 98 199 203 292 199 55 98 55 55 55 466 496 376
394 229 394 189 231 408 373 189 231 484 484 484 203 98 98 199 292 199 55 55
231 466 229 394 394 229 394 189 231 408 373 189 231 484 484 484 203 98 98 199
408 373 189 231 484 484 484 203 98 98 199 292 199 55 55 55 55 55 466 484
60 292 15 189 231 466 229 429 429 229 429 15 292 98 361 361 327 327 203 327
15 292 98 361 361 327 327 189 231 466 229 429 394 229 394 189 231 408 373 189
361 361 60 60 292 15 189 231 466 229 429 429 324 429 15 292 98 361 361 327
229 394 394 37 37 394 189 231 408 373 189 231 484 484 484 203 98 98 199 199
408 373 189 231 484 484 484 203 98 98 199 292 199 55 55 55 55 55 466 496
394 394 229 394 189 231 408 373 189 231 484 484 484 203 98 98 199 292 199 55
292 199 55 55 55 55 55 466 496 376 12 12 243 496 496 376 12 12 376 243
199 55 55 55 55 55 466 496 376 394 12 243 496 376 12 496 12 376 243 12
12 243 484 376 12 484 12 376 243 12 243 98 199 15 292 327 292 189 231 466
15 292 361 361 361 327 327 203 327 292 15 189 231 466 229 394 394 12 376 429
203 203 189 231 466 229 394 394 229 394 189 231 408 373 189 231 484 484 484 203
20 20 20 37 203 37 37 60 203 203 215 203 37 37 203 229 203 37 60 203
60 60 60 292 15 189 231 466 229 429 429 229 429 15 292 98 361 361 203 327
15 292 292 189 189 292 361 361 361 361 327 327 327 292 292 327 189 231 466 229
199 55 55 55 55 55 466 484 376 12 12 243 484 484 376 12 12 376 243 12
275 199 257 127 127 127 127 466 393 393 376 394 12 243 393 393 376 394 393 393
189 231 466 229 429 429 229 429 15 292 98 361 361 203 327 327 189 231 466 229
408 189 231 484 373 484 484 203 98 98 199 292 292 292 199 98 98 98 55 55
243 394 189 231 408 189 231 484 373 484 484 203 98 98 199 292 292 292 199 98
292 15 189 231 466 229 429 429 324 429 15 292 98 361 361 327 327 327 189 231
361 60 60 60 60 292 15 292 189 231 466 229 429 429 229 429 15 292 292 31
229 429 15 292 98 361 361 203 203 203 189 231 466 229 429 429 37 37 429 189
60 292 15 189 231 466 229 429 429 229 429 15 292 361 361 361 203 327 203 189
292 292 292 20 20 20 98 98 20 20 20 20 20 292 229 466 37 60 327 215
199 292 292 292 484 292 20 484 484 484 484 484 484 20 484 37 466 37 394 324
429 394 229 429 15 292 98 361 361 327 327 327 189 231 466 229 394 394 229 429
98 98 199 292 199 55 55 55 55 55 466 496 376 12 12 243 496 496 376 12
243 394 189 231 408 189 231 484 373 484 484 203 98 98 199 292 292 292 199 98
361 60 60 292 15 189 231 466 229 429 429 229 429 15 292 98 361 361 203 327
12 376 243 12 243 275 199 327 275 199 257 257 127 127 127 466 393 376 394 12
361 327 327 327 189 231 466 229 394 394 37 37 394 189 231 408 189 231 484 373
98 203 199 292 199 55 55 55 55 55 466 484 376 12 12 243 484 484 376 12
20 20 20 20 20 20 20 20 20 20 199 55 55 55 55 37 203 37 60 327
231 466 229 429 429 229 429 15 292 98 361 361 203 327 327 189 231 466 229 429
20 20 20 20 20 20 20 37 203 37 37 60 327 203 215 327 37 37 203 229
37 37 327 20 20 20 20 20 20 20 20 20 20 199 55 55 55 55 55 466
484 484 484 203 98 98 199 292 199 55 55 55 55 55 466 484 376 12 12 243
199 257 127 127 127 127 466 393 393 376 394 12 243 393 393 376 394 393 393 466
98 199 203 98 199 55 55 55 55 55 466 484 376 12 12 243 484 484 376 12
408 373 189 231 484 484 484 203 98 98 199 199 55 257 257 257 257 466 484 376
20 20 20 20 20 20 37 203 37 37 60 203 203 215 327 37 37 203 229 466
496 376 12 496 496 12 208 243 12 208 275 199 203 327 275 199 257 127 127 127
60 327 396 396 215 327 37 37 327 376 12 396 396 12 12 243 243 243 12 208
429 15 292 98 361 361 203 327 189 231 466 229 429 394 229 394 189 231 408 373
60 203 203 215 203 37 37 203 37 203 37 60 203 215 203 37 37 203 20 20
361 361 327 327 327 189 231 466 229 394 394 229 394 189 231 408 373 189 231 484
37 37 394 189 231 408 189 231 484 373 484 484 98 98 199 203 292 199 55 98
327 327 189 231 466 229 394 394 37 37 394 189 231 408 189 231 484 373 484 484
37 37 203 229 203 37 60 203 215 203 37 37 203 20 20 20 20 20 20 20
484 376 12 12 376 243 12 243 98 199 203 98 199 55 55 127 127 127 466 484
98 361 361 324 361 203 327 327 189 231 466 229 394 394 229 394 189 231 408 373
394 376 394 189 231 408 373 189 231 484 484 484 98 98 203 199 292 199 55 98
394 37 37 394 189 231 408 189 231 484 373 484 484 203 98 98 199 292 292 292
12 243 496 376 12 496 12 376 243 12 243 275 199 327 275 199 257 257 127 127
60 60 292 15 189 231 466 229 429 429 229 429 15 292 98 361 361 203 327 203
243 496 496 376 12 496 496 12 208 243 12 208 275 199 327 203 275 199 257 127
37 243 394 189 231 408 189 231 484 373 484 484 203 98 98 199 292 292 292 199
20 20 20 20 20 20 60 215 37 60 203 37 203 215 327 37 60 37 203 37
466 229 429 429 376 429 15 292 292 231 189 361 361 361 361 361 327 327 327 292
20 20 20 20 20 199 55 55 55 37 215 37 60 203 215 327 55 37 37 203
229 394 394 37 376 394 189 231 408 373 189 231 484 484 484 98 98 203 199 292
373 189 231 484 484 484 203 98 98 199 292 292 292 199 55 55 55 55 55 466
189 231 408 373 189 231 484 484 484 203 98 98 199 15 292 203 292 292 199 98
292 98 361 361 327 327 327 189 231 466 229 394 394 37 37 394 189 231 408 189
189 231 484 484 484 203 98 98 199 292 199 55 55 55 55 55 466 496 376 394
324 361 203 327 327 189 231 466 229 394 394 229 394 189 231 408 373 189 231 484
484 484 98 98 199 203 292 199 55 98 55 55 55 466 496 376 12 12 243 496
496 496 376 12 12 243 496 496 376 12 496 496 12 208 243 12 208 275 199 203
37 394 189 231 408 373 189 231 484 484 484 203 98 98 199 199 55 55 55 55
98 98 203 199 292 199 55 55 55 55 55 466 484 376 12 12 243 484 484 376
429 429 229 429 15 292 98 361 361 361 361 203 327 327 189 231 466 229 429 429
37 37 327 55 466 496 496 376 12 12 243 496 496 243 12 484 496 12 208 243
31 31 98 361 361 361 361 327 327 327 203 292 324 189 231 466 229 429 429 376
55 466 484 376 12 12 243 484 484 376 12 12 376 243 12 376 98 199 292 292
55 55 55 55 12 496 376 12 12 243 496 496 376 12 12 376 243 12 243 275
394 394 37 37 394 189 231 408 189 231 484 484 484 484 373 484 484 98 98 199
20 20 20 199 55 55 55 55 37 203 37 60 203 55 203 55 37 37 203 466
55 55 55 55 466 484 376 12 12 243 484 376 12 484 12 376 243 12 376 98
189 231 466 229 394 394 37 37 394 189 231 408 373 189 231 484 484 484 98 98
361 361 60 60 292 15 189 231 466 229 429 429 229 429 15 292 98 361 361 203
203 189 231 466 229 394 394 229 394 189 231 408 373 189 231 484 484 484 203 98
429 15 292 98 361 361 203 327 327 189 231 466 229 429 394 229 394 189 231 408
361 203 327 203 189 231 466 229 394 394 37 37 394 189 231 408 373 189 231 484
37 37 327 466 496 496 376 12 12 243 496 496 376 12 484 496 12 208 243 12
189 231 466 229 429 429 229 429 15 292 98 361 361 327 327 203 327 292 15 189
408 373 189 231 484 484 484 203 98 98 199 292 199 55 55 55 55 55 466 496
373 189 231 484 484 484 203 98 98 199 292 199 55 55 55 55 55 466 484 376
361 361 327 327 203 327 292 324 189 231 466 229 394 394 37 376 394 189 231 408
215 327 37 37 327 20 20 20 20 20 20 20 20 20 20 199 55 127 127 60
15 189 231 466 229 429 429 229 429 15 292 98 98 361 361 203 327 292 15 189
55 55 55 55 55 466 496 376 12 12 243 496 376 12 496 12 12 243 243 243
15 292 98 361 361 203 327 327 189 231 466 229 429 429 229 429 189 231 408 373
189 231 408 373 189 231 484 484 484 203 98 98 199 199 55 55 55 55 55 466
199 257 127 127 127 127 466 393 393 376 394 12 243 393 393 376 394 393 393 466
229 394 189 231 408 373 189 231 484 484 484 203 98 98 199 292 199 55 55 55
12 396 396 12 12 243 243 243 12 376 324 292 203 98 199 15 292 361 361 292
20 20 20 20 20 20 20 20 292 229 466 37 60 327 215 327 37 37 327 20
361 361 327 327 327 189 231 466 229 394 394 37 37 394 189 231 408 373 189 231
203 189 231 466 229 394 394 37 37 394 189 231 408 373 189 231 484 484 484 203
55 55 466 496 376 12 12 243 496 376 12 496 12 12 243 243 243 12 208 199
324 361 203 327 327 189 231 466 229 394 394 229 394 189 231 408 373 189 231 484
15 292 98 361 361 361 361 203 327 327 189 231 466 229 394 429 229 394 189 231
199 55 55 55 55 55 12 496 376 12 12 243 496 496 376 12 12 376 243 12
292 98 199 327 292 292 292 20 20 20 98 98 20 20 20 20 20 292 229 466
231 408 373 189 231 484 484 484 203 98 98 199 292 292 292 199 55 55 55 55
429 429 229 429 15 292 98 98 361 361 203 203 292 15 189 231 466 229 429 429
20 20 20 20 292 37 215 37 60 203 215 327 37 37 327 20 20 20 20 20
189 231 408 373 189 231 484 484 484 203 98 98 199 292 199 55 55 55 98 55
484 376 243 12 243 98 199 203 98 199 55 55 55 55 55 466 484 376 12 12
292 98 361 361 327 327 327 189 231 466 229 394 394 37 37 394 189 231 408 373
37 203 229 203 37 60 203 215 203 37 37 203 20 20 20 20 20 20 20 20
203 98 98 199 292 199 55 55 55 55 55 466 484 376 12 12 243 484 484 376
98 199 292 292 292 199 55 55 55 55 55 466 484 376 12 12 243 484 376 12
394 394 37 376 394 189 231 408 373 189 231 484 484 484 98 98 203 199 292 199
20 20 20 20 20 20 20 20 20 20 292 229 466 37 60 327 215 327 37 37
361 327 327 327 189 231 466 229 394 394 229 394 189 231 408 373 189 231 484 484
199 203 98 199 55 55 55 55 55 466 484 376 394 12 243 484 484 376 12 466
466 229 394 394 229 394 189 231 408 373 189 231 484 484 484 484 484 484 203 98
208 243 12 208 275 199 327 327 275 199 257 127 127 127 127 466 393 393 376 394
229 429 429 229 429 15 292 98 361 361 203 327 327 189 231 466 229 429 429 229
203 215 327 37 37 203 20 20 20 20 20 20 20 20 20 20 199 55 127 127
15 189 231 466 229 429 429 229 429 15 292 98 361 361 327 327 327 189 231 466
292 199 55 55 55 55 55 466 484 376 12 12 243 484 484 376 12 466 376 243
98 98 199 292 292 292 484 484 484 484 484 484 484 484 484 484 292 376 466 243
98 98 199 199 55 257 257 257 55 466 484 376 12 12 243 484 376 12 484 60
361 361 361 361 60 60 60 60 292 15 292 189 231 466 229 429 429 229 429 15
55 466 496 376 12 12 243 496 496 376 394 12 376 243 12 243 275 199 292 292
292 15 189 231 466 229 429 429 229 429 15 292 98 361 361 327 327 203 327 189
98 361 361 327 327 327 189 231 466 229 394 394 37 37 394 189 231 408 373 189
408 373 189 231 484 484 484 98 98 203 199 292 199 55 98 98 55 55 466 484
55 55 466 496 376 12 12 243 496 376 12 496 12 12 243 243 243 12 208 199
394 394 229 394 189 231 408 373 189 231 484 484 484 203 98 98 199 292 199 98
199 55 127 127 127 257 466 484 376 12 12 243 484 376 12 484 12 376 243 394
243 484 484 376 12 12 376 243 12 243 98 199 203 98 199 55 55 127 127 127
203 37 203 215 327 37 60 37 203 37 203 215 203 37 37 203 203 98 37 215
37 243 394 189 231 408 189 231 484 373 484 484 203 98 98 199 292 292 292 199
231 466 229 429 429 229 429 15 292 98 361 361 327 327 327 189 231 466 229 429
231 408 373 189 231 484 484 484 203 98 98 199 292 199 55 55 55 55 55 466
15 189 231 466 229 429 429 229 429 15 292 98 361 361 203 327 327 189 231 466
199 292 199 55 55 55 55 55 466 484 376 12 12 243 484 484 376 12 466 376
60 292 15 189 231 466 229 429 429 229 429 15 292 98 361 361 203 327 327 189
55 466 496 376 394 12 243 496 376 12 496 12 376 243 12 243 275 199 203 275
496 496 376 12 12 243 496 496 376 12 496 496 12 208 243 12 208 275 199 203
98 199 292 292 292 484 292 20 484 484 484 484 484 484 20 484 376 466 37 394
12 243 484 484 376 12 12 376 243 12 243 98 199 203 98 199 55 55 55 55
327 37 60 37 203 37 203 215 203 37 37 203 203 98 37 215 37 60 203 215
429 429 229 429 15 292 292 231 189 361 361 361 361 361 327 327 327 292 15 203
429 429 229 429 15 292 98 98 361 361 203 203 292 15 189 231 466 229 429 429
189 231 484 484 484 327 98 98 199 15 292 203 292 292 199 98 292 98 98 98
231 408 373 189 231 484 484 484 484 484 484 203 292 98 199 292 292 324 484 292
37 60 203 215 327 37 37 203 20 20 20 20 20 20 20 20 20 20 199 55
396 484 484 396 484 396 327 98 98 199 292 292 324 20 484 484 484 484 484 484
98 98 203 199 292 199 55 55 55 55 55 466 484 376 12 12 243 484 484 376
98 199 292 199 55 55 55 55 55 466 496 376 394 12 243 496 376 12 496 12
361 60 60 292 15 189 231 466 229 429 429 229 429 15 292 98 361 361 203 327
199 257 127 127 127 127 466 393 393 376 394 12 243 393 393 376 394 393 393 466
98 361 361 361 361 203 327 327 189 231 466 229 394 394 229 394 189 231 408 373
231 408 189 231 484 373 484 484 98 98 199 203 292 199 55 55 55 55 55 466
55 55 55 466 484 376 12 12 243 484 484 376 12 466 376 243 12 243 98 199
127 127 127 466 393 393 376 394 12 243 393 393 376 394 393 393 466 376 243 394
292 98 361 361 327 327 327 189 231 466 229 394 394 229 394 189 231 408 373 189
231 466 229 429 394 229 394 15 292 98 361 361 327 327 327 189 231 466 229 394
327 203 189 231 466 229 394 394 376 394 189 231 408 373 189 231 484 484 484 98
229 429 429 229 429 15 292 98 361 361 203 327 203 327 189 231 466 229 429 429
361 60 60 292 15 189 231 466 229 429 429 229 429 15 292 98 361 361 327 327
60 203 203 215 203 37 37 203 37 203 37 60 203 215 203 37 37 203 20 20
55 466 496 376 12 12 243 496 376 12 496 12 12 243 243 243 12 208 199 292
55 55 466 396 396 376 12 12 243 37 215 37 60 327 396 396 215 327 37 37
189 231 466 229 429 429 229 429 15 292 98 98 361 361 203 327 292 15 189 231
215 37 60 203 37 203 215 327 37 60 37 203 37 203 215 203 37 37 203 203
55 55 55 55 55 466 484 376 12 12 243 484 484 376 12 466 376 243 12 376
20 20 20 20 20 20 20 20 20 20 292 229 466 37 60 327 215 327 37 37
327 215 327 55 37 37 327 55 466 496 496 376 12 12 243 496 496 376 12 484
55 55 55 55 55 466 484 376 12 12 243 484 376 12 466 484 376 243 12 243
55 127 127 466 484 376 12 12 243 484 376 12 484 12 376 243 394 376 98 199
231 466 229 429 429 37 37 394 15 292 98 361 361 203 203 327 189 231 466 229
361 327 327 327 292 324 203 189 231 466 229 394 394 229 394 189 231 408 373 189
55 466 396 396 376 12 12 243 37 215 37 60 327 396 396 215 327 37 37 327
229 394 394 37 376 394 189 231 408 373 189 231 484 484 484 98 98 203 199 292
189 231 466 229 429 429 229 429 15 292 98 361 361 327 327 203 327 292 15 189
327 292 324 203 189 231 466 229 394 394 229 394 189 231 408 373 189 231 484 484
12 208 275 199 327 327 275 199 257 127 127 127 127 466 393 393 376 394 12 243
229 394 394 37 37 394 189 231 408 189 231 484 484 484 484 373 484 484 98 98
361 327 327 203 327 292 324 189 231 466 229 394 394 37 37 394 189 231 408 373
60 292 15 189 231 466 229 429 429 229 429 15 292 98 361 361 203 327 189 231
98 199 15 292 361 361 292 203 199 98 98 98 98 98 466 484 484 376 394 12
15 292 292 189 189 292 361 361 361 361 327 327 327 327 292 292 189 231 466 229
394 15 292 98 361 361 327 327 327 189 231 466 229 394 394 229 429 189 231 408
229 394 189 231 408 373 189 231 484 484 484 203 98 98 199 292 199 55 55 55
484 98 98 199 203 292 199 55 98 55 55 55 466 496 376 12 12 243 496 376
229 394 15 292 98 361 361 203 327 203 189 231 466 229 429 394 229 429 189 231
55 55 55 215 484 376 12 12 243 484 484 376 12 12 376 243 12 243 98 199
231 466 229 394 394 37 37 394 189 231 408 373 189 231 484 484 484 203 98 98
484 396 292 98 199 327 292 292 15 20 20 20 98 98 20 20 20 20 20 292
12 12 243 484 376 12 466 484 376 243 12 243 98 199 203 98 199 55 55 55
55 55 466 484 376 12 12 243 484 484 376 12 466 376 243 12 243 98 199 203
203 327 327 203 292 324 189 231 466 229 394 394 37 37 394 189 231 408 189 231
15 292 98 361 361 327 327 327 189 231 466 229 394 394 229 429 189 231 408 373
327 20 20 20 20 20 20 20 20 20 20 199 55 55 55 60 466 37 60 203
466 229 394 394 376 394 189 231 408 373 189 231 484 484 484 98 98 203 199 292
292 231 189 98 361 361 361 361 327 327 327 292 324 327 189 231 466 229 429 394
327 189 231 466 229 394 394 37 37 394 189 231 408 189 231 484 373 484 484 203
20 20 292 229 394 37 60 327 215 327 37 37 327 20 20 20 20 20 20 20
376 243 12 243 98 199 203 98 199 55 55 55 55 55 466 484 376 12 12 243
361 327 327 327 189 231 466 229 394 394 229 394 189 231 408 373 189 231 484 484
292 292 292 199 55 55 55 55 55 466 484 376 12 12 243 484 376 12 484 466
60 60 292 15 189 231 466 229 429 429 37 243 429 15 292 98 361 361 203 203
292 98 361 361 203 327 189 231 466 229 394 394 229 394 189 231 408 373 189 231
12 396 396 12 12 243 243 243 12 376 324 292 203 98 199 15 292 361 361 292
199 292 199 55 55 55 55 55 466 496 376 12 12 243 496 496 376 12 12 208
429 15 292 98 361 361 203 327 327 189 231 466 229 429 429 229 429 189 231 408
361 361 203 327 327 189 231 466 229 394 394 376 394 189 231 408 373 189 231 484
361 361 361 60 60 60 60 292 15 292 189 231 466 229 429 429 376 429 15 292
98 203 199 199 55 55 55 55 55 466 496 376 12 12 243 496 496 376 12 12
203 98 203 55 37 37 203 466 496 496 376 12 12 243 496 496 376 12 496 496
231 484 484 484 396 484 396 327 98 98 199 292 292 324 20 484 484 484 484 484
466 484 229 12 12 243 394 484 376 12 12 376 243 12 243 98 199 15 292 327
189 231 484 484 484 98 98 203 199 292 199 55 55 55 55 55 466 484 376 12
60 292 15 292 189 231 466 229 429 429 376 429 15 292 98 361 361 361 361 203
292 15 292 189 231 466 229 429 429 376 429 15 292 98 361 361 361 361 203 327
408 373 189 231 484 484 484 203 98 98 199 292 199 98 98 55 55 55 466 496
394 229 394 189 231 408 373 189 231 484 484 484 203 98 98 199 292 199 55 55
60 60 60 292 15 189 231 466 229 429 429 229 429 15 292 98 361 361 203 327
203 98 199 55 55 55 55 55 466 484 376 394 12 243 484 484 376 12 466 376
361 60 60 60 60 292 15 292 189 231 466 229 429 429 229 429 15 292 98 361
55 466 484 376 12 12 243 484 484 376 12 466 376 243 12 243 98 199 203 98
484 229 12 12 243 394 484 376 12 12 376 243 12 243 98 199 15 292 327 292
408 373 189 231 484 484 484 484 484 484 203 98 98 199 292 292 324 484 484 484
327 20 20 20 20 20 20 20 20 20 20 199 55 55 55 55 55 466 396 396
98 199 203 292 199 55 55 55 55 55 466 496 376 12 12 243 496 376 12 496
189 231 408 373 189 231 484 484 484 292 98 98 203 199 199 98 55 98 55 55
429 229 429 15 292 98 361 361 361 361 203 327 327 189 231 466 229 429 429 229
243 484 376 12 12 484 376 243 12 243 98 199 203 275 199 55 55 257 257 55
55 55 55 55 55 466 484 376 12 12 243 484 484 376 12 12 376 243 12 376
394 189 231 408 373 189 231 484 484 484 98 98 203 199 292 199 15 292 327 203
98 361 361 327 327 327 189 231 466 229 394 394 229 394 189 231 408 373 189 231
98 361 361 327 327 327 189 231 466 229 394 394 37 37 394 189 231 408 373 189
231 484 484 484 203 98 98 199 199 55 55 55 55 55 466 484 376 12 12 243
229 429 15 292 98 361 361 203 327 203 189 231 466 229 429 429 229 429 189 231
496 376 12 496 12 208 243 12 243 275 199 203 275 199 257 257 127 127 127 466
496 376 12 496 496 12 208 243 12 208 275 199 203 327 275 199 257 127 127 127
55 55 55 55 55 466 496 376 12 12 243 496 496 376 12 12 208 243 12 243
231 466 229 394 394 229 394 189 231 408 373 189 231 484 484 484 203 98 98 199
466 229 429 429 229 429 15 292 98 361 361 203 327 203 327 189 231 466 229 429
231 408 373 189 231 484 484 484 292 98 98 203 199 199 98 55 98 55 55 466
55 55 55 55 55 466 496 376 12 12 243 496 376 12 496 12 376 243 12 243
484 98 98 199 203 292 199 55 98 55 55 55 466 496 376 12 12 243 496 376
189 231 484 484 484 98 98 203 199 292 199 55 55 55 55 55 466 484 376 12
20 20 20 20 20 20 20 20 37 203 37 37 60 327 203 215 327 37 37 203
327 275 199 257 257 127 127 127 466 393 376 394 12 243 393 393 376 394 466 376
466 229 429 429 229 429 15 292 98 361 361 203 327 327 189 231 466 229 429 429
484 376 12 12 376 243 12 243 98 199 203 98 199 55 55 127 127 127 466 484
229 394 189 231 408 373 189 231 484 484 484 484 484 484 203 98 98 199 292 292
37 215 37 60 203 215 327 37 37 203 20 20 20 20 20 20 20 20 20 20
55 55 55 55 55 466 496 376 12 12 243 496 376 12 496 12 376 243 12 243
15 292 98 361 361 203 327 327 189 231 466 229 429 429 229 429 189 231 408 373
292 324 189 231 466 229 394 394 229 394 189 231 408 373 189 231 484 484 484 292
361 361 203 327 292 324 189 231 466 229 394 394 229 394 189 231 408 373 189 231
55 466 484 376 12 12 243 484 484 376 12 466 376 243 12 243 98 199 203 98
189 231 408 373 189 231 484 484 484 203 98 98 199 292 199 55 55 55 55 55
55 55 55 37 215 37 60 203 215 203 55 37 37 203 55 466 496 496 376 12
292 292 20 484 484 484 484 484 484 484 484 484 292 229 466 243 60 327 215 327
429 15 292 98 361 361 203 327 203 203 189 231 466 229 429 394 37 243 429 189
361 60 60 292 15 189 231 466 229 429 429 229 429 15 292 98 361 361 203 327
98 361 361 203 327 292 324 189 231 466 229 394 394 229 394 189 231 408 373 189
199 257 127 127 127 127 466 393 393 376 394 12 243 393 393 376 394 393 393 466
229 429 394 229 429 15 292 98 361 361 327 327 327 189 231 466 229 429 429 243
15 292 98 361 361 361 361 203 327 327 189 231 466 229 429 429 229 394 189 231
292 292 20 292 20 484 484 484 484 484 484 20 484 37 203 37 37 60 327 327
203 327 189 231 466 229 394 394 229 394 189 231 408 373 189 231 484 484 484 98
327 327 292 324 203 189 231 466 229 394 394 229 394 189 231 408 373 189 231 484
