47 390 106 266 47 406 390 106 266 47 318 106 388 368 388 368 47 158 266 47
48 390 106 185 48 390 106 185 228 342 106 47 158 185 228 370 185 185 228 370
485 318 283 320 485 318 266 47 158 266 48 390 300 283 48 140 406 406 390 300
283 320 140 406 370 283 283 47 388 243 47 158 283 47 388 243 47 158 283 320
406 388 368 388 243 406 342 283 47 485 455 283 48 485 455 283 47 158 283 320
17 406 406 140 366 366 214 484 140 406 406 406 342 283 47 485 342 266 47 485
283 181 485 1 266 228 158 266 181 186 300 283 181 186 300 283 181 186 300 228
17 17 214 484 140 406 406 406 342 185 47 485 318 185 228 485 318 185 228 158
368 47 158 266 47 370 266 266 47 388 243 388 243 47 158 266 47 140 406 370
47 485 318 266 47 158 283 47 390 106 266 48 388 243 388 243 390 106 266 320
266 48 390 300 283 48 140 406 406 390 300 283 48 342 300 47 158 283 320 370
406 342 283 47 485 318 266 320 485 1 266 47 158 266 47 390 106 266 320 390
270 145 390 393 270 145 342 393 145 158 270 145 370 270 270 145 370 270 270 145
320 390 300 283 320 342 300 47 158 283 320 370 283 283 320 370 283 283 47 370
484 406 388 388 368 243 140 406 406 388 243 388 243 406 342 283 47 485 455 283
406 406 140 366 366 214 484 140 406 406 406 342 283 47 485 455 283 48 266 1
406 140 406 366 366 214 484 406 342 283 47 485 318 283 320 485 318 266 47 158
266 181 186 300 283 181 186 300 283 181 186 300 228 158 266 181 131 283 266 181
318 283 320 485 318 266 47 158 266 47 390 106 266 48 390 106 266 47 342 106
283 181 186 300 228 158 266 181 131 283 266 181 140 406 131 283 283 181 131 283
283 47 370 283 406 131 283 228 485 1 283 181 485 1 266 228 158 283 181 186
270 145 139 382 270 145 139 382 270 145 131 270 270 145 390 393 270 145 390 393
47 485 318 185 228 485 318 185 47 158 185 48 390 106 185 48 390 106 185 228
283 48 485 455 283 47 158 283 320 390 300 283 48 388 368 388 368 390 300 283
320 388 406 243 140 390 300 283 320 370 300 388 243 47 158 283 320 140 406 370
140 406 406 406 342 270 145 139 382 270 47 139 382 270 145 131 270 270 145 390
300 283 320 390 300 283 320 342 300 47 158 283 320 370 283 283 320 370 283 283
320 390 300 283 48 388 368 388 368 390 300 283 48 342 300 140 406 47 158 283
342 270 145 139 382 270 145 139 382 270 145 131 270 270 145 390 393 270 145 390
106 266 47 390 106 266 47 342 106 47 158 266 47 370 266 266 47 370 266 266
485 1 266 320 485 1 266 47 158 266 320 390 106 266 320 390 106 266 320 342
318 283 47 158 283 48 390 300 283 320 388 406 243 140 390 300 283 320 370 300
342 283 47 485 318 266 47 485 318 266 47 158 283 47 390 106 266 48 388 243
47 158 266 48 370 266 266 320 370 266 266 48 370 283 266 48 370 283 266 320
484 406 342 283 47 485 318 283 320 485 318 266 47 158 266 48 390 300 283 48
283 47 485 1 266 320 485 1 266 47 158 266 320 390 106 266 320 390 106 266
17 214 484 140 406 406 406 342 283 47 485 1 283 320 320 1 283 47 158 283
390 106 406 266 320 342 106 320 158 266 320 370 266 266 320 370 283 266 48 370
406 406 406 342 283 47 485 1 283 320 320 1 283 47 158 283 320 390 300 283
283 320 390 300 283 320 342 300 47 158 283 320 370 283 283 320 370 283 283 47
406 406 406 342 283 47 485 318 266 320 485 1 266 47 158 266 47 390 106 266
283 320 320 1 266 228 158 283 320 390 106 283 320 390 106 266 320 1 106 228
485 455 283 48 485 455 283 47 158 283 320 390 300 283 48 388 368 388 368 390
181 186 300 283 181 131 300 228 158 266 181 131 283 266 181 140 406 131 283 283
366 366 214 484 406 388 243 388 243 140 406 17 406 342 283 47 485 382 266 47
318 283 320 485 318 266 47 158 266 48 390 300 283 48 140 406 406 390 300 283
17 406 140 406 366 366 214 484 406 342 283 47 485 318 283 320 485 318 266 47
283 47 485 318 266 47 485 318 266 47 158 283 47 390 106 266 48 388 243 388
214 484 140 406 406 342 283 47 485 1 283 320 485 1 266 47 158 266 320 390
484 140 406 140 406 342 283 47 406 485 1 283 47 485 318 283 47 158 283 48
140 406 406 388 243 388 243 406 342 283 47 485 455 283 48 485 455 283 47 158
266 1 266 47 158 266 47 390 106 266 47 390 106 266 47 342 106 47 158 283
320 390 106 266 320 406 342 106 283 47 1 106 228 158 266 47 370 283 243 320
283 320 485 318 266 47 158 266 48 390 300 283 48 140 406 406 390 300 283 48
406 342 140 366 17 214 484 406 388 388 243 243 140 406 406 388 243 388 243 406
140 406 406 406 342 283 47 485 1 283 47 48 1 266 145 158 283 48 390 106
140 406 366 366 214 484 140 406 406 342 283 47 485 455 300 47 485 455 283 320
485 455 283 48 266 1 266 47 158 266 47 390 106 266 47 390 106 266 47 342
320 48 106 47 158 266 47 370 266 266 47 370 266 266 47 370 266 266 47 370
366 17 214 484 17 17 214 484 140 406 406 406 342 283 47 485 1 283 47 283
1 266 47 158 266 320 390 106 266 47 390 106 266 320 318 106 47 158 266 47
106 266 48 388 243 388 243 390 106 266 320 342 106 47 158 266 47 370 283 266
485 1 283 47 158 283 320 390 300 283 320 390 300 283 320 342 300 47 158 283
485 318 283 320 485 318 266 47 158 266 47 390 106 266 48 390 106 266 47 342
48 342 300 140 406 47 158 283 48 370 283 283 320 388 368 388 368 47 158 283
388 368 243 140 406 406 388 243 388 243 406 342 283 47 485 455 283 48 485 455
283 47 370 283 406 131 283 228 485 1 283 181 485 1 266 228 158 283 181 186
1 266 47 158 266 320 390 106 266 320 390 106 266 320 342 106 47 158 266 320
17 17 214 484 140 406 140 406 342 283 47 406 485 1 283 47 485 318 283 47
17 406 406 140 366 366 214 484 406 140 406 406 342 283 47 485 370 266 342 455
406 266 320 342 106 320 158 266 320 370 266 266 320 370 283 266 48 370 283 266
370 300 283 47 370 283 406 131 283 228 485 1 283 181 485 1 266 228 158 283
342 106 266 47 342 106 47 158 266 47 370 283 266 47 370 283 266 47 370 283
214 484 17 17 214 484 140 406 140 406 342 283 47 406 485 1 283 47 485 318
342 106 47 158 185 228 370 185 185 228 370 185 185 48 370 185 185 320 370 185
406 406 406 342 283 47 485 455 283 48 485 1 266 47 158 266 47 390 106 266
342 106 320 158 266 320 370 283 266 320 370 266 266 48 370 283 266 320 370 283
366 17 214 484 140 406 406 406 342 270 145 139 382 270 47 139 382 270 145 131
283 228 485 1 283 181 485 1 266 228 158 266 181 186 300 283 181 186 300 283
283 48 370 283 266 320 388 368 388 368 47 158 283 48 370 283 283 48 388 368
266 47 485 318 266 47 158 283 47 390 106 266 48 388 243 388 243 390 106 266
106 266 320 342 106 47 158 266 47 370 283 266 48 388 243 388 243 47 158 266
48 485 1 266 47 158 266 320 390 106 266 47 390 106 266 320 318 106 47 158
106 266 47 342 106 47 158 266 47 370 266 266 320 370 283 283 320 370 283 283
485 318 266 48 485 1 266 47 158 266 320 390 106 266 47 390 106 266 320 318
106 266 47 370 106 388 243 388 243 47 158 266 47 370 266 266 47 388 243 388
318 266 320 485 1 266 47 158 266 47 390 106 266 320 390 106 266 320 1 106
181 186 300 228 158 266 181 131 283 266 181 140 406 131 283 283 181 131 283 283
283 320 485 1 266 47 158 266 320 390 106 266 320 406 390 106 283 47 1 106
388 368 47 158 266 47 370 266 266 47 388 243 388 243 47 158 266 47 140 406
47 283 1 266 145 158 283 47 390 106 270 48 390 106 283 145 342 106 47 158
17 406 140 406 366 17 214 484 140 406 406 342 283 47 485 318 266 48 266 1
406 366 366 214 484 140 406 406 342 283 47 485 455 300 47 485 455 283 320 158
283 47 485 318 266 320 485 318 266 47 158 266 47 390 106 266 48 390 106 266
388 243 388 243 140 406 140 406 342 283 47 485 382 266 47 48 382 283 47 158
484 140 406 406 406 342 283 47 485 318 266 48 485 1 266 47 158 266 320 390
485 1 266 228 158 266 181 186 300 283 181 186 300 283 181 186 300 228 158 283
17 406 406 140 366 366 214 484 140 406 406 406 342 283 47 485 342 266 47 485
106 266 320 1 106 228 158 266 320 370 283 266 320 370 283 266 320 370 283 266
342 283 47 485 1 283 47 283 1 266 145 158 283 48 390 106 283 48 390 106
17 406 406 140 366 366 214 484 17 17 214 484 140 406 406 406 342 283 47 485
366 366 214 484 406 342 283 47 485 318 283 320 485 318 266 47 158 266 48 390
406 342 283 47 485 342 266 47 485 382 266 47 158 266 47 390 106 266 47 406
17 366 140 366 17 214 484 140 406 406 342 283 145 485 1 283 320 320 1 266
283 47 485 1 283 47 283 1 266 145 158 283 48 390 106 283 48 390 106 283
406 406 342 283 47 485 455 300 47 485 455 283 320 158 283 47 390 300 283 47
214 484 406 140 406 406 342 283 47 485 370 266 342 455 48 266 47 158 266 47
390 300 283 228 370 300 283 47 370 283 406 342 283 228 485 1 283 181 485 1
283 47 485 318 266 48 485 1 266 47 158 266 320 390 106 283 320 390 106 406
145 390 393 270 145 390 393 270 145 342 393 47 158 270 145 370 270 270 145 370
47 390 106 283 47 390 106 266 47 342 106 47 158 266 47 370 283 266 320 370
320 388 406 243 140 390 300 283 320 370 300 388 243 47 158 283 320 140 406 370
47 158 283 48 370 283 283 320 388 368 388 368 47 158 283 48 370 283 283 48
243 388 243 390 106 266 320 342 106 47 158 266 47 370 283 266 48 388 243 388
318 266 47 158 266 48 390 300 283 48 140 406 406 390 300 283 48 342 300 47
266 320 390 106 266 320 342 106 47 158 266 320 370 266 266 320 370 266 266 320
406 140 366 366 214 484 17 17 214 484 140 406 406 406 342 283 47 485 318 266
140 406 47 158 283 48 370 283 283 320 388 368 388 368 47 158 283 48 370 283
140 406 366 17 214 484 140 406 406 406 342 270 145 139 382 270 47 139 382 270
47 158 266 48 370 266 266 320 370 266 266 48 370 283 266 48 370 283 266 320
366 366 214 484 140 406 406 406 342 283 47 485 342 266 47 485 342 266 47 158
283 320 388 406 243 140 390 300 283 320 370 300 388 243 47 158 283 320 140 406
406 17 17 366 140 366 17 214 484 140 406 406 342 283 145 485 1 283 320 320
266 47 158 266 320 390 106 266 320 406 390 106 283 47 1 106 228 158 266 47
320 48 106 47 158 266 47 370 266 266 47 370 266 266 47 370 266 266 47 370
342 106 47 158 266 320 370 266 266 47 370 266 266 48 370 283 266 320 370 283
406 406 388 368 388 368 406 342 283 47 485 455 283 48 485 455 283 47 158 283
140 406 366 17 214 484 17 17 214 484 140 406 406 406 342 283 47 485 1 283
366 366 214 484 140 406 406 342 283 47 485 455 300 47 485 455 283 320 158 283
140 406 140 406 342 283 47 485 342 266 47 485 342 266 47 158 266 47 390 106
406 390 106 266 47 1 106 228 158 266 47 370 283 283 320 370 283 266 47 370
17 406 140 406 366 17 214 484 17 17 214 484 140 406 406 406 342 283 47 485
266 48 390 106 266 47 342 106 47 158 266 48 370 266 266 320 370 283 266 48
342 283 47 485 455 283 48 485 1 266 47 158 266 47 390 106 266 47 390 106
320 485 1 266 47 158 266 320 390 106 266 320 406 390 300 283 228 1 106 228
406 342 283 47 485 455 283 48 485 1 266 47 158 266 47 390 106 266 47 390
106 47 158 266 47 370 283 283 48 388 243 388 243 47 158 266 48 388 243 388
300 283 320 388 406 243 140 390 300 283 320 370 300 388 243 47 158 283 320 140
485 318 283 47 158 283 48 390 300 283 320 388 406 243 140 390 300 283 320 370
406 342 283 47 485 318 266 48 485 1 266 47 158 266 320 390 106 266 47 390
283 228 485 1 283 320 320 1 266 228 158 283 320 390 106 283 320 390 106 283
17 406 140 406 366 366 214 484 140 406 406 342 283 47 485 455 300 47 485 455
266 47 158 266 47 390 106 266 47 406 390 106 266 47 318 106 388 243 388 243
283 320 390 106 283 320 342 106 266 320 1 106 228 158 266 320 370 283 266 320
17 406 406 140 366 366 214 484 17 17 214 484 140 406 406 406 342 283 47 485
406 342 283 47 485 318 266 48 485 1 266 47 158 266 320 390 106 266 47 390
283 48 485 455 283 47 158 283 320 390 300 283 48 388 368 388 368 390 300 283
17 406 406 342 140 366 17 214 484 406 388 388 243 243 140 406 406 388 243 388
406 406 406 342 283 47 485 1 283 320 320 1 283 47 158 283 320 390 300 283
390 106 266 47 342 106 266 47 342 106 47 158 266 47 370 283 266 47 370 283
300 283 48 342 300 47 158 283 320 370 283 283 48 370 283 283 320 370 283 266
485 318 266 47 158 266 47 390 106 266 48 390 106 266 47 342 106 47 158 266
382 266 47 158 266 47 390 106 266 47 406 390 106 266 47 318 106 388 243 388
283 181 186 300 283 181 131 300 228 158 266 181 131 283 266 181 140 406 131 283
406 140 406 366 17 214 484 406 388 243 388 243 140 406 140 406 342 283 47 485
158 266 320 390 106 283 320 390 106 406 266 320 342 106 320 158 266 320 342 283
283 47 485 318 266 320 485 318 266 47 158 266 47 390 106 266 48 390 106 266
140 366 17 214 484 406 388 388 243 243 140 406 406 388 243 388 243 406 342 283
283 320 390 106 266 320 1 106 228 158 266 320 370 283 266 320 370 283 266 320
318 283 47 158 283 48 390 300 283 320 388 406 243 140 390 300 283 320 370 300
406 140 366 17 214 484 140 406 406 406 342 283 47 485 1 283 320 320 1 283
17 406 140 406 366 17 214 484 140 406 406 342 283 47 485 318 266 48 266 1
390 106 266 47 406 390 106 266 47 370 106 388 243 388 368 47 158 266 47 370
48 106 47 158 266 47 370 266 266 47 370 266 266 47 370 266 266 47 370 266
266 47 158 266 47 390 106 266 47 342 106 266 47 342 106 47 158 266 47 370
283 47 485 1 283 320 485 1 283 47 158 283 320 390 300 283 320 390 300 283
48 390 300 283 48 140 406 406 390 300 283 48 342 300 47 158 283 320 370 283
390 300 283 320 370 300 388 243 47 158 283 320 140 406 370 283 283 47 388 243
342 283 47 485 455 283 48 485 455 283 47 158 266 320 390 300 283 48 388 368
406 406 406 342 283 47 485 318 266 320 485 1 266 47 158 266 47 390 106 266
228 485 1 283 320 320 1 266 228 158 283 320 390 106 283 320 390 106 283 320
300 283 48 140 406 406 390 300 283 48 342 300 47 158 283 320 370 283 283 48
266 47 266 342 266 47 158 266 47 390 106 266 47 390 106 266 47 342 106 47
485 1 266 47 158 266 47 390 106 266 320 390 106 266 320 1 106 47 158 266
47 158 266 320 390 106 283 320 390 106 406 266 320 342 106 320 158 266 320 370
158 185 48 390 106 185 48 390 106 185 228 342 106 47 158 185 228 370 185 185
283 47 370 283 266 48 388 243 388 243 47 158 266 48 388 243 388 243 47 158
140 406 406 406 342 283 47 485 318 283 320 485 318 266 47 158 266 47 390 106
406 47 158 283 48 370 283 283 320 388 368 388 368 47 158 283 48 370 283 283
283 320 390 106 266 320 1 106 228 158 266 320 370 283 266 320 370 283 266 320
106 283 320 390 106 406 266 320 342 106 320 158 266 320 370 283 266 320 370 283
390 300 283 320 370 300 388 243 47 158 283 320 140 406 370 283 283 47 388 243
106 266 47 342 106 47 158 266 47 370 283 266 47 370 283 266 47 370 283 266
300 283 48 388 368 388 368 390 300 283 48 342 300 140 406 47 158 283 48 370
266 455 283 320 158 283 47 390 300 283 47 370 300 283 47 370 283 406 342 283
266 48 390 300 283 48 140 406 406 390 300 283 48 342 300 47 158 283 320 370
47 390 106 283 47 390 106 266 47 342 106 47 158 266 47 370 283 266 320 370
283 47 485 342 266 47 266 342 266 47 158 266 47 390 106 266 47 390 106 266
47 485 382 266 47 158 266 47 390 106 266 47 406 390 106 266 47 370 106 388
214 484 140 406 406 406 342 283 47 485 1 266 320 485 1 266 47 158 266 320
145 158 283 47 390 106 270 47 390 106 283 47 342 106 47 158 266 320 342 283
106 270 47 390 106 283 145 342 106 47 158 266 320 342 283 266 47 370 270 266
106 266 47 342 106 47 158 266 48 370 266 266 320 370 283 266 48 370 283 266
140 406 406 406 342 283 47 485 318 266 48 485 1 266 47 158 266 320 390 106
342 106 266 47 342 106 47 158 266 47 370 283 266 47 370 283 266 47 370 283
266 320 485 1 266 47 158 266 320 390 106 266 320 390 106 266 320 342 106 47
228 390 300 283 228 370 300 283 47 370 283 406 342 283 228 485 1 283 181 485
17 214 484 406 388 243 388 243 140 406 140 406 342 283 47 485 382 266 47 485
484 140 406 406 406 342 283 47 485 455 283 48 485 1 266 47 158 266 47 390
1 283 47 485 318 266 47 158 283 48 390 300 283 320 388 406 243 140 390 300
484 17 17 214 484 140 406 406 406 342 185 228 485 318 185 228 485 318 185 228
283 47 485 1 283 47 283 1 266 145 158 283 48 390 106 283 48 390 106 283
47 283 1 266 145 158 283 47 390 106 270 48 390 106 283 145 342 106 47 158
342 283 47 485 318 266 47 485 318 266 47 158 283 47 390 106 266 48 388 243
370 266 283 455 48 266 47 158 266 47 390 106 283 47 390 106 266 47 342 106
106 47 158 185 228 370 185 185 228 370 185 185 48 370 185 185 320 370 185 185
283 47 485 342 266 47 485 382 266 47 158 266 47 390 106 266 47 406 390 106
283 181 186 300 283 181 131 300 228 158 266 181 131 283 266 181 140 406 131 283
106 266 47 342 106 47 158 266 47 370 283 266 47 370 283 266 47 370 283 266
140 366 17 214 484 17 17 214 484 140 406 17 406 342 283 47 406 485 1 283
140 406 406 406 342 185 47 485 318 185 228 485 318 185 228 158 185 48 390 106
106 266 320 320 106 47 158 266 320 370 266 266 320 370 283 266 47 370 283 283
17 214 484 406 388 388 243 243 140 406 406 388 243 388 243 406 342 283 47 485
186 300 283 181 186 300 283 181 131 300 228 158 266 181 131 283 266 181 140 406
406 140 406 366 17 214 484 406 388 243 388 243 140 406 140 406 342 283 47 485
320 342 106 320 158 266 320 370 283 266 320 370 266 266 48 370 283 266 320 370
485 455 283 48 266 1 266 47 158 266 47 390 106 266 47 390 106 266 47 342
266 320 320 106 47 158 266 320 370 283 266 320 370 283 266 47 370 283 283 320
406 406 390 300 283 48 342 300 47 158 283 320 370 283 283 48 370 283 283 320
214 484 140 406 406 406 342 270 145 139 382 270 47 139 382 270 145 131 270 270
47 158 283 320 140 406 370 283 283 47 388 243 47 158 283 47 388 243 47 158
283 320 342 300 47 158 283 320 370 283 283 320 370 283 283 47 370 283 283 47
181 186 300 283 181 131 300 228 158 266 181 131 283 266 181 140 406 131 283 283
17 17 214 484 140 406 406 406 342 283 47 485 1 266 320 485 1 266 47 158
366 17 214 484 140 406 406 406 342 283 47 485 1 283 320 320 1 283 47 158
283 47 485 318 266 47 158 283 48 390 300 283 320 388 406 243 140 390 300 283
283 47 283 1 266 145 158 283 47 390 106 270 48 390 106 283 145 342 106 47
17 406 140 406 366 366 214 484 406 342 283 47 485 318 283 320 485 318 266 47
406 342 283 47 485 318 266 48 485 1 266 47 158 266 320 390 106 283 320 390
406 342 283 47 406 485 1 283 47 485 318 266 47 158 283 48 390 300 283 320
388 243 140 406 140 406 342 283 47 485 382 266 47 485 382 266 47 158 266 47
485 318 283 320 485 318 266 47 158 266 48 390 300 283 48 140 406 406 390 300
455 283 48 485 455 283 47 158 283 320 390 300 283 48 388 368 388 368 390 300
266 47 158 266 47 390 106 283 47 390 106 266 47 342 106 47 158 266 47 370
47 158 266 47 390 106 266 47 406 390 106 266 47 370 106 388 368 388 368 47
300 283 48 140 406 406 390 300 283 48 342 300 47 158 283 320 370 283 283 48
283 320 390 300 283 48 388 368 388 368 390 300 283 48 342 300 140 406 47 158
266 342 266 47 158 266 47 390 106 266 47 390 106 266 47 342 106 47 158 266
266 47 485 342 266 47 158 266 47 390 106 266 47 406 390 106 266 47 370 106
320 320 1 283 47 158 283 320 390 300 283 320 390 300 283 320 342 300 47 158
406 406 342 185 47 485 318 185 228 485 318 185 228 158 185 48 390 106 185 48
266 47 266 342 266 47 158 266 47 390 106 266 47 390 106 266 47 342 106 47
1 266 47 158 266 47 390 106 266 47 390 106 266 47 342 106 47 158 266 47
17 406 406 140 366 366 214 484 140 406 406 406 342 283 47 485 342 266 47 485
283 47 485 1 283 47 283 1 266 145 158 283 48 390 106 283 48 390 106 283
283 320 485 1 266 47 158 266 320 390 106 266 320 406 390 106 283 47 1 106
406 140 406 366 17 214 484 17 17 214 484 140 406 406 406 342 283 47 485 1
17 17 214 484 140 406 406 406 342 283 47 485 1 283 47 48 1 266 145 158
406 406 406 342 185 47 485 318 185 228 485 318 185 228 158 185 48 390 106 185
406 140 406 366 17 214 484 17 17 214 484 140 406 406 406 342 283 47 485 1
270 145 390 393 270 145 390 393 270 145 342 393 47 158 270 145 370 270 270 145
390 393 270 145 390 393 270 145 342 393 47 158 270 145 370 270 270 145 370 270
406 406 406 342 270 145 139 382 270 145 139 382 270 145 131 270 270 145 390 393
370 300 388 243 47 158 283 320 140 406 370 283 283 47 388 243 47 158 283 47
390 106 266 47 342 106 266 47 342 106 47 158 266 47 370 283 266 47 370 283
406 17 406 342 283 47 485 342 266 47 485 342 266 47 158 266 47 390 106 266
140 406 406 342 283 145 485 1 283 320 320 1 266 145 158 283 320 390 106 283
17 214 484 140 406 406 342 283 47 485 1 283 320 485 1 266 47 158 266 320
318 266 48 485 1 266 47 158 266 320 390 106 266 47 390 106 266 320 318 106
485 342 266 47 266 342 266 47 158 266 47 390 106 266 47 390 106 266 47 342
342 283 47 485 370 266 283 382 48 266 47 158 266 47 390 106 283 47 390 106
266 320 390 106 266 320 406 390 106 266 47 1 106 228 158 266 47 370 283 243
266 47 266 342 266 47 158 266 47 390 106 266 47 390 106 266 47 342 106 47
406 406 342 283 47 485 318 283 320 485 318 266 47 158 266 47 390 106 266 48
283 228 485 1 283 181 485 1 266 228 158 266 181 186 300 283 181 186 300 283
283 47 485 318 283 320 485 318 266 47 158 266 48 390 300 283 48 140 406 406
47 485 318 266 48 485 1 266 47 158 266 320 390 106 266 47 390 106 266 320
485 1 266 320 485 1 266 47 158 266 320 390 106 266 320 390 106 266 320 342
406 266 320 342 106 320 158 266 320 370 266 266 320 370 283 266 48 370 283 266
266 320 485 1 266 47 158 266 47 390 106 266 320 390 106 266 320 1 106 47
214 484 140 406 406 342 283 47 485 1 283 320 485 1 266 47 158 266 320 390
283 47 485 455 283 48 266 1 266 47 158 266 47 390 106 266 47 390 106 266
140 366 17 214 484 17 17 214 484 140 406 17 406 342 283 47 406 485 1 283
228 390 300 283 228 370 300 283 47 370 283 406 342 283 228 485 1 283 181 485
283 47 485 318 266 48 485 1 266 47 158 266 320 390 106 283 320 390 106 406
283 47 485 318 266 320 485 318 266 47 158 266 47 390 106 266 48 390 106 266
140 406 406 342 283 47 485 455 300 47 485 455 283 320 158 283 47 390 300 283
342 283 47 485 1 283 320 485 1 266 47 158 266 320 390 300 266 320 406 390
406 485 1 283 47 485 318 283 47 158 283 48 390 300 283 320 388 406 243 140
17 406 140 406 366 366 214 484 406 342 283 47 485 318 283 320 485 318 266 47
283 47 283 1 266 145 158 283 47 390 106 270 48 390 106 283 145 342 106 47
158 283 181 186 300 283 181 186 300 283 181 186 300 228 158 283 181 131 283 266
1 266 47 158 266 47 390 106 266 47 390 106 266 47 342 106 47 158 266 47
228 485 1 283 320 320 1 266 228 158 283 320 390 106 283 320 390 106 283 320
106 47 158 185 228 370 185 185 228 370 185 185 48 370 185 185 320 370 185 185
283 48 342 300 140 406 47 158 283 48 370 283 283 320 388 368 388 368 47 158
406 366 17 214 484 17 17 214 484 140 406 406 406 342 283 47 485 1 266 320
320 485 318 266 47 158 266 47 390 106 266 48 390 106 266 47 342 106 47 158
406 366 17 214 484 17 17 214 484 140 406 406 406 342 185 47 485 318 185 228
17 214 484 140 406 406 406 342 283 47 485 1 283 47 48 1 266 145 158 283
140 406 366 17 214 484 140 406 406 342 283 47 485 318 266 48 266 1 266 47
342 266 47 485 382 266 47 158 266 47 390 106 266 47 406 390 106 266 47 370
485 1 266 320 485 1 266 47 158 266 320 390 106 266 320 390 106 266 320 342
106 283 47 342 106 47 158 266 320 342 266 266 47 370 283 266 48 370 270 266
214 484 140 406 406 342 283 145 485 1 283 320 320 1 266 228 158 283 320 390
17 406 140 406 366 17 214 484 140 406 406 342 283 47 485 318 266 48 266 1
266 47 158 283 47 390 106 266 48 388 243 388 243 390 106 266 320 342 106 47
106 185 228 342 106 47 158 185 228 370 185 185 228 370 185 185 48 370 185 185
266 283 455 48 266 47 158 266 47 390 106 283 47 390 106 266 47 342 106 47
320 390 300 283 320 342 300 47 158 283 320 370 283 283 320 370 283 283 47 370
140 366 366 214 484 140 406 406 406 342 283 47 485 455 283 48 266 1 266 47
320 390 106 266 320 1 106 47 158 266 320 370 266 266 320 370 283 266 47 370
406 140 366 366 214 484 17 17 214 484 140 406 406 406 342 283 47 485 318 266
406 406 406 342 283 47 485 1 266 320 485 1 266 47 158 266 320 390 106 266
131 283 228 485 1 283 181 485 1 266 228 158 266 181 186 300 283 181 186 300
406 406 140 366 17 214 484 140 406 406 406 342 283 47 485 318 266 320 1 1
140 406 406 406 342 283 47 485 342 266 47 266 342 266 47 158 266 47 390 106
47 485 455 283 48 485 455 283 47 158 283 320 390 300 283 48 388 368 388 368
1 283 320 320 1 283 47 158 283 320 390 300 283 320 390 300 283 320 342 300
186 300 283 181 186 300 283 181 131 300 228 158 266 181 131 283 266 181 140 406
390 106 270 48 390 106 283 145 342 106 47 158 266 320 370 283 266 47 370 270
485 342 266 47 485 382 266 47 158 266 47 390 106 266 47 406 390 106 266 47
283 320 485 318 266 47 158 266 48 390 300 283 48 140 406 406 390 300 283 48
485 318 185 228 485 318 185 47 158 185 48 390 106 185 48 390 106 185 228 342
47 485 318 266 47 485 318 266 47 158 283 47 390 106 266 48 388 243 388 243
145 139 382 270 145 139 382 270 145 131 270 270 145 390 393 270 145 390 393 270
131 283 228 485 1 283 181 485 1 266 228 158 266 181 186 300 283 181 186 300
406 140 366 366 214 484 140 406 406 406 342 283 47 485 342 266 47 266 342 266
390 106 283 320 390 106 406 266 320 342 106 320 158 266 320 370 283 266 320 370
47 283 1 266 145 158 283 47 390 106 270 48 390 106 283 145 342 106 47 158
366 214 484 140 406 406 342 283 47 485 455 300 47 485 455 283 320 158 283 47
406 342 283 47 485 318 283 320 485 318 266 47 158 266 48 390 300 283 48 140
270 145 131 270 270 145 390 393 270 145 390 393 270 145 342 393 47 158 270 145
283 47 485 1 283 47 283 1 266 145 158 283 48 390 106 283 48 390 106 283
47 158 266 47 370 283 283 48 388 243 388 243 47 158 266 48 388 243 388 243
140 406 47 406 342 283 47 406 485 1 283 47 485 318 283 47 158 283 48 390
1 266 228 158 266 181 186 300 283 181 186 300 283 181 186 300 228 158 283 181
266 48 390 300 283 48 140 406 406 390 300 283 48 342 300 47 158 283 320 370
266 47 158 266 47 390 106 266 47 390 106 266 47 342 106 47 158 266 47 370
342 283 47 485 318 283 320 485 318 266 47 158 266 48 390 300 283 48 140 406
181 186 300 228 158 266 181 131 283 266 181 140 406 131 283 283 181 131 283 283
186 300 283 181 131 300 228 158 266 181 131 283 266 181 140 406 131 283 283 181
214 484 17 17 214 484 140 406 140 406 342 283 47 406 485 1 283 47 485 318
484 140 406 406 406 342 270 145 139 382 270 47 139 382 270 145 131 270 270 145
388 243 388 243 390 106 266 320 342 106 47 158 266 47 370 283 266 48 388 243
47 485 1 283 320 485 1 266 47 158 266 320 390 300 266 320 406 390 106 283
266 47 342 106 47 158 266 47 370 283 266 320 370 283 283 320 370 283 283 47
485 1 283 320 320 1 283 47 158 283 320 390 300 283 320 390 300 283 320 342
47 370 283 266 48 388 243 388 243 47 158 266 48 388 243 388 243 47 158 266
158 283 181 186 300 283 181 186 300 283 181 186 300 228 158 283 181 131 283 266
158 266 47 390 106 266 47 406 390 106 266 47 318 106 388 368 388 243 47 158
47 485 318 266 320 485 1 266 47 158 266 47 390 106 266 320 390 106 266 320
406 342 283 47 485 318 266 320 485 1 266 47 158 266 47 390 106 266 320 390
390 106 270 48 390 106 283 145 342 106 47 158 266 320 370 283 266 47 370 270
406 366 17 214 484 17 17 214 484 140 406 406 406 342 283 47 485 1 283 47
17 406 406 140 366 366 214 484 406 140 406 406 342 283 47 485 370 266 342 455
17 406 140 406 366 17 214 484 17 17 214 484 140 406 406 406 342 283 47 485
300 283 47 370 283 406 131 283 228 485 1 283 181 485 1 266 228 158 283 181
342 283 47 485 382 266 47 485 382 266 47 158 266 47 390 106 266 47 406 390
47 158 283 47 390 106 266 48 388 243 388 243 390 106 266 320 342 106 47 158
214 484 17 17 214 484 140 406 406 406 342 283 47 485 1 283 47 48 1 266
17 366 140 366 17 214 484 140 406 406 342 283 145 485 1 283 320 320 1 266
318 283 320 485 318 266 47 158 266 47 390 106 266 48 390 106 266 47 342 106
485 1 283 47 158 283 320 390 300 283 320 390 300 283 320 342 300 47 158 283
300 388 243 47 158 283 320 140 406 370 283 283 47 388 243 47 158 283 47 388
300 283 320 342 300 47 158 283 320 370 283 283 320 370 283 283 47 370 283 283
283 47 390 106 270 47 390 106 283 145 342 106 47 158 266 320 342 283 266 47
214 484 140 406 406 406 342 270 145 139 382 270 47 139 382 270 145 131 270 270
228 485 1 283 181 485 1 266 228 158 266 181 186 300 283 181 186 300 283 181
283 181 485 1 266 228 158 266 181 186 300 283 181 186 300 283 181 186 300 228
390 106 185 228 342 106 47 158 185 228 370 185 185 228 370 185 185 48 370 185
406 140 406 366 17 214 484 17 17 214 484 140 406 406 406 342 266 228 485 318
366 214 484 140 406 406 406 342 283 47 485 318 283 320 485 318 266 47 158 266
406 406 342 283 47 485 318 266 48 485 1 266 47 158 266 320 390 106 283 320
266 320 320 106 47 158 266 320 370 283 266 320 370 283 266 47 370 283 283 320
140 406 406 388 243 388 243 406 342 283 47 485 455 283 48 485 455 283 47 158
140 406 406 17 406 342 283 47 485 318 266 47 485 318 266 47 158 283 47 390
484 140 406 406 406 342 185 47 485 318 185 228 485 318 185 228 158 185 48 390
140 406 406 342 283 47 485 455 300 47 485 455 283 320 158 283 47 390 300 283
320 370 300 388 243 47 158 283 320 140 406 370 283 283 47 388 243 47 158 283
48 370 283 283 320 388 368 388 368 47 158 283 48 370 283 283 48 388 368 388
106 266 47 390 106 266 47 342 106 47 158 266 47 370 266 266 47 370 266 266
48 390 300 283 48 140 406 406 390 300 283 48 342 300 47 158 283 320 370 283
47 485 318 266 47 485 318 266 47 158 283 47 390 106 266 48 388 243 388 243
283 47 485 318 266 320 485 1 266 47 158 266 47 390 106 266 320 390 106 266
48 390 106 185 228 342 106 47 158 185 228 370 185 185 228 370 185 185 48 370
47 485 455 300 47 266 455 283 320 158 283 47 390 300 283 47 370 300 283 47
485 1 283 47 485 318 283 47 158 283 48 390 300 283 320 388 406 243 140 390
214 484 140 406 406 342 283 47 485 1 283 320 485 1 266 47 158 266 320 390
283 47 485 1 283 47 283 1 266 145 158 283 48 390 106 283 48 390 106 283
406 406 406 342 283 47 485 342 266 47 266 342 266 47 158 266 47 390 106 266
17 406 406 140 366 366 214 484 406 140 406 406 342 283 47 485 370 266 342 455
485 370 266 283 455 48 266 47 158 266 47 390 106 283 47 390 106 266 47 342
214 484 140 406 406 406 342 283 47 485 1 283 320 320 1 283 47 158 283 320
390 106 185 228 342 106 47 158 185 228 370 185 185 228 370 185 185 48 370 185
266 47 390 106 266 320 318 106 47 158 266 47 370 266 266 47 370 266 266 47
406 342 283 47 485 318 266 47 485 318 266 47 158 283 47 390 106 266 48 388
266 48 388 243 388 243 390 106 266 320 342 106 47 158 266 47 370 283 266 48
283 47 485 318 266 320 485 318 266 47 158 266 47 390 106 266 48 390 106 266
47 485 318 266 48 485 1 266 47 158 266 320 390 106 283 320 390 106 406 266
342 106 47 158 266 48 370 266 266 320 370 266 266 48 370 283 266 48 370 283
186 300 228 158 266 181 131 283 266 181 140 406 131 283 283 181 131 283 283 228
106 266 320 1 106 228 158 266 320 370 283 266 320 370 283 266 320 370 283 266
370 300 388 243 47 158 283 320 140 406 370 283 283 47 388 243 47 158 283 47
300 283 48 342 300 140 406 47 158 283 48 370 283 283 320 388 368 388 368 47
47 390 106 266 47 342 106 47 158 266 47 370 283 266 320 370 283 283 320 370
158 266 47 390 106 266 47 390 106 266 47 342 106 47 158 266 47 370 266 266
158 283 47 390 300 283 228 370 300 283 47 370 283 406 342 283 228 485 1 283
485 1 283 320 485 1 266 47 158 266 320 390 300 266 320 406 390 106 283 47
140 406 406 390 300 283 48 342 300 47 158 283 320 370 283 283 48 370 283 266
140 366 366 214 484 140 406 406 406 342 283 47 485 318 283 320 485 318 266 47
484 140 406 406 342 283 47 485 1 283 320 485 1 266 47 158 266 320 390 106
283 320 342 300 47 158 283 320 370 283 283 320 370 283 283 47 370 283 283 47
388 243 390 106 266 320 342 106 47 158 266 47 370 283 266 48 388 243 388 243
266 47 370 106 388 243 388 243 47 158 266 47 370 266 266 47 388 243 388 243
388 243 388 243 140 406 140 406 342 283 47 485 382 266 47 48 382 283 47 158
47 370 106 388 243 388 243 47 158 266 47 370 266 266 47 388 243 388 243 47
406 342 283 47 485 342 266 47 266 342 266 47 158 266 47 390 106 266 47 390
283 320 390 106 406 266 320 342 106 320 158 266 320 370 283 266 320 370 283 266
484 406 342 283 47 485 318 283 320 485 318 266 47 158 266 48 390 300 283 48
484 406 388 388 368 243 140 406 406 388 243 388 243 406 342 283 47 485 455 283
366 17 214 484 140 406 406 406 342 283 47 485 1 283 320 320 1 283 47 158
106 406 266 320 342 106 320 158 266 320 370 266 266 320 370 283 266 48 370 283
283 320 390 106 406 266 320 342 106 320 158 266 320 370 283 266 320 370 283 266
300 283 181 131 300 228 158 266 181 131 283 266 181 140 406 131 283 283 181 131
320 485 318 266 47 158 266 48 390 300 283 48 140 406 406 390 300 283 48 342
158 283 320 390 300 283 320 390 300 283 320 342 300 47 158 283 320 370 283 283
158 283 47 390 106 270 47 390 106 283 47 342 106 47 158 266 320 342 270 266
390 106 266 47 390 106 266 320 318 106 47 158 266 47 370 266 266 47 370 266
266 47 390 106 283 47 390 106 266 47 342 106 47 158 266 47 370 283 266 320
283 320 390 106 406 266 320 342 106 320 158 266 320 370 283 266 320 370 283 266
370 300 388 243 47 158 283 320 140 406 370 283 283 47 388 243 47 158 283 47
17 17 406 406 342 140 366 17 214 484 406 388 388 243 243 140 406 406 388 243
47 485 318 266 47 158 283 48 390 300 283 320 388 406 243 140 390 300 283 320
140 406 366 17 214 484 17 17 214 484 140 406 406 406 342 283 47 485 1 266
1 266 47 158 266 320 390 106 266 320 406 390 106 283 47 1 106 228 158 283
283 47 406 485 1 283 47 485 318 283 47 158 283 48 390 300 283 320 388 406
270 145 390 393 270 145 342 393 145 158 270 145 370 270 270 145 370 270 270 145
342 283 47 485 318 283 320 485 318 266 47 158 266 48 390 300 283 48 140 406
17 214 484 17 17 214 484 140 406 406 406 342 185 47 485 318 185 228 485 318
47 390 106 266 47 406 390 106 266 47 318 106 388 368 388 368 47 158 266 47
17 214 484 140 406 406 406 342 283 47 485 1 266 320 485 1 266 47 158 266
484 17 17 214 484 140 406 406 406 342 185 228 485 318 185 228 485 318 185 228
320 390 106 266 320 342 106 47 158 266 320 370 266 266 320 370 266 266 320 370
266 320 390 106 266 47 390 106 266 320 318 106 47 158 266 47 370 266 266 47
214 484 406 388 243 388 243 140 406 140 406 342 283 47 485 382 266 47 48 382
17 214 484 140 406 406 406 342 283 47 485 1 283 47 48 1 266 145 158 283
266 47 370 106 388 243 388 243 47 158 266 47 370 266 266 47 388 243 388 243
266 145 158 283 48 390 106 283 47 390 106 283 47 342 106 47 158 266 320 342
406 140 406 366 17 214 484 406 388 243 388 243 140 406 140 406 342 283 47 485
406 342 283 47 485 318 283 320 485 318 266 47 158 266 47 390 106 266 48 390
48 390 300 283 320 388 406 243 140 390 300 283 320 370 300 388 243 47 158 283
388 368 388 243 47 158 266 47 370 266 266 47 388 243 388 243 47 158 266 47
266 47 158 266 47 390 106 266 47 390 106 266 47 342 106 47 158 266 47 370
17 17 214 484 140 406 406 406 342 283 47 485 1 266 320 485 1 266 47 158
283 181 186 300 228 158 266 181 131 283 266 181 140 406 131 283 283 181 131 283
17 214 484 17 17 214 484 140 406 406 406 342 283 47 485 1 283 47 48 1
214 484 140 406 406 406 342 283 47 485 318 283 320 485 318 266 47 158 266 47
485 370 266 283 455 48 266 47 158 266 47 390 106 283 47 390 106 266 47 342
283 47 485 318 266 47 158 283 48 390 300 283 320 388 406 243 140 390 300 283
47 158 266 48 390 300 283 48 140 406 406 390 300 283 48 342 300 47 158 283
406 406 140 366 366 214 484 140 406 406 406 342 283 47 485 342 266 47 485 342
140 406 406 406 342 185 47 485 318 185 228 485 318 185 228 158 185 48 390 106
406 366 17 214 484 17 17 214 484 140 406 406 406 342 283 47 485 1 266 320
214 484 140 406 406 406 342 185 47 485 318 185 228 485 318 185 228 158 185 48
406 243 140 390 300 283 320 370 300 388 243 47 158 283 320 140 406 370 283 283
406 342 283 47 485 342 266 47 266 342 266 47 158 266 47 390 106 266 47 390
47 158 266 48 370 266 266 320 370 266 266 48 370 283 266 48 370 283 266 320
47 158 266 47 390 106 266 47 390 106 266 47 342 106 47 158 266 47 370 266
266 320 320 106 47 158 266 320 370 283 266 320 370 283 266 47 370 283 283 320
47 485 382 266 47 158 266 47 390 106 266 47 406 390 106 266 47 370 106 388
390 106 266 47 342 106 266 47 342 106 47 158 266 47 370 283 266 47 370 283
406 17 406 342 283 47 485 342 266 47 485 342 266 47 158 266 47 390 106 266
47 158 266 47 390 106 266 47 390 106 266 47 342 106 47 158 266 47 370 266
185 47 485 318 185 228 485 318 185 47 158 185 48 390 106 185 48 390 106 185
140 406 406 406 342 283 47 485 1 266 320 485 1 266 47 158 266 320 390 106
266 47 370 266 266 47 388 243 388 243 47 158 266 47 140 406 370 266 266 47
406 406 140 366 17 214 484 140 406 406 406 342 283 47 485 1 283 320 320 1
484 140 406 406 406 342 283 47 485 1 283 47 48 1 266 145 158 283 48 390
17 406 406 140 366 366 214 484 406 140 406 406 342 283 47 485 370 266 342 455
366 366 214 484 17 17 214 484 140 406 406 406 342 283 47 485 318 266 48 485
484 17 17 214 484 140 406 406 406 342 283 47 485 1 283 47 48 1 266 145
406 406 342 283 47 485 1 283 320 320 1 283 47 158 283 320 390 300 320 320
342 283 47 485 318 283 320 485 318 266 47 158 266 48 390 300 283 48 140 406
485 1 283 320 320 1 283 47 158 283 320 390 300 283 320 390 300 283 320 342
390 300 283 47 1 106 228 158 266 47 370 283 266 320 370 283 266 47 370 283
283 181 186 300 228 158 266 181 131 283 266 181 140 406 131 283 283 181 131 283
390 106 283 320 390 106 406 266 320 342 106 320 158 266 320 370 283 266 320 370
390 300 283 48 140 406 406 390 300 283 48 342 300 47 158 283 320 370 283 283
17 406 140 406 366 17 214 484 17 17 214 484 140 406 406 406 342 283 47 485
318 283 320 485 318 266 47 158 266 48 390 300 283 48 140 406 406 390 300 283
318 266 47 158 266 47 390 106 266 48 390 106 266 47 342 106 47 158 266 48
106 185 48 390 106 185 228 342 106 47 158 185 228 370 185 185 228 370 185 185
406 406 406 342 283 47 485 318 266 320 485 1 266 47 158 266 47 390 106 266
266 48 388 243 388 243 390 106 266 320 342 106 47 158 266 47 370 283 266 48
390 106 266 320 406 342 106 283 47 1 106 228 158 266 47 370 283 243 320 370
342 283 47 485 455 283 48 485 1 266 47 158 266 47 390 106 266 47 390 106
485 382 266 47 158 266 47 390 106 266 47 406 390 106 266 47 318 106 388 243
140 406 406 406 342 283 47 485 342 266 47 266 342 266 47 158 266 47 390 106
283 455 48 266 47 158 266 47 390 106 283 47 390 106 266 47 342 106 47 158
318 266 47 158 266 48 390 300 283 48 140 406 406 390 300 283 48 342 300 47
266 48 388 243 388 243 390 106 266 320 342 106 47 158 266 47 370 283 266 48
266 47 485 318 266 47 158 283 47 390 106 266 48 388 243 388 243 390 106 266
270 145 131 270 270 145 390 393 270 145 390 393 270 145 342 393 47 158 270 145
17 406 140 406 366 17 214 484 17 17 214 484 140 406 406 406 342 283 47 485
366 366 214 484 406 342 283 47 485 318 283 320 485 318 266 47 158 266 48 390
214 484 17 17 214 484 140 406 140 406 342 283 47 406 485 1 283 47 485 318
406 140 406 366 17 214 484 17 17 214 484 140 406 406 406 342 266 228 485 318
455 283 320 158 283 228 390 300 283 47 370 300 283 47 370 283 406 342 283 228
366 17 214 484 140 406 406 342 283 145 485 1 283 320 485 1 266 145 158 283
