332 165 273 273 273 273 165 166 273 165 10 302 142 142 142 302 142 142 142 302
10 302 302 142 10 332 269 10 302 457 10 302 457 32 165 32 32 32 32 32
10 302 269 269 457 302 457 457 457 302 457 457 302 302 302 457 165 10 10 302
302 165 32 302 457 32 273 25 25 165 273 32 332 273 273 25 308 436 42 166
42 166 42 42 166 42 42 166 165 42 42 166 32 42 42 166 273 165 332 32
165 165 165 165 332 332 10 10 10 332 332 457 165 332 457 332 457 332 457 332
142 142 302 142 142 142 302 142 142 302 142 165 302 302 10 10 302 302 142 10
273 273 165 436 165 165 10 302 457 457 457 302 457 457 457 302 457 269 302 302
273 273 273 165 165 273 165 10 302 269 457 269 302 457 457 457 302 269 457 302
32 332 273 273 25 332 42 308 436 42 166 42 42 166 166 42 42 166 42 42
332 302 165 32 32 32 302 165 457 457 10 10 10 302 142 10 10 32 32 32
25 25 25 25 25 25 25 25 25 308 308 308 308 308 308 308 308 308 308 308
436 436 436 25 25 25 25 25 25 25 25 25 308 308 308 308 308 308 308 308
457 302 457 457 457 302 302 457 165 10 302 302 302 457 457 457 457 302 457 165
308 308 25 25 165 436 273 166 273 165 302 457 32 32 32 273 273 273 273 165
142 10 302 457 10 332 269 10 302 457 32 165 32 32 32 32 436 273 25 25
10 302 457 457 457 302 302 457 457 269 165 269 302 302 457 302 142 302 10 10
10 332 332 457 165 332 457 332 269 332 457 332 269 332 269 332 269 10 10 332
308 308 308 308 308 308 308 308 308 25 25 165 436 273 166 273 165 332 10 32
166 165 42 42 25 42 332 42 42 42 42 42 42 42 166 42 42 166 165 42
308 308 308 308 308 308 308 308 308 308 308 308 308 25 25 165 436 273 166 273
269 302 457 457 269 332 269 269 332 332 269 332 165 10 10 302 332 10 10 10
273 165 166 273 165 10 302 457 457 457 302 269 269 457 302 457 457 302 332 457
25 25 165 273 302 32 302 332 273 273 273 25 165 436 42 166 42 42 166 166
332 10 457 269 10 302 165 332 332 302 457 332 165 457 302 165 165 10 10 10
142 10 332 332 457 332 457 332 457 332 457 10 10 332 165 10 332 457 332 332
42 42 25 25 308 308 308 308 308 308 308 308 308 308 308 308 308 308 308 308
273 165 10 302 269 457 457 302 457 457 457 302 269 457 302 302 302 457 165 10
302 142 302 142 302 142 302 142 10 142 302 302 302 142 10 302 302 302 302 142
10 302 457 32 32 32 165 32 457 332 142 42 10 10 457 10 32 142 166 42
273 32 32 273 273 308 436 42 166 42 42 166 166 42 42 166 42 42 166 42
332 457 32 32 165 273 273 273 273 165 166 273 165 10 332 457 457 457 332 457
302 457 10 302 302 165 10 302 457 10 10 302 10 10 302 302 165 302 302 302
332 332 165 457 273 273 273 273 302 302 302 165 302 32 32 273 165 273 165 273
302 457 457 457 302 457 457 457 302 457 457 302 302 302 457 165 457 10 302 302
32 302 302 302 457 273 457 273 457 32 457 457 10 302 269 457 457 302 269 457
273 42 165 166 42 165 166 457 302 302 332 165 165 302 332 165 165 302 165 165
165 25 25 165 165 273 166 273 165 302 457 32 302 332 273 273 273 273 165 165
42 42 42 42 273 25 25 165 436 457 302 273 457 302 32 302 302 302 273 273
302 302 457 302 269 302 457 302 457 10 10 302 302 457 10 302 269 10 302 302
165 273 273 273 273 165 166 273 165 457 302 269 457 457 302 10 457 32 457 457
332 165 332 165 332 165 332 457 10 332 457 10 332 457 10 332 332 332 457 332
25 25 25 25 25 25 308 308 308 308 308 308 308 308 308 308 308 308 308 308
42 457 42 42 165 42 42 42 42 42 42 42 42 42 25 25 42 42 42 42
165 457 457 457 165 332 457 457 42 42 273 302 302 457 165 457 10 302 457 302
302 302 32 302 273 165 273 332 302 273 273 165 166 273 165 302 32 302 302 165
166 273 165 302 457 32 332 165 273 273 273 273 165 166 273 165 10 302 457 457
457 10 302 302 302 302 165 302 302 32 332 302 273 165 25 25 165 273 166 332
25 25 165 273 32 32 273 273 165 436 42 166 42 42 166 273 42 273 166 42
32 32 273 165 273 302 269 457 457 302 457 457 32 32 273 273 302 302 457 165
332 332 302 165 332 302 10 332 273 25 25 165 273 332 332 273 273 25 308 436
302 457 10 10 302 302 165 10 10 302 457 10 302 457 10 302 457 302 165 32
302 302 142 10 302 302 302 302 165 302 302 165 332 332 273 165 273 302 332 302
32 273 42 166 42 42 457 42 42 42 42 42 42 42 42 42 42 42 42 25
25 25 25 308 308 308 308 308 308 308 308 308 308 308 308 308 308 308 308 25
273 42 166 42 42 166 273 42 166 32 42 42 166 42 42 166 273 165 166 457
457 457 302 302 457 165 302 10 10 10 302 302 10 10 10 302 302 457 165 302
332 42 273 166 42 42 166 42 42 166 166 273 42 166 42 42 166 273 165 302
302 302 302 302 273 302 302 42 332 332 273 165 273 302 332 302 273 273 302 273
308 436 273 166 273 165 332 457 332 332 165 273 273 273 273 165 166 273 165 10
166 42 42 166 42 42 42 42 42 42 42 166 42 42 42 166 42 42 42 42
308 308 308 308 308 308 308 308 308 308 308 308 308 25 25 308 436 273 166 273
332 165 332 302 332 457 332 273 42 25 25 165 273 166 273 273 273 165 436 42
165 165 165 165 165 25 25 42 42 42 165 42 42 25 42 42 42 436 25 25
302 269 457 165 302 269 302 457 10 302 457 302 457 302 457 10 302 302 165 10
269 302 269 457 457 302 269 457 302 269 165 302 302 10 10 302 302 457 10 10
165 302 457 302 457 302 457 302 457 302 457 302 457 10 302 302 165 10 302 457
42 166 42 42 166 166 273 42 166 42 273 166 273 165 302 457 32 42 165 273
308 308 308 308 308 308 308 308 308 308 25 25 308 436 42 166 273 165 332 32
308 308 308 308 308 308 308 308 308 308 308 308 308 308 308 308 308 308 25 308
302 302 302 10 32 273 165 273 166 302 273 273 165 302 273 165 302 332 302 332
308 308 308 308 308 308 308 308 308 308 308 308 308 308 308 308 308 25 308 436
308 308 308 308 308 308 308 25 25 436 436 42 32 273 165 332 436 32 332 436
165 166 273 165 302 32 32 332 165 273 273 273 273 165 166 273 165 10 302 457
165 273 302 165 332 332 273 273 273 25 308 436 42 166 42 42 166 166 273 42
25 165 165 165 165 165 42 25 42 42 165 436 25 25 42 436 25 25 25 25
10 10 302 302 457 165 302 269 302 457 302 457 302 457 302 302 457 457 10 302
308 308 308 308 308 308 308 308 308 308 308 308 308 308 308 308 308 308 436 308
302 457 165 142 302 457 457 142 302 142 457 302 302 457 165 302 10 10 302 302
10 302 302 457 10 10 302 302 269 165 302 457 302 457 10 10 302 302 457 302
273 273 165 166 273 165 10 302 457 457 457 302 269 457 457 302 269 457 302 302
302 10 10 302 302 457 10 10 10 302 302 457 165 10 302 10 302 10 302 10
457 165 302 457 302 457 10 302 457 302 302 269 10 10 302 302 302 457 165 10
457 302 457 302 457 302 457 10 332 302 142 10 302 457 32 32 32 165 32 165
273 273 165 166 273 165 457 302 457 457 457 302 10 457 302 457 457 457 302 302
457 10 10 10 302 302 457 165 10 302 10 302 302 457 302 457 302 457 10 302
269 457 269 302 269 457 457 302 457 269 302 302 457 165 302 10 10 10 302 302
25 25 25 25 25 25 25 308 308 308 308 308 308 308 308 308 308 308 308 308
269 332 269 302 269 302 269 10 302 142 10 302 457 10 332 332 332 165 332 302
273 165 10 302 457 457 457 302 457 457 457 302 457 457 302 302 302 457 165 10
25 25 25 25 25 25 25 25 308 308 308 308 308 308 308 308 308 308 308 308
302 302 457 165 10 10 302 302 457 302 302 165 302 302 302 302 32 302 273 165
166 42 273 42 273 166 166 42 42 166 42 436 273 273 273 273 42 166 273 42
32 32 32 32 273 273 273 273 165 166 273 165 10 302 457 142 457 302 142 142
165 165 273 165 10 302 269 457 269 302 457 457 457 302 269 457 302 302 302 457
436 25 436 25 436 25 25 25 25 25 25 25 25 25 308 308 308 308 308 308
457 457 302 457 457 457 302 457 457 302 457 32 165 302 10 10 302 302 457 10
10 302 457 302 302 165 302 302 302 302 302 273 165 25 25 165 273 302 332 302
457 165 10 10 302 302 10 302 302 165 302 302 302 302 302 302 273 165 273 332
302 10 10 302 302 165 302 273 165 10 302 302 302 302 165 302 457 457 457 302
32 32 273 273 273 273 165 32 42 165 10 302 269 457 269 302 142 457 142 302
269 457 269 302 457 457 302 302 269 302 165 10 10 10 302 302 10 10 10 302
308 308 308 308 308 308 308 308 308 308 308 308 308 308 308 308 308 25 308 436
302 302 457 332 273 165 273 166 332 273 273 165 302 273 165 302 302 302 302 302
165 273 166 273 165 302 457 332 332 165 273 273 273 273 165 166 273 165 10 302
165 10 10 302 302 302 165 302 457 302 457 10 10 10 10 302 269 269 302 269
10 10 10 302 269 269 302 269 165 302 10 10 302 457 10 10 302 165 302 302
25 436 25 25 25 25 25 25 25 25 25 308 308 308 308 308 308 308 308 308
25 165 273 165 436 273 165 10 332 457 457 457 332 457 269 457 332 457 457 332
25 25 302 457 457 457 302 457 457 302 302 457 165 302 10 10 10 302 302 10
166 42 42 457 42 42 42 42 42 42 42 42 42 42 42 42 25 25 42 42
25 25 25 25 308 308 308 308 308 308 308 308 308 308 308 308 308 308 308 308
457 457 302 302 302 457 165 457 10 302 302 10 10 10 302 302 457 302 457 165
308 10 10 32 32 32 308 32 332 436 165 308 42 25 25 308 308 308 308 308
302 302 10 10 10 32 302 457 457 165 302 457 302 457 10 302 302 457 302 165
42 165 436 42 302 273 165 302 457 332 302 42 42 42 457 332 273 42 165 166
457 10 332 457 302 165 302 302 302 302 32 273 25 25 25 25 25 25 25 25
457 10 332 332 457 165 10 332 457 10 302 302 302 165 302 332 302 302 302 273
332 302 302 165 302 302 302 10 332 273 165 165 273 166 332 273 273 165 436 42
308 308 308 308 308 308 308 308 308 308 308 308 308 308 25 25 308 436 165 32
302 302 10 10 10 302 302 457 302 457 165 457 302 10 457 302 302 457 302 457
32 273 25 25 165 273 32 332 273 273 308 436 42 166 42 42 166 166 42 273
42 166 42 42 166 166 273 42 166 42 42 166 42 42 166 32 42 42 166 42
308 25 25 436 436 273 166 273 165 332 10 32 332 165 273 273 273 273 165 332
302 457 165 457 302 10 457 302 302 457 302 457 10 10 302 457 302 165 457 302
10 457 457 302 302 10 302 302 165 302 302 302 302 457 332 273 165 273 166 332
25 25 25 25 25 25 25 25 308 308 308 308 308 308 308 308 308 308 308 308
25 25 165 165 273 166 273 165 302 32 32 332 332 273 273 273 273 165 165 273
302 302 32 332 273 165 42 42 42 42 42 165 273 302 332 302 273 273 25 25
436 273 273 273 273 165 32 273 165 10 302 457 457 269 302 269 457 269 302 269
332 42 42 166 42 42 166 332 42 42 166 42 165 166 273 165 302 32 32 332
25 25 25 25 25 25 308 308 308 308 308 308 308 308 308 308 308 308 308 308
25 25 308 308 308 308 308 308 308 308 308 308 308 308 308 308 308 308 308 25
25 25 25 25 25 25 308 308 308 308 308 308 308 308 308 308 308 308 308 308
165 302 302 10 32 273 165 273 25 32 32 42 42 42 42 42 42 42 42 42
457 10 10 10 302 302 457 165 302 269 302 457 302 457 302 457 302 457 302 457
302 457 10 32 332 142 10 302 457 32 32 32 165 32 457 332 142 42 10 10
332 165 165 332 165 165 332 457 10 332 332 332 165 332 332 332 332 332 457 302
25 25 25 25 308 308 308 308 308 308 308 308 308 308 308 308 308 308 308 308
302 457 302 302 302 302 273 302 302 10 332 273 25 25 165 273 302 332 302 273
273 165 32 165 165 457 302 457 457 457 302 269 457 457 302 269 457 302 302 457
273 273 273 165 166 273 165 10 302 269 269 457 302 457 457 457 302 457 457 302
302 457 457 457 302 269 457 302 302 457 302 165 10 10 302 302 457 10 10 10
273 25 25 25 165 273 302 32 302 273 273 165 436 42 166 42 42 166 166 42
436 457 302 457 457 302 302 302 302 302 457 457 457 457 457 302 457 457 10 302
42 42 166 42 42 165 42 42 42 42 42 166 42 42 42 42 42 42 42 42
302 165 457 302 457 302 302 302 302 142 302 302 32 332 273 42 25 25 165 273
332 436 308 308 308 25 25 308 308 308 308 308 308 308 308 308 308 308 308 308
166 42 273 42 42 166 42 42 166 166 42 42 166 42 273 166 273 165 302 32
457 165 10 302 457 10 302 302 302 302 165 302 302 32 32 332 273 165 25 25
273 273 273 273 165 32 273 165 10 302 457 269 457 302 142 457 457 302 142 457
308 308 308 308 308 308 25 25 165 436 273 166 273 165 302 32 32 332 32 273
302 457 302 457 10 10 10 10 302 269 269 302 269 457 302 10 10 302 457 10
25 25 25 165 273 32 302 273 273 332 42 165 436 42 166 42 42 166 166 273
273 273 165 166 273 165 10 302 269 457 457 302 457 457 457 302 269 269 302 302
42 166 42 42 166 165 42 273 166 42 42 42 166 42 42 166 166 273 42 166
308 308 308 308 308 308 308 308 308 308 25 25 436 436 42 332 273 165 332 436
273 273 273 165 436 165 165 10 302 457 457 269 302 269 457 457 302 269 457 302
32 32 273 273 32 273 42 166 42 42 165 42 42 42 42 42 42 42 42 42
457 457 332 457 457 457 32 457 457 302 302 302 269 165 10 10 302 302 457 10
269 302 457 302 457 302 457 302 457 10 10 32 457 457 302 165 10 302 457 10
165 273 166 273 165 302 457 332 332 165 273 273 273 273 165 166 273 165 10 302
25 25 25 25 308 308 308 308 308 308 308 308 308 308 308 308 308 308 308 308
457 165 302 10 10 10 302 302 457 10 10 302 269 165 302 269 302 457 302 269
457 457 302 269 269 457 302 269 269 302 302 457 165 302 10 10 302 302 457 302
302 32 32 32 32 273 273 273 273 165 32 273 165 10 302 457 457 269 302 457
25 25 25 25 25 25 165 165 25 25 165 165 273 166 273 165 302 457 332 302
32 32 32 32 165 302 32 273 25 25 25 25 25 25 25 25 166 273 166 42
42 42 273 25 25 42 42 42 42 25 25 42 25 273 273 166 273 165 302 32
302 302 457 457 302 457 302 457 10 302 457 302 457 302 457 10 302 302 165 10
308 308 308 308 308 308 25 25 308 436 42 166 273 165 302 32 32 332 32 273
308 308 308 308 308 308 308 308 308 308 308 308 308 25 25 308 436 42 166 273
457 332 332 165 273 273 273 273 165 166 273 165 457 302 269 457 457 302 457 457
10 10 302 302 302 457 165 10 302 457 302 302 302 302 165 302 302 32 332 273
10 302 302 302 302 165 302 302 332 332 273 165 42 42 42 42 42 165 273 302
32 273 25 165 273 32 332 273 273 165 436 42 166 42 42 166 273 42 42 166
42 42 25 42 42 42 42 165 436 25 42 42 166 42 42 166 166 42 42 166
273 273 165 166 273 165 302 32 32 32 32 273 273 273 273 165 32 273 165 10
42 42 42 166 42 42 166 166 273 42 166 42 273 166 273 165 302 457 32 42
457 457 457 302 457 165 165 302 302 457 302 10 10 302 302 165 165 273 165 10
308 308 25 25 165 436 273 166 273 165 302 10 32 332 165 273 273 273 273 165
273 273 273 42 166 42 42 166 273 42 166 42 165 436 42 166 273 165 302 457
308 308 308 308 308 308 308 308 25 25 436 436 165 166 273 165 332 32 32 332
10 332 273 25 25 165 273 302 332 302 273 273 25 332 42 165 436 42 166 42
457 165 10 10 302 302 457 10 10 10 302 302 457 165 302 457 302 269 302 457
165 166 273 165 10 302 457 457 457 302 269 457 457 302 269 457 302 302 302 142
302 142 10 302 457 10 332 269 10 302 457 32 165 32 32 32 32 436 273 25
25 25 25 25 308 308 308 308 308 308 308 308 308 308 308 308 308 308 308 308
165 10 10 302 10 302 302 302 165 302 302 302 165 10 332 273 25 25 165 273
10 302 302 302 165 302 302 302 332 332 273 165 25 25 165 273 332 332 273 273
302 457 457 457 302 457 457 457 302 457 457 302 302 302 457 165 10 10 332 302
165 165 165 165 42 25 42 42 42 42 25 25 42 436 25 25 25 25 25 25
302 302 165 302 302 10 302 165 457 302 165 302 302 332 273 25 25 302 42 25
302 269 302 302 457 269 165 10 10 302 302 302 165 302 457 302 457 10 10 10
302 457 302 457 302 457 10 302 10 302 457 142 10 302 457 10 302 457 10 302
457 302 302 302 457 165 10 10 302 302 10 302 165 302 302 302 302 32 302 273
25 165 436 42 166 42 42 166 166 42 42 166 42 42 166 42 42 166 166 273
273 42 42 165 42 457 42 42 42 42 165 42 42 42 42 42 42 25 42 42
302 457 302 269 302 457 302 269 302 457 302 457 10 302 457 165 10 302 457 10
308 308 308 308 25 25 436 436 165 302 273 457 302 32 32 332 32 273 273 273
165 273 32 32 273 273 165 436 42 166 42 42 166 166 42 42 166 42 42 166
269 165 302 457 457 457 302 269 457 302 302 457 302 165 10 10 302 302 457 10
166 165 165 166 273 165 302 32 32 332 436 273 273 273 273 165 166 273 165 10
332 332 457 457 332 142 10 332 332 457 332 457 332 457 332 457 10 10 332 457
10 302 332 269 302 269 302 269 302 269 10 302 142 10 302 457 10 302 332 332
308 308 308 308 308 308 308 25 25 436 436 165 332 273 165 332 436 332 332 436
457 457 302 302 302 457 165 10 10 302 302 457 10 10 10 302 302 457 165 302
308 308 25 25 165 436 165 166 273 165 302 32 332 332 165 273 273 273 273 165
166 273 165 302 32 32 302 32 273 273 273 273 165 166 273 165 10 302 142 457
302 457 302 165 302 302 302 273 25 25 457 273 302 302 302 273 273 308 436 42
457 302 457 457 457 302 269 269 302 302 302 457 165 10 10 302 302 10 10 10
165 165 457 302 457 269 165 302 457 457 457 302 269 457 302 302 457 302 165 10
165 165 332 165 165 332 165 165 332 332 332 165 332 332 332 302 302 457 25 302
165 166 273 165 302 457 332 332 165 273 273 273 273 165 166 273 165 10 302 457
302 457 302 457 302 457 332 457 302 457 10 302 10 10 302 165 10 332 457 332
302 269 269 457 302 269 457 457 332 457 457 302 302 302 457 165 10 10 302 302
165 332 10 10 10 332 332 10 10 10 332 332 457 165 332 457 332 269 332 457
457 10 302 302 302 165 302 302 302 332 332 273 25 25 165 273 302 332 302 302
308 308 308 308 308 308 308 308 308 308 308 308 308 25 25 308 436 273 332 273
308 308 308 308 308 308 308 308 308 42 42 42 42 42 25 25 165 436 165 302
10 332 457 457 457 332 457 457 457 32 457 457 302 302 302 142 165 10 10 302
302 165 302 302 302 302 302 273 42 25 25 165 273 302 302 273 273 302 42 165
32 273 165 10 32 269 457 457 273 302 269 269 457 302 269 457 32 273 302 269
273 332 332 273 273 165 166 273 165 302 32 32 32 32 273 273 273 273 165 166
42 166 42 42 166 273 42 166 273 42 42 166 42 42 166 273 165 166 32 32
25 436 25 25 25 25 25 25 25 25 25 308 308 308 308 308 308 308 308 308
302 302 457 302 302 165 302 302 302 302 10 302 273 165 273 166 302 273 273 302
457 302 457 269 302 302 457 165 302 302 302 457 302 165 10 302 302 165 302 166
10 165 10 42 302 165 32 32 32 32 165 273 42 42 42 42 42 42 42 42
332 165 332 165 332 457 332 457 332 457 332 457 10 332 457 10 332 457 10 332
302 302 32 302 273 165 273 332 302 273 273 165 166 273 165 302 32 302 302 165
273 165 166 273 165 10 302 457 269 269 332 457 457 457 302 269 457 302 302 457
165 32 273 165 10 302 457 457 457 302 457 457 457 302 457 457 302 302 302 457
302 457 332 332 165 273 273 273 273 165 32 42 165 10 302 457 142 457 302 142
25 25 42 25 273 273 302 273 165 302 32 32 32 32 273 273 273 273 165 166
308 308 308 308 308 308 25 25 308 436 273 166 273 165 332 32 32 332 165 273
457 457 302 269 457 32 273 302 269 302 165 165 302 10 10 302 457 302 302 302
302 457 332 273 165 25 25 165 273 302 32 302 332 273 273 273 273 166 273 165
25 165 273 166 302 273 273 332 42 165 436 42 166 42 42 166 166 273 273 166
273 165 302 32 32 332 165 273 273 273 273 165 166 165 165 10 302 457 457 457
269 457 302 457 457 302 302 457 302 142 10 10 302 302 457 10 10 10 302 302
165 436 332 10 32 332 165 273 273 273 273 165 32 273 165 10 332 457 165 165
436 25 25 25 25 25 25 25 25 25 308 308 308 308 308 308 308 308 308 308
332 273 165 457 302 457 457 165 302 457 457 457 302 457 457 302 302 457 302 165
273 308 436 42 166 42 42 166 166 42 42 166 42 42 166 42 42 166 165 42
269 332 269 302 457 332 457 302 457 10 302 10 302 142 10 302 457 10 332 269
302 302 32 457 457 457 273 457 32 457 457 10 302 269 457 457 302 269 457 457
10 32 302 457 457 165 302 457 10 302 302 302 457 302 457 10 10 302 302 165
10 10 302 302 457 10 302 457 10 302 457 302 457 302 457 457 302 10 302 302
165 165 165 42 25 42 42 42 42 25 25 42 42 25 25 25 25 25 25 25
165 457 302 302 165 302 166 32 332 273 165 273 332 332 273 273 165 166 273 165
42 42 166 166 273 42 166 332 42 42 166 273 165 302 32 32 32 32 273 273
269 457 302 269 457 457 332 457 457 332 302 302 457 165 10 10 302 302 457 302
302 457 165 10 10 302 269 302 10 10 10 302 302 457 165 302 269 302 457 302
457 165 10 302 457 10 302 302 302 165 302 302 32 32 32 273 165 25 25 165
308 308 308 308 308 308 308 308 308 25 25 165 436 273 166 273 165 302 32 32
273 273 273 165 166 273 165 302 10 332 332 165 273 273 273 273 165 166 273 165
302 457 10 302 302 269 302 269 302 269 302 269 10 302 142 10 302 457 10 302
25 25 25 25 25 25 308 308 308 308 308 308 308 308 308 308 308 308 308 308
42 166 165 42 273 166 42 42 42 166 42 42 166 166 273 42 166 42 273 166
302 302 302 457 165 10 10 302 302 10 302 165 302 302 302 302 32 302 273 165
332 32 273 273 273 273 165 166 273 165 457 302 142 457 457 302 10 457 32 457
302 32 332 273 165 273 332 332 273 273 165 166 273 165 302 457 332 332 165 273
436 273 302 273 165 302 302 302 302 302 273 273 273 273 165 302 273 165 10 302
273 273 273 273 165 436 165 165 10 332 10 457 457 166 269 457 457 332 269 457
165 10 10 302 302 457 10 10 10 302 302 457 165 302 457 302 457 332 457 332
273 166 273 165 302 457 32 332 165 273 273 273 273 165 166 273 165 10 302 10
436 436 25 25 25 25 25 25 25 25 25 308 308 308 308 308 308 308 308 308
42 42 166 273 273 42 166 273 42 166 273 42 42 166 273 165 332 457 165 273
10 457 457 302 269 457 457 302 269 457 302 302 302 10 10 457 457 302 302 10
166 165 165 10 302 457 457 457 302 269 457 457 302 269 457 302 302 302 457 165
10 10 302 165 302 302 32 332 273 25 25 165 273 166 332 273 273 302 273 165
332 165 273 273 273 273 165 166 273 165 10 302 269 457 457 302 457 457 457 302
165 302 457 332 332 32 273 273 273 273 165 166 273 165 10 302 269 269 457 302
302 457 32 332 165 273 273 273 273 165 166 273 165 10 302 457 457 457 302 457
10 302 302 457 165 302 269 302 269 302 457 302 457 332 457 10 302 10 302 142
25 25 25 25 308 308 308 308 308 308 308 308 308 308 308 308 308 308 308 308
308 308 308 308 308 308 308 308 308 308 308 308 308 25 25 165 436 273 166 273
457 302 457 457 32 273 302 457 302 165 165 302 10 10 302 457 302 302 302 302
25 165 273 302 32 302 332 273 273 273 25 165 436 42 166 42 42 166 166 273
42 42 42 165 25 25 308 436 42 42 166 42 42 166 165 42 42 25 42 332
457 457 269 302 269 457 302 302 457 165 302 10 10 302 302 165 457 10 32 457
32 457 332 273 25 25 25 165 273 166 332 273 273 165 436 42 166 42 42 166
302 457 165 457 10 302 302 457 10 10 10 302 457 165 302 457 302 457 302 457
457 457 302 457 457 165 302 457 457 302 457 302 302 457 10 302 142 302 302 302
308 308 308 308 308 308 308 308 308 308 308 308 308 308 25 25 436 436 165 332
308 308 308 308 308 308 308 308 308 25 25 308 436 42 166 273 165 332 308 332
308 308 308 308 308 308 25 25 165 436 42 166 273 165 332 32 332 332 165 273
457 457 42 273 302 302 457 165 457 10 302 457 302 457 10 302 457 302 165 302
332 273 273 165 166 273 165 302 32 32 32 32 273 273 273 273 165 32 42 165
42 42 25 25 42 308 308 308 308 308 308 308 308 308 308 308 308 308 308 308
25 25 25 25 25 25 308 308 308 308 308 308 308 308 308 308 308 308 308 308
269 10 302 457 10 302 457 332 165 332 32 32 32 32 273 25 25 25 25 25
165 166 273 165 302 457 32 332 32 273 273 273 273 165 32 273 165 10 332 457
457 269 302 269 457 457 302 457 269 302 302 457 165 302 10 10 10 302 302 457
457 457 32 302 457 273 25 25 42 42 42 165 42 42 42 42 165 436 25 42
165 166 273 165 302 32 332 332 32 273 273 273 273 165 166 273 165 10 302 457
302 302 165 302 302 332 332 273 165 165 273 302 332 302 273 273 42 25 166 42
273 273 273 165 32 273 165 10 302 269 457 269 302 269 457 457 302 457 269 302
10 302 269 269 302 269 165 302 10 10 302 457 10 10 302 165 302 302 32 32
457 457 457 42 165 457 457 165 42 332 457 457 42 42 273 302 302 457 165 457
165 332 457 332 436 273 273 165 25 25 332 273 165 436 273 165 10 332 457 457
302 457 457 457 302 457 457 302 302 302 457 165 10 10 302 302 457 10 10 10
302 302 302 165 302 302 302 165 10 332 273 25 25 165 273 332 332 273 273 308
273 273 273 165 166 273 165 302 10 332 332 165 273 273 273 273 165 166 273 165
273 165 302 32 32 32 32 273 273 273 273 165 32 273 165 10 302 457 457 457
302 457 457 457 302 457 457 457 302 457 457 302 457 302 165 302 10 10 302 302
165 457 273 273 273 273 302 302 302 165 302 32 32 273 165 273 165 273 165 10
332 457 32 32 436 273 273 273 273 165 436 165 165 10 166 269 457 457 166 457
165 273 166 332 273 273 165 436 42 166 42 42 166 166 42 273 166 273 42 166
457 10 302 302 302 165 302 302 32 32 32 273 165 25 25 165 273 166 302 273
302 302 10 10 10 302 302 457 302 457 165 457 302 10 457 302 302 457 302 457
273 273 165 32 273 165 10 302 269 457 269 302 269 457 457 302 457 269 302 302
32 302 457 457 165 302 457 10 302 302 302 457 302 457 10 10 302 302 165 10
165 273 273 165 42 166 42 42 166 165 42 42 42 166 42 166 273 42 166 273
273 273 165 166 273 165 457 302 457 457 457 302 302 457 457 457 457 165 302 457
457 302 457 332 269 10 10 302 302 142 10 332 269 10 302 457 10 302 457 32
332 457 10 302 302 302 165 302 332 302 302 302 273 42 25 25 165 273 302 302
332 457 302 457 10 302 10 10 302 165 10 332 457 32 32 332 302 165 332 302
302 457 457 457 302 457 457 457 302 457 457 302 457 457 302 302 10 10 302 302
165 42 166 165 42 42 166 273 42 42 166 42 42 166 42 42 42 42 42 42
42 42 42 42 166 273 165 42 302 32 32 32 32 273 273 273 273 165 166 273
273 273 273 273 165 166 273 165 10 302 457 457 457 302 269 457 457 302 269 457
308 308 308 308 308 308 308 308 308 25 25 436 436 273 32 273 165 332 32 32
32 32 273 165 273 165 273 165 10 32 302 273 273 302 457 457 457 302 457 457
42 166 25 25 166 165 42 302 273 165 302 32 32 332 165 273 273 273 273 165
436 273 273 273 273 165 166 273 165 10 302 269 457 457 302 457 457 457 302 269
269 269 457 42 332 269 457 457 302 269 457 302 457 165 302 302 10 10 302 302
302 457 165 302 457 302 457 302 457 332 457 302 457 10 302 10 10 302 165 10
457 302 457 10 302 10 10 302 165 10 332 457 32 32 32 302 165 32 302 457
165 165 10 302 457 457 269 302 269 457 269 302 269 457 302 302 302 10 165 10
273 273 273 165 166 273 165 10 332 457 269 269 332 457 457 457 302 269 457 332
165 165 273 165 10 273 166 457 457 165 166 457 457 302 457 457 457 302 269 302
273 165 302 457 332 332 165 273 273 273 273 165 166 273 165 10 302 457 457 457
42 166 165 42 32 273 165 302 32 32 32 32 273 273 273 273 165 32 42 165
302 10 10 10 302 457 165 302 269 302 457 302 457 302 457 302 457 10 10 32
25 25 25 308 308 308 308 308 308 308 308 308 308 308 308 308 308 308 308 308
165 436 273 165 10 332 457 457 457 332 457 269 269 302 269 457 332 269 332 308
308 308 308 25 25 165 436 42 166 273 165 332 165 32 332 165 273 273 273 273
25 25 165 165 273 166 273 165 302 32 32 332 332 273 273 273 273 165 165 273
302 165 302 457 332 457 302 332 10 165 142 10 302 332 332 332 302 457 332 165
10 332 165 165 273 273 273 273 165 166 165 165 10 332 457 457 269 332 269 457
165 166 269 457 165 166 457 457 302 457 457 457 302 269 302 302 457 269 165 10
25 25 25 436 25 436 25 25 25 25 25 25 25 25 25 308 308 308 308 308
308 308 308 25 25 25 25 25 25 25 25 25 25 25 25 308 25 25 308 308
269 457 302 457 457 302 302 457 165 302 10 10 10 302 302 10 10 10 302 302
273 42 166 165 165 165 166 273 165 302 457 32 332 165 273 273 273 273 165 166
165 165 165 166 273 165 302 32 32 32 32 273 273 273 273 165 166 42 165 10
332 269 457 457 302 269 457 302 457 165 302 302 10 10 302 302 457 302 302 165
308 308 308 308 308 308 25 25 25 25 25 25 25 25 25 25 25 25 308 25
165 165 165 166 273 165 302 32 32 32 32 273 273 273 273 165 166 42 165 10
25 25 25 25 25 25 25 25 25 308 308 308 308 308 308 308 308 308 308 308
165 302 142 302 142 302 142 302 142 302 142 10 142 302 302 302 142 10 302 302
302 457 457 457 302 457 269 302 302 457 302 165 10 10 302 302 10 302 302 165
302 457 165 10 302 10 302 10 302 10 302 457 302 10 10 302 302 457 10 302
10 302 302 457 165 302 457 302 457 302 457 302 457 302 269 10 302 10 10 302
10 332 457 302 269 302 302 165 302 302 302 32 165 457 457 10 10 10 302 142
165 302 302 302 273 25 25 457 273 302 302 302 273 273 165 436 42 166 42 42
457 332 332 332 302 165 302 302 10 332 273 25 25 165 273 166 332 273 273 25
457 269 269 302 269 457 302 269 302 165 302 10 10 302 302 457 10 10 302 302
165 273 42 166 165 42 165 166 273 165 302 457 332 332 165 273 273 273 273 165
165 302 457 32 32 32 273 273 273 273 165 166 273 165 10 302 457 457 457 302
302 457 457 269 302 457 457 457 302 457 457 302 269 165 302 302 10 10 302 302
302 457 165 457 10 302 302 457 10 10 10 302 457 165 302 457 302 457 302 457
302 457 457 302 457 302 165 302 10 10 302 302 457 10 10 32 302 457 457 165
165 332 273 165 302 457 32 32 332 273 273 273 273 165 32 273 165 10 302 457
273 165 273 165 332 273 273 165 42 25 42 42 42 42 42 42 42 42 42 25
332 142 10 302 457 10 332 332 332 165 332 302 332 457 332 273 165 25 25 165
302 302 457 302 302 165 302 302 302 302 32 302 273 165 273 302 302 273 273 42
165 302 32 32 302 32 273 273 273 273 165 166 273 165 10 302 457 457 457 302
42 166 42 42 166 165 42 42 25 42 332 42 42 42 42 42 42 42 166 42
165 10 10 302 302 457 10 10 10 302 302 457 165 302 457 302 457 332 457 332
25 436 25 436 25 25 25 25 25 25 25 25 25 308 308 308 308 308 308 308
42 166 273 273 166 332 273 42 166 273 165 166 273 165 302 165 332 332 165 273
457 457 302 302 269 302 165 10 10 10 302 302 10 10 10 302 302 457 165 302
302 10 10 302 302 457 10 10 302 302 457 457 165 302 457 302 457 302 457 302
10 332 302 457 165 302 457 10 302 302 269 332 269 302 269 302 269 10 332 142
273 332 332 273 273 165 166 273 165 302 457 332 332 165 273 273 273 273 165 166
166 273 165 302 457 32 32 32 273 273 273 273 165 166 273 165 10 302 457 457
457 165 302 302 457 302 10 10 10 302 302 457 302 302 302 302 10 32 273 165
457 165 10 302 302 457 10 302 10 302 457 302 142 302 302 165 302 302 302 302
302 32 332 273 165 25 25 165 273 302 165 302 273 273 165 436 42 166 42 42
269 302 457 302 457 302 457 10 302 10 302 142 10 302 457 10 332 269 10 302
42 42 42 42 42 25 25 42 42 42 42 25 25 42 25 273 273 166 273 165
165 165 166 273 165 302 32 32 332 32 273 273 273 273 165 32 273 165 10 332
165 273 273 165 42 166 42 42 166 165 42 42 42 166 42 166 273 42 166 273
165 302 457 302 457 10 302 302 457 302 457 10 10 302 302 165 10 10 302 10
302 457 457 165 302 457 457 302 457 302 302 457 10 302 142 302 302 302 165 10
42 166 165 42 42 166 42 42 166 42 42 166 273 273 42 166 42 42 166 273
302 165 332 302 10 332 273 25 25 165 273 302 332 332 273 273 42 332 42 308
10 302 302 457 457 457 302 302 457 165 10 302 10 302 10 302 10 302 269 302
302 457 332 457 457 302 10 302 302 165 302 302 32 273 273 273 42 166 42 42
302 302 165 10 302 457 10 302 457 10 302 457 302 165 302 332 332 332 32 273
42 165 165 457 165 42 42 42 165 42 165 25 42 165 42 42 42 42 25 25
302 302 10 10 302 302 457 302 302 165 302 302 302 302 10 332 273 165 273 166
166 42 42 166 165 42 42 166 165 42 42 42 166 42 42 42 42 42 42 166
32 332 332 273 273 273 273 165 32 165 165 10 302 269 269 457 302 142 142 142
308 308 308 308 308 308 308 308 308 308 308 308 308 308 308 308 25 308 436 308
302 302 32 332 273 165 42 42 42 42 42 165 273 302 332 302 273 273 25 25
10 10 302 302 457 165 302 457 302 457 302 457 302 457 302 269 10 302 10 10
32 42 42 42 25 25 42 308 308 308 308 308 308 308 308 308 308 308 308 308
273 273 165 166 273 165 10 302 457 457 457 302 269 269 457 302 457 457 302 302
332 273 273 165 166 273 165 302 165 332 332 165 273 273 273 273 165 166 273 165
42 42 166 273 42 166 166 273 42 166 165 42 165 166 273 165 302 457 32 332
273 273 273 273 165 32 273 165 10 302 269 457 457 302 269 457 269 302 457 457
302 165 10 302 457 10 302 457 457 302 457 302 165 302 302 302 302 32 273 25
42 166 273 42 166 42 165 436 42 166 273 165 302 457 332 332 273 273 42 457
302 10 302 302 302 165 302 302 302 165 10 332 273 25 25 165 273 332 332 273
457 457 332 457 457 457 32 457 457 302 302 302 269 165 10 10 302 302 457 10
42 25 42 42 42 42 42 42 42 42 165 25 25 165 436 42 42 166 42 42
308 308 308 308 308 308 308 25 25 436 436 42 332 273 165 332 10 332 332 332
25 436 436 436 25 25 25 25 25 25 25 308 308 308 308 308 308 308 308 308
165 273 32 32 273 273 165 436 42 166 42 42 166 273 42 42 166 42 273 42
165 165 165 166 273 165 332 457 32 332 32 273 273 273 273 165 32 273 165 10
436 436 25 42 42 166 42 42 166 166 42 42 166 42 42 42 42 42 42 42
273 165 273 32 332 273 273 165 166 273 165 302 457 32 165 165 273 273 273 273
457 10 332 457 302 332 332 165 332 332 332 332 302 273 42 166 273 42 302 302
165 457 42 165 165 42 165 42 42 42 165 42 165 25 42 42 42 42 42 42
457 32 32 436 273 273 273 273 165 166 165 165 10 302 457 457 457 302 269 457
302 457 165 10 10 302 302 10 302 302 165 302 302 302 302 302 302 273 165 273
269 457 302 302 302 457 165 10 10 302 302 10 10 10 302 302 457 457 165 302
10 302 302 10 302 302 165 302 302 302 302 302 302 273 165 273 302 302 42 273
332 25 25 25 25 332 436 25 25 25 308 308 308 308 308 308 308 308 308 308
302 457 457 457 302 269 457 302 302 457 302 165 10 10 302 302 457 10 10 10
10 302 457 10 302 302 302 165 302 302 302 10 332 273 273 165 273 166 302 273
308 308 308 308 308 308 308 308 308 308 308 308 308 308 308 308 308 308 25 165
32 32 32 273 273 273 273 165 32 273 165 10 302 269 457 457 25 25 302 457
10 165 165 332 332 10 10 10 332 332 457 165 332 457 332 457 332 457 332 457
25 25 436 436 436 25 25 25 25 25 25 25 25 25 308 308 308 308 308 308
457 10 10 10 302 302 457 165 302 457 302 457 302 457 332 457 302 457 10 302
332 457 165 273 25 25 165 273 32 332 273 273 25 165 436 42 166 42 42 166
165 166 42 42 32 302 302 302 166 42 42 165 273 332 42 42 166 42 42 166
332 457 332 457 10 302 10 302 142 10 302 457 10 332 269 10 302 457 32 165
457 457 457 302 457 457 302 457 457 302 302 10 10 302 302 457 457 269 302 302
165 302 273 165 302 32 32 32 32 273 273 273 273 165 32 273 165 10 302 457
308 308 308 308 25 25 308 436 42 166 273 165 302 32 32 32 165 273 273 273
25 25 165 436 273 166 273 165 302 10 332 332 32 273 273 273 273 165 166 273
25 436 436 436 25 25 25 25 25 25 25 25 25 308 308 308 308 308 308 308
165 273 273 165 436 42 166 42 42 166 166 42 273 166 273 42 166 42 42 166
302 302 10 302 302 165 302 302 302 302 32 332 273 165 273 332 332 273 273 165
457 457 457 302 332 457 457 457 457 165 302 457 269 302 302 302 302 10 457 457
302 10 10 302 302 457 10 10 302 302 269 165 302 457 302 457 10 10 302 302
25 25 25 25 25 25 25 25 308 308 308 308 308 308 308 308 308 308 308 308
42 273 42 42 42 165 42 42 42 25 42 42 25 25 25 42 42 25 25 308
308 308 308 308 308 308 308 308 308 308 25 25 436 436 273 32 273 165 332 32
457 457 457 302 457 457 457 302 457 457 302 302 457 302 165 10 10 302 302 10
25 165 273 32 32 273 273 308 436 42 166 42 42 166 166 42 42 166 42 42
269 269 332 332 269 332 165 10 10 332 332 10 10 10 302 332 269 457 165 332
302 457 165 302 457 302 457 302 457 302 457 302 269 10 302 10 10 302 165 10
302 457 302 165 457 302 457 165 10 10 10 10 302 165 302 302 302 32 273 25
165 42 165 25 165 165 42 42 42 42 25 25 42 42 42 42 42 42 25 42
302 302 302 457 25 25 166 42 457 42 42 42 457 273 302 302 273 273 25 25
302 457 10 302 302 165 10 302 457 10 10 302 10 10 302 302 165 302 302 302
332 165 273 273 273 273 165 166 273 165 10 302 457 457 457 302 302 457 457 269
165 302 302 457 457 10 10 10 10 302 165 10 302 269 457 302 457 302 457 10
10 302 269 457 269 302 269 457 457 302 457 269 302 302 457 165 302 10 10 10
457 165 10 10 302 302 457 10 302 302 165 302 302 302 302 457 10 457 10 302
302 457 10 302 165 10 302 457 10 10 302 10 302 457 10 302 165 302 302 302
32 32 273 273 273 273 165 32 42 165 10 302 457 457 457 302 457 457 457 302
302 273 165 302 32 32 302 332 273 273 273 273 165 166 273 165 10 302 142 142
10 302 10 302 457 10 302 165 302 302 302 302 332 273 25 25 25 25 25 25
332 273 273 25 42 25 42 42 42 42 42 42 42 42 42 25 25 308 436 42
302 302 457 269 165 302 457 302 457 302 457 302 457 302 457 10 32 302 142 10
457 302 269 269 457 302 457 457 302 302 457 302 142 10 10 302 302 457 10 10
457 457 302 457 457 302 302 302 457 165 457 10 302 302 10 10 10 302 302 457
332 457 302 457 302 269 302 457 10 302 165 10 10 302 10 302 302 302 165 302
10 10 302 165 302 302 32 332 273 25 25 165 273 166 332 273 273 302 273 165
10 269 269 302 166 302 42 332 269 269 269 332 457 457 302 273 332 269 332 165
165 166 332 273 42 166 273 165 166 273 165 302 165 332 332 165 273 273 273 273
457 332 457 457 457 32 457 457 302 302 302 269 165 10 10 302 332 457 10 10
302 302 457 165 302 457 302 457 302 457 302 457 302 269 10 302 10 10 302 165
25 25 25 25 25 25 25 25 308 308 308 308 308 308 308 308 308 308 308 308
457 302 302 302 457 165 10 10 302 302 10 302 302 165 302 302 302 302 32 302
166 25 25 25 25 165 166 273 165 302 457 332 165 273 273 273 25 25 332 273
32 273 165 457 302 457 457 142 302 457 457 142 302 142 165 302 302 165 165 302
273 32 302 302 273 273 273 273 302 273 165 302 457 302 332 165 273 273 273 273
302 302 142 302 302 32 332 273 42 25 25 165 273 302 332 302 332 273 273 273
10 10 10 302 302 457 165 302 269 302 457 302 457 302 457 302 457 302 457 10
457 10 302 10 10 302 165 10 332 457 332 32 32 302 165 32 332 457 165 273
302 457 165 302 302 10 10 302 302 457 302 302 165 302 302 302 302 10 302 273
302 302 302 302 302 165 302 302 302 302 302 302 42 165 42 302 302 273 42 302
308 308 308 308 308 308 308 308 25 25 436 436 42 332 273 165 332 10 32 332
166 166 273 42 166 42 42 166 42 42 166 32 42 42 166 42 42 166 273 165
308 308 308 308 308 308 308 308 308 308 25 25 308 436 42 166 273 165 332 32
165 10 10 302 302 457 10 10 302 302 457 269 165 302 457 302 457 302 457 302
165 302 457 302 457 10 302 457 302 302 269 10 10 302 302 302 457 165 10 302
165 165 10 302 457 457 457 302 457 457 457 302 457 142 302 302 302 165 165 165
302 457 302 457 10 302 302 165 302 302 10 302 165 457 302 165 302 302 332 273
308 308 308 308 308 308 308 25 25 25 25 25 25 25 25 25 25 25 25 308
332 457 302 457 302 457 10 302 302 165 10 302 457 10 10 302 10 10 302 302
42 42 166 166 42 42 166 42 42 166 42 42 166 332 273 42 166 42 165 166
10 302 302 457 457 165 302 457 302 457 302 457 302 457 302 269 10 10 302 302
308 308 308 308 25 25 436 436 273 332 273 165 332 10 32 332 165 273 273 273
10 302 302 165 302 302 10 302 165 457 302 165 302 302 165 273 25 25 302 42
457 10 10 10 302 302 457 165 10 302 10 302 302 457 302 457 302 457 10 302
165 10 302 269 269 457 302 457 457 457 302 457 457 302 302 302 457 165 10 10
42 166 42 42 166 166 42 42 166 42 42 166 42 42 166 273 42 42 166 42
25 436 25 25 25 25 25 308 308 308 308 308 308 308 308 308 308 308 308 308
436 436 25 25 25 25 25 25 25 25 25 308 308 308 308 308 308 308 308 308
457 10 302 10 332 457 302 269 302 302 165 32 32 32 32 165 457 457 10 10
