257 491 29 473 232 476 339 25 356 126 320 22 232 126 401 257 19 29 491 29
29 151 407 386 339 25 356 325 217 22 407 131 499 257 19 29 214 29 151 407
113 29 191 29 473 407 325 339 25 356 325 286 22 407 131 499 257 19 29 151
286 29 151 356 186 368 29 19 29 151 407 386 368 151 407 186 217 346 113 29
331 186 328 346 113 29 191 29 473 407 325 339 25 356 325 286 22 407 131 499
217 346 113 29 191 29 280 29 101 103 214 29 473 407 476 339 25 356 325 217
103 491 29 473 331 173 339 25 356 126 320 22 232 126 401 257 19 29 491 29
29 280 29 101 103 491 29 473 232 386 339 25 356 126 320 22 232 126 401 257
214 29 473 232 386 339 25 356 126 217 22 232 131 401 257 19 29 491 29 473
29 19 29 151 407 476 368 22 331 186 217 346 113 29 191 29 280 29 101 103
29 151 331 186 328 346 113 29 191 29 473 407 325 339 25 356 325 286 22 407
386 339 25 356 126 217 22 232 131 401 257 19 29 491 29 473 232 331 368 346
131 499 257 19 29 214 29 151 407 476 368 346 101 103 151 356 131 499 22 101
173 339 25 356 126 217 22 232 131 401 257 19 29 491 29 151 232 476 368 346
186 368 257 151 356 325 368 29 19 29 151 407 476 368 22 331 186 217 346 113
151 356 131 368 29 19 29 473 407 386 368 151 407 186 217 346 113 29 191 29
101 26 29 491 29 473 232 386 339 25 356 126 320 22 232 126 401 257 19 29
101 103 26 29 280 29 473 407 476 339 25 356 325 320 22 407 325 499 257 19
331 186 328 346 113 29 191 29 473 407 325 339 25 356 325 286 22 407 131 499
257 191 29 101 103 26 29 491 257 491 29 151 331 186 339 25 356 126 320 22
257 19 29 151 407 186 499 257 280 29 19 29 151 407 186 368 257 151 356 186
339 25 356 126 320 22 232 126 401 257 19 29 491 29 473 232 476 368 346 151
386 328 257 19 29 151 356 131 499 257 280 29 19 29 151 407 186 368 257 151
325 339 25 356 325 286 22 407 131 499 257 19 29 151 407 386 328 257 19 29
151 356 325 499 29 214 29 101 103 214 29 151 407 386 339 25 356 325 217 22
151 407 186 368 257 151 356 476 368 29 19 29 151 407 131 368 22 407 186 217
131 499 257 280 29 151 356 476 19 257 286 29 151 356 186 368 29 19 29 151
257 286 29 151 356 186 368 29 19 29 151 407 386 368 151 407 186 217 346 113
356 325 320 22 407 476 499 257 19 29 151 407 325 328 257 19 29 151 356 186
280 29 473 331 186 339 25 356 325 320 22 407 325 499 257 19 29 214 29 151
257 101 103 491 29 473 331 173 339 25 356 126 320 22 232 126 401 257 19 29
407 325 499 257 19 29 214 29 151 407 325 368 346 151 356 356 499 22 101 103
325 217 22 407 131 499 257 19 29 214 29 151 407 476 368 346 151 356 476 499
29 19 29 151 407 476 368 22 331 186 217 346 113 29 191 29 101 103 26 29
407 325 328 257 19 29 151 407 186 499 257 280 29 19 29 151 407 186 368 257
29 214 29 101 103 214 29 151 407 476 339 25 356 325 320 22 407 325 499 257
356 325 217 22 407 131 499 257 19 29 151 407 325 328 257 19 29 151 407 186
339 25 356 325 320 22 407 476 499 257 19 29 151 407 325 328 257 19 29 151
151 407 186 499 217 151 29 19 29 151 407 186 368 257 151 407 173 499 29 19
257 19 29 151 356 186 214 286 151 232 19 29 151 407 186 368 257 151 356 325
499 257 19 29 151 407 325 328 257 19 29 151 407 186 499 217 151 29 19 29
29 101 103 214 29 151 407 386 339 25 356 325 217 22 407 131 499 257 19 29
214 29 473 407 476 339 25 356 325 217 22 407 131 499 257 19 29 214 29 151
19 29 151 407 476 368 22 331 186 217 346 113 29 191 29 280 29 101 103 214
328 346 113 29 191 29 473 407 325 339 25 356 325 286 22 407 131 499 257 19
29 473 407 325 339 25 356 325 286 22 407 131 499 257 19 29 151 407 386 328
29 151 356 325 217 22 407 131 499 257 19 29 151 407 325 328 257 19 29 151
214 29 473 407 476 339 25 356 325 217 22 407 131 499 257 19 29 214 29 151
346 113 29 191 29 280 29 101 103 214 29 151 407 476 339 25 356 325 217 22
191 29 280 29 101 103 214 29 473 407 476 339 25 356 325 217 22 407 131 499
19 29 151 407 186 368 257 151 356 476 368 29 19 29 151 407 131 368 22 407
151 356 186 368 29 19 29 151 407 386 368 151 407 186 217 346 113 29 191 29
499 257 19 29 214 29 151 407 325 368 346 101 103 151 356 356 499 22 101 103
103 214 29 280 29 280 29 101 103 26 29 491 29 151 331 186 339 25 356 325
407 386 368 151 407 186 217 346 113 29 191 29 101 103 280 29 191 29 473 407
151 407 386 368 151 407 186 217 346 113 29 191 29 101 103 280 29 191 29 473
151 404 151 356 186 499 257 280 29 19 29 151 356 131 368 257 151 356 131 368
103 26 29 280 29 151 331 186 339 25 356 325 217 22 407 131 499 257 19 29
29 491 257 491 29 151 331 186 339 25 356 126 320 22 232 126 401 257 19 29
29 214 29 151 407 325 368 346 151 356 476 499 22 101 103 151 356 386 499 22
29 491 29 151 232 126 368 257 151 356 331 339 22 101 103 151 356 186 401 22
476 29 473 407 386 368 151 407 186 217 346 113 29 191 29 101 103 280 29 191
217 346 113 29 191 29 101 103 280 29 280 29 473 407 476 339 25 356 325 320
407 476 339 25 356 325 320 22 407 325 499 257 19 29 214 29 151 407 476 368
151 407 476 328 19 151 29 151 356 186 499 257 280 29 19 29 151 356 131 368
217 22 407 131 499 257 19 29 151 407 325 328 257 19 29 151 407 186 499 217
407 131 499 257 19 29 151 407 386 328 257 19 29 151 356 131 499 257 280 29
473 331 186 339 25 356 325 320 22 407 325 499 257 19 29 214 29 151 407 325
29 151 407 386 368 22 331 186 217 346 113 29 191 29 151 356 331 499 29 214
186 499 257 280 29 19 29 151 356 131 368 257 151 356 186 499 29 19 29 151
386 339 25 356 126 320 22 232 126 401 257 19 29 491 29 151 232 126 368 346
280 29 473 331 186 339 25 356 325 320 22 407 325 499 257 19 29 214 29 151
19 29 151 407 325 328 257 19 29 151 407 186 499 257 280 29 19 29 151 407
356 325 286 22 407 131 499 257 19 29 151 407 386 328 257 19 29 151 356 131
151 356 126 217 22 232 131 401 257 19 29 491 29 151 232 126 368 257 151 356
151 407 186 217 346 113 29 191 29 101 103 280 29 191 29 473 331 186 339 25
325 320 22 407 325 499 257 19 29 214 29 151 407 325 368 346 101 103 151 356
29 151 356 131 368 257 151 356 186 499 29 19 29 151 407 386 368 22 331 186
280 29 151 407 386 339 151 356 386 320 22 407 325 499 257 19 29 214 29 151
151 356 325 499 29 214 29 101 103 214 29 151 407 386 339 25 356 325 217 22
131 368 257 151 356 186 499 29 19 29 151 407 386 368 22 331 186 217 346 113
257 101 103 214 29 151 356 476 499 29 214 29 101 103 214 29 151 407 476 339
356 325 217 22 407 131 499 257 19 29 473 407 325 328 257 19 29 151 407 186
280 29 101 103 214 29 280 29 491 29 101 103 26 29 191 29 151 331 186 339
131 339 151 356 126 217 22 232 131 401 257 19 29 491 29 151 232 126 368 257
325 328 257 280 29 151 356 131 499 257 280 29 151 356 476 19 257 286 29 151
151 356 325 217 22 407 131 499 257 19 29 151 407 325 328 257 19 29 151 407
22 407 476 499 257 19 29 151 407 325 328 257 19 29 151 356 186 214 286 151
151 356 476 368 29 19 29 151 407 131 368 22 407 186 217 346 113 29 191 29
331 186 339 25 356 126 320 22 232 126 401 257 19 29 491 29 151 232 126 368
280 29 151 331 186 328 346 113 29 191 29 473 407 325 339 25 356 325 286 22
356 131 368 29 19 29 473 407 386 368 151 407 186 217 346 113 29 191 29 101
29 473 331 186 339 25 356 325 320 22 407 325 499 257 19 29 214 29 151 407
217 346 113 29 191 29 101 103 280 29 280 29 473 331 186 339 25 356 325 320
151 356 186 368 29 19 29 151 407 386 368 151 407 186 217 346 113 29 191 29
22 232 126 401 257 19 29 491 29 473 232 476 368 346 151 356 126 401 22 101
331 186 328 346 113 29 191 29 473 407 325 339 25 356 325 286 22 407 131 499
29 491 29 473 232 126 339 25 356 126 217 22 232 131 401 257 19 29 491 29
103 214 29 473 407 476 339 25 356 325 217 22 407 131 499 257 19 29 214 29
320 22 407 325 499 257 19 29 214 29 151 407 325 368 346 151 356 356 499 22
356 476 499 29 214 29 101 103 214 29 151 407 476 339 25 356 325 320 22 407
22 407 131 499 257 19 29 214 29 151 407 476 368 346 101 103 151 356 131 499
151 356 476 368 29 19 29 151 407 131 368 22 407 186 217 346 113 29 191 29
325 499 257 19 29 214 29 151 407 325 368 346 151 356 356 499 22 101 103 151
151 356 131 499 29 131 29 473 356 386 339 29 151 356 325 217 22 407 131 499
286 151 232 19 29 151 407 186 368 257 151 356 325 368 29 19 29 151 407 476
339 25 356 325 320 22 407 325 499 257 19 29 214 29 151 407 325 368 346 101
214 29 101 103 214 29 151 407 476 339 25 356 325 320 22 407 325 499 257 19
368 22 331 186 217 346 113 29 191 29 214 356 356 499 29 214 29 101 103 214
356 325 339 22 407 186 499 257 19 29 151 407 325 328 257 19 29 151 356 131
151 407 186 368 257 151 356 325 368 29 19 29 151 407 476 368 22 331 186 217
186 368 29 476 29 151 407 386 368 151 407 186 217 346 113 29 191 29 101 103
473 407 476 339 25 356 325 320 22 407 325 499 257 19 29 214 29 151 407 325
499 257 19 29 151 407 325 328 257 280 29 151 356 131 499 257 280 29 151 356
22 407 131 499 257 19 29 151 407 476 328 19 151 404 151 356 186 499 257 280
186 499 257 19 29 151 407 325 328 257 280 29 151 356 131 499 257 280 29 151
356 325 217 22 407 131 499 257 19 29 214 29 151 407 476 368 346 151 356 476
339 25 356 325 217 22 407 131 499 257 19 29 214 29 151 407 476 368 346 151
29 280 29 473 407 476 339 25 356 325 320 22 407 325 499 257 19 29 214 29
26 29 151 331 186 328 346 113 22 151 356 131 499 29 191 29 473 356 386 339
232 131 401 257 19 29 491 29 151 232 126 368 257 151 356 331 339 22 101 103
257 19 29 473 407 325 328 257 19 29 151 407 186 499 257 280 29 19 29 151
325 499 257 19 29 214 29 151 407 325 368 346 101 103 151 356 356 499 22 101
232 476 339 25 356 126 320 22 232 126 401 257 19 29 491 29 151 232 476 368
339 25 356 126 217 22 232 131 401 257 19 29 491 29 151 232 476 368 346 101
101 103 26 29 491 257 491 29 151 331 186 339 25 356 126 320 22 232 126 401
476 320 22 407 476 499 257 19 29 151 407 325 328 257 19 29 151 356 186 499
476 29 473 407 386 368 151 407 186 217 346 113 29 191 29 101 103 280 29 191
325 339 25 356 325 286 22 407 131 499 257 19 29 151 407 386 328 257 19 29
173 339 25 356 126 217 22 232 131 401 257 19 29 491 29 151 232 476 368 346
151 407 386 339 25 356 325 217 22 407 131 499 257 19 29 214 29 151 407 476
151 407 186 368 257 151 407 173 499 29 19 29 151 407 476 368 22 331 186 217
186 217 346 113 29 191 29 151 356 356 499 29 214 29 101 103 214 29 151 407
232 126 401 257 19 29 491 29 473 232 476 368 346 151 356 126 401 22 101 103
29 101 103 214 29 151 407 476 339 25 356 325 320 22 407 325 499 257 19 29
29 151 407 476 368 22 331 186 217 346 113 29 191 29 101 103 26 29 191 29
25 356 325 217 22 407 131 499 257 19 29 214 29 151 407 476 368 346 151 356
331 186 328 346 113 29 191 29 473 407 325 339 25 356 325 286 22 407 131 499
29 151 356 131 499 257 280 29 151 356 476 19 257 286 29 151 356 186 368 29
257 151 407 173 499 29 19 29 151 407 476 368 22 331 186 217 346 113 29 191
346 113 29 191 29 473 407 325 339 25 356 325 286 22 407 131 499 257 19 29
280 29 101 103 214 29 280 29 491 29 101 103 26 29 191 29 151 331 186 339
407 386 339 151 356 386 320 22 407 325 499 257 19 29 214 29 151 407 407 368
280 29 19 29 151 356 131 368 257 151 356 186 499 29 19 29 151 407 386 368
328 257 19 29 151 407 186 499 257 280 29 19 29 151 407 186 368 257 151 356
186 217 346 113 29 191 29 280 29 101 103 214 29 473 407 476 339 25 356 325
476 320 22 407 476 499 257 19 29 151 407 325 328 257 19 29 151 356 186 499
29 151 407 386 339 151 356 386 320 22 407 325 499 257 19 29 214 29 151 407
113 29 191 29 101 103 280 29 280 29 473 331 186 339 25 356 325 320 22 407
113 29 191 29 473 407 325 339 25 356 325 286 22 407 131 499 257 19 29 151
407 325 328 257 19 29 151 407 186 499 217 151 29 19 29 151 407 186 368 257
191 29 151 356 186 401 29 491 29 491 29 473 232 126 339 25 356 126 217 22
151 386 280 257 19 29 26 29 151 331 186 328 346 113 22 151 356 131 499 29
151 356 325 217 22 407 131 499 257 19 29 151 407 325 328 257 19 29 151 407
407 476 339 25 356 325 217 22 407 131 499 257 19 29 214 29 151 407 476 368
280 29 280 29 473 331 186 339 25 356 325 320 22 407 325 499 257 19 29 214
29 473 407 476 339 25 356 325 217 22 407 131 499 257 19 29 214 29 151 407
29 151 331 186 339 25 356 126 320 22 232 126 401 257 19 29 491 29 151 232
186 217 346 113 29 191 29 101 103 26 29 191 29 473 407 476 339 25 356 325
22 407 131 499 257 19 29 214 29 151 407 476 368 346 101 103 151 356 131 499
368 257 151 356 186 499 29 19 29 151 407 386 368 22 331 186 217 346 113 29
29 151 407 186 368 257 151 356 186 368 29 19 29 151 407 386 368 151 407 186
356 131 368 257 151 356 131 368 29 19 29 473 407 386 368 151 407 186 217 346
25 356 325 320 22 407 325 499 257 19 29 214 29 151 407 325 368 346 101 103
368 257 151 356 186 499 29 19 29 151 407 386 368 22 331 186 217 346 113 29
29 491 257 491 29 151 331 186 339 25 356 126 320 22 232 126 401 257 19 29
325 499 257 19 29 214 29 151 407 325 368 346 101 103 151 356 356 499 22 101
29 473 407 386 368 151 407 186 217 346 113 29 191 29 101 103 280 29 191 29
103 491 29 473 331 173 339 25 356 126 320 22 232 126 401 257 19 29 491 29
101 103 280 29 280 29 473 407 476 339 25 356 325 320 22 407 325 499 257 19
257 280 29 19 29 151 407 186 368 257 151 356 186 368 29 19 29 151 407 386
113 29 191 29 101 103 280 29 280 29 473 407 476 339 25 356 325 320 22 407
29 101 103 214 29 473 407 476 339 25 356 325 217 22 407 131 499 257 19 29
368 257 151 407 173 499 29 19 29 151 407 476 368 22 331 186 217 346 113 29
356 325 217 22 407 131 499 257 19 29 473 407 325 328 257 19 29 151 407 186
257 101 103 491 29 151 331 173 339 25 356 126 217 22 232 131 401 257 19 29
356 325 286 22 407 131 499 257 19 29 151 407 386 328 257 19 29 151 356 131
368 22 331 186 217 346 113 29 191 29 280 29 101 103 214 29 473 407 476 339
257 101 103 491 29 151 331 173 339 25 356 126 217 22 232 131 401 257 19 29
191 29 151 356 186 401 29 491 29 491 29 473 232 126 339 25 356 126 217 22
131 499 257 19 29 151 407 325 328 257 19 29 151 407 186 499 217 151 29 19
26 29 491 29 473 232 386 339 25 356 126 320 22 232 126 401 257 19 29 491
280 29 473 331 186 339 25 356 325 320 22 407 325 499 257 19 29 214 29 151
29 19 29 151 407 186 368 257 151 356 476 368 29 19 29 151 407 131 368 22
407 186 368 257 151 356 325 368 29 19 29 151 407 476 368 22 331 186 217 346
407 476 339 25 356 325 217 22 407 131 499 257 19 29 214 29 151 407 476 368
191 29 473 407 325 339 25 356 325 286 22 407 131 499 257 19 29 151 407 386
186 368 257 151 356 186 368 29 19 29 151 407 386 368 151 407 186 217 346 113
476 29 151 407 386 368 151 407 186 217 346 113 29 191 29 101 103 280 29 191
29 191 29 473 356 386 339 29 151 356 325 217 22 407 131 499 257 19 29 151
476 328 19 151 29 151 356 186 499 257 280 29 19 29 151 356 131 368 257 151
325 217 22 407 131 499 257 19 29 214 29 151 407 476 368 346 151 356 476 499
280 29 19 29 151 356 131 368 257 151 356 131 368 29 19 29 473 407 386 368
29 280 29 473 407 476 339 25 356 325 320 22 407 325 499 257 19 29 214 29
101 103 26 29 280 29 151 331 186 339 25 356 325 217 22 407 131 499 257 19
386 339 25 356 126 320 22 232 126 401 257 19 29 491 29 151 232 126 368 346
29 151 331 186 328 346 113 29 191 29 473 407 325 339 25 356 325 286 22 407
103 491 29 473 232 386 339 25 356 126 320 22 232 126 401 257 19 29 491 29
356 186 499 257 280 29 19 29 151 356 131 368 257 151 356 131 368 29 19 29
151 331 186 339 25 356 126 320 22 232 126 401 257 19 29 491 29 151 232 126
214 29 280 29 280 29 101 103 26 29 491 29 151 331 186 339 25 356 325 217
151 356 186 368 29 19 29 151 407 386 368 151 407 186 217 346 113 29 191 29
257 280 29 151 356 131 499 257 280 29 151 356 476 19 257 286 29 151 356 186
29 491 29 473 331 173 339 25 356 126 217 22 232 131 401 257 19 29 491 29
280 29 101 103 491 29 473 232 386 339 25 356 126 320 22 232 126 401 257 19
407 386 368 151 407 186 217 346 113 29 191 29 101 103 280 29 191 29 473 407
29 191 29 101 103 280 29 280 29 473 407 476 339 25 356 325 320 22 407 325
22 407 131 499 257 19 29 151 407 325 328 257 19 29 151 407 186 499 257 280
126 320 22 232 126 401 257 19 29 491 29 473 232 476 368 346 151 356 126 401
214 29 473 407 476 339 25 356 325 217 22 407 131 499 257 19 29 214 29 151
29 214 29 151 407 325 368 346 151 356 476 499 22 101 103 151 356 386 499 22
19 29 151 407 476 368 22 331 186 217 346 113 29 191 29 280 29 101 103 214
339 29 151 356 325 217 22 407 131 499 257 19 29 151 407 325 328 257 19 29
29 101 103 491 29 473 232 386 339 25 356 126 320 22 232 126 401 257 19 29
131 499 257 19 29 473 407 325 328 257 19 29 151 407 186 499 257 280 29 19
29 191 29 151 356 356 499 29 214 29 101 103 214 29 151 407 386 339 25 356
386 280 257 19 29 26 29 151 331 186 328 346 113 22 151 356 131 499 29 191
22 407 476 499 257 19 29 151 407 325 328 257 19 29 151 356 186 499 257 280
328 257 19 29 151 356 131 499 257 280 29 19 29 151 407 186 368 257 151 356
151 407 476 368 22 331 186 217 346 113 29 191 29 101 103 26 29 191 29 473
339 25 356 126 320 22 232 126 401 257 19 29 491 29 151 232 126 368 346 101
19 257 286 29 151 356 186 368 29 19 29 151 407 386 368 151 407 186 217 346
346 113 29 191 29 101 103 26 29 491 29 473 407 476 339 25 356 325 320 22
22 331 186 217 346 113 29 191 29 214 356 356 499 29 214 29 101 103 214 29
280 29 473 407 476 339 25 356 325 320 22 407 325 499 257 19 29 214 29 151
473 356 386 339 29 151 356 325 217 22 407 131 499 257 19 29 151 407 325 328
257 19 29 151 356 186 214 286 151 232 19 29 151 407 186 368 257 151 356 325
186 499 217 151 29 19 29 151 407 186 368 257 151 407 173 499 29 19 29 151
29 191 29 151 356 356 499 29 214 29 101 103 214 29 151 407 386 339 25 356
217 151 404 19 29 151 407 186 368 257 151 407 173 499 29 19 29 151 407 476
346 113 29 191 29 280 29 101 103 214 29 473 407 476 339 25 356 325 217 22
19 29 151 407 325 328 257 19 29 151 407 186 499 217 151 404 19 29 151 407
499 257 19 29 214 29 151 407 325 368 346 101 103 151 356 356 499 22 101 103
103 214 29 151 407 386 339 25 356 325 217 22 407 131 499 257 19 29 214 29
29 151 356 186 368 29 19 29 151 407 386 368 151 407 186 217 346 113 29 191
186 499 257 280 29 19 29 151 356 131 368 257 151 356 131 368 29 19 29 473
191 29 101 103 26 29 491 257 491 29 151 331 186 339 25 356 126 320 22 232
29 151 407 131 368 22 407 186 217 346 113 29 191 29 280 29 101 103 214 29
356 186 499 29 19 29 151 407 386 368 22 331 186 217 346 113 29 191 29 151
131 499 257 19 29 473 407 325 328 257 19 29 151 407 186 499 257 280 29 19
29 473 407 476 339 25 356 325 217 22 407 131 499 257 19 29 214 29 151 407
491 29 473 331 173 339 25 356 126 320 22 232 126 401 257 19 29 491 29 473
339 25 356 325 320 22 407 325 499 257 19 29 214 29 151 407 325 368 346 101
257 151 356 325 368 29 19 29 151 407 476 368 22 331 186 217 346 113 29 191
113 29 191 29 101 103 280 29 280 29 473 407 476 339 25 356 325 320 22 407
29 491 29 473 331 173 339 25 356 126 217 22 232 131 401 257 19 29 491 29
407 131 499 257 19 29 151 407 476 328 19 151 404 151 356 186 499 257 280 29
499 257 19 29 151 407 325 328 257 280 29 151 356 131 499 257 280 29 151 356
29 19 29 151 407 186 368 257 151 356 476 368 29 19 29 151 407 131 368 22
29 473 232 476 339 25 356 126 320 22 232 126 401 257 19 29 491 29 151 232
19 29 151 407 386 368 151 407 186 217 346 113 29 191 29 280 29 101 103 214
22 407 131 499 257 19 29 151 407 325 328 257 19 29 151 407 186 499 257 280
22 331 186 217 346 113 29 191 29 214 356 356 499 29 214 29 101 103 214 29
356 386 339 29 151 356 325 217 22 407 131 499 257 19 29 151 407 325 328 257
257 19 29 151 407 186 499 217 151 404 19 29 151 407 186 368 257 151 407 173
29 473 407 476 339 25 356 325 320 22 407 325 499 257 19 29 214 29 151 407
491 29 473 232 126 339 25 356 126 217 22 232 131 401 257 19 29 491 29 151
386 339 29 151 356 325 217 22 407 131 499 257 19 29 151 407 325 328 257 19
407 476 499 257 19 29 473 407 325 328 257 19 29 151 356 186 499 257 280 29
103 280 29 280 29 473 331 186 339 25 356 325 320 22 407 325 499 257 19 29
101 103 214 29 473 407 476 339 25 356 325 217 22 407 131 499 257 19 29 214
356 131 499 29 131 29 473 356 386 339 29 151 356 325 217 22 407 131 499 257
407 476 368 22 331 186 217 346 113 29 191 29 101 103 26 29 191 29 473 407
257 232 19 29 151 407 186 368 257 151 356 325 368 29 19 29 151 407 476 368
19 29 26 29 151 331 186 328 346 113 22 151 356 131 499 29 191 29 473 356
29 473 232 386 339 25 356 126 320 22 232 126 401 257 19 29 491 29 151 232
280 29 473 407 476 339 25 356 325 320 22 407 325 499 257 19 29 214 29 151
126 217 22 232 131 401 257 19 29 491 29 151 232 126 368 257 151 356 331 339
29 191 29 473 407 325 339 25 356 325 286 22 407 131 499 257 19 29 151 407
29 151 407 386 368 151 407 186 217 346 113 29 191 29 101 103 280 29 191 29
476 339 25 356 325 217 22 407 131 499 257 19 29 214 29 151 407 476 368 346
328 257 280 29 151 356 131 499 257 280 29 151 356 476 19 257 286 29 151 356
407 386 368 151 407 186 217 346 113 29 191 29 280 29 101 103 214 29 151 407
320 22 407 325 499 257 19 29 214 29 151 407 325 368 346 151 356 356 499 22
29 151 331 186 328 346 113 22 151 356 131 499 29 191 29 473 356 386 339 29
29 151 356 186 499 257 280 29 19 29 151 356 131 368 257 151 356 131 368 29
214 29 473 407 476 339 25 356 325 217 22 407 131 499 257 19 29 214 29 151
103 280 29 280 29 473 331 186 339 25 356 325 320 22 407 325 499 257 19 29
368 22 331 186 217 346 113 29 191 29 101 103 26 29 191 29 473 407 476 339
29 19 29 151 407 131 368 22 407 186 217 346 113 29 191 29 280 29 101 103
473 331 173 339 25 356 126 320 22 232 126 401 257 19 29 491 29 473 232 476
214 29 101 103 214 29 151 407 386 339 25 356 325 217 22 407 131 499 257 19
29 19 29 151 407 186 368 257 151 356 186 368 29 19 29 151 407 386 368 151
29 214 29 101 103 214 29 151 407 476 339 25 356 325 320 22 407 325 499 257
191 29 280 29 101 103 214 29 473 407 476 339 25 356 325 217 22 407 131 499
22 407 131 499 257 19 29 214 29 151 407 476 368 346 151 356 356 499 22 101
151 356 325 368 29 19 29 151 407 476 368 22 331 186 217 346 113 29 191 29
29 280 29 151 331 186 339 25 356 325 217 22 407 131 499 257 19 29 214 29
356 131 368 257 151 356 186 499 29 19 29 151 407 386 368 22 331 186 217 346
214 29 491 29 473 331 173 339 25 356 126 217 22 232 131 401 257 19 29 491
26 29 491 29 473 232 386 339 25 356 126 320 22 232 126 401 257 19 29 491
131 499 257 19 29 151 407 325 328 257 19 29 151 407 186 499 217 151 29 19
368 257 151 356 131 368 29 19 29 473 407 386 368 151 407 186 217 346 113 29
356 325 368 29 19 29 151 407 476 368 22 331 186 217 346 113 29 191 29 280
151 407 386 368 151 407 186 217 346 113 29 191 29 101 103 280 29 191 29 473
19 29 214 29 151 407 325 368 346 151 356 356 499 22 101 103 151 356 386 499
29 19 29 151 356 131 368 257 151 356 186 499 29 19 29 151 407 386 368 22
407 476 339 25 356 325 320 22 407 325 499 257 19 29 214 29 151 407 476 368
103 214 29 151 407 386 339 25 356 325 217 22 407 131 499 257 19 29 214 29
186 217 346 113 29 191 29 101 103 280 29 191 29 473 331 186 339 25 356 325
476 339 25 356 325 217 22 407 131 499 257 19 29 214 29 151 407 476 368 346
407 325 339 25 356 325 286 22 407 131 499 257 19 29 151 407 386 328 257 19
257 101 103 491 29 473 232 386 339 25 356 126 217 22 232 131 401 257 19 29
280 257 19 29 26 29 151 331 186 328 346 113 22 151 356 131 499 29 191 29
407 476 339 25 356 325 217 22 407 131 499 257 19 29 214 29 151 407 476 368
25 356 325 320 22 407 325 499 257 19 29 214 29 151 407 325 368 346 151 356
186 499 29 19 29 151 407 386 368 22 331 186 217 346 113 29 191 29 151 356
339 25 356 126 217 22 232 131 401 257 19 29 491 29 151 232 476 368 346 101
280 29 151 331 186 328 346 113 29 191 29 473 407 325 339 25 356 325 286 22
257 491 29 151 331 186 339 25 356 126 320 22 232 126 401 257 19 29 491 29
26 29 280 29 151 331 186 339 25 356 325 217 22 407 131 499 257 19 29 214
29 473 356 386 339 29 151 356 325 217 22 407 131 499 257 19 29 151 407 325
257 101 103 214 29 151 356 476 499 29 214 29 101 103 214 29 151 407 476 339
346 113 29 191 29 101 103 280 29 280 29 473 331 186 339 25 356 325 320 22
476 320 22 407 476 499 257 19 29 151 407 325 328 257 19 29 151 356 186 499
325 217 22 407 131 499 257 19 29 473 407 325 328 257 19 29 151 407 186 499
217 22 407 131 499 257 19 29 151 407 325 328 257 19 29 151 407 186 499 217
19 29 491 29 151 232 126 368 257 151 356 331 339 22 101 103 151 356 186 401
151 407 186 217 346 113 29 191 29 280 29 101 103 214 29 151 407 476 339 25
101 103 491 29 473 232 386 339 25 356 126 320 22 232 126 401 257 19 29 491
29 151 407 386 368 151 407 186 217 346 113 29 191 29 101 103 280 29 191 29
328 257 280 29 151 356 131 499 257 280 29 151 356 476 19 257 286 29 151 356
29 191 29 473 356 386 339 29 151 356 325 217 22 407 131 499 257 19 29 151
368 29 19 29 151 407 131 368 22 407 186 217 346 113 29 191 29 280 29 101
151 356 476 499 29 214 29 101 103 214 29 151 407 476 339 25 356 325 320 22
476 339 25 356 325 320 22 407 325 499 257 19 29 214 29 151 407 476 368 346
386 368 151 407 186 217 346 113 29 191 29 101 103 280 29 191 29 473 407 476
101 26 29 491 29 473 232 386 339 25 356 126 320 22 232 126 401 257 19 29
151 407 186 339 25 356 325 320 22 407 476 499 257 19 29 151 407 325 328 257
29 26 29 151 331 186 328 346 113 22 151 356 131 499 29 191 29 473 356 386
325 320 22 407 476 499 257 19 29 151 407 325 328 257 19 29 151 356 186 214
101 103 26 29 280 29 473 407 476 339 25 356 325 320 22 407 325 499 257 19
257 19 29 151 407 186 499 257 280 29 19 29 151 407 186 368 257 151 356 186
325 328 257 19 29 151 407 186 499 257 280 29 19 29 151 407 186 368 257 151
29 151 407 325 328 257 19 29 151 356 186 499 257 280 29 19 29 151 356 131
29 473 407 476 339 25 356 325 217 22 407 131 499 257 19 29 214 29 151 407
257 19 29 151 407 325 328 257 19 29 151 356 186 499 257 280 29 19 29 151
25 356 325 339 22 407 186 499 257 19 29 473 407 325 328 257 19 29 151 356
346 113 29 191 29 151 356 356 499 29 214 29 101 103 214 29 151 407 386 339
25 356 325 286 22 407 131 499 257 19 29 151 407 476 328 19 151 29 151 356
25 356 126 217 22 232 131 401 257 19 29 491 29 151 232 476 368 346 101 103
186 339 25 356 325 339 22 407 186 499 257 19 29 473 407 325 328 257 19 29
29 151 407 386 328 257 19 29 151 356 131 499 257 280 29 19 29 151 407 186
151 331 186 328 346 113 22 151 356 131 499 29 191 29 473 356 386 339 29 151
325 368 29 19 29 151 407 476 368 22 331 186 217 346 113 29 191 29 280 29
386 339 151 356 386 320 22 407 325 499 257 19 29 214 29 151 407 356 368 346
101 103 280 29 280 29 473 407 476 339 25 356 325 320 22 407 325 499 257 19
131 499 257 280 29 19 29 151 407 186 368 257 151 356 476 368 29 19 29 151
29 151 407 186 368 257 151 407 173 499 29 19 29 151 407 476 368 22 331 186
173 339 25 356 126 320 22 232 126 401 257 19 29 491 29 473 232 476 368 346
22 407 131 499 257 19 29 151 407 325 328 257 19 29 151 407 186 499 217 151
22 407 131 499 257 19 29 151 407 325 328 257 19 29 151 407 186 499 257 280
29 19 29 151 407 386 368 22 331 186 217 346 113 29 191 29 151 356 356 499
151 407 476 368 22 331 186 217 346 113 29 191 29 101 103 26 29 191 29 473
473 331 186 339 25 356 325 217 22 407 131 499 257 19 29 473 407 325 328 257
29 151 407 476 368 22 331 186 217 346 113 29 191 29 280 29 101 103 214 29
214 29 473 232 386 339 25 356 126 320 22 232 126 401 257 19 29 491 29 151
214 29 151 407 386 339 25 356 325 217 22 407 131 499 257 19 29 214 29 151
19 29 151 356 131 499 257 280 29 19 29 151 407 186 368 257 151 356 476 368
29 280 29 101 103 214 29 473 407 476 339 25 356 325 217 22 407 131 499 257
19 29 151 407 325 328 257 19 29 151 356 131 499 257 280 29 151 356 476 19
151 356 325 368 29 19 29 151 407 476 368 22 331 186 217 346 113 29 191 29
29 151 407 386 368 151 407 186 217 346 113 29 191 29 280 29 101 103 214 29
328 257 19 29 151 356 186 214 286 151 232 19 29 151 407 186 368 257 151 356
126 339 25 356 126 217 22 232 131 401 257 19 29 491 29 151 232 476 368 346
186 499 257 280 29 19 29 151 356 131 368 257 151 356 131 368 29 19 29 473
214 29 151 407 476 339 25 356 325 217 22 407 131 499 257 19 29 214 29 151
29 151 356 331 499 29 214 29 101 103 214 29 151 407 386 339 25 356 325 217
131 499 257 19 29 473 407 325 328 257 19 29 151 407 186 499 257 280 29 19
19 29 151 407 186 499 217 151 404 19 29 151 407 186 368 257 151 407 173 499
257 19 29 151 407 325 328 257 19 29 151 356 131 499 257 280 29 151 356 476
499 29 191 29 473 356 386 339 29 151 356 325 217 22 407 131 499 257 19 29
280 29 151 407 386 339 151 356 386 320 22 407 325 499 257 19 29 214 29 151
407 186 368 257 151 407 173 499 29 19 29 151 407 476 368 22 331 186 217 346
29 151 356 186 401 29 491 29 491 29 473 232 126 339 25 356 126 217 22 232
325 328 257 19 29 151 356 186 214 286 29 232 19 29 151 407 186 368 257 151
499 257 280 29 151 356 476 19 257 286 29 151 356 186 368 29 19 29 151 407
499 217 151 404 19 29 151 407 186 368 257 151 407 173 499 29 19 29 151 407
368 151 407 186 217 346 113 29 191 29 101 103 280 29 191 29 473 331 186 339
331 186 339 25 356 325 339 22 407 186 499 257 19 29 473 407 325 328 257 280
476 499 257 19 29 473 407 325 328 257 19 29 151 356 186 499 257 280 29 19
331 186 217 346 113 29 191 29 101 103 26 29 191 29 473 407 476 339 25 356
131 499 257 280 29 151 356 476 19 257 286 29 151 356 186 368 29 19 29 151
368 29 19 29 151 407 131 368 22 407 186 217 346 113 29 191 29 280 29 101
217 346 113 29 191 29 280 29 101 103 214 29 473 407 476 339 25 356 325 217
214 29 473 407 476 339 25 356 325 217 22 407 131 499 257 19 29 214 29 151
407 476 328 19 151 29 151 356 186 499 257 280 29 19 29 151 356 131 368 257
257 280 29 151 356 476 19 257 286 29 151 356 186 368 29 19 29 151 407 386
257 19 29 151 407 325 328 257 19 29 151 356 186 214 286 151 232 19 29 151
19 29 151 407 476 368 22 331 186 217 346 113 29 191 29 280 29 101 103 214
22 407 131 499 257 19 29 214 29 151 407 476 368 346 101 103 151 356 131 499
346 113 29 191 29 473 407 325 339 25 356 325 286 22 407 131 499 257 19 29
346 113 29 191 29 280 29 101 103 214 29 473 407 476 339 25 356 325 217 22
101 103 26 29 280 29 473 407 476 339 25 356 325 320 22 407 325 499 257 19
280 29 101 103 26 29 280 29 151 331 186 339 25 356 325 217 22 407 131 499
473 331 186 339 25 356 325 217 22 407 131 499 257 19 29 473 407 325 328 257
356 476 499 29 214 29 101 103 214 29 151 407 476 339 25 356 325 320 22 407
151 407 386 339 25 356 325 217 22 407 131 499 257 19 29 214 29 151 407 476
151 356 131 499 257 280 29 151 356 476 19 257 286 29 151 356 186 368 29 19
29 280 29 101 103 214 29 473 407 476 339 25 356 325 217 22 407 131 499 257
325 328 257 19 29 151 356 186 499 257 280 29 19 29 151 356 131 368 257 151
29 151 407 476 368 22 331 186 217 346 113 29 191 29 101 103 26 29 191 29
356 325 217 22 407 131 499 257 19 29 214 29 151 407 476 368 346 101 103 151
491 257 491 29 151 331 186 339 25 356 126 320 22 232 126 401 257 19 29 491
151 331 186 339 25 356 325 217 22 407 131 499 257 19 29 214 29 151 407 476
325 328 257 19 29 151 407 186 499 217 151 29 19 29 151 407 186 368 257 151
331 186 328 346 113 22 151 356 131 499 29 191 29 473 356 386 339 29 151 356
401 29 491 29 491 29 473 232 126 339 25 356 126 217 22 232 131 401 257 19
29 214 29 151 407 325 368 346 151 356 476 499 22 101 103 151 356 386 499 22
19 29 151 407 386 368 151 407 186 217 346 113 29 191 29 280 29 101 103 214
346 113 29 191 29 473 407 325 339 25 356 325 286 22 407 131 499 257 19 29
356 476 499 29 214 29 101 103 214 29 151 407 476 339 25 356 325 320 22 407
151 331 186 339 25 356 325 217 22 407 131 499 257 19 29 214 29 151 407 476
29 473 407 386 368 151 407 186 217 346 113 29 191 29 101 103 280 29 191 29
186 368 257 151 356 476 368 29 19 29 151 407 131 368 22 407 186 217 346 113
186 368 29 19 29 151 407 386 368 151 407 186 217 346 113 29 191 29 280 29
339 25 356 325 217 22 407 131 499 257 19 29 214 29 151 407 476 368 346 101
407 325 328 257 19 29 151 356 131 499 257 280 29 151 356 476 19 257 286 29
491 29 473 331 173 339 25 356 126 217 22 232 131 401 257 19 29 491 29 151
407 131 499 257 19 29 151 407 386 328 257 19 29 151 356 131 499 257 280 29
356 476 499 29 214 29 101 103 214 29 151 407 476 339 25 356 325 320 22 407
368 29 476 29 151 407 386 368 151 407 186 217 346 113 29 191 29 101 103 280
407 476 339 25 356 325 217 22 407 131 499 257 19 29 214 29 151 407 476 368
19 29 151 407 186 368 257 151 407 173 499 29 19 29 151 407 476 368 22 331
368 29 476 29 473 407 386 368 151 407 186 217 346 113 29 191 29 101 103 280
151 113 29 191 29 280 29 101 103 214 29 280 29 191 29 101 103 26 29 191
368 22 407 186 217 346 113 29 191 29 280 29 101 103 214 29 473 407 476 339
29 151 356 131 368 257 151 356 131 368 29 19 29 473 407 386 368 151 407 186
29 151 356 186 499 257 280 29 19 29 151 356 131 368 257 151 356 131 368 29
29 151 356 186 401 29 491 29 491 29 473 232 126 339 25 356 126 217 22 232
214 29 101 103 214 29 151 407 386 339 25 356 325 217 22 407 131 499 257 19
29 151 407 386 368 151 407 186 217 346 113 29 191 29 101 103 280 29 191 29
356 131 499 29 131 29 473 356 386 339 29 151 356 325 217 22 407 131 499 257
257 19 29 151 407 186 499 257 280 29 19 29 151 407 186 368 257 151 356 186
173 499 29 19 29 151 407 476 368 22 331 186 217 346 113 29 191 29 101 103
113 29 191 29 280 29 101 103 214 29 151 407 476 339 25 356 325 217 22 407
29 101 103 280 29 280 29 473 407 476 339 25 356 325 320 22 407 325 499 257
339 25 356 325 320 22 407 476 499 257 19 29 151 407 325 328 257 19 29 151
407 186 499 257 19 29 151 407 325 328 257 280 29 151 356 131 499 257 280 29
356 325 499 29 214 29 101 103 214 29 151 407 386 339 25 356 325 217 22 407
19 29 151 407 386 368 151 407 186 217 346 113 29 191 29 280 29 101 103 214
386 368 151 407 186 217 346 113 29 191 29 101 103 280 29 191 29 473 407 476
29 473 407 476 339 25 356 325 320 22 407 325 499 257 19 29 214 29 151 407
356 131 368 29 19 29 473 407 386 368 151 407 186 217 346 113 29 191 29 101
356 325 217 22 407 131 499 257 19 29 473 407 325 328 257 19 29 151 407 186
232 386 339 25 356 126 217 22 232 131 401 257 19 29 491 29 473 232 331 368
280 29 151 356 131 499 257 280 29 151 356 476 19 257 286 29 151 356 186 368
356 186 214 286 257 232 19 29 151 407 186 368 257 151 356 325 368 29 19 29
339 25 356 325 217 22 407 131 499 257 19 29 214 29 151 407 476 368 346 151
186 217 346 113 29 191 29 101 103 280 29 191 29 473 407 476 339 25 356 325
29 473 407 386 368 151 407 186 217 346 113 29 191 29 101 103 280 29 191 29
29 280 29 101 103 214 29 473 407 476 339 25 356 325 217 22 407 131 499 257
101 103 491 29 473 331 173 339 25 356 126 320 22 232 126 401 257 19 29 491
151 356 186 499 257 280 29 19 29 151 356 131 368 257 151 356 186 499 29 19
331 186 217 346 113 29 191 29 280 29 101 103 214 29 473 407 476 339 25 356
151 404 19 29 151 407 186 368 257 151 407 173 499 29 19 29 151 407 476 368
491 29 491 29 473 232 126 339 25 356 126 217 22 232 131 401 257 19 29 491
151 407 325 328 257 19 29 151 356 186 499 257 280 29 19 29 151 356 131 368
368 29 476 29 473 407 386 368 151 407 186 217 346 113 29 191 29 101 103 280
356 325 286 22 407 131 499 257 19 29 151 407 386 328 257 19 29 151 356 131
22 407 131 499 257 19 29 214 29 151 407 476 368 346 151 356 356 499 22 101
29 473 356 386 339 29 151 356 325 217 22 407 131 499 257 19 29 151 407 325
214 29 280 29 280 29 101 103 26 29 491 29 151 331 186 339 25 356 325 217
19 29 151 407 386 328 257 19 29 151 356 131 499 257 280 29 19 29 151 407
232 131 401 257 19 29 491 29 151 232 126 368 257 151 356 331 339 22 101 103
151 407 186 217 346 113 29 191 29 101 103 280 29 191 29 473 331 186 339 25
407 186 499 257 19 29 151 407 325 328 257 280 29 151 356 131 499 257 280 29
101 103 280 29 280 29 473 331 186 339 25 356 325 320 22 407 325 499 257 19
325 286 22 407 131 499 257 19 29 151 407 476 328 19 151 29 151 356 186 499
356 126 320 22 232 126 401 257 19 29 491 29 473 232 476 368 346 151 356 126
325 499 29 214 29 101 103 214 29 151 407 386 339 25 356 325 217 22 407 131
476 499 29 214 29 101 103 214 29 151 407 476 339 25 356 325 320 22 407 325
19 29 151 356 186 499 257 280 29 19 29 151 356 131 368 257 151 356 186 499
473 407 476 339 25 356 325 217 22 407 131 499 257 19 29 214 29 151 407 476
325 499 257 19 29 214 29 151 407 325 368 346 151 356 356 499 22 101 103 151
331 173 339 25 356 126 217 22 232 131 401 257 19 29 491 29 151 232 476 368
29 473 331 186 339 25 356 325 320 22 407 325 499 257 19 29 214 29 151 407
151 407 325 328 257 19 29 151 356 131 499 257 280 29 151 356 476 19 257 286
325 328 257 280 29 151 356 131 499 257 280 29 151 356 476 19 257 286 29 151
257 19 29 473 407 325 328 257 19 29 151 407 186 499 257 280 29 19 29 151
151 407 476 368 22 331 186 217 346 113 29 191 29 101 103 26 29 191 29 473
257 232 19 29 151 407 186 368 257 151 356 325 368 29 19 29 151 407 476 368
29 491 257 491 29 151 331 186 339 25 356 126 320 22 232 126 401 257 19 29
19 29 151 407 476 368 22 331 186 217 346 113 29 191 29 280 29 101 103 214
22 407 131 499 257 19 29 214 29 151 407 476 368 346 151 356 356 499 22 101
407 131 499 257 19 29 151 407 476 328 19 151 404 151 356 186 499 257 280 29
29 473 331 173 339 25 356 126 320 22 232 126 401 257 19 29 491 29 473 232
22 331 186 217 346 113 29 191 29 101 103 26 29 191 29 473 407 476 339 25
29 280 29 101 103 26 29 280 29 151 331 186 339 25 356 325 217 22 407 131
103 214 29 151 407 386 339 25 356 325 217 22 407 131 499 257 19 29 214 29
101 103 26 29 280 29 473 407 476 339 25 356 325 320 22 407 325 499 257 19
407 325 328 257 19 29 151 356 186 214 286 257 232 19 29 151 407 186 368 257
151 407 186 499 217 151 29 19 29 151 407 186 368 257 151 407 173 499 29 19
328 346 113 22 151 356 131 499 29 191 29 473 356 386 339 29 151 356 325 217
29 476 29 151 407 386 368 151 407 186 217 346 113 29 191 29 101 103 280 29
499 29 214 29 101 103 214 29 151 407 386 339 25 356 325 217 22 407 131 499
103 491 29 473 232 386 339 25 356 126 217 22 232 131 401 257 19 29 491 29
356 325 217 22 407 131 499 257 19 29 151 407 325 328 257 19 29 151 407 186
186 217 346 113 29 191 29 101 103 280 29 191 29 473 331 186 339 25 356 325
325 368 29 19 29 151 407 476 368 22 331 186 217 346 113 29 191 29 280 29
