1370 425 502 1885 1340 1370 34 1213 34 1977 1591 1825 1765 1458 1324 27 485 1458 1675 1828
425 502 1885 1340 1030 1030 1885 1340 1370 34 1213 34 1977 1591 1828 1765 1458 1826 1635 139
34 1631 1591 1828 1213 1675 1458 1324 434 485 1458 1675 1635 1591 1324 434 1828 1574 1675 1635
1828 1591 1324 434 1493 1105 1324 434 1493 1105 1709 434 1493 1105 1709 434 1493 1105 1709 434
1574 1324 434 1299 1574 1047 963 1828 1591 1324 434 1370 34 1493 1105 1826 1635 1047 963 1635
34 1977 1591 1825 1765 1299 1324 0 1709 1299 1709 983 1493 1105 1709 983 256 1574 1324 983
1030 34 1370 1213 425 502 1885 1340 1370 34 34 1977 1591 104 1765 557 1574 983 139 557
1977 1591 1825 1765 1458 1826 27 485 1458 1675 0 943 1709 27 1458 1574 1324 27 256 1574
1213 425 502 1885 1340 1370 34 34 1977 1591 1825 1765 557 1574 983 139 557 1105 1635 943
1340 1370 34 1213 34 1631 1591 1828 1765 1041 1324 1828 1709 0 1709 1828 943 1709 1828 256
1493 1591 1213 1631 1591 104 1765 557 1826 434 485 557 1675 0 943 1709 434 256 1574 1324
1574 1324 983 1493 1574 1324 1828 1493 1591 1213 1631 1591 104 1765 557 1826 434 485 557 1675
1030 1885 1340 1370 34 1213 34 1977 1591 1825 1765 557 1324 27 485 557 1675 1825 943 1709
27 485 1299 1324 1828 943 1709 27 256 1574 1324 27 1035 963 1035 1118 256 1574 1324 27
1213 425 502 1885 1340 1030 1030 1885 1340 1370 34 1213 34 1977 1591 1825 1765 1458 1826 27
425 502 1885 1340 34 1631 1591 1828 1765 1458 1324 1635 139 1458 1675 1828 943 1709 27 256
34 1213 34 1977 1591 1825 1765 557 1826 27 139 557 1675 983 943 1709 434 256 1574 1675
1885 1340 34 1035 963 1035 963 1370 34 1213 34 1977 1591 104 1765 1041 1105 1635 139 1041
1324 434 0 1574 1828 1591 1324 434 1493 1105 1826 434 1493 1105 1709 434 1493 1105 1709 434
1826 27 139 1458 1675 1828 943 1324 27 256 1574 1324 27 256 1574 1324 434 1041 1574 1828
256 1574 983 1591 1324 983 1493 1105 1826 983 1493 1105 1709 983 1493 1105 1709 983 1493 1105
983 1493 1105 1324 434 1035 963 1035 963 1828 943 1709 434 1047 963 1035 963 1828 943 1709
1324 1828 1213 256 1574 1105 0 1493 1574 1035 963 1035 963 1828 1591 1105 0 1493 1105 1105
983 1299 1574 1828 1591 1324 434 1493 1105 1826 1635 1493 1105 1709 434 1493 1105 1709 1635 1493
34 1213 1370 425 502 1885 1340 1370 34 1213 34 1631 1591 1828 1765 1041 1324 1828 1709 0
1213 34 1977 1324 1825 1765 557 1324 27 485 557 1675 1825 943 1709 27 256 1324 1709 1828
1574 1324 983 1493 1574 1324 1828 1493 1591 1213 1631 1591 104 1765 557 1826 434 485 557 1675
1340 1030 1030 1885 1340 1370 34 1213 34 1977 1591 1825 1765 1458 1826 27 485 1458 1675 0
1591 1105 0 1493 1105 1105 983 1035 963 1035 963 1828 943 1709 0 1370 34 1493 1105 1709
502 1885 1340 1030 1030 1885 1340 1370 34 1213 34 1977 1591 1825 1765 557 1324 27 485 557
1324 27 1299 1574 1370 34 1828 1591 1324 27 1493 1105 1324 27 1035 963 1035 963 1828 943
963 1035 1118 256 1574 1324 27 1299 1574 1370 34 1828 1591 1324 27 1493 1105 1324 27 1035
1885 1340 1370 34 1213 34 1977 1591 104 1765 1299 139 0 1709 1299 1709 983 1493 1105 1709
1765 557 1574 983 139 557 1105 1635 943 1675 434 256 1574 1324 983 1493 1574 1324 1828 1493
27 1213 256 1574 1324 1828 1458 1574 1828 1591 1324 1828 1493 1105 1324 27 1493 1105 1709 1635
1675 1828 943 1324 27 256 1574 1324 27 256 1574 1324 27 1041 1574 1828 1591 1324 434 1493
963 1035 963 1370 34 1213 34 1977 1591 1825 1765 1041 1105 1635 139 1041 1324 983 943 1709
1340 1370 34 34 1977 1591 1825 1765 557 1574 983 139 557 1105 1635 943 1675 27 256 1574
1370 34 1828 1591 1324 27 1493 1105 1324 27 1035 963 1035 963 1828 943 1709 27 1493 1105
557 1675 1825 943 1709 1828 256 1574 1709 1635 256 1574 1709 1828 1299 1574 1828 1591 1324 0
256 1574 1324 983 1493 1574 1825 1591 1324 983 1493 1105 1675 27 1493 1105 1709 1635 1493 1105
1370 34 1213 34 1977 1591 1825 1765 557 1826 27 139 557 1675 983 943 1709 434 256 1574
34 1213 34 1631 1591 1828 1213 485 1458 1324 434 485 1458 1675 1635 1591 1324 434 1828 1574
1825 1765 1458 1324 27 485 1458 1675 1828 943 1709 1635 256 1574 1709 434 256 1574 1324 1635
1370 1213 425 502 1885 1340 1370 34 34 1977 1591 104 1765 557 1574 983 139 557 1105 1635
1591 1324 434 1370 34 1493 1105 1826 1635 1047 963 1635 943 1324 434 1035 963 1635 943 1324
0 1709 1299 1709 983 1493 1105 1709 983 256 1574 1324 983 256 1574 1324 983 1299 1574 983
557 1324 27 485 557 1675 1825 943 1709 27 256 1324 1709 1828 256 1324 1675 1828 557 1324
1340 1213 1370 34 34 1977 1591 1825 1765 1458 1324 713 1458 1458 1324 1828 943 1826 1828 0
1370 1213 425 502 1885 1340 34 1035 963 1035 963 1370 34 1213 34 1977 1591 1825 1765 1041
1340 1370 34 1213 34 1631 1591 1828 1765 1458 1324 27 485 1458 1675 1828 943 1709 1635 256
502 1885 1340 1370 34 34 1977 1591 1825 1765 557 1574 983 139 557 1105 1635 943 1675 434
1828 943 1709 1635 256 1574 1709 27 256 1574 1324 1635 1458 1574 1828 1591 1324 434 1493 1105
983 1591 1324 983 1493 1105 1826 983 1493 1105 1709 983 1493 1105 1709 983 1493 1105 1709 983
1675 1828 943 1709 1635 256 1574 1709 434 256 1574 1324 1635 1458 1574 1828 1591 1324 434 1493
1574 1828 1591 1324 434 1493 1105 1826 1635 1493 1105 1709 434 1493 1105 1709 1635 1493 1105 1709
502 1885 1340 1213 1370 34 34 1977 1591 1825 1765 1458 1324 713 1458 1458 1324 1828 943 1826
1213 1631 1591 104 1765 557 1826 434 485 557 1675 0 943 1709 434 256 1574 1324 434 1631
34 1047 1047 963 963 1370 34 1213 1035 963 1035 963 34 1631 1591 1828 1765 1299 1591 27
943 1709 27 1458 1574 1324 27 256 1574 1675 27 0 1574 1828 1591 1765 27 1493 1105 1826
1709 434 256 1574 1324 434 256 1574 1105 983 983 1574 1828 1591 1324 434 1047 1105 1324 983
1885 1340 1213 1370 34 34 1977 1591 1825 1765 1458 1324 713 1458 1458 1324 1828 943 1826 1828
434 1299 1574 1828 1591 1105 983 1493 1105 1324 434 1035 963 1035 963 1828 943 1709 434 1047
963 1828 1591 1105 0 1493 1105 1105 983 1035 963 1035 963 1828 943 1709 0 1370 34 1493
27 485 1299 1324 1828 943 1709 27 256 1574 1324 27 1035 963 1035 1118 256 1574 1324 27
425 502 1885 1340 1370 34 34 1977 1591 1825 1765 557 1826 27 139 557 1675 0 943 1709
485 1458 1675 1828 943 1709 434 256 1574 1324 434 256 1574 1213 1324 434 0 1574 1828 1591
1825 1765 557 1324 27 485 557 1675 1825 943 1709 27 256 1324 1709 1828 256 1324 1675 1828
1709 983 256 1574 1324 983 1493 1574 1825 1591 1324 983 1493 1105 1675 27 1493 1105 1709 1635
983 1493 1105 1709 983 256 1574 1324 983 256 1574 1324 983 1299 1574 983 1591 1324 983 1493
1324 0 1709 1299 1709 983 1493 1105 1709 983 256 1574 1324 983 256 1574 1324 983 1299 1574
139 557 1675 1828 943 1709 434 256 1574 1324 434 256 1574 1105 983 983 1574 1828 1591 1324
557 1105 1635 943 1675 27 256 1574 1324 983 1493 1574 1324 1828 1493 1591 1213 1631 1591 104
1709 27 1458 1574 1324 27 256 1574 1675 27 0 1574 1828 1591 1765 27 1493 1105 1826 27
1825 1765 1458 1324 27 485 1458 1675 1828 943 1709 1635 256 1574 1709 434 256 1574 1324 1635
1825 943 1709 27 256 1105 1709 1635 256 1324 1675 1635 557 1105 1825 1591 1324 1825 1493 1105
1885 1340 1030 1030 1885 1340 1370 34 1213 34 1977 1591 1825 1765 557 1324 27 485 557 1675
485 557 1675 1828 943 1709 1635 256 1574 1675 434 256 1574 1324 1635 256 1574 1828 1591 1324
1828 1574 1324 434 1299 1574 1047 963 1828 1591 1324 434 1370 34 1493 1105 1826 1635 1047 963
434 485 557 1675 0 943 1709 434 256 1574 1324 434 1631 1574 1324 434 1631 1574 1828 1591
27 256 1574 1324 27 1370 34 1213 256 1574 1324 27 1299 1574 1828 1591 1324 27 1493 1105
434 1828 1574 1675 1635 1035 34 963 1370 1828 1574 1324 434 1299 1574 1047 1118 1828 1591 1324
1885 1340 1370 34 34 1977 1591 104 1765 557 1324 434 485 1458 1675 1828 943 1709 434 256
557 1675 1828 943 1324 27 256 1574 1324 27 256 1574 1324 27 1041 1574 1828 1591 1324 434
502 1885 1340 34 1035 963 1035 963 1370 34 1213 34 1977 1591 104 1765 1041 1105 1635 139
1591 104 1765 557 1826 434 485 557 1675 0 943 1709 434 256 1574 1324 434 1631 1574 1324
425 502 1885 1340 1370 34 1213 34 1977 1591 1825 1765 1299 1105 27 485 557 1675 1828 943
0 943 1709 27 256 1574 1709 27 1213 256 1574 1324 1828 1458 1574 1828 1591 1324 1828 1493
502 1885 1340 1370 34 34 1977 1591 1825 1765 557 1574 983 139 557 1105 1635 943 1675 434
34 1213 1370 425 502 1885 1340 1030 1030 1885 1340 1370 34 1213 34 1631 1591 1828 1213 1675
1574 1324 434 256 1574 1828 1591 1765 434 1493 1105 1675 434 1370 34 1631 1105 1709 434 1493
1885 1340 1370 34 34 1977 1591 1825 1765 1458 1826 27 139 1458 1675 1828 943 139 27 256
1574 1324 1828 1493 1591 1213 1631 1591 104 1765 557 1826 434 485 557 1675 0 943 1709 434
1591 1828 1765 557 1324 434 485 557 1675 1828 943 1709 1635 256 1574 1675 434 1493 1574 1324
1574 1324 27 256 1574 1675 27 0 1574 1828 1591 1765 27 1493 1105 1826 27 1493 1105 1709
0 943 1709 27 256 1574 1709 27 1213 256 1574 1324 1828 1458 1574 1828 1591 1324 1828 1493
1370 1213 425 502 1885 1340 34 1631 1591 1828 1765 1458 1324 1635 139 1458 1675 1828 943 1709
1213 34 1977 1324 1825 1765 557 1324 27 485 557 1675 1825 943 1709 27 256 1324 1709 1828
34 1977 1591 104 1765 1458 1324 434 485 557 1675 1828 943 1709 434 256 1574 1324 434 1493
139 1458 1675 1828 943 1324 27 256 1574 1324 27 256 1574 1324 434 1041 1574 1828 1591 1324
1591 1828 1765 1299 1591 27 485 1299 1324 1828 943 1709 27 256 1574 1324 27 1035 963 1035
502 1885 1340 1213 1370 34 34 1977 1591 1825 1765 1458 1324 713 1458 1458 1324 1828 943 1826
1213 34 1977 1591 1825 1765 1299 1324 0 1709 1299 1709 983 1493 1105 1709 983 256 1574 1324
34 1213 256 1574 1324 27 1299 1574 1828 1591 1324 27 1493 1105 1324 27 1493 1105 1709 27
1213 34 1977 1591 1825 1765 1458 1324 27 485 1458 1675 1828 943 1709 1635 256 1574 1709 434
1324 434 485 1458 1675 1828 943 1709 434 256 1574 1324 434 256 1574 1709 1324 434 0 1574
1828 943 1324 27 256 1574 1324 27 256 1574 1324 27 1041 1574 1828 1591 1324 27 1493 1105
1324 434 256 1574 1709 983 1299 1574 1828 1591 1324 434 1493 1105 1826 1635 1493 1105 1709 434
1213 34 1977 1591 1825 1765 1299 1105 27 485 557 1675 1828 943 1709 1635 256 1574 1709 1635
1885 1340 1030 1030 1885 1340 1370 34 1213 34 1977 1591 1825 1765 1458 1826 27 485 1458 1675
425 502 1885 1340 1370 34 34 1977 1591 104 1765 1458 1324 434 485 1458 1675 1828 943 1709
34 34 1977 1591 1825 1765 557 1826 27 139 557 1675 1828 943 1324 27 256 1574 139 434
983 1591 1324 983 1493 1105 1826 983 1493 1105 1709 983 1493 1105 1709 983 1493 1105 1709 983
1828 943 1709 434 256 1574 1324 434 1828 1574 1324 983 983 1574 1828 1591 1324 434 1047 1105
1030 1885 1340 1370 34 1213 34 1631 1591 1828 1213 1675 1458 1324 434 485 1458 1675 1635 1591
1574 1709 1635 256 1574 1709 1828 1299 1574 1828 1591 1324 0 1493 1105 1826 0 1493 1105 1709
256 1574 1675 27 0 1574 1828 1591 1765 27 1493 1105 1826 27 1493 1105 1709 27 1493 1105
1828 1047 1574 1709 1828 1299 1574 1828 1591 1324 0 1493 1105 1826 0 1493 1105 1709 1828 1493
434 485 557 1675 0 943 1709 434 256 1574 1324 434 1631 1574 1324 434 1631 1574 1828 1591
1574 1709 27 1213 256 1574 1324 1828 1458 1574 1828 1591 1324 1828 1493 1105 1324 27 1493 1105
139 1458 1675 1828 943 1709 434 256 1574 1324 434 1631 1574 1709 983 1299 1574 1828 1591 1324
0 1493 1574 1035 963 1035 963 1828 1591 1105 0 1493 1105 1105 983 1035 963 1035 963 1828
1635 256 1574 1828 1591 1324 434 1493 1105 1324 434 1493 1105 1709 434 1493 1105 1709 434 1493
1340 1370 34 1213 34 1631 1591 1828 1765 1458 1324 27 485 1458 1675 1828 943 1709 1635 256
34 1213 1370 425 502 1885 1340 1370 34 34 1977 1591 1825 1765 557 1826 27 139 557 1675
1458 1675 1828 943 1709 434 256 1574 1324 434 256 1574 1709 983 1299 1574 1828 1591 1324 434
256 1574 1324 983 256 1574 1324 983 1299 1574 983 1591 1324 983 1493 1105 1826 983 1493 1105
485 1458 1675 1828 943 1709 434 256 1574 1324 434 256 1574 1213 1324 434 0 1574 1828 1591
1324 27 1035 963 1035 1118 256 1574 1324 27 1299 1574 1370 34 1828 1591 1324 27 1493 1105
1635 256 1574 1324 1828 1213 256 1574 1105 0 1493 1574 1035 963 1035 963 1828 1591 1105 0
1370 34 34 1977 1591 1825 1765 1458 1324 1324 557 1458 1324 983 943 1826 1828 0 1574 1709
1213 1370 425 502 1885 1340 1030 1030 1885 1340 1370 34 1213 34 1631 1591 1828 1213 1675 1458
1828 1591 1324 434 1047 1105 1324 983 1493 1105 1324 434 1493 1105 1324 434 1493 1105 1709 1635
983 139 557 1675 1828 943 1324 434 256 1574 1324 434 1047 963 1035 963 1631 1574 1324 434
1213 1370 425 502 1885 1340 1370 34 1213 34 1977 1591 1825 1765 1299 1105 27 485 557 1675
1765 1299 1105 27 485 557 1675 1828 943 1709 1828 256 1574 1709 1828 256 1574 1709 1828 1299
1213 256 1574 1105 0 1493 1574 1035 963 1035 963 1828 1591 1105 0 1493 1105 1105 1828 1035
1213 34 1977 1591 1825 1765 1041 1105 1635 139 1041 1324 1828 943 1709 1635 256 1574 1324 1828
1765 1041 1105 1635 139 1041 1324 983 943 1709 1635 256 1574 1324 1828 1213 256 1574 1105 0
1213 1370 1370 425 502 1885 1340 34 1047 1047 963 963 1370 34 1213 1035 963 1035 963 34
1340 1370 34 34 1977 1591 104 1765 557 1324 434 485 1458 1675 1828 943 1709 434 256 1574
1370 1213 425 502 1885 1340 34 1035 963 1035 963 1370 34 1213 34 1977 1591 1825 1765 1041
139 1458 1675 1828 943 1324 27 256 1574 1324 27 256 1574 1324 434 1041 1574 1828 1591 1324
27 1493 1105 1324 27 1035 963 1035 963 1828 943 1709 27 1493 1105 1324 27 1047 963 1035
1828 557 1324 1825 1591 1765 1825 1299 1105 1324 0 1493 1105 1709 0 1493 1105 1709 0 1493
1828 943 1709 1635 256 1574 1709 27 256 1574 1324 1635 1458 1574 1828 1591 1324 434 1493 1105
1574 1828 1591 1324 434 1493 1105 1324 434 1493 1105 1709 434 1493 1105 1709 434 1493 1105 1709
1213 34 1631 1591 1828 1765 557 1324 434 485 557 1675 1828 943 1709 1635 256 1574 1675 434
1340 1370 34 1213 34 1631 1591 1828 1765 1458 1324 27 485 1458 1675 1828 943 1709 1635 256
104 1765 1458 1826 434 139 1458 1675 983 943 1709 434 256 1574 1675 434 256 1574 1324 434
0 943 1709 27 256 1574 1709 27 1213 256 1574 1324 1828 1458 1574 1828 1591 1324 1828 1493
1828 943 1709 434 256 1574 1324 434 256 1574 1213 1324 434 0 1574 1828 1591 1324 434 1493
1213 1035 963 1035 963 34 1631 1591 1828 1765 1299 1591 27 485 1299 1324 1828 943 1709 27
34 34 1977 1591 1825 1765 557 1826 27 139 557 1675 1828 943 1324 27 256 1574 139 434
256 1574 1709 27 1213 256 1574 1324 1828 1458 1574 1828 1591 1324 1828 1493 1105 1324 27 1493
1709 983 256 1574 1324 983 256 1574 1324 983 1299 1574 983 1591 1324 983 1493 1105 1826 983
1030 1885 1340 1370 34 1213 34 1977 1591 1825 1765 1458 1826 27 485 1458 1675 0 943 1709
557 1324 983 139 557 1675 1828 943 1709 434 256 1574 1324 434 1828 1574 1324 983 983 1574
1458 1675 1828 943 1709 434 256 1574 1324 434 256 1574 1709 983 1299 1574 1828 1591 1324 434
557 1324 434 485 1458 1675 1828 943 1709 1635 256 1574 1675 434 1493 1574 1324 1635 256 1574
1828 943 1324 27 256 1574 1324 27 256 1574 1324 27 1041 1574 1828 1591 1324 27 1493 1105
1631 425 502 1885 1340 1370 34 34 1977 1591 1825 1765 1458 1826 27 139 1458 1675 1828 943
104 1765 1458 1324 434 485 1458 1675 1828 943 1709 434 256 1574 1324 434 256 1574 1709 1324
1635 256 1574 1828 1591 1324 434 1493 1105 1324 434 1493 1105 1709 434 1493 1105 1709 434 1493
1213 34 1631 1591 1825 1765 557 1324 983 139 557 1675 1828 943 1324 434 256 1574 1324 434
1213 1370 1213 425 502 1885 1340 34 1035 963 1035 963 1370 34 1213 34 1977 1591 1825 1765
34 1213 1370 425 502 1885 1340 1370 34 1213 34 1977 1591 104 1765 557 1826 27 139 557
1574 1324 27 256 1574 1324 27 1041 1574 1828 1591 1324 27 1493 1105 1675 1635 1493 1105 1709
34 1213 1213 34 1631 1591 1825 1765 557 1324 983 139 557 1675 1828 943 1324 434 1047 1574
1030 34 1213 1370 425 502 1885 1340 1030 1030 1885 1340 1370 34 1213 34 1977 1591 1825 1765
1493 1105 1324 27 1035 963 1035 963 1828 943 1709 27 1493 1105 1324 27 1035 963 1035 963
1709 434 256 1574 1324 434 256 1574 1105 983 983 1574 1828 1591 1324 434 1047 1105 1324 983
256 1574 1324 983 1299 1574 1828 1591 1324 434 1047 1105 1324 983 1493 1105 1324 434 1493 1105
1828 943 1709 27 256 1574 1324 27 1035 963 1035 1118 256 1574 1324 27 1299 1574 1370 34
1324 1635 139 1458 1675 1828 943 1709 27 256 1574 1324 27 1370 34 1213 256 1574 1324 434
1324 983 139 1458 1675 1828 943 1709 434 256 1574 1324 434 1828 1574 1105 983 983 1574 1828
1574 1324 434 256 1574 1828 1591 1765 434 1493 1105 1675 434 1370 34 1631 1105 1709 434 1493
1709 27 256 1574 1324 1635 1458 1574 1828 1591 1324 434 1493 1105 1675 434 1493 1105 1709 1828
434 256 1574 1213 1324 434 0 1574 1828 1591 1324 434 1493 1105 1826 434 1493 1105 1709 434
1709 434 256 1574 1324 434 256 1574 1105 983 983 1574 1828 1591 1324 434 1047 1105 1324 983
1765 1299 1591 27 485 1299 1324 1828 943 1709 27 256 1574 1324 27 1035 963 1035 1118 256
34 1213 34 1977 1591 1825 1765 1458 1324 27 485 1458 1675 1828 943 1709 1635 256 1574 1709
1825 1765 557 1324 27 485 557 1675 1825 943 1709 27 256 1324 1709 1828 256 1324 1675 1828
1324 983 943 1826 1828 0 1574 1709 983 256 1574 1324 983 1493 1574 1828 1591 1324 983 1493
502 1885 1340 1370 34 34 1977 1591 1825 1765 557 1574 983 139 557 1105 1635 943 1675 434
1591 104 1765 1299 1324 0 1709 1299 1709 983 1493 1105 1709 983 256 1574 1324 983 256 1574
1340 1030 1030 1885 1340 1370 34 1213 34 1977 1591 1825 1765 557 1324 27 485 557 1675 1825
0 1574 1709 983 256 1574 1324 983 1493 1574 1828 1591 1324 983 1493 1105 1675 27 1493 1105
1213 34 1977 1591 1828 1765 1458 1826 1635 139 1458 1675 1828 943 1709 434 256 1574 1324 434
1591 1213 1631 1591 104 1765 557 1826 434 485 557 1675 0 943 1709 434 256 1574 1324 434
963 1828 1591 1105 0 1493 1105 1105 983 1035 963 1035 963 1828 943 1709 0 1370 34 1493
502 1885 1340 1370 34 34 1977 1591 1825 1765 557 1574 983 139 557 1105 1635 943 1675 434
1035 963 1035 963 1370 34 1213 34 1977 1591 1825 1765 1041 1105 1635 139 1041 1324 983 943
1324 27 1041 1574 1828 1591 1324 27 1493 1105 1675 1635 1493 1105 1709 27 1493 1105 1709 1635
1631 1591 1828 1213 1675 1458 1324 434 485 1458 1675 1635 1591 1324 434 1631 1574 1675 1635 1035
27 1213 256 1574 1324 1828 1458 1574 1828 1591 1324 1828 1493 1105 1324 27 1493 1105 1709 1635
1213 34 1977 1591 1825 1765 1458 1826 27 139 557 1675 983 943 1709 434 256 1574 1675 434
1340 1370 34 1213 34 1977 1591 1825 1765 1458 1324 27 485 1458 1675 1828 943 1709 1635 256
434 256 1574 1324 434 256 1574 1709 1324 434 0 1574 1828 1591 1324 434 1493 1105 1826 434
27 1035 963 1035 1118 256 1574 1324 27 1299 1574 1370 34 1828 1591 1324 27 1493 1105 1324
1826 27 139 557 1675 0 943 1709 27 256 1574 1709 27 1213 256 1574 1324 1828 1458 1574
27 485 1299 1324 1828 943 1709 27 256 1574 1324 27 1035 963 1035 1118 256 1574 1324 27
1828 1591 1324 434 1493 1105 1324 434 1493 1105 1709 434 1493 1105 1709 434 1493 1105 1709 434
1765 1299 1591 27 485 1299 1324 1828 943 1709 27 256 1574 1324 27 1035 963 1035 1118 256
1591 1828 1765 557 1324 434 485 557 1675 1828 943 1709 1635 256 1574 1675 434 1493 1574 1324
1765 1458 1324 27 485 1458 1675 983 943 1709 1635 256 1574 1709 434 256 1574 1324 1635 1458
1828 1591 1324 434 1493 1105 1324 434 1493 1105 1709 434 1493 1105 1709 434 1493 1105 1709 434
943 1826 1828 0 1574 1709 983 256 1574 1324 983 1493 1574 1828 1591 1324 983 1493 1105 1675
1370 34 1213 34 1631 1324 1828 1765 1041 1324 1828 1709 0 1709 1828 943 1709 1828 256 1574
1324 983 139 1458 1675 1828 943 1709 434 256 1574 1324 434 1828 1574 1105 983 983 1574 1828
1340 1370 34 1213 34 1977 1591 1825 1765 1299 1105 27 485 557 1675 1828 943 1709 1635 256
1574 1324 434 256 1574 1828 1591 1765 434 1493 1105 1675 434 1370 34 1631 1105 1709 434 1493
34 1631 1324 1828 1765 1041 1324 1828 1709 0 1709 1828 943 1709 1828 256 1574 1709 0 1631
34 1213 1370 425 502 1885 1340 1370 34 1213 34 1977 1591 1825 1765 1458 1324 27 485 1458
425 502 1885 1340 34 1047 1047 963 963 1370 34 1213 1035 963 1035 963 34 1631 1591 1828
1213 1370 425 502 1885 1340 34 1047 1047 963 963 1370 34 1213 1035 963 1035 963 34 1631
983 139 557 1105 1635 943 1675 27 256 1574 1324 983 1493 1574 1324 1828 1493 1591 1213 1631
1765 557 1324 1635 139 1458 1675 1828 943 1709 27 256 1574 1324 27 1370 34 1213 256 1574
1105 1709 1635 256 1324 1675 1635 557 1324 1825 1591 1765 1825 1825 1105 1324 0 1493 1105 1709
1885 1340 1370 34 1213 34 1977 1591 1825 1765 1299 1105 27 485 557 1675 1828 943 1709 1635
1035 963 256 1574 1324 434 1299 1574 1828 1591 1105 983 1493 1105 1324 434 1035 963 1035 963
1574 1828 1591 1324 434 1493 1105 1826 434 1493 1105 1709 434 1493 1105 1709 434 1493 1105 1709
434 1299 1574 1828 1591 1105 983 1493 1105 1324 434 1035 963 1035 963 1828 943 1709 434 1047
1765 1458 1826 27 485 1458 1675 0 943 1709 27 256 1574 1324 27 256 1574 1675 27 0
434 256 1574 1213 1324 434 0 1574 1828 1591 1324 434 1493 1105 1826 434 1493 1105 1709 434
502 1885 1340 1370 34 1213 34 1631 1591 1828 1765 1041 1324 1828 1709 0 1709 1828 943 1709
425 502 1885 1340 1370 34 1213 34 1631 1591 1828 1765 1458 1324 434 485 1458 1675 1828 943
0 1574 1709 983 256 1574 1324 983 1493 1574 1828 1591 1324 983 1493 1105 1675 27 1493 1105
256 1574 1324 983 256 1574 1324 983 1299 1574 983 1591 1324 983 1493 1105 1826 983 1493 1105
34 1370 34 1213 1213 34 1631 1591 1825 1765 557 1324 983 139 557 1675 1828 943 1324 434
1370 425 502 1885 1340 1370 34 34 1977 1591 1825 1765 557 1826 27 139 557 1675 0 943
1828 1213 1675 1458 1324 434 485 1458 1675 1828 1591 1324 434 256 1574 1675 1635 1035 34 963
1030 34 1213 1370 425 502 1885 1340 1213 1370 34 34 1977 1591 1825 1765 1458 1324 1231 1458
1213 34 1631 1591 1828 1765 557 1324 434 485 557 1675 1828 943 1709 1635 256 1574 1675 434
1340 1030 1030 1885 1340 1370 34 1213 34 1631 1591 1828 1213 1675 1458 1324 434 485 1458 1675
557 1675 1828 943 1709 27 256 1574 1324 27 1370 34 1213 256 1574 1324 27 1299 1574 1828
1370 34 1213 34 1977 1324 1825 1765 557 1324 27 485 557 1675 1825 943 1709 27 256 1324
983 1591 1324 983 1493 1105 1826 983 1493 1105 1709 983 1493 1105 1709 983 1493 1105 1709 983
1324 434 1299 1574 1047 963 1828 1591 1324 434 1370 34 1493 1105 1826 1635 1047 963 1635 943
557 1675 1828 943 1324 434 256 1574 1324 434 1047 963 1035 963 1631 1574 1324 434 1299 1574
1458 1574 1324 27 256 1574 1675 27 0 1574 1828 1591 1765 27 1493 1105 1826 27 1493 1105
1631 1591 1828 1765 1458 1324 434 485 557 1675 1828 943 1709 1635 256 1574 1675 434 1493 1574
425 502 1885 1340 1370 34 1213 34 1977 1591 1825 1765 1299 1105 27 485 557 1675 1828 943
1765 1458 1324 434 485 1458 1675 1828 943 1709 434 256 1574 1324 434 256 1574 1709 1324 434
1324 27 256 1574 1324 27 256 1574 1324 27 1041 1574 1828 1591 1324 27 1493 1105 1675 1635
0 943 1709 27 1458 1574 1324 27 256 1574 1675 27 0 1574 1828 1591 1765 27 1493 1105
1828 1213 256 1574 1105 0 1493 1574 1035 963 1035 963 1828 1591 1105 0 1493 1105 1105 1828
502 1885 1340 1213 1370 34 34 1977 1591 1825 1765 1458 1324 713 1458 1458 1324 1828 943 1826
1574 1675 1635 1035 34 963 1370 1828 1574 1324 434 1299 1574 1047 1118 1828 1591 1324 434 1370
1324 434 1828 1574 1675 1635 1035 34 963 1370 1828 1574 1324 434 1299 1574 1047 963 1828 1591
963 1035 1118 256 1574 1324 27 1299 1574 1370 34 1828 1591 1324 27 1493 1105 1324 27 1035
1299 1574 1828 1591 1324 983 1493 1105 1324 434 1035 963 1035 963 1828 943 1709 434 1047 963
34 1213 34 1977 1591 1825 1765 1041 1105 1635 139 1041 1324 1828 943 1709 1635 256 1574 1324
256 1574 1213 1324 434 0 1574 1828 1591 1324 434 1493 1105 1826 434 1493 1105 1709 434 1493
1709 1635 256 1574 1709 27 256 1574 1324 1635 1458 1574 1828 1591 1324 434 1493 1105 1675 434
1574 1709 27 1213 256 1574 1324 1828 1458 1574 1828 1591 1324 1828 1493 1105 1324 27 1493 1105
1324 1825 1591 1765 1825 1299 1105 1324 0 1493 1105 1709 0 1493 1105 1709 0 1493 1105 1709
1030 1885 1340 1370 34 1370 34 1213 1213 34 1631 1591 104 1765 557 1324 983 139 557 1675
256 1574 1324 27 1299 1574 1828 1591 1324 27 1493 1105 1324 27 1493 1105 1709 27 1493 1105
963 1370 1828 1574 1324 434 1299 1574 1047 963 1828 1591 1324 434 1370 34 1493 1105 1826 1635
1574 1324 434 256 1574 1709 983 1299 1574 1828 1591 1324 434 1493 1105 1826 1635 1493 1105 1709
1977 1591 1825 1765 1458 1324 27 485 1458 1675 1828 943 1709 1635 256 1574 1709 434 256 1574
963 1370 34 1213 1035 963 1035 963 34 1631 1591 1828 1765 1299 1591 27 485 1299 1324 1828
1825 1765 557 1826 27 139 557 1675 0 943 1709 27 256 1574 1709 27 1213 256 1574 1324
557 1324 983 139 557 1675 1828 943 1324 434 256 1574 1324 434 1047 963 1035 963 1631 1574
1213 425 502 1885 1340 1030 1030 1885 1340 1370 34 1213 34 1977 1591 1828 1765 1458 1826 1635
1370 34 34 1977 1591 1825 1765 557 1324 434 485 557 1675 1828 943 1709 434 256 1574 1324
1828 1591 1324 434 1493 1105 1826 1635 1493 1105 1709 434 1493 1105 1709 1635 1493 1105 1709 1635
434 485 557 1675 1828 943 1709 1635 256 1574 1675 434 1493 1574 1324 1635 256 1574 1828 1591
1299 1105 27 485 557 1675 1828 943 1709 1828 256 1574 1709 1828 256 1574 1709 1828 1299 1574
963 963 1370 34 1213 1035 963 1035 963 34 1631 1591 1828 1765 1299 1591 27 485 1299 1324
1885 1340 1030 1030 1885 1340 1370 34 1213 34 1977 1591 1825 1765 557 1324 27 485 557 1675
256 1574 1324 27 1299 1574 1828 1591 1324 27 1493 1105 1324 27 1493 1105 1709 27 1493 1105
1213 1370 425 502 1885 1340 1370 34 1213 34 1977 1591 104 1765 1458 1324 27 485 1458 1675
0 1574 1709 983 256 1574 1324 983 1493 1574 1828 1591 1324 983 1493 1105 1675 27 1493 1105
1105 0 1493 1105 1105 983 1035 963 1035 963 1828 943 1709 0 1370 34 1493 1105 1709 1828
256 1574 1709 1635 256 1574 1709 1828 1299 1574 1828 1591 1324 0 1493 1105 1826 0 1493 1105
1458 1826 27 485 1458 1675 0 943 1709 27 256 1574 1324 27 256 1574 1675 27 0 1574
256 1574 1324 27 1370 34 1213 256 1574 1324 27 1299 1574 1828 1591 1324 27 1493 1105 1324
1458 1826 27 485 1458 1675 0 943 1709 27 256 1574 1324 27 256 1574 1675 27 0 1574
1574 1324 983 256 1574 983 1591 1324 983 1493 1105 1826 983 1493 1105 1709 983 1493 1105 1709
1299 1324 0 1709 1299 1709 983 1493 1105 1709 983 256 1574 1324 983 256 1574 1324 983 1299
1765 1458 1826 1635 139 1458 1675 1828 943 1709 434 256 1574 1324 434 1631 1574 1709 983 1299
1458 1826 1635 139 1458 1675 1828 943 1709 434 256 1574 1324 434 1631 1574 1709 983 1299 1574
1324 1828 1458 1574 1828 1591 1324 1828 1493 1105 1324 27 1493 1105 1709 1635 1493 1105 1709 1635
1828 1765 1458 1324 1635 139 1458 1675 1828 943 1709 27 256 1574 1324 27 1370 34 1213 256
1826 27 485 1458 1675 0 943 1709 27 256 1574 1324 27 256 1574 1675 27 0 1574 1828
1574 1709 1635 256 1574 1709 1828 1299 1574 1828 1591 1324 0 1493 1105 1826 0 1493 1105 1709
1675 0 943 1709 27 1458 1574 1324 27 256 1574 1675 27 0 1574 1828 1591 1765 27 1493
1885 1340 1030 1030 1885 1340 1370 34 1213 34 1977 1591 1828 1765 1458 1826 1635 139 1458 1675
485 557 1675 1828 943 1709 1635 256 1574 1675 434 256 1574 1324 1635 256 1574 1828 1591 1324
1213 1370 425 502 1885 1340 1370 34 1213 34 1977 1591 1825 1765 1299 1105 27 485 557 1675
1035 963 256 1574 1324 434 1299 1574 1828 1591 1105 983 1493 1105 1324 434 1035 963 1035 963
502 1885 1340 34 1631 1591 1828 1765 1458 1324 1635 139 1458 1675 1828 943 1709 27 256 1574
1213 34 1977 1591 1825 1765 1458 1826 27 485 1458 1675 0 943 1709 27 1458 1574 1324 27
485 557 1675 1828 943 1709 1635 256 1574 1675 434 256 1574 1324 1635 256 1574 1828 1591 1324
34 1977 1591 1825 1765 557 1574 983 139 557 1105 1635 943 1675 27 256 1574 1324 983 1493
1631 1591 1828 1213 1675 1458 1324 434 485 1458 1675 1635 1591 1324 434 1631 1574 1675 1635 1035
1828 943 1709 1635 256 1574 1675 434 1493 1574 1324 1635 256 1574 1828 1591 1324 434 1493 1105
1370 425 502 1885 1340 1370 34 34 1977 1591 1825 1765 557 1826 27 139 557 1675 0 943
1030 34 1370 1213 425 502 1885 1340 1370 34 34 1977 1591 104 1765 557 1574 983 139 557
1370 425 502 1885 1340 1030 1030 1885 1340 1370 34 1213 34 1631 1591 1828 1213 1675 1458 1324
34 34 1977 1591 1825 1765 1458 1324 1324 1458 1458 1324 983 943 1826 1828 0 1574 1709 983
557 1324 983 139 557 1675 1828 943 1324 434 256 1574 1324 434 1047 963 1035 963 1631 1574
1574 1324 434 1299 1574 1047 963 1828 1591 1324 434 1370 34 1493 1105 1826 1635 1047 963 1635
1035 963 1035 963 34 1631 1591 1828 1765 1299 1591 27 485 1299 1324 1828 943 1709 27 256
1765 557 1324 983 139 557 1675 1828 943 1709 434 256 1574 1324 434 1828 1574 1324 983 983
256 1574 1675 27 0 1574 1828 1591 1765 27 1493 1105 1826 27 1493 1105 1709 27 1493 1105
1765 1458 1826 27 485 1458 1675 0 943 1709 27 256 1574 1324 27 256 1574 1675 27 0
34 1213 34 1977 1591 1825 1765 1299 1105 27 485 557 1675 1828 943 1709 1635 256 1574 1709
1885 1340 1030 1030 1885 1340 1370 34 1213 34 1977 1591 1825 1765 1458 1826 27 485 1458 1675
1828 1493 1591 1213 1631 1591 104 1765 557 1826 434 485 557 1675 0 943 1709 434 256 1574
1885 1340 1370 34 1213 34 1631 1591 1828 1765 1041 1324 1828 1709 0 1709 1828 943 1709 1828
983 256 1574 1324 983 1299 1574 983 1591 1324 983 1493 1105 1826 983 1493 1105 1709 983 1493
485 557 1675 1825 943 1709 27 256 1324 1709 1828 256 1105 1675 1828 557 1324 1825 1591 1324
425 502 1885 1340 1030 1030 1885 1340 1370 34 1213 34 1977 1591 1828 1765 1458 1826 1635 139
34 1977 1591 1828 1765 1458 1826 1635 139 1458 1675 1828 943 1709 434 256 1574 1324 434 1631
1977 1591 1825 1765 557 1574 983 139 557 1105 1635 943 1675 27 256 1574 1324 983 1493 1574
34 1631 1591 1828 1765 557 1324 434 485 557 1675 1828 943 1709 1635 256 1574 1675 434 1493
1370 425 502 1885 1340 1370 34 1213 34 1977 1591 1825 1765 1299 1105 27 485 557 1675 1828
1458 1324 27 485 1458 1675 983 943 1709 1635 256 1574 1709 434 256 1574 1324 1635 1458 1574
502 1885 1340 1030 1030 1885 1340 1370 34 1213 34 1977 1591 1825 1765 557 1324 27 485 557
1324 1675 1635 1458 1324 1825 1591 1765 1825 1299 1105 1324 0 1493 1105 1709 0 1493 1105 1709
485 1458 1675 1635 1591 1324 434 1828 1574 1675 1635 1035 34 963 1370 1828 1574 1324 434 1299
1885 1340 1370 34 1213 34 1631 1591 1828 1765 1041 1324 1828 1709 0 1709 1828 943 1709 1828
1030 34 1370 1213 425 502 1885 1340 1030 1030 1885 1340 1370 34 1213 34 1977 1591 1825 1765
1591 1825 1765 1458 1324 27 485 1458 1675 1828 943 1709 1635 256 1574 1709 434 256 1574 1324
1826 1828 0 1574 1709 983 256 1574 1324 983 1493 1574 1828 1591 1324 983 1493 1105 1675 434
1105 1635 943 1675 27 256 1574 1324 983 1493 1574 1324 1828 1493 1591 1213 1631 1591 104 1765
502 1885 1340 1370 34 34 1977 1591 1825 1765 557 1826 27 139 557 1675 0 943 1709 27
1213 1370 425 502 1885 1340 34 1047 1047 963 963 1370 34 1213 1035 963 1035 963 34 1631
34 1030 1030 425 1047 425 502 1885 1340 1370 34 34 1977 1591 1825 1765 1458 1826 27 139
1635 139 1458 1675 1828 943 1709 434 256 1574 1324 434 1631 1574 1709 983 1299 1574 1828 1591
557 1105 1635 943 1675 27 256 1574 1324 983 1493 1574 1324 1828 1493 1591 1213 1631 1591 104
1977 1591 1825 1765 557 1574 983 139 557 1105 1635 943 1675 27 256 1574 1324 983 1493 1574
1885 1340 1370 34 34 1977 1591 1825 1765 557 1826 27 139 557 1675 0 943 1709 27 256
1324 434 256 1574 1709 983 1299 1574 1828 1591 1324 434 1493 1105 1826 1635 1493 1105 1709 434
34 1213 34 1977 1324 1825 1765 557 1324 27 485 557 1675 1825 943 1709 27 256 1324 1709
1591 1105 0 1493 1105 1105 983 1035 963 1035 963 1828 943 1709 0 1370 34 1493 1105 1709
1675 0 943 1709 27 1458 1574 1324 27 256 1574 1675 27 0 1574 1828 1591 1765 27 1493
27 485 1458 1675 0 943 1709 27 256 1574 1324 27 256 1574 1675 27 0 1574 1828 1591
1324 983 1299 1574 1828 1591 1324 434 1047 1105 1324 983 1493 1105 1324 434 1493 1105 1324 434
1458 1458 1324 983 943 1826 1828 0 1574 1709 983 256 1574 1324 983 1493 1574 1828 1591 1324
1709 434 256 1574 1324 434 256 1574 1213 1324 434 0 1574 1828 1591 1324 434 1493 1105 1826
1765 557 1826 434 485 557 1675 0 943 1709 434 256 1574 1324 434 1631 1574 1324 434 1631
1574 1324 983 1299 1574 1828 1591 1324 434 1047 1105 1324 983 1493 1105 1324 434 1493 1105 1324
963 1035 963 1370 34 1213 34 1977 1591 1825 1765 1041 1105 1635 139 1041 1324 983 943 1709
963 1370 34 1213 1035 963 1035 963 34 1631 1591 1828 1765 1299 1591 27 485 1299 1324 1828
1213 1370 425 502 1885 1340 1370 34 1213 34 1977 1591 104 1765 557 1826 27 139 557 1675
1030 34 1213 1370 425 502 1885 1340 1030 1030 1885 1340 1370 34 1213 34 1631 1591 1828 1213
1324 27 485 557 1675 1825 943 1709 27 256 1324 1709 1828 256 1324 1675 1828 557 1324 1825
1675 1828 943 1709 27 256 1574 1324 27 1370 34 1213 256 1574 1324 27 1299 1574 1828 1591
1299 1591 27 485 1299 1324 1828 943 1709 27 256 1574 1324 27 1035 963 1035 1118 256 1574
1574 1324 434 256 1574 1709 983 1299 1574 1828 1591 1324 434 1493 1105 1826 1635 1493 1105 1709
1370 425 502 1885 1340 1370 34 1213 34 1631 1591 1828 1765 1458 1324 434 485 1458 1675 1828
1675 1825 943 1709 27 256 1105 1709 1635 256 1324 1675 1635 557 1105 1825 1591 1324 1825 1493
1458 1324 434 485 1458 1675 1828 943 1709 434 256 1574 1324 434 256 1574 1709 1324 434 0
34 1977 1591 1825 1765 1458 1826 27 485 1458 1675 0 943 1709 27 1458 1574 1324 27 256
1041 1324 1828 1709 0 1709 1828 943 1709 1828 256 1574 1709 0 1631 1574 1675 1828 1041 1574
1709 27 256 1324 1709 1828 256 1105 1675 1828 557 1324 1825 1591 1765 1825 1299 1105 1324 0
943 1709 1635 1458 1574 1324 1828 1213 256 1574 1105 0 1458 1574 1035 963 1035 963 1828 1591
1324 434 256 1574 1828 1591 1765 434 1493 1105 1675 434 1370 34 1631 1105 1709 434 1493 1105
256 1574 1709 27 256 1574 1324 1635 1458 1574 1828 1591 1324 434 1493 1105 1675 434 1493 1105
485 1299 1324 1828 943 1709 27 256 1574 1324 27 1035 963 1035 1118 256 1574 1324 27 1299
1675 27 0 1574 1828 1591 1765 27 1493 1105 1826 27 1493 1105 1709 27 1493 1105 1709 27
1030 1030 34 1213 1213 1370 425 502 1885 1340 34 1047 1047 963 963 1370 34 1213 1035 963
502 1885 1340 1370 34 1213 34 1977 1591 1825 1765 1458 1826 27 139 1458 1675 983 943 1709
1340 1370 34 1370 34 1213 1213 34 1631 1591 104 1765 557 1324 983 139 557 1675 1828 943
557 1675 0 943 1709 434 256 1574 1324 434 1631 1574 1324 434 1631 1574 1828 1591 1324 434
1370 34 1213 34 1631 1591 1828 1765 557 1324 983 139 557 1675 1828 943 1709 434 256 1574
1324 434 0 1574 1828 1591 1324 27 1493 1105 1675 434 1493 1105 1709 1635 1493 1105 1709 1828
1765 1041 1105 1635 139 1041 1324 983 943 1709 1635 256 1574 1324 1828 1213 256 1574 1105 0
425 502 1885 1340 34 1631 1591 1828 1765 1458 1324 1635 139 1458 1675 1828 943 1709 27 256
1591 1828 1765 1041 1324 1828 1709 0 1709 1828 943 1709 1828 256 1574 1709 0 1631 1574 1675
256 1574 1324 983 1493 1574 1825 1591 1324 983 1493 1105 1675 27 1493 1105 1709 1635 1493 1105
1574 1324 1828 1493 1591 1213 1631 1591 104 1765 557 1826 434 485 557 1675 0 943 1709 434
434 256 1574 1324 983 1299 1574 1828 1591 1324 434 1047 1105 1105 983 1493 1105 1324 434 1493
425 502 1885 1340 1370 34 34 1977 1591 104 1765 1458 1324 434 485 1458 1675 1828 943 1709
1574 1324 1635 1458 1574 1828 1591 1324 27 1493 1105 1675 434 1493 1105 1709 1828 1493 1105 1709
256 1574 1213 1324 434 0 1574 1828 1591 1324 434 1493 1105 1826 434 1493 1105 1709 434 1493
1885 1340 1370 34 34 1977 1591 1825 1765 557 1574 983 139 557 1105 1635 943 1675 434 256
27 256 1574 1324 27 1035 963 1035 1118 256 1574 1324 27 1299 1574 1370 34 1828 1591 1324
34 1213 1370 425 502 1885 1340 1370 34 1213 34 1977 1591 1825 1765 1458 1324 27 485 1458
1340 1370 34 1213 34 1977 1591 104 1765 1458 1826 27 139 1458 1675 983 943 1709 27 256
34 1977 1591 1825 1765 1299 1105 27 485 557 1675 1828 943 1709 1635 256 1574 1709 1635 1047
1324 1324 1458 1458 1324 983 943 1826 1828 0 1574 1709 983 256 1574 1324 983 1493 1574 1828
256 1574 1324 434 256 1574 1213 1324 434 0 1574 1828 1591 1324 434 1493 1105 1826 434 1493
1574 1709 0 256 1574 1675 1828 1041 1574 1828 1591 1324 1828 1493 1105 1324 1828 1493 1105 1709
1828 1765 1458 1324 1635 139 1458 1675 1828 943 1709 27 256 1574 1324 27 1370 34 1213 256
1105 0 1493 1574 1035 963 1035 963 1828 1591 1105 0 1493 1105 1105 983 1035 963 1035 963
1675 1828 943 1709 434 256 1574 1324 434 256 1574 1709 983 1299 1574 1828 1591 1324 434 1493
1765 1299 1591 27 485 1299 1324 1828 943 1709 27 256 1574 1324 27 1035 963 1035 1118 256
1977 1591 1825 1765 1299 1105 27 485 557 1675 1828 943 1709 1635 256 1574 1709 1635 256 1574
1977 1591 1825 1765 1458 1826 27 139 1458 1675 1828 943 1324 27 256 1574 1324 434 256 1574
1030 34 1213 1213 1370 425 502 1885 1340 34 1047 1047 963 963 1370 34 1213 1035 963 1035
34 1213 34 1977 1591 1825 1765 1458 1324 27 485 1458 1675 1828 943 1709 1635 256 1574 1709
1574 1324 983 256 1574 1324 983 1299 1574 983 1591 1324 983 1493 1105 1826 983 1493 1105 1709
1574 1324 27 256 1574 1675 27 0 1574 1828 1591 1765 27 1493 1105 1826 27 1493 1105 1709
1030 34 1213 1370 425 502 1885 1340 1370 34 1213 34 1631 1591 1828 1765 1041 1324 1828 1709
1828 943 1709 1635 256 1574 1709 27 256 1574 1324 1635 1458 1574 1828 1591 1324 434 1493 1105
34 1370 1213 425 502 1885 1340 1370 34 1213 34 1977 1591 104 1765 1299 139 0 1709 1299
963 1035 963 34 1631 1591 1828 1765 1299 1591 27 485 1299 1324 1828 943 1709 27 256 1574
1035 34 963 1370 1828 1574 1324 434 1299 1574 1047 963 1828 1591 1324 434 1370 34 1493 1105
34 1213 1213 34 1631 1591 1825 1765 557 1324 983 139 557 1675 1828 943 1324 434 1047 1574
1324 1635 1458 1574 1828 1591 1324 27 1493 1105 1675 434 1493 1105 1709 1828 1493 1105 1709 434
1574 1675 434 256 1574 1324 1635 256 1574 1828 1591 1324 434 1493 1105 1324 434 1493 1105 1709
1213 1370 1213 425 502 1885 1340 34 1035 963 1035 963 1370 34 1213 34 1977 1591 1825 1765
34 963 1370 1828 1574 139 434 1299 1574 1047 963 1828 1591 1324 434 1370 34 1493 1105 1826
1340 1370 34 1213 34 1977 1591 1825 1765 1299 1105 27 485 557 1675 1828 943 1709 1635 256
1030 1030 1885 1340 1370 34 1213 34 1977 1591 1825 1765 1458 1826 27 485 1458 1675 0 943
1574 1709 1828 1299 1574 1828 1591 1324 0 1493 1105 1826 0 1493 1105 1709 1828 1493 1105 1709
1035 963 34 1631 1591 1828 1765 1299 1591 27 485 1299 1324 1828 943 1709 27 256 1574 1324
1675 1828 943 1324 434 256 1574 1324 434 1047 963 1035 963 1631 1574 1324 434 1299 1574 1828
1826 434 485 557 1675 0 943 1709 434 256 1574 1324 434 1631 1574 1324 434 1631 1574 1828
1213 34 1977 1591 1825 1765 1458 1826 27 139 557 1675 983 943 1709 434 256 1574 1675 434
502 1885 1340 1030 1030 1885 1340 1370 34 1213 34 1631 1591 1828 1213 1675 1458 1324 434 485
1591 104 1765 1299 1324 0 1709 1299 1709 983 1493 1105 1709 983 256 1574 1324 983 256 1574
983 1493 1105 1324 434 1035 963 1035 963 1828 943 1709 434 1047 963 1035 963 1828 943 1709
1324 434 256 1574 1213 1324 434 0 1574 1828 1591 1324 434 1493 1105 1826 434 1493 1105 1709
34 1213 1213 34 1631 1591 1825 1765 557 1324 983 139 557 1675 1828 943 1324 434 1047 1574
1591 1825 1765 1458 1826 27 485 1458 1675 0 943 1709 27 1458 1574 1324 27 256 1574 1675
1324 434 0 1574 1828 1591 1324 27 1493 1105 1675 434 1493 1105 1709 1635 1493 1105 1709 1828
1977 1591 1825 1765 1299 1324 0 1709 1299 1709 983 1493 1105 1709 983 256 1574 1324 983 256
1324 434 485 1458 1675 1635 1591 1324 434 1828 1574 1675 1635 1035 34 1118 1370 1828 1574 1324
27 1299 1574 1370 34 1828 1591 1324 27 1493 1105 1324 27 1035 963 1035 963 1828 943 1709
1030 34 1370 1213 425 502 1885 1340 1370 34 1213 34 1977 1591 104 1765 1041 139 0 1709
1340 1370 34 34 1977 1591 1825 1765 557 1826 27 139 557 1675 0 943 1709 27 256 1574
1340 1030 1030 1885 1340 1370 34 1213 34 1977 1591 1825 1765 557 1324 27 485 557 1675 1825
1458 1675 983 943 1709 434 256 1574 1675 434 256 1574 1324 434 0 1574 1828 1591 1324 434
1105 1635 943 1675 27 256 1574 1324 983 1493 1574 1324 1828 1493 1591 1213 1631 1591 104 1765
502 1885 1340 1030 1030 1885 1340 1370 34 1213 34 1631 1591 1828 1213 1675 1458 1324 434 485
1324 27 1041 1574 1828 1591 1324 27 1493 1105 1675 1635 1493 1105 1709 27 1493 1105 1709 1635
425 502 1885 1340 34 1631 1591 1828 1765 1458 1324 1635 139 1458 1675 1828 943 1709 27 256
1324 27 485 1458 1675 1828 943 1709 1635 256 1574 1709 434 256 1574 1324 1635 1458 1574 1828
1591 1825 1765 1458 1324 27 485 1458 1675 1828 943 1709 1635 256 1574 1709 434 256 1574 1324
1213 1370 425 502 1885 1340 34 1047 1047 963 963 1370 34 1213 1035 963 1035 963 34 1631
27 1493 1105 1324 27 1035 963 1035 963 1828 943 1709 27 1493 1105 1324 27 1047 963 1035
425 502 1885 1340 1030 1030 1885 1340 1370 34 1213 34 1977 1591 1825 1765 557 1324 27 485
1885 1340 34 1047 1047 963 963 1370 34 1213 1035 963 1035 963 34 1631 1591 1828 1765 1299
256 1574 1675 434 256 1574 1324 434 0 1574 1828 1591 1324 434 1493 1105 1675 434 1493 1105
1765 1299 1591 27 485 1299 1324 1828 943 1709 27 256 1574 1324 27 1035 963 1035 1118 256
1458 1324 27 485 1458 1675 983 943 1709 1635 256 1574 1709 434 256 1574 1324 1635 1458 1574
1591 1828 1765 1458 1324 1635 139 557 1675 1828 943 1709 27 256 1574 1324 27 1370 34 1213
1324 434 1828 1574 1675 1635 1035 34 963 1370 1828 1574 1324 434 1299 1574 1047 963 1828 1591
1324 27 256 1574 1675 27 0 1574 1828 1591 1765 27 1493 1105 1826 27 1493 1105 1709 27
1574 1105 0 1493 1574 1035 963 1035 963 1828 1591 1105 0 1493 1105 1105 1828 1035 963 1035
1885 1340 34 1047 1047 963 963 1370 34 1213 1035 963 1035 963 34 1631 1591 1828 1765 1299
1828 1213 1675 1458 1324 434 485 1458 1675 1828 1591 1324 434 256 1574 1675 1635 1035 34 963
1370 34 1213 34 1977 1591 1825 1765 1299 1105 27 485 557 1675 1828 943 1709 1635 256 1574
1574 1324 27 256 1574 1675 27 0 1574 1828 1591 1765 27 1493 1105 1826 27 1493 1105 1709
1826 27 139 557 1675 0 943 1709 27 256 1574 1709 27 1213 256 1574 1324 1828 1458 1574
1030 1885 1340 1370 34 1370 34 1213 1213 34 1631 1591 104 1765 557 1324 983 139 557 1675
1709 27 256 1574 1324 1635 1458 1574 1828 1591 1324 434 1493 1105 1675 434 1493 1105 1709 1828
557 1826 434 485 557 1675 0 943 1709 434 256 1574 1324 434 1631 1574 1324 434 1631 1574
27 256 1324 1709 1828 256 1105 1675 1828 557 1324 1825 1591 1765 1825 1299 1105 1324 0 1493
1324 434 1828 1574 1675 1635 1035 34 963 1370 1828 1574 1324 434 1299 1574 1047 963 1828 1591
1828 0 1574 1709 983 256 1574 1324 983 1493 1574 1828 1591 1324 983 1493 1105 1675 27 1493
0 1709 1299 1709 983 1493 1105 1709 983 256 1574 1324 983 256 1574 1324 983 1299 1574 983
1765 557 1826 434 485 557 1675 0 943 1709 434 256 1574 1324 434 1631 1574 1324 434 1631
1324 434 485 1458 1675 1828 943 1709 1635 256 1574 1675 434 1493 1574 1324 1635 256 1574 1828
1574 1324 27 256 1574 1675 27 0 1574 1828 1591 1765 27 1493 1105 1826 27 1493 1105 1709
1828 1574 1675 1635 1035 34 963 1370 1828 1574 1324 434 1299 1574 1047 1118 1828 1591 1324 434
34 1213 34 1977 1591 1828 1765 1458 1826 1635 139 1458 1675 1828 943 1709 434 256 1574 1324
434 485 1458 1675 1635 1591 1324 434 1828 1574 1675 1635 1035 34 1118 1370 1828 1574 1324 434
1030 1885 1340 1370 34 1213 34 1977 1591 1825 1765 1458 1826 27 485 1458 1675 0 943 1709
425 502 1885 1340 1370 34 1213 34 1977 1591 104 1765 1299 139 0 1709 1299 1709 983 1493
256 1574 1324 1635 1458 1574 1828 1591 1324 27 1493 1105 1675 434 1493 1105 1709 1828 1493 1105
256 1574 1675 434 256 1574 1324 434 0 1574 1828 1591 1324 434 1493 1105 1675 434 1493 1105
1885 1340 1370 34 34 1977 1591 1825 1765 557 1574 983 139 557 1105 1635 943 1675 434 256
1826 434 485 557 1675 0 943 1709 434 256 1574 1324 434 1631 1574 1324 434 1631 1574 1828
434 485 1458 1675 1828 943 1709 434 256 1574 1324 434 256 1574 1213 1324 434 0 1574 1828
1035 963 34 1631 1591 1828 1765 1299 1591 27 485 1299 1324 1828 943 1709 27 256 1574 1324
34 1977 1591 1825 1765 1458 1324 1324 1458 1458 1324 983 943 1826 1828 0 1574 1709 983 1462
1030 34 1370 1213 425 502 1885 1340 34 1035 963 1035 963 1370 34 1213 34 1977 1591 1825
1035 963 256 1574 1324 434 1299 1574 1828 1591 1105 983 1493 1105 1324 434 1035 963 1035 963
557 1675 1828 943 1324 434 256 1574 1324 434 1047 963 1035 963 1631 1574 1324 434 1299 1574
1370 34 34 1977 1591 1825 1765 557 1826 27 139 557 1675 0 943 1709 27 256 1574 1709
943 1709 1828 256 1574 1709 0 1631 1574 1675 1828 1041 1574 1828 1591 1324 1828 1493 1105 1324
1324 983 1299 1574 983 1591 1324 983 1493 1105 1826 983 1493 1105 1709 983 1493 1105 1709 983
963 1370 34 1213 34 1977 1591 1825 1765 1041 1105 1635 139 1041 1324 983 943 1709 1635 1458
1324 1828 1458 1574 1828 1591 1324 1828 1493 1105 1324 27 1493 1105 1709 1635 1493 1105 1709 1635
1340 1030 1030 1885 1340 1370 34 1213 34 1977 1591 1825 1765 1458 1826 27 485 1458 1675 0
256 1574 1324 434 256 1574 1213 1324 434 0 1574 1828 1591 1324 434 1493 1105 1826 434 1493
1299 1105 27 485 557 1675 1828 943 1709 1828 256 1574 1709 1828 256 1574 1709 1828 1299 1574
943 1709 27 256 1324 1709 1635 256 1324 1675 1635 557 1105 1825 1591 1765 1825 1299 1105 1324
485 557 1675 0 943 1709 434 256 1574 1324 434 1631 1574 1324 434 1631 1574 1828 1591 1324
1828 943 1709 434 256 1574 1675 434 256 1574 1324 434 0 1574 1828 1591 1324 434 1493 1105
1675 1828 943 1709 1635 256 1574 1709 434 256 1574 1324 1635 1458 1574 1828 1591 1324 434 1493
0 1574 1709 983 256 1574 1324 983 1493 1574 1828 1591 1324 983 1493 1105 1675 27 1493 1105
1030 1030 1885 1340 1370 34 1213 34 1631 1591 1828 1213 485 1458 1324 434 485 1458 1675 1635
983 256 1574 1324 983 1493 1574 1825 1591 1324 983 1493 1105 1675 27 1493 1105 1709 1635 1493
1340 1370 34 1213 34 1977 1591 1825 1765 1458 1324 27 485 1458 1675 1828 943 1709 1635 256
557 1826 27 139 557 1675 0 943 1709 27 256 1574 1709 27 1213 256 1574 1324 1828 1458
34 1370 34 1213 1213 34 1631 1591 1825 1765 557 1324 983 139 557 1675 1828 943 1324 434
1213 1370 1213 425 502 1885 1340 34 1035 963 1035 963 1370 34 1213 34 1977 1591 1825 1765
943 1709 434 256 1574 1324 434 1631 1574 1709 983 1299 1574 1828 1591 1324 434 1493 1105 1826
943 1709 1635 256 1574 1709 1635 256 1574 1709 1828 1299 1574 1828 1591 1324 0 1493 1105 1826
1631 1591 104 1765 557 1826 434 485 557 1675 0 943 1709 434 256 1574 1324 434 1631 1574
434 256 1574 1324 434 256 1574 1105 983 983 1574 1828 1591 1324 434 1047 1105 1324 983 1493
1299 1324 1828 943 1709 27 256 1574 1324 27 1035 963 1035 1118 256 1574 1324 27 1299 1574
