104 317 116 104 317 296 104 317 116 104 104 317 116 104 104 317 116 104 104 317
413 317 296 413 317 401 104 413 317 401 104 413 317 116 413 317 296 413 317 116
217 217 317 116 217 317 217 217 317 116 217 217 317 116 217 217 317 116 217 217
116 31 31 156 389 389 116 31 116 31 389 317 413 317 76 116 104 317 76 116
401 104 104 317 401 104 389 104 317 116 104 317 296 104 317 116 104 104 317 116
116 413 116 389 76 116 413 116 76 116 104 116 296 413 116 401 104 104 116 116
217 317 401 217 217 317 401 217 217 317 116 217 317 217 217 317 116 217 217 317
116 76 469 156 389 389 389 116 413 317 76 116 413 317 76 116 413 317 296 413
156 389 389 389 116 413 317 76 116 413 317 76 116 413 317 296 413 317 401 413
413 317 116 413 413 317 116 413 389 116 413 317 76 116 413 317 76 116 413 317
413 116 413 156 389 76 389 116 413 317 76 116 413 317 76 116 413 317 296 413
389 389 156 116 116 76 469 156 389 389 389 116 413 317 76 116 413 317 76 116
104 413 317 317 413 156 389 317 296 413 317 317 413 413 317 116 31 116 31 317
116 217 317 296 217 317 401 217 217 317 401 217 217 317 116 217 317 296 217 317
76 469 156 389 389 389 116 413 317 76 116 413 317 76 116 413 317 296 413 317
156 389 116 116 76 469 116 116 76 469 156 389 389 389 116 413 317 76 116 413
76 116 104 116 76 116 104 116 296 413 116 401 104 104 116 116 389 31 156 401
469 156 389 389 389 116 413 317 76 116 413 317 76 116 413 317 296 413 317 401
76 469 156 389 389 317 104 317 76 116 104 317 76 116 104 317 296 104 317 401
116 413 76 116 116 413 317 296 413 317 401 104 413 317 401 104 413 317 116 413
317 76 116 217 317 296 217 317 401 217 217 317 401 217 217 317 116 217 317 296
389 116 413 317 76 116 413 317 76 116 413 317 116 413 413 317 401 104 413 317
116 413 317 76 116 413 317 76 116 413 317 296 413 317 401 413 413 317 116 413
317 76 116 104 317 76 116 104 317 296 104 317 401 104 104 317 401 104 104 317
389 156 389 116 116 76 469 156 389 389 317 104 317 76 116 104 317 76 116 104
413 317 401 413 413 317 116 413 317 296 413 317 116 413 413 317 156 389 116 413
389 116 116 76 469 116 116 76 469 156 389 389 389 116 413 317 76 116 413 317
296 413 317 401 413 413 317 116 413 413 317 116 413 389 116 413 317 76 116 413
389 116 413 317 76 116 413 317 76 116 413 317 296 413 317 401 104 413 317 116
31 31 156 389 389 116 31 116 31 389 317 413 317 76 116 413 317 76 116 413
317 296 413 116 401 104 413 317 116 389 31 156 401 104 104 116 116 104 116 31
413 317 389 401 104 413 317 116 413 317 296 413 317 116 413 413 317 116 413 413
389 389 156 76 116 76 469 116 116 76 469 156 389 389 389 317 104 317 104 116
389 389 389 116 413 317 76 116 413 317 76 116 413 317 116 413 413 317 401 104
389 156 116 116 76 469 156 389 389 116 413 317 76 116 413 317 76 116 413 317
116 116 156 389 116 76 469 156 389 389 317 104 317 104 317 104 317 104 116 104
76 469 156 389 389 389 116 413 317 76 116 413 317 76 116 413 317 296 413 317
116 116 76 469 156 389 389 389 116 413 317 76 116 413 317 76 116 413 317 296
156 76 116 76 469 389 116 116 31 31 156 389 389 116 31 116 31 389 317 413
116 104 317 76 116 413 317 296 413 317 401 104 413 317 116 116 116 31 401 104
156 389 389 389 116 413 317 76 116 104 317 76 116 104 317 296 104 317 401 104
76 116 413 317 296 413 317 401 104 413 317 401 104 413 317 401 413 317 296 413
413 116 413 317 296 413 317 401 104 413 317 389 401 104 413 317 116 413 317 296
156 116 116 76 469 156 389 389 389 116 413 317 76 116 413 317 76 116 413 317
389 389 116 413 317 76 116 413 317 76 116 413 317 296 413 317 401 104 413 317
401 104 104 317 401 104 104 317 116 104 317 296 104 317 116 104 104 317 116 104
76 116 76 469 156 389 389 389 116 413 317 76 116 413 317 76 116 413 317 296
116 76 469 156 389 389 317 104 317 104 317 104 317 104 317 104 317 104 104 317
76 116 76 469 116 116 76 469 156 389 389 389 116 413 317 76 116 104 317 76
31 31 156 389 389 116 31 116 31 389 317 413 317 76 116 413 317 76 116 413
413 317 401 413 413 317 116 413 317 296 413 317 116 413 413 317 156 389 116 413
104 413 317 116 413 317 296 413 317 116 413 413 317 116 413 116 31 317 296 413
116 413 116 413 156 389 76 389 116 413 317 76 116 413 317 76 116 413 317 296
389 156 389 116 116 76 469 156 389 389 317 104 317 76 116 104 317 76 116 104
469 116 116 76 469 156 389 389 389 116 413 317 76 116 413 317 76 116 413 317
317 116 413 317 296 413 317 116 413 413 317 116 413 413 317 116 413 104 317 116
317 76 116 413 317 296 413 317 401 104 413 317 401 104 413 317 401 413 317 296
317 401 104 104 317 401 104 104 317 116 104 317 296 104 317 116 104 104 317 116
413 116 31 116 296 413 116 156 389 116 413 413 317 116 116 116 296 413 116 116
76 116 116 413 317 296 413 317 401 104 413 317 401 104 413 317 116 413 317 296
76 116 413 317 76 116 413 317 296 413 317 401 104 413 317 401 104 413 317 116
76 469 389 116 413 116 413 156 389 76 389 116 413 317 76 116 413 317 76 116
469 156 389 389 389 116 413 317 76 116 104 317 76 116 413 317 296 413 317 401
116 104 317 296 413 317 401 104 104 317 401 104 104 317 116 104 317 296 104 317
116 389 156 389 116 116 76 469 116 116 76 469 156 389 389 389 116 413 317 76
116 389 156 389 116 116 76 469 116 116 76 469 156 389 389 389 116 413 317 76
76 116 413 317 76 116 413 317 296 413 317 401 104 413 317 401 104 413 317 401
116 76 469 116 116 76 469 156 389 389 389 116 413 317 76 116 413 317 76 116
104 317 401 104 389 104 317 116 104 317 296 104 317 116 104 104 317 116 104 104
76 469 156 389 389 389 116 413 317 76 116 413 317 76 116 413 317 296 413 317
31 116 296 413 116 156 389 116 413 413 317 116 116 116 296 104 116 116 116 116
413 317 76 116 413 317 296 413 317 401 104 413 317 401 104 413 317 401 413 317
389 156 389 76 116 76 469 116 116 76 469 156 389 389 389 116 413 317 76 116
317 76 116 413 317 296 104 317 401 104 413 317 156 389 389 401 104 104 317 116
413 317 76 116 413 317 296 413 317 401 104 413 317 401 104 413 317 116 413 317
31 389 317 413 317 76 116 104 317 76 116 413 317 296 413 317 401 104 413 317
413 317 296 413 317 401 104 413 317 401 104 413 317 116 413 317 296 413 317 116
156 389 389 317 104 317 76 116 104 317 76 116 104 317 296 104 317 401 104 104
104 317 296 104 317 116 104 104 317 116 104 104 317 116 104 104 317 116 104 104
116 389 389 156 76 116 76 469 156 389 389 389 317 413 317 76 116 413 317 76
116 76 469 389 116 413 116 413 156 389 76 389 116 413 317 76 116 413 317 76
413 317 76 116 104 317 76 116 413 317 296 413 317 401 104 413 317 401 104 104
401 104 413 317 389 401 104 413 317 116 413 317 296 413 317 116 413 413 317 116
296 413 317 401 104 413 317 401 104 413 317 401 413 317 296 413 317 116 413 413
104 413 317 401 104 413 317 317 413 317 296 413 317 401 413 413 317 401 413 413
413 317 76 116 413 317 76 116 413 317 296 413 317 401 413 413 317 116 413 413
116 413 317 296 413 317 116 413 413 317 116 413 413 317 116 413 413 317 116 413
317 296 104 317 401 104 104 317 401 104 104 317 116 104 317 296 104 317 116 104
76 116 76 469 156 389 389 389 116 413 317 76 116 413 317 76 116 413 317 296
317 116 413 413 317 116 31 116 31 317 296 104 317 116 413 413 317 116 413 116
156 76 116 76 469 389 116 116 31 31 156 389 389 116 31 116 31 389 317 413
116 104 317 296 104 317 401 104 104 317 401 104 104 317 401 104 317 296 104 317
389 156 389 76 116 76 469 116 116 76 469 156 389 389 389 116 413 317 76 116
156 389 389 317 413 317 413 116 413 76 116 317 413 317 296 413 317 401 104 413
217 317 217 317 217 317 217 116 217 317 76 217 317 401 217 217 317 401 217 217
413 317 116 104 116 413 116 31 317 296 104 317 116 413 413 317 76 31 116 413
104 104 317 116 104 317 296 104 317 116 413 104 317 116 413 413 317 116 413 413
401 104 413 317 317 413 317 296 413 317 116 413 413 317 116 413 104 317 401 413
389 156 389 116 116 76 469 156 389 389 116 413 317 76 116 413 317 76 116 413
389 76 116 76 469 389 116 413 317 76 116 104 317 76 116 104 317 296 104 317
116 413 317 76 116 413 317 296 413 317 401 104 413 317 401 104 413 317 401 413
413 317 296 413 317 401 104 413 317 401 104 413 317 116 413 317 296 413 317 116
317 76 116 413 317 76 116 413 317 296 413 317 401 104 413 317 389 401 104 413
317 116 413 317 296 413 317 116 413 413 317 116 413 413 317 116 413 413 317 116
401 413 413 317 116 413 317 296 413 317 116 413 413 317 116 413 413 317 116 413
317 401 217 217 317 116 217 317 217 217 317 116 217 217 317 116 217 217 317 116
317 76 116 413 317 296 413 317 401 104 413 317 401 413 413 317 116 413 317 296
217 317 116 217 317 217 217 317 116 217 217 317 116 217 217 317 116 217 217 317
116 76 469 389 156 389 389 116 413 317 413 116 413 76 116 116 413 317 296 413
76 116 413 317 296 413 317 401 104 413 317 116 413 116 31 401 104 413 317 317
389 31 156 401 104 413 116 116 413 116 31 116 296 413 116 156 389 116 413 413
76 469 389 116 413 317 76 116 104 317 76 116 413 317 296 104 317 401 104 413
389 389 156 76 116 76 469 156 389 389 389 317 413 317 76 116 413 317 76 116
317 401 104 104 317 401 104 104 317 116 104 317 296 104 317 116 104 104 317 116
317 116 217 317 296 217 317 116 217 217 317 116 217 217 317 116 217 217 317 401
389 156 116 116 76 469 156 389 389 389 116 413 317 76 116 413 317 76 116 413
413 116 31 116 296 413 116 156 389 116 413 413 317 116 116 116 296 413 116 116
317 401 104 413 317 401 104 413 317 317 413 317 296 413 317 401 413 413 317 401
389 116 413 317 76 116 413 317 76 116 413 317 296 413 317 401 104 413 317 116
413 317 116 413 317 296 413 317 116 413 413 317 116 413 413 317 116 413 104 317
389 389 389 116 413 317 76 116 413 317 76 116 413 317 296 413 317 401 413 413
389 156 389 116 116 76 469 116 116 76 469 156 389 389 389 116 413 317 76 116
413 317 296 413 317 401 104 413 317 401 104 413 317 401 413 317 296 413 317 116
389 401 217 317 104 317 217 317 104 116 217 317 296 217 317 401 217 217 317 401
317 401 413 413 317 116 413 413 317 116 413 389 116 413 317 76 116 413 317 76
317 296 413 317 116 413 413 317 116 413 104 317 116 413 413 317 116 413 413 317
104 104 317 116 104 317 296 104 317 116 413 413 317 116 413 413 317 116 413 104
76 116 413 317 76 116 413 317 296 413 317 401 104 413 317 401 104 413 317 401
389 104 317 116 104 317 296 104 317 116 104 104 317 116 104 104 317 116 104 104
389 389 156 116 116 76 469 156 389 389 389 116 413 317 76 116 413 317 76 116
389 389 389 116 413 317 76 116 104 317 76 116 104 317 296 413 317 401 104 413
116 217 317 217 217 317 401 217 217 317 401 217 217 317 116 217 317 217 217 317
317 413 317 76 116 413 317 76 116 413 317 296 413 317 401 104 413 317 401 104
317 76 116 413 317 76 116 413 317 296 413 317 401 413 413 317 116 413 413 317
469 156 389 389 317 104 317 76 116 104 317 76 116 104 317 296 104 317 401 104
389 401 217 317 104 317 217 317 104 116 217 317 296 217 317 401 217 217 317 401
389 156 116 116 76 469 156 389 389 389 116 413 317 76 116 413 317 76 116 104
116 104 317 296 104 317 401 104 104 317 401 104 389 104 317 116 104 317 296 104
317 76 116 104 317 76 116 413 317 296 413 317 401 104 413 317 116 413 116 31
156 389 389 76 389 116 413 317 76 116 413 317 76 116 413 317 296 413 317 401
413 317 296 413 317 401 104 413 317 389 401 104 413 317 116 413 317 296 413 317
317 401 104 413 317 389 401 104 413 317 317 413 317 296 413 317 116 413 413 317
116 76 469 156 389 389 116 413 317 76 116 413 317 76 116 413 317 296 413 317
469 156 389 389 389 116 413 317 76 116 413 317 76 116 413 317 296 413 317 401
116 76 469 156 389 389 389 116 413 317 76 116 413 317 76 116 413 317 296 413
76 116 76 469 116 116 76 469 156 389 389 389 317 104 317 104 116 104 317 104
156 389 116 116 76 469 156 389 389 389 116 413 317 76 116 413 317 76 116 413
76 469 156 389 389 317 104 317 76 116 104 317 76 116 104 317 296 104 317 401
116 413 76 116 116 413 317 296 413 317 401 104 413 317 401 104 413 317 116 413
317 76 116 413 317 76 116 413 317 296 413 317 401 413 413 317 401 104 413 317
76 116 413 317 296 413 317 401 104 413 317 116 413 116 31 401 104 413 317 317
156 76 116 76 469 156 389 389 389 116 413 317 76 116 413 317 76 116 413 317
104 317 296 104 317 401 104 104 317 401 104 104 317 116 104 317 296 104 317 116
104 317 116 104 317 296 104 317 116 104 104 317 116 104 104 317 116 104 104 317
469 156 389 389 116 413 317 76 116 413 317 76 116 413 317 296 413 317 401 413
469 156 389 389 317 104 317 76 116 104 317 76 116 104 317 296 104 317 401 104
104 317 401 104 104 317 401 104 104 317 116 104 317 296 104 317 116 104 104 317
317 296 413 317 116 413 413 317 116 413 104 317 116 413 413 317 116 413 413 317
116 76 469 116 116 76 469 156 389 389 389 116 413 317 76 116 104 317 76 116
104 104 317 401 104 389 104 317 116 104 317 296 104 317 116 104 104 317 116 104
413 317 76 116 413 317 76 116 413 317 296 413 317 401 413 413 317 401 413 413
389 156 389 389 317 413 317 413 116 413 76 116 317 413 317 296 413 317 401 104
413 317 76 116 413 317 76 116 413 317 296 413 317 401 104 413 317 401 104 413
413 317 401 104 413 317 401 104 104 317 116 104 317 296 104 317 116 413 104 317
156 389 389 389 116 413 317 76 116 413 317 76 116 413 317 296 413 317 401 413
104 317 401 104 317 296 104 317 116 104 104 317 116 413 104 317 116 104 104 317
116 389 389 156 116 116 76 469 116 116 76 469 156 389 76 389 116 413 317 389
104 413 317 401 104 413 317 116 413 317 296 413 317 116 413 413 317 116 413 413
317 296 413 317 401 104 413 317 401 104 413 317 317 413 317 296 413 317 401 413
217 317 296 217 317 401 217 217 317 401 217 217 317 116 217 317 296 217 317 116
317 296 413 317 401 104 413 317 156 389 389 401 104 413 317 116 413 317 296 413
217 317 76 116 217 317 296 217 317 401 217 217 317 401 217 217 317 116 217 317
389 116 413 317 76 116 413 317 76 116 413 317 296 413 317 401 104 413 317 389
413 389 116 413 317 76 116 413 317 76 116 413 317 296 413 317 401 413 413 317
389 401 217 317 104 317 217 317 104 116 217 317 296 217 317 401 217 217 317 401
413 317 296 413 317 116 413 413 317 116 413 413 317 116 413 413 317 116 413 413
317 296 413 317 401 104 413 317 116 31 116 31 401 104 413 317 317 413 156 389
317 317 413 156 389 317 296 413 317 116 413 413 317 116 31 116 31 317 296 413
296 413 317 401 104 413 317 401 104 413 317 401 413 317 296 413 317 116 413 413
389 116 413 317 76 116 413 317 76 116 413 317 296 413 317 401 104 413 317 389
317 296 104 317 401 104 104 317 401 104 389 104 317 116 104 317 296 104 317 116
116 76 469 156 389 389 389 116 413 317 76 116 413 317 76 116 104 317 296 104
317 296 413 317 401 104 413 317 401 104 413 317 116 413 317 296 413 317 116 413
317 401 217 217 317 401 217 217 317 116 217 317 296 217 317 116 217 217 317 116
104 317 401 104 104 317 116 104 317 296 104 317 116 104 104 317 116 104 104 317
116 413 317 76 116 413 317 76 116 413 317 296 413 317 401 104 413 317 116 413
389 156 116 116 76 469 116 116 76 469 156 389 76 389 116 413 116 389 76 116
317 76 116 413 317 296 413 317 401 104 413 317 401 104 413 317 116 413 317 296
116 76 469 156 389 389 389 116 413 317 76 116 413 317 76 116 413 317 296 413
296 104 317 401 104 104 317 401 104 389 104 317 116 104 317 296 104 317 116 104
156 389 389 389 116 104 317 76 116 413 317 76 116 104 317 296 104 317 401 104
116 104 317 296 104 317 401 104 104 317 401 104 389 104 317 116 104 317 296 104
389 389 156 116 116 76 469 389 156 389 389 317 413 317 413 116 413 76 116 317
317 76 116 413 317 296 104 317 401 104 413 317 156 389 389 401 104 104 317 116
317 401 104 413 317 389 401 104 413 317 317 413 317 296 413 317 116 413 413 317
116 413 317 76 116 413 317 296 413 317 401 104 413 317 401 104 413 317 401 413
116 116 76 469 116 116 76 469 156 389 389 389 116 413 317 76 116 413 317 76
76 469 156 389 76 389 116 413 116 389 76 116 413 116 76 116 413 116 296 413
389 156 76 116 76 469 116 116 76 469 156 389 389 389 317 104 317 104 116 104
317 296 104 317 401 104 104 317 401 104 104 317 116 104 317 296 104 317 116 104
76 469 389 116 116 31 31 156 389 389 116 31 116 31 389 317 413 317 76 116
116 116 76 469 156 389 389 389 116 413 317 76 116 413 317 76 116 413 317 296
104 317 76 116 104 317 296 104 317 401 104 104 317 401 104 104 317 116 104 317
76 469 156 389 76 389 116 413 116 389 76 116 413 116 76 116 413 116 296 413
401 104 413 317 401 104 413 317 116 413 317 296 413 317 116 413 413 317 116 413
217 217 317 116 217 317 217 217 317 116 217 217 317 116 217 217 317 116 217 217
317 296 413 317 116 413 413 317 116 413 104 317 116 413 104 317 116 413 104 317
317 76 116 104 317 76 116 413 317 296 413 317 401 104 413 317 116 413 116 31
389 317 413 317 76 116 413 317 76 116 413 317 296 413 317 401 104 413 317 401
413 317 296 413 317 401 104 413 317 401 104 413 317 116 413 317 296 413 317 116
217 317 76 116 217 317 76 116 217 317 296 217 317 401 217 217 317 401 217 217
317 116 413 317 296 413 317 116 413 413 317 116 413 413 317 116 413 413 317 116
413 317 76 116 104 317 76 116 413 317 296 413 317 401 104 413 317 401 104 104
317 401 217 217 317 116 217 317 217 217 317 116 217 217 317 116 217 217 317 116
317 116 104 317 296 413 317 116 413 104 317 116 413 104 317 116 413 104 317 116
389 156 76 116 76 469 389 116 116 31 31 156 389 389 116 31 116 31 389 317
413 317 401 413 413 317 401 413 413 317 116 413 317 296 413 317 116 413 413 317
116 389 156 389 76 116 76 469 389 116 413 116 413 156 389 76 389 116 413 317
156 389 389 76 389 116 413 317 76 116 413 317 76 116 413 317 296 413 317 401
296 413 116 156 389 116 413 413 317 116 116 116 296 413 116 116 116 116 296 413
116 116 76 469 156 389 389 389 116 413 317 76 116 413 317 76 116 413 317 296
401 104 413 317 401 104 413 317 116 413 317 296 413 317 116 413 413 317 116 413
104 413 317 401 413 317 296 413 317 116 413 413 317 116 413 413 317 116 413 413
389 389 116 413 317 76 116 413 317 76 116 413 317 296 413 317 401 104 413 317
413 317 296 413 317 401 104 413 317 389 401 104 413 317 116 413 116 413 116 413
317 401 104 413 317 401 413 317 296 413 317 116 413 413 317 116 413 104 317 116
389 317 413 317 76 116 104 317 76 116 413 317 296 413 317 401 104 413 317 116
389 389 389 116 413 317 76 116 413 317 76 116 104 317 296 104 317 401 104 104
401 104 413 317 317 413 317 296 413 317 116 413 413 317 116 413 104 317 401 413
104 413 317 156 389 389 401 104 413 317 116 413 317 296 413 317 116 413 413 317
413 317 76 116 413 317 76 116 413 317 296 413 317 401 413 413 317 401 104 413
317 401 104 413 317 116 413 116 413 401 104 413 317 116 413 317 296 413 317 116
317 401 104 413 317 401 413 317 296 413 317 116 413 413 317 116 413 104 317 116
104 413 317 401 104 104 317 116 104 317 296 104 317 116 413 104 317 116 413 413
413 317 401 104 413 317 401 104 413 317 116 413 317 296 413 317 116 413 413 317
389 76 389 116 413 116 389 76 116 104 116 76 116 413 116 296 413 116 401 104
413 317 76 116 413 317 76 116 413 317 116 413 413 317 401 104 413 317 401 104
317 413 317 413 116 413 76 116 116 413 317 296 413 317 401 104 413 317 401 104
104 413 317 401 104 104 317 317 104 317 296 104 317 116 413 104 317 116 104 104
156 389 389 116 413 317 76 116 413 317 76 116 413 317 296 413 317 401 413 413
116 413 317 296 104 317 401 104 413 317 156 389 389 401 104 413 317 116 104 317
317 317 104 413 317 116 31 116 31 401 104 413 317 317 413 156 389 317 296 413
317 296 413 317 401 104 413 317 401 104 413 317 317 413 317 296 413 317 401 413
317 76 116 413 317 76 116 413 317 296 413 317 401 413 413 317 401 104 413 317
389 116 413 317 76 116 413 317 76 116 413 317 296 413 317 401 104 413 317 401
413 317 401 104 413 317 401 104 413 317 401 413 317 296 413 317 116 413 413 317
104 413 317 317 413 317 296 413 317 116 413 413 317 116 413 413 317 401 413 413
317 296 413 317 116 413 413 317 116 31 116 31 317 296 104 317 116 413 413 317
317 401 104 413 317 389 401 104 413 317 116 104 116 413 116 413 317 296 413 317
116 104 317 76 116 104 317 296 104 317 401 104 104 317 401 104 104 317 116 104
389 389 389 116 413 317 76 116 413 317 76 116 413 317 296 413 317 401 413 413
104 317 76 116 104 317 296 104 317 401 104 104 317 401 104 389 104 317 401 104
413 317 296 413 317 116 413 413 317 116 413 413 317 116 413 413 317 116 413 413
389 389 389 116 413 317 76 116 413 317 76 116 413 317 296 413 317 401 104 413
116 413 317 76 116 413 317 296 413 317 401 104 413 317 116 116 116 413 401 104
389 156 389 116 116 76 469 116 116 76 469 156 389 389 389 116 413 317 76 116
116 389 389 389 156 76 116 76 469 389 116 116 31 31 156 389 389 116 31 116
317 116 413 317 296 413 317 116 413 413 317 116 413 104 317 116 413 413 317 116
156 389 317 296 413 317 116 413 413 317 116 31 116 31 317 296 413 317 116 413
116 104 317 296 104 317 401 104 104 317 401 104 389 104 317 116 104 317 296 104
156 389 389 317 104 317 104 317 217 317 104 317 217 317 104 104 317 401 217 217
413 317 401 413 413 317 401 413 413 317 116 413 317 296 413 317 116 413 413 317
104 317 296 413 317 401 104 104 317 401 104 104 317 116 104 317 296 104 317 116
116 413 317 76 116 413 317 296 413 317 401 104 413 317 156 389 389 401 104 413
116 104 317 76 116 413 317 296 413 317 401 104 413 317 116 116 116 31 401 104
156 116 116 76 469 156 389 389 389 116 413 317 76 116 413 317 76 116 413 317
116 413 317 76 116 413 317 296 413 317 401 104 413 317 389 401 104 413 317 116
413 317 401 104 413 317 116 413 317 296 413 317 116 413 413 317 116 413 413 317
76 116 413 317 296 413 317 401 104 413 317 401 104 413 317 401 413 317 296 413
116 389 156 389 116 116 76 469 156 389 389 389 116 413 317 76 116 413 317 76
317 401 104 413 317 401 104 413 317 401 413 317 296 413 317 116 413 413 317 116
156 389 389 389 317 104 317 104 317 104 317 104 317 104 317 296 104 317 401 104
401 104 413 317 116 413 317 296 413 317 116 413 413 317 116 413 413 317 116 413
413 389 116 413 317 76 116 413 317 76 116 413 317 296 413 317 401 413 413 317
413 116 31 116 296 413 116 156 389 116 413 413 317 116 116 116 296 413 116 116
413 317 76 116 413 317 296 413 317 401 104 413 317 401 104 413 317 116 413 317
389 389 389 116 413 317 76 116 413 317 76 116 413 317 116 413 413 317 401 104
116 389 156 389 116 116 76 469 156 389 389 116 413 317 76 116 413 317 76 116
317 401 104 413 317 401 104 413 317 116 413 317 296 413 317 116 413 413 317 116
116 76 469 156 389 76 389 116 413 116 389 76 116 413 116 76 116 413 116 296
389 401 104 413 317 116 413 116 413 116 413 317 296 413 317 116 413 413 317 76
296 413 317 116 413 413 317 116 413 116 31 317 296 413 317 116 413 116 413 317
413 317 116 413 317 296 413 317 116 413 413 317 116 413 413 317 116 413 413 317
116 76 469 156 389 389 389 116 413 317 76 116 413 317 76 116 413 317 116 413
389 389 116 413 317 76 116 413 317 76 116 413 317 296 413 317 401 104 413 317
116 116 76 469 156 389 389 389 116 413 317 76 116 413 317 76 116 413 317 296
317 116 413 413 317 116 413 389 116 413 317 76 116 413 317 76 116 413 317 296
413 317 76 116 413 317 296 413 317 401 104 413 317 401 413 413 317 116 413 317
104 413 317 116 413 317 296 413 317 116 413 413 317 116 413 413 317 116 413 413
389 156 116 116 76 469 156 389 389 389 116 413 317 76 116 413 317 76 116 413
156 389 76 116 76 469 389 116 413 317 76 116 413 317 76 116 413 317 296 104
413 317 116 413 413 317 116 413 389 116 413 317 76 116 413 317 76 116 413 317
401 413 413 317 116 413 413 317 116 413 389 116 413 317 76 116 413 317 76 116
296 413 317 401 104 413 317 401 104 413 317 401 413 317 296 413 317 116 413 413
104 413 317 389 401 104 413 317 116 413 116 413 116 413 317 296 413 317 116 413
413 317 401 104 413 317 389 401 104 413 317 317 413 317 296 413 317 116 413 413
116 413 317 296 413 317 116 413 413 317 116 413 116 31 317 296 413 317 116 413
116 389 389 156 116 116 76 469 389 156 389 389 317 413 317 413 116 413 76 116
116 389 389 156 116 116 76 469 156 389 389 389 116 413 317 76 116 413 317 76
317 401 104 413 317 389 401 104 413 317 116 104 116 413 116 413 317 296 413 317
389 156 389 76 116 76 469 389 116 413 116 413 156 389 76 389 116 413 317 76
116 413 317 296 413 317 401 104 413 317 401 104 413 317 401 413 317 296 413 317
413 317 76 116 413 317 76 116 413 317 296 413 317 401 104 413 317 389 401 104
317 296 104 317 116 104 104 317 116 104 104 317 116 104 104 317 116 104 104 317
116 413 76 116 116 413 317 296 413 317 401 104 413 317 401 104 413 317 116 413
413 317 76 116 413 317 413 116 413 317 296 413 317 401 104 413 317 389 401 104
76 116 413 317 296 413 317 401 413 413 317 401 413 413 317 116 413 317 296 413
401 104 413 317 401 104 413 317 116 413 317 296 413 317 116 413 413 317 116 413
116 389 389 389 156 76 116 76 469 389 116 116 31 31 156 389 389 116 31 116
413 317 116 31 116 31 401 104 413 317 317 413 156 389 317 296 413 317 116 413
317 76 116 413 317 76 116 413 317 296 413 317 401 104 413 317 389 401 104 413
317 116 413 317 296 413 317 116 413 413 317 116 413 104 317 116 413 413 317 116
217 116 217 317 217 217 317 401 217 217 317 401 217 217 317 116 217 317 296 217
317 76 116 413 317 296 413 317 401 104 413 317 389 401 104 413 317 116 104 116
413 317 389 401 104 413 317 116 413 116 413 116 413 317 296 413 317 116 413 413
31 156 401 104 413 116 116 413 116 31 116 296 413 116 156 389 116 413 413 317
413 317 116 31 116 31 401 104 413 317 317 413 156 389 317 296 413 317 116 413
116 76 469 116 116 76 469 156 389 76 389 116 413 116 389 76 116 104 317 76
76 469 116 116 76 469 156 389 76 389 116 413 116 389 76 116 104 317 76 116
116 76 469 156 389 389 317 104 317 104 317 104 317 104 317 104 317 104 104 317
116 413 317 76 116 413 317 76 116 413 317 296 413 317 401 104 413 317 116 413
116 116 156 389 116 76 469 156 389 389 317 104 317 104 317 104 317 104 116 104
156 389 76 389 116 413 116 389 76 116 104 116 76 116 104 116 296 413 116 401
389 76 389 116 413 317 76 116 413 317 76 116 413 317 296 413 317 401 104 413
389 389 389 116 413 317 76 116 413 317 76 116 413 317 296 413 317 401 104 413
389 76 116 76 469 389 116 413 317 76 116 104 317 76 116 104 317 296 104 317
217 317 76 116 217 317 76 116 217 317 296 217 317 401 217 217 317 401 217 217
413 317 116 413 116 413 401 104 413 317 116 413 317 296 413 317 116 413 413 317
389 317 104 317 76 116 104 317 76 116 104 317 296 104 317 401 104 104 317 401
317 76 116 413 317 296 413 317 401 104 413 317 401 104 413 317 401 413 317 296
116 76 469 156 389 389 389 116 413 317 76 116 413 317 76 116 413 317 296 413
156 401 104 413 116 116 413 116 31 116 296 413 116 156 389 116 413 413 317 116
469 156 389 389 389 116 413 317 76 116 104 317 76 116 104 317 296 104 317 401
317 401 104 413 317 116 413 317 296 413 317 116 413 413 317 116 413 413 317 116
76 469 389 116 413 317 76 116 104 317 76 116 413 317 296 104 317 401 104 413
156 389 389 401 104 413 317 116 413 317 296 413 317 116 413 413 317 116 413 413
413 317 296 413 317 116 413 413 317 116 413 116 31 317 296 413 317 116 413 116
116 76 469 116 116 76 469 156 389 76 389 116 413 116 389 76 116 104 317 76
401 104 413 317 401 104 413 317 116 413 317 296 413 317 116 413 413 317 116 413
156 116 116 76 469 116 116 76 469 156 389 76 389 116 413 116 389 76 116 413
389 389 116 413 317 76 116 413 317 76 116 413 317 296 413 317 401 104 413 317
413 317 76 116 413 317 76 116 413 317 296 413 317 401 104 413 317 389 401 104
116 413 317 296 413 317 401 413 413 317 401 104 413 317 116 413 317 296 413 317
104 317 76 116 104 317 76 116 104 317 296 104 317 401 104 104 317 401 104 389
389 156 389 389 76 389 116 413 317 76 116 413 317 76 116 413 317 296 413 317
469 156 389 389 317 104 317 104 317 217 317 104 317 217 317 104 104 317 401 217
156 116 116 76 469 156 389 389 389 116 413 317 76 116 413 317 76 116 413 317
401 104 413 317 116 413 317 296 413 317 116 413 413 317 116 413 116 31 317 296
296 413 317 401 104 413 317 401 104 104 317 116 104 317 296 104 317 116 413 104
389 389 389 317 413 317 76 116 413 317 76 116 413 317 296 413 317 401 104 413
104 413 317 401 104 104 317 317 104 317 296 104 317 116 413 104 317 116 104 104
413 116 413 317 296 413 317 401 104 413 317 401 104 104 317 116 104 317 296 104
317 401 104 413 317 401 104 413 317 317 413 317 296 413 317 401 413 413 317 401
389 116 413 116 389 76 116 413 116 76 116 104 116 296 413 116 401 104 104 116
104 413 317 401 104 104 317 116 104 317 296 104 317 116 413 104 317 116 413 413
104 413 317 116 413 317 296 413 317 116 413 413 317 116 413 413 317 116 413 413
317 76 116 104 317 76 116 104 317 296 104 317 401 104 104 317 401 104 104 317
76 116 413 317 76 116 413 317 296 413 317 401 104 413 317 401 104 413 317 116
317 401 104 104 317 116 104 317 296 104 317 116 413 104 317 116 104 104 317 116
317 76 116 413 317 76 116 413 317 296 413 317 401 104 413 317 116 413 116 413
156 389 116 116 76 469 116 116 76 469 156 389 389 389 116 413 317 76 116 413
104 413 317 116 413 317 296 413 317 116 413 413 317 116 413 104 317 116 413 413
401 104 413 317 116 413 317 296 413 317 116 413 413 317 116 413 413 317 116 413
76 389 116 413 116 389 76 116 413 116 76 116 413 116 296 413 116 401 104 413
317 116 413 317 296 413 317 116 413 413 317 116 413 413 317 116 413 104 317 116
389 156 389 76 116 76 469 116 116 76 469 156 389 389 389 116 413 317 76 116
116 31 116 31 389 317 413 317 76 116 104 317 76 116 413 317 296 413 317 401
116 413 317 76 116 413 317 76 116 413 317 296 413 317 401 413 413 317 116 413
389 116 116 76 469 116 116 76 469 156 389 389 389 116 413 317 76 116 413 317
413 317 76 116 413 317 76 116 413 317 296 413 317 401 104 413 317 401 104 413
296 413 317 401 104 413 317 389 401 104 413 317 116 413 116 413 116 413 317 296
389 389 156 116 116 76 469 156 389 389 389 116 413 317 76 116 413 317 76 116
104 317 116 104 317 296 104 317 116 413 104 317 116 413 413 317 116 413 413 317
104 413 317 116 413 317 296 413 317 116 413 413 317 116 413 104 317 116 413 413
116 76 469 156 389 389 389 116 413 317 76 116 413 317 76 116 413 317 296 413
116 104 317 413 116 413 317 296 413 317 401 104 104 317 401 104 104 317 116 104
401 104 104 317 116 104 116 413 116 31 317 296 104 317 116 413 413 317 76 31
389 401 217 317 104 317 217 317 104 116 217 317 296 217 317 401 217 217 317 401
116 217 317 296 217 317 116 413 217 317 116 413 217 317 116 104 217 317 401 413
401 104 104 317 401 104 104 317 401 104 317 296 104 317 116 104 104 317 116 104
413 317 401 104 413 317 401 413 413 317 116 413 317 296 413 317 116 413 413 317
156 389 389 389 116 413 317 76 116 104 317 76 116 104 317 296 104 317 401 104
413 413 317 116 413 317 296 413 317 116 413 413 317 156 389 116 413 413 317 116
217 217 317 116 217 317 217 217 317 116 217 217 317 116 217 217 317 116 217 217
104 317 76 116 104 317 296 104 317 401 104 104 317 401 104 389 104 317 401 104
413 116 389 76 116 413 116 76 116 413 116 296 413 116 401 104 104 116 116 389
76 116 413 317 296 413 317 401 104 413 317 116 413 116 31 401 104 413 317 317
413 317 116 413 317 296 413 317 116 413 413 317 116 413 104 317 116 413 413 317
317 401 104 104 317 401 104 317 296 104 317 116 104 104 317 116 104 104 317 116
76 116 76 469 389 116 413 317 76 116 104 317 76 116 104 317 296 104 317 401
217 217 317 116 217 317 296 104 317 116 413 217 317 116 413 217 317 116 413 217
116 389 156 389 76 116 76 469 389 116 413 116 413 156 389 76 389 116 413 317
296 413 317 401 413 413 317 401 413 413 317 317 413 317 296 413 317 116 413 413
116 389 156 389 116 116 76 469 156 389 389 389 116 413 317 76 116 413 317 76
401 413 413 317 401 413 413 317 317 413 317 296 413 317 116 413 413 317 156 389
413 317 296 413 317 401 413 413 317 401 104 413 317 116 413 317 296 413 317 116
156 116 116 76 469 156 389 389 389 116 413 317 76 116 413 317 76 116 104 317
104 104 317 401 104 104 317 116 104 317 296 104 317 116 104 104 317 116 104 104
389 156 116 116 76 469 156 389 389 389 116 413 317 76 116 413 317 76 116 104
104 317 296 104 317 401 104 104 317 401 104 104 317 401 104 317 296 104 317 116
116 116 76 469 156 389 389 389 116 413 317 76 116 413 317 76 116 413 317 296
401 104 413 317 401 104 413 317 116 413 317 296 413 317 116 413 413 317 116 413
413 317 401 104 413 317 317 413 317 296 413 317 116 413 413 317 401 413 104 317
317 296 413 317 116 413 413 317 116 413 116 31 317 296 413 317 116 413 116 413
156 389 389 116 31 116 31 389 317 413 317 76 116 413 317 76 116 413 317 296
389 389 317 413 317 76 116 413 317 76 116 413 317 296 413 317 401 104 413 317
317 296 104 317 401 104 413 317 401 104 104 317 401 104 317 296 104 317 116 104
217 217 317 116 217 317 217 217 317 116 217 217 317 116 217 217 317 116 217 217
116 413 317 76 116 413 317 296 413 317 401 104 413 317 401 104 413 317 401 413
401 413 413 317 116 413 413 317 116 413 389 116 413 317 76 116 413 317 76 116
413 317 76 116 413 317 76 116 413 317 296 413 317 401 104 413 317 401 104 413
389 116 413 116 413 156 389 76 389 116 413 317 76 116 413 317 76 116 413 317
389 401 104 413 317 116 413 317 296 413 317 116 413 413 317 116 413 413 317 116
76 469 156 389 389 389 116 413 317 76 116 413 317 76 116 413 317 296 413 317
469 156 389 156 389 389 76 389 116 413 317 76 116 413 317 76 116 413 317 296
76 116 413 317 76 116 413 317 296 413 317 401 104 413 317 401 104 413 317 401
317 76 116 413 317 296 413 317 401 104 413 317 116 413 116 31 401 104 413 317
116 104 317 413 116 413 317 296 413 317 401 104 104 317 401 104 104 317 116 104
76 116 413 317 296 413 317 401 104 413 317 116 413 116 413 401 104 413 317 116
104 317 401 104 104 317 401 104 389 104 317 317 104 317 296 104 317 116 104 104
401 413 413 317 401 413 413 317 317 413 317 296 413 317 116 413 413 317 156 389
389 389 156 76 116 76 469 116 116 76 469 156 389 389 389 317 104 317 104 116
116 116 76 469 156 389 389 389 116 413 317 76 116 413 317 76 116 413 317 296
296 413 317 401 413 413 317 116 413 413 317 116 413 389 116 413 317 76 116 413
104 413 317 401 104 413 317 116 413 317 296 413 317 116 413 413 317 116 413 413
413 317 76 116 413 317 296 413 317 401 104 413 317 116 413 116 413 401 104 413
317 116 104 116 31 116 31 317 296 104 317 116 413 413 317 76 31 116 413 317
317 401 104 413 317 116 413 317 296 413 317 116 413 413 317 116 413 104 317 116
104 317 76 116 413 317 296 413 317 317 104 413 317 116 413 116 31 401 104 413
317 76 116 104 317 76 116 104 317 296 104 317 401 104 104 317 401 104 104 317
317 116 413 317 296 413 317 116 413 413 317 156 389 116 413 413 317 116 413 413
317 116 31 116 31 401 104 413 317 317 413 156 389 317 296 413 317 116 413 413
104 413 317 389 401 104 413 317 116 413 116 413 116 413 317 296 413 317 116 413
317 76 116 104 317 296 104 317 401 104 104 317 401 104 389 104 317 116 104 317
389 156 116 116 76 469 156 389 389 389 116 413 317 76 116 413 317 76 116 413
389 389 76 389 116 413 317 76 116 413 317 76 116 413 317 296 413 317 401 104
104 104 317 116 104 317 296 104 317 116 104 104 317 116 104 104 317 116 104 104
156 389 389 389 116 104 317 76 116 413 317 76 116 104 317 296 104 317 401 104
317 401 104 413 317 116 413 317 296 413 317 116 413 413 317 116 413 104 317 116
401 217 317 76 116 217 317 76 116 217 317 296 217 317 401 217 217 317 401 217
317 217 317 217 317 217 116 217 317 76 217 317 401 217 217 317 401 217 217 317
217 116 217 317 217 217 317 401 217 217 317 401 217 217 317 116 217 317 296 217
389 156 389 116 116 76 469 156 389 389 317 104 317 76 116 104 317 76 116 104
116 104 317 76 116 104 317 296 104 317 401 104 104 317 401 104 104 317 401 104
389 389 156 116 116 76 469 156 389 389 389 116 413 317 76 116 413 317 76 116
401 104 413 317 116 413 317 296 413 317 116 413 413 317 116 413 116 31 317 296
116 76 469 116 116 76 469 156 389 389 389 116 413 317 76 116 413 317 76 116
413 116 413 317 296 413 317 401 413 413 317 401 413 413 317 116 413 317 296 413
76 116 217 317 296 217 317 401 217 217 317 401 217 217 317 116 217 317 296 217
116 156 389 116 76 469 156 389 389 317 104 317 104 317 104 317 104 116 104 317
116 104 317 296 104 317 401 104 104 317 401 104 104 317 401 104 317 296 104 317
296 413 317 401 413 413 317 401 413 413 317 116 413 317 296 413 317 116 413 413
217 217 317 116 217 317 217 217 317 116 217 217 317 116 217 217 317 116 217 217
389 156 116 116 76 469 156 389 389 389 116 413 317 76 116 413 317 76 116 413
389 76 116 76 469 389 116 413 116 413 156 389 76 389 116 413 317 76 116 413
389 389 389 116 413 317 76 116 104 317 76 116 104 317 296 413 317 401 104 413
317 76 116 413 317 76 116 413 317 296 413 317 401 104 413 317 116 413 116 413
413 317 296 413 317 401 104 413 317 401 104 413 317 116 413 317 296 413 317 116
389 156 76 116 76 469 116 116 76 469 156 389 389 389 317 104 317 104 116 104
413 317 296 413 317 116 413 413 317 116 413 413 317 116 413 104 317 116 413 413
116 116 76 469 389 156 389 389 116 413 317 413 116 413 76 116 116 413 317 296
31 389 317 413 317 76 116 104 317 76 116 413 317 296 413 317 401 104 413 317
317 116 413 413 317 116 413 389 116 413 317 76 116 413 317 76 116 413 317 296
389 413 389 156 76 116 76 469 389 116 116 31 31 156 389 389 116 31 116 31
389 156 389 116 76 469 389 156 389 389 317 413 317 413 116 413 76 116 317 413
317 413 317 76 116 413 317 76 116 413 317 296 413 317 401 104 413 317 401 104
317 296 413 116 401 104 413 317 116 389 31 156 401 104 104 116 116 104 116 31
317 413 116 413 317 296 413 317 401 104 413 317 389 401 104 413 317 116 413 317
116 413 317 76 116 413 317 76 116 413 317 296 413 317 401 104 413 317 116 413
413 317 401 104 413 317 401 104 413 317 317 413 317 296 413 317 401 413 413 317
104 317 296 413 116 401 104 413 317 116 389 31 156 401 104 104 116 116 104 116
389 389 389 116 413 317 76 116 413 317 76 116 413 317 116 413 413 317 401 104
104 317 401 104 104 317 116 104 317 296 104 317 116 413 104 317 116 413 413 317
116 104 317 296 413 317 116 413 413 317 116 413 104 317 116 413 413 317 116 413
296 413 317 401 413 413 317 116 413 413 317 116 413 389 116 413 317 76 116 413
76 116 413 317 76 116 413 317 296 413 317 401 104 413 317 401 104 413 317 401
156 389 389 401 104 413 317 116 413 317 296 413 317 116 413 413 317 116 413 413
76 116 104 116 296 413 116 401 104 104 317 116 389 31 156 401 104 104 116 116
413 317 76 116 413 317 296 413 317 401 104 413 317 401 104 413 317 401 413 317
116 413 413 317 116 413 389 116 413 317 76 116 413 317 76 116 413 317 296 413
116 217 317 296 217 317 401 217 217 317 401 217 217 317 116 217 317 296 217 317
116 116 76 469 156 389 389 116 413 317 76 116 413 317 76 116 413 317 296 413
76 116 104 317 76 116 104 317 296 413 317 401 104 104 317 401 104 104 317 116
116 116 76 469 156 389 76 389 116 413 116 389 76 116 413 116 76 116 104 116
413 389 116 413 317 76 116 413 317 76 116 413 317 296 413 317 401 413 413 317
76 116 104 317 76 116 104 317 296 104 317 401 104 104 317 401 104 104 317 116
156 116 116 76 469 156 389 389 389 116 413 317 76 116 413 317 76 116 413 317
76 469 156 389 76 389 116 413 116 389 76 116 413 116 76 116 413 116 296 413
389 389 116 31 116 31 389 317 413 317 76 116 413 317 76 116 413 317 296 413
76 116 413 317 76 116 413 317 116 413 413 317 401 104 413 317 401 104 413 317
296 413 317 401 104 413 317 401 104 413 317 116 413 317 296 413 317 116 413 413
76 116 76 469 116 116 76 469 156 389 389 389 116 413 317 76 116 104 317 76
116 389 389 156 116 116 76 469 389 156 389 389 317 413 317 413 116 413 76 116
413 317 76 116 104 317 76 116 413 317 296 413 317 401 104 413 317 116 413 116
116 413 317 76 116 413 317 296 413 317 401 104 413 317 401 104 413 317 116 413
389 116 413 317 76 116 413 317 76 116 413 317 116 413 413 317 401 104 413 317
116 413 317 296 413 317 401 104 413 317 389 401 104 413 317 116 104 116 413 116
389 389 389 317 104 317 104 317 104 317 104 317 104 317 296 104 317 401 104 104
317 401 104 413 317 116 104 317 296 413 317 116 413 413 317 116 413 104 317 116
317 116 104 317 296 104 317 116 104 104 317 116 104 104 317 116 104 104 317 116
