536 3289 3289 3289 3289 3201 536 335 3201 477 1656 2935 2935 3201 1656 477 2935 477 1656 2935
210 2935 477 210 477 210 477 1656 477 477 1656 1656 3201 477 210 477 477 1656 2935 1656
3289 3201 1656 536 536 210 536 2039 2039 2039 2039 3201 536 335 3201 477 1656 2935 2935 2935
2935 2935 210 477 210 1656 2935 477 2935 1656 1656 1656 2935 3201 477 210 477 1656 1656 1656
2935 2935 477 210 477 477 210 3201 477 1656 477 477 1656 477 1656 1656 3201 536 335 536
4699 4699 4699 4699 3289 536 2039 3201 477 1656 477 477 2935 1656 477 477 477 1656 477 477
1634 1634 210 3289 3201 536 2039 3201 477 1656 477 477 477 210 477 477 477 1656 477 477
210 2935 210 2935 1656 2935 1656 2935 477 1656 3201 2935 1656 2935 477 1656 1656 1656 3201 1656
4699 1656 536 1656 4699 4699 335 1634 335 335 335 335 1634 1634 335 335 335 335 1634 1634
3289 3289 335 2039 210 2039 335 210 2039 335 210 335 335 210 2039 335 210 1634 1634 1634
2935 210 210 2935 3201 2935 1656 477 1656 1656 2935 1656 2935 1656 2935 2935 1656 477 1656 2935
335 210 335 2039 1656 2039 3201 1656 536 1656 210 536 2039 2039 2039 2039 3201 536 335 3201
317 210 317 210 210 317 210 210 210 1656 536 317 1634 1634 1634 1634 1634 1634 1634 1634
1634 1634 335 335 335 1634 335 335 335 1634 335 1656 2039 3201 1656 536 536 210 536 2039
3201 2935 210 1656 3201 1656 536 536 536 2039 3201 2039 536 536 2039 2039 335 536 2039 3201
2935 2935 210 2935 2935 210 210 1656 2935 3201 477 477 1656 210 2935 1656 1656 3201 1656 1656
4699 4699 317 536 4699 3289 4608 1656 4608 4608 4608 1656 4608 4608 4608 1656 4608 4608 1656 1656
210 477 210 477 1656 477 1656 477 1656 1656 2935 2935 1656 3201 477 1656 477 477 1656 477
2935 477 210 3201 477 1656 2935 1656 1656 1656 1656 3201 1656 1656 536 536 2039 1634 1634 3201
210 3289 2935 210 2935 477 477 1656 2935 1656 2935 477 1656 3201 1656 1656 1656 1656 536 2039
2935 2935 3289 210 2935 2935 477 1656 477 477 210 2039 1656 2935 210 3201 3201 210 477 477
1634 1634 335 335 335 335 335 335 3201 2039 536 1656 3289 2039 1634 1634 335 335 335 1634
2935 2935 210 210 477 477 2935 3201 477 1656 1656 2935 210 3201 1656 477 477 477 210 210
210 3201 1656 210 1656 536 536 2039 1634 1634 1634 3201 2039 536 210 2039 2039 1634 1634 335
210 3289 3289 1634 1634 335 210 2039 335 210 210 2039 335 210 2039 335 210 2039 335 210
210 3201 1656 1656 536 536 2039 1634 1634 3201 2039 536 536 2039 2039 1634 1634 1634 335 210
4699 3289 4608 1656 4608 4608 4608 1656 4608 4608 4608 1656 4608 4608 210 1656 4608 210 3201 4608
536 210 4699 4699 335 1656 2039 3201 1656 536 1656 210 536 2039 2039 2039 2039 3201 536 335
4699 3289 536 3289 3201 477 1656 477 2935 477 1656 477 477 477 1656 477 477 1656 477 3201
210 2935 477 1656 3201 2935 1656 2935 477 1656 1656 1656 3201 1656 1656 1656 536 536 2039 1634
2935 2935 2935 210 2935 2935 1656 2935 3201 210 210 2935 477 210 1656 2935 1656 1656 3201 1656
536 536 4699 317 4699 536 1656 3289 3289 335 1656 2039 3201 1656 536 1656 210 536 2039 2039
3289 210 3289 3289 4608 2935 2935 2935 210 3201 210 210 210 536 2039 1634 1634 1634 1634 1634
210 3201 2935 1656 1656 3201 1656 536 536 536 2039 3201 2039 536 536 2039 2039 335 536 3289
536 536 210 536 3289 3289 2039 3289 3201 536 2039 3201 477 1656 477 477 477 1656 477 477
4699 3289 536 3289 3201 477 1656 477 477 477 1656 2935 477 2935 1656 477 477 1656 477 1656
3289 4699 3289 536 3289 3201 2935 1656 2935 2935 2935 1656 2935 2935 477 1656 477 2935 1656 210
3289 3289 1656 3289 3289 3289 1656 4608 4608 4608 1656 4608 4608 210 4608 3289 1656 210 4608 4608
210 2935 210 210 3201 210 210 210 210 536 536 2039 3201 3289 536 210 3289 2039 335 1656
3289 335 210 2039 335 210 210 2039 335 210 335 335 1656 2039 3201 1656 536 536 210 536
210 210 3289 210 210 210 536 536 3289 1634 1634 1634 3201 3289 1656 536 210 3289 3289 1634
1634 1634 1634 1634 1634 1634 1634 1634 1634 1634 1634 1634 1634 1634 1634 1634 1634 1634 1634 1634
3289 3289 3289 3201 536 3289 3201 477 1656 477 477 2935 3201 1656 477 477 477 1656 477 477
3289 1634 1634 3289 3289 1656 536 210 3289 3289 1634 1634 335 210 2039 335 210 335 2039 2039
4699 1656 536 1656 4699 4699 335 1634 335 335 335 335 1634 1634 335 335 335 335 1634 1634
3289 3201 536 2039 3201 477 1656 477 477 2935 1656 477 477 2935 1656 477 477 1656 1656 210
210 536 536 4699 1634 317 4699 1656 536 1656 4699 4699 335 1634 335 335 335 335 1634 1634
1634 1634 1634 1634 1634 1634 1634 1634 1634 1634 1634 1634 1634 1634 1634 1634 1634 1634 1634 1634
2935 210 477 477 210 210 3201 477 1656 2935 477 1656 2935 1656 2935 1656 3201 477 1656 2935
536 3289 3289 477 1656 2935 477 2935 1656 477 477 2935 1656 2935 477 1656 210 1656 2935 3201
335 335 335 2039 1656 3289 3201 335 1656 536 1656 210 536 2039 2039 2039 2039 3201 536 2039
210 536 210 210 536 3289 2039 2039 2039 3201 536 2039 3201 2935 1656 477 477 2935 1656 2935
2935 210 210 210 2935 3201 477 477 210 210 477 210 210 3201 210 1656 1656 1656 536 536
1634 1634 1634 1634 1634 1634 3201 3201 1634 1634 3201 3201 1634 1634 1634 1634 3201 1634 1634 1634
536 210 3289 3289 1634 1634 335 210 2039 335 210 210 2039 335 210 2039 335 210 2039 335
2935 210 2935 2935 2935 1656 2935 2935 2935 1656 2935 2935 210 210 2935 210 3201 477 2935 210
3289 210 2935 2935 2935 210 210 2039 2039 1656 2935 2935 2935 1656 2935 477 210 2039 1656 2935
3201 3201 3201 3201 3201 1634 1634 1634 1634 335 536 2039 3201 1656 536 536 210 536 2039 3289
1634 1634 1634 1634 1634 1634 1634 1634 1634 1634 1634 1634 1634 1634 1634 1634 1634 1634 1634 1634
210 2935 2935 210 210 210 2935 3201 477 2935 1656 1656 477 477 477 1656 1656 2935 3201 1656
2935 2935 210 477 1656 2935 1656 2935 1656 210 3201 1656 1656 1656 1656 3201 477 477 477 477
210 3289 210 210 1656 1656 3201 2935 2935 477 477 477 210 3201 2935 477 1656 1656 1656 3201
2935 3289 2935 210 2935 2935 210 210 210 3201 210 210 210 536 536 2039 1634 1634 1634 3201
2935 210 210 2935 3201 1656 2935 1656 2935 1656 2935 1656 2935 1656 2935 477 1656 477 1656 3201
335 335 335 335 335 335 1634 335 335 1634 1634 1634 335 335 1634 1634 1634 3201 1634 1634
210 3289 2935 2935 1656 2935 2935 2935 1656 477 2935 1656 1656 1656 2935 3201 2935 477 1656 1656
3289 4699 536 210 3289 3289 335 1656 2039 3201 1656 536 1656 210 536 2039 3289 2039 2039 3201
210 536 536 3289 1634 1634 3201 3289 1656 536 210 2039 2039 1634 1634 335 210 2039 335 210
210 4699 4699 335 335 335 335 335 335 335 1634 335 335 1634 1634 1634 335 335 1634 1634
210 3289 210 335 1634 1634 335 210 2039 3201 210 536 536 335 2039 2039 2039 2935 3201 2039
3289 210 210 3289 3289 210 2039 335 210 2039 335 210 335 335 335 335 335 2039 210 3289
2935 210 1656 2935 2935 2935 1656 2935 2935 3201 1656 2935 1656 2935 1656 477 1656 477 1656 2935
210 536 210 210 536 2039 2039 3289 2039 3201 536 335 3201 477 1656 477 477 477 1656 477
210 2935 2935 2935 1656 1656 2935 3201 1656 2935 1656 2935 477 477 1656 1656 2935 1656 2935 477
210 2935 210 2935 1656 2935 1656 2935 1656 2935 1656 2935 477 477 1656 3201 477 477 1656 2935
2935 210 210 2935 210 2935 2935 1656 1656 2935 3201 477 1656 2935 2935 1656 1656 1656 3201 1656
3201 2935 1656 2935 2935 2935 1656 2935 2935 1656 2935 2935 2935 1656 1656 477 3201 2935 1656 1656
3289 3289 210 536 1656 210 536 2039 2039 2039 3289 3201 536 2039 3201 477 1656 477 477 2935
210 3289 3289 3289 210 1656 3289 4608 1656 1656 4608 1656 4608 1656 4608 4608 210 1656 4608 3289
3201 3201 3201 335 335 335 335 335 1634 1634 1634 1634 335 1656 2039 3201 1656 536 536 210
210 477 1656 477 1656 1656 2935 2935 1656 3201 477 1656 2935 2935 1656 477 477 1656 477 1656
3289 3289 210 3289 335 210 2039 335 210 335 2039 335 210 335 335 210 335 335 2039 1656
3289 210 2039 3201 210 210 210 210 210 3201 2039 3201 335 536 210 2039 2039 210 210 210
2935 2039 210 2039 335 335 210 335 335 335 210 335 3201 210 210 210 210 210 3201 335
1656 2935 2935 2935 1656 477 2935 477 1656 477 2935 1656 2935 3201 1656 1656 477 477 1656 1656
536 210 4699 3289 3289 3289 1634 1634 335 210 3289 335 210 335 3289 2039 335 210 335 335
2935 2935 2935 210 2935 2935 2935 210 2935 2935 1656 1656 210 2935 3201 477 477 1656 1656 477
210 2935 477 2935 1656 210 1656 2935 3201 477 210 2935 1656 1656 1656 210 3201 1656 1656 536
335 335 335 210 210 2935 3201 2935 477 1656 2935 1656 2935 477 1656 477 210 3201 210 477
1634 1634 1634 1634 1634 1634 1634 1634 1634 1634 1634 1634 1634 1634 1634 1634 1634 1634 1634 1634
335 335 335 210 210 335 335 335 335 335 335 335 335 335 1656 2039 3201 335 1656 536
3201 3289 210 477 2935 210 2935 210 210 210 210 536 536 210 536 3201 2039 3289 3289 3289
3289 3289 210 3289 335 335 210 2039 335 210 335 335 335 335 335 335 210 335 335 335
3289 3289 3289 536 335 3201 2935 1656 2935 477 2935 1656 2935 2935 1656 477 477 477 1656 1656
4699 3289 335 1634 335 335 335 335 335 335 335 335 335 1634 1634 1634 1634 335 335 335
4699 3289 477 1656 2935 2935 2935 3201 1656 2935 2935 477 1656 477 477 210 2039 1656 477 210
1634 1634 1634 1634 1634 1634 1634 1634 1634 1634 1634 1634 1634 1634 1634 1634 1634 1634 1634 1634
210 3289 3289 1634 1634 335 210 2039 335 210 335 2039 2039 210 2039 335 210 2039 335 210
3201 3201 3201 3201 3201 3201 3201 3201 3201 1634 1634 1634 536 335 536 2039 3201 1656 536 536
3289 210 536 210 210 3289 2039 2039 1634 3201 1634 335 210 2039 2039 210 210 2039 2039 210
3289 3289 210 210 3289 2039 210 2039 335 210 2039 335 210 210 2039 335 210 335 335 210
335 1634 1634 3201 536 335 1656 2039 3201 1656 536 1656 210 536 2039 3289 3289 3289 3201 536
3289 477 210 2935 2935 2935 1656 477 2935 477 1656 2935 2935 210 210 1656 2935 3201 477 477
3289 2935 3289 2935 477 1656 3201 2935 1656 477 477 477 1656 2935 1656 477 477 1656 3201 1656
3289 335 335 335 335 335 335 335 335 335 335 335 335 335 335 335 335 1634 335 335
1634 1634 1634 3201 3201 1634 1634 1634 1634 1634 1634 1634 1634 1634 1634 1634 1634 1634 1634 1634
2935 2935 3201 210 477 210 2935 2935 1656 2935 1656 2935 1656 2935 477 477 210 1656 3201 477
2935 2935 3289 1656 2935 1656 2935 1656 2935 1656 2935 1656 2935 477 477 1656 1656 1656 3201 477
2935 2935 2935 210 477 2935 477 210 2935 2935 210 1656 210 2935 3201 477 477 1656 1656 477
210 210 2935 210 477 1656 2935 210 2935 477 477 210 3201 477 210 2935 1656 1656 1656 210
536 210 3289 3289 2039 1656 3289 3201 1656 536 536 210 536 2039 3289 2039 2039 3201 536 2039
210 210 3201 210 1656 1656 1656 536 536 2039 3201 2039 536 210 2039 2039 335 1656 2039 3201
1634 1634 1634 1634 1634 3201 1634 1634 1634 1634 1634 1634 1634 1634 1634 1634 1634 1634 1634 1634
210 2935 2935 210 1656 2935 3201 477 1656 2935 2935 1656 1656 1656 3201 1656 1656 1656 536 536
3289 3289 3289 2039 1634 2039 335 335 335 1634 1634 335 335 1634 1634 1634 1634 1634 1634 1634
2935 2935 210 2935 3201 2935 210 1656 2935 477 1656 477 1656 2935 1656 2935 1656 210 3201 1656
210 3201 210 210 210 536 536 2039 1634 1634 3201 2039 1656 536 1656 1656 3289 2039 335 1634
210 3289 1634 1634 335 335 2039 335 210 335 2039 2039 210 2039 335 210 2039 335 210 335
3201 3201 3201 1634 1634 1634 536 335 1656 2039 3201 1656 536 536 210 536 2039 2039 3289 3289
210 210 3289 210 1656 3201 1656 1656 1656 1656 536 536 2039 3201 2039 536 1656 3289 3289 210
335 3289 3289 210 3289 2039 210 3289 2039 210 210 2039 2039 210 210 2039 210 210 335 335
536 536 3289 1634 1634 3201 3289 536 210 3289 3289 210 2039 1634 1634 335 210 2039 335 335
2935 2935 210 2935 210 2935 477 477 1656 1656 2935 3201 1656 2935 1656 2935 1656 2935 1656 2935
3289 3289 536 210 3289 3289 335 1656 2039 3201 1656 536 1656 210 536 2039 2039 3289 3289 3201
210 3289 3289 3289 1656 4608 3289 4608 1656 1656 3289 4608 210 210 4608 1656 4608 1656 4608 4608
2935 1656 2935 477 2935 1656 2935 2935 477 1656 2935 2935 1656 1656 1656 2935 3201 2935 477 1656
2935 210 2935 2935 1656 2935 3201 1656 1656 477 2935 1656 1656 2935 477 477 1656 477 2935 3201
317 536 4699 3289 4608 1656 4608 4608 4608 1656 4608 4608 4608 1656 4608 4608 1656 4608 3289 210
3201 3201 3201 3201 3201 3201 3201 3201 3201 1634 1634 1634 1634 335 536 2039 3201 1656 536 536
3201 2935 1656 2935 2935 2935 1656 2935 2935 1656 2935 2935 2935 1656 1656 477 3201 2935 1656 1656
2935 2935 210 210 2935 3201 210 477 2935 1656 1656 2935 2935 477 1656 2935 3201 2935 210 210
3201 3201 3201 3201 3201 3201 3201 3201 3201 3201 1634 1634 1634 1634 3201 536 2039 3201 1656 536
2935 210 3289 210 3201 2935 210 477 477 477 1656 2935 2935 210 210 3201 1656 1656 210 210
335 210 335 335 335 335 335 335 210 335 335 335 335 335 210 210 335 335 2039 335
210 2935 210 3201 2935 477 477 1656 210 2935 477 2935 1656 210 2935 3201 1656 2935 1656 2935
3201 3201 3201 3201 3201 3201 3201 3201 3201 3201 1634 1634 1634 1634 335 536 2039 3201 1656 536
1634 1634 1634 1634 1634 1634 1634 1634 1634 1634 1634 1634 1634 1634 1634 1634 1634 1634 1634 1634
335 210 3289 2039 210 210 2039 335 210 210 335 335 335 335 335 335 335 335 335 335
3289 536 210 3289 3289 3201 1634 335 210 2039 2039 210 210 2039 3289 210 2039 335 210 2039
210 3289 210 317 2935 210 3201 210 210 210 210 1634 2039 1634 1634 1634 1634 1634 1634 1634
3289 317 3289 210 3289 210 210 317 210 210 210 210 1634 2039 1634 1634 1634 1634 1634 1634
210 2935 210 3201 2935 477 477 1656 210 2935 477 2935 1656 210 2935 3201 1656 2935 1656 2935
3201 3201 1634 1634 1634 1634 335 210 2039 3201 1656 536 210 210 536 2039 3289 2039 3289 3201
536 4699 4699 3289 3289 3201 536 2039 3201 477 1656 477 2935 2935 1656 477 477 477 210 477
1634 1634 3201 3201 3201 1634 1634 3201 1634 1634 3201 3201 1634 1634 1634 1634 1634 1634 1634 1634
210 3289 210 477 477 477 210 1656 3201 1656 1656 1656 210 536 536 2039 3201 3289 536 210
210 2935 3201 2935 1656 1656 1656 2935 2935 2935 2935 1656 2935 2935 3201 1656 477 477 1656 2935
3289 3289 210 210 210 210 3201 2039 1634 2039 536 210 2039 2039 335 210 210 2039 210 1634
3289 4699 210 210 1656 3201 1656 536 536 3289 3201 2039 536 3289 3201 477 536 1656 2039 3289
210 2935 2935 210 1656 1656 2935 3201 477 477 1656 1656 477 477 477 1656 477 477 3201 1656
3201 3201 3201 3201 3201 3201 3201 3201 3201 3201 1634 1634 1634 1634 335 536 2039 3201 1656 536
2935 210 210 210 210 536 536 210 536 3201 2039 3289 2039 3289 1656 1656 1656 3201 1656 536
210 2935 2935 210 1656 1656 3201 1656 1656 1656 536 536 2039 1634 1634 1634 3201 2039 536 210
2935 210 2935 477 2935 1656 2935 2935 2935 1656 2935 2935 1656 210 210 2935 3201 477 477 1656
536 3289 3289 477 1656 2935 477 2935 335 536 2935 2935 3201 335 536 477 2935 335 335 335
3289 2935 477 210 210 2935 1656 1656 3201 1656 1656 1656 1656 536 536 2039 3201 2039 536 536
4608 210 2935 4608 1656 1656 1656 3201 1656 1656 1656 536 536 3289 1634 3201 3289 536 210 3289
210 335 3289 210 1634 1634 1634 335 335 1656 3289 3201 1656 536 210 1634 1634 2039 3289 2039
536 3289 3201 477 1656 2935 2935 2935 1656 2935 2935 2935 1656 2935 477 1656 210 477 1656 3201
210 3289 210 210 1656 1656 536 536 2039 3201 2039 536 210 2039 2039 2039 1656 2039 3201 1656
210 3289 3289 210 210 2039 335 210 335 2039 1656 3289 3201 1656 536 536 210 536 2039 3289
210 210 2935 210 477 477 477 1656 1656 3201 1656 1656 1656 1656 536 536 2039 3201 2039 536
3289 210 210 210 1656 3201 2935 2935 477 477 477 210 3201 2935 477 1656 1656 1656 3201 1656
210 335 335 3289 3289 4608 210 3289 3201 335 335 1656 1656 3201 1656 1656 536 536 3289 1634
3289 3289 536 210 3289 3289 335 1656 2039 3201 1656 536 1656 210 536 2039 2039 3289 3289 3201
2935 210 2935 2935 210 1656 1656 3289 1656 1656 1656 536 536 2039 1634 1634 1634 3201 3289 536
3289 3289 3289 536 1656 3289 3289 335 1656 3289 3201 1656 536 1656 210 536 2039 2039 2039 3289
2935 210 3289 2935 2935 1656 2935 2935 2935 1656 477 2935 1656 1656 1656 477 3201 2935 477 210
2935 2935 210 2935 2935 210 210 210 2935 3201 477 2935 1656 210 477 210 3201 210 210 210
210 2935 3201 210 477 2935 1656 1656 2935 2935 477 1656 2935 3201 2935 1656 1656 2935 477 210
335 2039 3289 3289 210 2039 335 210 2039 335 210 335 2039 335 210 335 335 210 335 335
210 210 210 210 3289 1656 1656 536 536 2039 1634 1634 1634 3201 3289 1656 536 1656 3289 3289
2935 210 2935 477 210 477 210 2935 1656 2935 477 210 210 3201 477 1656 2935 477 2935 210
1634 1634 1634 3201 1634 1634 1634 1634 1634 1634 1634 1634 1634 1634 1634 1634 1634 1634 1634 1634
4699 3289 4699 3289 536 2039 3201 477 1656 2935 477 2935 1656 477 477 477 1656 477 2935 210
2039 335 210 210 335 335 1656 3289 3201 1656 536 1656 210 536 2039 3289 2039 3289 3201 536
3289 3201 536 2039 3201 477 1656 2935 477 2935 1656 2935 2935 2935 1656 477 2935 1656 1656 1656
2935 210 2935 210 2935 477 477 1656 1656 2935 3201 1656 2935 1656 2935 1656 2935 1656 2935 1656
4699 210 536 210 3289 3289 210 3289 1634 1634 3201 1634 335 210 2039 335 210 335 2039 2039
210 2935 210 477 210 477 1656 477 1656 477 2935 477 1656 210 3201 477 1656 477 477 1656
3289 335 210 335 2039 1656 2039 3201 1656 536 1656 210 536 2039 2039 2039 2039 3201 536 2039
2935 210 2935 2935 3289 1656 2935 1656 2935 1656 2935 1656 2935 1656 477 477 477 1656 1656 1656
3201 210 210 210 536 536 2039 1634 1634 3201 2039 1656 536 1656 1656 3289 2039 335 1634 1634
3289 3289 210 536 1656 210 536 3289 3289 3289 3289 3201 536 2039 3201 477 1656 477 477 477
3289 536 210 3289 4699 1634 335 1634 335 335 335 335 335 335 335 335 335 1634 1634 1634
3289 3289 3289 3289 210 3289 210 210 210 210 536 3289 1634 1634 1634 1634 1634 1634 1634 1634
1634 1634 1634 1634 1634 1634 1634 1634 1634 1634 1634 1634 1634 1634 1634 1634 1634 1634 1634 1634
210 536 1656 210 536 4699 4699 4699 3289 3289 536 3289 3289 4608 1656 4608 4608 4608 1656 4608
3201 3201 3201 3201 1634 1634 1634 536 335 1656 2039 3201 1656 536 536 210 536 2039 2039 2039
1634 1634 1634 1634 1634 3201 1634 1634 1634 1634 1634 1634 1634 1634 1634 1634 1634 1634 1634 1634
3289 3289 4608 210 477 1656 2935 210 2935 1656 2935 477 210 210 3201 477 210 477 210 210
210 536 3289 3289 3289 3289 3201 536 3289 3201 477 1656 2935 477 477 335 536 2935 477 3201
210 210 210 536 536 3289 1634 1634 1634 3201 3289 536 210 3289 2039 1634 1634 335 210 2039
3201 3201 3201 3201 3201 3201 3201 3201 3201 1634 1634 1634 536 335 536 2039 3201 1656 536 536
3289 3289 3289 210 335 2039 210 3289 3201 1656 536 1656 210 536 3289 3289 3289 3289 3201 536
2935 2935 2935 1656 2935 2935 2935 1656 2935 2935 1656 210 2935 3201 1656 477 477 1656 1656 2935
3289 1634 1634 3201 3289 536 210 3289 3289 1634 1634 335 210 2039 335 210 210 2039 2039 210
2935 2039 210 2039 1656 1656 1656 1656 536 2039 335 335 335 335 335 335 335 335 335 335
3289 3289 2039 3289 335 1634 335 335 335 335 1634 1634 335 335 1634 1634 1634 1634 1634 1634
210 536 536 3289 3201 3289 536 210 3289 3289 335 1656 2039 3201 1656 536 1656 210 536 2039
335 335 2039 335 335 335 335 335 335 335 335 335 335 1634 335 335 335 335 335 335
210 3289 3289 1656 536 1656 210 536 2039 3289 3289 3289 3201 536 335 3201 477 1656 477 477
536 4699 3289 3289 3289 536 210 3289 3289 1634 335 1634 335 335 335 335 335 335 335 335
536 536 3289 3289 1634 1634 3201 3289 536 210 3289 3289 210 2039 1634 1634 335 335 2039 335
210 3289 210 210 1656 536 536 2039 1634 1634 1634 3201 2039 536 536 2039 3289 1634 1634 335
2935 2935 2935 210 477 477 1656 1656 2935 3201 1656 477 477 1656 1656 477 1656 1656 3201 1656
335 3289 335 335 335 335 335 335 210 2039 335 210 210 335 335 210 210 335 335 335
210 536 210 3289 536 3289 3289 2039 2039 3201 536 2039 3201 2935 2039 210 2935 2935 2039 210
1634 1634 1634 1634 1634 1634 1634 1634 1634 1634 1634 1634 1634 1634 1634 1634 1634 1634 1634 1634
536 4699 4699 4699 4699 3289 536 335 3201 477 1656 477 477 477 1656 1656 477 477 477 3201
3289 210 210 2935 210 317 2935 210 3201 1656 1656 536 2039 1634 1634 210 335 1634 1634 1634
210 2935 210 3201 477 2935 1656 210 2935 477 2935 477 1656 1656 2935 2935 1656 2935 210 2935
210 4608 3289 210 477 2935 210 1656 2935 2935 477 1656 210 2935 2935 3201 477 1656 1656 2935
4608 210 3289 2935 2935 210 210 1656 3201 1656 1656 536 2039 335 335 1634 1634 3201 3201 3201
1634 1634 1634 1634 1634 1634 1634 1634 1634 1634 1634 1634 1634 1634 1634 1634 1634 1634 1634 1634
536 3289 3201 477 1656 2935 2935 2935 1656 2935 2935 2935 1656 2935 477 1656 210 477 1656 3201
210 2935 2935 536 210 3289 3289 1656 210 2935 3201 1656 2935 477 1656 1656 477 477 2935 1656
3201 210 2935 210 477 1656 477 210 477 1656 477 2935 477 1656 477 477 210 3201 477 210
210 536 210 3289 3289 1634 1634 335 335 1634 1634 335 335 335 1634 335 335 335 1634 335
210 210 335 2039 1656 3289 3201 1656 536 1656 210 536 2039 2039 2039 2039 3201 536 335 3201
3289 210 210 210 210 536 536 2039 3201 3289 536 210 3289 2039 335 1656 2039 3201 1656 536
4699 4699 3289 536 3289 3201 477 1656 477 477 477 1656 2935 2935 477 1656 477 477 1656 1656
3289 3289 536 3289 3201 477 1656 2935 2935 2935 1656 2935 2935 2935 1656 477 477 1656 1656 2935
536 210 4699 4699 210 3289 1634 1634 1634 1634 335 210 2039 335 210 335 2039 2039 210 2039
536 210 536 3289 3289 3289 3289 3201 536 2039 3201 477 1656 2935 477 477 1656 477 2935 2935
3201 477 477 210 477 477 1656 477 477 1656 477 1656 3201 1656 1656 1656 1656 536 2039 1634
2935 2935 2935 210 2935 477 210 210 210 2935 3201 477 477 210 210 477 477 477 210 210
3289 3201 1656 536 1656 210 536 2039 3289 3289 2039 3201 536 2039 3201 477 1656 477 2935 2935
1634 335 210 3289 335 210 335 2039 2039 210 2039 335 210 2039 335 210 335 335 335 335
2935 210 210 1656 1656 4699 210 2935 2935 2935 1656 536 536 3289 3201 3289 1656 2935 2935 2935
2935 1656 2935 477 1656 477 3201 477 1656 477 477 1656 1656 1656 1656 3201 1656 1656 536 536
2935 2935 210 536 536 3289 3201 3289 1656 2935 2935 2935 1656 2935 2935 536 210 3289 3289 1656
210 210 536 3289 4699 3289 3289 3201 536 2039 3201 477 1656 477 477 477 1656 477 477 477
2935 3289 2935 2935 1656 210 2935 1656 3201 1656 1656 1656 536 536 536 2039 3201 2039 536 536
210 210 210 2935 3201 2935 477 1656 1656 477 477 477 1656 1656 2935 1656 477 3201 477 210
3289 3289 3289 3289 317 210 3201 210 210 210 536 3289 1634 1634 1634 1634 1634 1634 1634 1634
2935 210 2935 210 2935 1656 2935 2935 1656 2935 3201 2935 1656 2935 477 1656 1656 1656 3201 210
2935 210 210 2935 210 1656 3201 210 1656 1656 1656 536 536 2039 3201 2039 536 210 3289 2039
210 2935 3289 210 210 2935 477 1656 1656 2935 1656 1656 3201 1656 1656 1656 536 536 536 2039
4699 1656 4699 4699 1656 536 1656 210 536 4699 4699 4699 4699 3289 536 3289 4699 4608 1656 3289
210 210 3289 210 1656 1656 1656 536 536 3289 3201 2039 536 210 2039 2039 2039 1656 2039 3201
536 536 3289 3289 3289 536 210 3289 3289 3289 1656 4699 3289 1656 536 1656 210 536 4699 4699
210 335 2039 1656 3289 3201 1656 536 536 210 536 2039 2039 2039 2039 3201 536 2039 3201 2935
2935 2935 2935 210 477 2935 210 1656 210 2935 3201 477 2935 1656 1656 477 477 477 1656 210
4608 210 210 3289 536 3289 3201 477 210 1656 1656 1656 3289 210 2935 2935 2935 1656 536 536
2935 1656 2935 1656 2935 1656 477 477 1656 2935 477 1656 3201 477 1656 477 1656 1656 1656 1656
210 210 2935 3201 477 477 1656 1656 477 477 477 1656 2935 477 3201 1656 477 1656 2935 477
3201 477 477 210 1656 477 477 477 1656 2935 477 3201 1656 2935 1656 477 477 210 477 210
335 335 335 335 1634 1634 335 335 335 335 1634 1634 335 335 335 335 2039 335 335 335
1634 1634 1634 3201 536 335 210 2039 3201 210 536 536 210 536 2039 2039 2039 2039 3201 536
210 3201 2935 477 477 477 1656 1656 1656 3201 1656 2935 1656 2935 1656 1656 477 477 477 477
2935 477 2935 210 477 477 1656 1656 210 477 3201 477 477 1656 1656 477 477 477 1656 1656
2935 3201 335 210 2935 2935 335 335 335 1656 1656 2935 3201 2935 477 1656 477 1656 2935 477
1634 1634 1634 1634 1634 1634 1634 1634 1634 1634 1634 1634 1634 1634 1634 1634 1634 1634 1634 1634
4699 3289 2039 1656 3289 3201 1656 536 1656 210 536 2039 3289 2039 2039 3201 536 2039 3201 477
2935 2935 2935 1656 477 477 477 1656 477 3201 1656 210 2935 210 477 477 477 1656 210 3201
3289 3289 210 210 536 536 3289 1634 1634 1634 3201 3289 1656 536 210 3289 3289 1634 1634 335
2935 2935 2935 1656 2935 2935 477 1656 2935 2935 1656 1656 1656 2935 3201 477 477 1656 210 1656
2935 210 2935 210 2935 477 1656 1656 3201 477 1656 2935 477 210 477 1656 1656 3201 1656 1656
1634 1634 1634 1634 1634 1634 1634 1634 1634 1634 1634 1634 1634 1634 1634 1634 1634 1634 1634 1634
1634 3201 3201 3201 3201 3201 3201 3201 3201 3201 3201 3201 3201 3201 3201 2935 3201 1634 1634 1634
536 536 3289 3289 3289 536 3289 3201 477 536 1656 2039 3289 210 2935 2935 477 1656 477 2935
1634 1634 1634 1634 1634 1634 1634 1634 1634 1634 1634 1634 1634 1634 1634 1634 1634 1634 1634 1634
1634 1634 3289 3289 1656 536 210 3289 3289 3201 1634 335 210 2039 335 210 335 2039 2039 210
210 335 3289 3289 210 2039 335 210 2039 335 210 210 335 335 210 335 335 1656 2039 3201
3201 210 210 2935 3201 2935 477 1656 2935 1656 2935 477 1656 2935 210 3201 210 477 210 477
210 2935 2935 210 210 210 2935 3201 477 477 477 1656 210 2935 477 477 1656 477 3201 1656
210 2935 2935 2935 1656 2935 2935 1656 210 1656 2935 3201 477 477 1656 1656 2935 1656 1656 3201
3201 3201 3201 3201 3201 3201 3201 1634 1634 1634 1634 335 536 2039 3201 1656 536 536 210 536
536 3289 3289 1634 1634 3201 2039 536 210 2039 2039 1634 1634 335 210 2039 335 210 335 2039
2935 210 2935 2935 477 1656 2935 2935 477 1656 2935 2935 1656 210 477 3201 1656 477 477 1656
4608 4608 210 210 4608 210 3201 477 477 1656 1656 477 1656 210 3201 1656 1656 1656 1656 536
3289 3289 3289 3289 536 2039 3201 2935 1656 2935 2935 2935 1656 2935 2935 2935 1656 2935 2935 1656
210 3201 477 477 1656 477 477 1656 477 477 1656 2935 1656 3201 1656 1656 1656 1656 536 2039
210 536 536 536 3289 3201 2039 536 536 2039 2039 335 536 2039 3201 1656 536 536 210 536
1634 2039 210 3289 3289 210 335 2039 2039 210 2039 210 335 335 210 2039 335 210 210 2039
3289 3289 210 3289 2039 210 3289 2039 210 210 2039 2039 210 210 2039 210 210 335 335 210
3201 2935 210 2935 2935 2935 1656 2935 2935 1656 1656 2935 1656 3201 477 477 1656 1656 477 1656
210 210 2935 477 477 210 2935 3201 1656 477 1656 477 1656 477 210 477 1656 477 477 477
4699 4699 4699 4699 3289 536 2039 3201 477 1656 477 477 2935 1656 477 477 477 1656 477 477
210 536 3289 3289 3289 3289 3201 536 335 3201 2935 1656 2935 477 477 1656 477 2935 1656 2935
3201 536 2039 3201 477 1656 2935 477 2935 1656 2935 2935 2935 1656 477 477 1656 1656 210 2935
1634 1634 1634 3201 3201 1634 1634 1634 1634 1634 1634 1634 1634 1634 1634 1634 1634 1634 1634 1634
2935 210 210 2935 1656 1656 3201 1656 1656 1656 1656 536 536 2039 3201 2039 536 1656 210 2039
1656 536 536 210 536 3289 2039 2039 3289 3201 536 2039 3201 477 1656 477 477 2935 1656 2935
210 536 536 3289 3201 3289 536 1656 3289 3289 335 1656 2039 3201 1656 536 536 210 536 2039
210 2935 3201 477 2935 1656 1656 477 477 477 1656 1656 2935 2935 1656 477 1656 477 477 210
3289 210 210 3289 1656 4608 1656 4608 4608 1656 1656 4608 3289 4608 210 4608 4608 1656 4608 4608
210 3289 3289 210 335 3289 3289 210 2039 335 210 2039 335 210 210 2039 335 210 335 335
317 317 210 317 1634 210 1634 210 1634 210 1656 210 210 536 3289 1634 1634 1634 1634 1634
3289 210 210 1656 3289 3289 2935 2935 1656 1656 3289 2935 1656 1656 3289 1656 1656 1656 1656 4608
3201 3201 3201 3201 3201 1634 1634 1634 1634 335 536 2039 3201 1656 536 536 210 536 2039 3289
3289 3289 3289 1656 3289 3289 4608 1656 4608 4608 1656 1656 1656 3289 3289 4608 4608 1656 1656 3289
3289 2935 477 210 210 2935 1656 1656 3201 1656 1656 1656 1656 536 536 2039 3201 2039 536 536
335 3289 335 335 335 335 335 335 210 2039 335 210 210 335 335 210 210 335 335 335
3289 3289 536 3289 3201 477 1656 2935 477 477 1656 2935 2935 2935 1656 477 477 1656 1656 477
3289 3201 210 536 210 210 536 2039 2039 2039 2039 3201 536 2039 3201 477 2039 210 2935 2935
2935 210 2935 3201 210 2935 2935 210 2935 2935 2935 1656 3201 210 1656 536 536 2039 1634 1634
3289 3289 210 1656 1656 3289 3289 2935 2935 1656 1656 3289 2935 1656 1656 3289 1656 1656 1656 1656
3289 210 3289 3289 1656 536 1656 210 536 3289 3289 3289 3289 3201 536 2039 3201 477 1656 477
1634 2039 1656 3289 3201 1656 536 1656 210 536 2039 3289 3289 3289 3201 536 2039 3201 477 1656
210 3289 210 3289 210 2935 2935 210 3201 477 1656 1656 1656 1656 3201 1656 1656 536 536 3289
1634 1634 210 536 536 210 536 3289 3289 2039 3289 3201 536 335 2935 477 1656 477 477 2935
3201 210 477 477 210 1656 2935 1656 1656 3201 1656 1656 1656 1656 536 536 2039 3201 2039 536
3289 210 210 210 1656 3201 2935 2935 477 477 477 210 3201 2935 477 1656 1656 1656 3201 1656
3201 3201 3201 3201 3201 3201 3201 3201 3201 3201 3201 1634 1634 1634 1634 2039 536 3289 3201 1656
2935 210 477 477 210 2935 210 2935 1656 2935 1656 210 3201 477 1656 2935 477 1656 1656 210
2935 3201 2935 210 4608 477 210 2935 477 1656 2935 1656 1656 3201 1656 1656 1656 1656 536 335
210 210 210 3201 210 210 210 536 536 3289 2039 3201 2039 536 210 2039 3289 1634 335 1634
210 3289 335 210 210 2039 335 210 335 335 1656 3289 3201 1656 536 1656 210 536 2039 2039
210 536 536 210 536 3289 2039 2039 2039 3201 536 3289 3201 477 1656 477 477 477 335 1656
3289 2039 3289 2039 2039 335 335 1634 1634 335 335 335 335 1634 1634 335 1634 335 335 210
2935 2935 210 3201 3289 3289 210 2935 2935 2935 1656 2935 2935 210 2039 1656 2935 1656 3201 210
4608 4608 210 4608 4608 210 1656 2935 210 3201 4608 477 1656 210 477 1656 1656 3201 1656 1656
536 3289 4699 3289 3289 3201 536 2039 3201 2935 1656 2935 2935 2935 1656 2935 477 2935 1656 2935
3289 536 3289 3289 477 1656 2935 2935 477 1656 2935 2935 2935 1656 477 2935 1656 1656 2935 3201
210 210 210 2039 1656 1656 1656 536 536 3289 1634 3201 3289 536 210 3289 3289 1634 536 335
335 335 335 335 335 335 335 335 335 1656 2039 3201 335 1656 536 536 210 536 2039 2039
210 4699 3289 1656 536 536 210 536 3289 3289 3289 3289 3201 335 536 2039 3201 536 3289 477
2935 210 210 4608 3201 1656 477 477 1656 1656 2935 2935 2935 1656 2935 2935 3201 210 2935 210
3289 3201 536 2039 3201 477 1656 2935 477 2935 1656 2935 2935 2935 1656 477 2935 1656 1656 1656
210 210 210 2935 3201 2935 477 1656 1656 477 477 477 1656 1656 2935 1656 477 3201 477 210
1634 210 3289 3289 536 3289 3201 477 1656 477 477 477 210 477 477 477 1656 477 477 1656
210 2935 2935 210 1656 3201 1656 1656 2935 1656 3201 2935 1656 3201 1656 1656 536 2039 1634 1634
3289 3289 3289 3289 3201 536 2039 3201 477 1656 2935 477 477 1656 477 477 477 1656 477 477
2935 210 210 477 2935 3201 1656 477 1656 477 1656 2935 1656 477 1656 477 477 477 1656 210
536 536 210 536 3289 3289 2039 2039 3201 536 335 3201 477 1656 477 477 477 1656 477 477
210 2935 2935 477 2935 1656 1656 2935 3201 477 1656 477 1656 477 1656 477 1656 477 1656 1656
1634 3201 3201 3201 3201 3201 3201 3201 3201 3201 3201 3201 3201 1634 1634 3201 3201 1634 1634 1634
2935 210 210 3289 210 210 210 536 536 3289 1634 1634 1634 3201 3289 1656 536 210 2039 3289
4608 210 210 4608 477 3201 210 2935 1656 477 1656 2935 210 2935 1656 477 477 1656 210 3201
335 210 2039 3289 3289 210 2039 335 335 210 2039 335 210 335 335 335 335 335 335 335
2935 210 2935 2935 2935 1656 2935 2935 2935 1656 2935 2935 1656 210 2935 1656 3201 1656 1656 2935
2935 2935 2935 1656 2935 477 477 1656 2935 477 1656 210 1656 2935 3201 477 477 1656 1656 2935
3289 3289 3289 317 210 3289 210 210 3201 210 210 210 210 1634 317 1634 1634 1634 1634 1634
4699 317 317 4699 1656 536 1656 4699 4699 335 1634 335 335 335 335 1634 1634 335 335 335
4608 3289 3289 477 210 1656 477 477 477 1656 1656 2935 1656 477 3201 477 210 477 477 210
3201 1634 1634 1634 536 335 536 2039 3201 1656 536 536 536 536 2039 2039 2039 2039 3201 536
210 210 210 2935 3201 2935 477 1656 1656 2935 477 477 2935 1656 2935 3201 1656 2935 1656 2935
335 335 335 335 1634 1634 335 1634 335 335 210 2039 3201 1656 536 536 210 1634 2039 2039
210 4608 2935 2935 1656 2935 2935 2935 1656 2935 2935 1656 2935 3201 210 1656 477 2935 210 210
3289 335 210 210 335 2039 1656 2039 3201 1656 536 536 210 536 2039 2039 2039 2039 3201 536
210 210 4608 2935 3201 210 2935 1656 477 1656 2935 210 2935 210 477 477 1656 210 3201 477
210 2935 2935 210 1656 2935 1656 1656 3201 1656 1656 1656 536 536 536 2039 3201 2039 536 210
3201 3201 3201 3201 3201 3201 3201 1634 3201 3201 3201 3201 3201 3201 3201 3201 1634 1634 1634 1634
3289 3201 3289 536 210 3289 2039 2039 1656 3289 3201 1656 536 1656 210 536 3289 3289 3289 3289
210 3289 3289 3289 2039 1656 3289 3201 1656 536 1656 210 536 3289 3289 3289 3289 3201 536 2039
3201 3201 1634 1634 1634 1634 335 1656 3289 3201 1656 536 536 210 536 2039 3289 3289 3289 3201
210 2935 210 2935 1656 2935 477 1656 3201 2935 1656 2935 477 1656 1656 1656 3201 1656 1656 1656
3201 3201 1634 1634 1634 536 335 1656 2039 3201 1656 536 536 210 536 2039 2039 2039 2039 3201
3289 210 210 3289 4608 4608 1656 210 4608 4608 4608 1656 2935 3289 4608 1656 1656 3289 4608 210
2935 2935 2935 210 477 477 1656 477 1656 3201 1656 477 477 1656 1656 477 477 477 1656 210
210 210 536 3289 335 335 1634 1634 3201 3201 3201 3201 1634 1634 1634 1634 1634 1634 1634 3201
335 335 335 210 335 335 210 1634 1634 1634 335 335 210 3289 3201 1656 536 210 210 536
2935 210 210 2039 1656 1656 1656 1656 536 536 2039 3201 2039 536 1656 3289 2039 335 1656 2039
536 3289 1634 1634 3201 3289 536 210 3289 3289 210 2039 1634 1634 335 210 2039 335 210 335
210 210 2935 210 210 3201 210 1656 1656 1656 536 536 2039 3201 2039 536 210 3289 2039 335
536 4699 4699 4699 3289 3289 536 2039 3201 477 1656 477 477 477 1656 477 477 477 1656 477
1634 1634 536 2039 1656 3289 3201 1656 536 1656 210 536 2039 2039 3289 3289 3201 536 335 3201
210 2935 210 2935 3201 2935 210 2935 477 210 2935 477 1656 2935 1656 1656 3201 1656 1656 1656
3201 3201 2935 3201 3201 3201 3201 3201 3201 2935 3201 3201 3201 3201 3201 3201 1634 1634 1634 1634
2935 2935 210 1656 1656 2935 3201 477 477 1656 1656 1656 1656 3201 1656 1656 536 536 2039 3201
210 2935 2935 2935 210 1656 2935 3201 2935 1656 1656 1656 2935 2935 2935 477 1656 2935 2935 3201
3289 3289 210 335 2039 335 210 210 335 2039 1656 3289 3201 1656 536 1656 210 536 3289 3289
2935 210 210 2935 3201 1656 2935 1656 2935 1656 2935 1656 2935 1656 2935 477 1656 477 1656 3201
210 210 536 4699 4699 4699 4699 3289 536 3289 3289 4608 1656 3289 3289 3289 1656 4608 3289 3289
3289 210 210 1656 210 536 536 2039 3201 2039 536 1656 2039 3289 210 2039 335 335 335 335
210 4699 4699 210 3289 1634 1634 1634 1634 335 210 2039 335 210 335 2039 2039 210 2039 335
210 536 3289 3289 3289 3289 3201 536 2039 3201 2935 1656 2935 2935 2935 1656 2935 2935 2935 1656
1634 1634 3201 3289 1656 3289 3201 1656 536 536 210 536 3289 2039 3289 3289 3201 536 2039 3201
210 210 2935 210 3289 2935 210 3201 1656 1656 536 2039 1634 1634 210 335 1634 1634 1634 1634
210 477 210 477 1656 477 1656 1656 2935 2935 1656 3201 2935 1656 477 477 1656 477 477 1656
3289 2935 477 1656 3289 2935 1656 2935 477 477 1656 2935 1656 2935 477 1656 3201 1656 1656 1656
1634 2039 210 3289 2039 210 335 2039 2039 210 3289 335 210 2039 335 210 210 2039 335 210
210 210 2935 2935 3201 1656 2935 1656 2935 477 1656 1656 2935 210 2935 2935 1656 1656 2935 3201
3201 3201 3201 2935 3201 3201 3201 3201 2935 3201 3201 3201 3201 3201 3201 3201 1634 1634 1634 536
210 2935 1656 477 1656 477 1656 477 1656 2935 477 1656 477 3201 477 1656 477 477 1656 1656
1634 1634 3201 3289 1656 536 210 210 3289 2039 2039 1634 1634 1634 335 210 2039 2039 210 335
3289 2039 1656 3289 3201 1656 536 1656 210 536 2039 3289 2039 2039 3201 536 2039 3201 477 1656
335 210 3289 335 210 210 335 210 335 1634 1634 335 210 2039 3201 210 536 2935 335 335
3201 536 2039 3201 477 1656 477 477 2935 1656 477 477 2935 1656 477 477 1656 1656 210 477
210 210 2935 2935 2935 210 2935 3201 210 2935 210 2935 210 2935 210 2935 1656 2935 1656 2935
3289 210 3289 3201 1656 536 1656 210 536 2039 3289 3289 2039 3201 536 2039 3201 477 1656 2935
2935 2935 210 210 1656 3201 477 1656 1656 1656 1656 3201 1656 536 1634 536 536 2039 3201 3289
2935 210 2935 2935 477 1656 2935 477 1656 477 1656 3201 210 477 477 1656 1656 477 477 477
3289 3289 3289 210 2039 3289 2039 210 2039 335 335 210 2039 335 210 210 2039 335 210 335
2039 210 3289 335 335 335 335 210 2039 335 210 1634 1634 1634 1634 335 210 3289 3201 210
210 210 210 3201 1656 1656 1656 536 536 2039 1634 1634 1634 3201 2039 536 536 2039 2039 1634
3201 477 1656 2935 2935 2935 1656 2935 477 2935 1656 2935 2935 1656 1656 477 3201 1656 477 477
2935 2935 2935 210 2935 1656 1656 1656 477 1656 3201 2935 1656 477 2935 477 477 477 477 1656
3201 3201 3201 2935 3201 3201 3201 3201 3201 3201 3201 3201 3201 3201 1634 1634 1634 1634 335 536
1634 2039 210 3289 3289 210 335 2039 2039 210 2039 210 335 335 210 2039 335 210 210 2039
3289 4699 4699 4699 3289 536 335 3201 477 1656 477 477 477 1656 477 477 477 1656 477 477
536 4699 1656 4699 3289 1656 536 1656 210 536 4699 4699 4699 4699 3289 536 3289 4699 4608 1656
1634 3289 3289 536 210 3289 3289 3201 1634 335 210 2039 335 210 335 2039 2039 210 2039 335
3201 3201 3201 3201 3201 3201 3201 3201 3201 1634 1634 1634 1634 335 536 2039 3201 1656 536 536
210 210 2935 3201 477 2935 1656 2935 1656 2935 2935 2935 1656 210 2935 3201 1656 2935 1656 2935
3289 3289 210 3289 2039 210 2039 335 210 210 3289 335 210 335 2039 210 3289 3201 210 2935
335 335 3289 3289 3289 210 3289 3201 335 335 1656 1656 3289 1656 1656 536 536 3289 1634 3289
3289 3289 536 2039 3201 2935 1656 2935 2935 3201 1656 2935 2935 2935 1656 2935 477 1656 1656 477
1634 1634 536 2039 1656 2039 3201 1656 536 536 1656 536 2039 2039 2039 2039 3201 536 335 3201
210 3289 3289 3289 210 210 4608 4608 4608 1656 4608 3289 2935 210 1656 4608 4608 1656 1656 4608
1634 335 335 335 335 1634 1634 335 335 335 335 1634 1634 335 335 335 335 2039 335 335
210 3289 3201 1656 536 536 210 536 2039 2039 2039 2039 3201 536 335 3201 477 1656 477 2935
210 3289 210 210 536 2039 335 335 1634 1634 3201 3201 3201 1634 1634 1634 3201 1634 3201 3201
2039 210 3289 335 335 335 335 210 2039 335 210 1634 1634 1634 1634 335 210 3289 3201 210
3201 210 2935 2935 210 2039 2039 335 536 536 2039 2039 3201 536 2039 3201 536 477 335 210
536 3289 3289 3289 3289 3201 536 335 3201 477 1656 2935 2935 2935 1656 2935 477 2935 1656 2935
4699 3289 4608 1656 4608 4608 4608 1656 4608 4608 4608 1656 4608 4608 210 1656 4608 210 3201 4608
536 3289 3289 3289 536 1656 3289 2039 335 1656 3289 3201 1656 536 1656 210 536 2039 2039 3289
2935 3289 210 210 2935 477 1656 1656 2935 1656 1656 3201 1656 1656 1656 536 536 536 2039 3201
210 536 536 3289 3289 3289 536 1656 3289 2039 335 1656 2039 3201 1656 477 1656 210 536 2039
1634 1634 536 2039 1656 3289 3201 1656 536 1656 210 536 2039 2039 3289 3289 3201 536 335 3201
2935 2935 1656 2935 477 2935 1656 477 477 1656 477 1656 3201 1656 477 477 1656 1656 477 477
477 210 1656 2935 1656 477 1656 2935 1656 2935 477 1656 3201 2935 1656 477 477 1656 1656 1656
1634 1634 1634 536 2039 1656 3289 3201 1656 536 536 210 536 2039 2039 2039 3289 3201 536 2039
536 3289 3289 477 1656 2935 2935 2935 1656 2935 2935 2935 1656 2935 2935 1656 1656 2935 210 3201
3201 210 210 3289 1656 1656 1656 210 536 536 3289 3201 2039 536 210 3289 2039 335 1656 2039
2935 210 2935 210 1656 1656 210 3201 1656 1656 536 536 2039 1634 1634 3201 2039 1656 536 210
3201 3201 3201 3201 3201 3201 3201 3201 3201 3201 3201 3201 3201 3201 3201 1634 1634 1634 1634 3201
3289 4699 210 536 210 3289 3289 1634 1634 335 210 2039 335 210 335 2039 2039 210 2039 335
210 2935 3289 2935 477 1656 210 1656 1656 3201 1656 1656 536 536 2039 3201 2039 1634 536 536
536 3289 3289 3289 3289 3201 536 3201 3201 477 1656 2935 2935 2935 1656 477 2935 477 1656 477
210 210 210 3289 2039 2039 2039 536 3289 210 335 335 210 2039 335 210 335 2039 335 335
1634 1634 1634 1634 1634 1634 1634 1634 1634 1634 1634 1634 1634 1634 1634 1634 1634 1634 1634 1634
210 210 3289 210 1656 1656 1656 536 536 3289 3201 2039 536 210 2039 2039 2039 1656 2039 3201
3289 3289 3289 210 335 2039 210 3289 3201 1656 536 1656 210 536 3289 3289 3289 3289 3201 536
1634 2039 210 3289 2039 210 210 3289 2039 210 3289 335 210 335 335 210 210 2039 335 210
3289 536 3289 3201 2935 1656 2935 477 2935 1656 2935 2935 2935 1656 2935 477 1656 1656 210 2935
2039 1656 3289 3201 1656 536 536 210 536 2039 2039 2039 2039 3201 536 2039 3201 2935 1656 2935
2935 210 210 2935 3201 1656 2935 1656 2935 1656 2935 1656 2935 1656 477 477 210 2935 477 210
2935 2935 210 3289 2935 2935 210 210 1656 3201 1656 210 536 2039 335 335 1634 1634 3201 3201
210 2935 1656 2935 1656 2935 1656 2935 1656 2935 1656 2935 477 1656 1656 3201 477 1656 2935 477
210 3289 3201 210 536 1656 210 536 2039 3289 2039 3289 3201 536 2039 3201 477 1656 2935 2935
2039 210 3289 3289 210 335 3289 2039 210 2039 335 210 2039 335 210 335 2039 335 210 335
210 210 2935 3201 210 2935 1656 2935 1656 2935 1656 2935 1656 2935 477 1656 477 1656 3201 477
210 536 3289 3289 2039 1634 1634 210 2039 3201 536 2039 3201 477 210 477 477 477 210 477
536 3289 210 335 335 210 2039 335 210 335 2039 335 210 210 335 2039 1656 3289 3201 210
477 2935 477 1656 1656 2935 2935 3201 1656 2935 210 2935 2935 1656 477 1656 477 1656 2935 477
210 3289 536 3289 3289 3289 2039 3201 536 2039 3201 2935 2039 210 2935 2935 2039 210 2935 2935
3201 3201 3201 2935 3201 3201 3201 3201 3201 3201 3201 1634 1634 1634 536 335 536 2039 3201 1656
536 3289 3201 477 1656 477 477 477 1656 2935 477 2935 1656 477 477 1656 477 1656 3201 1656
210 210 210 2935 3201 2935 477 1656 1656 477 477 477 1656 1656 2935 1656 477 3201 477 210
335 3289 3289 210 3289 335 210 2039 335 210 210 2039 335 210 210 335 335 1656 2039 3201
536 536 210 536 3289 3289 3289 2039 3201 536 2039 3201 477 1656 2935 2935 2935 1656 2935 2935
2935 210 2935 210 1656 1656 210 3201 1656 1656 536 536 2039 1634 1634 3201 2039 1656 536 210
317 317 210 317 317 210 1634 210 1634 210 210 210 210 1634 2039 1634 1634 1634 1634 1634
210 210 2935 210 2935 2935 210 2935 210 3201 2935 210 477 477 477 1656 477 2935 1656 210
210 3289 3289 3201 1634 335 210 2039 2039 210 335 2039 2039 210 2039 335 210 335 335 210
2935 2935 210 210 3201 477 210 2935 477 1656 2935 1656 2935 1656 3201 477 1656 477 210 210
210 3201 210 210 1656 210 3201 1656 1634 1656 536 536 2039 1634 1634 3201 2039 1656 536 210
2935 2935 210 1656 2935 210 477 1656 2935 210 2935 477 477 210 3201 477 1656 2935 1656 1656
2039 210 210 536 536 2039 1634 1634 3201 2039 1656 536 210 2039 2039 1634 210 2039 1634 1634
210 2935 210 210 536 3289 3289 2039 3289 3201 536 2039 3201 477 1656 477 477 477 1656 477
1634 3289 2039 1656 3289 3201 1656 536 1656 210 536 2039 2039 3289 2039 3201 536 2039 3201 477
2935 210 2935 477 210 210 210 3201 1656 210 1656 536 536 2039 2039 3201 2039 536 210 2039
3289 3289 3289 4608 4608 210 210 3201 210 210 1656 210 536 2039 1634 1634 1634 1634 1634 1634
536 210 4699 4699 335 1634 335 335 335 335 1634 1634 335 335 335 335 1634 1634 335 335
3201 1656 536 1656 210 536 2039 2039 2039 2039 3201 536 335 3201 477 1656 477 477 477 1656
1634 1634 1634 1634 1634 1634 1634 1634 1634 1634 1634 1634 1634 1634 1634 1634 1634 1634 1634 1634
3289 335 210 3289 2039 335 210 210 335 2039 1656 2039 3201 1656 536 536 210 536 2039 3289
1634 536 3289 1656 3289 3201 1656 536 1656 210 536 2039 2039 3289 3289 3201 536 335 3201 477
210 210 2935 3201 2935 1656 2935 2935 1656 1656 1656 3201 1656 1656 1656 536 536 2039 1634 1634
2935 2935 2935 1656 477 477 477 1656 477 477 1656 1656 2935 3201 1656 477 477 477 210 1656
3289 3289 3289 210 335 335 335 210 335 3201 210 210 210 210 210 3201 2039 3201 335 536
3289 3289 536 3289 1656 4699 3289 1656 536 1656 210 536 4699 4699 4699 4699 3289 536 3289 4699
3201 3201 3201 3201 3201 3201 1634 1634 1634 1634 335 536 2039 3201 1656 536 536 536 536 2039
1634 1634 1634 1634 1634 1634 1634 1634 3201 3201 1634 1634 1634 1634 1634 1634 1634 1634 1634 1634
1634 1634 1634 1634 1634 1634 1634 1634 1634 1634 1634 1634 1634 1634 1634 1634 1634 1634 1634 1634
536 3289 3289 3289 3289 3201 536 335 3201 477 1656 2935 477 477 1656 477 477 477 1656 477
3289 536 3289 3201 477 1656 477 2935 477 1656 477 2935 477 1656 477 477 1656 477 3201 1656
536 3289 3289 3289 3289 3201 536 2039 3201 477 2039 210 2935 2935 2039 210 2935 2935 210 2935
536 210 4699 3289 1634 1634 335 335 335 1634 335 335 335 335 1634 1634 1634 335 335 210
210 210 2935 3201 477 477 1656 1656 477 2935 477 1656 1656 2935 2935 3201 1656 2935 210 2935
1634 1634 536 2039 1656 3289 3201 1656 536 536 1656 536 2039 2039 2039 3289 3201 536 2039 3201
3289 210 3289 3201 1656 536 1656 210 536 2039 2039 3289 3289 3201 536 2039 3201 477 1656 477
210 2935 210 477 477 477 1656 210 3201 477 1656 2935 477 1656 477 477 210 477 1656 3201
210 3289 2935 1634 3201 335 1656 2935 2935 2935 1656 536 536 210 536 3289 3289 2039 3289 210
210 2935 210 2935 1656 2935 1656 2935 477 1656 477 1656 3201 2935 1656 2935 477 1656 2935 2935
210 210 2935 477 477 2935 1656 1656 477 3201 477 1656 477 1656 477 1656 477 1656 477 1656
536 210 3289 4699 3201 1634 335 210 2039 335 210 210 2039 2039 210 2039 335 210 2039 335
3201 3201 3201 3201 3201 3201 3201 3201 1634 1634 1634 536 335 536 2039 3201 1656 536 536 210
3201 210 210 3289 1656 1656 1656 210 536 536 3289 3201 2039 536 210 3289 2039 335 1656 2039
1634 1634 1634 1634 1634 1634 1634 1634 1634 1634 1634 1634 1634 1634 1634 1634 1634 1634 1634 1634
2935 210 2935 210 2935 210 2935 1656 2935 2935 1656 2935 3201 2935 1656 2935 477 1656 1656 210
2935 3289 210 2935 210 2935 2935 1656 210 2935 210 2935 2935 210 2935 210 3201 477 210 477
3201 3201 3201 2935 3201 3201 3201 3201 3201 3201 3201 3201 1634 1634 1634 1634 335 536 2039 3201
210 210 2935 536 2039 1634 1634 335 335 335 335 335 335 3201 2039 536 1656 3289 2039 1634
2935 210 3289 2935 2935 1656 1656 2935 1656 1656 3201 1656 1656 1656 1656 536 536 2039 3201 2039
1634 335 335 335 335 1634 1634 335 335 335 335 1634 1634 335 335 335 335 2039 335 335
210 2935 1656 3201 2935 1656 1656 3201 1656 536 536 536 2039 3201 2039 536 536 2039 2039 335
536 210 536 3289 3289 3289 3289 3201 536 3289 3201 477 1656 2935 477 477 335 536 2935 2935
210 3289 2039 210 2039 335 210 210 2039 335 210 335 2039 1656 3289 3201 1656 536 536 210
1634 1634 1634 1634 1634 1634 1634 1634 1634 1634 1634 1634 1634 1634 1634 1634 1634 1634 1634 1634
210 210 2935 536 2039 1634 1634 335 335 335 335 335 335 3201 2039 536 1656 3289 2039 1634
1634 1634 1634 1634 1634 1634 1634 1634 1634 1634 1634 1634 1634 1634 1634 1634 1634 1634 1634 1634
210 210 2935 3201 2935 477 1656 1656 2935 477 477 2935 1656 2935 3201 1656 2935 1656 2935 1656
210 3289 210 210 536 536 3289 1634 335 335 335 335 335 3201 2039 1656 536 1656 2039 3289
210 2935 3201 4608 2935 210 1656 2935 1656 1656 3201 210 1656 1656 1656 536 536 2039 3201 2039
2935 3201 210 477 477 1656 1656 2935 1656 1656 3201 1656 1656 1656 1656 536 536 2039 3201 2039
