1831 1831 1831 485 485 1831 508 508 508 508 508 508 508 508 508 508 508 508 508 508
1897 649 1897 1831 649 1897 1831 649 649 1897 1831 649 649 1831 649 649 1831 1831 649 1745
1745 1745 649 1897 508 508 1897 649 1897 1897 649 649 1897 1897 649 1897 1831 649 1745 1831
1745 1745 1745 1745 1783 473 1745 1783 2 1809 2 2 2 1831 1809 2 2 2 1809 2
2 1809 1809 2 2 1809 2 1809 1809 1809 1783 2 2 1809 2 2 1809 1809 1809 1783
473 473 1745 1745 508 508 1831 649 1897 1897 649 649 1897 1897 649 1897 649 1897 1831 649
508 508 508 508 508 508 508 508 508 485 485 508 508 1831 1809 1745 2 1976 473 473
508 485 485 508 508 1831 1809 1745 2 1809 473 473 1809 473 1745 1745 1745 1745 1783 473
1897 508 508 1897 649 1897 1897 649 649 1897 1897 649 1897 1831 649 1745 1831 649 649 1745
2 1809 2 2 1809 1809 2 1783 1809 2 2 1809 1809 2 2 2 1809 2 1783 2
2 1809 1809 2 2 2 1809 2 1783 1809 2 1809 2 1809 2 1809 2 1809 2 2
1831 1831 1831 1831 1831 1831 649 1745 1783 1831 1809 473 473 473 473 1745 1745 1745 1745 1783
485 485 508 508 508 508 485 485 485 485 485 485 485 485 485 1783 1783 1783 1783 1783
473 1809 473 1745 1745 1745 1745 1783 473 1783 1783 2 1809 2 2 2 1976 2 2 2
1809 2 2 2 1809 1783 1809 1809 473 473 1745 485 485 1783 1745 473 1809 1745 1745 1809
485 508 508 508 508 485 485 485 485 485 485 485 485 485 1783 1783 1783 1783 1783 1783
508 508 508 508 485 485 508 508 1831 1809 1745 2 1976 473 473 473 473 1745 1745 1745
508 508 508 508 508 508 508 508 485 485 508 508 1831 1809 1745 2 1976 473 473 1809
1783 1809 1809 1809 1809 473 473 1745 1783 1745 473 473 1745 1745 1831 649 1745 2 1976 473
649 1897 1897 649 649 1831 649 1831 508 508 1831 649 1897 1783 649 2 2 649 1745 1745
2 1809 2 2 1809 1809 1809 2 1783 2 2 1809 1809 2 2 2 1809 1809 2 2
508 508 508 508 508 508 508 508 508 508 485 485 508 508 1831 1976 1745 2 1976 473
485 1831 1831 1831 508 1831 1831 1831 508 1831 1809 1745 2 1976 473 473 473 473 1745 1745
2 2 1809 1783 649 1897 1897 1809 1809 1809 649 649 1897 1897 473 1745 649 1897 1831 649
1809 2 1809 1783 2 1809 2 1809 1809 1809 1809 1783 1809 1809 473 473 1745 485 485 485
1897 1897 1897 649 1831 649 1897 1831 649 1897 1831 649 1831 1831 649 1897 1831 649 485 485
1783 1809 1809 2 2 1809 1809 2 2 2 1809 2 2 1783 1809 2 1809 2 1809 2
2 2 2 1809 1809 2 2 1783 1809 2 1809 2 1809 2 1809 2 1809 2 2 1809
2 1809 2 1783 2 1809 2 2 1809 1809 1809 1809 1783 1809 1809 1809 473 473 1745 485
2 2 2 1809 2 2 473 1809 1745 1745 1809 1809 2 1783 1809 2 2 1809 1809 2
1809 485 485 485 485 649 1831 485 485 485 508 508 508 508 508 508 508 508 508 508
1783 1809 2 1809 2 2 1809 2 1809 2 1809 2 2 1809 1809 1783 2 1809 2 2
1783 1809 2 1783 1783 1809 2 1809 2 2 1809 2 1809 1809 2 2 2 1809 1809 1809
1783 2 1809 2 2 2 1809 2 2 2 1809 2 2 1809 1809 2 1783 1809 2 2
473 1745 1783 1745 473 473 1745 1745 1831 649 1745 2 1809 473 473 1809 473 1745 1745 1745
2 649 1897 1897 1897 2 473 1897 1897 1783 473 1897 508 473 2 1831 649 649 1783 1783
508 508 508 508 508 508 508 508 508 508 508 508 508 485 485 508 508 1831 1976 1745
1783 473 1897 1783 2 1809 2 2 2 1809 2 2 2 1809 2 2 1809 1809 1809 2
2 1809 2 2 1809 2 2 1809 2 1809 1809 1783 1809 1809 1809 1809 473 1745 485 485
1745 1783 1809 473 473 1809 473 1745 1745 1745 1745 1783 473 1783 1783 2 1976 2 2 2
1809 473 1745 1897 1897 1745 1783 473 1897 1783 2 1809 2 2 2 1976 2 2 2 1809
2 2 2 1809 1809 2 1783 1809 2 1809 2 1809 2 1809 2 1809 2 2 1809 2
1897 1783 1976 649 1897 1831 649 1831 1831 649 1745 1783 1809 473 473 649 473 1745 1745 1745
1897 1783 2 1809 1783 1783 2 1809 2 1783 2 1809 2 1783 1809 1809 2 1809 1783 1809
508 485 485 508 508 1831 473 1745 1783 1809 473 473 473 473 1745 1745 1745 1745 1783 473
1783 1809 1783 1783 1809 1809 1783 1809 1783 2 2 1809 1809 2 2 2 2 1809 1809 1783
1809 1783 2 1809 2 2 1809 2 2 1809 2 1809 1783 1809 1809 1809 1809 473 1745 485
1809 1809 1809 1783 1809 1809 1783 1831 1831 1831 485 485 1831 508 508 508 508 508 508 508
2 1809 2 2 1809 2 1809 2 1809 2 2 1809 1809 1783 2 1809 2 2 1809 2
1809 1809 2 2 1783 1809 2 1809 2 2 1809 2 1809 2 1809 2 2 2 1809 1809
649 1897 1897 649 649 1897 1897 649 1897 1831 649 1897 1831 649 649 1897 1831 649 1831 1831
1745 1897 1783 473 1897 1783 2 1809 2 2 2 1809 2 2 2 1809 2 2 1809 1809
508 508 508 508 508 508 508 508 508 508 508 508 508 508 508 485 485 485 485 485
1809 2 2 2 1809 2 2 1809 1809 1809 2 1783 1783 2 1809 1809 1809 1809 1783 1809
485 485 508 508 508 508 508 508 508 508 508 508 508 508 508 508 508 508 485 485
1831 1831 1831 1831 649 1745 2 1809 473 473 1809 473 1745 1745 1745 1745 1783 473 1745 1783
1809 485 485 485 485 649 1831 485 485 485 508 508 508 508 508 508 508 508 508 508
508 508 508 508 508 508 508 508 508 508 508 508 508 485 485 508 508 1831 649 1745
473 1745 1783 1745 473 473 1745 1745 1831 649 1745 2 1809 473 473 1809 473 1745 1745 1745
1809 2 2 1809 2 1809 2 2 1809 2 2 1809 2 2 1809 2 1809 1783 1809 1809
1809 473 473 1809 473 1745 1745 1745 1745 1783 473 1745 1783 2 1809 2 2 2 1976 2
1809 2 2 2 1809 2 2 2 1809 2 2 1809 1809 2 1783 1809 2 2 2 1809
473 1831 1783 2 1809 2 2 2 1809 2 2 2 1809 2 2 1809 1809 1809 2 1783
508 508 508 508 508 508 508 485 485 508 508 1831 649 1745 1783 1809 473 473 1809 473
649 1831 1831 1831 1831 1831 1831 1831 1831 649 1831 1831 1831 1831 1831 1831 1831 1831 1831 1831
2 1809 2 2 1809 1783 2 2 1809 2 1809 1809 1809 1783 1809 1809 1809 485 473 473
508 508 508 508 508 508 508 508 508 508 508 508 485 485 508 508 1831 1976 1745 2
1831 1809 1745 1783 1809 473 473 473 473 1745 1745 1745 1745 1783 473 1831 1783 2 1976 2
2 2 1809 2 2 2 1809 2 2 1809 1809 2 1809 1783 2 2 2 1809 1809 2
1745 1783 1976 473 473 1809 473 1745 1745 1745 1745 1783 473 1831 1783 2 1976 2 2 2
485 485 508 508 1831 649 1745 2 1809 473 473 1809 473 1745 1745 1745 1745 1783 473 1745
1745 1745 1745 1783 473 1831 1783 2 1809 2 2 2 1809 2 2 2 1809 2 2 1809
2 1783 2 2 1809 1809 2 1809 1809 1783 1809 1809 1809 1809 473 473 1745 1783 1745 473
1809 473 473 1809 473 1745 1745 1745 1745 1783 473 1897 1783 2 1809 2 2 2 1976 2
1831 1831 1831 1831 1831 485 1831 1831 1831 1831 485 485 1831 1831 485 485 485 485 485 485
1809 2 1809 1783 1809 2 2 2 1809 1809 2 2 2 1809 1809 2 1783 1809 2 1809
1745 1783 473 1831 1783 2 1809 2 2 2 1809 2 2 2 1809 2 2 1809 2 1783
2 1809 1809 1783 2 1809 2 2 1809 2 2 2 1809 2 1831 1809 1783 1809 1809 1809
1809 1783 1809 1809 473 1831 1831 1831 485 485 1831 508 508 508 508 508 508 508 508 508
649 1745 1783 1809 473 473 1809 473 1745 1745 1745 1745 1783 473 1831 1783 2 1976 2 2
508 508 508 508 508 508 508 508 508 508 508 508 508 508 508 485 485 485 485 485
649 1831 1831 649 1897 1897 649 649 1897 1897 1897 649 1831 649 1897 1831 649 1897 1831 649
2 1783 2 2 1809 1809 2 2 2 1809 1809 2 2 1783 1809 2 1809 2 2 1809
2 1809 1809 1809 2 1783 2 2 1809 1809 2 1809 1783 1809 1809 1809 1809 473 473 1745
1809 2 1809 2 1809 2 1809 2 1809 2 2 1809 2 2 1809 2 2 2 1809 2
2 1809 2 2 2 485 473 1809 2 2 2 1809 2 2 1809 1809 2 1783 1809 2
1783 1809 2 2 1809 2 2 2 1809 1783 1809 1809 473 473 1745 485 485 1783 1745 473
2 1809 2 1809 2 1809 2 1809 1809 2 2 1809 1783 2 1809 2 2 1809 2 2
2 1809 2 2 2 1809 2 2 1809 1809 1809 2 1783 2 2 1809 1809 1809 1809 1783
2 1809 2 1809 1809 1809 1809 473 473 473 473 1783 1745 1745 1745 1745 1809 1809 1809 1783
649 1897 1831 649 1897 1831 649 649 1897 1831 649 1831 1831 649 1745 1783 1976 473 473 649
2 1809 2 1783 1809 2 1809 2 1809 2 1809 2 1809 2 1809 2 2 1809 2 2
2 1809 1809 2 1809 1809 1783 1809 1809 1809 1809 473 473 1745 1783 1745 473 1809 1745 1745
1809 1783 1809 1809 473 473 1745 1783 1783 1745 1976 473 1809 1745 1745 1831 485 649 1831 1831
1897 2 1809 473 473 473 473 1745 1897 1745 1897 1783 473 1783 1783 2 1976 2 2 2
649 1831 1831 1809 1745 2 1809 473 473 1809 473 1745 1745 1745 1745 1783 473 1831 1783 2
1897 1897 1783 473 1897 1783 2 1809 2 2 1783 1809 1783 2 2 1809 2 1783 1809 1809
1831 473 1745 1783 1831 1809 473 473 473 473 1745 1745 1745 1745 1783 473 1831 1783 2 1809
2 2 2 1809 1809 1783 2 1809 2 1809 1809 1809 1809 1783 1809 1809 473 473 1745 485
485 485 1809 2 2 2 1809 2 2 1809 1809 2 1783 1809 2 2 2 1809 1809 2
1897 1897 1783 473 1897 1783 2 1809 2 2 1783 1809 1783 2 2 1809 2 1783 1809 1809
1809 1809 2 2 1783 1809 2 2 1783 1809 2 1809 2 2 1809 2 1809 1809 2 2
1809 1783 1809 1831 1831 2 2 2 1809 2 2 1831 1831 1809 1809 1783 1809 1809 473 473
2 2 2 1809 1809 2 2 2 1809 2 1783 1809 2 1809 2 1809 2 1809 2 1809
473 473 1745 1745 1831 1809 1745 2 1809 473 473 473 473 1745 1745 1745 1745 1783 473 1745
1897 1831 649 649 1831 649 649 1831 1831 649 1745 1783 1809 473 473 1809 473 1745 1745 1745
2 1809 2 1783 2 1809 2 2 1809 1809 1809 1809 1783 1809 1809 1809 473 473 1745 485
1783 2 2 1809 1809 2 2 2 1809 1809 2 2 1783 1809 2 1809 2 1809 2 1809
485 485 485 1783 1745 1809 473 1809 1745 1745 508 508 1897 649 1897 1897 649 649 1897 1897
1745 1783 2 1809 2 2 2 1831 1809 2 2 1745 1831 1809 2 2 1831 1831 1831 1809
508 508 508 508 508 508 508 508 508 508 485 485 508 508 1831 1976 1745 2 1976 473
2 2 1809 2 1783 1809 1809 2 2 1809 1809 2 1809 1809 1783 1809 1809 1809 1809 473
2 2 1809 1809 2 1783 1809 2 1809 2 1809 2 1809 2 1809 2 1809 2 2 1809
1809 473 473 1745 1783 1745 473 473 1745 1745 1831 649 1745 1783 1809 473 473 1809 473 1745
473 473 1809 473 1745 1897 1897 1745 1783 473 1783 1783 2 1809 2 2 2 1976 2 2
1745 485 485 485 1783 1745 473 473 1745 1745 508 508 1831 649 1897 1897 649 649 1897 1897
473 1783 1783 2 1809 2 2 2 1809 2 2 2 1809 2 1783 1809 1809 1809 2 1783
485 485 485 485 485 485 485 508 508 508 508 508 508 508 508 508 508 508 508 508
2 1809 1809 1783 2 2 2 1809 2 1783 1809 1783 1809 2 1809 2 1809 2 1809 2
473 1745 1783 1745 1809 2 2 2 1809 2 2 473 1809 1745 1745 1809 1809 2 1783 1809
473 1745 485 485 1783 1745 1809 473 1809 1745 1745 508 508 1831 649 1897 1897 649 649 1745
1809 1745 1783 1809 473 473 1809 473 1745 1745 1745 1745 1783 473 1783 1783 2 1976 2 2
1831 649 1831 1831 1831 649 1831 1831 649 485 485 649 1831 1831 649 1745 1783 1976 473 649
1897 1897 649 649 1897 1897 649 1897 1831 649 1897 1831 649 649 1897 1831 649 649 1831 1831
1783 473 1831 1783 2 1745 473 2 2 1831 473 2 2 1809 2 2 2 1809 2 1809
1745 485 485 485 1783 1745 473 1809 1745 1745 508 508 1897 649 1897 1897 649 649 1745 1897
485 485 508 508 508 508 485 485 485 485 485 485 485 485 485 1783 1783 1783 1783 1783
508 508 508 508 485 485 485 485 485 485 485 485 485 1783 1783 1783 1783 1783 1783 1783
1897 1831 1809 1809 1831 1831 1809 1745 2 1976 473 473 1809 473 1745 1745 1745 1745 1783 473
2 1809 2 2 1809 2 1809 1783 1809 1809 1809 1809 473 1745 485 485 485 485 485 485
1809 1783 2 2 1809 1809 2 1783 1809 2 1809 2 1809 2 1809 2 1809 2 1809 2
1745 1745 1745 1897 1783 473 1897 1783 2 1809 2 2 2 1809 2 2 2 1809 2 2
2 2 2 1809 1809 1783 2 2 1809 2 2 1809 2 2 1809 2 1809 1783 1809 1809
1831 649 649 1831 1831 1897 1831 1831 649 1745 2 1809 473 473 1809 473 1745 1745 1745 1745
473 473 1745 1745 1745 1745 1783 473 1745 2 2 1809 2 2 2 1809 2 2 2 1809
508 485 1831 1831 649 1897 1897 649 649 1897 1897 649 1897 1831 1831 1831 1831 1831 1831 649
1783 2 1809 1809 2 1809 1783 1809 2 2 2 1809 1809 1783 1809 1809 1809 1809 473 473
508 508 508 508 508 508 508 508 508 508 508 508 508 508 508 485 485 508 508 1831
2 1809 2 1809 1783 1809 1809 1809 1809 1783 1809 473 1745 485 485 485 485 485 485 485
1783 2 1809 1809 1783 1809 1783 2 2 1809 1809 2 1809 1809 1783 1809 1809 1809 1809 473
1783 2 1809 1809 1809 1809 1783 1809 473 485 473 473 1745 1783 1745 1976 473 1809 1745 1745
1783 1809 2 2 2 1809 2 2 473 1745 1809 2 1809 1783 1783 1809 2 2 1809 2
1745 1831 649 1745 1783 1809 473 473 1809 473 1745 1745 1745 1745 1783 473 1745 1783 2 1976
1783 1809 1809 1809 1809 473 1745 1831 1831 1831 1831 1831 1831 1831 1831 1831 1831 1831 1831 1831
1783 2 1831 1831 1809 1809 1783 1809 1809 473 473 1745 1783 1783 1745 1976 473 1809 1745 1745
1809 2 1831 1809 1783 1809 1809 1809 1809 473 1745 1831 1831 1831 1831 1831 1831 1831 1831 1831
1809 1783 1809 1783 2 1809 1809 2 1783 2 2 1809 2 1809 2 2 1809 1809 1783 1809
1809 2 1809 2 1809 2 1809 2 1809 2 2 2 1809 1809 1783 2 1809 2 2 1809
649 1897 1831 649 649 1897 1831 649 649 1831 1831 1831 1831 1831 1831 1831 1831 1831 1831 649
1809 1783 1783 1809 1783 1809 1809 1783 1897 485 485 649 1783 485 485 485 485 485 485 485
485 508 508 508 508 485 485 485 485 485 485 485 485 485 1783 1783 1783 1783 1783 1783
649 1897 1831 1809 649 1897 1831 649 649 1831 1831 649 1745 1783 1976 473 473 1809 473 1745
473 473 1809 473 1745 1745 1745 1745 1783 473 1745 1783 2 1809 2 2 2 1745 1809 2
1745 1745 1745 1783 473 1897 1783 2 1809 2 2 2 1809 2 2 2 1809 2 2 1809
1783 1783 1809 1783 2 1783 1809 2 2 1809 1809 1783 1809 1783 2 2 1809 1809 2 2
1809 1809 2 2 2 2 1809 1809 2 1783 1809 2 1809 2 1809 2 1809 2 1809 2
473 473 1745 1745 1745 1745 2 473 1745 2 2 1976 2 2 2 1976 2 2 2 1976
2 1809 2 2 1809 1809 2 1809 2 2 2 1809 1809 1783 2 2 1809 2 2 1809
1809 2 1783 2 1809 1809 1809 2 2 2 2 1809 2 2 1783 1809 2 2 1809 2
1809 2 2 2 1809 1809 2 1783 2 1809 1809 1809 2 2 2 2 1809 2 2 1783
2 1809 1809 1783 1809 1809 1809 1809 473 473 1745 1783 1745 473 473 1745 1745 1831 649 1745
508 508 508 508 485 485 508 508 1831 649 1745 2 1976 473 473 473 473 1745 1745 1745
2 2 1809 2 2 2 1809 2 2 1809 1809 2 1809 1783 2 2 1809 1809 2 1809
1783 2 1809 2 2 1809 1809 2 1783 1809 2 2 1809 1809 2 2 2 1809 2 1783
508 508 508 508 508 508 508 508 508 508 508 508 508 508 508 508 485 485 508 508
1809 1809 1809 1809 1783 1809 1809 2 473 1745 485 485 1783 1745 1809 473 1809 1745 1745 485
2 1831 1809 2 2 1831 473 2 2 1809 2 2 2 1809 2 1809 1809 2 2 2
2 2 2 1809 2 2 2 1809 2 2 1809 1809 1809 2 1783 2 2 1809 1809 2
473 1831 1783 2 1809 2 2 2 1809 2 2 2 1809 2 2 1809 1809 2 1809 1783
649 1783 1809 1809 1809 1809 2 473 1745 1783 1745 473 473 1745 1745 1831 649 1745 1783 1976
1783 1809 2 2 2 1809 1809 2 2 2 1809 2 1783 1809 2 1809 2 1809 2 1809
1809 2 2 1809 1809 2 2 2 1809 2 2 1783 1809 2 1809 2 1809 2 1809 2
1809 1783 2 1809 2 1809 1809 2 1809 1809 473 1831 649 1831 1831 649 1897 1831 649 649
1809 473 473 473 1897 1783 1897 473 473 1745 1745 1831 649 1745 1783 1976 473 473 1809 473
1809 1809 2 2 1783 1809 2 2 1809 1809 1809 2 1809 2 2 2 1809 1809 1783 2
1897 1897 1809 1897 1831 649 1897 1783 649 649 1897 1783 649 1831 1831 649 1745 1783 1976 473
1809 1809 2 2 1783 1809 2 1809 2 1809 2 1809 2 1809 2 2 1809 1809 1783 2
508 508 508 508 508 508 508 508 508 508 485 485 508 508 1831 473 1745 2 1809 473
1745 1745 1783 473 1831 1783 2 1809 2 2 2 1809 1809 2 2 2 1783 2 1809 1809
1745 1745 1745 1783 473 1897 1783 2 1809 2 2 2 1976 2 2 2 1809 2 2 1809
508 508 508 485 485 485 485 1783 485 485 485 485 1783 1783 1783 1783 1783 1783 1783 1783
2 1809 1809 2 1809 2 2 1809 1809 1783 2 1809 2 2 1809 2 2 2 1809 2
1809 1745 508 508 1897 649 1897 1897 649 649 1897 1897 1897 649 1831 649 1745 649 1745 1831
1809 1809 2 1783 1809 2 1809 2 1809 2 1809 2 1809 2 1809 2 2 1809 2 2
2 2 2 1809 1809 2 1809 2 1783 2 1809 2 2 1809 1809 2 1809 2 2 2
649 649 1897 1897 1809 2 2 2 1809 2 2 649 1897 1809 2 1809 1783 1809 2 2
1831 485 485 1831 485 1831 1831 473 1745 2 1809 473 473 473 473 1745 1745 1745 1745 1783
1897 1783 1809 473 473 473 473 1897 1897 1745 1745 1783 473 1897 1783 2 1976 2 2 2
649 649 1831 1831 1809 1745 2 1809 473 473 473 473 1745 1745 1745 1745 1783 473 1745 1783
508 508 508 508 485 485 485 485 485 485 485 485 485 1783 1783 1783 1783 1783 1783 1783
473 473 1745 1783 1745 473 473 1745 1745 1831 1809 1745 2 1976 473 473 1809 473 1745 1745
1809 1809 473 473 473 1897 1783 1745 473 473 1745 1745 1783 473 1745 1783 1976 473 473 1809
1783 1809 2 1809 2 1809 2 1809 2 1809 2 2 2 1809 1809 1809 1783 2 1809 1809
1809 2 1809 2 2 1809 2 2 1809 1783 2 1809 2 1809 1809 1809 1809 1783 1809 1809
1745 1745 1745 1745 1783 473 1831 1783 2 1809 2 2 2 1976 2 2 2 1809 2 2
649 1897 1783 1809 473 473 1809 473 1745 1897 1897 1745 1783 473 1897 1783 2 1976 2 2
508 508 508 508 485 485 508 508 1831 1809 1745 2 1809 473 473 473 473 1745 1745 1745
1809 2 1809 2 2 1809 1809 2 473 1745 1783 2 1809 1809 1809 1809 1783 1809 2 2
1897 1745 1745 1783 473 1831 1783 2 1809 2 2 2 1976 2 2 2 1809 2 2 1809
473 1809 1745 1745 508 508 1897 649 1897 1897 649 649 1897 1897 649 1897 1831 649 1897 1831
1809 473 473 1809 473 1745 1745 1745 1745 1783 473 1745 1783 2 1809 2 2 2 1809 2
2 1809 2 1809 2 1809 2 2 1809 2 1809 2 2 1809 2 2 1809 2 2 1809
485 508 508 508 508 508 508 508 508 508 508 508 508 508 508 508 508 485 485 508
485 485 485 485 508 508 508 508 508 508 508 508 508 508 508 508 508 508 508 508
649 1897 1897 649 649 1897 1897 1897 649 1831 649 1897 649 1897 1831 649 649 1745 1831 649
1809 2 2 1783 1809 2 2 2 1809 2 2 1809 1809 2 1809 1783 2 2 1809 1809
1783 1745 473 473 1897 1745 1783 473 1745 2 1809 473 473 473 473 1745 1745 1745 1745 1783
1783 2 1809 2 2 2 1809 2 2 2 1809 2 2 1809 1809 1809 2 1783 2 2
1831 649 1897 1831 649 649 1897 1831 649 649 1831 649 649 1831 1831 649 1745 2 1976 473
508 1897 649 1897 1897 649 649 1897 1897 649 1897 1831 649 1897 1831 649 649 1897 1831 649
1783 1809 2 2 2 1809 1809 2 2 2 1809 1809 2 1783 1809 2 1809 2 1809 2
508 508 508 485 485 508 508 1831 649 1745 2 1976 473 473 1809 473 1745 1745 1745 1745
2 1809 1809 1809 1783 1809 1809 1809 473 473 1745 485 485 485 1783 1745 473 473 1745 1745
2 2 1809 1809 2 2 2 1809 1809 2 2 1783 1809 2 1809 2 1809 2 1809 2
1809 1809 2 2 2 1809 1809 1809 2 1783 2 1809 2 1809 1809 1809 1809 1783 1809 1809
2 1809 2 2 1809 1809 2 1809 2 2 2 1809 1809 1783 2 2 1809 2 2 1809
1745 1745 649 1897 508 508 1897 649 1897 1897 649 649 1897 1897 649 1897 1831 649 1745 1831
1809 2 2 1809 1809 1809 1809 1783 2 2 2 2 1809 1809 1809 1783 1809 2 1809 2
508 1897 649 1897 1897 649 649 1897 1897 649 1897 1831 649 1897 1831 649 649 1897 649 649
2 2 1809 1809 2 1783 1809 2 1809 2 1809 2 1809 2 1809 2 1809 2 2 1809
1783 1809 1783 2 1809 1783 2 1809 1809 1809 1809 1783 1809 1809 473 473 1745 485 1831 1831
1831 1831 649 1831 1831 1831 1831 1831 1831 1831 1831 649 1831 1831 1831 1831 1831 1831 1831 1831
2 1809 1809 2 1809 2 2 1809 1809 2 1783 2 1809 2 2 1809 1809 1809 1783 1809
649 649 1897 1897 649 1897 1831 649 1897 1831 649 649 1897 1831 649 1831 1831 649 1745 1783
1809 473 1745 1745 1745 1745 1783 473 1831 1783 2 1976 2 2 2 1976 2 2 2 1809
2 1809 2 2 1809 1809 2 473 1783 2 2 2 1809 1809 2 2 2 1809 1809 2
508 508 508 508 508 508 508 508 508 508 508 485 485 485 485 485 485 485 485 485
1809 1809 1783 1783 2 2 2 2 1809 1783 2 1809 1783 2 1809 2 1809 2 2 1809
1809 2 2 2 1809 2 2 1809 1809 1809 2 1783 2 2 1809 1809 2 2 1809 1809
1783 1745 485 473 1809 1745 1745 1831 1831 1831 1831 1831 1831 1831 485 1831 1831 485 485 485
1783 1809 1783 2 1809 2 2 1809 1809 1809 1783 1809 1809 1809 473 473 1745 485 485 485
1809 2 2 1809 2 1809 1783 1809 2 2 1809 1809 2 2 2 1809 1809 2 2 1783
2 1783 1809 2 2 2 1809 1809 2 2 2 1809 1809 2 1783 1809 2 1809 2 1809
508 508 508 508 508 508 508 508 508 508 485 485 508 508 1831 1976 1745 2 1976 473
2 2 1809 1809 1783 2 1809 2 2 1809 2 2 2 1809 2 1831 1809 1783 1809 1809
2 1809 2 2 1809 1809 1809 1783 1809 1809 1809 473 473 1897 485 485 485 1783 1745 473
473 1831 1783 2 1809 2 2 2 1809 2 2 2 1809 2 2 1809 1809 2 1783 1809
1783 1783 1783 1809 1783 1783 1809 1809 1783 1809 1783 1809 1809 2 1809 1809 1783 1809 1809 1783
485 1783 1745 1809 473 1809 1809 1745 1745 1745 1831 1809 1745 2 508 508 1809 473 473 1809
1809 2 2 1783 1809 2 1809 2 1809 2 1809 2 1809 2 2 2 1809 1809 1783 2
1783 1783 1783 2 1809 1809 2 2 2 2 1809 2 1783 1809 2 1809 2 1809 2 1809
2 2 1809 2 2 1809 1809 1809 2 1783 2 2 1809 1809 2 2 2 1809 1809 2
1783 1783 2 1809 2 2 2 1809 2 2 2 1809 2 2 1809 1809 2 1809 1783 2
508 508 508 508 1831 1831 1831 1831 1831 485 485 508 508 1831 649 1745 1783 1809 473 473
1809 1809 1809 473 473 1745 1783 1745 473 1809 1809 1745 1745 1745 1831 1976 1745 2 1976 473
1831 1831 649 1831 1831 1831 1831 1831 1831 1831 1831 1831 1831 649 1831 1831 1831 649 1831 1831
473 1745 1745 1745 1745 1783 473 1831 1783 2 1809 2 2 2 1976 2 2 2 1809 2
1783 2 649 1897 1897 1809 2 2 2 649 649 1897 1897 1809 2 2 2 1809 2 2
485 485 485 485 485 485 485 508 485 485 508 508 1831 473 1745 1783 1809 473 473 1809
1809 1745 1783 1809 473 473 473 473 1745 1745 1745 1745 1783 473 1897 1783 2 1976 2 2
508 508 508 508 508 508 508 508 508 508 508 508 508 485 485 485 485 485 485 485
1831 1831 1831 508 1831 1831 1831 508 1831 1809 1745 2 1976 473 473 473 473 1745 1745 1745
1809 2 2 1809 1809 1809 1783 1809 1809 1809 473 473 1745 485 485 485 1783 1745 473 1809
508 508 508 508 485 485 485 485 1783 485 485 485 485 1783 1783 1783 1783 1783 1783 1783
473 473 1745 1745 649 1897 508 508 1897 649 1897 1897 649 649 1897 1897 649 1897 1831 649
2 1809 2 2 2 1809 2 1809 1783 2 1809 2 1809 1809 1809 1809 1783 1809 1809 473
1809 1809 2 1809 1783 2 1809 1809 1783 1809 473 473 473 1745 1783 1745 473 1809 1745 1745
1783 2 1809 1809 1809 1809 1783 1809 1809 473 473 1745 1783 1745 485 473 473 1745 1745 1831
485 1783 1745 473 473 1745 1745 649 1897 508 508 1897 649 1897 1897 649 649 1897 1897 649
1783 1783 2 1809 2 2 2 1809 2 2 2 1809 2 2 1809 1809 1809 2 1783 2
1809 2 2 2 1809 2 2 2 1809 2 2 1809 1809 1809 2 1783 2 2 1809 1809
485 485 485 485 1831 1809 1745 1783 1809 473 473 473 1745 1745 1783 485 485 1809 1745 1783
2 1809 1809 1809 2 1783 2 2 1809 1809 2 2 2 1809 1809 2 1783 1809 2 1809
2 2 1809 2 2 1809 1809 2 1783 1809 2 2 2 1809 1809 2 2 2 1809 1809
649 1831 485 1831 1831 649 1831 1831 649 1897 1897 649 649 1897 1897 1897 649 1831 649 1745
2 1783 2 2 1809 1783 1809 2 2 1809 1809 1783 1809 1809 2 1809 1783 2 1809 1783
1809 1809 1783 1809 485 1809 473 473 1745 485 485 1783 1745 1809 473 1809 1745 1745 508 508
2 1783 1809 2 2 1809 2 1809 1809 2 2 1809 2 1809 1809 1809 1783 2 2 1809
1745 1745 1745 1783 473 1831 1783 2 1809 2 2 2 1976 2 2 2 1809 2 2 1809
473 1809 473 1745 1745 1745 1745 1783 473 1745 1783 2 1976 2 2 2 1831 1809 2 2
2 2 1809 1809 1809 2 1809 2 2 2 1809 1809 1783 2 2 1809 2 2 1809 2
1745 1783 1976 473 473 1809 473 1745 1745 1745 1745 1783 473 1831 2 2 1976 2 2 2
1897 649 1897 1831 649 1897 1831 649 649 1897 1831 649 649 1831 1831 649 1745 1783 1976 473
649 1897 1897 649 649 1897 1897 649 1897 1831 649 1897 1831 649 649 1897 1831 649 649 1831
1831 1831 508 508 1831 1831 1831 649 1897 1897 1831 649 649 1897 1897 649 1897 1831 1831 649
1783 1831 1809 1745 1783 1809 473 473 473 473 1745 1745 1745 1745 1783 473 1745 1783 2 1976
2 1809 2 2 1809 1809 2 1809 2 2 1809 2 1809 1783 2 1809 2 2 2 1809
1897 1809 2 1809 1783 1809 2 2 2 1809 1809 2 2 2 1809 1809 2 1783 1809 2
1809 2 1809 2 1809 2 2 1809 1809 1783 2 1809 2 2 1809 2 1809 1809 1783 1809
1897 649 649 1897 1897 649 1897 1831 649 1897 1831 649 649 1897 1831 649 1831 1831 649 1745
1809 485 473 473 1745 485 485 1783 1745 473 1809 1745 1745 508 508 1831 649 1897 1897 649
1809 473 473 1745 1783 1897 473 1745 1783 2 473 1809 1745 1745 1809 2 2 2 1809 2
1809 1809 473 473 1745 485 485 485 1783 1745 473 473 1745 1745 1809 1897 508 508 1897 649
508 508 508 508 508 508 508 508 508 508 508 508 508 485 485 508 508 1831 1976 1745
1745 1783 473 1897 1783 2 1809 2 2 2 1809 2 2 2 1809 2 2 1809 1809 1809
2 1783 1809 2 2 2 1809 1809 2 2 2 1809 1809 2 1783 1809 2 1809 2 1809
508 1831 1809 1745 2 1809 473 473 473 473 1745 1745 1745 1745 1783 473 649 1783 2 1976
1809 2 1809 1783 1809 2 1809 2 2 1809 2 1809 2 1809 2 1809 1809 1783 2 1809
508 1831 1809 1745 1783 1809 473 473 473 473 1745 1745 1745 1745 1783 473 1831 1783 2 1976
1783 1783 2 1809 2 1809 1809 1809 1809 1783 1809 1809 473 473 1745 485 485 485 1783 1745
1809 1783 1809 2 2 1809 2 1809 1809 1809 1783 1809 1809 1809 1809 473 473 1745 1783 1745
1809 2 2 1809 1809 2 1783 1809 2 2 2 1809 1809 2 2 2 1809 2 1783 1809
508 508 485 485 485 485 485 485 485 485 485 1783 1783 1783 1783 1783 1783 1783 1783 1783
1809 1809 1809 2 1783 2 2 1809 1809 2 2 2 2 1809 1809 2 1783 1809 2 1809
485 485 485 485 508 508 508 508 508 508 508 508 508 508 508 508 508 508 508 508
2 2 1783 1809 2 1809 2 2 1809 2 1809 2 1809 2 2 2 1809 1809 1783 2
1897 1783 1809 649 1897 1783 473 1783 1831 473 1745 1783 1809 473 473 473 473 1745 1745 1745
508 508 508 508 508 508 508 508 508 508 508 508 508 508 508 485 485 508 508 1831
1809 2 2 2 1809 2 2 2 1809 2 2 1809 1809 1809 2 1783 2 2 1809 1809
2 2 1809 2 1809 1783 1809 2 2 1809 1809 2 2 2 1809 1809 2 2 1783 1809
473 1809 473 1745 1745 1745 1745 1783 473 1783 1783 2 1976 2 2 2 1976 2 2 2
2 1809 2 1809 1745 1809 2 1809 2 2 1809 2 1809 2 1809 2 1809 1809 1783 2
485 485 508 508 508 508 485 485 485 485 485 485 485 485 485 1783 1783 1783 1783 1783
1809 2 1809 2 1809 2 1809 2 1809 2 2 1809 1809 1783 2 1809 2 1809 1809 1809
2 2 2 1809 2 2 1809 2 1783 1809 1809 2 2 2 1809 1809 2 2 2 1809
508 485 485 485 485 485 485 485 485 485 1783 1783 1783 1783 1783 1783 1783 1783 1783 1783
508 508 485 485 485 485 1783 485 485 485 485 1783 1783 1783 1783 1783 1783 1783 1783 1783
649 649 1897 1897 649 1897 1831 1831 649 1897 1831 649 649 1897 1831 649 1831 1831 649 1745
2 1783 2 2 1809 1809 2 1809 1809 1783 1809 1809 1809 1809 473 473 1745 1783 1745 473
1745 508 508 1897 649 1897 1897 649 649 1897 1897 649 1897 1831 649 1897 1831 649 649 1745
1809 1809 1809 473 473 1745 485 485 485 1783 1745 473 649 1745 1745 508 508 1831 649 1897
2 1809 1809 2 1809 1783 2 2 1809 1809 2 2 2 2 1809 1809 2 1783 1809 2
2 1809 2 2 1809 2 2 1809 2 1809 1783 1809 1809 1809 1809 473 1745 485 485 485
1809 2 2 2 1809 2 2 1809 1809 1809 2 1783 2 2 1809 1809 2 2 2 1809
1809 2 2 2 1809 2 2 2 1809 2 2 1809 1809 2 1809 2 2 2 1809 1809
1831 1831 1831 649 1831 1831 649 485 485 649 1831 1831 649 1745 1783 1976 473 649 649 473
649 1897 1831 649 1897 1831 649 649 1897 1783 649 1831 1831 649 1745 1783 1976 473 473 1809
508 508 508 508 508 508 508 508 508 508 508 508 508 508 508 508 485 485 508 508
1809 1783 1809 1809 1809 1809 2 2 2 2 1809 1783 1809 1809 1809 1783 2 2 1831 1809
2 1809 473 473 1809 473 1745 1745 1745 1745 1783 473 1745 1783 2 1976 2 2 2 1976
508 508 508 508 508 508 508 508 508 508 508 508 508 508 485 485 508 508 1831 1976
2 1831 1809 1783 1809 1809 1809 1809 473 1745 1831 1831 1831 1831 1831 1831 1831 1831 1831 1831
2 1809 1809 2 2 2 1809 1809 2 2 1783 1809 2 1809 2 2 1809 2 1809 2
1809 2 2 1809 1809 1809 2 1783 2 2 1809 1809 2 2 2 2 1809 1809 2 1783
2 1831 1809 2 2 1783 1831 1809 2 2 1831 1831 1831 1809 1809 2 1831 2 2 1809
1809 1809 1809 2 1783 2 2 1809 1809 2 1809 1783 1809 1809 1809 1809 473 473 1745 1783
1745 1745 1897 1783 473 1897 1783 2 1809 2 2 2 1976 2 2 2 1809 2 2 1809
473 473 1809 473 1745 1745 1745 1745 1783 473 1783 1783 2 1809 2 2 2 1976 2 2
2 1809 2 1783 1809 1809 2 2 1809 1809 2 2 2 2 1809 1809 2 1783 2 1809
485 508 1831 1809 1745 2 1809 473 473 1809 473 1745 1745 1745 1745 1783 473 1745 1783 2
1831 1831 1831 1831 1831 1783 1831 1809 473 1809 1745 1745 485 485 1831 1831 485 485 1831 1831
473 473 1745 1783 1745 473 473 1745 1745 1831 649 1745 1783 1809 473 473 1809 473 1745 1745
2 1809 2 2 1809 2 1809 2 1809 2 2 1809 1809 1783 2 1809 2 2 2 1809
485 1831 1831 485 485 1831 1831 1831 508 1831 1831 1831 508 1831 1809 1745 2 1976 473 473
1831 649 1831 1831 1831 649 1831 1831 1831 649 1831 1831 649 485 485 649 1831 1831 649 1745
508 508 508 508 508 508 508 508 508 508 508 508 508 508 508 508 485 485 485 485
1809 2 1783 2 2 1809 1809 2 2 2 1809 1809 2 2 1783 1809 2 1809 2 2
2 1809 1783 2 1809 2 2 1809 2 2 1809 2 1809 1783 1809 1809 1809 1809 473 1745
485 485 485 485 485 485 508 508 508 508 508 508 508 508 508 508 508 508 508 508
473 473 1809 473 1745 1745 1745 1745 1783 473 1831 1783 2 1809 2 2 2 1976 2 2
1809 2 2 1809 1809 2 1809 2 1809 2 1809 2 2 1809 1783 2 1809 2 2 1809
1745 1809 2 2 2 1809 2 2 1783 1809 1809 2 1809 2 2 1809 1809 2 473 1745
1809 1745 2 1809 473 473 1809 473 1745 1745 1745 1745 1783 473 1831 1783 2 1976 2 2
2 2 1809 1809 2 2 1783 1809 2 2 1809 1809 1809 2 1809 2 2 2 1809 1809
2 1809 2 1809 2 1809 2 2 2 1809 1809 1809 1783 2 1809 1809 1809 1809 1783 1809
2 2 2 2 1809 1783 2 1809 2 2 1809 1783 1809 2 2 1809 1809 2 1783 2
508 1831 1809 1745 2 1809 473 473 473 473 1745 1745 1745 1745 1783 473 1745 1783 2 1976
485 485 485 485 485 485 485 485 508 508 508 508 508 508 508 508 508 508 508 508
1809 2 2 1809 1809 1809 2 1783 2 2 1809 2 1809 2 2 2 1809 1809 2 1783
1809 2 2 1809 2 2 2 1809 2 1809 2 2 1809 1783 1809 1809 1809 1809 473 1745
508 508 485 485 508 508 1831 1809 1745 2 1976 473 473 1809 473 1745 1745 1745 1745 1783
1809 2 2 1809 1809 2 1809 2 2 2 1809 2 1809 1783 2 1809 2 1809 1809 1809
1809 1783 2 1809 2 2 1809 1809 1809 1783 1809 1809 1809 473 473 1745 485 485 485 1783
473 1745 485 485 485 1783 1745 473 473 1745 1745 508 508 1831 649 1897 1897 649 649 1897
473 473 473 1745 1745 1745 1745 1783 473 1745 1783 2 1809 2 2 2 1831 1809 2 2
1809 473 473 1745 1783 1745 473 473 1745 1745 1831 649 1745 1783 1809 473 473 1809 473 1745
1809 1809 473 473 1745 1783 1745 473 473 1745 1745 1831 649 1745 1783 1809 473 473 1809 473
473 1745 485 485 485 1783 1745 473 473 1745 1745 508 508 1831 649 1897 1897 649 649 1897
2 2 1809 1809 1809 2 1783 2 2 1809 1809 2 2 2 1809 1809 2 2 1783 1809
508 508 485 485 485 485 485 1783 1783 1783 1783 1783 1783 1783 1783 1783 1783 1783 1783 1783
1831 1831 1809 1809 1783 1809 1809 473 473 1745 485 1783 1745 1976 473 1809 1745 1745 1831 485
2 2 1809 2 1809 1783 1809 2 2 1809 1809 2 2 2 1809 1809 2 2 1783 1809
2 1809 1809 2 1783 1809 2 1809 2 1809 2 1809 2 1809 2 1809 2 2 1809 1783
1783 1809 1809 473 473 1745 1783 1783 1745 1976 473 1809 1745 1745 1831 485 649 1831 1831 1831
2 1809 1809 1783 1809 1809 1809 473 473 473 1745 1783 1745 473 473 1745 1745 1809 1745 1831
1809 2 1783 2 2 1809 1809 2 1809 1809 1783 1809 1809 1809 1809 473 473 1745 1783 1745
1809 2 1809 2 2 2 1809 2 1809 1783 2 1809 2 1809 1809 1809 1809 1783 1809 1809
649 1897 1897 649 1897 1831 649 1897 1831 649 649 1897 1831 649 649 1831 1831 649 1745 1783
1783 2 2 1809 1809 2 2 2 1809 1809 2 2 1783 1809 2 1809 2 2 1809 1809
508 508 508 508 508 508 508 508 508 508 508 508 508 508 485 485 485 485 485 485
1897 1783 473 1783 1783 1783 1809 2 2 1783 1809 1783 1783 2 1809 2 1783 1809 1809 2
1783 1809 2 2 1809 1809 1809 1809 1783 2 2 2 2 1809 1809 1809 1783 1809 2 1809
1745 1745 1745 1745 1783 473 1783 1783 2 1809 2 2 2 1809 2 2 2 1809 2 2
649 1897 1831 649 1897 1831 649 649 1897 1831 649 1831 1831 649 1745 1783 1976 473 473 1809
485 508 508 508 508 508 508 508 508 508 508 508 508 508 508 508 508 485 485 508
1809 1809 2 1809 1783 2 2 2 1809 1809 2 2 2 1809 1809 2 1783 1809 2 1809
1897 1783 649 1831 1831 473 1745 1783 1809 473 473 473 473 1745 1745 1745 1745 1783 473 649
2 2 1809 1809 1809 2 1783 2 2 1809 1809 2 2 2 1809 1809 2 2 1783 1809
2 2 2 1809 2 2 2 1809 2 2 1809 1809 1809 2 1783 2 2 1809 1809 2
1831 649 1897 1897 649 649 1897 1897 649 1897 1831 649 1897 1831 649 649 1745 1831 649 649
2 1809 2 1809 2 1809 2 1809 2 2 1809 2 2 1809 1783 2 1809 2 2 1809
649 1897 1897 649 1897 1831 649 1897 1831 649 649 1897 1831 649 1831 1831 649 1745 2 1976
508 508 508 508 508 508 508 485 485 508 508 1831 1809 1745 2 1976 473 473 473 473
649 1897 1831 649 1831 1831 1809 1745 1783 1809 473 473 1809 473 1745 1745 1745 1745 1783 473
1809 1809 1783 1809 1809 2 473 1745 485 485 1783 1745 1809 473 1809 1745 1745 485 649 1897
1809 1809 2 1783 1809 2 1809 2 1809 2 1809 2 1809 2 1809 2 2 1809 2 2
473 1745 1745 1897 1897 1783 473 1897 1783 2 1976 2 2 2 1976 2 2 2 1809 2
473 1745 485 485 1783 1745 473 1809 1745 1745 1809 1745 508 508 1897 649 1745 1897 649 649
2 1809 2 2 2 1809 1809 1783 2 2 1809 2 2 1809 2 2 1809 2 1809 1783
1809 1809 1809 2 1783 2 2 1809 1809 2 2 2 1809 2 2 1783 1809 2 1809 2
485 485 485 485 508 508 508 508 508 508 508 508 508 508 508 508 508 508 508 508
2 2 1783 2 1809 1809 1783 1783 1809 2 1809 1783 1809 2 1809 2 1809 2 1809 1783
2 1809 2 1783 1783 1809 1809 2 1809 2 2 1809 1809 1783 473 1745 1783 2 1809 1809
1745 1783 473 1831 1783 2 1809 2 2 2 1809 2 2 2 1809 2 2 1809 1809 2
2 1809 1783 2 2 2 1809 1809 2 2 2 1809 1809 2 1783 1809 2 1809 2 1809
1783 1809 1783 1783 1783 1809 2 2 1809 1809 1809 1783 1783 2 2 1809 1809 2 1809 1783
485 485 508 508 508 508 485 485 485 485 485 485 485 485 485 1783 1783 1783 1783 1783
1745 1831 1809 1745 1783 1809 473 473 1809 473 1745 1745 1745 1745 1783 473 1831 1783 2 1976
1809 1809 2 2 2 1809 1783 2 1809 2 2 1809 1809 1809 1783 1809 1809 1809 473 473
1809 1783 1809 1809 1809 1809 473 473 1745 1783 1745 473 473 1745 1745 1831 1809 1745 2 1809
1809 2 2 1809 1809 1783 2 1809 2 2 1809 2 1809 2 1809 1783 2 1809 2 1809
473 1745 1831 649 1897 1831 649 649 1897 1831 1831 1831 649 649 1831 1831 1831 1831 1831 1831
1783 1745 473 1745 1783 2 473 1809 1745 1745 1809 2 2 2 1809 2 2 2 1809 2
485 485 485 485 485 485 485 485 485 508 508 508 508 508 508 508 508 508 508 508
2 2 1809 2 2 1809 2 1783 1809 1809 2 2 2 1809 1809 2 2 2 1809 2
2 2 1809 1809 2 1783 2 1809 2 1809 2 1809 2 1809 2 1809 2 2 1809 1809
1783 1809 1809 1809 473 473 1745 485 485 485 1783 1745 473 1809 1745 1745 508 508 1831 649
2 2 2 2 1809 1809 2 1783 1809 2 1809 2 1809 2 1809 2 1809 2 1809 2
1745 1783 2 1809 2 2 2 1831 1809 2 2 2 1809 2 2 473 1745 1809 2 1809
1783 1809 2 1809 2 2 1809 2 1809 2 1809 2 1809 1809 1783 2 1809 2 2 1809
2 1783 1783 1809 2 1809 2 2 1809 2 1809 1809 2 2 2 1809 1809 1809 2 1783
1745 1783 1745 473 1809 1745 1745 1831 1809 1745 2 1976 473 473 1809 473 1745 1745 1745 1745
485 485 485 485 508 508 508 508 508 508 508 508 508 508 508 508 508 508 508 508
2 1809 2 1809 2 1809 2 2 2 1809 1809 1783 2 1809 2 1809 1809 1809 1809 1783
1783 1783 1809 1783 2 1783 1809 2 2 1809 1809 1783 1809 1783 2 2 1809 1809 2 2
473 473 1745 485 485 1783 1745 473 1809 1745 1745 1809 1745 508 508 1831 649 1745 1897 649
1809 1809 1783 1783 1809 1783 1809 2 1809 2 1809 1783 1809 1783 1809 2 2 1809 1783 2
485 485 485 485 485 485 485 485 485 508 508 508 508 508 508 508 508 508 508 508
2 2 1809 1809 2 1783 1809 2 1809 2 2 1809 2 1809 2 1809 2 2 1809 1809
1783 1809 1809 1809 1809 473 473 1745 1783 1745 473 473 1745 1745 1831 1809 1745 2 1976 473
508 508 508 508 508 508 508 485 485 508 508 1831 649 1745 1783 1809 473 473 1809 473
2 2 1809 2 2 1809 2 1809 1783 1809 1809 1809 1809 1783 1809 473 1745 485 485 485
1783 1809 2 1809 2 1809 2 1809 2 1809 2 2 2 1809 1809 1809 1783 2 1809 1809
1783 1783 1809 1783 1809 1783 1809 1809 1809 1809 473 1897 485 485 485 485 485 485 485 485
508 508 508 508 508 508 508 508 508 508 508 485 485 508 508 1831 649 1745 2 1976
2 1809 473 473 1809 473 1745 1745 1745 1745 1783 473 1783 1783 2 1976 2 2 2 1976
1831 1831 649 1831 1831 1831 1831 1831 1831 1831 1831 649 1831 1831 1831 1831 1831 1831 1831 1831
1809 2 2 2 1809 2 2 2 1809 2 2 1809 1809 1809 2 1783 2 2 1809 1809
508 508 508 508 508 508 508 485 485 508 508 1831 649 1745 2 1976 473 473 1809 473
2 1809 1783 2 1809 2 1783 2 2 2 2 1809 1783 1809 1809 1809 473 1745 485 485
1745 473 1809 1745 1897 1831 1809 1745 2 1809 473 473 473 473 1745 1745 1745 1745 1783 473
473 1745 485 485 485 1783 1745 1809 473 1809 1809 1745 1745 1745 1831 1976 1745 2 508 508
2 2 1809 2 1809 2 1809 2 2 2 1809 1809 1783 2 1809 2 1809 1809 1809 1809
2 1809 2 2 2 1809 2 2 1809 2 1783 1809 1809 2 2 1809 1809 2 2 2
508 508 508 508 508 508 508 508 508 485 485 508 508 1831 1809 1745 2 1976 473 473
1809 1809 473 473 1745 1783 1745 485 473 473 1745 1745 1831 1831 1831 1831 1831 1831 1831 485
1783 1745 1809 473 1809 1809 1745 1745 1831 485 508 508 1831 649 1897 1897 649 649 1897 1897
2 1809 2 2 1809 1809 1809 1783 1809 1809 1809 473 473 1897 485 485 485 1783 1745 473
1783 1809 473 473 1809 473 1745 1745 1745 1745 1783 473 1831 1783 2 1976 2 2 2 1976
508 508 508 508 508 508 508 508 508 508 508 508 508 508 485 485 485 485 485 485
1783 1809 1809 1809 1783 2 1809 1809 1809 1809 1783 1809 473 485 473 473 1745 1783 1745 1976
2 2 2 1809 2 2 2 1809 2 2 1809 1809 2 1783 1809 1809 1809 2 1809 1783
485 485 485 485 485 485 508 508 508 508 508 508 508 508 508 508 508 508 508 508
2 1809 1809 2 2 2 1809 1809 2 2 1783 1809 2 2 1809 1809 1809 2 1809 2
1831 1831 1809 1745 1783 1809 473 473 1809 473 1745 1745 1745 1745 1783 473 1831 2 2 1976
1897 1897 473 1745 649 1897 1831 649 1897 1831 649 649 1897 1831 649 649 1831 1831 1809 1745
1783 1745 473 1809 1745 1745 508 508 1831 649 1897 1897 649 649 1897 1897 649 1897 1831 649
508 1897 649 1897 1897 649 649 1897 1897 649 1897 1831 649 1897 1831 649 649 1897 649 649
2 1809 2 2 2 1809 2 2 2 1809 2 2 1809 1809 2 1809 2 2 2 1809
1809 1809 2 2 2 1831 1809 2 1809 1831 1831 2 2 2 1809 1783 2 1831 1831 1809
1809 1809 1783 1809 1809 1809 473 473 1745 485 1783 1745 473 473 1745 1745 508 508 1831 649
1745 1783 1976 473 473 1809 473 1745 1897 1745 1745 1783 473 1831 1783 2 1976 2 2 2
649 649 1897 1897 649 1897 1831 649 1897 1831 649 649 1897 1831 649 1831 1831 649 1745 1783
1809 1809 473 473 1745 1745 1783 1745 473 1809 1745 1745 485 1831 485 1831 1831 1831 1831 1831
1809 1809 473 473 1745 1783 1745 473 473 1745 1745 1831 1809 1745 2 1976 473 473 473 473
2 2 1809 1809 1809 2 1783 2 2 1809 1809 2 1809 1809 1783 1809 1809 1809 1809 473
508 508 508 508 508 508 508 508 508 508 508 508 485 485 508 508 1831 1976 1745 2
1809 1783 1809 2 1809 2 2 2 2 2 1809 2 2 1809 2 1831 1809 2 2 1809
1783 1809 1809 473 473 1745 485 485 1783 1745 473 1809 1745 1745 485 508 508 1831 649 1897
485 485 485 485 485 508 508 508 508 508 508 508 508 508 508 508 508 508 508 508
2 2 1809 2 1809 2 1809 2 2 1809 1809 1783 2 1809 2 2 2 1809 2 2
2 2 2 1809 1809 2 1783 1809 2 1809 2 1809 2 1809 2 1809 2 1809 2 2
1783 473 1783 1783 2 1809 2 2 2 1809 2 2 2 1809 2 2 1809 1809 2 1809
1809 1809 473 1831 649 1831 1831 649 1897 1831 649 649 1831 649 1831 508 508 1831 649 1745
508 1831 1831 1831 1831 1831 485 485 508 508 1831 649 1745 1783 1809 473 473 649 473 1745
1831 649 649 1831 1831 1897 1831 1831 649 1745 2 1809 473 473 1809 473 1745 1745 1745 1745
1745 1745 1897 1745 1783 473 1831 1783 2 1809 2 2 2 1809 2 2 2 1809 2 2
508 508 508 508 508 508 508 508 508 508 508 508 508 508 508 508 485 485 508 508
508 508 1809 485 485 1809 485 485 1783 485 1809 508 1783 485 485 1783 1783 1783 1783 1783
1897 1809 2 2 2 1809 2 2 1809 1897 1809 2 1809 1783 1809 2 2 2 1809 1809
2 1783 2 2 1809 1809 2 2 2 1809 1809 2 2 1783 1809 2 1809 2 2 1809
1809 1745 1745 1831 1831 1831 1831 1831 1831 1831 485 1831 1831 485 485 485 1831 1831 485 485
508 485 485 485 485 485 485 485 485 485 1783 1783 1783 1783 1783 1783 1783 1783 1783 1783
1831 1831 485 485 1831 1831 1831 1831 485 485 1831 485 1831 1831 649 1745 1783 1976 473 473
1809 1809 473 473 1745 485 1783 1745 473 473 1745 1745 508 508 1831 649 1897 1897 649 649
473 1745 1783 1745 473 473 1745 1745 1831 473 1745 2 1809 473 473 473 473 1745 1745 1745
1809 2 1809 2 2 1809 1809 2 1783 2 1809 2 2 1809 2 2 1809 2 1809 1809
1745 2 1809 473 473 1809 473 1745 1745 1745 1745 1783 473 1831 1783 2 1976 2 2 2
1831 1831 1831 508 1831 1809 1745 2 1809 473 473 473 473 1745 1745 1745 1745 1831 2 1831
1831 1831 1831 1831 1831 1831 1831 1831 1831 1831 1831 1831 1831 1831 1831 1831 1831 485 485 1831
2 1809 2 2 1809 2 2 1809 2 1809 1783 1809 1809 1809 1809 473 1745 485 485 485
1783 2 2 1809 1809 2 2 2 1809 1809 2 1809 2 1783 2 1809 2 2 1809 1809
1809 2 2 2 1809 2 2 2 1809 2 2 1809 1809 2 1809 1783 2 2 1809 1809
1783 1809 2 1809 2 1809 2 1809 2 1809 2 2 2 1809 1809 1809 1783 2 1809 1809
1745 1783 1809 473 473 1809 473 1745 1745 1745 1745 1783 473 1745 1783 2 1976 2 2 2
1783 1783 1809 1783 1809 1783 1809 1809 1809 1809 473 1897 485 485 485 485 485 485 485 485
1897 1897 649 649 1897 1897 649 1897 1831 649 1897 1831 649 649 1897 1783 649 1831 1831 649
508 508 508 508 508 508 508 508 508 508 485 485 508 508 1831 1976 1745 2 1976 473
508 508 1897 649 1897 1897 649 649 1897 1897 649 1897 1831 649 1897 1831 1976 649 1745 1831
508 508 508 508 508 508 508 485 485 485 485 485 485 485 485 485 485 485 485 508
1783 2 1809 1809 1783 1783 1809 2 1809 2 1809 2 1809 1783 1809 2 1809 2 2 1809
473 1809 473 1745 1745 1745 1745 1783 473 1745 1783 2 1976 2 2 2 1976 2 2 2
1809 2 1783 2 2 1809 1809 2 2 2 1809 1809 2 1809 2 1783 2 1809 2 2
2 2 2 1809 1809 2 1783 1809 2 1809 2 2 2 1809 1809 2 1809 2 2 1809
1897 1897 649 1897 649 1897 1831 649 1897 1831 649 649 1897 1831 649 1831 1831 649 1745 2
1783 1809 2 1809 2 1809 2 1809 2 1809 2 2 1809 2 1809 2 2 1809 2 2
508 508 1831 1809 1745 2 1809 473 473 1809 473 1745 1745 1745 1745 1783 473 1745 1783 2
2 1809 1809 2 2 1783 1809 2 1809 2 1809 2 1809 2 1809 2 2 2 1809 1809
508 508 508 508 508 508 508 508 485 485 508 508 1831 649 1745 2 1976 473 473 473
473 1831 1783 2 1809 2 2 2 1809 2 2 2 1809 2 2 1809 1809 1809 2 1783
