1005 195 2643 194 738 1005 3727 3975 3727 2836 2240 3314 4569 1051 1404 45 2893 1051 1404 3314
195 2643 194 738 450 450 194 738 1005 3727 3975 3727 2836 2240 2829 4569 1051 3552 2873 2893
3727 2836 2240 2829 3975 1404 1051 1404 45 2893 1051 1404 3314 2172 1404 45 2836 840 1404 2873
2829 2172 1404 45 2259 4461 1404 45 2259 4461 779 45 2259 4461 779 45 2259 4461 779 45
840 1404 45 2259 840 2877 4820 2829 2172 1404 45 1005 3727 2259 4461 3552 2873 2877 4820 2873
3727 2836 2240 3314 4569 415 1404 1865 2893 415 779 3314 2259 4461 779 3314 2836 840 1404 3314
450 3727 1005 3975 195 2643 194 738 1005 3727 3727 2836 2240 3314 4569 1051 840 3972 2893 1051
2836 2240 3314 4569 1051 3552 45 2893 1051 1404 1865 2172 779 45 1051 2240 1404 45 2836 840
3975 195 2643 194 738 1005 3727 3727 2836 2240 3314 4569 1051 840 3972 2893 1051 1404 2873 2172
738 1005 3727 3975 3727 2836 2240 2829 4569 415 1404 3314 779 1865 779 3314 2172 779 3314 2836
2259 2240 3975 2836 2240 3314 4569 1051 3552 45 2893 1051 1404 1865 2172 779 45 2836 840 1404
840 1404 3972 2259 840 1404 2829 2259 2240 3975 2836 2240 3314 4569 1051 3552 45 2893 1051 1404
450 194 738 1005 3727 3975 3727 2836 2240 3314 4569 1051 1404 45 2893 1051 1404 3314 2172 779
45 2893 3972 1404 3314 2172 779 45 2836 840 1404 45 4795 4820 4795 4820 2836 840 1404 45
3975 195 2643 194 738 450 450 194 738 1005 3727 3975 3727 2836 2240 3314 4569 1051 3552 45
195 2643 194 738 3727 2836 2240 2829 4569 1051 1404 2873 2893 1051 1404 2829 2172 779 45 2836
3727 3975 3727 2836 2240 3314 4569 1051 3552 45 2893 1051 1404 3314 2172 779 45 2836 840 1404
194 738 3727 4795 4820 4795 4820 1005 3727 194 3727 2836 2240 3314 4569 415 1404 2873 2893 415
1404 45 1865 840 3314 2172 1404 45 2259 4461 3552 45 2259 4461 779 45 2259 4461 779 45
3552 45 2893 1051 1404 3314 2172 1404 45 2836 840 1404 45 2836 840 1404 45 415 840 2829
2836 840 2829 2172 1404 3314 2259 4461 3552 3314 2259 4461 779 3314 2259 4461 779 3314 2259 4461
3972 2259 4461 1404 45 2877 4820 2877 4820 2829 2172 779 45 4795 4820 2877 4820 3314 2172 779
1404 3314 3975 2836 840 1404 1865 2259 840 4795 4820 2877 4820 3314 2172 1404 1865 2259 4461 1404
3972 3972 840 2829 2172 1404 45 2259 4461 3552 2873 2259 4461 779 45 2259 4461 779 2873 2259
3727 3975 1005 195 2643 194 738 1005 3727 3975 3727 2836 2240 2829 4569 415 1404 3314 779 1865
3975 3727 2836 2240 3314 4569 1051 1404 45 2893 1051 1404 3314 2172 779 45 2836 840 779 2873
840 1404 3972 2259 840 1404 2829 2259 2240 3975 2836 2240 3314 4569 1051 3552 45 2893 1051 1404
738 450 450 194 738 1005 3727 3975 3727 2836 2240 3314 4569 1051 3552 45 2893 1051 1404 1865
2172 1404 1865 2259 4461 1404 3314 4795 4820 2877 4820 2829 2172 779 1865 1005 3727 2259 4461 779
2643 194 738 450 450 194 738 1005 3727 3975 3727 2836 2240 3314 4569 1051 1404 45 2893 1051
1404 45 3972 840 1005 3727 3314 2172 1404 45 2259 4461 1404 45 4795 4820 2877 4820 3314 2172
4820 4795 4820 2836 840 1404 45 3972 840 1005 3727 3314 2172 1404 45 2259 4461 1404 45 4795
194 738 1005 3727 3975 3727 2836 2240 3314 4569 415 1404 1865 2893 415 779 3314 2259 4461 779
4569 1051 840 3972 2893 1051 1404 2873 2172 1404 45 2836 840 1404 3972 2259 840 1404 2829 2259
45 3975 2836 840 1404 2873 1051 840 2829 2172 1404 3314 2259 4461 1404 45 2259 4461 779 2873
1404 3314 2172 1404 45 2836 840 1404 45 2836 840 1404 45 415 840 2829 2172 1404 45 2259
4820 4795 4820 1005 3727 194 3727 2836 2240 3314 4569 415 1404 2873 2893 415 1404 2829 2172 779
738 1005 3727 3727 2836 2240 3314 4569 1051 840 3972 2893 1051 1404 2873 2172 1404 45 2836 840
1005 3727 3314 2172 1404 45 2259 4461 1404 45 4795 4820 2877 4820 3314 2172 779 45 2259 4461
1051 1404 2829 2172 779 2873 2836 840 779 2873 2836 840 779 2829 3972 840 2829 2172 1404 1865
2836 840 1404 2829 4820 840 2829 2172 1404 3972 2259 4461 1404 45 2259 4461 779 2873 2259 4461
1005 3727 3975 3727 2836 2240 3314 4569 1051 3552 45 2893 1051 1404 3314 2172 779 45 2836 840
3727 3975 3727 2836 2240 2829 3975 2893 1051 1404 45 2893 1051 1404 2829 2172 1404 45 2836 840
3314 4569 1051 1404 45 2893 1051 1404 3314 2172 779 2873 2836 840 779 45 2836 840 1404 2873
1005 3975 195 2643 194 738 1005 3727 3727 2836 2240 3314 4569 1051 840 3972 2893 1051 1404 2873
2172 1404 45 1005 3727 2259 4461 3552 2873 2259 4820 2873 2172 1404 45 2877 4820 2829 2172 1404
1865 2893 415 779 3314 2259 4461 779 3314 2836 840 1404 3314 2836 840 1404 3314 2836 840 2829
1051 1404 45 2893 1051 1404 3314 2172 779 45 2836 840 779 2873 2836 2240 1404 2873 1051 840
738 3975 1005 3727 3727 2836 2240 3314 4569 2259 1404 1404 415 1051 1404 2829 2172 3552 2829 1865
1005 3975 195 2643 194 738 3727 4795 4820 2877 4820 1005 3727 194 3727 2836 2240 3314 4569 415
738 1005 3727 3975 3727 2836 2240 2829 2893 1051 1404 45 2893 1051 1404 2829 2172 779 2873 2836
2643 194 738 1005 3727 3727 2836 2240 3314 4569 1051 840 3972 2893 1051 1404 2873 2172 1404 45
3314 2172 779 2873 2836 840 779 45 2836 840 1404 2873 1051 840 3314 2172 1404 45 2259 4461
2829 2172 1404 3314 2259 4461 3552 3314 2259 4461 779 3314 2259 4461 779 3314 2259 4461 779 3314
1404 3314 2172 779 2873 2836 840 779 45 2836 840 1404 2873 1051 840 3314 2172 1404 45 2259
840 2829 2172 1404 45 2259 4461 3552 2873 2259 4461 779 45 2259 4461 779 2873 2259 4461 779
2643 194 738 3975 1005 3727 3727 2836 2240 3314 4569 1051 1404 1404 415 1051 1404 2829 2172 3552
3975 2836 2240 3314 4569 1051 3552 45 2893 1051 1404 1865 2172 779 45 2836 840 1404 45 2836
3727 2877 2877 4820 4820 1005 3727 3975 4795 4820 2877 4820 3975 2836 2240 3314 4569 3972 2240 45
2172 779 45 1051 840 1404 45 2836 840 1404 45 1865 840 3314 2172 4569 45 2259 4461 1404
779 45 2836 840 1404 45 2836 840 1404 3972 2836 840 3314 2172 1404 45 2877 4461 1404 3972
194 738 3975 1005 3727 3727 2836 2240 3314 4569 1051 1404 1404 415 1051 1404 2829 2172 3552 2829
45 3972 840 2829 2172 1404 3972 2259 4461 1404 45 2877 4820 2877 4820 2829 2172 779 45 4795
4820 3314 2172 1404 1865 2259 4461 1404 3314 4795 4820 2877 4820 2829 2172 779 1865 1005 3727 2259
45 2893 3972 1404 3314 2172 779 45 2836 840 1404 45 4795 4820 4795 4820 2836 840 1404 45
195 2643 194 738 1005 3727 3727 2836 2240 3314 4569 1051 3552 45 2893 1051 1404 1865 2172 779
2893 1051 1404 3314 2172 779 45 2836 840 1404 45 2836 840 3975 1404 45 1865 840 3314 2172
3314 4569 1051 1404 45 2893 1051 1404 3314 2172 779 45 2836 840 779 2873 2836 2240 1404 2873
779 3972 2836 840 1404 2829 4820 840 2829 2172 1404 3972 2259 4461 1404 45 2259 4461 779 2873
3314 2259 4461 779 3314 2836 840 1404 3314 2836 840 1404 3314 2836 840 3314 2172 1404 3314 2259
1404 1865 2893 415 779 3314 2259 4461 779 3314 2836 840 1404 3314 2836 840 1404 3314 2836 840
2893 1051 1404 3314 4461 779 45 2836 840 1404 45 2836 840 1404 3972 2836 840 2829 2172 1404
1051 1404 2873 2172 1404 45 2836 840 1404 3972 2259 840 1404 2829 2259 2240 3975 2836 2240 3314
779 45 1051 840 3552 45 2836 840 1404 45 1865 840 3314 2172 4569 45 2259 3552 3552 45
3314 4569 1051 1404 45 2893 1051 1404 3314 2172 779 2873 2836 840 779 45 2836 840 1404 2873
3314 2172 779 45 2836 840 779 2873 2836 840 1404 2873 1051 840 3314 2172 4569 3314 2259 4461
194 738 450 450 194 738 1005 3727 3975 3727 2836 2240 3314 4569 1051 1404 45 2893 1051 1404
2893 1051 1404 2829 2172 779 2873 2836 840 1404 45 2259 840 1404 2873 2836 840 2829 2172 2240
2836 840 1404 45 2259 840 2877 4820 2829 2172 1404 45 1005 3727 2259 4461 3552 2873 2877 4820
45 2893 1051 1404 1865 2172 779 45 2836 840 1404 45 2836 840 1404 45 2836 840 2829 2172
45 2836 840 1404 45 1005 3727 3975 2836 840 1404 45 3972 840 2829 2172 1404 45 2259 4461
45 2836 840 1404 2873 2877 3727 4820 1005 2836 840 1404 45 2259 840 2877 4820 2829 2172 1404
194 738 1005 3727 3727 2836 2240 3314 4569 1051 1404 45 2893 1051 1404 3314 2172 779 45 2836
1051 1404 3314 2172 1404 45 2836 840 1404 45 2836 840 1404 45 415 840 2829 2172 1404 45
2643 194 738 3727 4795 4820 4795 4820 1005 3727 194 3727 2836 2240 3314 4569 415 1404 2873 2893
2240 3314 4569 1051 3552 45 2893 1051 1404 1865 2172 779 45 2836 840 1404 45 2836 840 1404
195 2643 194 738 1005 3727 3975 3727 2836 2240 3314 4569 415 4461 45 2893 1051 1404 2829 2172
1865 4461 779 45 2836 840 779 45 3975 2836 840 1404 2873 1051 840 2829 2172 1404 3314 2259
2643 194 738 1005 3727 3727 2836 2240 3314 4569 1051 840 3972 2893 1051 1404 2873 2172 1404 45
3727 3975 1005 195 2643 194 738 450 450 194 738 1005 3727 3975 3727 2836 2240 2829 3975 1404
840 1404 45 2836 840 2829 2172 3552 45 2259 4461 1404 45 1005 3727 2259 4461 779 45 2259
194 738 1005 3727 3727 2836 2240 3314 4569 1051 3552 45 2893 1051 1404 2829 2172 1404 45 2836
840 1404 2829 2259 2240 3975 2836 2240 3314 4569 1051 3552 45 2893 1051 1404 1865 2172 779 45
2240 2829 4569 1051 1404 45 2893 1051 1404 2829 2172 779 2873 2836 1404 1404 45 2259 840 1404
840 1404 45 2836 840 1404 45 1865 840 3314 2172 4569 45 2259 4461 1404 45 2259 4461 779
1865 4461 779 45 2836 840 779 45 3975 2836 840 1404 2873 1051 840 2829 2172 1404 3314 2259
1005 3975 195 2643 194 738 3727 2836 2240 2829 4569 1051 1404 2873 2893 1051 1404 2829 2172 779
3975 3727 2836 2240 3314 4569 1051 1404 45 2893 1051 1404 3314 2172 779 45 2836 840 779 2873
3727 2836 2240 3314 4569 1051 1404 45 2893 1051 1404 3314 2172 779 45 2836 840 1404 45 2836
2893 1051 1404 3314 2172 1404 45 2836 840 1404 45 2836 840 1404 45 415 840 2829 2172 1404
2240 3314 4569 3972 2240 45 2893 3972 1404 3314 2172 779 45 2836 840 1404 45 4795 4820 4795
2643 194 738 3975 1005 3727 3727 2836 2240 3314 4569 1051 1404 1404 415 1051 1404 2829 2172 3552
3975 3727 2836 2240 3314 4569 415 1404 1865 779 415 779 3314 2259 4461 779 3314 2836 840 1404
3727 3975 2836 840 1404 45 3972 840 2829 2172 1404 45 2259 4461 1404 45 2259 4461 779 45
3975 3727 2836 2240 3314 4569 1051 1404 45 2893 1051 1404 3314 2172 779 2873 2836 840 779 45
1404 45 2893 1051 1404 3314 2172 779 45 2836 840 1404 45 2836 840 3975 1404 45 1865 840
3314 2172 1404 45 2836 840 1404 45 2836 840 1404 45 415 840 2829 2172 1404 45 2259 4461
1404 45 2836 840 779 3972 3972 840 2829 2172 1404 45 2259 4461 3552 2873 2259 4461 779 45
3975 3727 2836 2240 3314 4569 3972 4461 45 2893 1051 1404 2829 2172 779 2873 2836 840 779 2873
194 738 450 450 194 738 1005 3727 3975 3727 2836 2240 3314 4569 1051 3552 45 2893 1051 1404
195 2643 194 738 1005 3727 3727 2836 2240 3314 4569 1051 1404 45 2893 1051 1404 3314 2172 779
3727 3727 2836 2240 3314 4569 1051 3552 45 2893 1051 1404 3314 2172 1404 45 2836 840 1404 45
2829 2172 1404 3314 2259 4461 3552 3314 2259 4461 779 3314 2259 4461 779 3314 2259 4461 779 3314
3314 4461 779 45 2836 840 1404 45 2836 840 1404 3972 2836 840 2829 2172 1404 45 2877 4461
450 194 738 1005 3727 3975 3727 2836 2240 2829 3975 1404 1051 1404 45 2893 1051 1404 2829 2172
840 779 2873 2836 840 779 2829 779 840 2829 2172 1404 1865 2259 4461 1404 1865 2259 4461 779
2836 840 1404 45 1865 840 3314 2172 4569 45 2259 4461 1404 45 2259 4461 779 45 2259 4461
2873 2836 840 779 2829 779 840 2829 2172 1404 1865 2259 4461 1404 1865 2259 4461 779 2829 2259
45 2893 1051 1404 1865 2172 779 45 2836 840 1404 45 2836 840 1404 45 2836 840 2829 2172
840 779 45 3975 2836 840 1404 2873 1051 840 2829 2172 1404 3314 2259 4461 1404 45 2259 4461
2893 1051 1404 3314 2172 779 45 2836 840 1404 45 2836 840 779 3972 3972 840 2829 2172 1404
1865 2259 840 4795 4820 2877 4820 3314 2172 1404 1865 2259 4461 1404 3314 4795 4820 2877 4820 2829
2873 2836 840 2829 2172 1404 45 2259 4461 1404 45 2259 4461 779 45 2259 4461 779 45 2259
738 1005 3727 3975 3727 2836 2240 2829 2893 1051 1404 45 2893 1051 1404 2829 2172 779 2873 2836
3727 3975 1005 195 2643 194 738 1005 3727 3727 2836 2240 3314 4569 1051 3552 45 2893 1051 1404
1051 1404 3314 2172 779 45 2836 840 1404 45 2836 840 779 3972 3972 840 2829 2172 1404 45
2836 840 1404 3314 2836 840 1404 3314 2836 840 3314 2172 1404 3314 2259 4461 3552 3314 2259 4461
2893 1051 1404 3314 2172 779 45 2836 840 1404 45 2836 840 3975 1404 45 1865 840 3314 2172
1404 45 4795 4820 2877 4820 2836 840 1404 45 3972 840 1005 3727 3314 2172 1404 45 2259 4461
2873 2836 840 1404 3314 3975 2836 840 1404 1865 2259 840 4795 4820 2877 4820 3314 2172 2240 1865
1005 3727 3727 2836 2240 3314 4569 2259 1404 1404 415 2829 1404 2829 2172 1404 2829 2836 840 779
3975 1005 195 2643 194 738 450 450 194 738 1005 3727 3975 3727 2836 2240 2829 3975 1404 1051
2829 2172 1404 45 2877 4461 1404 3972 2259 4461 1404 45 2259 4461 1404 45 2259 4461 779 2873
3972 2893 1051 1404 2829 2172 1404 45 2836 840 1404 45 4795 4820 4795 4820 2836 840 1404 45
3975 1005 195 2643 194 738 1005 3727 3975 3727 2836 2240 3314 4569 415 4461 45 2893 1051 1404
4569 3972 4461 45 2893 1051 1404 2829 2172 779 2873 2836 840 779 2873 2836 840 779 2829 779
3975 2836 840 1404 1865 1051 840 4795 4820 2877 4820 3314 2172 4569 1865 2259 4461 1404 3314 4795
194 3727 2836 2240 3314 4569 415 1404 2873 2893 415 1404 3314 2172 779 2873 1051 840 1404 2829
4569 415 1404 2873 2893 415 1404 2829 2172 779 2873 1051 840 1404 2829 3975 2836 840 1404 1865
3975 1005 1005 195 2643 194 738 3727 2877 2877 4820 4820 1005 3727 3975 4795 4820 2877 4820 3975
738 1005 3727 3727 2836 2240 3314 4569 1051 1404 45 2893 1051 1404 3314 2172 779 45 2836 840
1005 3975 195 2643 194 738 3727 4795 4820 2877 4820 1005 3727 194 3727 2836 2240 3314 4569 415
2893 1051 1404 3314 2172 1404 45 2836 840 1404 45 2836 840 1404 45 415 840 2829 2172 1404
45 2259 4461 1404 45 4795 4820 2877 4820 3314 2172 779 45 2259 4461 1404 45 4795 4820 4795
2873 1051 840 3314 2172 4569 3314 2259 4461 1404 1865 2259 4461 779 3314 2259 4461 779 3314 2259
3314 2172 779 2873 2836 840 779 45 2836 840 1404 2873 1051 840 3314 2172 1404 45 2259 4461
840 2829 2172 1404 45 2259 4461 1404 45 2259 4461 779 45 2259 4461 779 45 2259 4461 779
3975 3727 2836 2240 2829 4569 1051 1404 45 2893 1051 1404 3314 2172 779 2873 2836 840 1404 45
738 1005 3727 3975 3727 2836 2240 2829 2893 1051 1404 45 2893 1051 1404 2829 2172 779 2873 2836
3314 4569 1051 3552 45 2893 1051 1404 3314 2172 779 45 2836 840 1404 45 2836 840 1404 45
1865 4461 779 45 2836 840 779 45 3975 2836 840 1404 2873 1051 840 2829 2172 1404 3314 2259
3314 2172 779 45 2836 840 1404 45 2836 840 3975 1404 45 1865 840 3314 2172 1404 45 2259
3975 4795 4820 4795 4820 3727 2836 2240 3314 4569 3972 2240 45 2893 3972 1404 3314 2172 779 45
3727 3727 2836 2240 3314 4569 1051 3552 45 2893 1051 1404 3314 2172 1404 45 2836 840 1404 45
2836 840 779 45 3975 2836 840 1404 2873 1051 840 2829 2172 1404 3314 2259 4461 1404 45 2259
779 3314 2836 840 1404 3314 2836 840 1404 3314 2836 840 3314 2172 1404 3314 2259 4461 3552 3314
450 194 738 1005 3727 3975 3727 2836 2240 3314 4569 1051 3552 45 2893 1051 1404 1865 2172 779
1051 1404 3972 2893 1051 1404 3314 4461 779 45 2836 840 1404 45 2836 840 1404 3972 2829 840
1051 1404 3314 2172 779 45 2836 840 1404 45 2836 840 779 3972 3972 840 2829 2172 1404 45
1051 1404 45 2893 1051 1404 2829 2172 779 2873 2836 840 1404 45 2259 1404 1404 2873 2836 840
3314 2172 1404 45 2836 840 1404 45 2836 840 1404 45 415 840 2829 2172 1404 45 2259 4461
1005 195 2643 194 738 1005 3727 3727 2836 2240 3314 4569 1051 3552 45 2893 1051 1404 2829 2172
3314 4569 1051 1404 45 2893 1051 1404 3314 2172 779 45 2836 840 1404 45 2836 840 3975 1404
2873 2836 840 2829 2172 1404 45 2259 4461 1404 45 2259 4461 779 45 2259 4461 779 45 2259
195 3727 2836 2240 3314 4569 1051 779 3972 2893 1051 1404 2829 2172 1404 45 2836 840 1404 45
3727 1005 3975 195 2643 194 738 3727 4795 4820 2877 4820 1005 3727 194 3727 2836 2240 3314 4569
3727 3975 1005 195 2643 194 738 1005 3727 3975 3975 2836 2240 3314 4569 1051 3552 45 2893 1051
840 1404 45 2836 840 1404 45 415 840 2829 2172 1404 45 2259 4461 1404 2873 2259 4461 779
3727 3975 195 3727 2836 2240 3314 4569 1051 779 3972 2893 1051 1404 2829 2172 1404 45 2836 840
450 3727 3975 1005 195 2643 194 738 450 450 194 738 1005 3727 3975 3727 2836 2240 3314 4569
2259 4461 1404 45 4795 4820 2877 4820 3314 2172 779 45 2259 4461 1404 45 4795 4820 4795 4820
779 45 2836 840 1404 45 2836 840 1404 3972 2836 840 3314 2172 1404 45 2877 4461 1404 3972
2836 840 1404 3972 2836 840 2829 2172 1404 45 2877 4461 1404 3972 2259 4461 1404 45 2259 4461
3314 2172 779 45 2836 840 1404 45 4795 4820 2877 4820 2836 840 1404 45 3972 840 1005 3727
1404 2873 2893 1051 1404 3314 2172 779 45 2836 840 1404 45 1005 3727 3975 2836 840 1404 45
1404 3972 2893 1051 1404 3314 4461 779 45 2836 840 1404 45 2836 840 1404 3972 415 840 2829
840 1404 45 2836 840 2829 2172 3552 45 2259 4461 1404 45 1005 3727 2259 4461 779 45 2259
779 45 2836 840 1404 2873 1051 840 3314 2172 1404 45 2259 4461 1404 45 2259 4461 779 3314
45 2836 840 3975 1404 45 1865 840 3314 2172 1404 45 2259 4461 3552 45 2259 4461 779 45
779 45 2836 840 1404 45 2836 840 1404 3972 2836 840 3314 2172 1404 45 2877 4461 1404 3972
4569 3972 2240 45 2893 3972 1404 3314 2172 779 45 2836 840 1404 45 4795 4820 4795 4820 2836
3727 3975 3727 2836 2240 3314 4569 1051 1404 45 2893 1051 1404 3314 2172 779 2873 2836 840 779
3314 4569 1051 1404 45 2893 1051 1404 3314 2172 779 45 2836 840 779 2873 2836 2240 1404 2873
1404 2829 2172 1404 2829 738 840 779 3972 2836 840 1404 2829 4820 840 2829 2172 1404 3972 2259
2643 194 738 1005 3727 3727 2836 2240 3314 4569 1051 840 3972 2893 1051 1404 2873 2172 1404 45
2240 3314 4569 415 1404 1865 2893 415 779 3314 2259 4461 779 3314 2836 840 1404 3314 2836 840
738 450 450 194 738 1005 3727 3975 3727 2836 2240 3314 4569 1051 1404 45 2893 1051 1404 3314
2836 840 779 3972 2836 840 1404 2829 4820 840 2829 2172 1404 3972 2259 4461 1404 45 2259 4461
3975 3727 2836 2240 2829 4569 1051 3552 2873 2893 1051 1404 3314 2172 779 45 2836 840 1404 45
2240 3975 2836 2240 3314 4569 1051 3552 45 2893 1051 1404 1865 2172 779 45 2836 840 1404 45
4820 3314 2172 1404 1865 2259 4461 1404 3314 4795 4820 2877 4820 2829 2172 779 1865 1005 3727 2259
2643 194 738 1005 3727 3727 2836 2240 3314 4569 1051 840 3972 2893 1051 1404 2873 2172 1404 45
4795 4820 4795 4820 1005 3727 194 3727 2836 2240 3314 4569 415 1404 2873 2893 415 1404 3314 2172
1404 45 415 840 2829 2172 1404 45 2259 4461 1404 2873 2259 4461 779 45 2259 4461 779 2873
2836 2240 2829 3975 1404 1051 1404 45 2893 1051 1404 3314 2172 1404 45 2836 840 1404 2873 4795
45 3975 2836 840 1404 2873 1051 840 2829 2172 1404 3314 2259 4461 1404 45 2259 4461 779 2873
3975 3727 2836 2240 3314 4569 1051 3552 45 2893 1051 1404 3314 2172 779 45 2836 840 1404 45
738 1005 3727 3975 3727 2836 2240 3314 4569 1051 1404 45 2893 1051 1404 3314 2172 779 2873 2836
45 2836 840 1404 45 2836 840 3975 1404 45 1865 840 3314 2172 1404 45 2259 4461 3552 45
45 4795 4820 2877 4820 2836 840 1404 45 3972 840 1005 3727 3314 2172 1404 45 2259 4461 1404
3552 45 2893 1051 1404 1865 4461 779 45 2836 840 779 45 3975 2836 840 1404 2873 1051 840
45 2893 3972 1404 3314 2172 779 45 2836 840 1404 45 4795 4820 4795 4820 2836 840 1404 45
2829 2172 1404 45 2259 4461 1404 45 2259 4461 779 45 2259 4461 779 45 2259 4461 779 45
4569 3972 2240 45 2893 3972 1404 3314 2172 779 45 2836 840 1404 45 4795 4820 4795 4820 2836
2240 2829 4569 1051 1404 45 2893 1051 1404 2829 2172 779 2873 2836 1404 1404 45 2259 840 1404
4569 1051 1404 45 2893 1051 1404 3314 2172 779 2873 2836 840 779 45 2836 840 1404 2873 1051
2829 2172 1404 45 2259 4461 1404 45 2259 4461 779 45 2259 4461 779 45 2259 4461 779 45
2172 1404 2829 738 840 779 3972 2836 840 1404 2829 4820 840 2829 2172 1404 3972 2259 4461 1404
1005 3727 3975 3727 2836 2240 2829 4569 415 1404 3314 779 1865 779 3314 2172 779 3314 2836 840
1404 3972 2893 1051 1404 3314 4461 779 45 2836 840 1404 45 2836 840 1404 3972 415 840 2829
738 1005 3727 3975 3727 2836 2240 3314 4569 415 4461 45 2893 1051 1404 2829 2172 779 2873 2836
840 1404 45 2836 840 2829 2172 3552 45 2259 4461 1404 45 1005 3727 2259 4461 779 45 2259
3727 2836 2240 2829 4569 415 1404 3314 779 1865 779 3314 2172 779 3314 2836 840 779 1865 2836
3727 3975 1005 195 2643 194 738 1005 3727 3975 3727 2836 2240 3314 4569 1051 1404 45 2893 1051
195 2643 194 738 3727 2877 2877 4820 4820 1005 3727 3975 4795 4820 2877 4820 3975 2836 2240 3314
1005 1005 195 2643 194 738 3727 2877 2877 4820 4820 1005 3727 3975 4795 4820 2877 4820 3975 2836
3972 2893 1051 1404 2873 2172 1404 45 2836 840 1404 3972 2259 840 1404 2829 2259 2240 3975 2836
4569 1051 1404 2873 2893 1051 1404 2829 2172 779 45 2836 840 1404 45 1005 3727 3975 2836 840
840 779 2873 2836 840 1404 2873 1051 840 3314 2172 779 3314 2259 4461 1404 3314 2259 4461 779
194 738 1005 3727 3975 3727 2836 2240 3314 4569 415 4461 45 2893 1051 1404 2829 2172 779 2873
4795 4820 2836 840 1404 45 3972 840 2829 2172 779 3972 2259 4461 1404 45 2877 4820 2877 4820
840 3314 2172 1404 45 2259 4461 3552 45 2259 4461 779 45 2259 4461 779 45 2259 4461 779
45 3972 840 2829 2172 1404 3972 2259 4461 1404 45 2877 4820 2877 4820 2829 2172 779 45 4795
4569 1051 3552 45 2893 1051 1404 1865 2172 779 45 1051 840 1404 45 2836 2240 1404 45 1865
45 2836 840 3975 1404 45 1865 840 3314 2172 1404 45 2259 4461 3552 45 2259 4461 779 45
2643 194 738 1005 3727 3975 3727 2836 2240 2829 4569 415 1404 2829 779 1865 779 3314 2172 779
195 2643 194 738 1005 3727 3975 3727 2836 2240 2829 4569 1051 1404 45 2893 1051 1404 3314 2172
2836 840 779 3972 2836 840 1404 2829 4820 840 2829 2172 1404 3972 2259 4461 1404 45 2259 4461
2836 840 1404 3314 2836 840 1404 3314 2836 840 3314 2172 1404 3314 2259 4461 3552 3314 2259 4461
3727 1005 3727 3975 194 3727 2836 2240 3314 4569 1051 779 3972 2893 1051 1404 2829 2172 1404 45
1005 195 2643 194 738 1005 3727 3727 2836 2240 3314 4569 1051 3552 45 2893 1051 1404 1865 2172
2829 3975 2893 1051 1404 45 2893 1051 1404 2829 2172 1404 45 2836 840 1404 2873 4795 3727 4820
450 3727 3975 1005 195 2643 194 738 3975 1005 3727 3727 2836 2240 3314 4569 1051 1404 1404 415
3975 3727 2836 2240 2829 4569 1051 1404 45 2893 1051 1404 3314 2172 779 2873 2836 840 1404 45
738 450 450 194 738 1005 3727 3975 3727 2836 2240 2829 3975 1404 1051 1404 45 2893 1051 1404
1051 1404 2829 2172 779 45 2836 840 1404 45 1005 3727 3975 2836 840 1404 45 3972 840 2829
1005 3727 3975 3727 2836 2240 3314 4569 1051 1404 45 2893 1051 1404 3314 2172 779 45 2836 840
2829 2172 1404 3314 2259 4461 3552 3314 2259 4461 779 3314 2259 4461 779 3314 2259 4461 779 3314
1404 45 2259 840 2877 4820 2829 2172 1404 45 1005 3727 2259 4461 3552 2873 2877 4820 2873 2172
1051 1404 2829 2172 1404 45 2836 840 1404 45 4795 4820 4795 4820 2836 840 1404 45 3972 840
1051 840 3552 45 2836 840 1404 45 1865 840 3314 2172 4569 45 2259 4461 3552 45 2259 4461
2836 2240 2829 4569 1051 1404 45 2893 1051 1404 2829 2172 779 2873 2836 1404 1404 45 2259 840
195 2643 194 738 1005 3727 3975 3727 2836 2240 3314 4569 415 4461 45 2893 1051 1404 2829 2172
4569 1051 1404 45 2893 1051 1404 3314 2172 779 45 2836 840 1404 45 2836 840 3975 1404 45
1404 45 2836 840 1404 45 2836 840 1404 45 415 840 3314 2172 1404 45 2259 4461 1404 2873
1865 2172 779 45 1051 840 3552 45 2836 840 1404 45 1865 840 3314 2172 4569 45 2259 4461
3314 3975 2836 840 1404 1865 1051 840 4795 4820 2877 4820 3314 2172 4569 1865 2259 4461 1404 3314
2643 194 738 3975 1005 3727 3727 2836 2240 3314 4569 1051 1404 1404 415 1051 1404 2829 2172 3552
840 1404 2873 2877 3727 4820 1005 2836 840 1404 45 2259 840 2877 4820 2829 2172 1404 45 1005
1404 45 2836 840 1404 2873 2877 3727 4820 1005 2836 840 1404 45 2259 840 2877 4820 2829 2172
4820 4795 4820 2836 840 1404 45 3972 840 1005 3727 3314 2172 1404 45 2259 4461 1404 45 4795
3972 840 2829 2172 1404 3972 2259 4461 1404 45 2877 4820 2877 4820 2829 2172 779 45 4795 4820
3727 194 3727 2836 2240 3314 4569 415 1404 2873 2893 415 1404 2829 2172 779 2873 1051 840 1404
2836 840 3975 1404 45 1865 840 3314 2172 1404 45 2259 4461 3552 45 2259 4461 779 45 2259
779 2873 2836 840 779 45 2836 840 1404 2873 1051 840 3314 2172 1404 45 2259 4461 1404 45
840 779 45 3975 2836 840 1404 2873 1051 840 2829 2172 1404 3314 2259 4461 1404 45 2259 4461
840 3314 2172 4569 3314 2259 4461 1404 3314 2259 4461 779 3314 2259 4461 779 3314 2259 4461 779
450 194 738 1005 3727 1005 3727 3975 194 3727 2836 2240 3314 4569 1051 1404 3972 2893 1051 1404
2836 840 1404 45 3972 840 2829 2172 1404 45 2259 4461 1404 45 2259 4461 779 45 2259 4461
4820 1005 2836 840 1404 45 2259 840 2877 4820 2829 2172 1404 45 1005 3727 2259 4461 3552 2873
840 1404 45 2836 840 779 3972 3972 840 2829 2172 1404 45 2259 4461 3552 2873 2259 4461 779
2836 2240 3314 4569 1051 1404 45 2893 1051 1404 3314 2172 779 2873 2836 840 779 45 2836 840
4820 1005 3727 3975 4795 4820 2877 4820 3727 2836 2240 3314 4569 3972 2240 45 2893 3972 1404 3314
3314 4569 1051 3552 45 2893 1051 1404 1865 4461 779 45 2836 840 779 45 3975 2836 840 1404
1051 779 3972 2893 1051 1404 2829 2172 1404 45 2836 840 1404 45 4795 4820 4795 4820 2836 840
3975 195 2643 194 738 450 450 194 738 1005 3727 3975 3727 2836 2240 2829 4569 1051 3552 2873
1005 3727 3727 2836 2240 3314 4569 1051 1404 45 2893 1051 1404 3314 2172 779 45 2836 840 1404
2829 2172 1404 45 2259 4461 3552 2873 2259 4461 779 45 2259 4461 779 2873 2259 4461 779 2873
45 2893 1051 1404 2829 2172 779 2873 2836 840 1404 45 2259 840 1404 2873 2836 840 2829 2172
3972 4461 45 2893 1051 1404 2829 2172 779 2873 2836 840 779 2873 2836 840 779 2829 779 840
4820 4820 1005 3727 3975 4795 4820 4795 4820 3975 2836 2240 3314 4569 3972 2240 45 2893 3972 1404
194 738 450 450 194 738 1005 3727 3975 3727 2836 2240 3314 4569 1051 1404 45 2893 1051 1404
2836 840 1404 45 3972 840 2829 2172 1404 45 2259 4461 1404 45 2259 4461 779 45 2259 4461
3975 1005 195 2643 194 738 1005 3727 3975 3727 2836 2240 3314 4569 1051 1404 45 2893 1051 1404
2836 840 779 3972 2836 840 1404 2829 4820 840 2829 2172 1404 3972 2259 4461 1404 45 2259 4461
1404 1865 2259 4461 1404 3314 4795 4820 2877 4820 2829 2172 779 1865 1005 3727 2259 4461 779 3314
2836 840 779 2873 2836 840 779 2829 779 840 2829 2172 1404 1865 2259 4461 1404 1865 2259 4461
1051 3552 45 2893 1051 1404 1865 2172 779 45 1051 840 1404 45 2836 2240 1404 45 1865 840
2836 840 1404 45 1005 3727 3975 2836 840 1404 45 3972 840 2829 2172 1404 45 2259 4461 1404
1051 3552 45 2893 1051 1404 1865 2172 779 45 1051 840 1404 45 2836 2240 1404 45 1865 840
840 1404 3314 2836 840 3314 2172 1404 3314 2259 4461 3552 3314 2259 4461 779 3314 2259 4461 779
415 1404 1865 2893 415 779 3314 2259 4461 779 3314 2836 840 1404 3314 2836 840 1404 3314 2836
4569 1051 3552 2873 2893 1051 1404 2829 2172 779 45 2836 840 1404 45 2836 840 779 3972 3972
1051 3552 2873 2893 1051 1404 3314 2172 779 45 2836 840 1404 45 2836 840 779 3972 3972 840
1404 2873 1051 840 2829 2172 1404 3314 2259 4461 1404 45 2259 4461 779 2873 2259 4461 779 2873
2829 4569 1051 1404 2873 2893 1051 1404 2829 2172 779 45 2836 840 1404 45 1005 3727 3975 2836
3552 45 2893 1051 1404 1865 2172 779 45 1051 840 3552 45 2836 2240 1404 45 1865 840 3314
840 779 2873 2836 840 779 2829 779 840 2829 2172 1404 1865 2259 4461 1404 1865 2259 4461 779
1404 1865 2172 779 45 1051 840 3552 45 2836 840 1404 45 1865 2240 3314 2172 4569 45 2259
194 738 450 450 194 738 1005 3727 3975 3727 2836 2240 2829 4569 1051 3552 2873 2893 1051 1404
2893 1051 1404 2829 2172 779 2873 2836 840 1404 45 2259 840 1404 2873 2836 840 2829 2172 2240
3975 1005 195 2643 194 738 1005 3727 3975 3727 2836 2240 3314 4569 415 4461 45 2893 1051 1404
4795 4820 2836 840 1404 45 3972 840 2829 2172 779 3972 2259 4461 1404 45 2877 4820 2877 4820
2643 194 738 3727 2836 2240 2829 4569 1051 1404 2873 2893 1051 1404 2829 2172 779 45 2836 840
3975 3727 2836 2240 3314 4569 1051 3552 45 2893 1051 1404 1865 2172 779 45 1051 840 2240 45
2893 1051 1404 2829 2172 779 2873 2836 840 1404 45 2259 840 1404 2873 2836 840 2829 2172 2240
3727 2836 2240 3314 4569 1051 840 3972 2893 1051 1404 2873 2172 1404 45 2836 840 1404 3972 2259
2836 2240 2829 3975 1404 1051 1404 45 2893 1051 1404 3314 2172 1404 45 2836 840 1404 2873 4795
2829 2172 779 2873 2836 840 1404 45 2836 840 1404 2873 2836 840 2829 2172 1404 45 2259 4461
1005 195 2643 194 738 1005 3727 3727 2836 2240 3314 4569 1051 3552 45 2893 1051 1404 1865 2172
450 3727 1005 3975 195 2643 194 738 1005 3727 3727 2836 2240 3314 4569 1051 840 3972 2893 1051
1005 195 2643 194 738 450 450 194 738 1005 3727 3975 3727 2836 2240 2829 3975 1404 1051 1404
3727 3727 2836 2240 3314 4569 1051 1404 1404 415 2829 1404 2829 2172 1404 2829 2836 840 779 3972
1051 779 3972 2893 1051 1404 2829 2172 1404 45 2836 840 1404 45 4795 4820 4795 4820 2836 840
840 1404 45 2259 840 2877 4820 2829 2172 1404 45 1005 3727 2259 4461 3552 2873 2877 4820 2873
4795 4820 4795 4820 3727 2836 2240 3314 4569 3972 2240 45 2893 3972 1404 3314 2172 779 45 2836
4569 1051 1404 2829 2893 1051 1404 3314 4461 779 45 2836 840 1404 45 2836 840 1404 3972 2829
2836 840 1404 45 1865 840 3314 2172 4569 45 2259 4461 1404 45 2259 4461 779 45 2259 4461
4569 1051 3552 45 2893 1051 1404 1865 2172 779 45 1051 840 1404 45 2836 2240 1404 45 1865
3727 3975 3727 2836 2240 3314 4569 415 4461 45 2893 1051 1404 2829 2172 779 2873 2836 840 779
194 738 450 450 194 738 1005 3727 3975 3727 2836 2240 3314 4569 1051 3552 45 2893 1051 1404
2829 2259 2240 3975 2836 2240 3314 4569 1051 3552 45 2893 1051 1404 1865 2172 779 45 2836 840
194 738 1005 3727 3975 3727 2836 2240 2829 4569 415 1404 2829 779 1865 779 2829 2172 779 3314
3314 2836 840 1404 3314 2836 840 2829 2172 1404 3314 2259 4461 3552 3314 2259 4461 779 3314 2259
2893 1051 1404 3314 2172 779 45 2836 840 779 2873 2836 840 1404 2873 1051 2240 3314 2172 779
195 2643 194 738 450 450 194 738 1005 3727 3975 3727 2836 2240 2829 4569 1051 3552 2873 2893
3727 2836 2240 2829 4569 1051 3552 2873 2893 1051 1404 3314 2172 779 45 2836 840 1404 45 2836
2836 2240 3314 4569 1051 840 3972 2893 1051 1404 2873 2172 1404 45 2836 840 1404 3972 2259 840
3727 2836 2240 2829 4569 1051 1404 45 2893 1051 1404 2829 2172 779 2873 2836 840 1404 45 2259
1005 195 2643 194 738 1005 3727 3975 3727 2836 2240 3314 4569 415 4461 45 2893 1051 1404 2829
1051 1404 45 2893 1051 1404 3314 2172 779 2873 2836 840 779 45 2836 840 1404 2873 1051 840
2643 194 738 450 450 194 738 1005 3727 3975 3727 2836 2240 3314 4569 1051 1404 45 2893 1051
840 1404 2873 1051 840 3314 2172 4569 3314 2259 4461 1404 3314 2259 4461 779 3314 2259 4461 779
2893 1051 1404 3314 2172 1404 45 2836 840 1404 2873 2877 3727 4820 1005 2836 840 1404 45 3972
194 738 1005 3727 3975 3727 2836 2240 2829 4569 415 1404 2829 779 1865 779 2829 2172 779 3314
450 3727 1005 3975 195 2643 194 738 450 450 194 738 1005 3727 3975 3727 2836 2240 3314 4569
2240 3314 4569 1051 1404 45 2893 1051 1404 3314 2172 779 2873 2836 840 779 45 2836 840 1404
1404 2829 2836 840 779 3972 2836 840 1404 2829 4820 840 2829 2172 1404 3972 2259 4461 1404 45
1404 2873 2172 1404 45 2836 840 1404 3972 2259 840 1404 2829 2259 2240 3975 2836 2240 3314 4569
2643 194 738 1005 3727 3727 2836 2240 3314 4569 1051 3552 45 2893 1051 1404 1865 2172 779 45
1005 1005 195 2643 194 738 3727 2877 2877 4820 4820 1005 3727 3975 4795 4820 2877 4820 3975 2836
3727 450 450 195 1005 195 2643 194 738 1005 3727 3727 2836 2240 3314 4569 1051 3552 45 2893
2873 2893 1051 1404 3314 2172 779 45 2836 840 1404 45 2836 840 779 3972 3972 840 2829 2172
1051 1404 2873 2172 1404 45 2836 840 1404 3972 2259 840 1404 2829 2259 2240 3975 2836 2240 3314
2836 2240 3314 4569 1051 840 3972 2893 1051 1404 2873 2172 1404 45 2836 840 1404 3972 2259 840
194 738 1005 3727 3727 2836 2240 3314 4569 1051 3552 45 2893 1051 1404 1865 2172 779 45 2836
1404 45 2836 840 779 3972 3972 840 2829 2172 1404 45 2259 4461 3552 2873 2259 4461 779 45
3727 3975 3727 2836 2240 3314 4569 1051 1404 45 2893 1051 1404 3314 2172 779 45 2836 840 779
2172 1404 1865 2259 4461 1404 3314 4795 4820 2877 4820 2829 2172 779 1865 1005 3727 2259 4461 779
1404 1865 2172 779 45 1051 840 3552 45 2836 840 1404 45 1865 2240 3314 2172 4569 45 2259
45 2893 1051 1404 1865 2172 779 45 1051 840 3552 45 2836 840 1404 45 1865 840 3314 2172
1404 3972 2836 840 2829 2172 1404 45 2259 4461 1404 3972 2259 4461 1404 45 2259 4461 1404 45
415 2829 1404 2829 2172 1404 2829 738 840 779 3972 2836 840 1404 2829 4820 840 2829 2172 1404
779 45 2836 840 1404 45 2836 840 3975 1404 45 1865 840 3314 2172 1404 45 2259 4461 3552
4569 1051 3552 45 2893 1051 1404 1865 2172 779 45 2836 840 1404 45 2836 840 1404 45 2836
840 1404 3972 2836 840 2829 2172 1404 45 2877 4461 1404 3972 2259 4461 1404 45 2259 4461 1404
4820 4795 4820 1005 3727 194 3727 2836 2240 3314 4569 415 1404 2873 2893 415 1404 2829 2172 779
4820 1005 3727 3975 4795 4820 2877 4820 3727 2836 2240 3314 4569 3972 2240 45 2893 3972 1404 3314
3975 1005 195 2643 194 738 1005 3727 3975 3975 2836 2240 3314 4569 1051 3552 45 2893 1051 1404
450 3727 3975 1005 195 2643 194 738 450 450 194 738 1005 3727 195 3727 2836 2240 2829 3975
1404 45 2893 1051 1404 3314 2172 779 45 2836 840 779 2873 2836 840 1404 2873 1051 840 3314
1404 2829 2172 779 45 2836 840 1404 45 1005 3727 3975 2836 840 1404 45 3972 840 2829 2172
3972 2240 45 2893 3972 1404 3314 2172 779 45 2836 840 1404 45 4795 4820 4795 4820 2836 840
840 1404 45 2836 840 779 3972 3972 840 2829 2172 1404 45 2259 4461 3552 2873 2259 4461 779
1005 195 2643 194 738 1005 3727 3975 3727 2836 2240 2829 4569 1051 1404 45 2893 1051 1404 3314
1404 3314 2172 779 45 2836 840 779 2873 2836 840 1404 2873 1051 840 3314 2172 4569 3314 2259
1051 1404 45 2893 1051 1404 3314 2172 779 45 2836 840 1404 45 2836 840 3975 1404 45 1865
3727 2836 2240 3314 4569 1051 3552 45 2893 1051 1404 1865 2172 779 45 1051 840 3552 45 2836
415 1404 3314 779 1865 779 3314 2172 779 3314 2836 840 779 1865 2836 840 1404 3314 415 840
779 45 2836 840 779 2873 2836 840 1404 2873 1051 840 3314 2172 4569 3314 2259 4461 1404 3314
2172 779 2873 2836 840 1404 3314 3975 2836 840 1404 1865 2259 840 4795 4820 2877 4820 3314 2172
1404 45 2836 840 2829 2172 3552 45 2259 4461 1404 45 1005 3727 2259 4461 779 45 2259 4461
2836 840 779 45 2836 840 1404 2873 1051 840 3314 2172 1404 45 2259 4461 1404 45 2259 4461
2893 3972 1404 3314 2172 779 45 2836 840 1404 45 4795 4820 4795 1404 2836 840 1404 45 3972
1404 45 1865 840 3314 2172 4569 45 2259 4461 3552 45 2259 4461 779 45 2259 4461 779 45
450 450 3727 3975 1005 1005 195 2643 194 738 3727 2877 2877 4820 4820 1005 3727 3975 4795 4820
2643 194 738 1005 3727 3975 3727 2836 2240 3314 4569 1051 3552 45 2893 1051 1404 3314 2172 779
738 1005 3727 1005 3727 3975 3975 3727 2836 2240 3314 4569 1051 1404 3972 2893 1051 1404 2829 2172
1051 1404 1865 2172 779 45 2836 840 1404 45 2836 840 1404 45 2836 840 2829 2172 3552 45
1005 3727 3975 3727 2836 2240 2829 4569 1051 1404 3972 2893 1051 1404 3314 4461 779 45 2836 840
1404 45 1865 840 3314 2172 1404 45 2259 4461 1404 45 2259 4461 779 2873 2259 4461 779 3314
4569 415 1404 2873 2893 415 1404 2829 2172 779 2873 1051 840 1404 2829 3975 2836 840 1404 1865
195 2643 194 738 3727 2836 2240 2829 4569 1051 1404 2873 2893 1051 1404 2829 2172 779 45 2836
2240 2829 4569 415 1404 3314 779 1865 779 3314 2172 779 3314 2836 840 779 1865 2836 840 1404
2836 840 1404 2829 4820 840 2829 2172 1404 3972 2259 4461 1404 45 2259 4461 779 2873 2259 4461
840 1404 2829 2259 2240 3975 2836 2240 3314 4569 1051 3552 45 2893 1051 1404 1865 2172 779 45
45 2836 840 1404 3314 2836 840 2829 2172 1404 45 2877 4461 1404 3972 2259 4461 1404 45 2259
195 2643 194 738 1005 3727 3727 2836 2240 3314 4569 1051 1404 45 2893 1051 1404 3314 2172 779
840 1404 2873 1051 840 3314 2172 1404 45 2259 4461 1404 45 2259 4461 779 3314 2259 4461 779
2836 840 3975 1404 45 1865 840 3314 2172 1404 45 2259 4461 3552 45 2259 4461 779 45 2259
194 738 1005 3727 3727 2836 2240 3314 4569 1051 840 3972 2893 1051 1404 2873 2172 1404 45 2836
45 2836 840 1404 45 4795 4820 2877 4820 2836 840 1404 45 3972 840 1005 3727 3314 2172 1404
3727 3975 1005 195 2643 194 738 1005 3727 3975 3727 2836 2240 3314 4569 1051 1404 45 2893 1051
738 1005 3727 3975 3727 2836 2240 3314 4569 1051 3552 45 2893 1051 1404 3314 2172 779 45 2836
3727 2836 2240 3314 4569 3972 4461 45 2893 1051 1404 2829 2172 779 2873 2836 840 779 2873 2836
1404 1404 415 45 1404 2829 2172 1404 2829 2836 840 779 3972 2836 840 1404 2829 4820 840 2829
2836 840 1404 45 2836 840 3975 1404 45 1865 840 3314 2172 1404 45 2259 4461 3552 45 2259
840 779 1865 2836 840 1404 3314 415 840 3314 2172 2240 3314 2259 4461 1404 3314 2259 4461 779
2829 4569 1051 1404 2873 2893 1051 1404 2829 2172 779 45 2836 840 1404 45 1005 3727 3975 2836
1404 1865 2259 840 4795 4820 2877 4820 3314 2172 1404 1865 2259 4461 1404 3314 4795 4820 2877 4820
1404 3314 2172 779 45 2836 840 1404 45 2836 840 779 3972 3972 840 2829 2172 1404 45 2259
4569 3972 2240 45 2893 3972 1404 3314 2172 779 45 2836 840 1404 45 4795 4820 4795 4820 2836
2836 2240 3314 4569 3972 4461 45 2893 1051 1404 2829 2172 779 2873 2836 840 779 2873 2836 840
2836 2240 3314 4569 1051 3552 45 2893 1051 1404 3314 2172 1404 45 2836 840 1404 45 2836 840
450 3727 3975 1005 1005 195 2643 194 738 3727 2877 2877 4820 4820 1005 3727 3975 4795 4820 2877
3727 3975 3727 2836 2240 3314 4569 1051 1404 45 2893 1051 1404 3314 2172 779 2873 2836 840 779
840 1404 3314 2836 840 1404 3314 2836 840 2829 2172 1404 3314 2259 4461 3552 3314 2259 4461 779
840 1404 45 2836 840 1404 45 1865 840 3314 2172 4569 45 2259 4461 1404 45 2259 4461 779
450 3727 3975 1005 195 2643 194 738 1005 3727 3975 3727 2836 2240 2829 4569 415 1404 3314 779
3314 2172 779 2873 2836 840 779 45 2836 840 1404 2873 1051 840 3314 2172 1404 45 2259 4461
3727 1005 3975 195 2643 194 738 1005 3727 3975 3727 2836 2240 3314 4569 415 1404 1865 2893 415
4820 4795 4820 3727 2836 2240 3314 4569 3972 2240 45 2893 3972 1404 3314 2172 779 45 2836 840
2877 3727 4820 1005 2836 840 1404 45 2259 840 2877 4820 2829 2172 1404 45 1005 3727 2259 4461
3727 3975 195 3727 2836 2240 3314 4569 1051 779 3972 2893 1051 1404 2829 2172 1404 45 2836 840
1404 2873 1051 840 3314 2172 1404 45 2259 4461 1404 45 2259 4461 779 3314 2259 4461 779 45
840 1404 45 2836 840 1404 2873 2836 840 2829 2172 1404 45 2259 4461 1404 45 2259 4461 779
3727 1005 3975 195 2643 194 738 3727 4795 4820 2877 4820 1005 3727 194 3727 2836 2240 3314 4569
3727 4820 1005 2836 840 1404 45 2259 840 2877 4820 2829 2172 1404 45 1005 3727 2259 4461 3552
738 1005 3727 3975 3727 2836 2240 3314 4569 415 4461 45 2893 1051 1404 2829 2172 779 2873 2836
450 450 194 738 1005 3727 3975 3727 2836 2240 3314 4569 1051 3552 45 2893 1051 1404 1865 2172
840 779 2829 3972 840 2829 2172 1404 1865 2259 4461 1404 1865 2259 4461 779 2829 2259 4461 779
4795 4820 3727 2836 2240 3314 4569 3972 2240 45 2893 3972 1404 3314 2172 779 45 2836 840 1404
1404 2829 2172 1404 45 2836 840 1404 45 4795 4820 4795 4820 2836 840 1404 45 3972 840 2829
3552 45 2893 1051 1404 1865 2172 779 45 2836 840 1404 45 2836 840 1404 45 2836 840 2829
3975 3727 2836 2240 3314 4569 1051 3552 45 2893 1051 1404 3314 2172 779 45 2836 840 1404 45
2643 194 738 450 450 194 738 1005 3727 3975 3727 2836 2240 2829 3975 1404 1051 1404 45 2893
2240 3314 4569 415 1404 1865 2893 415 779 3314 2259 4461 779 3314 2836 840 1404 3314 2836 840
3972 2259 4461 1404 45 2877 4820 2877 4820 2829 2172 779 45 4795 4820 2877 4820 3314 2172 779
1404 45 2836 840 3975 1404 45 1865 840 3314 2172 1404 45 2259 4461 3552 45 2259 4461 779
3727 3975 195 3727 2836 2240 3314 4569 1051 779 3972 2893 1051 1404 2829 2172 1404 45 2836 840
2240 3314 4569 1051 3552 45 2893 1051 1404 1865 2172 779 45 1051 2240 1404 45 2836 840 1404
1404 45 1865 840 3314 2172 1404 45 2259 4461 1404 45 2259 4461 779 2873 2259 4461 779 3314
2836 2240 3314 4569 415 1404 1865 2893 415 779 3314 2259 4461 779 3314 2836 840 1404 3314 2836
1404 45 2893 1051 1404 3314 2172 1404 45 2836 840 1404 2873 2877 3727 4820 1005 2836 840 1404
45 3972 840 1005 3727 3314 2172 1404 45 2259 4461 1404 45 4795 4820 2877 4820 3314 2172 779
450 3727 1005 3975 195 2643 194 738 1005 3727 3975 3727 2836 2240 3314 4569 415 1404 1865 2893
738 1005 3727 3727 2836 2240 3314 4569 1051 3552 45 2893 1051 1404 1865 2172 779 45 2836 840
738 450 450 194 738 1005 3727 3975 3727 2836 2240 3314 4569 1051 1404 45 2893 1051 1404 3314
1051 1404 3314 2172 779 45 2836 840 1404 45 2836 840 1404 45 2836 840 3314 2172 1404 45
1404 2873 2172 1404 45 2836 840 1404 3972 2259 840 1404 2829 2259 2240 3975 2836 2240 3314 4569
2643 194 738 450 450 194 738 1005 3727 3975 3727 2836 2240 2829 3975 1404 1051 1404 45 2893
1404 45 415 840 2829 2172 1404 45 2259 4461 1404 2873 2259 4461 779 45 2259 4461 779 2873
195 2643 194 738 3727 2836 2240 2829 4569 1051 1404 2873 2893 1051 1404 2829 2172 779 45 2836
1404 45 2893 1051 1404 3314 2172 779 2873 2836 840 779 45 2836 840 1404 2873 1051 840 3314
2240 3314 4569 1051 1404 45 2893 1051 1404 3314 2172 779 2873 2836 840 779 45 2836 840 1404
1005 1005 195 2643 194 738 3727 2877 2877 4820 4820 1005 3727 3975 4795 4820 2877 4820 3975 2836
45 2259 4461 1404 45 4795 4820 2877 4820 3314 2172 779 45 2259 4461 1404 45 4795 4820 4795
195 2643 194 738 450 450 194 738 1005 3727 3975 3727 2836 2240 3314 4569 1051 1404 45 2893
194 738 3727 2877 2877 4820 4820 1005 3727 3975 4795 4820 2877 4820 3975 2836 2240 3314 4569 3972
2836 840 1404 45 2836 840 1404 45 1865 840 3314 2172 1404 45 2259 4461 1404 45 2259 4461
4569 3972 2240 45 2893 3972 1404 3314 2172 779 45 2836 840 1404 45 4795 4820 4795 4820 2836
1051 1404 45 2893 1051 1404 3314 2172 779 2873 2836 840 779 45 2836 840 1404 2873 1051 840
2240 2829 4569 1051 1404 2873 2893 1051 1404 2829 2172 779 45 2836 840 1404 45 1005 3727 3975
1404 45 2836 840 1404 2873 2877 3727 4820 1005 2836 840 1404 45 2259 840 2877 4820 2829 2172
1404 45 2836 840 1404 45 1865 840 3314 2172 4569 45 2259 4461 1404 45 2259 3552 779 45
840 1404 1865 1051 840 4795 4820 2877 4820 3314 2172 4569 1865 2259 4461 1404 3314 4795 4820 2877
194 738 3727 2877 2877 4820 4820 1005 3727 3975 4795 4820 2877 4820 3975 2836 2240 3314 4569 3972
2829 3975 2893 1051 1404 45 2893 1051 1404 2829 2172 1404 45 2836 840 1404 2873 4795 3727 4820
1005 3727 3975 3727 2836 2240 3314 4569 415 4461 45 2893 1051 1404 2829 2172 779 2873 2836 840
840 1404 45 2836 840 1404 45 1865 840 3314 2172 4569 45 2259 4461 1404 45 2259 4461 779
3552 45 2893 1051 1404 1865 4461 779 45 2836 840 779 45 3975 2836 840 1404 2873 1051 840
450 194 738 1005 3727 1005 3727 3975 194 3727 2836 2240 3314 4569 1051 1404 3972 2893 1051 1404
779 45 2836 840 1404 2873 1051 840 3314 2172 1404 45 2259 4461 1404 45 2259 4461 779 3314
1051 3552 45 2893 1051 1404 1865 2172 779 45 2836 840 1404 45 2836 840 1404 45 2836 840
45 2836 840 779 2873 2836 840 1404 2873 1051 840 3314 2172 4569 3314 2259 4461 1404 1865 2259
1404 45 2836 840 1404 2873 2877 3727 4820 1005 2836 840 1404 45 2259 840 2877 4820 2829 2172
2829 2836 840 779 3972 2836 840 1404 2829 4820 840 2829 2172 1404 3972 2259 4461 1404 45 2259
1865 2893 415 779 3314 2259 4461 779 3314 2836 840 1404 3314 2836 840 1404 3314 2836 840 2829
4569 1051 3552 45 2893 1051 1404 1865 2172 779 45 2836 840 1404 45 2836 840 1404 45 2836
1404 45 2893 1051 1404 2829 2172 779 2873 2836 840 1404 45 2259 1404 1404 2873 2836 840 2829
840 1404 45 2836 840 1404 45 1865 840 3314 2172 4569 45 2259 4461 1404 45 2259 4461 779
2836 840 1404 2873 2877 3727 4820 1005 2836 840 1404 45 2259 840 2877 4820 2829 2172 1404 45
3727 3975 3727 2836 2240 2829 4569 1051 3552 2873 2893 1051 1404 3314 2172 779 45 2836 840 1404
45 2893 1051 1404 3314 2172 1404 45 2836 840 1404 2873 2877 3727 4820 1005 2836 840 1404 45
450 194 738 1005 3727 3975 3727 2836 2240 3314 4569 1051 3552 45 2893 1051 1404 1865 2172 779
195 2643 194 738 1005 3727 3975 3727 2836 2240 3314 4569 415 1404 1865 2893 415 779 3314 2259
2836 840 1404 2873 1051 840 3314 2172 1404 45 2259 4461 1404 45 2259 4461 779 3314 2259 4461
2836 840 1404 45 2836 840 1404 45 1865 840 3314 2172 1404 45 2259 4461 1404 45 2259 4461
194 738 1005 3727 3727 2836 2240 3314 4569 1051 840 3972 2893 1051 1404 2873 2172 1404 45 2836
3552 45 2893 1051 1404 1865 2172 779 45 2836 840 1404 45 2836 840 1404 45 2836 840 2829
45 2893 1051 1404 3314 2172 779 45 2836 840 1404 45 2836 840 3975 1404 45 1865 840 3314
4795 4820 3727 2836 2240 3314 4569 3972 2240 45 2893 3972 1404 3314 2172 779 45 2836 840 1404
3727 2836 2240 3314 4569 1051 1404 1404 415 2829 1404 2829 2172 1404 2829 2836 840 779 3972 2836
450 3727 1005 3975 195 2643 194 738 3727 4795 4820 2877 4820 1005 3727 195 3727 2836 2240 3314
4795 4820 2836 840 1404 45 3972 840 2829 2172 779 3972 2259 4461 1404 45 2877 4820 2877 4820
1051 1404 2829 2172 1404 45 2836 840 1404 45 4795 4820 4795 4820 2836 840 1404 45 3972 840
1005 3727 3727 2836 2240 3314 4569 1051 3552 45 2893 1051 1404 1865 2172 779 45 2836 840 779
2172 779 3314 2836 840 779 1865 2836 840 1404 3314 415 840 3314 2172 1404 3314 2259 4461 1404
1404 3314 2836 840 3314 2172 1404 3314 2259 4461 3552 3314 2259 4461 779 3314 2259 4461 779 3314
4820 1005 3727 194 3727 2836 2240 3314 4569 415 1404 2873 2893 415 1404 2829 2172 779 2873 1051
1404 2873 1051 840 2829 2172 1404 3314 2259 4461 1404 45 2259 4461 779 2873 2259 4461 779 2873
738 450 450 194 738 1005 3727 3975 3727 2836 2240 3314 4569 1051 3552 45 2893 1051 1404 1865
2836 840 1404 45 2836 840 3975 1404 45 1865 840 3314 2172 1404 45 2259 4461 3552 45 2259
3972 4461 45 2893 1051 1404 2829 2172 779 2873 2836 840 779 2873 2836 840 779 2829 779 840
2172 779 45 2836 840 779 2873 2836 840 1404 2873 1051 840 3314 2172 4569 3314 2259 4461 1404
2893 1051 1404 1865 2172 779 45 2836 840 1404 45 2836 840 1404 45 2836 840 2829 2172 2240
3314 2172 779 45 2836 840 1404 45 2836 840 1404 45 1865 840 3314 2172 1404 45 2259 4461
1404 3314 2172 779 2873 2836 840 779 45 2836 840 1404 2873 1051 840 3314 2172 1404 45 2259
2836 840 779 3972 2836 840 1404 2829 4820 840 2829 2172 1404 3972 2259 4461 1404 45 2259 4461
450 450 194 738 1005 3727 3975 3727 2836 2240 2829 3975 1404 1051 1404 45 2893 1051 1404 2829
3972 2836 840 1404 2829 4820 840 2829 2172 1404 3972 2259 4461 1404 45 2259 4461 779 2873 2259
738 1005 3727 3975 3727 2836 2240 3314 4569 1051 1404 45 2893 1051 1404 3314 2172 779 2873 2836
1051 3552 45 2893 1051 1404 1865 4461 779 45 2836 840 779 45 3975 2836 840 1404 2873 1051
3727 1005 3727 3975 194 3727 2836 2240 3314 4569 1051 779 3972 2893 1051 1404 2829 2172 1404 45
3727 1005 3975 195 2643 194 738 3727 4795 4820 2877 4820 1005 3727 194 3727 2836 2240 3314 4569
2172 779 45 2836 840 1404 45 2836 840 779 3972 3972 840 3314 2172 1404 45 2259 4461 3552
2172 779 2873 2836 840 779 2873 2836 840 779 2829 3972 840 2829 2172 1404 1865 2259 4461 1404
2836 2240 3314 4569 1051 3552 45 2893 1051 1404 1865 2172 779 45 2836 840 1404 45 2836 840
45 2836 840 1404 45 2836 840 1404 3972 2836 840 3314 2172 1404 45 2877 4461 1404 3972 2259
3972 1404 3314 2172 779 45 2836 840 1404 45 4795 4820 4795 4820 2836 840 1404 45 3972 840
