109 276 291 39 109 276 291 39 146 148 148 148 146 146 146 146 134 446 134 134
446 109 291 39 109 276 291 291 39 39 291 39 109 291 39 109 276 291 39 109
259 39 291 39 109 276 291 291 39 39 291 39 109 291 39 109 291 39 109 291
134 134 134 63 63 63 63 134 134 259 446 63 63 63 63 63 146 134 146 471
471 471 471 471 471 471 471 471 471 471 471 471 471 471 471 471 471 471 471 440
471 471 471 471 471 471 471 471 471 471 471 471 259 446 446 446 146 426 426 426
148 148 148 148 146 148 148 148 148 148 148 148 259 446 39 446 39 109 276 291
291 39 109 291 39 109 291 39 109 291 39 146 109 291 39 39 276 39 259 146
39 109 276 291 291 39 39 291 109 109 291 39 109 276 291 39 109 276 291 39
259 276 39 259 39 446 39 109 276 446 446 39 39 446 39 109 276 446 39 109
426 426 440 471 471 471 471 471 471 471 471 471 471 471 471 471 471 471 471 440
146 148 146 146 304 304 259 259 304 304 471 471 471 471 471 471 471 471 146 148
134 134 134 134 134 63 63 63 63 63 63 63 63 63 63 304 63 63 63 63
146 109 446 39 146 146 148 148 109 276 446 39 148 146 148 148 148 146 146 146
304 304 276 276 276 446 446 304 304 276 446 304 146 148 146 146 146 148 134 134
146 146 148 148 148 146 148 148 148 471 134 146 148 148 148 471 471 146 148 148
39 109 276 291 291 39 39 291 39 109 259 259 291 39 109 291 39 109 291 39
146 134 134 148 148 148 148 134 134 446 446 446 446 134 134 134 134 134 134 134
134 146 146 259 259 134 446 304 276 446 304 304 304 276 446 304 276 446 304 276
148 426 134 134 471 471 471 471 471 471 471 471 471 471 471 471 134 134 148 426
134 134 134 134 134 134 134 134 134 259 134 134 63 63 63 63 63 63 63 63
146 146 146 146 146 146 146 134 134 134 63 63 63 63 63 63 63 63 63 146
304 304 276 276 276 276 304 446 304 276 446 304 146 146 146 146 146 146 134 134
426 426 471 471 471 471 471 471 471 471 471 471 471 471 471 471 471 471 440 440
146 148 148 148 148 148 148 148 146 148 148 148 148 148 148 148 259 446 39 446
146 146 148 148 146 146 146 146 146 148 146 146 146 146 148 148 148 148 148 148
148 148 148 148 148 259 259 146 146 148 148 148 148 148 148 304 304 146 146 148
291 39 39 291 109 148 148 109 291 39 109 276 446 39 63 276 446 39 109 446
304 304 276 446 276 304 446 304 276 446 304 146 146 148 148 134 134 148 148 134
259 259 39 291 39 109 276 291 291 39 39 291 39 109 291 39 109 291 39 109
63 63 63 63 63 63 63 63 63 63 63 446 134 134 146 148 146 146 148 146
109 276 446 446 39 39 446 39 109 276 446 39 109 276 446 39 109 276 446 39
63 63 63 63 446 134 146 63 63 63 63 134 146 146 146 148 148 146 146 146
109 276 291 291 39 39 446 39 109 291 39 109 291 39 304 291 39 146 109 291
39 39 276 39 146 259 146 146 146 146 146 146 146 134 134 134 63 63 63 63
39 446 304 276 446 304 148 148 134 134 148 148 134 134 146 148 146 146 146 148
471 471 471 471 471 471 471 471 471 471 426 426 259 446 446 446 146 426 426 426
148 146 146 276 276 304 446 446 276 446 39 446 446 39 276 446 276 39 446 109
471 471 471 471 471 471 471 471 471 471 471 440 440 426 426 471 471 471 471 471
146 259 146 146 146 134 134 63 63 63 63 63 63 63 63 63 146 146 146 148
148 146 148 148 148 134 134 146 146 146 146 148 148 148 148 148 148 146 146 148
446 39 39 276 39 146 259 146 146 146 146 146 146 146 134 134 63 63 63 63
39 259 146 259 146 146 146 134 134 63 63 63 63 63 63 63 63 63 146 148
446 304 276 446 304 304 304 304 276 446 276 304 446 109 276 446 446 146 148 146
146 148 148 148 148 148 148 148 146 148 148 148 148 148 148 148 304 304 146 146
63 63 63 63 63 63 63 63 146 148 63 63 63 63 63 63 63 63 146 148
148 148 148 148 148 259 259 148 148 134 134 446 304 276 446 304 39 446 39 276
471 471 471 471 471 471 471 471 471 471 471 471 259 446 446 446 146 426 426 426
276 276 276 446 446 304 304 276 446 304 146 148 146 148 146 146 134 134 134 134
148 146 146 148 134 148 134 134 146 146 146 134 134 63 63 63 63 63 63 63
39 276 276 39 146 146 146 146 259 146 146 146 134 134 63 63 63 63 63 63
39 109 276 291 39 39 259 446 39 276 39 291 39 109 276 291 291 39 39 291
146 146 148 148 148 146 148 148 148 146 148 148 148 471 146 148 148 148 134 471
109 276 291 39 39 276 39 146 259 146 146 146 134 134 63 63 63 146 63 63
109 276 291 39 109 276 291 446 39 276 39 259 146 146 146 146 146 146 146 134
146 146 146 148 146 146 146 146 148 146 148 259 446 39 291 39 146 109 276 291
471 471 471 440 471 259 446 446 446 146 426 426 134 471 471 471 471 471 471 471
446 276 39 446 39 276 446 39 134 134 146 148 148 148 148 146 134 134 146 148
276 276 276 276 304 446 304 276 446 304 146 146 146 146 146 146 134 134 134 134
148 148 148 148 148 148 148 304 304 146 148 148 148 148 148 148 148 304 304 471
146 146 63 146 146 146 146 146 63 146 146 146 146 146 148 146 146 146 146 148
471 471 471 471 471 471 471 471 471 471 471 471 471 471 471 471 471 471 471 471
109 291 39 39 134 259 276 39 259 109 291 39 109 276 291 291 39 39 291 39
39 134 134 134 446 109 276 446 39 146 39 276 276 39 446 304 276 446 304 304
39 291 39 109 276 291 291 39 39 291 39 109 291 39 109 291 39 304 291 39
39 109 291 39 109 291 39 109 291 291 39 471 471 471 471 109 276 291 109 39
39 109 276 446 446 39 39 446 39 109 276 446 39 446 276 446 39 304 276 446
39 109 276 446 39 109 276 446 39 109 276 446 39 291 291 291 291 109 276 446
304 304 146 146 148 148 148 148 148 148 304 304 259 259 471 471 146 146 148 148
146 134 134 446 134 134 63 63 63 63 63 63 63 63 63 63 63 63 63 146
146 63 146 63 63 63 63 63 63 63 146 63 146 146 146 146 146 63 146 146
63 146 146 63 63 63 63 63 63 63 63 146 148 259 146 148 146 148 148 148
276 276 109 446 109 276 446 446 146 63 63 63 446 39 276 276 39 446 304 276
134 63 63 134 446 259 446 63 63 63 63 63 63 63 146 134 471 471 471 471
471 471 471 471 471 471 471 471 471 440 134 426 426 471 471 471 471 471 471 471
471 471 471 471 471 471 471 134 471 259 446 259 446 146 148 148 134 471 471 471
276 276 39 146 148 146 148 146 148 146 148 134 134 134 134 63 304 63 63 63
148 134 134 446 304 276 446 304 134 446 304 276 276 304 146 148 146 146 146 148
134 134 134 134 63 63 63 63 63 63 63 63 63 63 63 63 63 146 146 146
471 471 471 471 471 471 471 471 471 471 471 471 471 471 471 440 471 471 471 471
134 259 446 39 291 39 109 276 291 291 39 39 291 39 109 291 39 109 259 291
39 109 276 291 39 109 276 291 446 39 276 39 259 146 146 146 146 146 146 146
63 63 446 276 446 304 276 146 304 39 146 63 304 304 63 63 276 276 39 446
259 276 259 39 39 291 39 109 276 291 291 39 39 291 39 109 291 39 109 291
109 148 148 148 148 446 39 148 148 109 291 109 304 39 276 276 39 134 134 146
146 146 146 146 146 146 146 146 146 146 146 148 148 146 146 146 146 146 148 146
471 471 471 471 471 471 471 471 471 471 471 471 146 471 446 446 446 134 426 426
471 146 146 146 146 134 148 146 146 148 146 146 148 148 148 259 146 148 148 148
146 146 148 146 148 146 148 146 146 146 148 146 63 146 146 146 148 146 146 148
471 471 471 471 471 471 471 471 471 471 471 471 440 440 259 446 109 471 471 471
109 276 291 39 39 259 446 39 276 39 291 39 109 276 291 291 39 39 291 39
134 304 39 446 276 39 446 446 276 446 39 146 39 276 276 39 446 109 276 446
109 276 291 291 39 39 446 39 109 291 39 109 291 39 109 276 291 39 109 276
39 39 291 39 109 446 39 109 446 39 109 276 446 39 134 109 276 446 39 146
471 471 471 471 471 471 471 471 471 471 471 440 471 471 471 471 471 471 471 471
259 259 446 304 276 446 304 304 304 304 276 276 276 446 446 304 304 276 446 304
446 146 39 146 146 146 146 146 148 148 109 446 39 146 259 146 148 146 146 146
471 146 148 259 446 446 446 146 148 148 148 148 148 146 148 471 471 471 471 471
146 63 276 276 63 63 446 304 276 446 39 39 146 63 63 39 276 446 276 39
276 146 146 446 39 276 446 39 39 63 39 276 276 39 446 446 276 446 109 146
471 471 471 471 471 471 471 471 471 471 146 259 446 446 446 146 148 148 134 471
134 146 63 63 146 63 63 63 63 63 146 148 146 146 146 146 148 134 148 134
291 39 109 291 39 304 276 291 39 109 276 291 39 146 148 148 148 259 146 146
146 63 63 146 63 63 63 63 63 63 63 63 146 146 146 146 446 109 291 39
440 440 471 471 471 471 471 471 471 471 471 471 471 471 471 471 471 471 471 471
146 146 148 146 148 134 134 134 134 63 63 63 63 63 63 146 63 63 446 276
426 426 471 471 471 471 471 471 471 471 471 471 471 471 471 471 471 471 471 471
471 146 148 148 148 471 146 148 148 148 471 146 146 304 146 146 304 146 148 148
134 146 63 63 63 63 63 63 63 63 146 148 134 471 471 134 148 471 471 471
471 471 146 148 148 148 148 148 148 148 259 259 471 471 471 471 471 471 109 291
146 146 146 146 148 146 146 146 146 146 148 148 148 63 63 146 148 146 148 146
146 146 63 63 146 63 63 63 63 63 63 63 146 148 148 146 146 146 146 148
471 146 259 446 446 446 148 148 148 259 134 134 471 471 471 471 471 471 471 471
471 426 426 471 471 471 471 471 471 471 471 471 471 471 471 471 471 471 471 471
148 146 146 146 146 148 134 148 134 146 146 146 134 134 63 63 63 63 63 63
39 291 39 109 276 291 291 39 39 291 39 109 291 39 109 291 39 304 291 39
471 471 471 471 471 471 471 471 440 440 426 426 471 471 471 471 471 471 471 471
259 446 446 446 148 426 148 134 134 134 471 471 471 471 471 471 471 471 471 471
134 146 148 134 148 134 446 446 134 134 134 134 259 134 134 63 63 63 63 63
291 39 109 276 291 291 39 39 291 39 109 291 39 109 291 39 109 291 39 39
109 291 39 39 134 259 276 39 259 109 291 39 109 276 291 291 39 39 291 39
146 146 146 146 146 146 146 146 146 146 146 146 146 148 148 146 148 146 146 63
146 146 146 146 148 148 148 148 148 148 148 146 146 134 134 146 148 148 148 148
148 148 148 148 148 471 471 259 259 146 148 148 148 148 148 148 148 471 63 109
134 63 63 63 63 63 63 63 63 63 63 63 63 63 63 63 63 63 63 146
276 304 446 39 276 446 39 304 39 276 446 276 39 259 259 146 146 146 146 146
471 471 471 471 471 471 471 471 471 471 471 471 471 471 471 471 471 440 440 426
134 259 446 134 63 63 63 63 63 63 63 63 63 146 146 146 134 471 471 471
148 471 471 471 471 148 146 146 146 134 134 134 134 63 63 63 63 63 63 63
471 471 471 471 471 471 471 471 471 471 471 471 471 471 471 471 471 471 471 471
134 134 148 148 134 134 146 148 146 148 146 148 134 134 134 134 146 39 276 276
291 39 39 276 39 259 146 146 146 146 146 146 146 134 134 63 63 63 63 63
134 259 446 134 63 63 63 63 63 63 63 63 63 146 148 134 471 134 471 146
146 146 146 446 134 146 146 146 146 148 146 146 146 146 471 146 148 148 148 259
291 39 39 291 39 109 291 39 109 291 39 304 291 39 109 291 39 146 148 148
146 146 134 134 63 63 63 63 63 63 63 63 63 146 148 146 146 146 146 148
134 446 109 276 446 39 304 39 276 276 39 446 109 276 446 446 304 39 276 276
63 63 446 39 276 276 39 446 304 276 446 39 63 63 63 63 63 63 63 63
148 148 134 134 446 446 446 446 134 134 134 134 134 134 134 446 134 259 446 134
148 148 134 134 134 134 146 146 259 259 134 446 304 276 446 304 304 304 276 446
109 276 291 291 39 39 291 39 109 291 39 109 291 39 109 291 39 39 259 446
148 148 148 134 146 148 148 148 134 446 259 446 39 291 39 109 276 291 291 39
146 146 426 148 148 146 148 148 148 134 134 471 471 471 471 471 471 471 471 471
426 148 148 426 134 134 471 471 471 471 471 471 471 471 471 471 471 471 134 134
39 109 291 39 109 276 291 39 109 276 291 39 109 291 39 39 276 39 259 146
146 148 304 304 148 148 146 148 146 146 276 276 304 446 446 276 446 39 39 446
446 39 109 446 39 109 446 39 109 276 446 39 291 109 276 446 39 39 276 39
39 109 291 39 109 291 39 109 291 39 39 259 259 109 291 39 276 39 109 276
471 471 471 109 291 291 109 39 276 39 148 259 471 471 471 471 146 146 146 146
471 471 471 471 471 471 471 471 471 146 259 446 446 446 146 148 148 134 471 471
134 63 63 63 63 63 134 134 63 259 446 63 63 63 146 148 148 471 471 471
63 63 146 63 63 146 146 146 148 146 146 148 148 134 134 146 146 146 134 134
148 148 148 148 446 134 134 134 146 146 259 259 134 446 304 276 446 304 304 304
291 39 109 146 276 291 291 39 39 291 39 109 291 39 109 291 39 109 291 39
134 134 146 146 146 134 134 63 63 63 63 63 63 63 63 63 63 63 63 146
276 291 291 39 39 291 39 109 291 39 109 291 109 109 291 39 109 276 291 39
146 146 146 304 471 471 471 146 148 148 148 148 148 148 148 259 259 471 471 471
291 39 109 291 39 109 291 39 109 291 291 39 471 471 471 471 109 291 291 109
471 471 426 440 471 471 471 471 471 471 471 471 471 471 471 471 471 471 471 471
146 426 426 426 426 134 471 471 471 471 471 471 471 471 471 471 471 471 471 471
148 148 259 446 39 291 39 109 276 291 291 39 39 291 39 109 146 291 39 148
146 148 148 146 148 134 148 134 146 146 146 134 134 63 63 63 63 63 63 63
39 109 446 39 148 109 446 109 39 276 39 259 146 146 146 146 146 146 146 146
276 291 39 39 109 276 291 291 39 39 446 39 109 291 39 109 276 291 39 109
146 146 146 146 146 146 148 146 146 146 146 148 148 148 146 148 148 148 446 146
471 471 471 471 471 471 471 471 471 471 471 471 471 471 471 471 440 471 471 471
471 471 471 259 146 148 146 146 446 259 146 146 146 134 134 63 63 63 63 63
134 146 148 146 146 148 148 148 148 148 148 146 146 148 148 148 148 148 148 471
109 291 39 304 291 39 148 109 291 39 39 276 39 259 146 146 146 146 146 146
39 291 39 109 259 259 291 39 109 291 39 109 291 39 109 291 39 39 276 39
146 146 148 148 471 134 146 148 148 148 63 446 146 146 148 148 259 471 471 146
440 426 426 471 471 471 471 471 471 471 471 471 471 471 471 471 471 471 471 426
440 426 471 471 471 471 471 471 471 471 471 471 471 471 259 446 446 446 146 426
291 39 109 446 39 39 259 276 39 259 39 276 39 109 276 446 446 39 39 446
146 146 146 146 146 148 148 148 259 146 148 148 148 259 146 39 291 39 109 276
146 146 146 148 146 148 146 148 148 148 134 134 148 148 146 146 146 146 148 148
109 291 39 109 276 291 39 109 276 291 109 39 276 39 259 146 146 146 146 146
276 446 446 39 39 446 39 109 276 446 39 109 276 446 39 109 276 446 39 291
146 134 134 63 63 63 63 134 134 63 63 63 63 63 63 63 63 146 146 146
39 446 304 276 446 304 304 304 276 276 304 446 446 276 446 39 63 63 63 63
148 148 148 148 148 146 148 134 134 146 148 148 148 148 148 148 148 259 446 39
134 146 63 63 63 63 63 63 63 63 146 148 148 146 148 134 148 134 146 146
134 259 446 146 146 63 146 148 134 148 471 471 471 471 471 471 471 471 471 471
426 440 440 471 471 471 471 471 471 471 471 471 471 471 471 471 471 471 471 471
148 426 426 148 148 426 134 134 471 471 471 471 471 471 471 471 471 471 471 471
134 134 134 446 134 259 446 134 134 63 63 63 63 63 63 63 63 63 63 63
146 63 63 63 63 63 63 63 63 63 63 146 63 146 146 146 146 146 63 146
446 446 446 426 426 426 134 471 471 471 471 471 471 471 471 471 471 471 471 471
471 471 471 471 471 471 471 471 471 471 471 471 471 440 471 471 471 471 471 426
148 148 146 148 146 148 259 259 446 446 276 446 39 304 304 39 276 276 276 276
134 259 446 39 276 39 109 276 291 446 39 39 446 39 109 276 291 39 109 276
63 304 471 63 63 63 63 134 134 63 63 63 63 63 63 146 148 63 63 146
39 109 291 39 109 291 39 109 291 39 39 259 446 39 291 39 276 39 109 276
276 291 39 39 276 276 39 146 146 146 146 259 146 146 146 134 134 146 63 63
39 109 276 291 291 39 39 291 39 109 291 39 109 291 39 304 291 39 109 291
471 471 471 471 471 471 471 471 471 259 446 109 471 39 471 276 291 471 39 39
471 63 63 63 63 63 63 63 63 63 63 63 63 63 63 63 63 63 63 63
134 471 471 471 471 471 471 471 471 471 471 471 471 134 134 426 426 471 471 471
39 291 39 109 291 39 109 291 39 146 146 109 148 148 146 148 291 39 148 148
146 146 146 146 146 148 148 146 146 148 148 148 146 148 148 148 134 446 259 446
146 146 148 146 148 146 148 134 134 134 134 63 63 134 134 63 63 63 63 63
276 446 446 109 276 446 39 146 146 304 39 446 446 39 446 446 276 446 109 146
146 146 146 146 148 148 148 146 148 148 148 134 259 304 146 148 148 148 304 146
148 148 146 148 146 148 148 148 148 148 148 148 146 146 148 148 148 148 148 148
148 148 148 134 134 446 446 446 446 134 134 134 134 134 134 134 446 134 259 134
471 471 471 471 471 471 471 426 471 471 471 471 146 259 446 446 446 146 426 426
146 146 148 148 148 148 148 148 148 146 148 148 148 148 148 148 148 259 446 39
471 471 471 471 471 471 471 259 446 446 446 426 426 426 471 471 471 471 471 471
471 471 471 440 471 471 471 471 471 471 471 471 471 471 259 446 446 446 426 426
148 148 259 146 148 148 148 471 146 148 148 148 63 471 146 148 148 148 471 471
63 146 63 134 134 63 259 446 146 63 63 146 148 148 471 471 471 471 471 471
148 146 148 148 134 134 259 146 146 146 134 134 63 63 63 63 63 63 63 63
109 276 291 291 39 39 291 39 109 291 39 109 134 134 291 39 304 291 39 39
63 146 146 63 146 63 146 146 63 63 146 146 146 148 148 146 146 148 148 148
109 291 39 109 291 39 109 291 109 39 276 39 146 259 146 146 146 146 146 146
63 63 63 63 63 63 63 446 134 63 63 63 63 63 134 146 146 146 148 148
276 446 446 146 148 146 148 146 148 134 134 134 134 63 63 63 63 146 276 276
471 471 471 146 148 148 148 148 148 148 148 304 471 146 146 146 146 146 146 146
146 63 146 63 146 63 146 63 63 63 146 63 63 63 63 63 63 63 63 63
134 134 446 134 134 63 63 63 63 63 63 63 63 63 63 63 63 63 146 148
471 471 471 471 471 471 471 471 259 259 134 134 259 446 39 291 39 109 276 291
109 291 39 134 134 134 446 446 276 446 39 146 39 276 276 39 446 304 276 446
109 291 39 39 259 276 39 446 39 291 39 109 276 291 291 39 39 291 39 109
446 446 446 426 426 426 259 471 471 471 471 471 471 471 471 471 471 471 471 471
446 304 276 446 304 63 304 276 276 39 146 148 146 148 146 146 146 148 134 134
148 259 146 148 148 148 259 446 39 291 39 109 276 291 291 39 39 291 39 109
39 291 39 109 291 39 109 291 39 109 276 291 39 109 276 291 39 146 148 148
39 146 146 146 146 146 146 146 146 146 146 146 146 148 148 146 146 148 148 146
146 146 134 134 63 63 63 63 134 134 63 63 63 63 63 63 63 63 146 146
471 471 471 471 471 471 471 471 471 471 471 471 471 471 471 471 471 471 471 471
291 39 39 291 39 109 291 39 109 291 39 304 291 39 109 291 39 146 148 148
134 259 446 39 291 39 109 276 291 291 39 39 291 39 109 291 39 109 276 291
39 291 39 109 276 291 291 39 39 291 39 109 291 39 109 276 291 39 109 276
109 276 291 39 134 146 146 146 146 134 446 134 134 63 63 63 63 63 63 63
63 146 63 146 63 63 146 146 146 148 146 146 148 148 134 134 146 146 146 134
276 304 446 39 276 446 39 304 39 276 446 276 39 259 259 146 146 146 146 146
39 146 148 146 148 146 148 146 146 134 134 146 63 134 134 63 63 63 63 63
146 146 146 63 146 63 63 146 146 146 146 148 148 146 146 63 146 146 148 148
146 146 134 148 146 146 148 146 146 148 148 148 259 146 148 148 148 471 146 148
471 471 471 471 471 471 471 471 471 471 471 471 471 471 471 471 471 471 471 471
471 471 471 291 471 426 471 471 471 471 259 426 471 471 471 471 471 471 471 471
134 134 134 134 446 259 446 134 134 63 63 63 63 63 63 63 63 63 146 148
471 471 440 440 426 426 471 471 471 471 471 471 471 471 471 471 471 471 471 471
148 148 304 304 146 146 148 148 148 148 148 148 304 304 259 259 471 471 146 148
148 146 148 146 148 146 146 146 146 259 446 39 291 39 146 146 109 276 291 291
109 291 39 146 148 148 148 146 146 146 146 134 134 446 134 63 63 63 63 63
146 146 146 146 146 146 146 146 146 148 148 146 146 63 146 146 148 148 146 148
471 259 446 259 446 426 426 426 134 471 471 471 471 471 471 471 471 471 471 471
146 148 146 148 146 148 134 134 134 134 134 134 63 63 63 63 63 63 63 63
259 146 148 148 148 146 148 148 148 259 446 39 276 39 109 276 291 291 39 39
146 146 471 146 146 63 63 146 146 146 146 146 146 146 146 63 146 146 146 148
146 146 146 146 146 146 146 146 146 146 146 146 146 146 148 148 146 148 146 146
146 146 146 304 148 146 146 146 146 148 148 148 146 148 148 148 134 259 304 146
148 148 134 146 146 134 146 146 146 146 63 63 63 63 63 63 63 134 63 146
39 39 291 109 109 291 39 109 276 291 39 109 276 291 39 39 259 446 39 276
146 146 148 148 134 134 148 148 134 134 134 134 446 446 446 446 134 134 134 134
39 146 63 63 63 63 63 63 63 63 63 134 134 63 63 63 63 63 63 146
134 39 276 276 276 276 39 446 446 276 446 446 146 146 146 146 146 146 134 134
63 146 148 148 146 134 148 148 134 146 146 146 134 134 63 63 63 63 63 63
471 471 471 471 471 471 471 471 471 471 471 471 440 440 259 446 471 471 471 471
259 446 39 291 39 109 276 291 291 39 39 291 39 109 291 39 109 291 39 109
276 291 39 134 146 146 146 146 134 446 134 134 63 63 63 63 63 63 63 63
146 146 146 304 148 146 146 146 146 148 148 148 146 148 148 148 134 259 304 146
146 146 146 148 146 148 146 146 148 148 148 148 146 146 146 146 148 148 148 148
471 471 471 471 471 471 146 148 148 148 148 148 148 148 146 146 146 148 146 148
426 426 440 471 471 471 471 471 471 471 471 471 471 471 471 471 471 471 471 471
109 276 291 291 39 39 291 39 146 146 109 291 39 109 291 39 304 446 39 146
259 446 39 291 39 109 276 291 291 39 39 291 39 109 291 39 109 291 39 109
291 39 109 291 39 109 291 39 109 291 39 109 291 39 146 148 148 148 146 146
148 148 148 148 148 148 148 259 259 146 146 148 148 148 148 148 148 304 304 146
259 446 134 134 63 63 63 63 63 63 63 63 63 63 63 63 63 63 63 63
471 471 471 471 471 471 471 471 471 471 471 471 471 440 440 146 471 446 109 471
148 146 148 134 134 134 134 304 304 134 134 446 446 276 304 446 39 276 446 39
146 146 134 259 134 63 63 471 471 471 471 63 63 63 63 63 63 63 63 63
446 39 276 446 39 146 148 146 148 146 148 146 146 134 134 446 134 134 134 63
291 39 134 134 446 304 276 446 63 63 304 276 276 39 146 148 146 146 146 148
276 39 446 304 276 446 304 304 304 276 446 304 109 291 39 39 276 39 146 148
471 471 471 471 471 471 471 471 471 471 471 471 471 471 471 471 471 471 471 471
446 471 426 426 426 471 471 471 471 471 471 471 471 471 471 471 471 471 471 471
39 109 291 109 39 276 39 146 148 146 146 146 148 146 146 259 259 446 109 446
39 291 39 109 291 39 109 291 39 304 446 39 109 291 39 134 146 148 148 148
148 148 148 146 148 146 148 148 148 134 134 146 146 146 146 148 148 148 148 148
471 471 471 471 471 471 471 471 471 259 446 446 446 426 426 426 471 471 471 471
426 440 426 471 440 471 471 471 471 471 471 471 471 471 471 134 134 471 471 471
148 148 146 148 148 148 304 146 148 148 148 304 259 146 148 148 148 471 304 304
471 471 471 471 471 471 471 471 471 471 471 471 471 471 471 471 471 471 471 471
291 39 63 109 446 39 146 146 109 146 446 146 39 146 146 146 146 146 148 148
471 471 471 471 148 148 259 446 446 446 146 148 148 148 148 148 146 148 471 471
304 276 446 304 146 146 148 148 134 134 148 148 134 134 146 148 146 146 146 148
471 471 471 471 471 471 471 471 134 134 259 446 109 291 39 109 276 291 291 39
276 276 39 146 63 446 146 276 446 39 63 63 63 63 63 63 146 148 148 148
63 63 63 63 63 63 63 63 63 63 63 63 63 63 63 63 63 63 63 146
146 148 148 148 471 146 148 148 148 134 471 146 148 146 146 471 471 471 471 471
39 39 291 39 109 291 39 109 276 291 39 109 276 291 39 109 276 291 39 39
39 109 446 39 146 109 446 39 39 276 39 259 146 146 146 146 146 146 146 134
259 446 39 291 39 63 148 109 276 291 291 39 39 291 39 146 146 148 109 291
471 446 134 471 471 259 259 146 146 148 148 148 148 148 148 471 471 471 471 471
148 148 146 148 148 148 471 146 146 148 148 134 63 146 146 148 471 148 304 259
63 63 63 63 63 63 63 63 134 134 63 63 63 63 63 63 146 148 63 63
146 146 146 146 146 148 146 148 146 148 148 148 148 148 148 148 146 146 134 134
39 109 446 39 109 446 39 109 446 39 146 146 146 146 134 134 63 63 63 63
148 148 148 148 148 146 148 148 148 148 148 148 148 259 446 39 291 39 109 276
471 471 471 471 471 471 471 471 471 471 440 440 471 471 471 471 426 426 426 426
146 146 146 146 146 146 146 148 148 471 148 146 146 146 148 148 146 146 148 148
471 471 471 471 471 471 471 471 471 471 471 471 471 471 471 471 471 471 426 471
471 471 471 471 471 471 471 471 471 471 471 471 471 471 471 426 471 446 109 446
426 471 471 471 471 471 471 471 471 471 471 471 471 471 471 471 471 471 471 471
446 63 63 63 63 63 148 134 148 471 471 471 471 471 471 471 471 471 471 471
134 134 63 63 63 63 63 63 63 63 63 63 63 63 146 146 146 146 446 109
471 471 471 471 471 471 471 471 471 471 471 471 471 471 471 471 471 471 471 471
63 63 63 63 63 63 63 63 259 446 134 63 63 63 146 63 148 148 146 146
259 446 446 446 146 148 148 148 148 148 446 134 134 134 146 146 259 259 134 446
471 471 471 471 471 471 259 446 446 446 426 426 426 471 471 471 471 471 471 471
291 39 134 146 146 146 146 134 446 134 134 63 63 63 63 63 63 63 63 63
259 146 146 146 146 146 146 146 134 134 134 259 63 63 63 63 63 63 63 63
291 39 109 291 39 109 291 39 39 259 276 39 446 39 291 39 109 276 291 291
109 276 446 39 109 39 276 276 39 146 63 446 109 276 446 446 146 63 109 39
471 471 446 109 259 446 39 291 39 109 276 291 291 39 39 291 39 109 291 39
63 63 63 63 63 446 134 146 63 63 63 63 134 146 146 146 148 148 146 146
134 471 146 148 146 146 471 471 471 471 471 146 148 148 148 471 259 471 471 146
276 446 39 109 276 446 39 146 148 148 148 148 148 148 148 134 134 446 39 276
304 276 446 304 39 146 63 304 304 63 63 276 276 39 446 304 276 446 39 304
146 146 63 146 63 146 63 146 63 146 148 148 146 134 146 148 134 146 146 146
471 471 471 471 471 471 471 471 471 471 471 471 471 471 471 471 440 440 471 471
134 134 134 63 63 63 63 63 63 134 446 259 446 63 63 63 146 148 471 471
471 471 471 471 259 471 471 471 471 146 146 146 146 146 146 146 134 134 63 63
471 471 471 471 471 471 471 471 471 471 146 259 446 446 446 146 148 148 134 471
259 146 146 146 146 146 146 146 134 134 63 63 63 63 63 134 63 63 63 63
426 426 134 471 471 471 471 134 471 471 471 471 471 471 471 471 471 471 471 471
63 63 146 134 63 63 63 63 63 63 63 63 146 146 146 146 146 148 146 146
146 134 134 148 148 148 148 134 134 446 446 446 446 134 134 134 134 134 134 134
134 259 446 39 291 39 109 276 291 291 39 39 291 39 109 291 39 109 291 39
148 146 148 148 148 471 146 148 148 148 471 446 146 148 148 148 259 471 471 471
471 471 471 471 471 471 440 440 426 426 471 471 471 471 471 471 471 471 471 471
146 146 146 148 146 146 148 148 134 134 146 146 146 134 134 63 63 63 63 63
146 146 146 146 63 63 63 63 63 63 146 148 148 146 146 146 146 148 148 148
134 134 146 146 146 134 134 63 63 63 63 63 63 63 63 63 63 63 63 146
134 134 63 63 63 63 63 63 63 63 146 146 146 63 148 146 63 146 146 148
146 146 146 63 146 63 146 63 63 63 63 63 146 146 146 148 146 146 146 146
471 471 471 471 471 471 471 134 134 259 446 109 291 39 109 276 291 291 39 39
134 259 446 39 291 39 109 276 291 291 39 39 291 39 109 291 39 109 291 39
259 109 291 39 39 259 259 39 276 39 291 39 109 276 291 291 39 39 291 39
134 134 134 134 63 63 63 63 134 446 259 446 63 63 63 63 63 146 148 134
134 446 134 146 146 148 148 134 134 148 148 134 134 134 134 446 446 446 446 134
446 109 259 446 39 291 39 109 276 291 291 39 39 291 39 109 291 39 109 276
471 146 146 63 146 63 63 63 146 146 148 148 148 146 148 148 148 146 148 148
146 148 148 146 148 446 446 446 276 446 276 39 446 446 276 446 39 146 146 148
39 63 109 276 291 291 39 39 146 291 39 146 109 146 146 291 39 63 109 291
39 39 276 39 259 146 259 146 146 146 134 134 63 63 63 63 63 63 63 63
276 39 146 259 146 146 146 134 134 63 63 63 63 63 63 63 63 63 146 146
146 146 63 146 63 148 148 148 146 146 148 134 134 471 471 471 471 471 471 471
276 446 304 304 304 276 446 304 276 446 304 276 446 304 304 304 276 276 304 471
146 146 148 146 146 148 146 146 148 148 148 146 148 148 148 471 134 146 148 148
471 471 471 471 471 471 471 471 471 471 471 471 471 471 471 440 471 471 471 471
426 426 440 471 471 440 426 471 471 471 471 471 471 471 471 471 471 471 471 471
471 471 471 471 471 471 471 471 471 471 471 471 471 471 471 471 471 471 471 471
134 146 63 63 63 146 63 63 63 63 63 63 63 146 148 146 146 148 146 63
146 134 134 134 134 63 63 63 63 63 63 134 446 259 446 63 63 63 146 148
276 39 446 304 276 446 304 148 148 134 134 148 148 134 134 146 148 146 148 146
39 63 276 291 39 146 148 148 148 109 291 39 146 146 146 146 134 134 134 63
134 134 134 259 446 134 63 63 63 63 63 63 63 63 63 146 148 134 471 471
471 471 471 471 471 471 471 471 471 471 471 471 471 471 471 471 471 471 471 440
471 446 446 426 426 426 471 471 471 471 471 471 471 471 471 471 471 471 471 471
291 39 39 259 276 39 446 39 291 39 109 276 291 291 39 39 291 39 109 446
276 276 39 446 304 276 446 39 146 146 304 39 276 276 39 446 446 276 446 109
146 63 63 63 63 63 63 63 63 63 63 63 146 148 63 63 63 63 63 63
276 291 291 39 39 291 39 109 291 39 109 291 39 304 291 39 471 471 471 471
148 134 146 148 148 148 304 146 148 148 148 304 146 148 148 148 471 304 304 259
146 146 146 146 148 148 148 259 446 109 291 39 146 148 109 276 291 291 39 39
146 146 148 146 148 134 134 134 134 63 63 63 63 63 63 146 63 63 446 276
259 446 109 276 39 276 39 109 276 291 276 39 39 446 39 109 291 39 109 291
291 39 109 291 39 134 109 276 291 39 109 276 291 39 39 276 39 146 259 146
134 259 446 39 291 39 109 276 291 291 39 39 291 39 109 291 39 109 276 291
440 426 471 471 471 471 471 471 471 471 471 471 471 471 259 446 446 446 146 426
471 471 471 471 471 471 471 471 471 471 471 471 440 440 426 426 471 471 471 471
134 446 134 146 146 148 148 134 134 148 148 134 134 134 134 446 446 446 446 134
276 276 39 446 446 276 446 446 146 146 63 63 63 63 146 39 63 63 276 276
471 471 471 471 471 446 134 134 259 446 109 291 39 109 276 291 291 39 39 291
148 148 148 148 148 134 134 134 134 146 146 146 146 146 146 134 134 134 134 146
146 148 148 146 146 148 148 148 471 134 146 148 148 148 146 471 146 148 148 148
134 134 134 134 134 259 446 134 134 63 63 63 63 63 63 63 63 63 63 63
146 134 148 134 134 446 446 134 134 134 134 134 259 446 134 63 63 63 63 63
440 426 426 426 426 426 426 471 471 471 471 471 471 471 471 471 471 471 471 471
146 148 148 471 276 471 109 39 276 39 148 471 471 471 471 259 146 471 471 471
39 134 134 259 446 39 276 39 109 276 291 291 39 39 446 39 109 276 291 39
146 109 291 39 39 276 39 259 146 146 146 146 146 146 146 134 134 63 63 63
471 471 259 146 471 471 471 471 471 471 471 471 259 146 146 146 146 446 259 146
146 446 134 146 146 146 146 148 146 146 146 146 471 146 148 148 148 259 146 148
446 39 146 148 148 148 148 148 148 148 134 134 446 446 276 446 39 446 39 276
471 471 146 259 446 446 446 148 426 426 134 471 471 471 471 471 471 471 471 471
440 426 426 471 471 471 471 471 471 471 471 471 471 471 471 471 471 471 471 471
426 471 471 471 471 471 471 471 471 440 426 471 471 471 471 471 471 471 471 471
39 446 446 276 446 39 446 39 276 276 39 446 446 276 446 446 63 63 63 63
109 446 39 146 259 146 148 146 146 146 146 134 134 63 63 63 63 63 63 63
276 39 146 148 148 148 146 146 146 148 259 259 446 304 276 446 304 304 304 304
471 471 471 471 440 471 471 471 471 471 471 471 471 471 471 471 471 471 471 426
146 148 148 146 146 148 148 148 134 146 148 148 148 134 446 259 446 39 291 39
146 63 63 146 63 146 63 63 146 146 146 146 148 146 146 148 134 148 134 134
291 39 109 291 39 109 291 39 304 291 39 109 291 39 146 148 148 148 471 471
148 146 146 148 304 146 146 148 148 148 134 146 148 148 148 146 146 304 146 146
39 39 276 39 259 146 146 146 134 134 63 63 63 63 63 63 63 63 63 146
259 446 446 446 134 146 148 148 146 148 148 471 471 471 471 471 471 471 471 471
291 291 39 39 291 39 109 276 291 39 259 259 109 276 291 39 109 276 146 146
146 146 146 146 146 146 63 146 146 146 148 148 63 148 146 146 146 148 148 146
39 109 291 39 109 291 109 39 276 39 146 259 146 146 146 146 146 146 146 134
471 471 471 471 471 471 471 471 471 471 471 471 471 471 471 440 440 259 440 259
39 39 259 276 39 446 109 291 39 109 276 291 291 39 39 291 39 109 446 39
134 259 446 39 276 39 109 276 291 291 39 39 291 39 109 291 39 109 146 291
471 471 471 471 471 471 471 471 471 471 471 471 426 426 259 446 446 446 146 426
146 259 134 471 471 471 471 259 471 471 471 471 146 146 146 146 146 146 146 134
426 426 440 426 471 471 471 471 471 471 471 471 471 471 471 471 471 471 471 471
146 146 146 134 134 63 63 63 63 63 134 63 63 63 63 146 148 148 146 148
146 146 146 146 146 63 63 146 146 146 148 146 146 148 148 134 134 146 146 146
146 146 134 134 63 63 63 63 63 63 63 63 63 63 63 63 146 146 148 148
134 134 134 146 39 146 146 63 63 276 276 39 446 304 276 446 39 63 63 304
148 148 259 446 109 446 39 109 276 291 291 39 39 291 39 109 446 39 109 446
446 276 446 304 146 146 148 148 134 134 148 148 134 134 146 148 146 146 146 148
146 63 146 148 146 63 148 148 148 148 146 148 63 63 146 146 148 148 148 148
148 109 291 39 148 63 276 291 39 109 276 291 39 146 146 146 146 134 134 63
426 426 426 440 426 471 471 471 471 471 471 471 471 471 471 471 471 471 471 471
440 471 471 471 471 471 471 471 471 471 471 471 471 471 471 471 471 471 471 471
39 39 446 39 109 276 446 39 109 276 446 39 304 276 446 39 291 109 276 446
291 39 109 276 291 291 39 39 291 39 109 291 39 109 291 39 109 291 291 39
146 291 39 63 109 446 39 146 146 109 146 446 146 39 146 146 146 146 146 148
148 148 471 471 146 148 148 148 259 471 471 471 148 146 148 148 471 304 146 148
63 63 446 134 146 63 63 63 63 134 146 146 146 148 148 146 146 146 148 148
471 471 146 259 446 446 446 148 148 148 146 148 471 471 471 471 471 471 471 471
146 291 39 146 109 276 291 291 39 39 146 291 39 146 109 146 146 291 39 146
39 109 276 446 39 39 276 39 146 259 146 146 146 146 146 146 146 134 134 63
39 291 39 109 276 291 291 39 39 291 39 109 146 291 39 148 148 109 291 39
291 39 109 276 291 39 39 276 39 146 259 146 146 146 146 146 146 146 134 134
148 146 259 446 109 446 148 426 148 134 471 471 471 471 471 471 471 471 471 471
291 291 39 39 291 39 109 291 39 109 291 39 109 291 39 39 259 446 39 276
304 276 276 304 446 446 146 146 148 148 148 148 148 148 446 39 276 446 39 446
146 134 134 63 63 63 146 63 63 63 63 63 146 146 146 148 146 146 148 148
471 471 471 471 148 148 146 148 259 446 446 446 148 148 146 146 148 148 446 134
109 276 291 39 109 276 291 39 446 39 276 446 39 109 276 291 39 146 146 148
146 148 146 146 304 304 259 259 304 304 471 471 471 471 471 471 471 471 146 148
426 426 426 134 471 471 471 471 134 471 471 471 471 471 471 471 471 471 471 471
148 146 134 134 134 134 446 446 446 446 134 134 134 134 134 134 134 446 134 259
148 134 134 446 446 134 134 134 134 446 259 446 134 63 63 63 63 63 63 63
304 276 446 304 304 304 304 276 276 276 446 446 304 304 276 446 304 146 148 146
446 146 39 134 109 446 39 39 276 39 146 259 146 146 146 134 134 63 63 63
63 63 63 63 63 63 63 63 63 446 134 134 146 148 146 146 148 146 63 146
146 146 146 146 146 146 148 148 146 146 148 148 148 146 134 146 148 148 148 471
471 471 471 471 471 471 471 471 471 471 440 426 471 471 471 471 471 471 471 471
134 63 63 63 63 63 63 63 63 63 63 146 146 146 148 63 148 146 146 146
39 276 446 276 39 446 304 276 446 39 146 63 63 63 63 63 146 148 304 304
446 134 134 63 63 63 63 63 63 63 63 63 146 148 134 471 471 471 471 471
276 109 446 109 276 446 446 146 63 63 63 446 39 276 276 39 446 304 276 446
134 146 146 146 146 134 134 63 63 63 63 63 63 63 63 63 63 63 146 63
146 146 146 148 146 146 146 146 146 146 146 146 148 148 146 146 148 148 471 134
146 146 146 134 134 63 63 63 63 63 63 63 63 63 63 63 146 63 146 146
471 259 146 146 146 134 134 63 63 63 63 63 63 63 63 63 146 146 146 148
471 471 471 471 471 471 471 304 471 471 471 471 471 471 471 471 471 471 471 471
39 109 291 39 109 276 291 39 109 276 291 39 134 146 146 146 146 134 446 134
291 39 39 259 276 39 446 39 291 39 109 276 291 291 39 39 291 39 109 446
291 39 109 276 291 291 39 39 291 39 109 291 39 109 291 39 109 291 39 146
471 471 471 471 471 471 134 134 259 446 109 291 39 109 276 291 291 39 39 291
39 291 39 109 276 291 291 39 39 291 39 109 291 39 109 134 134 291 39 304
39 291 39 109 276 291 291 39 39 291 39 109 291 39 109 276 291 39 109 276
471 471 471 471 471 471 471 471 134 440 471 471 471 471 426 426 146 426 259 446
146 146 146 134 134 446 134 134 63 63 63 63 63 63 63 63 63 63 63 63
146 63 146 146 146 146 146 148 146 146 148 148 134 134 146 146 146 134 134 63
446 304 276 446 304 146 146 148 148 134 134 148 148 134 134 146 148 146 146 146
471 471 471 471 471 471 471 471 471 471 471 471 471 471 471 471 471 109 446 426
134 134 259 446 39 276 39 109 276 291 291 39 39 446 39 109 276 291 39 109
146 146 146 148 148 146 146 146 146 146 148 146 148 148 148 148 148 148 148 146
446 134 134 134 134 134 259 446 134 63 63 63 63 63 63 63 63 63 146 148
39 276 39 109 276 291 291 39 39 446 39 109 276 291 39 109 276 291 39 304
134 134 134 134 304 304 134 134 276 446 276 304 446 39 276 446 39 63 39 276
426 440 426 471 471 471 471 471 471 471 471 471 471 471 440 471 471 471 471 471
148 446 446 276 446 446 446 39 276 446 39 146 146 146 148 146 148 146 148 134
440 440 440 471 471 471 471 471 471 471 471 471 471 471 471 471 471 471 471 259
148 471 471 259 259 471 471 146 148 148 148 148 148 148 148 471 471 63 304 471
446 39 134 134 146 148 148 148 148 148 134 134 146 148 146 146 146 146 134 134
471 471 471 471 471 471 471 471 471 259 259 134 134 259 446 39 291 39 109 276
259 471 471 471 471 146 146 146 146 146 146 146 134 134 63 63 63 63 63 63
39 291 39 471 471 446 134 471 471 259 259 146 146 148 148 148 148 148 148 471
146 63 63 146 63 63 63 63 63 63 63 63 146 146 146 146 446 109 291 39
148 148 148 148 148 471 471 471 471 471 471 146 146 148 148 148 148 148 148 146
291 39 109 276 291 39 134 146 146 146 146 134 446 134 134 63 63 63 63 63
134 259 446 39 276 39 109 276 291 291 39 39 291 39 109 291 39 109 146 291
134 146 63 63 146 63 63 63 63 63 146 148 134 471 134 471 146 146 471 471
471 471 471 471 471 471 471 471 471 471 471 471 426 146 146 471 446 109 446 146
146 146 276 39 276 446 446 109 276 446 39 146 146 304 39 276 276 39 446 109
471 471 471 471 471 471 471 471 471 471 471 471 471 471 471 471 471 471 440 471
63 63 63 63 146 63 63 63 63 63 63 63 63 63 63 63 63 146 148 63
39 109 134 134 291 39 304 291 39 39 259 446 39 276 39 291 39 109 276 291
471 471 471 471 471 471 471 471 471 471 471 471 471 471 471 471 471 471 471 471
146 146 146 134 148 146 146 148 146 146 148 148 148 259 146 148 148 148 471 146
39 291 39 109 291 39 109 291 39 146 146 109 148 148 146 148 291 39 148 148
109 291 39 109 276 291 39 109 276 291 39 109 276 291 39 39 276 39 259 146
471 471 471 471 471 471 471 471 471 471 471 471 471 471 471 471 440 471 471 471
146 146 63 63 63 63 63 63 63 63 63 146 146 39 291 39 63 146 109 276
39 109 276 291 291 39 39 291 39 109 291 39 109 291 39 109 291 39 39 259
109 291 39 109 291 39 109 291 39 39 259 276 39 446 39 291 39 109 276 291
471 471 471 471 471 471 471 471 471 471 471 471 471 471 471 471 440 426 426 471
63 146 146 63 63 146 63 63 146 148 134 471 471 471 471 471 471 471 471 471
291 291 39 39 291 39 109 291 39 109 291 39 304 291 39 109 291 39 134 146
