2714 1136 787 3178 4366 2787 2787 3288 3359 2714 787 787 4366 870 2714 1136 787 4366 2787 3288
787 1227 2714 787 787 1227 4143 3861 3359 697 3359 3861 3359 3257 3257 697 3359 2714 3335 787
787 4366 870 3288 3359 2714 787 787 1227 870 3288 3359 2714 1136 787 4366 870 3861 3359 3288
1227 1346 787 787 4366 870 3288 3359 2714 3335 787 1227 870 3288 3359 2714 1136 787 3178 1227
1227 2714 787 787 1227 4143 3861 3359 697 3359 3257 3257 3861 3359 697 3359 2714 787 787 3178
3359 2714 3335 787 1227 2714 787 787 1227 4143 3861 3359 697 3359 2714 1136 787 4366 3359 697
4902 2381 1346 1291 4902 2381 870 4891 3359 3877 3359 3606 4902 4902 2381 4143 3606 1136 4902 2381
1346 1291 4902 2381 870 4891 3359 3877 3359 3606 4902 4902 2381 4143 3606 1136 4902 2381 3606 3257
1136 787 3288 870 4366 3359 2714 1136 787 1227 3359 3288 3359 2714 3335 787 4366 2714 787 787
3335 787 1227 870 3288 3359 2714 1136 787 3178 1227 2787 2787 3288 3359 2714 787 787 4366 870
3359 3606 1291 4902 3877 3606 1136 4902 2381 1346 1291 4902 2381 870 4891 3359 3877 3359 3606 4902
1136 4902 2381 3359 3877 3359 3877 3359 3606 1291 4902 3877 3606 1136 4902 2381 1346 4902 4902 2381
3359 3606 4902 4902 3877 3606 1136 4902 2381 1346 4902 4902 2381 870 4891 3359 3877 3359 3606 1291
787 4366 3861 2787 2787 3288 3359 2714 787 787 4366 870 2714 787 787 4366 3359 3288 3359 2714
870 3288 3359 2714 787 787 1227 870 3288 3359 2714 1136 787 4366 870 3861 3359 3288 3359 2714
2714 1136 787 1227 3359 3288 3359 2714 3335 787 1227 2714 787 787 1227 4143 3861 3359 697 3359
2714 787 787 3178 2714 1136 787 1227 1346 3335 787 4366 870 3288 3359 2714 787 787 1227 870
2381 1346 1291 4902 2381 870 4891 3359 3877 3359 3606 4902 4902 2381 4143 3606 1136 4902 2381 3606
1346 3335 787 4366 870 3288 3359 3178 3359 2714 3335 787 1227 4143 2714 1136 787 4366 2714 3257
787 3178 2714 1136 787 1227 1346 3335 787 4366 2787 3288 3359 3178 3359 2714 3335 787 4366 2714
3877 3606 1136 4902 2381 1346 1291 4902 2381 870 4891 3359 3877 3359 3606 1291 4902 2381 4143 3257
3257 3877 3359 3877 3359 3606 4902 4902 3877 3606 1136 4902 2381 1346 1291 4902 2381 870 4891 3359
3335 787 1227 2714 787 787 1227 4143 3861 3359 697 3359 3861 3359 3257 3257 697 3359 2714 787
787 1227 870 2714 1136 787 4366 3359 3288 3359 2714 3335 787 1227 2714 787 787 1227 4143 3861
3359 697 3359 2714 787 787 3178 2714 1136 787 1227 1346 3335 787 4366 870 3288 3359 2714 787
1136 787 1227 3359 697 3359 3257 3257 697 3359 2714 787 787 3178 2714 1136 787 1227 1346 3335
3288 3359 2714 1136 787 4366 870 3861 3359 3288 3359 2714 1136 787 1227 870 2714 1136 787 4366
3359 3606 4902 4902 3877 3606 1136 4902 2381 1346 1291 4902 2381 870 4891 3359 3877 3359 3606 4902
3288 3359 2714 787 787 1227 870 2714 1136 787 1227 3359 3288 3359 2714 3335 787 1227 2714 787
3335 787 1227 870 3288 3359 2714 1136 787 3178 1227 2787 2787 3288 3359 2714 787 787 4366 870
3178 2714 1136 787 4366 1346 787 787 4366 870 3288 3359 3178 3359 2714 3335 787 1227 4143 2714
2787 2714 787 787 3178 2714 1136 787 1227 1346 3335 787 4366 870 3288 3359 3178 3359 2714 3580
3178 2714 1136 787 4366 1346 3335 787 4366 870 3288 3359 2714 3335 787 1227 3288 2787 2787 2714
2714 3335 787 1227 870 3288 3359 2714 1136 787 3178 1227 2787 2787 3288 3359 2714 787 787 1227
787 3178 2714 1136 787 4366 1346 3335 787 4366 870 3288 3359 2714 787 787 1227 870 3288 3359
787 787 1227 870 3288 3359 2714 787 787 4366 870 3861 3359 3288 3359 2714 787 787 1227 870
870 4891 3359 3877 3359 3606 1291 4902 2381 3359 2714 1136 4902 3877 3359 3257 3257 3606 1136 4902
787 787 4366 870 3861 3359 3288 3359 2714 1136 787 1227 870 2714 1136 787 4366 3359 3288 3359
3257 3877 3359 3877 3359 3877 3359 3606 4902 4902 3877 3606 1136 4902 2381 1346 1291 4902 2381 870
2714 1136 787 4366 870 3861 3359 3288 3359 2714 1136 787 1227 870 2714 1136 787 4366 3359 3288
2787 3288 3359 2714 787 787 1227 870 2714 1136 787 1227 2787 3288 3359 2714 3335 787 1227 2714
870 3288 3359 3861 2787 2714 3359 787 4366 4143 3861 2787 2714 1136 787 4366 3359 697 3359 2714
787 4366 870 3861 3359 3288 3359 2714 787 787 1227 870 2714 1136 787 4366 3359 3288 3359 2714
787 787 1227 870 2714 1136 787 4366 3359 3288 3359 2714 3335 787 1227 2714 787 787 1227 4143
1136 787 4366 1346 787 787 4366 870 3288 3359 3178 3359 2714 3335 787 1227 4143 2714 1136 787
2714 1136 787 3288 870 1227 3359 2714 1136 787 1227 3359 3288 3359 2714 3335 787 4366 2714 787
3359 3861 3359 3257 3257 697 3359 2714 787 787 3178 2714 1136 787 1227 1346 787 787 1227 870
3335 787 4366 870 3288 3359 2714 3335 787 1227 3288 2787 2787 2714 787 787 4366 870 3861 3359
2714 787 787 3178 2714 1136 787 1227 1346 3335 787 4366 870 3288 3359 2714 787 787 1227 870
4366 3861 2787 2787 3288 3359 2714 787 787 4366 870 2714 787 787 4366 3359 3288 3359 2714 3335
2714 787 787 1227 870 3288 3359 2714 787 787 4366 870 3861 3359 3288 3359 2714 787 787 1227
1136 787 1227 3359 3288 3359 2714 3335 787 1227 2714 787 787 1227 4143 3861 3359 697 3359 3861
3288 3359 2714 787 787 1227 2714 787 3580 1227 4143 3861 3359 697 3359 3257 3257 3861 3359 697
3359 3288 3359 2714 3335 787 1227 2714 787 787 1227 4143 3861 3359 697 3359 3861 3359 3257 3257
787 1227 2714 787 787 1227 4143 3861 3359 697 3359 3861 3359 3257 3257 697 3359 2714 787 787
1346 3335 787 4366 870 3288 3359 3178 3359 2714 787 787 1227 4143 3257 3257 2714 1136 787 4366
1136 787 4366 1346 787 787 4366 870 3288 3359 3178 3359 2714 3335 787 1227 4143 2714 1136 787
870 3288 3359 2714 3335 787 1227 3288 2787 2787 2714 787 787 4366 870 3861 3359 3288 3359 2714
3359 697 3359 2714 1136 787 3178 3359 2714 1136 787 4366 1346 3335 787 4366 870 3288 3359 2714
3359 697 2787 3257 3257 3861 3359 697 3359 2714 787 787 3178 2714 1136 787 1227 1346 3335 787
4366 870 3861 3359 2714 1136 787 3288 870 1227 3359 2714 1136 787 1227 3359 3288 3359 2714 3335
2714 1136 787 1227 3359 3288 3359 2714 3335 787 1227 2714 787 787 1227 4143 3861 3359 697 3359
697 3359 2714 787 787 3178 2714 1136 787 4366 1346 3335 787 4366 2787 3288 3359 3178 3359 2714
1227 3359 3288 3359 2714 3335 787 1227 2714 787 3580 1227 4143 3861 3359 697 3359 3861 3359 3257
3257 3877 3359 3877 3359 3606 4902 4902 3877 3606 1136 4902 2381 1346 1291 4902 2381 870 4891 3359
3257 3877 3359 3606 4902 4902 3877 3606 1136 4902 2381 1346 4902 4902 2381 870 4891 3359 3877 3359
787 787 1227 870 3288 3359 2714 787 787 4366 870 3861 3359 3288 3359 2714 787 787 1227 870
787 1227 870 2714 1136 787 4366 3359 3288 3359 2714 787 787 1227 2714 787 787 1227 4143 3861
787 787 1227 4143 3861 3359 697 2787 3257 3257 3861 3359 697 3359 2714 787 787 3178 2714 1136
4366 870 2714 787 787 4366 3359 3288 3359 2714 3335 787 4366 2714 787 787 1227 4143 3861 3359
3359 2714 1136 787 1227 870 2714 1136 787 4366 3359 3288 3359 2714 3335 787 1227 2714 787 787
1227 2787 3288 3359 2714 3335 787 1227 2714 787 787 1227 4143 3861 3359 697 3359 3861 3359 3257
3257 697 3359 2714 1136 787 1227 3359 697 3359 3257 3257 697 2787 2714 787 787 3178 2714 1136
3335 787 1227 2714 787 787 1227 4143 3861 3359 697 3359 3861 3359 3257 3257 697 3359 2714 3335
3288 3359 2714 787 787 1227 870 3288 3359 2714 1136 787 4366 870 3861 3359 3288 3359 2714 787
3359 2714 1136 787 1227 870 2714 1136 787 1227 3359 3288 3359 2714 787 787 1227 2714 787 787
870 3288 3359 2714 787 787 4366 870 3861 3359 3288 3359 2714 787 787 1227 870 2714 1136 787
1346 3335 787 4366 870 3288 3359 2714 3335 787 1227 870 3288 3359 2714 787 787 4366 3861 2787
4366 870 2714 787 787 4366 3359 3288 3359 2714 3335 787 4366 2714 787 787 1227 4143 3861 3359
2714 787 787 3178 2714 1136 787 4366 1346 3335 787 4366 870 3288 3359 2714 787 787 1227 870
1227 1346 3335 787 4366 870 3288 3359 2714 787 787 1227 870 3288 3359 2714 1136 787 4366 870
2714 1136 787 4366 3359 3288 3359 2714 3335 787 4366 2714 787 787 1227 4143 3861 3359 697 3359
3861 3359 697 3359 3861 3359 3257 3257 697 3359 2714 787 787 3178 2714 1136 787 1227 1346 787
3359 3257 3257 697 2787 2714 787 787 3178 2714 1136 787 1227 1346 3335 787 4366 870 3288 3359
3359 3606 1291 4902 3877 3606 1136 4902 2381 1346 1291 4902 2381 870 4891 3359 3877 3359 3606 4902
787 3178 2714 1136 787 4366 1346 3335 787 4366 870 3288 3359 3178 3359 2714 3335 787 1227 4143
870 2714 1136 787 4366 3359 3288 3359 2714 3335 787 1227 2714 787 787 1227 4143 3861 3359 697
870 3288 3359 2714 787 787 4366 870 3861 3359 3288 3359 2714 787 787 1227 870 2714 1136 787
787 1227 870 3288 3359 2714 1136 787 4366 870 3861 3359 3288 3359 2714 787 787 1227 870 2714
2787 3257 3257 3877 3359 3606 4902 4902 3877 3606 1136 4902 2381 1346 1291 4902 2381 870 4891 3359
1227 3359 3288 3359 2714 3335 787 1227 2714 787 787 1227 4143 3861 3359 697 3359 3861 3359 3257
3257 3861 3359 697 3359 2714 787 787 3178 2714 1136 787 1227 1346 3335 787 4366 2787 3288 3359
3359 3257 3257 697 3359 3861 3359 697 3359 3257 3257 3861 3359 697 3359 2714 787 787 3178 2714
870 3288 3359 2714 1136 787 3178 1227 2787 2787 3288 3359 2714 787 787 4366 870 2714 1136 787
3335 787 1227 2714 787 787 1227 4143 3861 3359 697 3359 3861 3359 3257 3257 697 3359 2714 787
3359 2714 787 787 3178 2714 1136 787 4366 1346 3335 787 4366 2787 3288 3359 3178 3359 2714 3335
3257 3877 3359 3606 4902 4902 3877 3606 1136 4902 2381 1346 1291 4902 2381 870 4891 3359 3877 3359
1136 787 4366 1346 3335 787 4366 870 3288 3359 3178 3359 2714 787 787 1227 4143 3257 3257 2714
1136 787 1227 1346 3335 787 4366 870 3288 3359 3178 3359 2714 3335 787 1227 4143 3257 3257 2714
3359 697 3359 3861 3359 3257 3257 697 3359 2714 3335 787 3178 2714 1136 787 1227 1346 3335 787
2714 1136 787 1227 870 2714 1136 787 4366 3359 3288 3359 2714 787 787 1227 2714 787 787 1227
1227 870 3288 3359 2714 787 787 4366 870 3861 3359 3288 3359 2714 787 787 1227 870 2714 1136
4143 3861 3359 697 3359 3861 3359 3257 3257 697 3359 2714 787 787 3178 2714 1136 787 1227 1346
787 3178 2714 1136 787 1227 1346 3335 787 4366 870 3288 3359 3178 3359 2714 3335 787 1227 4143
787 1227 3359 3288 3359 2714 3335 787 1227 2714 787 787 1227 4143 3861 3359 697 3359 2714 1136
787 4366 870 2714 787 787 4366 3359 3288 3359 2714 3335 787 4366 2714 787 787 1227 4143 3861
3861 3359 3257 3257 697 3359 2714 3335 787 3178 2714 1136 787 1227 1346 3335 787 1227 870 3288
2714 1136 787 3178 3359 2714 1136 787 4366 1346 3335 787 4366 870 3288 3359 2714 3335 787 1227
3606 1136 4902 2381 1346 1291 4902 2381 870 4891 3359 3877 3359 3606 4902 4902 2381 4143 3606 1136
787 787 3178 2714 1136 787 1227 1346 3335 787 4366 870 3288 3359 3178 3359 2714 3335 787 1227
3335 787 1227 3288 2787 2787 2714 787 787 4366 870 3861 3359 3288 3359 2714 1136 787 1227 870
4902 3877 3606 1136 4902 2381 1346 1291 4902 2381 870 4891 3359 3877 3359 3606 1291 4902 2381 4143
2714 1136 787 1227 3359 3288 3359 2714 3335 787 1227 2714 787 787 1227 4143 3861 3359 697 3359
4902 3877 3606 1136 4902 2381 1346 1291 4902 2381 870 4891 3359 3877 3359 3606 1291 4902 2381 4143
3335 787 1227 2714 787 787 1227 4143 3861 3359 697 3359 3257 3257 3861 3359 697 3359 2714 787
3257 3861 3359 697 3359 2714 787 787 3178 2714 1136 787 1227 1346 3335 787 4366 870 3288 3359
4902 3877 3606 1136 4902 2381 1346 4902 4902 2381 870 4891 3359 3877 3359 3606 1291 4902 2381 4143
4366 870 3288 3359 2714 3335 787 1227 870 3288 3359 2714 787 787 4366 3861 2787 2787 3288 3359
3288 3359 2714 3335 787 1227 2714 787 787 1227 4143 3861 3359 697 3359 3257 3257 3861 3359 697
4366 870 2714 787 787 4366 3359 3288 3359 2714 3335 787 4366 2714 787 787 1227 4143 3861 3359
3861 3359 3257 3257 697 3359 2714 787 787 3178 2714 1136 787 1227 1346 3335 787 4366 2787 3288
697 3359 2714 1136 787 1227 3359 697 3359 3257 3257 697 3359 2714 787 787 3178 2714 1136 787
3606 4902 4902 3877 3606 1136 4902 2381 1346 1291 4902 2381 870 4891 3359 3877 3359 3606 4902 4902
787 1227 4143 3861 3359 697 3359 3861 3359 3257 3257 697 3359 2714 787 787 3178 2714 1136 787
3288 3359 2714 787 787 1227 870 2714 1136 787 1227 3359 3288 3359 2714 3335 787 1227 2714 787
3877 3359 3877 3359 3606 1291 4902 3877 3606 1136 4902 2381 1346 4902 4902 2381 870 4891 3359 3877
3335 787 3178 2714 1136 787 4366 1346 3335 787 4366 870 3288 3359 3178 3359 2714 3335 787 1227
787 3178 2714 1136 787 4366 1346 3335 787 4366 870 3288 3359 2714 787 787 1227 870 3288 3359
787 4366 1346 787 787 4366 870 3288 3359 3178 3359 2714 3335 787 1227 4143 2714 1136 787 4366
3359 2714 1136 787 4366 870 3861 3359 3288 3359 2714 1136 787 1227 870 2714 1136 787 4366 3359
2714 787 787 1227 4143 3861 3359 697 3359 3861 3359 3257 3257 697 3359 2714 787 787 3178 2714
1346 787 787 4366 870 3288 3359 3178 3359 2714 3335 787 1227 4143 2714 1136 787 4366 2714 3257
4366 1346 3335 787 4366 870 3288 3359 2714 787 787 1227 870 3288 3359 2714 787 787 4366 870
3359 3257 3257 3877 3359 3606 4902 4902 3877 3606 1136 4902 2381 1346 4902 4902 2381 870 4891 3359
2714 787 787 3178 2714 1136 787 4366 1346 3335 787 4366 870 3288 3359 2714 787 787 4366 870
1346 3335 787 4366 870 3288 3359 2714 3335 787 1227 870 3288 3359 2714 787 787 4366 3861 2787
787 3178 2714 1136 787 1227 1346 3335 787 4366 870 3288 3359 3178 3359 2714 3335 787 1227 4143
2787 697 2787 2714 3335 787 3178 2714 1136 787 4366 1346 3335 787 4366 870 3288 3359 3178 3359
3877 3359 3606 4902 4902 3877 3606 1136 4902 2381 1346 1291 4902 2381 870 4891 3359 3877 3359 3606
3359 3606 1291 4902 3877 3606 1136 4902 2381 1346 1291 4902 2381 870 4891 3359 3877 3359 3606 4902
787 787 3178 2714 1136 787 4366 1346 3335 787 4366 870 3288 3359 2714 787 787 1227 870 3288
787 4366 870 3861 3359 2714 1136 787 3288 870 1227 3359 2714 1136 787 1227 3359 3288 3359 2714
870 4891 3359 3877 3359 3606 1291 4902 2381 3359 2714 1136 4902 3877 3359 3257 3257 3606 1136 4902
1346 1291 4902 2381 870 4891 3359 3877 3359 3606 4902 4902 2381 4143 3606 1136 4902 2381 3606 3257
4366 870 2714 787 787 4366 3359 3288 3359 2714 3335 787 4366 2714 787 787 1227 4143 3861 3359
3335 787 3178 2714 1136 787 4366 1346 3335 787 4366 870 3288 3359 3178 3359 2714 3335 787 1227
1227 1346 3335 787 4366 870 3288 3359 2714 787 787 1227 870 3288 3359 2714 1136 787 4366 870
2714 3335 787 1227 2714 787 787 1227 4143 3861 3359 697 3359 3861 3359 3257 3257 697 3359 2714
3359 2714 787 787 3178 2714 1136 787 1227 1346 3335 787 4366 870 3288 3359 2714 787 787 1227
3861 3359 3288 3359 2714 787 787 1227 870 2714 1136 787 1227 3359 3288 3359 2714 3335 787 1227
2787 2714 3335 787 3178 2714 1136 787 1227 1346 787 787 4366 870 3288 3359 2714 3335 787 1227
3178 2714 1136 787 1227 1346 787 787 4366 870 3288 3359 2714 3335 787 1227 870 3288 3359 2714
2714 787 787 1227 870 3288 3359 2714 1136 787 4366 870 3861 3359 3288 3359 2714 1136 787 1227
3359 3257 3257 697 2787 2714 787 787 3178 2714 1136 787 1227 1346 3335 787 4366 870 3288 3359
1227 1346 3335 787 4366 870 3288 3359 2714 3335 787 1227 3288 2787 2787 2714 787 787 4366 870
1227 1346 3335 787 4366 870 3288 3359 3178 3359 2714 3335 787 4366 4143 3257 3257 2714 1136 787
787 787 1227 870 3288 3359 2714 1136 787 4366 870 3861 3359 2714 1136 787 3288 870 4366 3359
787 3178 2714 1136 787 1227 1346 3335 787 4366 870 3288 3359 2714 787 787 1227 870 3288 3359
870 2714 787 787 4366 3359 3288 3359 2714 3335 787 4366 2714 787 787 1227 4143 3861 3359 697
787 1227 4143 3861 3359 697 3359 3861 3359 3257 3257 697 3359 2714 3335 787 3178 2714 1136 787
697 2787 3257 3257 3861 3359 697 3359 2714 787 787 3178 2714 1136 787 1227 1346 3335 787 1227
787 1227 2787 3288 3359 2714 3335 787 1227 2714 787 787 1227 4143 3861 3359 697 3359 3861 3359
697 3359 3861 3359 3257 3257 697 3359 3861 3359 697 3359 3257 3257 3861 3359 697 3359 2714 787
697 3359 3861 3359 3257 3257 697 3359 2714 787 787 3178 2714 1136 787 1227 1346 3335 787 1227
870 3288 3359 2714 787 787 1227 870 3288 3359 2714 1136 787 4366 870 3861 3359 3288 3359 2714
3359 2714 787 787 3178 2714 1136 787 1227 1346 3335 787 4366 870 3288 3359 2714 787 787 1227
787 4366 1346 787 787 4366 870 3288 3359 3178 3359 2714 3335 787 1227 4143 2714 1136 787 4366
3359 3861 2787 2714 3359 787 1227 4143 3861 2787 2714 1136 787 4366 3359 697 3359 2714 1136 787
2714 1136 787 4366 3359 697 3359 2714 1136 787 3178 3359 2714 1136 787 4366 1346 3335 787 4366
697 3359 2714 787 787 3178 2714 1136 787 4366 1346 3335 787 4366 870 3288 3359 3178 3359 2714
2714 787 787 3178 2714 1136 787 4366 1346 787 787 4366 870 3288 3359 3178 3359 2714 3335 787
3359 3606 1291 4902 3877 3606 1136 4902 2381 1346 1291 4902 2381 870 4891 3359 3877 3359 3606 4902
870 3861 3359 3288 3359 2714 1136 787 1227 870 2714 1136 787 1227 3359 3288 3359 2714 787 787
1346 3335 787 4366 870 3288 3359 2714 787 787 1227 870 3288 3359 2714 1136 787 4366 870 3861
787 3178 3359 2714 1136 787 4366 1346 3335 787 4366 870 3288 3359 2714 3335 787 1227 870 3288
2714 787 787 1227 870 3288 3359 2714 1136 787 4366 870 3861 3359 2714 1136 787 3288 870 1227
1227 3359 3288 3359 2714 3335 787 1227 2714 787 787 1227 4143 3861 3359 697 3359 3861 3359 3257
3861 3359 2714 787 787 1227 4143 3861 3359 697 3359 2714 787 787 3178 2714 1136 787 1227 1346
1346 3335 787 4366 870 3288 3359 3178 3359 2714 3335 787 1227 4143 2714 1136 787 4366 2714 3257
2714 787 787 4366 870 3861 3359 3288 3359 2714 1136 787 1227 870 2714 1136 787 4366 3359 3288
787 4366 3359 697 3359 2714 1136 787 3178 3359 2714 1136 787 4366 1346 3335 787 4366 870 3288
3178 1227 2787 2787 3288 3359 2714 787 787 4366 870 2714 1136 787 1227 2787 3288 3359 2714 3335
787 787 1227 4143 3861 3359 697 3359 3257 3257 3861 3359 697 3359 2714 787 787 3178 2714 1136
3335 787 1227 2714 787 787 1227 4143 3861 3359 697 2787 3257 3257 3861 3359 697 3359 2714 787
2787 2714 3335 787 3178 2714 1136 787 1227 1346 787 787 4366 870 3288 3359 2714 3335 787 1227
870 3288 3359 2714 3335 787 1227 3288 2787 2787 2714 787 787 4366 870 3861 3359 3288 3359 2714
4366 3359 697 3359 3257 3257 697 2787 2714 787 787 3178 2714 1136 787 1227 1346 3335 787 4366
4902 3877 3606 1136 4902 2381 1346 1291 4902 2381 870 4891 3359 3877 3359 3606 1291 4902 2381 4143
1346 3335 787 4366 870 3288 3359 3178 3359 2714 787 787 1227 4143 3257 3257 2714 1136 787 4366
3861 2787 2714 1136 787 4366 3359 697 3359 2714 1136 787 3178 3359 2714 1136 787 4366 1346 3335
3359 3606 4902 4902 3877 3606 1136 4902 2381 1346 1291 4902 2381 870 4891 3359 3877 3359 3606 4902
3861 3359 697 3359 3861 3359 3257 3257 697 3359 2714 787 787 3178 2714 1136 787 1227 1346 3580
3288 3359 2714 1136 787 4366 870 3861 3359 2714 1136 787 3288 870 4366 3359 2714 1136 787 1227
787 4366 870 3288 3359 2714 3335 787 1227 3288 2787 2787 2714 787 787 4366 870 3861 3359 3288
3359 697 3359 2714 787 787 3178 2714 1136 787 1227 1346 3335 787 1227 2787 3288 3359 3178 3359
787 1227 3359 3288 3359 2714 3335 787 1227 2714 787 787 1227 4143 3861 3359 697 3359 2714 1136
4143 3861 3359 697 2787 3257 3257 3861 3359 697 3359 2714 787 787 3178 2714 1136 787 1227 1346
3606 1291 4902 3877 3606 1136 4902 2381 1346 4902 4902 2381 870 4891 3359 3877 2787 3606 4902 4902
3359 3877 3359 3606 3335 4902 3877 3606 1136 4902 2381 1346 4902 4902 2381 870 4891 3359 3877 1346
3178 3359 2714 1136 787 4366 1346 3335 787 4366 870 3288 3359 2714 3335 787 1227 870 3288 3359
3288 3359 2714 3335 787 1227 2714 787 787 1227 4143 3861 3359 697 3359 3257 3257 3861 3359 697
2787 3288 3359 2714 787 787 1227 870 2714 1136 787 1227 2787 3288 3359 2714 3335 787 1227 2714
2714 787 787 1227 4143 3861 3359 697 3359 2714 1136 787 1227 3359 697 3359 3257 3257 697 3359
3861 3359 3288 3359 2714 787 787 1227 870 2714 1136 787 1227 3359 3288 3359 2714 3335 787 1227
3288 3359 2714 3335 787 1227 870 3288 3359 2714 1136 787 3178 1227 2787 2787 3288 3359 2714 787
3288 3359 2714 1136 787 1227 870 2714 1136 787 1227 3359 3288 3359 2714 787 787 1227 2714 787
4366 3861 2787 2787 3288 3359 2714 787 787 4366 870 2714 787 787 4366 3359 3288 3359 2714 3335
1136 787 1227 1346 3335 787 4366 870 3288 3359 3178 3359 2714 3335 787 1227 4143 3257 3257 2714
4366 870 3288 3359 2714 787 787 1227 870 3288 3359 2714 1136 787 4366 870 3861 3359 3288 3359
787 1227 2714 787 787 1227 4143 3861 3359 697 3359 3861 3359 3257 3257 697 3359 2714 3335 787
787 4366 870 3288 3359 2714 787 787 1227 870 3288 3359 2714 787 787 4366 870 3861 3359 3288
2787 697 2787 2714 3335 787 3178 2714 1136 787 4366 1346 3335 787 4366 870 3288 3359 3178 3359
1227 1346 3335 787 4366 870 3288 3359 2714 787 787 1227 870 3288 3359 2714 1136 787 4366 870
2787 2787 3288 3359 2714 787 787 1227 870 2714 1136 787 1227 2787 3288 3359 2714 3335 787 1227
2714 787 787 1227 4143 3861 3359 697 3359 3257 3257 3861 3359 697 3359 2714 787 787 3178 2714
2714 1136 787 4366 1346 787 787 4366 870 3288 3359 3178 3359 2714 3335 787 1227 4143 2714 1136
697 3359 2714 787 787 3178 2714 1136 787 4366 1346 3335 787 1227 870 3288 3359 3178 3359 2714
3877 3359 3877 3359 3606 1291 4902 3877 3606 1136 4902 2381 1346 4902 4902 2381 870 4891 3359 3877
870 3288 3359 2714 787 787 4366 3861 2787 2787 3288 3359 2714 787 787 4366 870 2714 787 787
2714 787 787 3178 2714 1136 787 1227 1346 3335 787 4366 870 3288 3359 3178 3359 2714 3335 787
1227 4143 3861 3359 697 2787 3257 3257 3861 3359 697 3359 2714 787 787 3178 2714 1136 787 1227
870 3288 3359 2714 787 787 4366 870 3861 3359 3288 3359 2714 787 787 1227 870 2714 1136 787
3178 2714 1136 787 4366 1346 3335 787 1227 870 3288 3359 3178 3359 2714 787 787 1227 4143 3257
3861 3359 3257 3257 697 3359 3861 3359 697 3359 3257 3257 3861 3359 697 3359 2714 787 787 3178
3359 2714 1136 787 1227 870 2714 1136 787 1227 3359 3288 3359 2714 787 787 1227 2714 787 787
3359 2714 3335 787 1227 2714 787 787 1227 4143 3861 3359 697 3359 3861 3359 3257 3257 697 3359
3257 3257 3877 3359 3606 4902 4902 3877 3606 1136 4902 2381 1346 4902 4902 2381 870 4891 3359 3877
1346 3335 787 4366 870 3288 3359 2714 787 787 1227 870 3288 3359 2714 1136 787 4366 870 3861
2714 787 787 3178 2714 1136 787 1227 1346 3335 787 4366 2787 3288 3359 3178 3359 2714 3335 787
1136 787 4366 1346 3335 787 4366 870 3288 3359 2714 787 787 1227 870 3288 3359 2714 1136 787
4902 3877 3606 1136 4902 2381 1346 4902 4902 2381 870 4891 3359 3877 3359 3606 1291 4902 2381 4143
3877 3606 1136 4902 2381 1346 1291 4902 2381 870 4891 3359 3877 3359 3606 1291 4902 2381 4143 3257
3335 787 3178 2714 1136 787 1227 1346 3335 787 4366 870 3288 3359 3178 3359 2714 3335 787 1227
4366 870 3288 3359 3178 3359 2714 3335 787 1227 4143 2714 1136 787 4366 2787 3257 3257 2714 1136
1227 2714 787 787 1227 4143 3861 3359 697 3359 3861 3359 3257 3257 697 3359 2714 787 787 3178
3359 2714 787 787 3178 2714 1136 787 1227 1346 3335 787 4366 870 3288 3359 2714 787 787 1227
3359 3288 3359 2714 787 787 1227 870 2714 1136 787 1227 3359 3288 3359 2714 3335 787 1227 2714
4366 870 2714 787 787 4366 3359 3288 3359 2714 3335 787 4366 2714 787 787 1227 4143 3861 3359
1346 3335 787 4366 870 3288 3359 2714 787 787 1227 870 3288 3359 2714 1136 787 4366 870 3861
4366 870 2714 1136 787 4366 2787 3288 3359 2714 3335 787 1227 2714 787 787 1227 4143 3861 3359
2787 2714 3335 787 3178 2714 1136 787 1227 1346 3335 787 4366 870 3288 3359 3178 3359 2714 3580
787 3178 2714 1136 787 1227 1346 3335 787 4366 2787 3288 3359 3178 3359 2714 3335 787 4366 2714
3877 3359 3606 4902 4902 3877 3606 1136 4902 2381 1346 1291 4902 2381 870 4891 3359 3877 3359 3606
1227 3288 2787 2787 2714 787 787 4366 870 3861 3359 3288 3359 2714 1136 787 1227 870 2714 1136
2787 3257 3257 697 3359 2714 1136 787 1227 3359 697 3359 3257 3257 697 2787 2714 787 787 3178
3861 3359 2714 787 787 1227 4143 3861 3359 697 3359 2714 787 787 3178 2714 1136 787 1227 1346
3257 3257 697 3359 2714 3335 787 3178 2714 1136 787 4366 1346 3335 787 1227 870 3288 3359 3178
697 3359 3861 3359 3257 3257 697 3359 2714 787 787 3178 2714 1136 787 1227 1346 3335 787 1227
3257 3257 3877 3359 3606 4902 4902 3877 3606 1136 4902 2381 1346 1291 4902 2381 870 4891 3359 3877
1136 787 4366 1346 787 787 4366 870 3288 3359 3178 3359 2714 3335 787 1227 4143 2714 1136 787
3335 787 4366 870 3288 3359 3178 3359 2714 787 787 4366 4143 3257 3257 2714 1136 787 4366 2714
3288 3359 2714 787 787 1227 2714 787 3580 1227 4143 3861 3359 697 3359 3257 3257 3861 3359 697
787 787 4366 4143 3861 3359 697 3359 2714 787 787 3178 2714 1136 787 4366 1346 3335 787 4366
3606 3877 3359 3606 4902 4902 3877 3606 1136 4902 2381 1346 1291 4902 2381 3359 4891 3359 3877 3359
870 3288 3359 2714 3335 787 1227 870 3288 3359 2714 787 787 4366 3861 2787 2787 3288 3359 2714
3178 2714 1136 787 4366 1346 787 787 4366 870 3288 3359 3178 3359 2714 3335 787 1227 4143 2714
3359 2714 1136 787 1227 870 2714 1136 787 4366 3359 3288 3359 2714 3335 787 1227 2714 787 787
787 1227 870 3288 3359 2714 1136 787 3178 1227 2787 2787 3288 3359 2714 787 787 1227 870 2714
4902 2381 1346 1291 4902 2381 870 4891 3359 3877 3359 3606 4902 4902 2381 4143 3606 1136 4902 2381
3257 697 2787 2714 787 787 3178 2714 1136 787 4366 1346 3335 787 4366 870 3288 3359 3178 3359
3877 3359 3606 4902 4902 3877 3606 1136 4902 2381 1346 1291 4902 2381 870 4891 3359 3877 3359 3606
787 1227 2714 787 787 1227 4143 3861 3359 697 3359 2714 1136 787 1227 3359 697 3359 3257 3257
2714 1136 787 1227 3359 697 3359 3257 3257 697 3359 2714 787 787 3178 2714 1136 787 1227 1346
697 3359 2714 787 787 3178 2714 1136 787 4366 1346 787 787 4366 870 3288 3359 3178 3359 2714
3335 787 1227 2714 787 787 1227 4143 3861 3359 697 3359 3861 3359 3257 3257 697 3359 2714 787
697 3359 3861 3359 3257 3257 697 3359 2714 787 787 3178 2714 1136 787 1227 1346 3335 787 1227
4366 1346 3335 787 4366 870 3288 3359 3178 3359 2714 3335 787 4366 4143 2714 1136 787 4366 2714
787 4366 3359 697 3359 2714 1136 787 3178 3359 2714 1136 787 4366 1346 3335 787 4366 870 3288
787 4366 1346 3335 787 4366 870 3288 3359 2714 3335 787 1227 3288 2787 2787 2714 787 787 4366
3335 787 4366 870 3288 3359 3178 3359 2714 787 787 4366 4143 3257 3257 2714 1136 787 4366 2714
2714 787 787 1227 4143 3861 3359 697 2787 3257 3257 3861 3359 697 3359 2714 787 787 3178 2714
3359 3877 3359 3606 3335 4902 3877 3606 1136 4902 2381 1346 4902 4902 2381 870 4891 3359 3877 1346
3359 2714 787 787 1227 870 3288 3359 2714 1136 787 4366 870 3861 3359 3288 3359 2714 1136 787
787 787 1227 4143 3861 3359 697 3359 3257 3257 3861 3359 697 3359 2714 787 787 3178 2714 1136
2714 787 787 4366 4143 3861 3359 697 3359 2714 787 787 3178 2714 1136 787 4366 1346 3335 787
787 1227 870 2714 1136 787 4366 3359 3288 3359 2714 787 787 1227 2714 787 787 1227 4143 3861
787 787 1227 2714 787 787 1227 4143 3861 3359 697 3359 3257 3257 3861 3359 697 3359 2714 787
787 3178 2714 1136 787 4366 1346 3335 787 4366 870 3288 3359 2714 787 787 1227 870 3288 3359
870 3288 3359 2714 787 787 1227 870 3288 3359 2714 787 787 4366 870 3861 3359 3288 3359 2714
1227 2714 787 787 1227 4143 3861 3359 697 3359 3861 3359 3257 3257 697 3359 2714 787 787 3178
3359 3178 3359 2714 3335 787 1227 4143 2714 1136 787 4366 2787 3257 3257 2714 1136 787 4366 2787
2714 787 787 3178 2714 1136 787 1227 1346 3335 787 4366 870 3288 3359 2714 787 787 1227 870
3606 4902 4902 3877 3606 1136 4902 2381 1346 1291 4902 2381 870 4891 3359 3877 3359 3606 1291 4902
3257 3257 3877 3359 3606 4902 4902 3877 3606 1136 4902 2381 1346 1291 4902 2381 870 4891 3359 3877
787 1227 2714 787 787 1227 4143 3861 3359 697 3359 3861 3359 3257 3257 697 3359 2714 787 787
2381 870 4891 3359 3877 3359 3606 1291 4902 2381 3359 3606 1136 4902 3877 3359 3257 3257 3606 1136
2787 3877 3359 3606 1291 4902 3877 3606 1136 4902 2381 1346 1291 4902 2381 870 4891 3359 3877 3359
3335 787 3178 2714 1136 787 1227 1346 3335 787 4366 870 3288 3359 3178 3359 2714 3335 787 1227
3335 787 1227 2714 787 787 1227 4143 3861 3359 697 3359 3861 3359 3257 3257 697 3359 2714 3335
3861 3359 3288 3359 2714 787 787 1227 870 2714 1136 787 1227 3359 3288 3359 2714 3335 787 1227
1136 787 4366 870 2714 1136 787 4366 3359 3288 3359 2714 3335 787 4366 2714 787 787 1227 4143
4902 3877 3606 1136 4902 2381 1346 1291 4902 2381 870 4891 3359 3877 3359 3606 4902 4902 2381 4143
3861 3359 697 3359 3861 3359 3257 3257 697 3359 2714 3335 787 3178 2714 1136 787 1227 1346 3580
3335 787 1227 2714 787 787 1227 4143 3861 3359 697 3359 3861 3359 3257 3257 697 3359 2714 787
3257 697 3359 2714 3335 787 3178 2714 1136 787 4366 1346 3335 787 1227 870 3288 3359 3178 3359
1346 3335 787 4366 870 3288 3359 2714 787 787 1227 870 3288 3359 2714 1136 787 4366 870 3861
3861 3359 697 3359 2714 787 787 3178 2714 1136 787 1227 1346 3335 787 4366 870 3288 3359 3178
787 4366 3359 697 3359 2714 1136 787 3178 3359 2714 1136 787 4366 1346 3335 787 4366 870 3288
3257 3877 3359 3606 4902 4902 3877 3606 1136 4902 2381 1346 4902 4902 2381 870 4891 3359 3877 3359
3257 3257 3877 3359 3877 3359 3606 4902 4902 3877 3606 1136 4902 2381 1346 1291 4902 2381 870 4891
3335 787 3178 2714 1136 787 4366 1346 3335 787 4366 870 3288 3359 3178 3359 2714 3335 787 1227
787 1227 870 3288 3359 3178 3359 2714 787 787 1227 4143 3257 3257 2714 1136 787 4366 2714 3257
787 3178 2714 1136 787 4366 1346 3335 787 4366 870 3288 3359 2714 787 787 1227 870 3288 3359
697 3359 3257 3257 3861 3359 697 3359 2714 787 787 3178 2714 1136 787 1227 1346 3335 787 1227
2714 1136 787 1227 3359 3288 3359 2714 3335 787 1227 2714 787 787 1227 4143 3861 3359 697 3359
787 1227 2714 787 787 1227 4143 3861 3359 697 3359 3861 3359 3257 3257 697 3359 2714 787 787
3359 2714 3335 787 1227 870 3288 3359 2714 1136 787 3178 1227 2787 2787 3288 3359 2714 787 787
3359 3288 3359 2714 3335 787 1227 2714 787 3580 1227 4143 3861 3359 697 3359 3861 3359 3257 3257
2714 1136 787 4366 870 3861 3359 3288 3359 2714 1136 787 1227 870 2714 1136 787 4366 3359 3288
3359 2714 787 787 4366 870 2714 787 787 4366 3359 3288 3359 2714 3335 787 4366 2714 787 787
3359 697 3359 2714 787 787 3178 2714 1136 787 1227 1346 3335 787 4366 870 3288 3359 3178 3359
2714 1136 787 4366 1346 3335 787 4366 870 3288 3359 2714 787 787 1227 870 3288 3359 2714 1136
1227 870 2714 1136 787 1227 3359 3288 3359 2714 3335 787 1227 2714 787 787 1227 4143 3861 3359
787 787 4366 870 2714 1136 787 4366 2787 3288 3359 2714 3335 787 1227 2714 787 787 1227 4143
3359 2714 787 787 1227 870 2714 1136 787 1227 3359 3288 3359 2714 3335 787 1227 2714 787 787
787 1227 2714 787 787 1227 4143 3861 3359 697 3359 3861 3359 3257 3257 697 3359 2714 3335 787
2714 787 787 3178 2714 1136 787 4366 1346 3335 787 4366 870 3288 3359 3178 3359 2714 3335 787
4366 1346 3335 787 4366 870 3288 3359 2714 3335 787 1227 870 3288 3359 2714 787 787 4366 3861
787 787 1227 870 3288 3359 2714 1136 787 4366 870 3861 3359 3288 3359 2714 1136 787 1227 870
787 787 3178 2714 1136 787 4366 1346 787 787 4366 870 3288 3359 3178 3359 2714 3335 787 1227
4366 870 3861 3359 2714 1136 787 3288 870 1227 3359 2714 1136 787 1227 3359 3288 3359 2714 3335
870 2714 787 787 4366 3359 3288 3359 2714 3335 787 4366 2714 787 787 1227 4143 3861 3359 697
2787 3257 3257 3861 3359 697 3359 2714 787 787 3178 2714 1136 787 1227 1346 3335 787 1227 2787
3257 3257 3861 3359 697 3359 2714 787 787 3178 2714 1136 787 1227 1346 3335 787 4366 870 3288
787 1227 2714 787 787 1227 4143 3861 3359 697 3359 2714 1136 787 1227 3359 697 3359 3257 3257
787 1227 870 3288 3359 2714 787 787 4366 3861 2787 2787 3288 3359 2714 787 787 4366 870 2714
787 787 4366 4143 3861 3359 697 3359 2714 787 787 3178 2714 1136 787 4366 1346 3335 787 4366
3335 787 4366 870 3288 3359 2714 3335 787 1227 870 3288 3359 2714 787 787 4366 3861 2787 2787
1291 4902 3877 3606 1136 4902 2381 1346 1291 4902 2381 870 4891 3359 3877 3359 3606 1291 4902 2381
3359 3257 3257 697 2787 2714 787 787 3178 2714 1136 787 1227 1346 3335 787 4366 870 3288 3359
3288 3359 2714 1136 787 4366 870 3861 3359 2714 1136 787 3288 870 4366 3359 2714 1136 787 1227
2714 787 787 3178 2714 1136 787 1227 1346 3335 787 4366 870 3288 3359 3178 3359 2714 3335 787
787 4366 870 2714 787 787 4366 3359 3288 3359 2714 3335 787 4366 2714 787 787 1227 4143 3861
3359 2714 787 787 4366 3861 2787 2787 3288 3359 2714 787 787 4366 870 2714 787 787 4366 3359
787 1227 3359 3288 3359 2714 3335 787 1227 2714 787 787 1227 4143 3861 3359 697 3359 3257 3257
3359 3606 4902 4902 3877 3606 1136 4902 2381 1346 1291 4902 2381 3359 4891 3359 3877 3359 3606 1291
3359 3288 3359 2714 1136 787 1227 870 2714 1136 787 1227 3359 3288 3359 2714 3335 787 1227 2714
1227 870 3288 3359 2714 1136 787 3178 1227 2787 2787 3288 3359 2714 787 787 4366 870 2714 1136
1136 787 4366 1346 3335 787 4366 870 3288 3359 2714 787 787 1227 870 3288 3359 2714 1136 787
4902 3877 3606 1136 4902 2381 1346 4902 4902 2381 870 4891 3359 3877 3606 3606 4902 4902 2381 4143
3257 697 3359 2714 787 787 3178 2714 1136 787 4366 1346 3335 787 4366 2787 3288 3359 3178 3359
787 787 4366 870 2714 1136 787 4366 2787 3288 3359 2714 3335 787 1227 2714 787 787 1227 4143
3178 2714 1136 787 4366 1346 3335 787 4366 870 3288 3359 2714 787 787 1227 870 3288 3359 2714
3257 697 3359 3861 3359 697 3359 3257 3257 3861 3359 697 3359 2714 787 787 3178 2714 1136 787
2714 1136 787 4366 870 3861 3359 2714 1136 787 3288 870 1227 3359 2714 1136 787 4366 3359 3288
3877 3359 3877 3359 3257 3257 3877 3359 3606 4902 4902 3877 3606 1136 4902 2381 1346 4902 4902 2381
787 787 3178 2714 1136 787 1227 1346 3335 787 4366 2787 3288 3359 3178 3359 2714 3335 787 4366
697 3359 3257 3257 697 2787 2714 787 787 3178 2714 1136 787 1227 1346 3335 787 4366 870 3288
3359 3877 3359 3257 3257 3877 3359 3606 4902 4902 3877 3606 1136 4902 2381 1346 4902 4902 2381 870
3359 2714 3335 787 1227 870 3288 3359 2714 1136 787 3178 1227 2787 2787 3288 3359 2714 787 787
3359 3861 3359 3257 3257 697 3359 3861 3359 697 3359 3257 3257 3861 3359 697 3359 2714 787 787
697 3359 3257 3257 3861 3359 697 3359 2714 787 787 3178 2714 1136 787 1227 1346 3335 787 1227
2381 3359 3877 3359 3877 3359 3606 1291 4902 3877 3606 1136 4902 2381 1346 4902 4902 2381 870 4891
2714 1136 787 4366 3359 697 3359 2714 1136 787 3178 3359 2714 1136 787 4366 1346 3335 787 4366
1227 3288 2787 2787 2714 787 787 4366 870 3861 3359 3288 3359 2714 1136 787 1227 870 2714 1136
870 3288 3359 2714 787 787 4366 3861 2787 2787 3288 3359 2714 787 787 4366 870 2714 787 787
1346 3335 787 4366 870 3288 3359 2714 787 787 1227 870 3288 3359 2714 1136 787 4366 870 3861
4366 870 3288 3359 2714 787 787 1227 870 3288 3359 2714 1136 787 4366 870 3861 3359 2714 1136
3359 3861 3359 3257 3257 697 3359 2714 787 787 3178 2714 1136 787 1227 1346 787 787 1227 870
697 3359 2714 1136 787 4366 3359 697 3359 3257 3257 697 2787 2714 787 787 3178 2714 1136 787
1136 4902 2381 1346 1291 4902 2381 870 4891 3359 3877 3359 3606 4902 4902 2381 4143 3606 1136 4902
2714 787 787 3178 2714 1136 787 4366 1346 3335 787 4366 870 3288 3359 3178 3359 2714 787 787
1227 4143 3861 3359 697 3359 2714 1136 787 1227 3359 697 3359 3257 3257 697 3359 2714 787 787
4902 3877 3606 1136 4902 2381 1346 4902 4902 2381 870 4891 3359 3877 3606 3606 4902 4902 2381 4143
3288 870 4366 3359 2714 1136 787 1227 3359 3288 3359 2714 3335 787 4366 2714 787 787 1227 4143
870 2714 1136 787 4366 3359 3288 3359 2714 3335 787 1227 2714 787 787 1227 4143 3861 3359 697
870 3288 3359 2714 787 787 4366 3861 2787 2787 3288 3359 2714 787 787 4366 870 2714 787 787
1227 3359 3288 3359 2714 3335 787 1227 2714 787 787 1227 4143 3861 3359 697 3359 3861 3359 3257
4902 3877 3606 1136 4902 2381 1346 1291 4902 2381 870 4891 3359 3877 3359 3606 1291 4902 2381 3359
3359 2714 787 787 1227 870 3288 3359 2714 787 787 4366 870 3861 3359 3288 3359 2714 787 787
787 3178 2714 1136 787 1227 1346 3335 787 4366 870 3288 3359 3178 3359 2714 3335 787 1227 4143
2714 1136 787 4366 870 3861 3359 2714 1136 787 3288 870 1227 3359 2714 1136 787 4366 3359 3288
787 787 4366 870 3288 3359 3178 3359 2714 3335 787 1227 4143 2714 1136 787 4366 2714 3257 3257
2714 787 787 1227 4143 3861 3359 697 3359 3861 3359 3257 3257 697 3359 2714 3335 787 3178 2714
3861 2787 2714 1136 787 4366 3359 697 3359 2714 1136 787 3178 3359 2714 1136 787 4366 1346 3335
870 3288 3359 2714 787 787 1227 870 3288 3359 2714 1136 787 4366 870 3861 3359 3288 3359 2714
3359 2714 787 787 1227 870 3288 3359 2714 1136 787 4366 870 3861 3359 2714 1136 787 3288 870
3257 3861 3359 697 3359 2714 787 787 3178 2714 1136 787 1227 1346 3335 787 4366 870 3288 3359
3877 3359 3877 3359 3877 3359 3606 4902 4902 3877 3606 1136 4902 2381 1346 1291 4902 2381 870 4891
3257 697 3359 2714 787 787 3178 2714 1136 787 4366 1346 787 787 4366 870 3288 3359 3178 3359
3359 2714 787 787 1227 870 3288 3359 2714 1136 787 4366 870 3861 3359 3288 3359 2714 1136 787
1346 1291 4902 2381 870 4891 3359 3877 3359 3606 4902 4902 2381 4143 3606 1136 4902 2381 3606 3257
3257 697 3359 2714 1136 787 1227 3359 697 3359 3257 3257 697 2787 2714 787 787 3178 2714 1136
787 3178 2714 1136 787 1227 1346 3335 787 4366 870 3288 3359 3178 3359 2714 3335 787 1227 4143
3257 3877 3359 3606 4902 4902 3877 3606 1136 4902 2381 1346 1291 4902 2381 870 4891 3359 3877 3359
3178 2714 1136 787 1227 1346 787 787 4366 870 3288 3359 2714 3335 787 1227 870 3288 3359 2714
787 3178 2714 1136 787 4366 1346 3335 787 4366 870 3288 3359 2714 787 787 1227 870 3288 3359
3359 3606 4902 4902 3877 3606 1136 4902 2381 1346 1291 4902 2381 870 4891 3359 3877 3359 3606 4902
2714 3335 787 1227 2714 787 787 1227 4143 3861 3359 697 3359 2714 1136 787 4366 3359 697 3359
3606 1291 4902 3877 3606 1136 4902 2381 1346 1291 4902 2381 870 4891 3359 3877 3359 3606 1291 4902
3335 787 4366 870 3288 3359 2714 787 787 1227 870 3288 3359 2714 1136 787 4366 870 3861 3359
1346 3335 787 4366 870 3288 3359 2714 787 787 1227 870 3288 3359 2714 1136 787 4366 870 3861
1227 870 3288 3359 2714 1136 787 4366 870 3861 3359 3288 3359 2714 1136 787 1227 870 2714 1136
787 787 1227 870 3288 3359 2714 787 787 4366 870 3861 3359 3288 3359 2714 787 787 1227 870
3359 2714 3335 787 1227 870 3288 3359 2714 1136 787 3178 1227 2787 2787 3288 3359 2714 787 787
2714 787 787 1227 4143 3861 3359 697 3359 3861 3359 3257 3257 697 3359 2714 787 787 3178 2714
2714 3335 787 1227 2714 787 787 1227 4143 3861 3359 697 3359 3861 3359 3257 3257 697 3359 2714
3877 3606 1136 4902 2381 1346 4902 4902 2381 870 4891 3359 3877 3606 3606 4902 4902 2381 4143 3257
3359 3606 4902 4902 3877 3606 1136 4902 2381 1346 1291 4902 2381 3359 4891 3359 3877 3359 3606 1291
2714 3335 787 1227 3288 2787 2787 2714 787 787 4366 870 3861 3359 3288 3359 2714 1136 787 1227
2714 1136 787 1227 870 2714 1136 787 4366 3359 3288 3359 2714 787 787 1227 2714 787 787 1227
2714 787 787 4366 870 2714 1136 787 4366 2787 3288 3359 2714 3335 787 1227 2714 787 787 1227
2714 787 3861 870 3288 3359 3861 2787 2714 3359 787 4366 4143 3861 2787 2714 1136 787 4366 3359
3257 697 2787 2714 787 787 3178 2714 1136 787 4366 1346 3335 787 4366 870 3288 3359 3178 3359
3606 3877 3359 3606 4902 4902 3877 3606 1136 4902 2381 1346 1291 4902 2381 3359 4891 3359 3877 3359
1136 4902 2381 1346 1291 4902 2381 870 4891 3359 3877 3359 3606 1291 4902 2381 3359 3606 1136 4902
3359 2714 787 787 1227 870 2714 1136 787 1227 3359 3288 3359 2714 3335 787 1227 2714 787 787
3359 697 3359 3861 3359 3257 3257 697 3359 2714 787 787 3178 2714 1136 787 1227 1346 3335 787
3288 3359 2714 787 787 1227 870 3288 3359 2714 1136 787 4366 870 3861 3359 2714 1136 787 3288
3335 787 4366 870 3288 3359 2714 3335 787 1227 3288 2787 2787 2714 787 787 4366 870 3861 3359
787 787 1227 4143 3861 3359 697 3359 3861 3359 3257 3257 697 3359 2714 3335 787 3178 2714 1136
3861 3359 3257 3257 697 3359 2714 787 787 3178 2714 1136 787 1227 1346 3335 787 4366 2787 3288
1227 870 2714 1136 787 1227 3359 3288 3359 2714 3335 787 1227 2714 787 787 1227 4143 3861 3359
1227 870 3288 3359 2714 787 787 1227 870 3288 3359 2714 787 787 4366 870 3861 3359 3288 3359
3359 3861 3359 3257 3257 697 3359 2714 787 787 3178 2714 1136 787 1227 1346 787 787 1227 870
4143 3861 3359 697 3359 3861 3359 3257 3257 697 3359 2714 787 787 3178 2714 1136 787 1227 1346
3359 2714 1136 787 4366 870 3861 3359 3288 3359 2714 787 787 1227 870 2714 1136 787 4366 3359
2714 1136 787 1227 3359 697 3359 3257 3257 697 3359 2714 787 787 3178 2714 1136 787 1227 1346
3606 4902 4902 3877 3606 1136 4902 2381 1346 1291 4902 2381 870 4891 3359 3877 3359 3606 1291 4902
3359 2714 787 787 4366 4143 3861 3359 697 3359 2714 787 787 3178 2714 1136 787 1227 1346 3335
3257 3257 697 3359 3861 3359 697 3359 3257 3257 3861 3359 697 3359 2714 787 787 3178 2714 1136
4902 3877 3606 1136 4902 2381 1346 4902 4902 2381 870 4891 3359 3877 3359 3606 1291 4902 2381 4143
787 3178 1227 2787 2787 3288 3359 2714 787 787 4366 870 2714 1136 787 4366 2787 3288 3359 2714
2714 787 787 3178 2714 1136 787 4366 1346 3335 787 4366 870 3288 3359 2714 787 787 1227 870
1227 1346 3335 787 4366 870 3288 3359 2714 3335 787 1227 3288 2787 2787 2714 787 787 4366 870
787 4366 870 3288 3359 2714 787 787 1227 870 3288 3359 2714 1136 787 4366 870 3861 3359 2714
3335 787 3178 2714 1136 787 4366 1346 3335 787 4366 870 3288 3359 3178 3359 2714 3335 787 1227
3359 3288 3359 2714 787 787 1227 870 2714 1136 787 1227 3359 3288 3359 2714 3335 787 1227 2714
787 1227 4143 3861 3359 697 3359 3861 3359 3257 3257 697 3359 2714 787 787 3178 2714 1136 787
1227 870 3288 3359 2714 787 787 4366 870 3861 3359 3288 3359 2714 787 787 1227 870 2714 1136
3335 787 1227 2714 787 787 1227 4143 3861 3359 697 3359 3861 3359 3257 3257 697 3359 2714 787
3335 787 4366 870 3288 3359 2714 787 787 1227 870 3288 3359 2714 1136 787 4366 870 3861 3359
697 3359 3257 3257 3861 3359 697 3359 2714 787 787 3178 2714 1136 787 1227 1346 3335 787 1227
787 1227 3359 697 3359 3257 3257 697 3359 2714 787 787 3178 2714 1136 787 1227 1346 3335 787
2787 697 2787 2714 3335 787 3178 2714 1136 787 4366 1346 3335 787 4366 870 3288 3359 3178 3359
787 4366 870 2714 1136 787 4366 2787 3288 3359 2714 3335 787 1227 2714 787 787 1227 4143 3861
2714 1136 787 4366 870 3861 3359 3288 3359 2714 787 787 1227 870 2714 1136 787 4366 3359 3288
3861 3359 697 3359 3257 3257 3861 3359 697 3359 2714 787 787 3178 2714 1136 787 1227 1346 3335
4143 3861 3359 697 3359 3861 3359 3257 3257 697 3359 2714 787 787 3178 2714 1136 787 1227 1346
3335 787 4366 870 3288 3359 3178 3359 2714 3335 787 1227 4143 2714 1136 787 4366 2714 3257 3257
4902 3877 3606 1136 4902 2381 1346 1291 4902 2381 870 4891 3359 3877 3359 3606 4902 4902 2381 4143
787 4366 870 2714 1136 787 4366 2787 3288 3359 2714 3335 787 1227 2714 787 787 1227 4143 3861
3335 787 4366 870 3288 3359 2714 787 787 1227 870 3288 3359 2714 1136 787 4366 870 3861 3359
787 1227 3359 697 3359 3257 3257 697 3359 2714 787 787 3178 2714 1136 787 1227 1346 3335 787
3861 3359 697 3359 3861 3359 3257 3257 697 3359 2714 787 787 3178 2714 1136 787 1227 1346 3580
787 787 3178 2714 1136 787 1227 1346 3335 787 4366 870 3288 3359 3178 3359 2714 3335 787 1227
787 1227 3288 2787 2787 2714 787 787 4366 870 3861 3359 3288 3359 2714 1136 787 1227 870 2714
3335 787 4366 870 3288 3359 3178 3359 2714 787 787 4366 4143 3257 3257 2714 1136 787 4366 2714
1227 2714 787 787 1227 4143 3861 3359 697 2787 3257 3257 3861 3359 697 3359 2714 787 787 3178
4902 2381 1346 1291 4902 2381 870 4891 3359 3877 3359 3606 1291 4902 2381 3359 3606 1136 4902 3877
697 3359 3861 3359 3257 3257 697 3359 2714 787 787 3178 2714 1136 787 1227 1346 787 787 1227
3359 2714 787 787 4366 870 2714 787 787 4366 3359 3288 3359 2714 3335 787 4366 2714 787 787
1227 3359 2714 1136 787 1227 3359 3288 3359 2714 3335 787 4366 2714 787 787 1227 4143 3861 3359
2787 3257 3257 3877 3359 3606 4902 4902 3877 3606 1136 4902 2381 1346 1291 4902 2381 870 4891 3359
3335 787 1227 2714 787 787 1227 4143 3861 3359 697 3359 3861 3359 3257 3257 697 3359 2714 3335
1136 787 1227 870 2714 1136 787 4366 3359 3288 3359 2714 787 787 1227 2714 787 787 1227 4143
3288 3359 2714 787 787 1227 870 2714 1136 787 1227 3359 3288 3359 2714 3335 787 1227 2714 787
3359 2714 787 787 3178 2714 1136 787 1227 1346 3335 787 4366 870 3288 3359 3178 3359 2714 3335
4891 3359 3877 3359 3606 1291 4902 2381 3359 3606 1136 4902 3877 3359 3257 3257 3606 1136 4902 2381
3359 3257 3257 3877 3359 3877 3359 3877 3359 3606 4902 4902 3877 3606 1136 4902 2381 1346 1291 4902
787 787 3178 2714 1136 787 1227 1346 3335 787 4366 870 3288 3359 2714 787 787 1227 870 3288
2714 1136 787 4366 3359 3288 3359 2714 3335 787 1227 2714 787 787 1227 4143 3861 3359 697 3359
2714 3359 787 4366 4143 3861 2787 2714 1136 787 4366 3359 697 3359 2714 1136 787 3178 3359 2714
697 3359 2714 787 787 3178 2714 1136 787 1227 1346 3335 787 1227 2787 3288 3359 3178 3359 2714
787 1227 4143 3861 3359 697 2787 3257 3257 3861 3359 697 3359 2714 787 787 3178 2714 1136 787
787 4366 1346 3335 787 4366 870 3288 3359 2714 3335 787 1227 3288 2787 2787 2714 787 787 4366
2714 1136 787 4366 1346 3335 787 4366 870 3288 3359 2714 3335 787 1227 870 3288 3359 2714 787
3861 3359 697 3359 3861 3359 3257 3257 697 3359 2714 787 787 3178 2714 1136 787 1227 1346 787
787 3178 2714 1136 787 4366 1346 3335 787 4366 870 3288 3359 2714 787 787 1227 870 3288 3359
3877 3359 3257 3257 3877 3359 3877 3359 3877 3359 3606 4902 4902 3877 3606 1136 4902 2381 1346 1291
787 3178 2714 1136 787 4366 1346 3335 787 4366 870 3288 3359 2714 787 787 1227 870 3288 3359
787 4366 870 3288 3359 2714 787 787 1227 870 3288 3359 2714 1136 787 4366 870 3861 3359 3288
2787 2714 787 787 3178 2714 1136 787 4366 1346 3335 787 4366 870 3288 3359 2714 787 787 4366
3606 4902 4902 3877 3606 1136 4902 2381 1346 1291 4902 2381 870 4891 3359 3877 3359 3606 4902 4902
3288 3359 2714 3335 787 1227 2714 787 3580 1227 4143 3861 3359 697 3359 3861 3359 3257 3257 697
3359 697 3359 2714 787 787 3178 2714 1136 787 1227 1346 3335 787 4366 870 3288 3359 3178 3359
2381 3359 3877 3359 3877 3359 3606 1291 4902 3877 3606 1136 4902 2381 1346 4902 4902 2381 870 4891
870 1227 3359 2714 1136 787 1227 3359 3288 3359 2714 3335 787 4366 2714 787 787 1227 4143 3861
870 2714 1136 787 4366 3359 3288 3359 2714 787 787 1227 2714 787 787 1227 4143 3861 3359 697
4902 3877 3606 1136 4902 2381 1346 4902 4902 2381 870 4891 3359 3877 3359 3606 1291 4902 2381 4143
2714 787 787 3178 2714 1136 787 4366 1346 3335 787 4366 870 3288 3359 2714 787 787 1227 870
870 3288 3359 3861 2787 2714 3359 787 4366 4143 3861 2787 2714 1136 787 4366 3359 697 3359 2714
787 1227 3359 3288 3359 2714 787 787 1227 2714 787 787 1227 4143 3861 3359 697 3359 3257 3257
1227 2714 787 787 1227 4143 3861 3359 697 3359 3861 3359 3257 3257 697 3359 2714 3335 787 3178
3606 4902 4902 3877 3606 1136 4902 2381 1346 1291 4902 2381 870 4891 3359 3877 3359 3606 1291 4902
4366 1346 3335 787 4366 870 3288 3359 2714 3335 787 1227 870 3288 3359 2714 787 787 4366 3861
3861 3359 697 3359 3861 3359 3257 3257 697 3359 2714 787 787 3178 2714 1136 787 1227 1346 787
4902 4902 3877 3606 1136 4902 2381 1346 1291 4902 2381 870 4891 3359 3877 3359 3606 1291 4902 2381
787 787 4366 4143 3861 3359 697 3359 2714 787 787 3178 2714 1136 787 4366 1346 3335 787 4366
1291 4902 3877 3606 1136 4902 2381 1346 4902 4902 2381 870 4891 3359 3877 2787 3606 4902 4902 2381
4366 3861 2787 2787 3288 3359 2714 787 787 4366 870 2714 787 787 4366 3359 3288 3359 2714 3335
3257 3861 3359 697 3359 2714 787 787 3178 2714 1136 787 4366 1346 3335 787 4366 870 3288 3359
787 1227 870 2714 1136 787 4366 3359 3288 3359 2714 3335 787 1227 2714 787 787 1227 4143 3861
4366 3861 2787 2787 3288 3359 2714 787 787 4366 870 2714 787 787 4366 3359 3288 3359 2714 3335
1346 3335 787 4366 870 3288 3359 2714 787 787 1227 870 3288 3359 2714 1136 787 4366 870 3861
697 3359 2714 3335 787 3178 2714 1136 787 4366 1346 3335 787 1227 870 3288 3359 3178 3359 2714
3861 3359 697 2787 3257 3257 3861 3359 697 3359 2714 787 787 3178 2714 1136 787 1227 1346 3335
1346 3335 787 4366 870 3288 3359 2714 787 787 1227 870 3288 3359 2714 787 787 4366 870 3861
2714 1136 787 1227 1346 787 787 4366 870 3288 3359 2714 3335 787 1227 870 3288 3359 2714 1136
3257 3877 3359 3606 4902 4902 3877 3606 1136 4902 2381 1346 1291 4902 2381 870 4891 3359 3877 3359
