1836 781 1102 396 396 396 396 699 805 1214 70 70 1214 805 1214 1191 805 70 1037 1214
1778 1439 1191 933 1646 1646 933 933 1370 1778 1439 1629 1778 1439 765 1308 1308 1308 741 1308
1778 1439 1629 741 1778 1439 1308 1308 1308 1308 1308 1308 1814 1102 1726 781 1836 1836 1836 832
1308 1308 1814 1102 1726 781 1836 781 1102 396 396 396 396 699 765 1214 70 70 1214 805
1214 1646 805 699 1214 1214 1646 1214 1726 781 1814 780 781 1102 1075 1075 1075 1075 699 765
15 15 781 1102 396 396 933 1191 281 281 1646 1625 1974 1726 933 933 1974 396 699 765
281 1370 1370 933 1646 1836 1836 1037 1037 1037 1814 1814 1814 1814 1778 1439 1191 281 1646 1370
853 1037 853 1037 1040 1040 1040 1040 1836 1836 1836 1778 1439 1191 933 1370 1370 933 1646 1836
741 741 1037 853 1037 853 1037 1814 1814 1814 1836 1836 1814 1778 1439 1191 933 1370 1370 933
1037 1040 1040 1040 1040 1836 1836 1836 1778 1439 1191 933 1646 1370 933 1646 1836 1836 1037 853
933 281 1814 1625 1974 933 933 1974 15 15 15 15 15 15 15 15 15 15 933 1191
780 1726 1814 781 1836 781 1102 1075 1075 1075 1075 699 291 373 70 1037 373 291 291 373
1370 281 1646 1778 1439 1629 741 1778 1439 1308 1308 1308 1836 1102 1726 1814 781 781 1102 396
1836 1037 1037 1037 1814 1814 1814 1778 1439 1191 933 1646 1370 933 933 1370 1778 1439 1629 741
805 1191 1214 1214 70 1214 1726 781 1814 1814 780 781 1102 1075 1075 1075 1075 699 765 765
1814 1814 1778 1439 1191 933 1646 1370 933 1646 1778 1439 1629 741 1778 1439 1308 1308 1308 1814
1191 281 1646 1370 933 1646 1836 1836 1037 1037 1037 1814 1814 1814 1778 1439 1191 281 1646 1370
780 781 1814 780 781 1102 939 939 939 939 699 765 373 70 70 373 805 288 373 70
1778 1439 1191 933 1370 1370 933 1646 1778 1439 1629 741 1778 1439 288 288 288 1814 780 1726
933 1370 1370 933 1646 1836 1836 1037 1037 1037 1814 1814 1814 1778 1439 1191 933 1646 1370 933
699 805 1214 70 70 1214 805 805 1214 70 699 1214 1214 70 1214 1726 781 1836 1836 1814
1370 933 1646 1778 1439 1629 741 1778 1439 288 288 288 288 288 288 1814 780 1726 781 1836
291 291 373 70 1037 373 373 70 373 780 781 1814 780 781 1102 939 939 939 939 699
373 70 1037 373 291 291 373 70 1037 373 373 70 373 780 781 1836 1836 1814 1814 780
1439 288 288 288 1814 780 1726 781 1836 1836 1814 780 1836 781 1102 1075 1075 1075 1075 699
15 15 15 15 15 933 1191 933 853 1974 933 1974 1625 1974 933 933 281 1814 281 1974
933 1646 1836 1836 1037 853 1037 853 1037 1814 1814 1814 1778 1439 1191 933 1646 1370 933 1646
1037 853 1037 853 1037 1814 1814 1814 1814 1836 1836 1778 1439 1191 933 1646 1646 933 933 1370
933 933 1974 396 699 765 805 1214 70 70 1214 805 805 1214 70 805 805 1191 1214 1214
1836 1726 832 832 832 832 832 832 832 832 832 1836 281 1191 281 281 1974 1625 1974 933
781 1102 1075 1075 1075 1075 699 291 373 70 1037 373 291 291 373 70 1037 373 373 70
805 1214 70 70 1214 805 805 1214 70 699 1214 1214 70 1214 1726 781 1836 1836 1814 780
780 1726 781 1836 781 1102 1075 1075 1075 1075 699 291 373 70 1037 373 291 291 373 70
1037 1037 1040 1040 1836 1836 1778 1439 1191 933 1370 1370 933 1646 1836 1836 1037 1037 1037 1814
1726 781 1836 1836 1836 1646 1836 832 832 832 832 832 832 832 832 832 933 1625 933 281
1814 1814 1778 1439 1191 933 1646 1370 933 1646 1778 1439 1629 741 1778 1439 765 288 288 1814
1778 1439 1308 1308 1308 1836 1102 1726 1814 781 781 1102 396 396 396 396 699 765 1214 70
288 288 288 780 765 1814 781 1836 781 1102 1075 1102 1075 1075 699 765 1214 70 70 1214
1102 1075 1075 1075 1075 699 765 765 1214 1646 699 373 765 765 1102 70 1308 765 699 373
781 1102 1075 1075 1075 1075 699 291 373 70 1037 373 291 373 70 291 1037 373 373 70
281 853 1814 1814 1625 1191 933 933 1646 933 1625 281 281 1191 1625 1646 281 281 1191 832
853 1037 1814 1814 1814 1836 1836 1814 1778 1439 1191 933 1370 1370 933 1646 1778 1439 1629 741
1439 1191 281 1646 1370 933 1646 1836 1836 1037 1037 1037 1814 1814 1814 1778 1439 1191 281 1646
933 1370 1778 1439 1629 1778 1439 765 1308 1308 1308 741 1308 1308 1102 1726 781 1814 1836 1836
1191 933 1646 1370 933 1646 1836 1836 1037 853 1037 853 1037 1814 1814 1814 1778 1439 1191 933
1075 1075 1075 1075 699 291 373 70 1037 373 291 373 70 1037 291 373 373 70 373 780
1075 1075 1075 699 291 373 70 1037 373 291 373 70 291 1037 373 373 70 373 780 781
1778 1439 1629 741 1778 1439 396 1308 1308 1308 1308 1308 1814 1102 1726 781 1836 1836 1836 832
1439 1191 933 1646 1370 933 1646 1778 1439 1629 741 1778 1439 1308 1308 1308 1814 1102 1726 781
1778 1439 1629 741 1778 1439 288 288 288 1814 780 1726 781 1836 1836 1836 781 1102 1075 1075
1646 1370 933 1646 1836 1836 1037 1037 1037 1814 1814 1814 1778 1439 1191 281 1646 1370 281 1646
933 933 1646 933 1191 281 281 1191 1625 1646 281 281 1191 832 832 832 832 832 832 832
1040 1040 1836 1836 1778 1439 1191 281 1370 1370 281 1646 1836 1836 1037 1037 1037 1814 1814 1814
933 1646 1778 1439 1629 741 1778 1439 1308 1308 1308 1814 1102 1726 781 1836 781 1102 396 396
281 1646 1370 933 933 1370 1778 1439 1629 741 1778 1439 288 288 288 1814 1102 1726 781 781
281 281 1646 1625 1974 1726 933 933 1974 396 699 765 805 1214 70 70 1214 805 805 1214
1040 1040 1836 1836 1778 1439 1191 933 1646 1370 933 1646 1836 1836 1037 1037 1037 1814 1814 1814
1191 281 281 1974 1625 1974 933 933 1974 832 15 15 15 15 15 15 15 15 15 781
1836 1836 1778 1439 1191 281 1370 1370 281 1646 1836 1836 1037 1037 1037 1814 1814 1814 1778 1439
853 1037 1814 1814 1814 1836 1836 1814 1778 1439 1191 933 1370 1370 933 1646 1778 1439 1629 741
1040 1040 1040 1836 1836 1836 1778 1439 1191 933 1646 1370 933 1646 1836 1836 1836 741 741 1037
1370 281 1646 1836 1836 1037 1037 1037 1814 1814 1814 1778 1439 1191 281 1646 1370 281 1646 1778
1040 1040 1836 1836 1778 1439 1191 281 1646 1370 933 1646 1836 1836 1037 1037 1037 1814 1814 1814
832 832 832 832 832 832 832 832 781 1102 396 396 396 396 699 765 1308 933 70 70
1814 1778 1439 1191 281 1646 1370 933 1646 1778 1439 1629 741 1778 1439 288 288 288 1814 780
70 1037 373 291 291 373 70 1037 373 373 70 373 780 781 1836 1836 1814 1814 780 1037
1040 1040 1836 1836 1778 1439 1191 933 1646 1370 933 1646 1836 1836 1037 1037 1037 1814 1814 1814
1836 781 1102 396 396 396 396 699 805 1214 70 70 1214 805 805 1214 70 699 1214 1214
1836 1836 781 1102 396 396 396 396 699 805 1214 70 70 1214 805 1214 70 805 699 1214
1439 1191 933 1646 1370 933 1646 1778 1439 1629 741 1778 1439 765 288 288 1814 1102 1726 781
1836 1778 1439 1191 933 1646 1370 933 1646 1836 1836 1037 853 1037 853 1037 1814 1814 1814 1778
396 933 1191 281 281 1646 1625 1974 1726 933 933 1974 396 699 765 805 1214 70 70 1214
1370 933 1646 1836 1836 1037 853 1037 853 1037 1814 1814 1814 1778 1439 1191 933 1646 1370 933
1370 281 933 1370 1778 1439 1629 741 1778 1439 288 288 288 780 1726 1814 781 1037 781 1836
781 1102 1075 1075 1075 1075 699 291 373 70 1037 373 291 373 70 291 1037 373 373 70
1646 1370 281 933 1370 1778 1439 1629 1778 1439 765 741 1308 1308 1814 1102 1726 781 1836 1836
933 1646 1778 1439 1629 741 1778 1439 1308 1308 1308 1814 1102 1726 781 1836 781 1102 396 396
1836 1836 781 1102 396 396 396 396 699 805 1214 70 70 1214 805 1214 70 805 699 1214
1646 1778 1439 1629 741 1778 1439 1308 1308 1308 1308 1308 1308 1814 1102 1726 781 1836 1836 1836
373 70 1037 291 373 373 70 373 780 781 1814 780 781 1102 939 939 939 939 699 765
1836 1778 1439 1191 933 1646 1646 933 933 1370 1778 1439 1629 1778 1439 765 1308 1308 1308 741
781 1102 396 396 396 396 699 765 1214 70 70 1214 805 1214 1191 805 70 1037 1214 1214
15 15 933 1191 933 853 1974 933 1974 1625 1974 933 933 281 1814 281 1974 1625 1646 933
765 741 1308 1308 1102 1726 781 1814 1836 781 1102 396 396 396 396 699 765 1214 70 70
281 281 1191 832 832 832 832 832 832 832 832 832 832 781 1102 396 396 396 396 699
70 1214 1726 781 1814 1814 780 781 1102 1075 1075 1075 1075 699 765 765 1214 1646 699 373
1836 1836 1037 853 1037 853 1037 1814 1814 1814 1778 1439 1191 933 1646 1370 933 1646 1778 1439
373 70 373 780 781 1814 780 781 1102 939 939 939 939 699 765 373 70 70 373 805
1075 1075 1075 699 291 373 70 1037 373 291 373 70 291 1037 373 373 70 373 780 781
1778 1439 1191 933 1646 1370 933 933 1370 1778 1439 1629 741 1778 1439 288 288 288 1814 780
288 288 1814 780 1726 781 1836 1836 1836 781 1102 1075 1075 1075 1075 699 291 373 70 1037
1370 933 1646 1778 1439 1629 741 1778 1439 765 288 288 1814 780 1726 781 1836 781 1102 1075
741 1308 1308 1102 1726 781 1814 1836 1836 1836 832 832 832 832 832 832 832 832 832 832
288 933 70 70 1214 933 1191 933 853 1814 1308 288 1625 1974 281 933 1974 373 70 1625
1037 1037 1040 1040 1040 1836 1836 1778 1439 1191 933 1646 1370 933 1646 1836 1836 1037 1037 1037
1370 933 1646 1778 1439 1629 741 1778 1439 288 288 288 1814 780 1726 781 1836 781 1102 1075
1814 1778 1439 1191 281 1646 1370 933 933 1370 1778 1439 1629 741 1778 1439 288 1308 288 1814
1814 1625 1974 933 933 1974 832 15 15 15 15 15 15 15 15 15 781 1102 396 396
1814 1836 1836 1836 832 832 832 832 832 832 832 832 832 832 1836 281 1191 281 281 1974
1646 1370 933 1646 1836 1836 1037 1037 1037 1814 1814 1814 1778 1439 1191 933 1646 1370 933 1646
1439 1191 933 1370 1370 933 1646 1836 1836 1037 1037 1037 1814 1814 1814 1778 1439 1191 933 1646
1646 1370 933 1646 1836 1836 1037 853 1037 853 1037 1814 1814 1814 1778 1439 1191 933 1646 1370
741 1778 1439 1308 1308 1308 1308 1308 1308 1814 1102 1726 781 1836 1836 1836 832 832 832 832
1191 281 1646 1370 933 1646 1836 1836 1037 1037 1037 1814 1814 1778 1439 1191 281 1646 1370 281
1191 281 1646 1370 281 933 1370 1778 1439 1629 1778 1439 765 741 1308 1308 1814 1102 1726 781
373 373 70 373 780 781 1814 780 781 1102 939 939 939 939 699 765 373 70 70 373
1040 1040 1040 1836 1836 1778 1439 1191 281 1370 1370 933 1646 1836 1836 1037 1037 1037 1814 1814
933 1191 933 281 1814 1625 1974 933 933 1974 15 15 15 15 15 15 15 15 15 15
853 1037 853 1037 1040 1040 1040 1040 1836 1836 1836 1778 1439 1191 933 1370 1370 933 1646 1836
1214 70 1214 1726 781 1814 1814 780 781 1102 1075 1075 1075 1075 699 765 765 1214 1646 699
1814 1102 1726 781 1836 1836 1836 832 832 832 832 832 832 832 832 832 832 1836 933 1191
1439 1629 1778 1439 765 1308 1308 1308 741 1308 1308 1102 1726 781 1814 1836 1836 1836 832 832
1214 1726 781 1814 1814 780 781 1102 1075 1075 1075 1075 699 765 765 1214 1646 70 373 765
1040 1040 1836 1836 1778 1439 1191 933 1646 1370 933 1646 1836 1836 1037 1037 1037 1814 1814 1814
1040 1836 1836 1836 1778 1439 1191 933 1646 1370 933 1646 1836 1836 1037 853 1037 853 1037 1814
70 70 1214 933 1191 933 853 1814 1308 288 1625 1974 281 933 1974 373 70 1625 288 699
1191 281 1646 1370 933 1646 1836 1836 1037 1037 1037 1814 1814 1814 1778 1439 1191 281 1646 1370
1836 832 832 832 832 832 832 832 832 832 832 1836 933 1191 281 781 1370 1625 1974 281
832 832 832 832 832 832 832 832 832 781 1102 396 396 396 396 699 765 1308 933 70
781 1836 781 1102 396 1102 396 396 699 805 1214 1646 70 1214 805 1214 1646 805 699 1214
1778 1439 1191 281 1646 1370 933 933 1370 1778 1439 1629 741 1778 1439 288 1308 1308 1814 780
1075 699 765 288 933 70 70 1214 933 1191 933 853 1814 1308 288 1625 1974 281 933 1974
1726 781 1836 1836 1814 780 1836 781 1102 1075 1075 1075 1075 699 291 373 70 1037 373 291
781 1836 781 1102 1075 1102 1075 1075 699 765 373 70 699 373 288 288 1214 70 699 373
1439 1191 933 1370 1370 933 1646 1778 1439 1629 741 1778 1439 1308 1308 1308 1308 1308 1308 1814
933 1370 1836 1836 1037 1037 1037 1814 1814 1814 1778 1439 1191 933 1646 1370 933 933 1370 1778
1075 699 288 933 70 699 1214 288 288 373 70 699 373 933 70 373 1102 781 1836 1836
1191 281 1646 1370 933 933 1370 1778 1439 1629 741 1778 1439 288 288 1308 1814 1102 1726 781
281 1646 1836 1836 1037 1037 1037 1814 1814 1814 1778 1439 1191 281 1646 1370 281 933 1370 1778
1814 1814 1814 1778 1439 1191 281 1646 1370 281 1646 1778 1439 1629 741 1778 1439 1308 1308 1308
1646 1370 933 1646 1836 1836 1836 741 741 1037 853 1037 853 1037 1814 1814 1814 1814 1836 1836
1439 288 288 288 1814 780 1726 781 1836 1836 1814 780 1836 781 1102 1075 1075 1075 1075 699
291 373 70 1037 373 291 373 70 291 1037 373 373 70 373 780 781 1836 1836 1814 780
1625 1370 933 933 1646 933 1191 281 281 1191 1625 1646 281 281 1191 832 832 832 832 832
288 288 288 1814 780 1726 781 1836 1836 1836 781 1102 1075 1075 1075 1075 699 291 373 70
741 1778 1439 288 288 288 1814 780 1726 781 1836 1836 1814 780 1836 781 1102 1075 1075 1075
1191 933 1646 1646 933 933 1370 1778 1439 1629 1778 1439 765 1308 1308 1308 741 1308 1308 1102
1814 1814 1814 1778 1439 1191 933 1370 1370 933 1646 1778 1439 1629 741 1778 1439 288 288 288
1191 281 1646 1370 933 1646 1836 1836 1037 1037 1037 1814 1814 1778 1439 1191 281 1646 1370 281
1814 1778 1439 1191 281 1646 1370 933 933 1370 1778 1439 1629 741 1778 1439 288 1308 288 1814
1836 1836 1726 832 832 832 832 832 832 832 832 832 1836 281 1191 281 281 1974 1625 1974
933 1646 1778 1439 1629 741 1778 1439 765 288 288 1814 780 1726 781 1836 781 1102 1075 1075
291 373 373 70 373 780 781 1814 780 781 1102 939 939 939 939 699 765 373 70 1037
933 1974 15 15 15 15 15 15 15 15 15 15 933 1191 933 933 1974 933 1974 1625
1370 933 1646 1836 1836 1037 1037 1037 1814 1814 1814 1778 1439 1191 933 1646 1370 933 1646 1778
1439 1629 741 1778 1439 1308 1308 1308 1836 1102 1726 1814 781 781 1102 396 396 396 396 699
1836 1037 1037 1037 1814 1814 1778 1439 1191 281 1646 1370 281 1370 1778 1439 1629 741 1778 1439
1646 1836 1836 1037 1037 1037 1814 1814 1814 1778 1439 1191 281 1646 1370 281 1646 1778 1439 1629
1814 1814 1778 1439 1191 281 1646 1370 281 1646 1778 1439 1629 741 1778 1439 1308 1308 1308 1814
1836 933 1191 281 781 1370 1625 1974 281 933 1974 832 832 832 832 832 832 832 832 832
1075 1075 1075 1075 699 291 373 70 1037 373 291 373 70 291 1037 373 373 70 373 780
373 291 291 373 70 1037 373 373 70 373 780 781 1814 780 781 1102 939 939 939 939
1037 1037 1037 1814 1814 1814 1778 1439 1191 933 1646 1370 933 1646 1778 1439 1629 741 1778 1439
1037 853 1037 1814 1814 1814 1778 1439 1191 933 1646 1370 933 1646 1778 1439 1629 741 1778 1439
1726 781 1836 781 1102 1075 1075 1102 1075 699 288 933 70 699 1214 288 288 373 70 699
1439 1629 741 1778 1439 288 288 288 1814 780 1726 781 1836 1836 1836 781 1102 1075 1075 1075
781 1814 1814 780 781 1102 1075 1075 1075 1075 699 765 765 1214 1646 699 373 765 765 288
1646 1370 281 1370 1778 1439 1629 741 1778 1439 288 288 288 1814 780 1726 781 1836 781 1102
832 832 832 832 832 832 832 832 832 832 781 1102 396 396 396 396 699 765 288 933
1646 1625 1974 1726 933 933 1974 396 699 765 805 1214 70 70 1214 805 805 1214 70 805
1370 933 1646 1836 1836 1037 1037 1037 1814 1814 1814 1778 1439 1191 281 1646 1370 281 1646 1778
1102 1075 1075 1075 1075 699 765 288 933 70 699 1214 933 1191 933 1625 1814 1308 781 1625
70 1037 373 291 291 373 70 1037 373 373 70 373 780 781 1836 1836 1814 1814 780 1037
1646 1625 1974 1726 933 933 1974 396 699 765 805 1214 70 70 1214 805 805 1214 70 805
1625 1370 933 933 1646 933 1191 281 281 1191 1625 1646 281 281 1191 832 832 832 832 832
1814 1814 1814 1836 1836 1778 1439 1191 281 1370 1370 281 933 1370 1778 1439 1629 741 1778 1439
1191 281 281 1191 1625 1646 281 281 1191 832 832 832 832 832 832 832 832 832 832 781
781 1836 781 1102 396 396 396 396 699 805 1214 70 70 1214 805 805 1214 70 699 1214
1439 1629 741 1778 1439 1308 1308 1308 1814 1102 1102 781 1836 781 1102 396 396 396 396 699
1836 1836 1037 1037 1037 1814 1814 1814 1778 1439 1191 933 1646 1370 933 933 1370 1778 1439 1629
1836 1836 741 741 1037 853 1037 853 1037 1814 1814 1814 1814 1836 1836 1778 1439 1191 933 1646
1308 1308 1308 1308 1814 1102 1726 781 1836 1836 1836 832 832 832 832 832 832 832 832 832
1814 1814 1814 1778 1439 1191 281 1646 1370 281 1646 1778 1439 1629 741 1778 1439 1308 1308 1308
281 933 1370 1778 1439 1629 1778 1439 765 741 1308 1308 1814 1102 1726 781 1836 1836 1836 781
1974 396 699 765 805 1214 70 70 1214 805 805 1214 70 805 805 699 1214 1214 70 1214
288 288 288 1814 780 1726 781 1836 781 1102 1075 1075 1075 1075 699 291 373 70 1037 373
1037 853 1037 1814 1814 1814 1778 1439 1191 933 1646 1370 933 1646 1778 1439 1629 741 1778 1439
1214 805 805 1214 70 805 805 1191 1214 1214 70 1214 780 781 1814 1814 780 781 1102 1075
1075 1075 1075 699 765 288 933 70 70 1214 933 1191 933 853 1814 1308 1308 1625 1974 281
1726 781 1836 781 1102 396 396 396 396 699 765 1214 70 70 1214 805 805 1214 70 699
1836 1836 1037 1037 1037 1814 1814 1814 1814 1836 1836 1778 1439 1191 281 1370 1370 281 933 1370
832 832 832 832 832 832 832 832 832 832 1836 933 1191 933 281 1814 1625 1974 933 933
15 15 15 15 15 933 1191 933 853 1974 933 1974 1625 1974 933 933 281 1814 281 1974
1836 1836 1778 1439 1191 933 1370 1370 933 1646 1836 1836 1037 1037 1037 1814 1814 1814 1778 1439
281 1646 1370 933 933 1646 1778 1439 1629 1778 1439 765 741 1308 1308 1102 1726 781 1814 1836
1836 1778 1439 1191 281 1370 1370 281 933 1370 1778 1439 1629 741 1778 1439 288 288 288 780
832 832 832 832 832 832 832 832 832 781 1102 396 396 396 933 1974 933 853 1974 1625
288 70 70 1214 1214 933 70 1214 781 780 1814 1726 781 1836 1836 853 1037 780 1814 781
1778 1439 1191 933 1370 1370 933 1646 1836 1836 1037 1037 1037 1814 1814 1814 1778 1439 1191 933
396 1102 396 396 699 765 1214 1646 70 1214 805 1214 1646 805 699 1214 1214 1646 1214 1726
288 288 288 1814 780 1726 781 1836 1836 1836 1646 1836 832 832 832 832 832 832 832 832
288 288 288 288 288 288 1814 780 1726 781 1836 1836 1836 1646 1836 832 832 832 832 832
933 1646 1778 1439 1629 741 1778 1439 1308 1308 1308 1308 1308 1308 1814 1102 1726 781 1836 1836
70 1214 805 1214 1191 805 70 1037 1214 1214 1214 70 1214 781 780 1726 781 1814 1814 780
1974 933 853 281 1814 281 1974 1625 1646 933 933 1974 1814 780 933 1191 933 853 1814 1625
781 1102 1075 1075 1075 1075 699 765 765 1214 1646 699 373 765 765 1308 765 373 70 699
853 1037 1814 1814 1814 1778 1439 1191 933 1646 1370 933 1646 1778 1439 1629 741 1778 1439 288
1040 1040 1836 1836 1778 1439 1191 933 1370 1370 933 1646 1836 1836 1037 1037 1037 1814 1814 1814
396 396 396 699 765 1214 70 70 1214 805 805 1214 70 699 1214 1214 1646 1214 1726 781
1191 933 1646 1370 933 1646 1836 1836 1037 853 1037 853 1037 1814 1814 1814 1778 1439 1191 933
281 1646 1836 1836 1037 1037 1037 1814 1814 1814 1778 1439 1191 281 1646 1370 933 1646 1778 1439
832 832 832 832 1836 933 1191 933 281 1814 1625 1974 933 933 1974 15 15 15 15 15
1439 1191 933 1646 1370 933 1646 1836 1836 1037 1037 1037 1814 1814 1814 1778 1439 1191 933 1646
1836 1836 1836 1778 1439 1191 933 1646 1370 933 1646 1836 1836 1836 741 741 1037 853 1037 853
1075 1075 1075 1075 699 291 373 70 1037 373 291 373 70 1037 291 373 373 70 373 780
1646 1370 933 1646 1836 1836 1037 1037 1037 1814 1814 1814 1778 1439 1191 933 1646 1370 933 1646
1308 1308 1308 1308 1308 1814 1102 1726 781 1836 1836 1836 832 832 832 832 832 832 832 832
933 1974 832 15 15 15 15 15 15 15 15 15 781 1102 396 396 933 1974 281 281
1778 1439 1191 933 1370 1370 933 1646 1836 1836 1836 765 741 1037 853 1037 853 1037 1814 1814
1102 1726 781 1814 1836 781 1102 396 396 396 396 699 765 1214 70 70 1214 805 1214 1191
1646 1836 1836 1037 1037 1037 1814 1814 1814 1778 1439 1191 281 1646 1370 933 1646 1778 1439 1629
1040 1040 1040 1836 1836 1778 1439 1191 933 1646 1370 933 1646 1836 1836 1037 1037 1037 1814 1814
1037 1040 1040 1836 1836 1778 1439 1191 281 1646 1370 281 1646 1836 1836 1037 1037 1037 1814 1814
933 1646 1370 933 1646 1778 1439 1629 741 1778 1439 765 288 288 1814 1102 1726 781 1836 933
1439 1191 281 1370 1370 281 1646 1836 1836 1037 1037 1037 1814 1814 1814 1778 1439 1191 281 1646
832 832 832 832 832 832 832 781 1102 396 396 396 933 1191 933 853 1974 1625 1974 1102
1646 1836 1836 1037 1037 1037 1814 1814 1814 1778 1439 1191 933 1646 1370 933 1646 1778 1439 1629
1439 1629 741 1778 1439 288 288 288 780 765 1814 781 1836 781 1102 1075 1102 1075 1075 699
373 70 1037 291 373 373 70 373 780 781 1814 780 781 1102 939 939 939 939 699 765
1778 1439 1191 933 1370 1370 933 1646 1778 1439 1629 741 1778 1439 288 288 288 1814 780 1726
1836 1836 765 741 1037 853 1037 853 1037 1814 1814 1814 1836 1836 1814 1778 1439 1191 933 1370
1370 933 1646 1836 1836 1037 1037 1037 1814 1814 1814 1814 1778 1439 1191 281 1646 1370 933 933
805 1214 1646 805 699 1214 1214 1646 1214 1726 781 1814 780 781 1102 1075 1075 1075 1075 699
1439 1191 933 1646 1370 933 1646 1778 1439 1629 741 1778 1439 1308 1308 1308 1814 1102 1726 781
781 1102 396 396 396 396 699 765 1214 70 70 1214 805 805 1214 70 699 1214 1214 1646
1778 1439 765 741 1308 1308 1814 1102 1726 781 1836 1836 1836 781 1102 396 396 396 396 699
1814 1814 1814 1778 1439 1191 281 1646 1370 281 1646 1778 1439 1629 741 1778 1439 1308 1308 1308
281 1646 1778 1439 1629 741 1778 1439 288 288 288 1814 780 1726 781 1836 1836 1836 781 1102
781 1102 396 396 396 396 699 805 1214 70 70 1214 805 805 1214 70 699 1214 1214 70
1040 1040 1836 1836 1836 1778 1439 1191 933 1646 1370 933 1646 1836 1836 1037 853 1037 853 1037
288 1814 780 1726 781 1836 781 1102 1075 1075 1075 1075 699 291 373 70 1037 373 291 291
1439 1191 281 1646 1370 281 1646 1778 1439 1629 741 1778 1439 1308 1308 1308 1814 1102 1102 781
15 933 1191 933 853 1974 933 1974 1625 1974 933 853 281 1814 281 1974 1625 1646 933 933
281 933 1974 373 70 1625 288 699 1037 1214 933 933 70 373 781 780 1814 1726 781 1836
1836 1836 1836 741 741 1037 853 1037 853 1037 1814 1814 1814 1814 1836 1836 1778 1439 1191 933
1836 1836 1836 1778 1439 1191 933 1646 1370 933 1646 1836 1836 1037 853 1037 853 1037 1814 1814
1037 373 291 373 70 291 1037 373 373 70 373 780 781 1836 1836 1814 780 1102 1439 699
933 1191 281 281 1646 1625 1974 1726 933 933 1974 396 699 765 805 1214 70 70 1214 805
1814 1778 1439 1191 933 1646 1370 933 1646 1778 1439 1629 741 1778 1439 1308 1308 1308 1814 1102
1646 1370 281 1646 1778 1439 1629 741 1778 1439 288 288 288 1814 780 1726 781 1836 1836 1836
1214 70 805 805 1191 1214 1214 70 1214 1726 781 1814 1814 780 781 1102 1075 1075 1075 1075
1040 1040 1836 1836 1778 1439 1191 281 1646 1370 281 1646 1836 1836 1037 1037 1037 1814 1814 1778
933 1974 396 699 765 805 1214 70 70 1214 805 805 1214 70 805 805 699 1214 1214 70
780 1726 1814 781 1836 781 1102 1075 1075 1075 1075 699 291 373 70 1037 373 291 291 373
1814 1814 1814 1814 1836 1836 1778 1439 1191 933 1646 1646 933 933 1370 1778 1439 1629 1102 1439
1646 1370 281 933 1370 1836 1836 1037 1037 1037 1814 1814 1814 1778 1439 1191 281 1370 1370 281
1370 933 1646 1836 1836 1836 741 741 1037 853 1037 853 1037 1814 1814 1814 1836 1836 1814 1778
1370 1778 1439 1629 741 1778 1439 288 288 288 780 1726 1814 781 1037 781 1836 1836 1814 1814
1646 1778 1439 1629 741 1778 1439 1308 1308 1308 1814 1102 1726 781 1836 781 1102 396 1102 396
1370 1370 281 933 1370 1778 1439 1629 741 1778 1439 288 288 288 780 1726 1814 781 1037 781
1214 1726 781 1814 780 781 1102 1075 1075 1075 1075 699 765 373 1646 70 373 765 1308 373
1439 765 288 288 1814 780 1726 781 1836 781 1102 1075 1075 1075 1075 699 291 373 70 1037
933 1646 1778 1439 1629 741 1778 1439 288 288 288 288 288 288 1814 780 1726 781 1836 1836
1646 1836 1836 1037 1037 1037 1037 1814 1814 1836 1836 1778 1439 1191 281 1646 1370 281 1646 1778
1037 853 1037 1814 1814 1814 1778 1439 1191 933 1646 1370 933 1646 1778 1439 1629 741 1778 1439
1646 933 1191 281 281 1191 1625 1646 281 281 1191 832 832 832 832 832 832 832 832 832
1836 1836 1646 1836 832 832 832 832 832 832 832 832 832 933 1191 933 281 933 1814 1814
1646 1370 281 1646 1836 1836 1037 1037 1037 1814 1814 1778 1439 1191 281 1646 1370 281 1370 1778
1646 1370 281 933 1370 1778 1439 1629 1778 1439 765 741 1308 1308 1814 1102 1726 781 1836 1836
1778 1439 1191 933 1646 1370 933 1646 1778 1439 1629 741 1778 1439 1308 1308 1308 1814 1102 1726
288 1814 780 1726 781 1836 781 1102 1075 1075 1102 1075 699 288 933 70 70 1214 288 288
1836 1836 1037 853 1037 853 1037 1814 1814 1814 1778 1439 1191 933 1646 1370 933 1646 1778 1439
1037 373 291 291 373 70 1037 373 373 70 373 780 781 1814 780 781 1102 939 939 939
1778 1439 1191 933 1646 1370 933 1370 1836 1836 1037 1037 1037 1814 1814 1814 1778 1439 1191 933
781 1102 1075 1075 1075 1075 699 291 373 70 1037 373 291 291 373 70 1037 373 373 70
699 765 805 1214 70 70 1214 805 805 1214 70 805 805 699 1214 1214 70 1214 1726 781
1037 1037 1040 1040 1836 1836 1778 1439 1191 281 1646 1370 281 1646 1836 1836 1037 1037 1037 1814
1814 1814 1778 1439 1191 933 1646 1370 933 1646 1778 1439 1629 741 1778 1439 1308 1308 1308 1308
1974 15 15 15 15 15 15 15 15 15 15 933 1191 933 933 1974 933 1974 1625 1974
1814 1814 1778 1439 1191 281 1646 1370 281 933 1370 1778 1439 1629 1778 1439 765 741 1308 1308
1778 1439 765 741 1308 1308 1102 1726 781 1814 1836 781 1102 396 396 396 396 699 765 1214
1075 699 288 933 70 699 1214 288 288 373 70 699 373 933 70 373 1102 781 1836 1836
781 1836 781 1102 1075 1075 1075 1075 699 291 373 70 1037 373 291 373 70 1037 291 373
1439 1191 933 1646 1370 933 1646 1778 1439 1629 741 1778 1439 765 288 288 1814 1102 1726 781
805 1191 1214 1214 70 1214 1726 781 1814 1814 780 781 1102 1075 1075 1075 1075 699 765 765
780 1726 781 1836 1836 1814 780 1836 781 1102 1075 1075 1075 1075 699 291 373 70 1037 373
832 832 832 832 1836 933 1191 933 281 1814 1625 1974 933 933 1974 15 15 15 15 15
1040 1040 1040 1836 1836 1836 1778 1439 1191 933 1646 1370 933 1646 1836 1836 1836 741 741 1037
288 288 288 1814 780 1726 781 1836 781 1102 1075 1075 1102 1075 699 288 933 70 70 1214
1040 1836 1836 1778 1439 1191 281 1646 1370 281 1646 1836 1836 1037 1037 1037 1037 1814 1814 1836
1778 1439 1308 1308 1308 1814 1102 1726 781 1836 781 1102 396 1102 396 396 699 765 1214 1646
1075 1075 1075 1075 699 288 933 70 699 373 288 1625 70 288 699 373 1214 1646 373 780
1439 765 741 1308 1308 1814 1102 1726 781 1836 1836 1836 781 1102 396 396 396 396 699 765
1629 1778 1439 765 741 1308 1308 1814 1102 1726 781 1836 1836 1836 781 1102 396 396 396 396
15 15 15 15 15 15 15 15 15 781 1102 396 396 933 1191 281 281 1646 1625 1974
1370 933 1646 1778 1439 1629 741 1778 1439 288 288 288 288 288 288 1814 780 1726 781 1836
1040 1836 1836 1778 1439 1191 281 1370 1370 933 1646 1836 1836 1037 1037 1037 1814 1814 1814 1814
1646 1370 933 1370 1836 1836 1037 1037 1037 1814 1814 1814 1778 1439 1191 933 1646 1370 933 933
1191 933 1646 1370 933 1646 1778 1439 1629 741 1778 1439 288 288 288 288 288 288 1814 780
781 1102 1075 1075 1075 1075 699 291 373 70 1037 373 291 373 70 1037 291 373 373 70
1646 1370 281 1646 1778 1439 1629 741 1778 1439 1308 1308 1308 1836 1102 1726 1814 781 781 1102
70 1214 933 1191 933 853 1814 288 288 1625 1974 281 933 1974 373 70 1625 288 699 1037
1439 1629 741 1778 1439 765 288 288 1814 780 1726 781 1836 781 1102 1075 1075 1075 1075 699
1370 1778 1439 1629 1778 1439 765 1308 1308 1308 741 1308 1308 1102 1726 781 1814 1836 1836 1836
933 1625 933 281 853 1814 1814 1625 1370 933 933 1646 933 1625 281 281 1191 1625 1646 281
1439 288 288 288 1814 780 1726 781 1836 1836 1836 781 1102 1075 1075 1075 1075 699 765 373
1037 853 1037 1814 1814 1814 1836 1836 1814 1778 1439 1191 933 1370 1370 933 1646 1778 1439 1629
1836 1836 1778 1439 1191 281 1646 1370 281 1646 1836 1836 1037 1037 1037 1814 1814 1778 1439 1191
832 832 832 832 832 832 832 832 832 832 781 1102 396 396 396 933 1974 933 853 1974
1836 1836 1037 1037 1037 1814 1814 1814 1778 1439 1191 933 1646 1370 933 933 1370 1778 1439 1629
933 1646 1836 1836 1037 853 1037 853 1037 1814 1814 1814 1778 1439 1191 933 1646 1370 933 1646
1814 1814 1814 1778 1439 1191 281 1646 1370 933 933 1646 1778 1439 1629 1778 1439 765 741 1308
781 1102 1075 1075 1075 1075 699 765 765 1214 1646 699 373 765 765 1308 765 373 70 699
1439 1191 933 1646 1370 933 1646 1836 1836 1037 853 1037 853 1037 1814 1814 1814 1778 1439 1191
1625 1974 933 933 1974 15 15 15 15 15 15 15 15 15 15 933 1974 933 281 1974
1439 288 288 288 288 288 288 1814 780 1726 781 1836 1836 1836 1646 1836 832 832 832 832
1439 1629 741 1778 1439 396 1308 1308 1308 1308 1308 1814 1102 1726 781 1836 1836 1836 832 832
288 288 1814 780 1726 781 1836 781 1102 1075 1075 1075 1075 699 291 373 70 1037 373 291
291 1037 373 373 70 373 780 781 1836 1836 1814 780 1102 1439 699 933 1646 1370 933 1646
291 373 70 1037 373 291 373 70 291 1037 373 373 70 373 780 781 1836 1836 1814 780
780 1726 781 1836 781 1102 1075 1075 1075 1075 699 291 373 70 1037 373 291 291 373 70
281 1646 1370 281 1646 1836 1836 1037 1037 1037 1814 1814 1814 1778 1439 1191 281 1646 1370 281
1439 1191 281 1646 1370 933 1646 1778 1439 1629 741 1778 1439 288 288 288 1814 780 1726 781
281 933 1974 832 832 832 832 832 832 832 832 832 832 781 1102 396 396 396 933 1974
1629 741 1778 1439 396 1308 1308 1308 1308 1308 1814 1102 1726 781 1836 1836 1836 832 832 832
1075 699 765 288 933 70 70 1214 933 1191 933 853 1814 1308 288 1625 1974 281 933 1974
1646 1836 1836 1037 1037 1037 1814 1814 1814 1778 1439 1191 933 1370 1370 933 1646 1778 1439 1629
1308 1308 1308 1308 1814 1102 1726 781 1836 1836 1836 832 832 832 832 832 832 832 832 832
1191 933 1646 1370 933 1646 1778 1439 1629 741 1778 1439 765 288 288 1814 1102 1726 781 1836
1814 1778 1439 1191 933 1646 1370 933 1646 1778 1439 1629 741 1778 1439 765 288 288 1814 780
288 288 288 1814 780 1726 781 1836 781 1102 1075 1075 1075 1075 699 291 373 70 1037 373
1075 699 288 933 70 699 373 288 1625 70 288 699 373 1214 70 373 1726 781 1814 780
288 1814 780 1726 781 1836 1836 1836 1646 1836 832 832 832 832 832 832 832 832 832 933
1778 1439 1191 281 1370 1370 281 1646 1836 1836 1037 1037 1037 1814 1814 1814 1778 1439 1191 281
396 396 396 396 699 765 1214 70 70 1214 805 805 1214 70 699 1214 1214 1646 1214 1726
933 1646 1836 1836 1836 741 741 1037 853 1037 853 1037 1814 1814 1814 1814 1836 1836 1778 1439
288 1814 780 1726 781 1836 1836 1814 780 1836 781 1102 1075 1075 1075 1075 699 291 373 70
281 1646 1974 281 1646 1836 1836 1037 1037 1037 1814 1814 1814 1814 1836 1836 1778 1439 1191 281
832 1836 933 1191 281 781 1370 1625 1974 281 933 1974 832 832 832 832 832 832 832 832
1778 1439 1191 933 1646 1370 933 1646 1778 1439 1629 741 1778 1439 765 288 288 1814 780 1726
1836 1836 1778 1439 1191 281 1646 1370 281 1646 1836 1836 1037 1037 1037 1814 1814 1814 1778 1439
832 15 1836 933 1191 281 781 1370 1625 1974 281 933 1974 832 832 832 832 832 832 832
1629 741 1778 1439 288 288 288 1814 780 1726 781 1836 781 1102 1075 1075 1075 1075 699 765
1037 1037 1040 1040 1836 1836 1778 1439 1191 933 1646 1370 933 1646 1836 1836 1037 1037 1037 1814
741 1778 1439 288 288 288 1814 780 1726 781 1836 781 1102 1075 1075 1075 1075 699 765 373
1037 1040 1040 1836 1836 1778 1439 1191 933 1646 1370 933 1370 1836 1836 1037 1037 1037 1814 1814
832 832 832 832 832 832 832 832 1836 933 1191 933 281 1814 1625 1974 933 933 1974 15
1836 933 1191 933 281 1814 1625 1974 933 933 1974 15 15 15 15 15 15 15 15 15
1836 1836 765 741 1037 853 1037 853 1037 1814 1814 1814 1836 1836 1814 1778 1439 1191 933 1370
1370 281 933 1370 1836 1836 1037 1037 1037 1814 1814 1814 1778 1439 1191 281 1370 1370 281 1370
281 933 1370 1836 1836 1037 1037 1037 1814 1814 1814 1778 1439 1191 281 1370 1370 281 1370 1778
1214 1214 70 1214 1726 781 1814 1814 780 781 1102 1075 1075 1075 1075 699 765 765 1214 1646
1370 281 1646 1836 1836 1037 1037 1037 1814 1814 1814 1778 1439 1191 281 1646 1370 281 1646 1778
1037 1040 1040 1836 1836 1778 1439 1191 933 1646 1370 933 1646 1836 1836 1037 1037 1037 1814 1814
1037 1040 1040 1836 1836 1778 1439 1191 281 1646 1370 281 1646 1836 1836 1037 1037 1037 1037 1814
1974 1214 70 1625 288 699 70 1214 933 933 70 373 781 780 1814 1726 781 1836 1836 853
1370 1778 1439 1629 1778 1439 765 1308 1308 1308 741 1308 1308 1102 1726 781 1814 1836 1836 1836
933 1974 1625 1974 933 933 281 1814 281 1974 1625 1646 933 933 1974 1814 780 933 1191 933
781 1814 1836 1836 1836 832 832 832 832 832 832 832 832 832 832 1836 281 1974 281 281
1037 1040 1040 1836 1836 1778 1439 1191 281 1646 1370 933 1646 1836 1836 1037 1037 1037 1814 1814
1836 1836 1778 1439 1191 933 1370 1370 933 1646 1836 1836 1836 765 741 1037 853 1037 853 1037
1814 1814 1778 1439 1191 281 1370 1370 281 1370 1778 1439 1629 741 1778 1439 288 288 288 780
1370 933 1646 1836 1836 1037 853 1037 853 1037 1814 1814 1814 1778 1439 1191 933 1646 1370 933
933 1646 1836 1836 1037 1037 1037 1814 1814 1814 1778 1439 1191 281 1646 1370 281 1646 1778 1439
933 1646 1836 1836 1037 1037 1037 1814 1814 1814 1778 1439 1191 281 1646 1370 281 1646 1778 1439
1836 1836 1778 1439 1191 933 1646 1370 933 1646 1836 1836 1037 853 1037 853 1037 1814 1814 1814
1646 1370 933 1646 1778 1439 1629 741 1778 1439 1308 1308 1308 1814 1102 1726 781 1836 781 1102
1646 1370 933 933 1370 1778 1439 1629 741 1778 1439 288 288 288 1814 780 1726 781 781 1102
1439 1191 281 1370 1370 281 1370 1778 1439 1629 741 1778 1439 288 288 288 780 1726 1814 781
933 933 1370 1778 1439 1629 741 1778 1439 288 288 288 1814 780 1726 781 781 1102 1075 1075
1037 1037 1037 1814 1814 1814 1778 1439 1191 933 1646 1370 933 1646 1778 1439 1629 741 1778 1439
15 15 781 1102 396 396 933 1191 281 281 1646 1625 1974 1726 933 933 1974 396 699 765
1836 1836 1037 1037 1037 1814 1814 1814 1778 1439 1191 933 1370 1370 933 1646 1778 1439 1629 741
1439 1308 1308 1308 1814 1102 1726 781 1836 781 1102 396 396 396 396 699 765 1214 70 70
1102 1075 1075 1075 1075 699 765 373 1646 699 373 765 1308 373 70 699 373 373 1646 373
281 1370 1370 933 1646 1836 1836 1037 1037 1037 1814 1814 1814 1814 1778 1439 1191 281 1646 1370
15 15 15 933 1191 933 853 1974 933 1974 1625 1974 933 933 281 1814 281 1974 1625 1646
1040 1836 1836 1778 1439 1191 281 1646 1370 281 1646 1836 1836 1037 1037 1037 1814 1814 1778 1439
853 1037 1040 1040 1040 1040 1836 1836 1836 1778 1439 1191 933 1646 1370 933 1646 1836 1836 1836
1814 1308 288 1625 1974 281 933 1974 373 70 1625 288 699 699 373 933 933 70 373 781
1102 1726 781 1836 1836 1836 832 832 832 832 832 832 832 832 832 832 1836 933 1191 933
1646 1778 1439 1629 741 1778 1439 288 288 288 780 765 1814 781 1836 781 1102 1075 1102 1075
70 1214 805 1214 1191 805 70 1037 1214 1214 1214 70 1214 781 780 1726 781 1814 1814 780
1778 1439 1191 281 1646 1370 281 1646 1836 1836 1037 1037 1037 1814 1814 1778 1439 1191 281 1646
1836 1836 1836 1778 1439 1191 933 1646 1370 933 1646 1836 1836 1037 853 1037 853 1037 1814 1814
1836 1836 1778 1439 1191 933 1370 1370 933 1646 1836 1836 1836 765 741 1037 853 1037 853 1037
1836 1836 1037 1037 1037 1037 1814 1814 1836 1836 1778 1439 1191 281 1646 1370 281 1646 1778 1439
288 288 1814 780 1726 781 1836 1836 1836 781 1102 1075 1075 1075 1075 699 291 373 70 1037
1836 781 1102 1075 1075 1075 1075 699 291 373 70 1037 373 291 373 70 1037 291 373 373
1814 1814 1778 1439 1191 933 1646 1370 933 1646 1778 1439 1629 741 1778 1439 288 288 288 288
781 1814 1814 780 781 1102 1075 1075 1075 1075 699 765 765 1214 1646 70 373 765 765 1102
1726 1814 781 1836 781 1102 1075 1075 1075 1075 1037 291 373 70 1037 373 291 291 373 70
1836 1836 1778 1439 1191 933 1646 1370 933 1370 1836 1836 1037 1037 1037 1814 1814 1814 1778 1439
1191 933 1646 1370 933 1646 1778 1439 1629 741 1778 1439 765 288 288 1814 780 1726 781 1836
1836 1836 1037 1037 1037 1814 1814 1814 1778 1439 1191 281 1646 1370 933 1646 1778 1439 1629 741
281 1646 1370 281 1646 1778 1439 1629 741 1778 1439 288 288 288 780 765 1814 781 1836 781
288 288 1814 780 1726 781 1836 1836 1836 1646 1836 832 832 832 832 832 832 832 832 832
933 1370 1370 933 1646 1778 1439 1629 741 1778 1439 288 288 288 1814 780 1726 781 1836 781
741 1778 1439 396 1308 1308 1308 1308 1308 1814 1102 1726 781 1836 1836 1836 832 832 832 832
1974 699 765 805 1214 70 70 1214 805 805 1214 70 805 805 699 1214 1214 70 1214 780
1040 1836 1836 1778 1439 1191 281 1646 1370 933 1646 1836 1836 1037 1037 1037 1814 1814 1814 1778
1836 1037 1037 1037 1814 1814 1814 1778 1439 1191 933 1646 1370 933 1646 1778 1439 1629 741 1778
933 1646 1836 1836 1836 741 741 1037 853 1037 853 1037 1814 1814 1814 1836 1836 1814 1778 1439
853 1037 853 1037 1814 1814 1814 1814 1836 1836 1778 1439 1191 933 1646 1646 933 933 1370 1778
1836 1836 1778 1439 1191 281 1646 1370 281 1646 1836 1836 1037 1037 1037 1814 1814 1814 1778 1439
1037 1814 1814 1814 1778 1439 1191 933 1646 1370 933 933 1370 1778 1439 1629 741 1778 1439 288
1191 281 1646 1370 281 1646 1836 1836 1037 1037 1037 1814 1814 1814 1778 1439 1191 281 1646 1370
1646 1778 1439 1629 741 1778 1439 288 288 288 288 288 288 1814 780 1726 781 1836 1836 1836
1836 1646 1836 832 832 832 832 832 832 832 832 832 933 1191 933 281 933 1814 1814 1625
1836 1778 1439 1191 281 1646 1370 281 1646 1836 1836 1037 1037 1037 1037 1814 1814 1836 1836 1778
1778 1439 1308 1308 1308 1814 1102 1726 781 1836 781 1102 396 396 396 396 699 765 1214 70
780 780 1814 781 1836 781 1102 1075 1102 1075 1075 699 765 1214 70 70 1214 288 288 1214
1974 699 765 805 1214 70 70 1214 805 805 1214 70 805 805 699 1214 1214 70 1214 780
1308 741 1308 1308 1102 1726 781 1814 1836 1836 1836 832 832 832 832 832 832 832 832 832
1814 1814 1814 1836 1836 1778 1439 1191 933 1646 1646 933 933 1370 1778 1439 1629 1102 1439 765
1370 1778 1439 1629 741 1778 1439 288 288 288 1814 780 1726 781 1836 781 1102 1075 1075 1102
933 1370 1836 1836 1037 1037 1037 1814 1814 1814 1778 1439 1191 933 1646 1370 933 933 1370 1778
1646 1370 281 1646 1778 1439 1629 741 1778 1439 1308 1308 1308 1814 1102 1102 781 1836 781 1102
1370 281 1646 1836 1836 1037 1037 1037 1814 1814 1814 1778 1439 1191 281 1646 1370 281 1646 1778
1439 288 288 288 1814 780 1726 781 1836 1836 1836 781 1102 1075 1075 1075 1075 699 765 373
1778 1439 1191 281 1646 1370 933 933 1646 1778 1439 1629 1778 1439 765 741 1308 1308 1102 1726
1646 933 1191 281 281 1191 1625 1646 281 281 1191 832 832 832 832 832 832 832 832 832
1191 281 1646 1974 281 1646 1836 1836 1037 1037 1037 1814 1814 1814 1814 1836 1836 1778 1439 1191
1102 1075 1075 1075 1075 699 291 373 70 1037 373 291 291 373 70 1037 373 373 70 373
15 15 15 15 15 15 15 15 781 1102 396 396 933 1191 281 281 1646 1625 1974 1726
1075 1075 699 288 933 70 699 1214 288 1625 70 288 699 373 933 70 373 1726 781 1814
939 939 939 699 765 373 70 699 373 805 288 373 70 699 373 933 70 373 1726 781
1037 1040 1040 1836 1836 1778 1439 1191 281 1646 1370 281 933 1370 1836 1836 1037 1037 1037 1814
832 832 15 832 1836 933 1191 281 781 1370 1625 1974 281 933 1974 832 832 832 832 832
1370 281 1646 1778 1439 1629 741 1778 1439 1308 1308 1308 1836 1102 1726 1814 781 781 1102 396
741 1778 1439 1308 1308 1308 1814 1102 1726 781 1836 781 1102 396 1102 396 396 699 765 1214
781 1836 1836 1836 832 832 832 832 832 832 832 832 832 832 1836 933 1191 281 781 1370
1214 70 1214 1726 781 1814 1814 780 781 1102 1075 1075 1075 1075 699 765 765 1214 1646 699
288 1814 780 1726 781 1836 781 1102 1075 1075 1102 1075 699 288 933 70 70 1214 288 288
1102 781 1836 781 1102 396 396 396 396 699 805 1214 70 70 1214 805 805 1214 70 699
1191 1214 1214 70 1214 1726 781 1814 1814 780 781 1102 1075 1075 1075 1075 699 765 765 1214
1191 933 1370 1370 933 1646 1836 1836 1037 1037 1037 1814 1814 1814 1778 1439 1191 933 1646 1370
1191 933 1646 1370 933 1646 1778 1439 1629 741 1778 1439 396 1308 1308 1308 1308 1308 1814 1102
1037 1037 1814 1814 1814 1778 1439 1191 281 1646 1370 281 1646 1778 1439 1629 741 1102 1439 1308
1836 1778 1439 1191 281 1646 1370 281 1646 1836 1836 1037 1037 1037 1814 1814 1814 1778 1439 1191
781 1974 1625 1974 281 933 1974 832 832 832 832 832 832 832 832 832 832 781 1102 396
1836 1836 1778 1439 1191 281 1370 1370 281 933 1370 1778 1439 1629 741 1778 1439 288 288 288
396 396 699 805 1214 70 70 1214 805 805 1214 70 699 1214 1214 70 1214 1726 781 1836
765 1308 1308 1308 741 1308 1308 1102 1726 781 1814 1836 1836 1836 832 832 832 832 832 832
1439 1191 281 1370 1370 281 933 1370 1778 1439 1629 741 1778 1439 288 288 288 780 1726 1814
1037 1037 1040 1040 1836 1836 1778 1439 1191 281 1646 1370 281 1646 1836 1836 1037 1037 1037 1814
1726 781 1836 1836 1836 1646 1836 832 832 832 832 832 832 832 832 832 933 1625 933 281
70 1037 373 291 291 373 70 1037 373 373 70 373 780 781 1814 780 781 1102 939 939
1974 933 933 1974 832 15 15 15 15 15 15 15 15 15 781 1102 396 396 933 1974
1836 1836 1836 1646 1836 832 832 832 832 832 832 832 832 832 933 1625 933 281 933 1814
1370 1370 933 1646 1836 1836 1836 741 741 1037 853 1037 853 1037 1814 1814 1814 1836 1836 1814
1814 780 781 1102 1075 1075 1075 1075 699 765 373 1646 699 373 765 1308 373 70 699 373
1370 933 1370 1836 1836 1037 1037 1037 1814 1814 1814 1778 1439 1191 933 1646 1370 933 933 1370
933 1191 933 853 1814 1308 288 1625 1974 281 933 1974 373 70 1625 288 699 1037 373 933
1037 1814 1814 1814 1778 1439 1191 281 1646 1370 281 1646 1778 1439 1629 741 1778 1439 288 288
288 288 288 1814 780 1726 781 781 1102 1075 1075 1075 1075 699 288 933 70 70 1214 288
1778 1439 1191 933 1646 1370 933 1646 1836 1836 1037 1037 1037 1814 1814 1814 1778 1439 1191 933
373 70 291 1037 373 373 70 373 780 781 1836 1836 1814 780 1102 1439 699 933 1646 1370
1040 1040 1040 1836 1836 1836 1778 1439 1191 933 1646 1370 933 1646 1836 1836 1037 853 1037 853
1646 1836 1836 1037 1037 1037 1814 1814 1814 1778 1439 1191 281 1646 1370 933 1646 1778 1439 1629
781 1102 1075 1075 1075 1075 699 765 288 933 70 699 1214 933 1191 933 1625 1814 1308 288
1778 1439 288 288 288 1814 780 1726 781 1836 1836 1814 780 1836 781 1102 1075 1075 1075 1075
1629 741 1778 1439 288 288 288 1814 780 1726 781 1836 781 1102 1075 1075 1102 1075 699 288
853 1037 1814 1814 1814 1836 1836 1814 1778 1439 1191 933 1370 1370 933 1646 1778 1439 1629 741
780 781 1102 1075 1075 1075 1075 699 765 765 1214 1646 699 373 765 765 1102 70 1308 765
288 288 1814 780 1726 781 1836 1836 1836 1646 1836 832 832 832 832 832 832 832 832 832
1075 699 288 933 70 699 373 288 1625 70 288 699 373 1214 70 373 1726 781 1814 780
933 1191 281 281 1646 1625 1974 1726 933 933 1974 396 699 765 805 1214 70 70 1214 805
1726 781 1836 1836 1836 832 832 832 832 832 832 832 832 832 832 1836 933 1191 281 781
1439 288 288 288 1814 780 1726 781 1836 1836 1814 780 1836 781 1102 1075 1075 1075 1075 699
1214 1214 70 1214 1726 781 1814 1814 780 781 1102 1075 1075 1075 1075 699 765 765 1214 1646
1836 1836 1778 1439 1191 933 1646 1370 933 1646 1836 1836 1037 853 1037 853 1037 1814 1814 1814
699 765 1214 1646 70 1214 805 1214 1646 805 699 1214 1214 1646 1214 1726 781 1814 780 781
1836 1836 1037 1037 1037 1814 1814 1814 1778 1439 1191 933 1646 1370 933 1646 1778 1439 1629 741
70 373 780 781 1814 780 781 1102 939 939 939 939 699 765 373 70 70 373 805 288
1370 1370 281 933 1370 1778 1439 1629 741 1778 1439 288 288 288 780 1726 1814 781 1037 781
1778 1439 1191 281 1646 1370 281 1646 1836 1836 1037 1037 1037 1814 1814 1814 1778 1439 1191 281
396 699 765 1214 70 70 1214 805 805 1214 1646 699 1214 1214 1646 1214 1726 781 1836 1836
1836 1037 1037 1037 1814 1814 1814 1778 1439 1191 281 1646 1370 933 933 1370 1778 1439 1629 741
1308 1308 1308 1814 1102 1726 781 1836 781 1102 396 1102 396 396 699 765 1214 1646 70 1214
1370 933 1646 1778 1439 1629 741 1778 1439 765 288 288 1814 780 1726 781 1836 781 1102 1075
1974 281 933 1974 832 832 832 832 832 832 832 832 832 832 781 1102 396 396 396 933
1191 933 1646 1370 933 1646 1778 1439 1629 741 1778 1439 765 288 288 1814 780 1726 781 1836
741 1308 1308 1814 1102 1726 781 1836 1836 1836 781 1102 396 396 396 396 699 765 1214 70
1191 933 853 1974 933 1974 1625 1974 933 853 281 1814 281 1974 1625 1646 933 933 1974 1814
1646 1836 1836 1037 1037 1037 1814 1814 1814 1778 1439 1191 933 1646 1370 933 1646 1778 1439 1629
1836 781 1102 396 396 396 396 699 805 1214 70 70 1214 805 1214 1191 805 70 1037 1214
1037 1037 1040 1040 1836 1836 1778 1439 1191 933 1646 1370 933 1646 1836 1836 1037 1037 1037 1814
1974 281 1646 1836 1836 1037 1037 1037 1814 1814 1814 1814 1836 1836 1778 1439 1191 281 1370 1370
1037 1037 1040 1040 1836 1836 1778 1439 1191 933 1646 1370 933 1370 1836 1836 1037 1037 1037 1814
1191 933 853 1974 933 1974 1625 1974 933 853 281 1814 281 1974 1625 1646 933 933 1974 1814
741 1778 1439 288 288 288 1814 780 1726 781 1836 1836 1814 780 1836 781 1102 1075 1075 1075
1037 1814 1814 1814 1778 1439 1191 933 1646 1370 933 1646 1778 1439 1629 741 1778 1439 1308 1308
933 281 1814 281 1974 1625 1646 933 933 1974 1814 780 933 1191 933 853 1814 1625 1814 933
933 853 1974 1625 1974 1102 933 281 1974 699 765 805 1214 70 70 1214 805 805 1214 70
1370 1370 933 1646 1778 1439 1629 741 1778 1439 288 288 288 1814 780 1726 781 1836 781 1102
1037 1037 1814 1814 1814 1778 1439 1191 281 1646 1370 281 933 1370 1778 1439 1629 1778 1439 765
939 939 939 939 699 765 373 70 699 373 805 288 373 70 699 373 373 70 373 1726
1646 1836 1836 1836 741 741 1037 853 1037 853 1037 1814 1814 1814 1814 1836 1836 1778 1439 1191
832 832 1836 281 1191 281 281 1814 1625 1974 933 933 1974 15 15 15 15 15 15 15
281 1646 1836 1836 1037 1037 1037 1814 1814 1814 1778 1439 1191 281 1646 1370 933 933 1370 1778
780 1726 781 1836 781 1102 1075 1075 1075 1075 699 291 373 70 1037 373 291 291 373 70
1778 1439 1629 741 1778 1439 1308 1308 1308 1814 1102 1726 781 1836 781 1102 396 396 396 396
781 1102 1075 1102 1075 1075 699 765 373 70 699 373 288 1308 1214 70 699 373 373 70
1191 933 1646 1370 933 1646 1836 1836 1037 1037 1037 1814 1814 1814 1778 1439 1191 933 1646 1370
1814 1778 1439 1191 933 1646 1370 933 1646 1778 1439 1629 741 1778 1439 396 1308 1308 1308 1308
1814 1814 1778 1439 1191 933 1646 1370 933 1646 1778 1439 1629 741 1778 1439 1308 1308 1308 1308
933 1974 832 832 832 832 832 832 832 832 832 832 781 1102 396 396 396 933 1974 933
1037 1037 1040 1040 1836 1836 1778 1439 1191 933 1370 1370 933 1646 1836 1836 1037 1037 1037 1814
1370 933 1646 1778 1439 1629 741 1778 1439 1308 1308 1308 1814 1102 1726 781 1836 781 1102 396
